

 Profile 202

MM-DD-YYYY HH:MM:SS    ,Sndm/s,TmpC,Heading,Pitch,Roll,magnHx,magnHy,magnHz,Beams,Cells,Beam1,Beam2,Beam3,Beam4,Beam5,Vel[0,0],Vel[1,0],Vel[2,0],Amp[0,0],Amp[1,0],Amp[2,0],Corr[0,0],Corr[1,0],Corr[2,0]

04-16-2013 09:30:15.875,1500.0000,16.4500,12.7000,0.3000,-0.8000,16345,39,49,3,1,1,2,4,0,0,4.75900,4.69500,4.69300,059,062,057,028,043,033
04-16-2013 09:30:16.875,1500.0000,16.4500,13.5000,0.3000,-0.4000,16480,-67,49,3,1,1,2,4,0,0,5.79700,0.11900,4.65900,060,063,060,038,048,035
04-16-2013 09:30:17.875,1500.0000,16.4500,13.5000,0.4000,-0.5000,16448,-36,81,3,1,1,2,4,0,0,5.80300,-1.05500,5.81000,059,063,058,027,043,034
04-16-2013 09:30:18.875,1500.0000,16.4500,13.1000,0.3000,-0.6000,16470,-26,53,3,1,1,2,4,0,0,5.83500,1.23800,4.75600,058,062,059,027,045,033
04-16-2013 09:30:19.875,1500.0000,16.4500,12.8000,0.3000,-0.8000,16439,33,57,3,1,1,2,4,0,0,-4.14500,3.50200,5.79200,057,062,057,027,045,032
04-16-2013 09:30:20.875,1500.0000,16.4600,12.4000,0.4000,-0.8000,16466,41,79,3,1,1,2,4,0,0,16.11200,1.26200,4.67700,058,062,059,026,046,027
04-16-2013 09:30:21.875,1500.0000,16.4500,13.5000,0.4000,-0.7000,16478,-6,75,3,1,1,2,4,0,0,4.73100,0.11100,4.72300,059,062,060,026,044,034
04-16-2013 09:30:22.875,1500.0000,16.4600,12.5000,0.3000,-0.7000,16460,15,67,3,1,1,2,4,0,0,5.76000,1.21300,4.69400,059,062,059,029,042,034
04-16-2013 09:30:23.875,1500.0000,16.4500,13.6000,0.3000,-0.6000,16460,-28,45,3,1,1,2,4,0,0,4.73400,0.12000,4.73200,059,062,057,021,042,028
04-16-2013 09:30:24.875,1500.0000,16.4600,13.1000,0.3000,-0.7000,16490,3,73,3,1,1,2,4,0,0,5.80600,1.21600,5.81000,059,062,060,031,044,032
04-16-2013 09:30:25.875,1500.0000,16.4600,12.6000,0.6000,-0.6000,16369,-18,153,3,1,1,2,4,0,0,5.84900,3.59800,5.86900,059,062,060,034,046,033
04-16-2013 09:30:26.875,1500.0000,16.4600,14.7000,0.9000,0.1000,16448,-244,217,3,1,1,2,4,0,0,6.93700,0.12000,4.72400,060,063,060,033,039,035
04-16-2013 09:30:27.875,1500.0000,16.4600,12.9000,0.3000,-0.8000,16421,23,45,3,1,1,2,4,0,0,4.71800,1.27800,5.78300,060,062,059,035,045,030
04-16-2013 09:30:28.875,1500.0000,16.4600,14.1000,0.6000,-0.2000,16643,-147,149,3,1,1,2,4,0,0,5.73800,0.10500,5.77300,056,062,056,017,046,022
04-16-2013 09:30:29.875,1500.0000,16.4600,13.6000,0.0000,-0.4000,16543,-89,-12,3,1,1,2,4,0,0,31.00000,0.07500,3.57100,057,062,059,015,042,028
04-16-2013 09:30:30.875,1500.0000,16.4700,9.8000,0.5000,-1.3000,16403,166,129,3,1,1,2,4,0,0,5.83600,0.06200,4.74600,057,061,059,030,041,028
04-16-2013 09:30:31.875,1500.0000,16.4700,4.5000,0.4000,-0.6000,16486,-16,88,3,1,1,2,4,0,0,-6.22700,1.22600,6.89400,058,061,057,017,045,025
04-16-2013 09:30:32.875,1500.0000,16.4700,2.7000,0.4000,-0.7000,16460,-6,88,3,1,1,2,4,0,0,4.70700,0.05000,4.73000,059,062,058,025,046,024
04-16-2013 09:30:33.875,1500.0000,16.4700,3.1000,0.2000,-0.3000,16523,-99,28,3,1,1,2,4,0,0,-4.15000,1.28700,4.71400,057,062,059,025,045,033
04-16-2013 09:30:34.875,1500.0000,16.4700,3.4000,-0.1000,-0.2000,16363,-147,-94,3,1,1,2,4,0,0,4.68300,0.10900,3.64100,059,062,059,022,046,029
04-16-2013 09:30:35.875,1500.0000,16.4700,0.3000,0.0000,-1.6000,16367,271,-66,3,1,1,2,4,0,0,3.54500,0.00800,1.24600,057,062,059,024,047,024
04-16-2013 09:30:36.875,1500.0000,16.4700,1.6000,0.0000,-0.9000,16470,49,-29,3,1,1,2,4,0,0,-4.16600,2.37800,0.10000,057,062,059,022,043,027
04-16-2013 09:30:37.875,1500.0000,16.4700,0.3000,-1.0000,-1.5000,16458,233,-341,3,1,1,2,4,0,0,4.70500,0.03800,4.68600,057,062,059,015,046,026
04-16-2013 09:30:38.875,1500.0000,16.4700,3.3000,-0.3000,0.0000,16389,-184,-127,3,1,1,2,4,0,0,3.51100,0.07800,5.78500,058,061,055,024,045,025
04-16-2013 09:30:39.875,1500.0000,16.4700,358.9000,-0.7000,-2.2000,16446,427,-267,3,1,1,2,4,0,0,5.81000,1.30400,1.25200,058,062,059,026,038,036
04-16-2013 09:30:40.875,1500.0000,16.4800,29.4000,8.9000,19.6000,16566,-6155,2739,3,1,1,2,4,0,0,5.84800,0.01500,4.78900,058,062,059,021,044,027
04-16-2013 09:30:41.875,1500.0000,16.4800,350.5000,-1.5000,-6.0000,16407,1534,-479,3,1,1,2,4,0,0,-4.22900,-0.02700,-4.26200,061,065,064,033,048,053
04-16-2013 09:30:42.875,1500.0000,16.4800,3.5000,1.0000,0.9000,16507,-492,271,3,1,1,2,4,0,0,4.70500,0.11000,4.73700,059,063,060,030,049,034
04-16-2013 09:30:43.875,1500.0000,16.4800,357.2000,-0.7000,-1.5000,16610,245,-255,3,1,1,2,4,0,0,4.74500,0.09300,0.14200,059,063,060,025,046,029
04-16-2013 09:30:44.875,1500.0000,16.4800,354.6000,-0.1000,-0.6000,16448,-34,-82,3,1,1,2,4,0,0,3.57200,0.10400,1.26500,059,063,060,032,053,030
04-16-2013 09:30:45.875,1500.0000,16.4800,352.3000,0.2000,-2.2000,16395,437,20,3,1,1,2,4,0,0,5.84700,5.82700,5.82500,067,068,066,071,065,069
04-16-2013 09:30:46.875,1500.0000,16.4800,354.5000,-1.2000,-1.9000,16456,362,-407,3,1,1,2,4,0,0,5.81200,5.82900,5.83000,073,072,073,077,070,076
04-16-2013 09:30:47.875,1500.0000,16.4800,355.9000,-0.7000,-1.2000,16519,158,-257,3,1,1,2,4,0,0,5.79700,4.67300,5.81100,067,073,065,071,067,062
04-16-2013 09:30:48.875,1500.0000,16.4800,355.9000,0.5000,0.0000,16515,-196,104,3,1,1,2,4,0,0,5.79600,5.78100,1.29100,065,071,061,062,060,040
04-16-2013 09:30:49.875,1500.0000,16.4800,359.3000,-0.8000,-0.2000,16492,-131,-277,3,1,1,2,4,0,0,5.77700,0.06300,1.27600,059,062,059,024,036,030
04-16-2013 09:30:50.875,1500.0000,16.4800,0.6000,-1.0000,0.7000,16541,-434,-341,3,1,1,2,4,0,0,6.94600,1.20400,1.24300,059,063,059,029,044,034
04-16-2013 09:30:51.875,1500.0000,16.4800,355.9000,-0.2000,-0.7000,16454,-4,-109,3,1,1,2,4,0,0,3.62300,0.09000,4.72700,059,062,060,026,047,034
04-16-2013 09:30:52.875,1500.0000,16.4800,359.6000,-1.1000,0.2000,16690,-282,-363,3,1,1,2,4,0,0,4.77600,0.08400,0.09000,058,062,059,026,044,029
04-16-2013 09:30:53.875,1500.0000,16.4900,1.3000,-0.2000,0.7000,16411,-407,-100,3,1,1,2,4,0,0,5.78400,0.08700,4.75700,059,063,060,025,048,033
04-16-2013 09:30:54.875,1500.0000,16.4900,2.3000,-0.2000,0.6000,14012,-345,-86,3,1,1,2,4,0,0,-4.12600,2.38500,-5.20200,058,063,057,037,038,024
04-16-2013 09:30:55.875,1500.0000,16.4900,356.1000,-1.3000,-1.9000,16472,342,-415,3,1,1,2,4,0,0,5.81100,0.03900,-4.14000,059,062,057,026,042,028
04-16-2013 09:30:56.875,1500.0000,16.4900,8.0000,-2.0000,3.4000,19605,-1315,-698,3,1,1,2,4,0,0,4.75500,0.05800,0.08600,059,063,059,023,044,032
04-16-2013 09:30:57.875,1500.0000,16.4900,4.6000,1.8000,1.1000,15378,-504,470,3,1,1,2,4,0,0,2.61170,0.11620,0.10000,059,062,060,029,044,034
04-16-2013 09:30:58.875,1500.0000,16.4800,2.9000,-0.5000,0.1000,16391,-238,-203,3,1,1,2,4,0,0,-4.09600,0.06000,3.60100,057,062,059,026,054,028
04-16-2013 09:30:59.875,1500.0000,16.4900,2.0000,-0.5000,-0.5000,16367,-36,-199,3,1,1,2,4,0,0,4.72200,0.09800,1.22800,059,062,060,029,039,034
04-16-2013 09:31:00.875,1500.0000,16.4900,1.6000,-0.4000,-0.7000,15881,9,-158,3,1,1,2,4,0,0,3.56100,0.08900,4.77700,059,063,060,024,043,034
04-16-2013 09:31:01.875,1500.0000,16.4900,5.0000,-0.4000,0.9000,16700,-480,-174,3,1,1,2,4,0,0,4.72200,0.02600,1.27900,058,063,059,027,044,031
04-16-2013 09:31:02.875,1500.0000,16.4900,3.7000,-1.0000,0.2000,16478,-272,-329,3,1,1,2,4,0,0,5.80000,0.09300,2.42100,059,063,060,032,045,030
04-16-2013 09:31:03.875,1500.0000,16.4900,3.8000,-1.3000,-0.1000,16480,-153,-413,3,1,1,2,4,0,0,3.57700,0.10400,0.03500,059,063,060,025,045,029
04-16-2013 09:31:04.875,1500.0000,16.4900,4.8000,0.7000,2.7000,17879,-1073,174,3,1,1,2,4,0,0,-4.15800,0.10800,0.14700,057,063,060,029,046,039
04-16-2013 09:31:05.875,1500.0000,16.5000,335.7000,-1.7000,-8.5000,15541,2129,-528,3,1,1,2,4,0,0,5.81900,1.18900,0.11700,058,063,060,026,052,027
04-16-2013 09:31:06.875,1500.0000,16.4900,1.0000,-1.5000,4.0000,16399,-1361,-476,3,1,1,2,4,0,0,-4.07800,1.20600,1.25200,059,063,060,028,043,031
04-16-2013 09:31:07.875,1500.0000,16.5000,10.9000,-2.1000,-2.0000,16054,370,-647,3,1,1,2,4,0,0,5.78600,0.08800,0.06900,058,063,060,019,052,028
04-16-2013 09:31:08.875,1500.0000,16.5000,26.0000,-2.1000,-1.0000,17288,88,-682,3,1,1,2,4,0,0,4.75900,0.09900,5.83500,059,062,059,032,049,029
04-16-2013 09:31:09.875,1500.0000,16.5000,9.8000,-0.4000,-7.3000,14753,1723,-158,3,1,1,2,4,0,0,5.82400,4.75800,1.28100,058,062,060,022,044,030
04-16-2013 09:31:10.875,1500.0000,16.5000,17.6000,-0.4000,-0.5000,17917,-54,-183,3,1,1,2,4,0,0,4.74600,0.09900,-5.25700,058,063,058,035,045,030
04-16-2013 09:31:11.875,1500.0000,16.5000,15.7000,-0.2000,0.4000,16379,-321,-121,3,1,1,2,4,0,0,-7.26900,0.05100,4.75400,059,063,059,020,044,028
04-16-2013 09:31:12.875,1500.0000,16.5000,15.8000,1.2000,2.4000,15748,-861,308,3,1,1,2,4,0,0,5.81800,0.11600,0.14500,059,063,060,031,050,032
04-16-2013 09:31:13.875,1500.0000,16.5000,7.8000,-1.5000,-1.2000,17154,146,-509,3,1,1,2,4,0,0,5.83000,1.20900,4.72100,059,062,060,025,050,036
04-16-2013 09:31:14.875,1500.0000,16.5000,9.9000,2.7000,1.7000,17999,-770,830,3,1,1,2,4,0,0,5.77700,0.10800,3.62800,057,062,061,030,043,031
04-16-2013 09:31:15.875,1500.0000,16.5000,6.2000,-0.4000,-0.7000,15952,13,-172,3,1,1,2,4,0,0,4.72400,4.74200,5.84500,059,062,059,030,046,028
04-16-2013 09:31:16.875,1500.0000,16.5000,6.8000,-0.9000,-0.3000,16423,-95,-314,3,1,1,2,4,0,0,5.86100,0.06200,4.71000,059,062,060,024,042,028
04-16-2013 09:31:17.875,1500.0000,16.5000,6.3000,-1.3000,-0.6000,16547,-28,-419,3,1,1,2,4,0,0,5.78200,0.09900,0.16200,057,062,060,024,045,031
04-16-2013 09:31:18.875,1500.0000,16.5000,14.9000,-3.3000,3.1000,16971,-1160,-1048,3,1,1,2,4,0,0,5.78400,2.42400,1.27000,059,062,061,026,042,031
04-16-2013 09:31:19.875,1500.0000,16.5000,12.1000,-2.9000,2.0000,16904,-809,-918,3,1,1,2,4,0,0,-5.26000,0.10800,6.90100,059,064,058,028,049,031
04-16-2013 09:31:20.875,1500.0000,16.5000,3.3000,-0.3000,-7.1000,15991,1796,-142,3,1,1,2,4,0,0,5.81700,0.09700,0.17200,058,062,059,033,042,027
04-16-2013 09:31:21.875,1500.0000,16.5000,7.2000,-0.6000,-20.2000,15266,5402,-228,3,1,1,2,4,0,0,4.79500,0.07800,0.08800,058,062,059,030,043,037
04-16-2013 09:31:22.875,1500.0000,16.5000,3.6000,-0.8000,-23.2000,15044,6233,-283,3,1,1,2,4,0,0,4.73600,1.21500,4.78600,059,062,059,026,039,031
04-16-2013 09:31:23.875,1500.0000,16.5000,0.0000,-1.1000,-25.0000,15217,6868,-388,3,1,1,2,4,0,0,6.95500,0.10100,4.74000,059,063,060,029,046,032
04-16-2013 09:31:24.875,1500.0000,16.5100,3.5000,-2.6000,-24.4000,15514,6811,-830,3,1,1,2,4,0,0,-4.07800,1.21100,1.29000,058,062,060,023,050,034
04-16-2013 09:31:25.875,1500.0000,16.5100,1.5000,-1.5000,-50.2000,10716,12543,-493,3,1,1,2,4,0,0,24.54000,0.03900,-10.90700,060,064,063,017,053,054
04-16-2013 09:31:26.875,1500.0000,16.5000,358.5000,-1.0000,-76.2000,4161,16106,-353,3,1,1,2,4,0,0,8.08600,0.11400,-5.25200,058,062,057,026,044,028
04-16-2013 09:31:27.875,1500.0000,16.5100,359.4000,-0.8000,-82.7000,2207,15812,-269,3,1,1,2,4,0,0,4.69300,0.10500,-5.22500,059,062,058,024,035,029
04-16-2013 09:31:28.875,1500.0000,16.5000,2.7000,-2.4000,-82.2000,2435,16344,-735,3,1,1,2,4,0,0,4.60600,0.12000,-5.18200,059,063,057,029,041,028
04-16-2013 09:31:29.875,1500.0000,16.5000,4.5000,-1.3000,-84.5000,1753,16090,-425,3,1,1,2,4,0,0,4.74600,0.09700,-4.07200,060,062,057,024,039,031
04-16-2013 09:31:30.875,1500.0000,16.5000,2.1000,1.6000,87.2000,-579,16098,-431,3,1,1,2,4,0,0,5.77400,0.06500,5.80100,060,062,057,027,042,032
04-16-2013 09:31:31.875,1500.0000,16.5100,358.1000,2.2000,86.9000,-670,16173,-596,3,1,1,2,4,0,0,-4.10500,4.74100,-4.09600,058,061,057,026,039,024
04-16-2013 09:31:32.875,1500.0000,16.5100,356.0000,1.2000,87.3000,-554,16809,-326,3,1,1,2,4,0,0,4.72400,0.08700,5.79700,059,062,057,024,046,021
04-16-2013 09:31:33.875,1500.0000,16.5100,359.7000,-1.0000,-88.5000,613,16288,-331,3,1,1,2,4,0,0,5.75900,0.08500,-5.18200,059,062,057,020,045,035
04-16-2013 09:31:34.875,1500.0000,16.5100,6.5000,-1.2000,-87.8000,815,16229,-380,3,1,1,2,4,0,0,4.69800,2.40800,5.79900,059,062,057,029,037,035
04-16-2013 09:31:35.875,1500.0000,16.5100,358.4000,1.9000,84.6000,-1356,16702,-522,3,1,1,2,4,0,0,3.49600,0.12000,-5.25700,060,062,057,022,044,029
04-16-2013 09:31:36.875,1500.0000,16.5100,2.7000,1.1000,82.1000,-2071,16593,-285,3,1,1,2,4,0,0,4.63700,0.08800,-4.08600,059,061,056,022,041,026
04-16-2013 09:31:37.875,1500.0000,16.5100,5.4000,-1.9000,-87.8000,835,16499,-608,3,1,1,2,4,0,0,3.46300,0.11600,-5.18500,059,061,057,021,046,025
04-16-2013 09:31:38.875,1500.0000,16.5100,0.0000,-1.8000,-88.1000,756,16682,-571,3,1,1,2,4,0,0,3.49700,1.19300,5.85700,059,062,056,021,044,019
04-16-2013 09:31:39.875,1500.0000,16.5100,2.6000,-1.2000,-82.8000,2250,16288,-396,3,1,1,2,4,0,0,1.20100,3.57600,-4.12200,060,062,056,027,040,020
04-16-2013 09:31:40.875,1500.0000,16.5200,1.1000,-0.6000,-81.8000,2523,16157,-224,3,1,1,2,4,0,0,-6.28400,0.08400,-4.06400,058,061,056,014,044,020
04-16-2013 09:31:41.875,1500.0000,16.5200,359.4000,1.1000,84.3000,-1464,17061,-310,3,1,1,2,4,0,0,4.61700,0.09400,8.00000,059,061,057,020,049,023
04-16-2013 09:31:42.875,1500.0000,16.5200,357.8000,1.8000,83.0000,-1774,16375,-499,3,1,1,2,4,0,0,5.75600,0.05900,4.72800,059,062,057,024,044,024
04-16-2013 09:31:43.875,1500.0000,16.5300,357.8000,2.0000,83.2000,-1760,16567,-544,3,1,1,2,4,0,0,5.78500,0.05900,-31.00000,057,062,057,024,050,022
04-16-2013 09:31:44.875,1500.0000,16.5200,359.1000,0.9000,84.1000,-1521,16817,-242,3,1,1,2,4,0,0,-5.20300,0.06700,5.87200,059,063,058,030,042,031
04-16-2013 09:31:45.875,1500.0000,16.5300,0.0000,-2.0000,-71.0000,5660,15844,-645,3,1,1,2,4,0,0,5.78400,1.21500,5.81800,060,063,058,036,046,029
04-16-2013 09:31:46.875,1500.0000,16.5300,2.1000,-1.3000,-44.6000,11830,11397,-439,3,1,1,2,4,0,0,4.62600,1.24500,5.85200,060,063,058,034,049,032
04-16-2013 09:31:47.875,1500.0000,16.5300,5.4000,-1.2000,-31.5000,14004,8342,-396,3,1,1,2,4,0,0,4.70200,0.10600,5.80400,060,063,058,032,049,027
04-16-2013 09:31:48.875,1500.0000,16.5300,5.6000,-1.9000,-26.2000,15005,7160,-592,3,1,1,2,4,0,0,4.66300,1.18700,-4.09600,060,063,059,027,049,033
04-16-2013 09:31:49.875,1500.0000,16.5300,7.5000,-1.0000,-26.1000,14698,6987,-337,3,1,1,2,4,0,0,4.67500,0.12100,6.97500,060,063,057,030,045,026
04-16-2013 09:31:50.875,1500.0000,16.5300,8.2000,-1.5000,-25.6000,14926,6951,-479,3,1,1,2,4,0,0,6.94000,1.27900,-4.11700,060,063,057,028,042,029
04-16-2013 09:31:51.875,1500.0000,16.5300,8.2000,-1.4000,-25.7000,14952,6983,-450,3,1,1,2,4,0,0,3.59500,0.07600,4.81100,059,063,059,024,047,026
04-16-2013 09:31:52.875,1500.0000,16.5300,7.8000,-1.2000,-25.7000,14883,6957,-400,3,1,1,2,4,0,0,4.71000,1.23700,5.85800,059,062,058,027,046,025
04-16-2013 09:31:53.875,1500.0000,16.5400,18.2000,-1.3000,-20.4000,15386,5523,-425,3,1,1,2,4,0,0,-5.13800,0.11500,-4.12600,057,062,057,028,045,025
04-16-2013 09:31:54.875,1500.0000,16.5400,356.6000,-0.9000,-30.8000,14220,8255,-302,3,1,1,2,4,0,0,-5.15800,0.03600,-6.38700,058,063,057,029,042,024
04-16-2013 09:31:55.875,1500.0000,16.5400,9.0000,-0.8000,-24.4000,14869,6533,-279,3,1,1,2,4,0,0,-4.11000,0.08300,-5.22700,059,062,057,025,043,031
04-16-2013 09:31:56.875,1500.0000,16.5400,3.3000,-0.8000,-27.2000,13990,6979,-255,3,1,1,2,4,0,0,-4.04800,1.24500,4.68700,059,063,059,031,046,028
04-16-2013 09:31:57.875,1500.0000,16.5400,6.5000,-0.4000,-25.3000,14710,6735,-172,3,1,1,2,4,0,0,4.73200,1.20300,-5.16200,058,063,059,028,048,031
04-16-2013 09:31:58.875,1500.0000,16.5400,4.1000,-0.2000,-26.1000,15101,7162,-103,3,1,1,2,4,0,0,5.82500,4.74900,5.87400,059,063,057,030,043,029
04-16-2013 09:31:59.875,1500.0000,16.5400,2.4000,-0.9000,-26.9000,14450,7122,-304,3,1,1,2,4,0,0,4.65300,1.21300,-4.09200,059,062,057,026,043,028
04-16-2013 09:32:00.875,1500.0000,16.5400,2.1000,-1.1000,-27.2000,14794,7372,-378,3,1,1,2,4,0,0,4.73600,0.08600,5.86500,059,062,058,027,041,027
04-16-2013 09:32:01.875,1500.0000,16.5400,10.9000,-0.4000,-31.5000,13584,8108,-164,3,1,1,2,4,0,0,5.82000,1.22800,5.86000,058,063,058,024,046,027
04-16-2013 09:32:02.875,1500.0000,16.5500,357.9000,-1.7000,-75.6000,4269,15888,-538,3,1,1,2,4,0,0,-5.18100,0.07600,-31.00000,059,063,057,022,042,026
04-16-2013 09:32:03.875,1500.0000,16.5500,2.0000,-1.2000,-85.8000,1411,16640,-417,3,1,1,2,4,0,0,-3.00860,0.08810,-3.05820,059,062,058,022,044,027
04-16-2013 09:32:04.875,1500.0000,16.5500,0.2000,-1.3000,-86.7000,1132,16324,-435,3,1,1,2,4,0,0,-0.92900,1.20300,5.82000,060,062,057,019,040,028
04-16-2013 09:32:05.875,1500.0000,16.5500,0.8000,-1.3000,-86.4000,1226,16354,-413,3,1,1,2,4,0,0,4.69000,0.05900,5.83800,060,063,057,027,043,032
04-16-2013 09:32:06.875,1500.0000,16.5500,2.0000,-1.5000,-85.7000,1423,16470,-495,3,1,1,2,4,0,0,3.48200,0.09200,5.85200,059,062,056,018,045,020
04-16-2013 09:32:07.875,1500.0000,16.5500,1.7000,-0.8000,-86.0000,1317,15963,-275,3,1,1,2,4,0,0,-5.19300,0.11400,4.74300,059,063,057,028,043,029
04-16-2013 09:32:08.875,1500.0000,16.5500,1.4000,-0.8000,-60.3000,8088,13777,-273,3,1,1,2,4,0,0,-4.10300,1.26300,5.84200,059,063,058,024,041,031
04-16-2013 09:32:09.875,1500.0000,16.5500,10.8000,-1.9000,-28.5000,14645,7733,-618,3,1,1,2,4,0,0,0.06870,0.03340,0.03690,061,065,064,034,056,061
04-16-2013 09:32:10.875,1500.0000,16.5500,24.2000,-1.2000,-2.7000,16503,570,-409,3,1,1,2,4,0,0,6.96000,0.07600,5.79900,060,062,059,019,042,028
04-16-2013 09:32:11.875,1500.0000,16.5500,16.4000,-1.7000,-7.6000,16389,2002,-542,3,1,1,2,4,0,0,5.75800,0.10800,6.83200,059,063,059,023,041,018
04-16-2013 09:32:12.875,1500.0000,16.5500,12.8000,-0.3000,-1.4000,16460,221,-148,3,1,1,2,4,0,0,5.77100,0.10200,-4.14200,059,062,060,029,044,029
04-16-2013 09:32:13.875,1500.0000,16.5500,353.6000,-0.4000,28.6000,13977,-7881,-154,3,1,1,2,4,0,0,6.94500,0.05700,0.09700,060,062,059,023,049,024
04-16-2013 09:32:14.875,1500.0000,16.5500,345.7000,-1.1000,55.3000,8825,-13114,-349,3,1,1,2,4,0,0,-4.19700,0.07700,0.12700,059,062,060,022,039,024
04-16-2013 09:32:15.875,1500.0000,16.5500,339.0000,-1.4000,70.8000,4902,-14690,-425,3,1,1,2,4,0,0,4.70700,5.85900,-4.15000,060,062,057,020,032,023
04-16-2013 09:32:16.875,1500.0000,16.5600,343.4000,-1.0000,84.8000,1185,-15272,-312,3,1,1,2,4,0,0,-5.09800,4.77700,5.89000,060,060,058,032,033,022
04-16-2013 09:32:17.875,1500.0000,16.5600,332.4000,-4.4000,86.4000,764,-15672,-1268,3,1,1,2,4,0,0,0.14300,5.83100,-5.29000,060,059,060,026,027,025
04-16-2013 09:32:18.875,1500.0000,16.5600,339.4000,-1.0000,87.9000,371,-16111,-320,3,1,1,2,4,0,0,3.58100,-4.08900,-5.23600,059,059,057,019,033,027
04-16-2013 09:32:19.875,1500.0000,16.5600,344.6000,1.6000,89.7000,-143,-16230,-417,3,1,1,2,4,0,0,8.94500,-5.18300,8.05300,059,060,059,021,034,024
04-16-2013 09:32:20.875,1500.0000,16.5600,16.6000,1.6000,-89.7000,-275,-16252,-439,3,1,1,2,4,0,0,4.65400,-4.15300,5.81000,059,060,058,023,033,028
04-16-2013 09:32:21.875,1500.0000,16.5600,344.8000,1.6000,89.8000,-172,-16232,-429,3,1,1,2,4,0,0,4.68000,-4.13800,5.90300,061,059,057,026,033,027
04-16-2013 09:32:22.875,1500.0000,16.5600,344.5000,1.6000,89.8000,-172,-16240,-425,3,1,1,2,4,0,0,-5.16700,-4.11500,5.83400,059,059,058,021,031,031
04-16-2013 09:32:23.875,1500.0000,16.5600,16.8000,1.6000,-89.9000,-227,-16265,-425,3,1,1,2,4,0,0,5.77400,-5.19100,-5.25900,060,059,060,026,034,032
04-16-2013 09:32:24.875,1500.0000,16.5600,344.6000,1.6000,89.8000,-176,-16267,-419,3,1,1,2,4,0,0,1.26700,-5.25000,-0.96400,061,059,060,026,035,031
04-16-2013 09:32:25.875,1500.0000,16.5600,345.2000,1.5000,89.8000,-151,-16222,-409,3,1,1,2,4,0,0,5.79200,4.74100,0.10500,060,060,060,026,033,032
04-16-2013 09:32:26.875,1500.0000,16.5600,345.6000,1.7000,89.9000,-196,-16226,-448,3,1,1,2,4,0,0,-5.19200,-5.20000,5.84100,060,060,058,026,029,032
04-16-2013 09:32:27.875,1500.0000,16.5600,345.9000,1.6000,89.8000,-166,-16244,-442,3,1,1,2,4,0,0,-5.11500,5.84200,-5.18600,061,060,059,023,038,026
04-16-2013 09:32:28.875,1500.0000,16.5600,344.9000,1.6000,89.9000,-188,-16254,-427,3,1,1,2,4,0,0,4.63000,-4.16600,-4.06100,060,060,057,022,037,027
04-16-2013 09:32:29.875,1500.0000,16.5700,345.0000,1.7000,89.8000,-176,-16232,-448,3,1,1,2,4,0,0,8.02900,5.85400,5.83400,059,060,058,022,034,031
04-16-2013 09:32:30.875,1500.0000,16.5600,345.9000,1.7000,89.8000,-174,-16252,-466,3,1,1,2,4,0,0,3.59400,5.81500,-4.02900,060,059,059,026,036,031
04-16-2013 09:32:31.875,1500.0000,16.5600,347.8000,1.7000,89.9000,-194,-16148,-448,3,1,1,2,4,0,0,-5.16500,5.86100,-1.28400,060,059,066,033,030,064
04-16-2013 09:32:32.875,1500.0000,16.5600,343.7000,1.8000,89.8000,-153,-16357,-503,3,1,1,2,4,0,0,-4.08300,5.86100,0.17500,060,059,059,030,041,025
04-16-2013 09:32:33.875,1500.0000,16.5600,17.0000,1.4000,-89.9000,-206,-16180,-374,3,1,1,2,4,0,0,-4.03700,5.84300,-5.15200,060,059,058,025,034,027
04-16-2013 09:32:34.875,1500.0000,16.5600,17.3000,1.7000,-89.8000,-241,-16279,-460,3,1,1,2,4,0,0,2.53000,-4.12000,4.76500,061,059,057,020,034,026
04-16-2013 09:32:35.875,1500.0000,16.5600,344.3000,1.6000,89.8000,-157,-16244,-427,3,1,1,2,4,0,0,2.48400,5.83400,31.00000,060,059,057,022,032,024
04-16-2013 09:32:36.875,1500.0000,16.5600,17.0000,1.4000,-89.9000,-221,-16206,-370,3,1,1,2,4,0,0,-4.02500,-4.05300,0.06300,060,059,059,029,039,026
04-16-2013 09:32:37.875,1500.0000,16.5600,344.5000,1.6000,89.9000,-192,-16273,-431,3,1,1,2,4,0,0,-5.18900,5.83600,5.82100,060,059,057,032,037,030
04-16-2013 09:32:38.875,1500.0000,16.5600,17.1000,1.4000,-89.9000,-208,-16218,-364,3,1,1,2,4,0,0,3.55000,5.86000,5.89500,060,060,057,024,034,025
04-16-2013 09:32:39.875,1500.0000,16.5700,17.3000,1.7000,-89.9000,-206,-16269,-454,3,1,1,2,4,0,0,-5.19300,5.89100,-5.14800,060,060,057,024,037,025
04-16-2013 09:32:40.875,1500.0000,16.5700,344.3000,1.6000,89.8000,-176,-16240,-429,3,1,1,2,4,0,0,7.00400,5.83400,-5.21000,060,059,058,017,035,027
04-16-2013 09:32:41.875,1500.0000,16.5600,17.3000,1.6000,-89.9000,-233,-16240,-419,3,1,1,2,4,0,0,-7.35800,5.86000,0.09500,059,060,060,024,031,029
04-16-2013 09:32:42.875,1500.0000,16.5600,344.3000,1.5000,89.8000,-164,-16248,-407,3,1,1,2,4,0,0,5.80700,5.86200,-0.93800,060,059,059,023,041,023
04-16-2013 09:32:43.875,1500.0000,16.5600,16.8000,1.2000,-89.7000,-269,-16121,-324,3,1,1,2,4,0,0,9.01100,5.84300,-4.18300,059,059,061,025,032,033
04-16-2013 09:32:44.875,1500.0000,16.5700,344.2000,1.4000,89.8000,-172,-16333,-380,3,1,1,2,4,0,0,-6.18900,-4.09900,-4.06100,060,059,057,026,035,029
04-16-2013 09:32:45.875,1500.0000,16.5600,344.4000,1.6000,89.9000,-202,-16293,-440,3,1,1,2,4,0,0,4.70700,5.88200,-5.17200,061,060,058,028,035,030
04-16-2013 09:32:46.875,1500.0000,16.5600,16.5000,1.2000,-89.9000,-208,-16065,-312,3,1,1,2,4,0,0,-5.15700,5.82100,5.79900,059,059,058,022,032,029
04-16-2013 09:32:47.875,1500.0000,16.5600,343.8000,1.7000,89.6000,-113,-16333,-460,3,1,1,2,4,0,0,-5.11700,5.86000,0.13300,059,059,062,026,037,038
04-16-2013 09:32:48.875,1500.0000,16.5600,17.0000,1.7000,-89.7000,-265,-16317,-450,3,1,1,2,4,0,0,-4.03500,-5.19400,0.11200,059,059,060,024,029,034
04-16-2013 09:32:49.875,1500.0000,16.5600,344.3000,1.6000,89.9000,-190,-16210,-417,3,1,1,2,4,0,0,-5.16300,8.09000,0.09000,060,059,060,021,030,035
04-16-2013 09:32:50.875,1500.0000,16.5600,344.4000,1.5000,89.9000,-192,-16248,-409,3,1,1,2,4,0,0,2.47500,5.82300,-1.02500,060,059,060,033,032,022
04-16-2013 09:32:51.875,1500.0000,16.5600,344.3000,1.7000,89.8000,-174,-16246,-454,3,1,1,2,4,0,0,-4.06500,5.86800,-5.22300,060,059,059,024,037,029
04-16-2013 09:32:52.875,1500.0000,16.5600,344.3000,1.5000,89.9000,-200,-16238,-409,3,1,1,2,4,0,0,4.62900,5.87000,-4.10500,060,059,057,020,024,029
04-16-2013 09:32:53.875,1500.0000,16.5600,17.7000,1.6000,-89.9000,-225,-16503,-429,3,1,1,2,4,0,0,0.10300,-6.38100,-1.04500,061,061,065,032,037,066
04-16-2013 09:32:54.875,1500.0000,16.5700,16.8000,1.1000,-89.8000,-255,-16073,-298,3,1,1,2,4,0,0,-4.06000,-5.17800,-1.03800,059,059,061,025,033,032
04-16-2013 09:32:55.875,1500.0000,16.5700,16.9000,1.3000,-89.7000,-267,-16204,-333,3,1,1,2,4,0,0,0.16500,6.94700,-0.97400,061,060,061,028,034,034
04-16-2013 09:32:56.875,1500.0000,16.5600,344.8000,1.7000,89.9000,-204,-16347,-472,3,1,1,2,4,0,0,1.30300,5.84800,0.11900,060,059,061,022,035,042
04-16-2013 09:32:57.875,1500.0000,16.5600,16.9000,1.2000,-89.7000,-271,-16131,-326,3,1,1,2,4,0,0,3.55600,4.78400,-2.07500,060,058,061,026,034,035
04-16-2013 09:32:58.875,1500.0000,16.5600,344.2000,1.4000,89.8000,-172,-16198,-363,3,1,1,2,4,0,0,2.43000,5.86500,-5.16500,060,060,058,024,032,030
04-16-2013 09:32:59.875,1500.0000,16.5700,344.1000,1.8000,89.7000,-147,-16309,-474,3,1,1,2,4,0,0,-5.17900,5.84900,0.09200,059,060,061,023,036,031
04-16-2013 09:33:00.875,1500.0000,16.5700,344.6000,1.4000,89.9000,-194,-16146,-361,3,1,1,2,4,0,0,1.31400,5.84600,5.84200,060,059,058,025,034,028
04-16-2013 09:33:01.875,1500.0000,16.5600,17.1000,1.4000,-89.9000,-223,-16234,-384,3,1,1,2,4,0,0,0.16600,5.86800,0.04500,061,059,060,020,037,034
04-16-2013 09:33:02.875,1500.0000,16.5700,344.6000,1.6000,89.8000,-172,-16309,-435,3,1,1,2,4,0,0,6.93700,-4.07200,5.82800,061,061,059,034,047,038
04-16-2013 09:33:03.875,1500.0000,16.5700,344.2000,1.5000,89.9000,-182,-16244,-392,3,1,1,2,4,0,0,-5.12700,-5.18200,-4.08400,062,062,060,042,052,041
04-16-2013 09:33:04.875,1500.0000,16.5700,344.0000,1.5000,89.8000,-155,-16291,-411,3,1,1,2,4,0,0,-4.03300,5.87800,6.97300,064,062,062,051,049,045
04-16-2013 09:33:05.875,1500.0000,16.5700,344.3000,1.5000,89.9000,-196,-16218,-398,3,1,1,2,4,0,0,5.84900,5.83900,-4.04000,064,064,062,044,053,046
04-16-2013 09:33:06.875,1500.0000,16.5700,17.3000,1.6000,-89.9000,-210,-16299,-442,3,1,1,2,4,0,0,6.95400,5.86500,5.86100,064,063,062,042,053,044
04-16-2013 09:33:07.875,1500.0000,16.5700,343.9000,1.4000,89.8000,-149,-16194,-386,3,1,1,2,4,0,0,-5.14200,5.88100,-4.08600,065,064,063,054,061,049
04-16-2013 09:33:08.875,1500.0000,16.5700,344.8000,1.7000,89.9000,-202,-16275,-452,3,1,1,2,4,0,0,5.83300,-4.08100,5.88700,064,064,062,045,059,051
04-16-2013 09:33:09.875,1500.0000,16.5700,343.9000,1.4000,89.8000,-164,-16248,-376,3,1,1,2,4,0,0,5.86900,5.86800,5.85200,067,065,064,063,069,059
04-16-2013 09:33:10.875,1500.0000,16.5700,343.7000,1.5000,89.9000,-186,-16238,-413,3,1,1,2,4,0,0,-4.08200,-5.15900,5.86800,069,067,066,062,062,058
04-16-2013 09:33:11.875,1500.0000,16.5700,344.2000,1.4000,89.9000,-180,-16206,-378,3,1,1,2,4,0,0,5.89900,5.87500,5.87900,069,068,070,065,068,068
04-16-2013 09:33:12.875,1500.0000,16.5700,344.2000,1.4000,89.8000,-172,-16180,-380,3,1,1,2,4,0,0,5.88600,5.85700,5.88300,070,068,072,067,067,071
04-16-2013 09:33:13.875,1500.0000,16.5700,16.9000,1.4000,-89.9000,-206,-16271,-363,3,1,1,2,4,0,0,5.89100,-4.06500,5.88300,069,068,072,064,065,071
04-16-2013 09:33:14.875,1500.0000,16.5700,344.8000,1.6000,89.8000,-176,-16265,-425,3,1,1,2,4,0,0,-4.06900,5.86100,5.86300,068,067,066,064,063,063
04-16-2013 09:33:15.875,1500.0000,16.5700,342.2000,1.6000,89.9000,-178,-16212,-439,3,1,1,2,4,0,0,5.86600,5.85700,5.87900,068,067,066,067,066,062
04-16-2013 09:33:16.875,1500.0000,16.5700,342.9000,1.5000,89.8000,-176,-16261,-390,3,1,1,2,4,0,0,5.87400,5.88700,5.89700,068,068,066,064,068,062
04-16-2013 09:33:17.875,1500.0000,16.5700,342.2000,1.4000,89.8000,-159,-16190,-384,3,1,1,2,4,0,0,-4.08000,5.85600,5.86700,067,066,065,057,064,053
04-16-2013 09:33:18.875,1500.0000,16.5800,17.3000,1.6000,-89.9000,-212,-16244,-437,3,1,1,2,4,0,0,5.87300,5.86300,5.86600,076,064,072,075,063,072
04-16-2013 09:33:19.875,1500.0000,16.5800,17.2000,1.4000,-89.8000,-243,-16148,-359,3,1,1,2,4,0,0,5.86600,5.86800,5.85800,071,065,070,076,065,074
04-16-2013 09:33:20.875,1500.0000,16.5800,342.2000,1.5000,89.9000,-200,-16244,-401,3,1,1,2,4,0,0,3.73300,-4.09300,-4.11800,061,059,059,028,036,031
04-16-2013 09:33:21.875,1500.0000,16.5800,311.7000,1.4000,-89.9000,-212,-16230,-364,3,1,1,2,4,0,0,3.61900,-4.05300,0.11000,061,060,061,030,037,032
04-16-2013 09:33:22.875,1500.0000,16.5800,331.0000,1.4000,-89.7000,-288,-16208,-372,3,1,1,2,4,0,0,3.56300,5.85600,0.13200,060,059,060,029,038,034
04-16-2013 09:33:23.875,1500.0000,16.5800,22.6000,1.5000,89.8000,-166,-16200,-390,3,1,1,2,4,0,0,5.81900,4.77500,-5.23300,059,059,059,032,033,025
04-16-2013 09:33:24.875,1500.0000,16.5800,16.2000,1.5000,89.7000,-125,-16192,-400,3,1,1,2,4,0,0,1.42100,5.89300,-0.21600,061,060,072,019,039,057
04-16-2013 09:33:25.875,1500.0000,16.5800,316.8000,1.6000,89.9000,-182,-16319,-440,3,1,1,2,4,0,0,-5.16900,9.14600,-0.07700,060,060,071,032,036,077
04-16-2013 09:33:26.875,1500.0000,16.5800,29.3000,1.6000,-89.9000,-210,-16156,-421,3,1,1,2,4,0,0,-5.12900,5.88700,0.06000,060,060,064,021,040,054
04-16-2013 09:33:27.875,1500.0000,16.5800,331.9000,1.4000,89.8000,-172,-16144,-359,3,1,1,2,4,0,0,2.48300,-5.18300,-0.10900,061,060,065,029,037,034
04-16-2013 09:33:28.875,1500.0000,16.5800,352.7000,1.7000,-89.9000,-210,-16273,-448,3,1,1,2,4,0,0,3.51500,5.86200,5.81200,060,059,058,025,034,031
04-16-2013 09:33:29.875,1500.0000,16.5800,351.1000,1.4000,-89.9000,-210,-16273,-386,3,1,1,2,4,0,0,1.31800,5.87400,0.09900,060,060,061,022,037,038
04-16-2013 09:33:30.875,1500.0000,16.5900,351.6000,1.4000,-89.9000,-210,-16287,-376,3,1,1,2,4,0,0,5.79600,6.97800,0.09400,061,060,061,030,031,029
04-16-2013 09:33:31.875,1500.0000,16.5800,336.6000,1.5000,89.9000,-194,-16232,-405,3,1,1,2,4,0,0,-4.00800,5.84800,0.11400,060,059,061,031,032,032
04-16-2013 09:33:32.875,1500.0000,16.5900,337.2000,1.3000,89.8000,-161,-16194,-353,3,1,1,2,4,0,0,3.66100,5.85900,0.08100,062,059,061,023,028,027
04-16-2013 09:33:33.875,1500.0000,16.5900,23.9000,1.8000,-89.9000,-210,-16371,-493,3,1,1,2,4,0,0,5.78500,14.85100,1.22400,059,059,061,028,033,033
04-16-2013 09:33:34.875,1500.0000,16.5900,339.4000,1.5000,89.9000,-192,-16218,-401,3,1,1,2,4,0,0,5.84700,5.90000,5.90700,061,059,058,028,033,029
04-16-2013 09:33:35.875,1500.0000,16.5900,26.9000,1.4000,-89.8000,-255,-16263,-374,3,1,1,2,4,0,0,2.45700,-4.09900,0.07800,060,059,062,025,037,038
04-16-2013 09:33:36.875,1500.0000,16.5900,16.6000,1.4000,-89.9000,-214,-16168,-384,3,1,1,2,4,0,0,4.71400,-4.11500,0.07800,059,060,061,023,032,035
04-16-2013 09:33:37.875,1500.0000,16.5900,344.1000,1.5000,89.7000,-137,-16254,-409,3,1,1,2,4,0,0,0.10200,-5.29700,-0.00200,061,062,066,024,025,063
04-16-2013 09:33:38.875,1500.0000,16.5900,344.5000,1.7000,89.9000,-200,-16242,-464,3,1,1,2,4,0,0,4.74800,5.82300,1.26400,060,060,061,025,040,035
04-16-2013 09:33:39.875,1500.0000,16.5900,17.1000,1.4000,-89.9000,-227,-16234,-376,3,1,1,2,4,0,0,-5.14300,6.97600,0.09200,060,060,060,032,031,032
04-16-2013 09:33:40.875,1500.0000,16.6000,344.2000,1.6000,89.9000,-188,-16273,-444,3,1,1,2,4,0,0,2.54600,7.01600,0.13200,060,059,060,027,040,027
04-16-2013 09:33:41.875,1500.0000,16.6000,17.1000,1.4000,-89.8000,-233,-15990,-370,3,1,1,2,4,0,0,2.50700,6.97800,1.22800,061,060,062,024,035,037
04-16-2013 09:33:42.875,1500.0000,16.5900,343.6000,1.7000,89.4000,-56,-16303,-456,3,1,1,2,4,0,0,4.74900,-4.06700,-1.01200,060,060,061,032,032,033
04-16-2013 09:33:43.875,1500.0000,16.6000,17.9000,1.7000,-89.8000,-237,-16250,-448,3,1,1,2,4,0,0,2.39100,5.84100,0.10200,060,060,061,021,038,034
04-16-2013 09:33:44.875,1500.0000,16.6000,17.7000,1.2000,-89.9000,-225,-16125,-310,3,1,1,2,4,0,0,5.85400,5.86200,0.04100,059,060,062,018,036,041
04-16-2013 09:33:45.875,1500.0000,16.6000,16.8000,1.2000,-89.5000,-345,-16281,-329,3,1,1,2,4,0,0,5.81400,7.02300,0.07100,059,060,060,034,032,038
04-16-2013 09:33:46.875,1500.0000,16.6000,343.3000,2.2000,89.8000,-155,-16113,-600,3,1,1,2,4,0,0,4.74800,-4.07600,5.86900,060,060,057,028,043,026
04-16-2013 09:33:47.875,1500.0000,16.6000,15.3000,1.0000,-88.7000,-569,-16267,-257,3,1,1,2,4,0,0,1.37500,9.11500,0.10300,060,060,060,026,037,037
04-16-2013 09:33:48.875,1500.0000,16.6000,17.0000,1.7000,-89.4000,-371,-16232,-464,3,1,1,2,4,0,0,2.41100,5.86000,0.06300,061,059,061,023,035,031
04-16-2013 09:33:49.875,1500.0000,16.6000,343.7000,1.9000,89.6000,-100,-16424,-532,3,1,1,2,4,0,0,2.51000,5.89100,0.03500,061,058,061,022,032,034
04-16-2013 09:33:50.875,1500.0000,16.6000,343.7000,1.4000,89.5000,-80,-15809,-359,3,1,1,2,4,0,0,2.43400,-4.05500,-1.00800,060,058,061,027,033,035
04-16-2013 09:33:51.875,1500.0000,16.6000,345.2000,1.5000,89.7000,-127,-16279,-403,3,1,1,2,4,0,0,4.80000,-4.07600,0.02300,061,060,060,023,038,038
04-16-2013 09:33:52.875,1500.0000,16.6000,343.8000,-0.8000,89.2000,6,-16254,-285,3,1,1,2,4,0,0,2.48700,-5.14800,0.03500,061,059,060,025,037,029
04-16-2013 09:33:53.875,1500.0000,16.6000,343.1000,-0.6000,89.0000,55,-16277,-226,3,1,1,2,4,0,0,2.43900,5.88500,0.06300,059,059,060,022,035,037
04-16-2013 09:33:54.875,1500.0000,16.6000,344.4000,0.8000,89.3000,-33,-15928,-199,3,1,1,2,4,0,0,-5.17400,5.84700,0.06200,059,059,060,022,033,038
04-16-2013 09:33:55.875,1500.0000,16.6000,340.6000,-0.4000,88.3000,271,-16208,-168,3,1,1,2,4,0,0,4.71700,4.78200,0.07300,060,060,060,031,040,035
04-16-2013 09:33:56.875,1500.0000,16.6100,342.6000,0.0000,89.2000,15,-16267,-43,3,1,1,2,4,0,0,1.28300,-4.05900,0.10700,062,059,061,023,033,033
04-16-2013 09:33:57.875,1500.0000,16.6000,4.2000,-0.2000,88.4000,234,-16168,-117,3,1,1,2,4,0,0,4.79500,5.88100,0.12000,063,059,062,038,031,038
04-16-2013 09:33:58.875,1500.0000,16.6100,6.3000,0.0000,88.6000,175,-16339,-65,3,1,1,2,4,0,0,6.97900,-4.11000,0.02900,061,059,061,036,039,029
04-16-2013 09:33:59.875,1500.0000,16.6000,7.2000,-0.4000,89.0000,74,-16408,-164,3,1,1,2,4,0,0,4.70600,5.93700,-1.08000,060,060,061,025,037,028
04-16-2013 09:34:00.875,1500.0000,16.6000,346.8000,1.8000,-89.4000,-349,-15488,-466,3,1,1,2,4,0,0,4.74700,-4.03800,0.13800,063,059,061,031,033,039
04-16-2013 09:34:01.875,1500.0000,16.6000,7.8000,-0.2000,87.9000,373,-16363,-105,3,1,1,2,4,0,0,-5.17000,5.89800,0.08400,061,059,061,030,029,035
04-16-2013 09:34:02.875,1500.0000,16.6000,7.4000,-3.4000,89.5000,-72,-14732,918,3,1,1,2,4,0,0,3.61300,5.91000,0.09900,060,059,061,023,037,039
04-16-2013 09:34:03.875,1500.0000,16.6000,11.6000,-0.2000,88.6000,180,-16242,-111,3,1,1,2,4,0,0,5.90500,-5.13700,0.14100,062,059,061,040,036,033
04-16-2013 09:34:04.875,1500.0000,16.6000,21.8000,-0.2000,88.6000,186,-16252,-102,3,1,1,2,4,0,0,5.82400,5.89200,0.09000,062,059,061,040,036,038
04-16-2013 09:34:05.875,1500.0000,16.6100,6.5000,-0.1000,88.5000,206,-16194,-68,3,1,1,2,4,0,0,5.87200,-4.05300,0.06500,062,059,061,034,034,030
04-16-2013 09:34:06.875,1500.0000,16.6100,17.1000,-0.2000,88.6000,184,-16275,-107,3,1,1,2,4,0,0,6.91500,5.85300,0.07200,061,059,061,036,043,039
04-16-2013 09:34:07.875,1500.0000,16.6100,17.9000,-0.6000,88.7000,155,-16309,-230,3,1,1,2,4,0,0,5.88500,4.79000,1.25300,062,059,061,045,035,038
04-16-2013 09:34:08.875,1500.0000,16.6100,20.9000,-0.3000,88.6000,192,-16162,-135,3,1,1,2,4,0,0,5.88700,4.77500,0.06300,063,059,061,040,037,038
04-16-2013 09:34:09.875,1500.0000,16.6000,20.7000,0.0000,89.2000,-1,-16353,14,3,1,1,2,4,0,0,5.89000,5.87600,0.05300,062,059,060,037,039,034
04-16-2013 09:34:10.875,1500.0000,16.6100,21.0000,-0.3000,88.8000,131,-16303,-125,3,1,1,2,4,0,0,5.83900,5.87900,0.08000,062,060,062,045,035,033
04-16-2013 09:34:11.875,1500.0000,16.6100,22.8000,0.5000,89.5000,-66,-16186,-131,3,1,1,2,4,0,0,-5.11600,5.89800,-1.04400,061,060,061,039,030,039
04-16-2013 09:34:12.875,1500.0000,16.6100,349.6000,-0.4000,88.9000,88,-16291,-158,3,1,1,2,4,0,0,-0.11800,5.89500,0.06100,063,059,060,040,037,039
04-16-2013 09:34:13.875,1500.0000,16.6100,345.2000,-0.3000,89.1000,35,-16212,-137,3,1,1,2,4,0,0,-5.09500,5.97400,0.09100,060,059,061,019,029,040
04-16-2013 09:34:14.875,1500.0000,16.6100,342.3000,-0.2000,88.6000,184,-16238,-96,3,1,1,2,4,0,0,7.98500,4.76100,0.03200,059,058,061,020,030,040
04-16-2013 09:34:15.875,1500.0000,16.6100,342.0000,-0.3000,89.0000,74,-16261,-139,3,1,1,2,4,0,0,1.24300,-5.11700,-0.00100,061,059,060,028,028,041
04-16-2013 09:34:16.875,1500.0000,16.6100,337.8000,-0.8000,88.4000,245,-16511,-281,3,1,1,2,4,0,0,0.04900,5.85600,0.08600,060,058,059,020,035,038
04-16-2013 09:34:17.875,1500.0000,16.6100,342.8000,-0.8000,89.3000,-17,-16541,293,3,1,1,2,4,0,0,-3.99900,5.87700,0.05600,059,059,059,018,028,043
04-16-2013 09:34:18.875,1500.0000,16.6100,345.1000,0.0000,88.6000,171,-15555,-29,3,1,1,2,4,0,0,6.95100,5.86100,4.86300,059,059,056,024,027,022
04-16-2013 09:34:19.875,1500.0000,16.6100,337.4000,-1.2000,87.4000,526,-16081,-392,3,1,1,2,4,0,0,5.79700,5.93100,-0.08300,060,061,068,021,029,054
04-16-2013 09:34:20.875,1500.0000,16.6200,318.3000,-2.3000,87.8000,410,-16200,-698,3,1,1,2,4,0,0,-0.11100,5.88100,0.09700,063,059,062,024,035,046
04-16-2013 09:34:21.875,1500.0000,16.6100,321.8000,-1.1000,88.7000,145,-16303,-355,3,1,1,2,4,0,0,1.27690,-1.05990,0.02250,061,061,065,024,033,062
04-16-2013 09:34:22.875,1500.0000,16.6100,322.7000,-0.4000,89.0000,61,-16236,-174,3,1,1,2,4,0,0,3.58100,5.88000,0.04800,061,059,060,024,038,041
04-16-2013 09:34:23.875,1500.0000,16.6100,322.5000,-0.4000,88.9000,86,-16242,-178,3,1,1,2,4,0,0,1.32800,-5.09700,0.09400,061,060,060,027,037,034
04-16-2013 09:34:24.875,1500.0000,16.6100,322.0000,-0.6000,88.8000,112,-16281,-222,3,1,1,2,4,0,0,-5.12800,5.93900,0.10500,060,060,060,025,033,034
04-16-2013 09:34:25.875,1500.0000,16.6200,322.5000,-0.4000,89.0000,66,-16226,-174,3,1,1,2,4,0,0,1.30400,5.89100,-1.04600,060,060,061,022,038,034
04-16-2013 09:34:26.875,1500.0000,16.6100,322.0000,-0.6000,89.0000,68,-16269,-211,3,1,1,2,4,0,0,12.23400,5.88400,0.06700,059,059,060,025,038,033
04-16-2013 09:34:27.875,1500.0000,16.6100,321.5000,-0.6000,88.9000,92,-16265,-216,3,1,1,2,4,0,0,5.94500,5.88400,0.11400,060,060,060,026,039,033
04-16-2013 09:34:28.875,1500.0000,16.6100,321.7000,-0.4000,88.9000,86,-16230,-174,3,1,1,2,4,0,0,5.80800,-4.09900,0.04800,060,059,061,028,033,039
04-16-2013 09:34:29.875,1500.0000,16.6200,322.3000,-0.5000,89.0000,78,-16263,-193,3,1,1,2,4,0,0,3.57100,-4.04800,8.14500,061,059,058,026,040,033
04-16-2013 09:34:30.875,1500.0000,16.6100,322.3000,-0.5000,88.9000,96,-16265,-199,3,1,1,2,4,0,0,5.90400,-5.17900,-4.08200,061,060,059,031,042,030
04-16-2013 09:34:31.875,1500.0000,16.6100,321.7000,-0.4000,88.8000,108,-16252,-179,3,1,1,2,4,0,0,-4.09300,5.83300,5.85000,061,061,059,037,047,032
04-16-2013 09:34:32.875,1500.0000,16.6200,322.3000,-0.5000,88.9000,104,-16309,-199,3,1,1,2,4,0,0,5.83000,5.88800,5.87500,062,060,059,042,043,039
04-16-2013 09:34:33.875,1500.0000,16.6200,321.5000,-0.6000,88.7000,139,-16313,-230,3,1,1,2,4,0,0,3.63100,-4.06400,0.11000,062,061,061,038,039,028
04-16-2013 09:34:34.875,1500.0000,16.6200,322.0000,-0.7000,88.9000,104,-16345,-248,3,1,1,2,4,0,0,-5.09600,-4.05500,-4.01900,062,061,058,030,041,031
04-16-2013 09:34:35.875,1500.0000,16.6100,322.0000,-0.4000,88.9000,90,-16295,-156,3,1,1,2,4,0,0,2.48100,-5.14400,0.10700,062,061,061,036,039,038
04-16-2013 09:34:36.875,1500.0000,16.6200,320.8000,-0.6000,88.4000,241,-16317,-232,3,1,1,2,4,0,0,5.87300,5.95300,5.91100,062,061,058,036,042,033
04-16-2013 09:34:37.875,1500.0000,16.6200,321.8000,-0.5000,89.0000,70,-16291,-207,3,1,1,2,4,0,0,5.84400,5.88400,-1.00800,061,060,061,029,038,029
04-16-2013 09:34:38.875,1500.0000,16.6200,322.2000,-0.3000,89.1000,49,-16220,-148,3,1,1,2,4,0,0,5.76900,5.89200,0.09900,060,060,061,028,037,033
04-16-2013 09:34:39.875,1500.0000,16.6200,321.3000,-0.4000,88.7000,159,-16269,-162,3,1,1,2,4,0,0,7.01200,5.87400,5.86200,061,060,058,030,037,035
04-16-2013 09:34:40.875,1500.0000,16.6200,322.2000,-0.8000,89.1000,35,-16261,-285,3,1,1,2,4,0,0,-4.03600,5.86600,1.23300,060,060,062,028,036,037
04-16-2013 09:34:41.875,1500.0000,16.6200,321.3000,-0.7000,88.9000,90,-16319,-244,3,1,1,2,4,0,0,1.33800,5.84300,0.11200,061,059,061,027,037,037
04-16-2013 09:34:42.875,1500.0000,16.6200,321.8000,-0.7000,89.1000,45,-15714,-248,3,1,1,2,4,0,0,1.43900,5.89000,0.06000,059,060,061,027,041,032
04-16-2013 09:34:43.875,1500.0000,16.6200,322.5000,-0.4000,89.0000,63,-16535,-178,3,1,1,2,4,0,0,26.36200,5.93000,0.03400,062,060,062,031,037,032
04-16-2013 09:34:44.875,1500.0000,16.6200,324.0000,0.6000,89.2000,0,-16138,-152,3,1,1,2,4,0,0,-3.99400,5.89100,5.90100,060,061,058,031,039,035
04-16-2013 09:34:45.875,1500.0000,16.6200,321.1000,-1.0000,88.9000,104,-16583,-337,3,1,1,2,4,0,0,5.93100,5.95300,0.08500,061,060,061,032,040,037
04-16-2013 09:34:46.875,1500.0000,16.6200,324.7000,0.9000,89.3000,-17,-16061,-224,3,1,1,2,4,0,0,24.94900,-4.05700,5.87100,061,060,058,030,040,033

 Profile 202
  AquaDopp2 turned on at 04/16/2013 09:30:01
  AquaDopp2 turned off at 04/16/2013 09:34:52
