Source File: D:\Storage\Programs\OOI\Group 5\Correspondence\07_18_14 sample files\files\11079364.PPB
Processed: 07/18/2014 12:23:14
Using Version: 1.11
Device: ADCP
Start Date: 04/17/2014
Timestamp (s)	Depth (dbar)	Suspect Timestamp	sound speed	heading	pitch	roll	pressure	head temp	B1 vel (m/s)	B2 vel (m/s)	B3 vel (m/s)	B1 amp	B2 amp	B3 amp
1397773685.111	19.387	y	1492.4	102.0	-0.6	-2.3	18.473	10.73	-0.079	0.109	-0.099	102	104	101
1397773686.111	19.387	n	1492.4	101.2	0.0	-2.5	18.599	10.73	-0.108	0.171	-0.05	101	103	100
1397773687.111	19.387	n	1492.3	102.1	0.0	-2.8	18.799	10.72	-0.107	0.163	0.046	101	101	98
1397773688.111	19.387	y	1492.3	103.4	0.0	-3.1	18.999	10.72	-0.089	0.198	0.059	103	100	96
1397773689.111	19.387	n	1492.3	104.7	-0.3	-3.3	19.196	10.72	-0.158	0.154	0.043	104	102	111
1397773690.111	19.387	n	1492.3	105.1	-1.0	-3.5	19.283	10.72	-0.094	0.181	0.073	101	102	98
1397773691.111	19.387	n	1492.3	105.5	-1.5	-3.6	19.292	10.71	-0.003	0.105	0.084	101	104	105
1397773692.111	19.387	y	1492.3	104.8	-1.9	-3.3	19.185	10.71	-0.039	0.175	0.064	104	104	102
1397773693.111	19.387	n	1492.3	103.5	-2.0	-3.2	19.026	10.71	0.046	0.135	0.02	106	101	101
1397773694.112	19.346	n	1492.3	102.5	-1.6	-3.0	18.807	10.7	-0.001	0.12	-0.046	107	106	103
1397773695.112	19.176	n	1492.3	101.7	-1.2	-2.5	18.586	10.7	-0.013	0.157	-0.111	104	103	103
1397773696.111	19.112	n	1492.3	101.5	-1.0	-2.1	18.476	10.7	-0.058	0.041	-0.132	103	101	101
1397773697.112	19.178	n	1492.2	101.6	-0.4	-2.3	18.463	10.69	-0.109	0.094	-0.089	96	102	104
1397773698.113	19.365	n	1492.2	101.7	0.2	-2.7	18.592	10.69	-0.161	0.119	-0.057	99	103	97
1397773699.112	19.583	n	1492.2	103.4	0.3	-3.1	18.808	10.69	-0.143	0.169	0.01	101	103	98
1397773700.112	19.787	y	1492.2	105.6	0.4	-3.5	19.022	10.68	-0.092	0.163	0.068	107	101	99
1397773701.111	19.899	n	1492.2	107.6	-0.2	-3.7	19.199	10.68	-0.154	0.161	0.092	102	102	103
1397773702.111	19.915	n	1492.2	109.1	-1.0	-3.8	19.268	10.68	-0.082	0.17	0.094	100	105	103
1397773703.112	19.806	y	1492.1	108.2	-1.4	-3.7	19.229	10.67	-0.018	0.214	0.082	105	104	105
1397773704.111	19.586	y	1492.1	108.3	-1.7	-3.0	19.054	10.67	0.006	0.15	0.013	107	102	103
1397773705.112	19.331	n	1492.1	106.6	-1.4	-2.4	18.805	10.67	-0.074	0.138	-0.067	103	100	100
1397773706.112	19.115	n	1492.1	104.1	-1.0	-2.3	18.548	10.66	-0.109	0.141	-0.104	103	105	103
1397773707.111	19.012	y	1492.1	102.6	-0.9	-2.1	18.397	10.66	-0.053	0.174	-0.134	100	108	103
1397773708.111	19.027	y	1492.1	102.2	-0.5	-2.0	18.347	10.66	-0.087	0.097	-0.168	106	95	106
1397773709.112	19.100	n	1492.1	103.3	-0.4	-2.4	18.413	10.65	-0.062	0.096	-0.153	101	102	103
1397773710.112	19.192	n	1492.1	105.9	-0.3	-2.8	18.502	10.65	-0.173	0.135	-0.064	105	102	99
1397773711.112	19.257	y	1492.1	108.0	-0.2	-2.7	18.59	10.65	-0.114	0.166	-0.033	104	103	98
1397773712.114	19.264	y	1492.1	109.8	-0.4	-2.6	18.611	10.65	-0.136	0.074	-0.114	100	99	102
1397773713.111	19.199	n	1492.0	109.4	-0.7	-2.8	18.593	10.64	-0.124	0.128	-0.059	102	109	104
1397773714.112	19.065	y	1492.0	109.1	-1.1	-3.1	18.494	10.64	-0.131	0.094	-0.078	97	98	101
1397773715.112	18.863	n	1492.0	109.1	-1.3	-3.3	18.334	10.64	-0.065	0.144	-0.101	103	104	98
1397773716.111	18.612	y	1492.0	109.9	-1.5	-3.2	18.106	10.63	-0.045	0.098	-0.132	98	99	98
1397773717.112	18.320	y	1492.0	111.0	-1.5	-2.8	17.818	10.63	-0.057	0.119	-0.141	99	102	105
1397773718.111	18.046	y	1492.0	110.9	-1.1	-2.4	17.525	10.63	-0.058	0.077	-0.167	100	103	97
1397773719.111	17.858	n	1491.9	110.5	-0.9	-2.2	17.302	10.62	-0.092	0.122	-0.184	103	98	103
1397773720.112	17.763	n	1491.9	110.7	-0.8	-2.2	17.153	10.62	-0.058	0.104	-0.174	103	105	100
1397773721.112	17.758	y	1491.9	112.2	-0.6	-2.3	17.109	10.62	-0.048	0.11	-0.12	103	98	100
1397773722.112	17.789	y	1491.9	114.9	-0.2	-2.6	17.123	10.62	-0.056	0.102	-0.114	100	103	99
1397773723.111	17.819	n	1491.9	118.4	0.1	-2.5	17.166	10.61	-0.107	0.213	-0.124	99	105	105
1397773724.113	17.812	n	1491.9	121.8	-0.1	-2.4	17.179	10.61	-0.004	0.144	-0.093	102	101	100
1397773725.111	17.767	y	1491.9	124.2	-0.4	-2.3	17.154	10.61	-0.053	0.131	-0.052	100	104	103
1397773726.111	17.652	n	1491.9	126.6	-0.5	-2.6	17.073	10.6	-0.079	0.123	-0.095	100	102	97
1397773727.112	17.494	n	1491.9	128.5	-0.7	-2.7	16.945	10.6	-0.038	0.187	-0.089	106	105	100
1397773728.111	17.264	n	1491.9	130.1	-0.8	-2.8	16.753	10.6	-0.005	0.181	-0.13	105	103	101
1397773729.151	17.043	y	1491.9	131.2	-0.9	-2.5	16.506	10.6	-0.057	0.152	-0.161	106	106	105
1397773730.114	16.763	n	1491.9	132.0	-0.9	-2.3	16.253	10.59	-0.045	0.119	-0.144	108	104	100
1397773731.114	16.557	n	1491.9	133.0	-0.6	-2.5	16.019	10.59	-0.025	0.141	-0.159	104	104	103
1397773732.112	16.414	y	1491.9	134.3	-0.2	-2.4	15.84	10.59	-0.025	0.182	-0.136	108	105	105
1397773733.112	16.340	y	1491.9	135.9	0.1	-2.1	15.732	10.59	-0.052	0.211	-0.133	108	105	105
1397773734.113	16.328	y	1491.9	136.6	0.4	-1.9	15.695	10.59	-0.102	0.13	-0.11	108	107	106
1397773735.113	16.345	n	1491.9	138.1	0.6	-2.0	15.693	10.58	-0.126	0.175	-0.041	107	107	106
1397773736.112	16.364	y	1491.9	139.6	0.5	-1.8	15.716	10.58	-0.068	0.11	-0.068	109	106	103
1397773737.112	16.350	n	1491.9	142.2	0.3	-2.0	15.731	10.58	-0.093	0.178	-0.074	106	106	111
1397773738.113	16.284	y	1491.9	144.1	0.0	-2.2	15.698	10.58	-0.047	0.159	-0.067	108	104	110
1397773739.112	16.143	n	1491.9	145.8	-0.2	-2.2	15.599	10.58	-0.063	0.133	-0.099	113	101	110
1397773740.112	15.953	y	1491.9	146.4	-0.3	-2.3	15.432	10.58	-0.07	0.212	-0.123	108	106	109
1397773741.113	15.722	n	1491.9	146.0	-0.3	-2.3	15.203	10.58	-0.107	0.169	-0.132	108	110	109
1397773742.113	15.503	y	1491.8	145.0	-0.1	-2.2	14.978	10.57	-0.133	0.174	-0.112	106	108	108
1397773743.113	15.326	n	1491.8	144.3	0.1	-2.3	14.782	10.57	-0.123	0.163	-0.143	108	111	113
1397773744.113	15.210	y	1491.8	144.3	0.2	-1.9	14.638	10.57	-0.147	0.164	-0.141	110	110	115
1397773745.111	15.155	n	1491.8	144.2	0.4	-1.5	14.545	10.57	-0.096	0.215	-0.085	112	112	109
1397773746.113	15.126	y	1491.8	144.2	0.6	-1.5	14.51	10.57	-0.163	0.116	-0.09	110	110	110
1397773747.112	15.119	y	1491.8	145.1	0.7	-1.6	14.504	10.57	-0.135	0.202	-0.072	108	110	109
1397773748.113	15.102	n	1491.8	147.0	0.6	-1.6	14.494	10.57	-0.137	0.112	-0.049	110	111	111
1397773749.112	15.052	n	1491.8	148.5	0.5	-1.5	14.449	10.57	-0.111	0.137	-0.06	109	110	110
1397773750.111	14.978	n	1491.8	147.6	0.3	-1.5	14.393	10.57	-0.09	0.172	-0.116	110	107	113
1397773751.113	14.884	y	1491.8	146.2	0.4	-2.0	14.309	10.57	-0.104	0.113	-0.084	111	111	111
1397773752.113	14.776	n	1491.8	145.8	0.4	-2.4	14.216	10.57	-0.09	0.158	-0.086	117	110	110
1397773753.113	14.647	n	1491.8	146.6	0.4	-2.3	14.093	10.57	-0.062	0.177	-0.082	111	111	111
1397773754.112	14.503	y	1491.8	146.2	0.2	-2.0	13.961	10.57	-0.1	0.16	-0.103	111	114	113
1397773755.113	14.328	y	1491.8	145.1	0.0	-2.0	13.789	10.56	-0.087	0.1	-0.118	112	112	112
1397773756.112	14.152	n	1491.8	143.8	-0.1	-2.0	13.624	10.56	-0.015	0.075	-0.156	109	112	111
1397773757.112	14.000	n	1491.8	143.9	0.1	-1.9	13.459	10.56	-0.061	0.069	-0.162	112	113	110
1397773758.112	13.884	y	1491.8	144.5	0.6	-1.8	13.321	10.56	-0.044	0.137	-0.12	115	114	114
1397773759.112	13.830	y	1491.8	144.9	1.0	-1.6	13.232	10.57	-0.121	0.101	-0.122	116	114	115
1397773760.112	13.835	n	1491.8	144.0	1.3	-1.2	13.21	10.57	-0.124	0.154	-0.064	114	116	114
1397773761.113	13.872	n	1491.8	142.6	1.2	-1.3	13.227	10.56	-0.146	0.091	-0.031	114	117	115
1397773762.112	13.916	y	1491.8	142.4	1.0	-1.7	13.283	10.56	-0.114	0.087	0.007	114	115	114
1397773763.135	13.928	y	1491.8	143.4	0.8	-1.9	13.323	10.57	-0.102	0.109	0.008	115	116	113
1397773764.114	13.866	n	1491.8	144.8	0.5	-2.1	13.312	10.56	-0.08	0.053	-0.034	115	117	110
1397773765.116	13.715	y	1491.8	145.6	0.2	-2.2	13.204	10.57	-0.025	0.127	-0.081	113	118	115
1397773766.114	13.482	n	1491.8	145.1	-0.1	-2.2	13.004	10.57	-0.062	0.091	-0.14	115	115	116
1397773767.112	13.206	n	1491.8	143.0	-0.2	-2.0	12.743	10.57	-0.063	0.101	-0.152	118	116	116
1397773768.113	12.967	y	1491.8	139.9	-0.4	-1.5	12.462	10.57	-0.092	0.102	-0.188	117	120	117
1397773769.113	12.827	y	1491.8	137.1	0.2	-1.5	12.261	10.57	-0.065	0.027	-0.145	120	117	119
1397773770.114	12.813	n	1491.8	133.9	1.3	-1.8	12.177	10.57	-0.096	0.069	-0.059	118	119	120
1397773771.113	12.860	n	1491.8	133.7	1.9	-1.9	12.208	10.57	-0.055	0.194	0.032	118	120	118
1397773772.112	12.932	y	1491.8	135.0	1.6	-1.8	12.292	10.57	-0.055	0.147	0.008	119	120	117
1397773773.113	12.992	y	1491.8	136.5	1.1	-2.3	12.361	10.57	-0.092	0.146	-0.05	116	119	120
1397773774.113	12.987	n	1491.8	136.8	0.5	-1.9	12.401	10.57	-0.125	0.099	-0.026	119	120	119
1397773775.113	12.905	n	1491.8	134.5	0.4	-1.6	12.354	10.57	-0.143	0.082	-0.007	122	114	122
1397773776.112	12.776	y	1491.8	132.0	-0.1	-2.4	12.222	10.57	-0.09	0.113	-0.059	114	117	121
1397773777.112	12.584	y	1491.8	131.5	0.0	-2.7	12.094	10.57	-0.055	0.134	-0.134	120	119	120
1397773778.111	12.385	n	1491.8	131.8	0.0	-2.3	11.888	10.57	-0.046	0.085	-0.126	122	121	119
1397773779.112	12.182	n	1491.9	132.5	-0.3	-2.1	11.678	10.58	-0.064	0.076	-0.162	120	120	119
1397773780.162	12.029	y	1491.9	132.5	0.3	-2.3	11.485	10.58	-0.089	0.087	-0.151	120	119	119
1397773781.112	11.905	n	1491.9	131.5	1.2	-2.3	11.335	10.58	-0.102	0.198	-0.183	119	119	118
1397773782.113	11.834	n	1491.9	130.3	1.2	-1.7	11.25	10.58	-0.119	0.123	-0.135	122	122	121
1397773783.111	11.852	n	1491.9	130.5	0.4	-1.4	11.242	10.58	-0.023	0.096	-0.033	123	122	122
1397773784.112	11.880	y	1491.9	133.6	1.0	-2.4	11.271	10.58	-0.054	0.224	-0.007	115	121	121
1397773785.112	11.909	y	1491.9	135.9	1.8	-1.8	11.292	10.58	-0.116	0.254	-0.025	120	122	119
1397773786.113	11.893	n	1491.9	135.3	1.0	-1.4	11.312	10.58	-0.149	0.215	-0.045	117	122	124
1397773787.112	11.833	y	1491.9	134.2	-0.1	-1.6	11.257	10.59	-0.106	0.126	-0.067	123	120	120
1397773788.112	11.754	n	1491.9	134.6	0.0	-2.6	11.205	10.59	-0.037	0.193	-0.026	120	123	124
1397773789.113	11.595	y	1491.9	136.5	0.8	-2.9	11.103	10.59	-0.037	0.235	-0.084	123	119	118
1397773790.113	11.414	n	1491.9	136.7	0.4	-1.8	10.909	10.59	-0.087	0.124	-0.143	119	122	118
1397773791.113	11.189	y	1491.9	133.6	-0.6	-0.8	10.691	10.59	-0.097	0.063	-0.153	118	118	120
1397773792.114	11.014	y	1491.9	130.6	-0.4	-1.8	10.494	10.59	-0.056	0.102	-0.121	120	121	118
1397773793.114	10.897	y	1491.9	131.1	0.9	-2.8	10.344	10.59	0.035	0.203	-0.081	122	120	122
1397773794.112	10.824	n	1491.9	133.7	1.2	-1.7	10.262	10.6	-0.104	0.191	-0.084	115	121	122
1397773795.112	10.787	y	1491.9	134.9	0.9	-1.1	10.205	10.6	-0.114	0.153	-0.066	121	121	119
1397773796.112	10.768	n	1491.9	135.1	1.2	-2.0	10.182	10.6	-0.113	0.14	-0.011	122	122	124
1397773797.111	10.749	y	1491.9	134.2	1.1	-1.6	10.165	10.6	-0.113	0.192	-0.019	120	123	122
1397773798.112	10.716	y	1491.9	132.9	0.4	-1.4	10.134	10.6	-0.054	0.138	-0.03	119	120	122
1397773799.112	10.679	n	1491.9	133.3	0.4	-2.3	10.113	10.61	-0.07	0.109	-0.06	118	122	123
1397773800.112	10.598	n	1491.9	133.2	0.9	-2.2	10.056	10.61	-0.102	0.212	-0.074	120	121	120
1397773801.112	10.487	n	1491.9	131.8	0.3	-1.8	9.958	10.61	-0.034	0.132	-0.112	119	120	124
1397773802.114	10.348	y	1491.9	131.8	-0.6	-2.1	9.829	10.61	-0.022	0.162	-0.149	120	126	122
1397773803.113	10.218	n	1491.9	131.3	0.1	-2.3	9.687	10.61	-0.038	0.177	-0.138	121	124	123
1397773804.112	10.105	n	1491.9	130.0	0.7	-2.2	9.563	10.61	-0.093	0.122	-0.126	122	122	122
1397773805.112	10.007	n	1491.9	128.1	0.8	-1.9	9.455	10.62	-0.096	0.199	-0.111	124	121	123
1397773806.111	9.948	y	1491.9	126.8	0.6	-2.3	9.391	10.62	-0.05	0.177	-0.064	122	121	123
1397773807.111	9.897	y	1491.9	128.5	0.4	-2.4	9.335	10.62	-0.06	0.151	-0.085	122	121	120
1397773808.112	9.837	n	1491.9	130.7	0.3	-1.6	9.272	10.62	-0.107	0.113	-0.103	121	127	123
1397773809.114	9.765	y	1491.9	129.6	0.5	-1.4	9.201	10.62	-0.075	0.143	-0.085	120	122	122
1397773810.113	9.688	y	1491.9	127.5	0.6	-2.5	9.145	10.62	-0.079	0.254	-0.085	120	122	119
1397773811.113	9.591	n	1492.0	129.1	0.1	-2.3	9.055	10.63	-0.116	0.17	-0.133	125	125	122
1397773812.112	9.495	n	1492.0	130.2	0.0	-1.3	8.954	10.63	-0.084	0.094	-0.082	126	123	125
1397773813.111	9.424	y	1492.0	128.6	0.4	-2.1	8.867	10.63	-0.214	0.209	-0.042	122	126	125
1397773814.133	9.356	y	1492.0	126.5	1.1	-3.0	8.795	10.63	-0.08	0.229	-0.117	123	122	122
1397773815.113	9.290	n	1492.0	125.9	0.2	-2.2	8.74	10.63	-0.073	0.177	-0.129	119	125	121
1397773816.112	9.241	n	1492.0	125.7	-0.3	-1.9	8.681	10.64	-0.08	0.11	-0.071	121	127	124
1397773817.112	9.196	y	1492.0	123.9	0.4	-2.8	8.624	10.64	-0.107	0.174	-0.05	123	121	122
1397773818.112	9.148	n	1492.0	121.1	1.0	-2.6	8.585	10.64	-0.185	0.201	-0.099	122	125	124
1397773819.114	9.090	y	1492.0	118.6	0.3	-2.2	8.541	10.64	-0.136	0.217	-0.056	123	125	124
1397773820.113	9.036	y	1492.1	118.2	-0.2	-2.6	8.486	10.65	-0.023	0.212	-0.108	122	122	121
1397773821.113	8.967	n	1492.1	119.4	0.0	-2.8	8.421	10.65	-0.091	0.169	-0.082	121	126	124
1397773822.113	8.870	y	1492.1	119.7	0.2	-2.4	8.342	10.65	-0.195	0.104	-0.122	123	123	120
1397773823.113	8.744	y	1492.1	118.4	0.0	-2.5	8.215	10.65	-0.116	0.113	-0.139	121	124	120
1397773824.113	8.623	y	1492.1	117.9	-0.1	-2.6	8.102	10.65	-0.098	0.135	-0.112	120	123	124
1397773825.112	8.535	n	1492.1	117.8	0.3	-3.0	8.004	10.65	-0.07	0.184	-0.075	123	121	123
1397773826.112	8.469	n	1492.1	120.2	0.3	-3.4	7.928	10.66	-0.051	0.222	-0.093	121	122	123
1397773827.113	8.413	y	1492.1	122.8	0.4	-2.7	7.862	10.66	-0.094	0.154	-0.13	119	124	123
1397773828.112	8.361	y	1492.1	121.7	0.9	-2.2	7.79	10.66	-0.111	0.159	-0.069	118	122	123
1397773829.113	8.328	n	1492.1	119.2	0.7	-2.5	7.749	10.67	-0.132	0.155	-0.066	121	122	125
1397773830.112	8.310	n	1492.1	119.5	0.2	-2.7	7.751	10.67	-0.067	0.21	0.018	124	124	122
1397773831.112	8.298	y	1492.1	122.9	0.6	-3.5	7.763	10.67	0.029	0.228	-0.066	124	122	120
1397773832.114	8.234	n	1492.1	128.4	0.2	-3.4	7.736	10.67	0.016	0.164	-0.134	125	122	123
1397773833.113	8.044	n	1492.2	132.1	-0.6	-1.5	7.579	10.68	-0.092	0.071	-0.208	127	122	117
1397773834.112	7.815	n	1492.2	129.3	-0.3	-0.4	7.333	10.68	-0.155	0.024	-0.183	126	124	122
1397773835.114	7.648	y	1492.2	124.4	0.6	-2.5	7.136	10.68	-0.132	0.122	-0.152	122	123	122
1397773836.114	7.551	n	1492.2	124.1	1.0	-3.9	7.028	10.68	-0.048	0.238	-0.057	125	124	125
1397773837.114	7.515	y	1492.2	128.0	1.4	-3.1	6.969	10.69	-0.065	0.192	-0.074	124	124	122
1397773838.113	7.494	n	1492.2	131.3	0.6	-2.1	6.943	10.69	-0.105	0.074	-0.033	123	121	122
1397773839.114	7.482	y	1492.2	131.4	0.6	-2.3	6.923	10.69	-0.12	0.207	-0.004	119	124	122
1397773840.114	7.456	y	1492.2	131.1	1.0	-3.6	6.908	10.69	-0.024	0.2	-0.034	123	123	118
1397773841.115	7.380	n	1492.2	133.1	0.3	-3.1	6.875	10.69	0.007	0.241	-0.125	122	123	122
1397773842.118	7.255	y	1492.3	138.1	-0.6	-2.7	6.776	10.7	-0.037	0.189	-0.169	124	124	120
1397773843.113	7.090	n	1492.3	139.4	0.2	-1.9	6.613	10.7	-0.118	0.135	-0.2	116	124	121
1397773844.113	6.904	y	1492.3	136.7	0.5	-1.7	6.438	10.7	-0.114	0.138	-0.157	122	126	127
1397773845.113	6.760	n	1492.3	135.5	0.0	-2.5	6.262	10.7	-0.1	0.181	-0.111	125	123	122
1397773846.112	6.674	y	1492.3	137.6	1.5	-3.1	6.156	10.71	-0.072	0.216	-0.06	124	124	121
1397773847.114	6.617	n	1492.3	140.9	1.9	-2.4	6.089	10.71	-0.075	0.245	-0.032	123	126	121
1397773848.112	6.592	y	1492.3	143.9	0.6	-2.1	6.053	10.71	-0.011	0.138	-0.028	125	121	120
1397773849.114	6.559	n	1492.3	147.1	0.4	-2.8	6.042	10.71	0.012	0.174	-0.045	128	122	123
1397773850.115	6.503	y	1492.3	148.7	1.0	-2.4	5.99	10.71	-0.026	0.231	-0.048	123	125	122
1397773851.116	6.412	y	1492.3	147.9	0.9	-2.3	5.9	10.72	-0.09	0.25	-0.119	123	122	122
1397773852.113	6.244	y	1492.3	146.9	0.2	-2.4	5.761	10.72	-0.058	0.153	-0.137	125	125	120
1397773853.112	6.105	y	1492.3	146.9	-1.0	-1.6	5.613	10.72	0.002	0.087	-0.158	124	122	126
1397773854.113	6.011	n	1492.3	146.6	0.5	-1.9	5.488	10.72	-0.07	0.181	-0.098	123	125	126
1397773855.114	5.978	n	1492.3	145.7	2.5	-2.8	5.437	10.72	-0.104	0.362	-0.04	122	126	125
1397773856.114	5.956	n	1492.3	146.9	1.7	-2.6	5.422	10.72	-0.056	0.262	-0.034	126	124	121
1397773857.112	5.962	y	1492.3	146.7	0.5	-1.0	5.413	10.72	-0.079	0.092	0.047	120	120	123
1397773858.112	5.974	n	1492.4	145.8	-0.3	-2.0	5.433	10.73	-0.029	0.082	0.054	121	124	122
1397773859.114	5.967	n	1492.4	149.7	1.8	-4.4	5.443	10.73	-0.011	0.381	-0.034	123	119	122
1397773860.113	5.851	n	1492.4	152.9	2.0	-2.0	5.378	10.73	-0.038	0.283	-0.151	124	132	124
1397773861.113	5.656	y	1492.4	150.1	-1.5	-0.4	5.224	10.73	-0.023	0.069	-0.145	124	145	124
1397773862.113	5.456	n	1492.4	150.3	-1.2	-2.7	5.018	10.73	-0.015	0.076	-0.159	119	148	122
1397773863.112	5.269	n	1492.4	150.4	0.9	-2.3	4.811	10.73	0.012	0.149	-0.161	124	151	122
1397773864.113	5.128	y	1492.4	151.5	0.7	-2.2	4.648	10.74	-0.032	0.169	-0.117	124	152	148
1397773865.113	5.037	y	1492.4	151.2	1.7	-1.8	4.531	10.74	-0.029	0.249	-0.069	130	144	156
1397773866.113	4.988	n	1492.4	149.6	1.8	-2.1	4.475	10.74	-0.038	0.121	-0.067	135	131	157
1397773867.113	4.976	y	1492.4	151.4	-0.6	-1.8	4.45	10.74	-0.041	0.022	0.011	136	125	157
1397773868.113	5.015	y	1492.4	152.2	1.3	-2.0	4.464	10.74	-0.102	0.241	0.033	130	123	155
1397773869.112	4.988	y	1492.4	153.1	3.5	-4.2	4.48	10.74	0.038	0.368	-0.024	135	137	147
1397773870.112	4.903	n	1492.4	155.6	-0.2	-1.8	4.416	10.74	-0.088	0.067	-0.104	148	149	132
1397773871.114	4.759	n	1492.5	150.1	-2.2	0.8	4.299	10.75	-0.082	-0.071	-0.138	151	152	136
1397773872.113	4.637	y	1492.5	146.5	0.5	-3.5	4.159	10.75	-0.045	0.304	-0.123	153	153	134
1397773873.114	4.461	n	1492.5	148.5	3.1	-4.6	4.022	10.75	0.055	0.297	-0.19	158	149	146
1397773874.113	4.291	y	1492.5	152.6	-0.9	-0.8	3.849	10.75	-0.064	0.099	-0.196	154	145	156
1397773875.113	4.132	y	1492.5	151.5	-0.4	-0.7	3.676	10.75	-0.116	0.099	-0.145	155	148	155
1397773876.114	4.026	n	1492.5	150.6	0.6	-2.9	3.523	10.76	-0.139	0.119	-0.038	160	151	160
1397773877.114	3.991	n	1492.5	149.3	2.0	-2.1	3.484	10.76	-0.06	0.261	-0.042	155	151	159
1397773878.113	3.943	y	1492.5	150.7	3.2	-3.8	3.45	10.76	-0.006	0.229	-0.076	157	144	161
1397773879.114	3.922	y	1492.5	154.2	-1.2	-0.8	3.414	10.76	-0.059	0.14	0.002	156	143	163
1397773880.113	3.905	n	1492.5	148.2	1.3	-1.0	3.387	10.76	-0.12	0.205	-0.034	157	146	161
1397773881.113	3.870	n	1492.5	149.8	1.3	-5.2	3.36	10.76	-0.023	0.347	-0.079	154	144	159
1397773882.114	3.830	y	1492.5	150.2	0.0	-0.4	3.327	10.77	-0.154	0.251	-0.023	154	137	156
1397773883.114	3.759	y	1492.5	147.0	1.3	-2.2	3.282	10.77	-0.102	0.261	-0.056	155	152	153
1397773884.113	3.663	n	1492.5	149.5	0.0	-3.7	3.197	10.77	-0.002	0.291	-0.072	155	163	156
1397773885.113	3.546	n	1492.5	150.2	0.4	-1.0	3.079	10.77	-0.144	0.087	-0.066	158	160	156
1397773886.114	3.432	y	1492.5	147.9	-1.3	-1.4	2.985	10.77	-0.034	0.081	-0.078	159	158	160
1397773887.114	3.331	n	1492.5	154.5	0.9	-5.6	2.884	10.77	0.022	0.317	-0.194	159	159	161
1397773888.114	3.160	n	1492.6	159.6	2.7	-1.6	2.724	10.78	-0.177	0.155	-0.211	158	157	164
1397773889.114	3.037	n	1492.6	150.8	-1.4	1.9	2.551	10.78	-0.337	0.203	-0.063	158	158	166
1397773890.113	2.970	y	1492.6	145.9	3.5	-5.4	2.472	10.78	0.007	0.135	-0.051	161	155	169
1397773891.113	2.944	y	1492.6	156.2	-2.1	-2.7	2.437	10.78	-0.033	0.022	0.032	156	158	163
1397773892.113	3.035	n	1492.6	154.5	1.0	2.5	2.475	10.78	-0.251	0.192	0.113	157	154	166
1397773893.112	3.057	n	1492.6	148.5	6.5	-5.5	2.545	10.79	-0.008	0.431	-0.016	159	154	163
1397773894.115	3.011	y	1492.6	155.5	-0.4	-3.4	2.553	10.79	0.107	0.09	-0.151	159	156	162
1397773895.113	2.899	y	1492.6	160.1	-3.0	0.7	2.436	10.79	-0.133	-0.005	-0.112	157	156	164
1397773896.113	2.794	n	1492.6	156.7	1.3	-1.0	2.33	10.79	-0.148	0.212	-0.039	160	156	164
1397773897.113	2.665	y	1492.6	154.7	3.5	-4.5	2.232	10.79	0.029	0.37	-0.182	157	153	165
1397773898.114	2.490	y	1492.6	159.2	1.6	-3.4	2.083	10.79	0.05	0.17	-0.204	156	157	161
1397773899.115	2.304	y	1492.6	161.2	-2.6	0.6	1.879	10.79	-0.02	-0.159	-0.132	157	158	163
1397773900.114	2.173	n	1492.7	162.7	-1.0	-2.7	1.735	10.8	-0.117	0.304	-0.129	158	159	162
1397773901.114	2.032	y	1492.7	155.7	6.4	-1.3	1.559	10.8	-0.084	0.043	-0.013	157	157	166
1397773902.112	1.969	n	1492.7	159.5	-2.5	-4.5	1.531	10.8	0.1	0.354	-0.104	159	164	161
1397773903.120	1.858	y	1492.7	166.2	5.5	-2.1	1.375	10.8	-0.077	0.003	-0.09	162	168	165
1397773904.115	1.821	y	1492.7	157.7	-4.1	1.6	1.328	10.8	0.014	0.171	-0.005	160	168	163
1397773905.112	1.824	n	1492.7	161.0	6.1	-5.8	1.305	10.8	-0.169	0.3	0.062	161	171	159
1397773906.113	1.838	n	1492.7	153.5	1.4	0.7	1.333	10.8	-0.044	0.435	0.025	160	166	158
1397773907.114	1.864	n	1492.7	159.8	0.6	-4.6	1.374	10.81	0.031	0.103	0.0	152	163	158
1397773908.115	1.860	y	1492.7	162.2	-1.8	-1.7	1.4	10.81	0.048	0.234	-0.018	153	162	156
1397773909.113	1.747	n	1492.7	163.2	3.8	-3.3	1.316	10.81	-0.144	0.289	-0.159	161	168	163
1397773910.114	1.512	n	1492.7	154.8	-2.2	0.9	1.146	10.81	-0.065	0.382	-0.25	158	173	170
1397773911.113	1.202	n	1492.7	156.2	1.0	-5.0	0.901	10.81	-0.029	0.237	-0.446	170	170	176
1397773912.113	0.838	y	1492.7	155.4	-4.2	1.0	0.46	10.81	-0.086	-0.012	-0.257	139	148	154
1397773913.114	0.719	n	1492.7	142.7	5.7	1.5	0.244	10.81	-0.267	0.593	-0.15	140	143	146
1397773914.115	0.591	n	1492.7	131.7	9.0	-10.2	0.126	10.82	-0.122	0.462	-0.208	123	136	135
