Source File: D:\Storage\Programs\OOI\Group 5\Correspondence\07_18_14 sample files\files\11079838.PPB
Processed: 07/18/2014 12:27:39
Using Version: 1.11
Device: CTD
Start Date: 04/17/2014
Timestamp (s)	Suspect Timestamp	Temperature	Conductivity	Pressure	Salinity
1397777791.684	y	9.8766	3.60171	23.034	32.9887
1397777791.746	n	9.8769	3.60166	23.041	32.9880
1397777791.807	n	9.8770	3.60172	23.043	32.9884
1397777791.871	n	9.8769	3.60171	23.034	32.9884
1397777791.933	n	9.8770	3.60166	23.041	32.9879
1397777791.995	n	9.8770	3.60162	23.054	32.9875
1397777792.060	n	9.8770	3.60157	23.062	32.9870
1397777792.122	n	9.8769	3.60167	23.043	32.9881
1397777792.184	n	9.8769	3.60166	23.046	32.9879
1397777792.246	n	9.8770	3.60164	23.054	32.9877
1397777792.310	n	9.8770	3.60162	23.054	32.9874
1397777792.373	n	9.8771	3.60161	23.062	32.9872
1397777792.436	n	9.8772	3.60159	23.066	32.9870
1397777792.496	n	9.8773	3.60160	23.070	32.9870
1397777792.561	n	9.8774	3.60161	23.074	32.9870
1397777792.622	n	9.8774	3.60161	23.078	32.9869
1397777792.685	n	9.8775	3.60160	23.082	32.9868
1397777792.749	n	9.8774	3.60158	23.086	32.9866
1397777792.810	n	9.8772	3.60157	23.093	32.9867
1397777792.872	n	9.8770	3.60156	23.097	32.9869
1397777792.935	n	9.8767	3.60157	23.102	32.9873
1397777792.997	n	9.8763	3.60158	23.107	32.9877
1397777793.061	y	9.8761	3.60158	23.110	32.9879
1397777793.213	n	9.8759	3.60157	23.115	32.9879
1397777793.568	n	9.8758	3.60156	23.122	32.9879
1397777793.579	n	9.8758	3.60155	23.128	32.9879
1397777793.585	n	9.8758	3.60156	23.133	32.9879
1397777793.603	n	9.8759	3.60157	23.139	32.9879
1397777793.608	n	9.8760	3.60158	23.145	32.9880
1397777793.614	n	9.8761	3.60160	23.153	32.9880
1397777793.619	n	9.8761	3.60162	23.159	32.9882
1397777793.625	n	9.8761	3.60163	23.162	32.9883
1397777793.684	n	9.8761	3.60164	23.167	32.9884
1397777793.749	n	9.8761	3.60165	23.172	32.9886
1397777793.811	n	9.8760	3.60167	23.179	32.9888
1397777793.871	n	9.8759	3.60169	23.182	32.9891
1397777793.934	n	9.8758	3.60172	23.188	32.9895
1397777793.999	n	9.8756	3.60174	23.197	32.9899
1397777794.061	n	9.8755	3.60177	23.203	32.9903
1397777794.123	n	9.8753	3.60179	23.204	32.9907
1397777794.185	n	9.8753	3.60182	23.209	32.9910
1397777794.249	n	9.8752	3.60184	23.212	32.9913
1397777794.312	n	9.8752	3.60184	23.218	32.9913
1397777794.373	n	9.8752	3.60184	23.224	32.9913
1397777794.435	n	9.8753	3.60185	23.227	32.9913
1397777794.499	n	9.8754	3.60186	23.234	32.9913
1397777794.560	n	9.8756	3.60187	23.233	32.9913
1397777794.622	n	9.8757	3.60189	23.237	32.9913
1397777794.686	n	9.8758	3.60189	23.240	32.9912
1397777794.748	n	9.8758	3.60188	23.246	32.9911
1397777794.810	n	9.8758	3.60188	23.253	32.9911
1397777794.872	n	9.8759	3.60188	23.254	32.9911
1397777794.936	n	9.8759	3.60189	23.257	32.9911
1397777794.997	n	9.8761	3.60190	23.256	32.9911
1397777795.060	n	9.8762	3.60191	23.262	32.9911
1397777795.122	n	9.8764	3.60190	23.267	32.9908
1397777795.185	n	9.8767	3.60189	23.272	32.9904
1397777795.256	n	9.8769	3.60186	23.275	32.9899
1397777795.309	n	9.8772	3.60185	23.280	32.9896
1397777795.372	n	9.8774	3.60185	23.281	32.9893
1397777795.436	n	9.8776	3.60185	23.284	32.9891
1397777795.499	n	9.8778	3.60185	23.283	32.9889
1397777795.560	n	9.8781	3.60186	23.286	32.9888
1397777795.622	n	9.8783	3.60186	23.288	32.9886
1397777795.685	n	9.8786	3.60187	23.290	32.9885
1397777795.750	n	9.8788	3.60188	23.291	32.9884
1397777795.812	n	9.8790	3.60188	23.292	32.9882
1397777795.873	n	9.8791	3.60189	23.290	32.9882
1397777795.935	n	9.8793	3.60191	23.294	32.9882
1397777796.000	n	9.8794	3.60192	23.295	32.9882
1397777796.061	n	9.8795	3.60193	23.295	32.9882
1397777796.123	n	9.8796	3.60193	23.290	32.9882
1397777796.186	n	9.8797	3.60193	23.292	32.9880
1397777796.249	n	9.8797	3.60193	23.289	32.9881
1397777796.310	n	9.8797	3.60193	23.286	32.9880
1397777796.372	n	9.8797	3.60192	23.288	32.9880
1397777796.434	n	9.8797	3.60192	23.288	32.9879
1397777796.499	n	9.8797	3.60191	23.287	32.9879
1397777796.560	n	9.8797	3.60190	23.284	32.9877
1397777796.623	n	9.8798	3.60190	23.282	32.9877
1397777796.685	n	9.8798	3.60190	23.280	32.9876
1397777796.747	n	9.8798	3.60190	23.278	32.9876
1397777796.811	n	9.8798	3.60189	23.277	32.9875
1397777796.873	n	9.8799	3.60188	23.273	32.9874
1397777796.935	n	9.8799	3.60188	23.271	32.9874
1397777796.997	n	9.8799	3.60188	23.271	32.9874
1397777797.061	n	9.8799	3.60186	23.265	32.9872
1397777797.124	n	9.8799	3.60185	23.265	32.9871
1397777797.202	y	9.8799	3.60183	23.264	32.9869
1397777797.251	n	9.8799	3.60181	23.257	32.9866
1397777797.488	y	9.8799	3.60178	23.256	32.9864
1397777797.497	n	9.8799	3.60176	23.254	32.9862
1397777797.504	n	9.8799	3.60173	23.249	32.9859
1397777797.510	n	9.8799	3.60170	23.244	32.9855
1397777797.561	n	9.8799	3.60167	23.239	32.9852
1397777797.623	n	9.8799	3.60165	23.238	32.9850
1397777797.685	n	9.8799	3.60162	23.231	32.9847
1397777797.747	n	9.8798	3.60159	23.229	32.9845
1397777797.811	n	9.8797	3.60155	23.225	32.9842
1397777797.873	n	9.8797	3.60152	23.221	32.9840
1397777797.935	n	9.8796	3.60150	23.213	32.9838
1397777798.000	n	9.8795	3.60149	23.215	32.9837
1397777798.061	n	9.8794	3.60147	23.205	32.9837
1397777798.124	n	9.8792	3.60146	23.203	32.9837
1397777798.184	n	9.8790	3.60145	23.196	32.9838
1397777798.251	n	9.8789	3.60144	23.192	32.9839
1397777798.311	n	9.8788	3.60143	23.187	32.9838
1397777798.373	n	9.8787	3.60143	23.184	32.9839
1397777798.435	n	9.8787	3.60143	23.176	32.9840
1397777798.498	n	9.8786	3.60144	23.173	32.9841
1397777798.561	n	9.8785	3.60145	23.169	32.9843
1397777798.623	n	9.8783	3.60145	23.163	32.9845
1397777798.684	n	9.8781	3.60146	23.160	32.9847
1397777798.747	n	9.8780	3.60148	23.154	32.9851
1397777798.811	n	9.8778	3.60150	23.148	32.9854
1397777798.873	n	9.8777	3.60151	23.145	32.9857
1397777798.935	n	9.8776	3.60152	23.144	32.9858
1397777798.997	n	9.8775	3.60151	23.138	32.9858
1397777799.061	n	9.8775	3.60150	23.134	32.9858
1397777799.124	n	9.8775	3.60150	23.129	32.9857
1397777799.184	n	9.8774	3.60149	23.125	32.9857
1397777799.251	n	9.8774	3.60149	23.120	32.9858
1397777799.311	n	9.8774	3.60149	23.118	32.9857
1397777799.374	n	9.8774	3.60147	23.112	32.9856
1397777799.436	n	9.8773	3.60146	23.106	32.9855
1397777799.498	n	9.8773	3.60145	23.102	32.9854
1397777799.562	n	9.8772	3.60143	23.099	32.9853
1397777799.622	n	9.8772	3.60143	23.097	32.9854
1397777799.684	n	9.8771	3.60142	23.091	32.9853
1397777799.747	n	9.8770	3.60140	23.088	32.9852
1397777799.810	n	9.8769	3.60139	23.085	32.9852
1397777799.872	n	9.8768	3.60138	23.082	32.9851
1397777799.936	n	9.8767	3.60136	23.078	32.9851
1397777800.000	n	9.8766	3.60135	23.071	32.9850
1397777800.061	n	9.8765	3.60132	23.069	32.9849
1397777800.121	n	9.8763	3.60129	23.068	32.9847
1397777800.185	n	9.8761	3.60127	23.066	32.9847
1397777800.254	n	9.8759	3.60124	23.063	32.9846
1397777800.310	n	9.8757	3.60122	23.063	32.9846
1397777800.372	n	9.8754	3.60119	23.059	32.9846
1397777800.435	n	9.8752	3.60116	23.056	32.9844
1397777800.499	n	9.8749	3.60111	23.050	32.9841
1397777800.560	n	9.8747	3.60106	23.050	32.9839
1397777800.622	n	9.8744	3.60102	23.048	32.9838
1397777800.684	n	9.8741	3.60098	23.048	32.9836
1397777800.747	n	9.8739	3.60095	23.048	32.9835
1397777800.817	n	9.8737	3.60092	23.046	32.9834
1397777800.938	y	9.8734	3.60090	23.045	32.9833
1397777800.943	n	9.8732	3.60088	23.040	32.9834
1397777800.999	n	9.8729	3.60086	23.038	32.9835
1397777801.059	n	9.8726	3.60086	23.038	32.9837
1397777801.123	n	9.8723	3.60084	23.038	32.9839
1397777801.185	n	9.8720	3.60084	23.031	32.9841
1397777801.248	n	9.8717	3.60083	23.032	32.9843
1397777801.333	n	9.8714	3.60082	23.028	32.9845
1397777801.373	y	9.8711	3.60082	23.023	32.9847
1397777801.434	n	9.8708	3.60081	23.023	32.9849
1397777801.497	n	9.8705	3.60080	23.020	32.9851
1397777801.696	y	9.8700	3.60079	23.018	32.9854
1397777801.704	n	9.8696	3.60078	23.012	32.9857
1397777801.709	n	9.8692	3.60077	23.009	32.9860
1397777801.748	n	9.8688	3.60077	23.007	32.9863
1397777801.810	n	9.8686	3.60076	22.999	32.9864
1397777801.873	n	9.8684	3.60074	22.998	32.9864
1397777801.935	n	9.8682	3.60073	22.994	32.9865
1397777801.997	n	9.8681	3.60071	22.987	32.9864
1397777802.059	n	9.8679	3.60070	22.981	32.9865
1397777802.123	n	9.8678	3.60069	22.977	32.9865
1397777802.185	n	9.8677	3.60068	22.972	32.9864
1397777802.254	n	9.8677	3.60067	22.969	32.9864
1397777802.309	n	9.8676	3.60066	22.964	32.9863
1397777802.372	n	9.8676	3.60065	22.961	32.9862
1397777802.437	n	9.8675	3.60063	22.955	32.9861
1397777802.498	n	9.8675	3.60062	22.943	32.9861
1397777802.592	n	9.8674	3.60062	22.938	32.9861
1397777802.623	n	9.8673	3.60061	22.935	32.9861
1397777802.686	n	9.8671	3.60060	22.930	32.9862
1397777802.748	n	9.8671	3.60060	22.920	32.9862
1397777802.810	n	9.8670	3.60059	22.915	32.9861
1397777802.872	n	9.8670	3.60058	22.911	32.9861
1397777802.935	n	9.8670	3.60057	22.905	32.9860
1397777802.997	n	9.8670	3.60056	22.898	32.9859
1397777803.061	n	9.8669	3.60056	22.886	32.9859
1397777803.123	n	9.8669	3.60056	22.882	32.9859
1397777803.185	n	9.8669	3.60056	22.872	32.9859
1397777803.249	n	9.8669	3.60056	22.864	32.9860
1397777803.310	n	9.8670	3.60057	22.858	32.9861
1397777803.373	n	9.8670	3.60058	22.851	32.9861
1397777803.435	n	9.8671	3.60058	22.842	32.9860
1397777803.497	n	9.8672	3.60059	22.835	32.9860
1397777803.560	n	9.8673	3.60059	22.826	32.9860
1397777803.622	n	9.8673	3.60061	22.817	32.9861
1397777803.684	n	9.8674	3.60062	22.813	32.9862
1397777803.749	n	9.8674	3.60064	22.797	32.9863
1397777803.810	n	9.8675	3.60064	22.787	32.9863
1397777803.872	n	9.8676	3.60064	22.782	32.9862
1397777803.935	n	9.8678	3.60065	22.768	32.9861
1397777803.998	n	9.8680	3.60066	22.758	32.9861
1397777804.060	n	9.8682	3.60067	22.746	32.9860
1397777804.122	n	9.8684	3.60069	22.735	32.9860
1397777804.185	n	9.8687	3.60070	22.726	32.9859
1397777804.247	n	9.8690	3.60071	22.719	32.9857
1397777804.310	n	9.8694	3.60073	22.706	32.9855
1397777804.372	n	9.8698	3.60074	22.697	32.9853
1397777804.434	n	9.8703	3.60076	22.683	32.9850
1397777804.497	n	9.8709	3.60078	22.668	32.9847
1397777804.562	y	9.8715	3.60079	22.658	32.9843
1397777804.623	n	9.8722	3.60081	22.645	32.9838
1397777804.685	n	9.8730	3.60082	22.630	32.9832
1397777804.747	n	9.8738	3.60083	22.619	32.9825
1397777804.811	n	9.8748	3.60084	22.606	32.9818
1397777804.873	n	9.8759	3.60086	22.595	32.9809
1397777804.935	n	9.8770	3.60088	22.579	32.9801
1397777804.998	n	9.8783	3.60091	22.567	32.9793
1397777805.060	n	9.8796	3.60094	22.552	32.9784
1397777805.123	n	9.8810	3.60095	22.540	32.9772
1397777805.185	n	9.8826	3.60097	22.525	32.9760
1397777805.247	n	9.8842	3.60097	22.511	32.9745
1397777805.310	n	9.8860	3.60098	22.497	32.9730
1397777805.372	n	9.8878	3.60100	22.480	32.9716
1397777805.435	n	9.8896	3.60103	22.468	32.9701
1397777805.497	n	9.8916	3.60104	22.454	32.9685
1397777805.559	n	9.8935	3.60105	22.437	32.9669
1397777805.623	n	9.8956	3.60107	22.423	32.9652
1397777805.686	n	9.8976	3.60108	22.405	32.9634
1397777805.748	n	9.8998	3.60109	22.391	32.9615
1397777805.927	y	9.9020	3.60111	22.372	32.9597
1397777805.933	n	9.9043	3.60113	22.353	32.9579
1397777805.939	n	9.9066	3.60115	22.338	32.9559
1397777805.997	n	9.9091	3.60118	22.324	32.9539
1397777806.059	n	9.9116	3.60119	22.309	32.9519
1397777806.122	n	9.9141	3.60121	22.292	32.9497
1397777806.186	n	9.9167	3.60123	22.276	32.9475
1397777806.249	n	9.9194	3.60124	22.259	32.9453
1397777806.311	n	9.9221	3.60126	22.240	32.9430
1397777806.372	n	9.9249	3.60129	22.223	32.9407
1397777806.435	n	9.9278	3.60131	22.208	32.9383
1397777806.499	n	9.9309	3.60134	22.190	32.9358
1397777806.560	n	9.9340	3.60136	22.174	32.9331
1397777806.621	n	9.9372	3.60138	22.157	32.9304
1397777806.685	n	9.9404	3.60139	22.136	32.9276
1397777806.748	n	9.9436	3.60140	22.120	32.9249
1397777806.810	n	9.9469	3.60142	22.101	32.9221
1397777806.872	n	9.9503	3.60144	22.083	32.9192
1397777806.935	n	9.9538	3.60146	22.068	32.9162
1397777806.998	n	9.9573	3.60148	22.050	32.9132
1397777807.059	n	9.9609	3.60151	22.030	32.9101
1397777807.122	n	9.9646	3.60153	22.011	32.9070
1397777807.186	n	9.9684	3.60155	21.994	32.9038
1397777807.249	n	9.9723	3.60158	21.976	32.9005
1397777807.310	n	9.9763	3.60159	21.959	32.8971
1397777807.373	n	9.9803	3.60161	21.942	32.8935
1397777807.435	n	9.9844	3.60162	21.923	32.8899
1397777807.499	n	9.9886	3.60163	21.901	32.8862
1397777807.560	n	9.9929	3.60165	21.883	32.8825
1397777807.622	n	9.9973	3.60167	21.868	32.8787
1397777807.684	n	10.0017	3.60170	21.849	32.8750
1397777807.748	n	10.0060	3.60172	21.832	32.8713
1397777807.811	n	10.0104	3.60175	21.812	32.8676
1397777807.873	n	10.0148	3.60177	21.790	32.8638
1397777807.935	n	10.0192	3.60178	21.773	32.8600
1397777807.999	n	10.0236	3.60178	21.754	32.8560
1397777808.061	n	10.0280	3.60179	21.737	32.8521
1397777808.122	n	10.0324	3.60180	21.720	32.8482
1397777808.184	y	10.0367	3.60181	21.704	32.8444
1397777808.250	n	10.0411	3.60183	21.684	32.8406
1397777808.309	n	10.0454	3.60185	21.669	32.8369
1397777808.373	n	10.0497	3.60186	21.649	32.8331
1397777808.434	n	10.0540	3.60187	21.632	32.8294
1397777808.497	n	10.0582	3.60189	21.612	32.8257
1397777808.559	n	10.0624	3.60190	21.596	32.8220
1397777808.623	n	10.0665	3.60191	21.578	32.8184
1397777808.686	n	10.0706	3.60192	21.560	32.8148
1397777808.747	n	10.0745	3.60192	21.542	32.8112
1397777808.810	n	10.0784	3.60192	21.526	32.8077
1397777808.872	n	10.0823	3.60193	21.511	32.8043
1397777808.934	n	10.0861	3.60195	21.494	32.8010
1397777808.998	n	10.0899	3.60196	21.474	32.7977
1397777809.059	n	10.0936	3.60196	21.456	32.7943
1397777809.122	n	10.0973	3.60195	21.440	32.7909
1397777809.184	n	10.1011	3.60194	21.425	32.7875
1397777809.253	n	10.1048	3.60195	21.408	32.7842
1397777809.310	n	10.1085	3.60197	21.390	32.7810
1397777809.373	n	10.1122	3.60198	21.376	32.7777
1397777809.435	n	10.1160	3.60199	21.357	32.7745
1397777809.498	n	10.1198	3.60200	21.341	32.7711
1397777809.560	n	10.1235	3.60200	21.326	32.7677
1397777809.622	n	10.1273	3.60201	21.309	32.7644
1397777809.685	n	10.1311	3.60201	21.289	32.7611
1397777809.749	n	10.1349	3.60201	21.276	32.7576
1397777809.809	n	10.1387	3.60201	21.263	32.7542
1397777809.872	n	10.1425	3.60202	21.248	32.7507
1397777809.934	n	10.1464	3.60202	21.235	32.7473
1397777809.997	n	10.1502	3.60203	21.218	32.7439
1397777810.169	y	10.1541	3.60203	21.207	32.7404
1397777810.174	n	10.1580	3.60203	21.190	32.7369
1397777810.186	n	10.1619	3.60203	21.177	32.7335
1397777810.251	n	10.1657	3.60204	21.162	32.7300
1397777810.309	n	10.1695	3.60204	21.149	32.7266
1397777810.373	n	10.1732	3.60203	21.133	32.7232
1397777810.436	n	10.1768	3.60202	21.117	32.7199
1397777810.497	n	10.1804	3.60202	21.102	32.7166
1397777810.560	n	10.1839	3.60203	21.087	32.7136
1397777810.623	n	10.1873	3.60203	21.073	32.7105
1397777810.685	n	10.1906	3.60203	21.059	32.7075
1397777810.747	n	10.1939	3.60203	21.045	32.7046
1397777810.810	n	10.1971	3.60203	21.030	32.7017
1397777810.873	n	10.2003	3.60203	21.020	32.6988
1397777810.936	n	10.2035	3.60203	21.000	32.6959
1397777810.997	n	10.2066	3.60202	20.981	32.6930
1397777811.060	n	10.2097	3.60201	20.966	32.6901
1397777811.123	n	10.2128	3.60199	20.950	32.6872
1397777811.185	n	10.2158	3.60198	20.931	32.6844
1397777811.251	n	10.2188	3.60198	20.918	32.6817
1397777811.310	n	10.2218	3.60197	20.900	32.6789
1397777811.372	n	10.2248	3.60197	20.883	32.6761
1397777811.435	n	10.2278	3.60196	20.869	32.6733
1397777811.499	n	10.2309	3.60194	20.854	32.6703
1397777811.560	n	10.2340	3.60192	20.834	32.6674
1397777811.622	n	10.2371	3.60191	20.814	32.6645
1397777811.684	n	10.2403	3.60189	20.795	32.6615
1397777811.748	n	10.2435	3.60189	20.783	32.6585
1397777811.810	n	10.2468	3.60189	20.765	32.6556
1397777811.894	y	10.2502	3.60191	20.747	32.6527
1397777811.935	n	10.2537	3.60193	20.731	32.6498
1397777811.997	n	10.2572	3.60194	20.714	32.6468
1397777812.060	n	10.2608	3.60195	20.694	32.6437
1397777812.123	n	10.2644	3.60195	20.678	32.6404
1397777812.185	n	10.2682	3.60194	20.659	32.6369
1397777812.247	n	10.2721	3.60194	20.639	32.6334
1397777812.310	n	10.2760	3.60194	20.627	32.6299
1397777812.372	n	10.2799	3.60195	20.607	32.6265
1397777812.434	n	10.2838	3.60195	20.586	32.6230
1397777812.498	n	10.2877	3.60195	20.567	32.6195
1397777812.559	n	10.2915	3.60193	20.553	32.6159
1397777812.623	n	10.2954	3.60192	20.530	32.6123
1397777812.684	n	10.2992	3.60192	20.510	32.6088
1397777812.749	n	10.3030	3.60192	20.493	32.6054
1397777812.810	n	10.3069	3.60191	20.474	32.6019
1397777812.872	n	10.3107	3.60190	20.453	32.5983
1397777812.935	n	10.3145	3.60189	20.436	32.5948
1397777812.998	n	10.3184	3.60188	20.417	32.5913
1397777813.061	n	10.3223	3.60187	20.397	32.5877
1397777813.123	n	10.3261	3.60185	20.376	32.5840
1397777813.186	n	10.3300	3.60183	20.363	32.5804
1397777813.247	n	10.3339	3.60182	20.339	32.5767
1397777813.310	n	10.3378	3.60181	20.319	32.5732
1397777813.373	n	10.3416	3.60181	20.299	32.5698
1397777813.436	n	10.3454	3.60183	20.280	32.5666
1397777813.498	n	10.3492	3.60185	20.261	32.5633
1397777813.560	n	10.3530	3.60185	20.237	32.5601
1397777813.623	n	10.3567	3.60186	20.215	32.5568
1397777813.686	n	10.3603	3.60186	20.197	32.5536
1397777813.749	n	10.3638	3.60186	20.174	32.5504
1397777813.809	n	10.3673	3.60186	20.154	32.5474
1397777813.873	n	10.3707	3.60186	20.136	32.5443
1397777813.936	n	10.3741	3.60184	20.111	32.5411
1397777814.043	y	10.3774	3.60183	20.090	32.5381
1397777814.060	n	10.3806	3.60182	20.069	32.5351
1397777814.122	n	10.3837	3.60181	20.050	32.5322
1397777814.186	n	10.3869	3.60180	20.031	32.5293
1397777814.247	n	10.3900	3.60180	20.011	32.5264
1397777814.417	y	10.3931	3.60179	19.985	32.5236
1397777814.424	n	10.3961	3.60179	19.962	32.5210
1397777814.435	n	10.3990	3.60179	19.944	32.5183
1397777814.497	n	10.4020	3.60178	19.922	32.5156
1397777814.559	n	10.4049	3.60178	19.903	32.5130
1397777814.621	n	10.4077	3.60178	19.882	32.5104
1397777814.685	n	10.4105	3.60178	19.862	32.5080
1397777814.749	n	10.4133	3.60179	19.844	32.5056
1397777814.810	n	10.4160	3.60179	19.819	32.5032
1397777814.873	n	10.4187	3.60178	19.799	32.5007
1397777814.935	n	10.4214	3.60178	19.781	32.4983
1397777814.999	n	10.4241	3.60178	19.758	32.4959
1397777815.060	n	10.4269	3.60178	19.738	32.4934
1397777815.122	n	10.4296	3.60178	19.718	32.4910
1397777815.185	n	10.4323	3.60178	19.701	32.4886
1397777815.248	n	10.4349	3.60178	19.680	32.4863
1397777815.309	n	10.4376	3.60177	19.663	32.4839
1397777815.372	n	10.4403	3.60177	19.643	32.4814
1397777815.435	y	10.4431	3.60176	19.620	32.4789
1397777815.499	n	10.4458	3.60176	19.603	32.4764
1397777815.561	n	10.4486	3.60176	19.583	32.4739
1397777815.623	n	10.4513	3.60177	19.566	32.4716
1397777815.685	n	10.4541	3.60178	19.547	32.4692
1397777815.748	n	10.4569	3.60178	19.530	32.4667
1397777815.810	n	10.4596	3.60177	19.507	32.4642
1397777815.872	n	10.4624	3.60176	19.485	32.4617
1397777815.936	n	10.4651	3.60176	19.468	32.4592
1397777815.999	n	10.4679	3.60177	19.450	32.4568
1397777816.061	n	10.4707	3.60177	19.429	32.4543
1397777816.123	n	10.4735	3.60176	19.407	32.4518
1397777816.186	n	10.4764	3.60175	19.392	32.4491
1397777816.247	n	10.4794	3.60174	19.376	32.4463
1397777816.310	n	10.4827	3.60172	19.358	32.4433
1397777816.373	n	10.4860	3.60171	19.337	32.4401
1397777816.436	n	10.4895	3.60169	19.316	32.4368
1397777816.498	n	10.4931	3.60168	19.298	32.4335
1397777816.560	n	10.4968	3.60168	19.278	32.4302
1397777816.623	n	10.5006	3.60169	19.262	32.4270
1397777816.685	n	10.5044	3.60170	19.242	32.4237
1397777816.749	n	10.5084	3.60171	19.224	32.4203
1397777816.811	n	10.5124	3.60172	19.203	32.4167
1397777816.873	n	10.5165	3.60171	19.186	32.4131
1397777816.936	n	10.5207	3.60171	19.166	32.4094
1397777816.998	n	10.5248	3.60171	19.149	32.4057
1397777817.059	n	10.5290	3.60172	19.129	32.4020
1397777817.123	n	10.5332	3.60172	19.109	32.3984
1397777817.185	n	10.5374	3.60172	19.091	32.3946
1397777817.247	n	10.5417	3.60172	19.072	32.3908
1397777817.309	n	10.5459	3.60171	19.054	32.3870
1397777817.373	n	10.5501	3.60171	19.036	32.3833
1397777817.437	n	10.5540	3.60171	19.019	32.3797
1397777817.498	n	10.5577	3.60170	18.997	32.3763
1397777817.560	n	10.5612	3.60169	18.979	32.3732
1397777817.622	n	10.5645	3.60168	18.957	32.3702
1397777817.686	n	10.5676	3.60166	18.941	32.3673
1397777817.749	n	10.5709	3.60165	18.926	32.3643
1397777817.810	n	10.5742	3.60164	18.908	32.3612
1397777817.873	n	10.5777	3.60163	18.890	32.3581
1397777817.937	n	10.5811	3.60162	18.871	32.3548
1397777818.000	n	10.5845	3.60159	18.849	32.3516
1397777818.060	n	10.5879	3.60157	18.837	32.3484
1397777818.122	n	10.5913	3.60156	18.822	32.3453
1397777818.185	n	10.5948	3.60157	18.803	32.3423
1397777818.248	n	10.5984	3.60157	18.783	32.3391
1397777818.309	n	10.6022	3.60158	18.770	32.3359
1397777818.372	n	10.6060	3.60159	18.755	32.3325
1397777818.434	n	10.6100	3.60159	18.737	32.3291
1397777818.498	n	10.6139	3.60159	18.720	32.3256
1397777818.674	y	10.6179	3.60159	18.704	32.3221
1397777818.680	n	10.6219	3.60159	18.686	32.3185
1397777818.688	n	10.6258	3.60158	18.670	32.3149
1397777818.747	n	10.6297	3.60158	18.654	32.3115
1397777818.810	n	10.6336	3.60157	18.639	32.3081
1397777818.873	n	10.6373	3.60158	18.620	32.3047
1397777818.937	n	10.6410	3.60157	18.602	32.3015
1397777818.999	n	10.6444	3.60157	18.586	32.2984
1397777819.060	n	10.6477	3.60157	18.569	32.2955
1397777819.123	n	10.6508	3.60157	18.554	32.2928
1397777819.265	y	10.6537	3.60157	18.538	32.2902
1397777819.275	n	10.6564	3.60156	18.516	32.2878
1397777819.310	n	10.6589	3.60155	18.499	32.2854
1397777819.373	n	10.6612	3.60153	18.485	32.2833
1397777819.435	n	10.6633	3.60152	18.469	32.2813
1397777819.499	n	10.6653	3.60152	18.454	32.2795
1397777819.561	n	10.6671	3.60150	18.440	32.2777
1397777819.623	n	10.6689	3.60149	18.422	32.2760
1397777819.685	n	10.6707	3.60149	18.406	32.2744
1397777819.749	n	10.6725	3.60149	18.390	32.2729
1397777819.810	n	10.6742	3.60149	18.377	32.2714
1397777819.872	n	10.6758	3.60149	18.360	32.2699
1397777819.934	n	10.6774	3.60147	18.345	32.2685
1397777819.998	n	10.6789	3.60146	18.331	32.2670
1397777820.059	n	10.6803	3.60145	18.319	32.2656
1397777820.122	n	10.6818	3.60145	18.306	32.2642
1397777820.184	n	10.6833	3.60145	18.292	32.2629
1397777820.247	n	10.6848	3.60145	18.277	32.2616
1397777820.310	n	10.6863	3.60146	18.264	32.2604
1397777820.372	n	10.6877	3.60147	18.252	32.2593
1397777820.434	n	10.6892	3.60147	18.238	32.2580
1397777820.498	n	10.6906	3.60146	18.227	32.2567
1397777820.559	n	10.6921	3.60146	18.213	32.2553
1397777820.623	n	10.6936	3.60145	18.198	32.2540
1397777820.685	n	10.6951	3.60146	18.187	32.2527
1397777820.749	n	10.6966	3.60146	18.178	32.2514
1397777820.810	n	10.6982	3.60146	18.164	32.2499
1397777820.873	n	10.6999	3.60146	18.153	32.2485
1397777820.936	n	10.7016	3.60145	18.140	32.2469
1397777820.997	n	10.7034	3.60145	18.126	32.2453
1397777821.061	n	10.7052	3.60145	18.111	32.2438
1397777821.123	n	10.7070	3.60146	18.101	32.2422
1397777821.186	n	10.7088	3.60147	18.092	32.2407
1397777821.247	n	10.7107	3.60149	18.078	32.2392
1397777821.311	n	10.7127	3.60150	18.063	32.2377
1397777821.373	n	10.7147	3.60151	18.052	32.2360
1397777821.436	n	10.7168	3.60152	18.040	32.2342
1397777821.497	n	10.7189	3.60153	18.030	32.2324
1397777821.561	n	10.7212	3.60154	18.020	32.2306
1397777821.623	n	10.7235	3.60155	18.005	32.2287
1397777821.685	n	10.7258	3.60157	17.989	32.2267
1397777821.747	n	10.7283	3.60158	17.977	32.2247
1397777821.809	n	10.7309	3.60159	17.965	32.2225
1397777821.872	n	10.7335	3.60160	17.956	32.2203
1397777821.936	n	10.7362	3.60161	17.941	32.2181
1397777821.998	n	10.7390	3.60162	17.926	32.2157
1397777822.060	n	10.7418	3.60163	17.911	32.2133
1397777822.123	n	10.7447	3.60164	17.901	32.2109
1397777822.185	n	10.7475	3.60164	17.889	32.2085
1397777822.248	n	10.7503	3.60166	17.875	32.2062
1397777822.311	n	10.7530	3.60168	17.861	32.2039
1397777822.373	n	10.7557	3.60169	17.847	32.2017
1397777822.435	n	10.7582	3.60170	17.833	32.1996
1397777822.498	n	10.7607	3.60172	17.817	32.1976
1397777822.561	n	10.7631	3.60173	17.802	32.1956
1397777822.623	n	10.7655	3.60174	17.790	32.1936
1397777822.686	n	10.7678	3.60175	17.775	32.1917
1397777822.747	n	10.7701	3.60176	17.758	32.1898
1397777822.935	y	10.7723	3.60177	17.744	32.1880
1397777823.007	y	10.7743	3.60178	17.726	32.1863
1397777823.013	n	10.7764	3.60180	17.715	32.1846
1397777823.019	n	10.7784	3.60181	17.700	32.1830
1397777823.061	n	10.7803	3.60183	17.685	32.1815
1397777823.123	n	10.7821	3.60184	17.669	32.1801
1397777823.185	n	10.7838	3.60186	17.653	32.1788
1397777823.248	n	10.7853	3.60188	17.639	32.1776
1397777823.310	n	10.7868	3.60191	17.627	32.1767
1397777823.373	n	10.7881	3.60193	17.609	32.1757
1397777823.434	n	10.7893	3.60195	17.592	32.1748
1397777823.500	n	10.7905	3.60196	17.574	32.1739
1397777823.561	n	10.7917	3.60198	17.559	32.1730
1397777823.621	n	10.7928	3.60200	17.543	32.1723
1397777823.686	n	10.7939	3.60204	17.527	32.1716
1397777823.748	n	10.7951	3.60206	17.508	32.1709
1397777823.810	n	10.7961	3.60208	17.493	32.1702
1397777823.872	n	10.7972	3.60209	17.473	32.1693
1397777823.935	n	10.7981	3.60209	17.454	32.1686
1397777823.998	n	10.7989	3.60208	17.436	32.1678
1397777824.061	n	10.7995	3.60209	17.419	32.1673
1397777824.123	n	10.8002	3.60209	17.403	32.1668
1397777824.186	n	10.8007	3.60209	17.381	32.1663
1397777824.249	n	10.8012	3.60209	17.361	32.1658
1397777824.309	n	10.8017	3.60209	17.341	32.1654
1397777824.373	n	10.8022	3.60209	17.323	32.1651
1397777824.435	n	10.8026	3.60211	17.301	32.1648
1397777824.497	n	10.8030	3.60212	17.278	32.1646
1397777824.560	n	10.8034	3.60212	17.257	32.1643
1397777824.623	n	10.8038	3.60212	17.239	32.1639
1397777824.687	n	10.8042	3.60211	17.219	32.1636
1397777824.747	n	10.8045	3.60211	17.197	32.1632
1397777824.810	n	10.8048	3.60211	17.180	32.1629
1397777824.872	n	10.8052	3.60211	17.161	32.1626
1397777824.936	n	10.8056	3.60211	17.140	32.1623
1397777824.998	n	10.8059	3.60211	17.119	32.1620
1397777825.061	n	10.8062	3.60210	17.098	32.1617
1397777825.123	n	10.8064	3.60210	17.075	32.1615
1397777825.187	n	10.8067	3.60210	17.053	32.1613
1397777825.248	n	10.8070	3.60211	17.036	32.1612
1397777825.310	n	10.8072	3.60211	17.015	32.1610
1397777825.372	n	10.8075	3.60212	16.992	32.1608
1397777825.435	n	10.8079	3.60213	16.969	32.1605
1397777825.499	n	10.8083	3.60213	16.952	32.1602
1397777825.560	n	10.8087	3.60213	16.931	32.1599
1397777825.622	n	10.8091	3.60214	16.908	32.1597
1397777825.685	n	10.8095	3.60215	16.887	32.1594
1397777825.749	n	10.8100	3.60216	16.861	32.1591
1397777825.810	n	10.8106	3.60217	16.843	32.1587
1397777825.872	n	10.8113	3.60218	16.823	32.1582
1397777825.935	n	10.8120	3.60219	16.801	32.1576
1397777825.999	n	10.8129	3.60221	16.779	32.1570
1397777826.059	n	10.8137	3.60223	16.757	32.1566
1397777826.122	n	10.8145	3.60226	16.732	32.1562
1397777826.184	n	10.8153	3.60228	16.710	32.1557
1397777826.247	n	10.8162	3.60231	16.691	32.1552
1397777826.311	n	10.8170	3.60234	16.670	32.1547
1397777826.376	y	10.8178	3.60237	16.644	32.1543
1397777826.434	n	10.8186	3.60240	16.626	32.1539
1397777826.498	n	10.8194	3.60242	16.604	32.1535
1397777826.560	n	10.8202	3.60245	16.580	32.1530
1397777826.623	n	10.8211	3.60248	16.557	32.1526
1397777826.686	n	10.8220	3.60250	16.539	32.1520
1397777826.747	n	10.8230	3.60254	16.512	32.1515
1397777826.810	n	10.8242	3.60259	16.491	32.1510
1397777826.872	n	10.8253	3.60263	16.466	32.1505
1397777826.934	n	10.8265	3.60268	16.444	32.1500
1397777827.000	n	10.8276	3.60274	16.425	32.1496
1397777827.166	y	10.8286	3.60280	16.401	32.1493
1397777827.172	n	10.8296	3.60287	16.377	32.1491
1397777827.186	n	10.8305	3.60293	16.356	32.1489
1397777827.248	n	10.8315	3.60299	16.331	32.1487
1397777827.311	n	10.8323	3.60305	16.308	32.1485
1397777827.373	n	10.8332	3.60310	16.286	32.1483
1397777827.434	n	10.8340	3.60316	16.263	32.1481
1397777827.499	n	10.8349	3.60321	16.241	32.1478
1397777827.561	n	10.8357	3.60325	16.219	32.1476
1397777827.623	n	10.8365	3.60330	16.193	32.1474
1397777827.686	n	10.8372	3.60334	16.173	32.1471
1397777827.748	n	10.8379	3.60337	16.151	32.1469
1397777827.810	n	10.8385	3.60341	16.128	32.1467
1397777827.872	n	10.8391	3.60345	16.105	32.1465
1397777827.935	n	10.8397	3.60349	16.085	32.1464
1397777827.997	n	10.8403	3.60352	16.062	32.1463
1397777828.061	n	10.8407	3.60355	16.039	32.1462
1397777828.123	n	10.8412	3.60356	16.016	32.1459
1397777828.187	n	10.8417	3.60357	15.995	32.1456
1397777828.247	n	10.8421	3.60359	15.972	32.1454
1397777828.309	n	10.8426	3.60362	15.950	32.1453
1397777828.373	n	10.8431	3.60366	15.925	32.1453
1397777828.435	n	10.8435	3.60369	15.907	32.1451
1397777828.498	n	10.8441	3.60371	15.884	32.1449
1397777828.559	n	10.8446	3.60373	15.861	32.1446
1397777828.622	n	10.8452	3.60376	15.837	32.1444
1397777828.687	n	10.8457	3.60379	15.817	32.1443
1397777828.749	n	10.8462	3.60383	15.794	32.1443
1397777828.811	n	10.8466	3.60387	15.773	32.1443
1397777828.873	n	10.8471	3.60393	15.750	32.1445
1397777828.936	n	10.8474	3.60399	15.727	32.1448
1397777828.998	n	10.8478	3.60405	15.705	32.1451
1397777829.060	n	10.8481	3.60411	15.684	32.1454
1397777829.122	n	10.8485	3.60417	15.664	32.1456
1397777829.185	n	10.8490	3.60422	15.640	32.1458
1397777829.249	n	10.8495	3.60429	15.616	32.1460
1397777829.311	n	10.8500	3.60436	15.596	32.1463
1397777829.375	n	10.8505	3.60444	15.577	32.1466
1397777829.509	y	10.8511	3.60451	15.558	32.1468
1397777829.515	n	10.8517	3.60457	15.538	32.1469
1397777829.561	n	10.8524	3.60463	15.518	32.1469
1397777829.623	n	10.8530	3.60469	15.502	32.1470
1397777829.685	n	10.8536	3.60475	15.486	32.1470
1397777829.748	n	10.8542	3.60480	15.465	32.1470
1397777829.810	n	10.8548	3.60485	15.448	32.1469
1397777829.872	n	10.8554	3.60489	15.430	32.1468
1397777829.935	n	10.8560	3.60493	15.418	32.1467
1397777829.999	n	10.8566	3.60498	15.402	32.1467
1397777830.061	n	10.8572	3.60504	15.388	32.1468
1397777830.122	n	10.8578	3.60511	15.371	32.1469
1397777830.204	y	10.8583	3.60517	15.354	32.1471
1397777830.249	n	10.8589	3.60523	15.342	32.1472
1397777830.311	n	10.8594	3.60529	15.325	32.1474
1397777830.373	n	10.8599	3.60535	15.310	32.1475
1397777830.434	n	10.8604	3.60542	15.299	32.1478
1397777830.498	n	10.8608	3.60550	15.283	32.1482
1397777830.561	n	10.8613	3.60558	15.267	32.1485
1397777830.623	n	10.8618	3.60566	15.254	32.1489
1397777830.685	n	10.8623	3.60574	15.239	32.1493
1397777830.749	n	10.8629	3.60584	15.225	32.1498
1397777830.810	n	10.8634	3.60594	15.210	32.1503
1397777830.872	n	10.8640	3.60605	15.198	32.1509
1397777830.935	n	10.8646	3.60616	15.186	32.1515
1397777830.998	n	10.8653	3.60628	15.173	32.1520
1397777831.061	n	10.8660	3.60639	15.159	32.1525
1397777831.123	n	10.8668	3.60651	15.144	32.1530
1397777831.184	n	10.8676	3.60664	15.133	32.1536
1397777831.247	n	10.8685	3.60677	15.118	32.1542
1397777831.415	y	10.8693	3.60691	15.105	32.1548
1397777831.428	n	10.8701	3.60704	15.097	32.1554
1397777831.435	n	10.8710	3.60717	15.082	32.1559
1397777831.498	n	10.8718	3.60728	15.069	32.1563
1397777831.561	n	10.8727	3.60740	15.055	32.1566
1397777831.623	n	10.8736	3.60752	15.043	32.1571
1397777831.686	n	10.8744	3.60764	15.031	32.1575
1397777831.748	n	10.8752	3.60775	15.017	32.1580
1397777831.809	n	10.8760	3.60787	15.003	32.1584
1397777831.872	n	10.8768	3.60797	14.994	32.1588
1397777831.936	n	10.8775	3.60808	14.980	32.1592
1397777831.997	n	10.8782	3.60818	14.964	32.1597
1397777832.060	n	10.8789	3.60829	14.956	32.1602
1397777832.123	n	10.8795	3.60840	14.944	32.1606
1397777832.186	n	10.8803	3.60850	14.933	32.1610
1397777832.247	n	10.8810	3.60861	14.915	32.1615
1397777832.310	n	10.8815	3.60871	14.902	32.1620
1397777832.372	n	10.8820	3.60880	14.889	32.1625
1397777832.438	n	10.8824	3.60889	14.879	32.1630
1397777832.498	n	10.8828	3.60896	14.867	32.1634
1397777832.560	n	10.8833	3.60903	14.853	32.1637
1397777832.622	n	10.8837	3.60910	14.842	32.1639
1397777832.686	n	10.8841	3.60917	14.831	32.1643
1397777832.747	n	10.8844	3.60923	14.815	32.1647
1397777832.810	n	10.8847	3.60931	14.804	32.1651
1397777832.872	n	10.8850	3.60938	14.793	32.1656
1397777832.935	n	10.8853	3.60945	14.780	32.1661
1397777832.999	n	10.8854	3.60953	14.766	32.1667
1397777833.061	n	10.8856	3.60960	14.752	32.1673
1397777833.123	n	10.8858	3.60968	14.742	32.1679
1397777833.186	n	10.8861	3.60975	14.727	32.1684
1397777833.249	n	10.8863	3.60983	14.714	32.1689
1397777833.311	n	10.8866	3.60990	14.698	32.1694
1397777833.373	n	10.8869	3.60997	14.684	32.1699
1397777833.438	n	10.8872	3.61004	14.670	32.1703
1397777833.497	n	10.8875	3.61012	14.656	32.1708
1397777833.561	n	10.8878	3.61020	14.639	32.1714
1397777833.624	n	10.8880	3.61029	14.625	32.1721
1397777833.687	n	10.8882	3.61037	14.609	32.1727
1397777833.749	n	10.8884	3.61046	14.593	32.1734
1397777833.811	y	10.8887	3.61055	14.576	32.1741
1397777833.873	n	10.8889	3.61063	14.562	32.1747
1397777833.935	n	10.8892	3.61072	14.544	32.1753
1397777833.998	n	10.8894	3.61080	14.527	32.1760
1397777834.060	n	10.8896	3.61088	14.513	32.1766
1397777834.123	n	10.8898	3.61097	14.497	32.1773
1397777834.184	n	10.8899	3.61105	14.481	32.1780
1397777834.248	n	10.8901	3.61111	14.463	32.1784
1397777834.310	n	10.8903	3.61117	14.448	32.1789
1397777834.374	n	10.8904	3.61122	14.431	32.1793
1397777834.440	n	10.8905	3.61128	14.409	32.1798
1397777834.498	n	10.8906	3.61134	14.395	32.1803
1397777834.559	n	10.8907	3.61139	14.375	32.1807
1397777834.622	n	10.8908	3.61143	14.356	32.1811
1397777834.686	n	10.8909	3.61146	14.337	32.1813
1397777834.747	n	10.8910	3.61149	14.320	32.1814
1397777834.811	n	10.8912	3.61152	14.300	32.1816
1397777834.873	n	10.8914	3.61154	14.281	32.1817
1397777834.935	n	10.8915	3.61156	14.263	32.1818
1397777834.999	n	10.8916	3.61158	14.242	32.1819
1397777835.060	n	10.8917	3.61160	14.226	32.1820
1397777835.123	n	10.8918	3.61161	14.206	32.1820
1397777835.186	n	10.8919	3.61161	14.187	32.1820
1397777835.249	n	10.8920	3.61160	14.170	32.1818
1397777835.310	n	10.8921	3.61159	14.149	32.1816
1397777835.373	n	10.8922	3.61159	14.127	32.1815
1397777835.438	n	10.8922	3.61159	14.110	32.1815
1397777835.497	n	10.8923	3.61160	14.087	32.1816
1397777835.678	y	10.8923	3.61161	14.069	32.1816
1397777835.687	n	10.8924	3.61161	14.050	32.1815
1397777835.693	n	10.8925	3.61161	14.026	32.1814
1397777835.747	n	10.8927	3.61160	14.008	32.1812
1397777835.810	n	10.8928	3.61160	13.989	32.1811
1397777835.873	n	10.8929	3.61160	13.966	32.1810
1397777835.935	n	10.8930	3.61161	13.946	32.1810
1397777835.999	n	10.8931	3.61162	13.926	32.1810
1397777836.060	n	10.8932	3.61163	13.908	32.1811
1397777836.123	n	10.8933	3.61165	13.887	32.1811
1397777836.187	n	10.8934	3.61167	13.862	32.1813
1397777836.247	n	10.8935	3.61170	13.844	32.1815
1397777836.311	n	10.8936	3.61172	13.825	32.1817
1397777836.373	n	10.8937	3.61174	13.802	32.1818
1397777836.437	n	10.8938	3.61176	13.779	32.1819
1397777836.498	n	10.8940	3.61178	13.759	32.1819
1397777836.561	n	10.8942	3.61180	13.741	32.1820
1397777836.623	n	10.8944	3.61182	13.720	32.1820
1397777836.685	n	10.8945	3.61185	13.701	32.1822
1397777836.747	n	10.8946	3.61187	13.679	32.1823
1397777836.811	n	10.8946	3.61188	13.660	32.1824
1397777836.873	n	10.8946	3.61190	13.637	32.1826
1397777836.935	n	10.8947	3.61193	13.619	32.1829
1397777836.998	n	10.8947	3.61196	13.594	32.1832
1397777837.060	n	10.8947	3.61199	13.573	32.1835
1397777837.123	n	10.8947	3.61202	13.554	32.1838
1397777837.187	n	10.8947	3.61204	13.533	32.1840
1397777837.249	n	10.8946	3.61205	13.513	32.1842
1397777837.311	n	10.8946	3.61208	13.494	32.1845
1397777837.373	y	10.8945	3.61209	13.470	32.1847
1397777837.439	n	10.8945	3.61211	13.450	32.1849
1397777837.498	n	10.8945	3.61213	13.430	32.1851
1397777837.561	n	10.8946	3.61215	13.406	32.1853
1397777837.624	n	10.8945	3.61216	13.389	32.1854
1397777837.686	n	10.8945	3.61218	13.371	32.1856
1397777837.748	n	10.8945	3.61219	13.350	32.1857
1397777837.811	n	10.8945	3.61219	13.327	32.1857
1397777837.874	n	10.8945	3.61221	13.309	32.1859
1397777837.935	n	10.8944	3.61223	13.290	32.1862
1397777838.000	n	10.8944	3.61225	13.269	32.1865
1397777838.060	n	10.8944	3.61227	13.249	32.1867
1397777838.123	n	10.8944	3.61228	13.229	32.1868
1397777838.185	n	10.8944	3.61229	13.204	32.1868
1397777838.248	n	10.8945	3.61230	13.187	32.1869
1397777838.310	n	10.8945	3.61232	13.170	32.1871
1397777838.372	n	10.8945	3.61234	13.150	32.1874
1397777838.440	n	10.8944	3.61236	13.132	32.1876
1397777838.497	n	10.8943	3.61238	13.111	32.1879
1397777838.561	n	10.8943	3.61240	13.091	32.1881
1397777838.623	n	10.8943	3.61240	13.072	32.1882
1397777838.686	n	10.8942	3.61240	13.052	32.1882
1397777838.749	n	10.8942	3.61240	13.032	32.1882
1397777838.809	n	10.8942	3.61240	13.012	32.1883
1397777838.873	n	10.8942	3.61241	12.996	32.1883
1397777838.936	n	10.8941	3.61241	12.979	32.1884
1397777838.998	n	10.8941	3.61240	12.958	32.1883
1397777839.060	n	10.8941	3.61239	12.939	32.1883
1397777839.123	n	10.8940	3.61239	12.925	32.1883
1397777839.185	n	10.8940	3.61238	12.907	32.1883
1397777839.248	n	10.8940	3.61239	12.887	32.1884
1397777839.311	n	10.8939	3.61239	12.872	32.1884
1397777839.372	n	10.8939	3.61238	12.854	32.1883
1397777839.437	n	10.8939	3.61236	12.839	32.1882
1397777839.499	n	10.8939	3.61235	12.824	32.1881
1397777839.560	n	10.8939	3.61233	12.809	32.1879
1397777839.622	n	10.8938	3.61232	12.790	32.1879
1397777839.687	n	10.8937	3.61231	12.773	32.1879
1397777839.747	n	10.8937	3.61231	12.761	32.1879
1397777840.012	y	10.8936	3.61231	12.745	32.1880
1397777840.019	n	10.8936	3.61231	12.727	32.1880
1397777840.025	n	10.8936	3.61231	12.711	32.1880
1397777840.031	n	10.8936	3.61230	12.698	32.1879
1397777840.061	n	10.8935	3.61229	12.687	32.1878
1397777840.124	n	10.8934	3.61228	12.675	32.1879
1397777840.188	n	10.8934	3.61228	12.661	32.1879
1397777840.249	n	10.8934	3.61227	12.646	32.1879
1397777840.310	n	10.8934	3.61228	12.634	32.1879
1397777840.372	n	10.8934	3.61229	12.620	32.1879
1397777840.441	n	10.8935	3.61230	12.606	32.1881
1397777840.498	n	10.8934	3.61232	12.591	32.1883
1397777840.560	n	10.8934	3.61234	12.581	32.1885
1397777840.623	n	10.8934	3.61237	12.566	32.1888
1397777840.685	n	10.8934	3.61241	12.550	32.1892
1397777840.749	n	10.8934	3.61246	12.538	32.1897
1397777840.810	n	10.8935	3.61251	12.522	32.1902
1397777840.874	n	10.8936	3.61257	12.507	32.1907
1397777840.936	n	10.8936	3.61264	12.493	32.1913
1397777840.999	n	10.8938	3.61271	12.480	32.1919
1397777841.061	n	10.8939	3.61279	12.471	32.1926
1397777841.122	y	10.8940	3.61287	12.457	32.1933
1397777841.186	n	10.8942	3.61297	12.443	32.1941
1397777841.249	n	10.8943	3.61308	12.428	32.1952
1397777841.310	n	10.8945	3.61320	12.416	32.1962
1397777841.373	n	10.8946	3.61332	12.401	32.1972
1397777841.436	n	10.8949	3.61344	12.390	32.1982
1397777841.497	n	10.8951	3.61356	12.379	32.1992
1397777841.561	n	10.8953	3.61369	12.360	32.2003
1397777841.623	n	10.8954	3.61384	12.350	32.2017
1397777841.685	n	10.8956	3.61399	12.337	32.2031
1397777841.749	n	10.8957	3.61414	12.323	32.2045
1397777841.809	n	10.8959	3.61429	12.311	32.2058
1397777841.872	n	10.8960	3.61444	12.296	32.2071
1397777841.936	n	10.8961	3.61459	12.284	32.2086
1397777841.997	n	10.8962	3.61475	12.272	32.2100
1397777842.060	n	10.8963	3.61492	12.257	32.2116
1397777842.123	n	10.8964	3.61509	12.242	32.2132
1397777842.186	n	10.8965	3.61526	12.231	32.2148
1397777842.248	n	10.8966	3.61542	12.212	32.2164
1397777842.310	n	10.8967	3.61559	12.193	32.2180
1397777842.373	n	10.8967	3.61576	12.186	32.2197
1397777842.436	n	10.8968	3.61593	12.170	32.2213
1397777842.498	n	10.8968	3.61610	12.161	32.2229
1397777842.560	n	10.8968	3.61626	12.147	32.2245
1397777842.623	n	10.8968	3.61639	12.134	32.2259
1397777842.688	n	10.8967	3.61652	12.119	32.2272
1397777842.749	n	10.8967	3.61665	12.103	32.2285
1397777842.810	n	10.8967	3.61678	12.091	32.2298
1397777842.872	n	10.8967	3.61690	12.079	32.2310
1397777842.935	n	10.8968	3.61701	12.061	32.2321
1397777842.997	n	10.8968	3.61712	12.046	32.2331
1397777843.061	n	10.8968	3.61723	12.034	32.2342
1397777843.123	n	10.8968	3.61734	12.017	32.2352
1397777843.185	n	10.8969	3.61744	12.003	32.2362
1397777843.248	n	10.8969	3.61753	11.985	32.2370
1397777843.311	n	10.8970	3.61759	11.968	32.2377
1397777843.373	n	10.8971	3.61766	11.953	32.2382
1397777843.436	n	10.8971	3.61771	11.935	32.2388
1397777843.498	n	10.8972	3.61777	11.921	32.2392
1397777843.561	n	10.8973	3.61783	11.905	32.2397
1397777843.623	n	10.8974	3.61789	11.885	32.2402
1397777843.685	n	10.8976	3.61794	11.869	32.2406
1397777843.749	n	10.8977	3.61799	11.852	32.2410
1397777843.812	n	10.8979	3.61803	11.837	32.2413
1397777843.872	n	10.8981	3.61806	11.818	32.2414
1397777843.937	n	10.8982	3.61809	11.797	32.2415
1397777843.998	n	10.8984	3.61812	11.781	32.2417
1397777844.163	y	10.8986	3.61815	11.765	32.2419
1397777844.171	n	10.8988	3.61818	11.747	32.2420
1397777844.185	n	10.8990	3.61821	11.727	32.2421
1397777844.247	n	10.8992	3.61823	11.709	32.2421
1397777844.311	n	10.8994	3.61824	11.691	32.2420
1397777844.373	n	10.8996	3.61824	11.674	32.2419
1397777844.437	n	10.8998	3.61824	11.656	32.2417
1397777844.498	n	10.9000	3.61823	11.637	32.2415
1397777844.560	n	10.9002	3.61823	11.618	32.2413
1397777844.623	n	10.9004	3.61822	11.601	32.2410
1397777844.685	n	10.9006	3.61820	11.581	32.2407
1397777844.791	y	10.9008	3.61818	11.563	32.2403
1397777844.810	n	10.9010	3.61817	11.545	32.2400
1397777844.873	n	10.9012	3.61816	11.526	32.2397
1397777844.937	n	10.9014	3.61815	11.511	32.2395
1397777845.000	n	10.9016	3.61814	11.489	32.2392
1397777845.102	y	10.9018	3.61811	11.474	32.2388
1397777845.123	n	10.9020	3.61809	11.459	32.2384
1397777845.185	n	10.9022	3.61807	11.439	32.2380
1397777845.247	n	10.9025	3.61806	11.421	32.2376
1397777845.310	n	10.9027	3.61804	11.401	32.2373
1397777845.373	n	10.9029	3.61803	11.386	32.2370
1397777845.437	n	10.9031	3.61800	11.365	32.2366
1397777845.498	n	10.9033	3.61798	11.351	32.2362
1397777845.561	n	10.9035	3.61794	11.332	32.2356
1397777845.623	n	10.9037	3.61791	11.317	32.2351
1397777845.685	n	10.9039	3.61787	11.298	32.2346
1397777845.749	n	10.9041	3.61784	11.282	32.2341
1397777845.810	n	10.9042	3.61781	11.267	32.2338
1397777845.873	n	10.9044	3.61779	11.252	32.2334
1397777845.936	n	10.9046	3.61777	11.236	32.2331
1397777846.000	n	10.9047	3.61775	11.220	32.2327
1397777846.060	n	10.9049	3.61772	11.204	32.2323
1397777846.123	n	10.9050	3.61770	11.188	32.2319
1397777846.186	n	10.9052	3.61769	11.170	32.2317
1397777846.249	n	10.9054	3.61769	11.159	32.2315
1397777846.310	n	10.9056	3.61769	11.141	32.2315
1397777846.372	n	10.9057	3.61770	11.124	32.2314
1397777846.438	n	10.9059	3.61771	11.107	32.2314
1397777846.500	n	10.9060	3.61772	11.091	32.2314
1397777846.561	n	10.9061	3.61774	11.079	32.2314
1397777846.623	n	10.9063	3.61776	11.063	32.2315
1397777846.686	n	10.9065	3.61779	11.050	32.2317
1397777846.748	n	10.9066	3.61784	11.033	32.2320
1397777846.809	n	10.9068	3.61789	11.018	32.2324
1397777846.873	n	10.9070	3.61795	11.004	32.2328
1397777846.936	n	10.9071	3.61802	10.989	32.2333
1397777846.997	n	10.9073	3.61810	10.975	32.2340
1397777847.061	n	10.9075	3.61818	10.959	32.2347
1397777847.123	n	10.9076	3.61828	10.943	32.2355
1397777847.185	n	10.9077	3.61837	10.934	32.2364
1397777847.248	n	10.9079	3.61848	10.921	32.2373
1397777847.311	n	10.9080	3.61859	10.906	32.2383
1397777847.373	n	10.9082	3.61872	10.889	32.2394
1397777847.439	n	10.9083	3.61884	10.876	32.2405
1397777847.498	n	10.9084	3.61896	10.864	32.2416
1397777847.561	n	10.9086	3.61909	10.850	32.2427
1397777847.624	n	10.9087	3.61921	10.833	32.2439
1397777847.686	n	10.9088	3.61935	10.820	32.2452
1397777847.748	n	10.9089	3.61950	10.805	32.2465
1397777847.810	n	10.9090	3.61964	10.790	32.2478
1397777847.873	n	10.9091	3.61977	10.775	32.2490
1397777847.936	n	10.9092	3.61989	10.764	32.2502
1397777847.999	n	10.9093	3.62000	10.749	32.2512
1397777848.061	n	10.9093	3.62011	10.732	32.2523
1397777848.123	n	10.9094	3.62020	10.720	32.2531
1397777848.186	n	10.9094	3.62029	10.706	32.2540
1397777848.248	n	10.9095	3.62037	10.694	32.2547
1397777848.416	y	10.9096	3.62044	10.681	32.2554
1397777848.463	y	10.9097	3.62052	10.662	32.2560
1397777848.470	n	10.9098	3.62059	10.652	32.2567
1397777848.499	n	10.9099	3.62066	10.640	32.2573
1397777848.560	n	10.9099	3.62073	10.625	32.2579
1397777848.622	n	10.9099	3.62078	10.612	32.2585
1397777848.685	n	10.9099	3.62082	10.603	32.2588
1397777848.748	n	10.9100	3.62086	10.587	32.2592
1397777848.811	n	10.9100	3.62090	10.575	32.2595
1397777848.873	n	10.9101	3.62094	10.558	32.2599
1397777848.936	n	10.9101	3.62099	10.545	32.2603
1397777848.999	n	10.9101	3.62102	10.531	32.2606
1397777849.061	n	10.9101	3.62104	10.519	32.2609
1397777849.122	n	10.9101	3.62107	10.505	32.2611
1397777849.186	n	10.9102	3.62108	10.492	32.2612
1397777849.249	n	10.9102	3.62109	10.478	32.2613
1397777849.310	n	10.9102	3.62110	10.467	32.2614
1397777849.373	n	10.9103	3.62110	10.455	32.2613
1397777849.435	n	10.9103	3.62110	10.437	32.2613
1397777849.498	n	10.9103	3.62111	10.424	32.2614
1397777849.561	n	10.9103	3.62110	10.411	32.2614
1397777849.623	n	10.9103	3.62109	10.398	32.2612
1397777849.686	n	10.9103	3.62109	10.384	32.2612
1397777849.749	n	10.9103	3.62107	10.368	32.2611
1397777849.810	n	10.9103	3.62105	10.355	32.2609
1397777849.873	n	10.9103	3.62104	10.347	32.2608
1397777849.936	n	10.9103	3.62103	10.330	32.2607
1397777849.998	n	10.9103	3.62102	10.319	32.2606
1397777850.061	n	10.9103	3.62102	10.303	32.2606
1397777850.122	n	10.9103	3.62101	10.289	32.2605
1397777850.186	n	10.9103	3.62101	10.274	32.2605
1397777850.248	n	10.9102	3.62100	10.264	32.2605
1397777850.311	n	10.9102	3.62100	10.249	32.2605
1397777850.372	n	10.9102	3.62100	10.236	32.2605
1397777850.437	n	10.9102	3.62100	10.219	32.2606
1397777850.497	n	10.9102	3.62100	10.202	32.2606
1397777850.560	n	10.9102	3.62103	10.192	32.2608
1397777850.623	n	10.9102	3.62107	10.179	32.2612
1397777850.685	n	10.9103	3.62111	10.165	32.2616
1397777850.747	n	10.9103	3.62117	10.148	32.2621
1397777850.810	n	10.9104	3.62122	10.135	32.2626
1397777850.874	n	10.9104	3.62127	10.123	32.2631
1397777850.936	n	10.9104	3.62134	10.111	32.2637
1397777850.998	n	10.9105	3.62141	10.096	32.2644
1397777851.061	n	10.9105	3.62149	10.084	32.2652
1397777851.123	n	10.9105	3.62157	10.069	32.2659
1397777851.186	n	10.9106	3.62165	10.054	32.2667
1397777851.248	n	10.9106	3.62173	10.040	32.2675
1397777851.310	n	10.9106	3.62182	10.023	32.2683
1397777851.373	n	10.9107	3.62191	10.010	32.2693
1397777851.435	n	10.9107	3.62201	10.000	32.2702
1397777851.498	n	10.9107	3.62210	9.982	32.2711
1397777851.561	n	10.9107	3.62221	9.971	32.2721
1397777851.624	n	10.9107	3.62231	9.957	32.2732
1397777851.686	n	10.9107	3.62243	9.944	32.2744
1397777851.748	y	10.9108	3.62256	9.928	32.2756
1397777851.811	n	10.9108	3.62268	9.912	32.2768
1397777851.873	n	10.9108	3.62281	9.897	32.2781
1397777851.935	n	10.9109	3.62338	9.887	32.2836
1397777851.999	n	10.9108	3.62434	9.874	32.2932
1397777852.060	n	10.9105	3.62456	9.857	32.2957
1397777852.145	y	10.9097	3.62546	9.844	32.3053
1397777852.185	n	10.9089	3.62720	9.830	32.3232
1397777852.248	n	10.9086	3.62925	9.813	32.3439
1397777852.310	n	10.9088	3.63160	9.796	32.3669
1397777852.373	n	10.9096	3.63376	9.783	32.3876
1397777852.435	n	10.9105	3.63426	9.768	32.3918
1397777852.497	n	10.9113	3.63447	9.755	32.3932
1397777852.687	y	10.9118	3.63468	9.738	32.3949
1397777852.694	n	10.9122	3.63479	9.722	32.3955
1397777852.699	n	10.9126	3.63483	9.707	32.3956
1397777852.748	n	10.9127	3.63485	9.690	32.3958
1397777852.810	n	10.9128	3.63489	9.672	32.3961
1397777852.874	n	10.9127	3.63492	9.661	32.3965
1397777852.937	n	10.9127	3.63496	9.646	32.3969
1397777852.999	n	10.9127	3.63498	9.626	32.3971
1397777853.060	n	10.9127	3.63500	9.608	32.3973
1397777853.123	n	10.9127	3.63500	9.591	32.3973
1397777853.185	n	10.9127	3.63502	9.571	32.3975
1397777853.248	n	10.9126	3.63504	9.557	32.3977
1397777853.310	n	10.9125	3.63506	9.538	32.3981
1397777853.373	n	10.9122	3.63506	9.522	32.3983
1397777853.435	n	10.9119	3.63506	9.504	32.3986
1397777853.498	n	10.9115	3.63505	9.483	32.3989
1397777853.560	n	10.9111	3.63505	9.466	32.3993
1397777853.623	n	10.9107	3.63506	9.450	32.3996
1397777853.686	n	10.9104	3.63505	9.431	32.3999
1397777853.747	n	10.9102	3.63504	9.410	32.3999
1397777853.811	n	10.9102	3.63502	9.391	32.3998
1397777853.873	n	10.9103	3.63502	9.373	32.3998
1397777853.935	n	10.9104	3.63504	9.355	32.3998
1397777853.999	n	10.9105	3.63506	9.334	32.3999
1397777854.060	n	10.9106	3.63507	9.314	32.4000
1397777854.123	n	10.9107	3.63508	9.295	32.4000
1397777854.187	n	10.9107	3.63508	9.276	32.3999
1397777854.247	n	10.9108	3.63509	9.258	32.4000
1397777854.310	n	10.9109	3.63511	9.235	32.4002
1397777854.373	n	10.9110	3.63514	9.216	32.4004
1397777854.438	n	10.9110	3.63516	9.201	32.4005
1397777854.498	n	10.9110	3.63516	9.177	32.4006
1397777854.560	n	10.9111	3.63515	9.158	32.4005
1397777854.623	n	10.9111	3.63515	9.137	32.4004
1397777854.685	n	10.9111	3.63515	9.117	32.4004
1397777854.748	n	10.9110	3.63515	9.096	32.4005
1397777854.811	n	10.9108	3.63514	9.076	32.4007
1397777854.873	n	10.9106	3.63515	9.055	32.4008
1397777854.935	n	10.9106	3.63516	9.039	32.4009
1397777854.999	n	10.9108	3.63517	9.018	32.4010
1397777855.060	n	10.9110	3.63518	8.998	32.4009
1397777855.123	n	10.9113	3.63519	8.975	32.4006
1397777855.187	n	10.9116	3.63519	8.952	32.4003
1397777855.247	n	10.9120	3.63519	8.931	32.4001
1397777855.311	n	10.9122	3.63521	8.915	32.4001
1397777855.373	n	10.9122	3.63522	8.891	32.4002
1397777855.436	n	10.9122	3.63523	8.871	32.4003
1397777855.499	n	10.9121	3.63524	8.853	32.4004
1397777855.561	n	10.9120	3.63524	8.833	32.4006
1397777855.623	n	10.9120	3.63523	8.815	32.4006
1397777855.730	y	10.9120	3.63523	8.794	32.4005
1397777855.748	n	10.9120	3.63524	8.774	32.4006
1397777855.811	n	10.9120	3.63524	8.757	32.4007
1397777855.872	n	10.9119	3.63524	8.739	32.4007
1397777855.936	n	10.9118	3.63524	8.720	32.4009
1397777855.998	n	10.9118	3.63524	8.700	32.4009
1397777856.061	n	10.9118	3.63524	8.678	32.4008
1397777856.123	n	10.9120	3.63524	8.662	32.4007
1397777856.185	n	10.9121	3.63525	8.645	32.4007
1397777856.249	n	10.9122	3.63527	8.625	32.4008
1397777856.310	n	10.9121	3.63528	8.606	32.4010
1397777856.372	n	10.9120	3.63529	8.589	32.4012
1397777856.437	n	10.9117	3.63526	8.570	32.4011
1397777856.498	n	10.9114	3.63522	8.550	32.4010
1397777856.560	n	10.9110	3.63519	8.530	32.4011
1397777856.623	n	10.9107	3.63518	8.517	32.4013
1397777856.685	n	10.9107	3.63520	8.497	32.4015
1397777856.748	n	10.9109	3.63523	8.477	32.4017
1397777856.920	y	10.9114	3.63525	8.461	32.4014
1397777856.928	n	10.9119	3.63526	8.447	32.4011
1397777856.936	n	10.9123	3.63527	8.431	32.4008
1397777856.998	n	10.9126	3.63528	8.415	32.4007
1397777857.059	n	10.9127	3.63528	8.401	32.4007
1397777857.124	n	10.9126	3.63530	8.384	32.4008
1397777857.186	n	10.9125	3.63530	8.366	32.4010
1397777857.249	n	10.9124	3.63531	8.351	32.4011
1397777857.310	n	10.9123	3.63530	8.341	32.4011
1397777857.372	n	10.9122	3.63528	8.324	32.4010
1397777857.435	n	10.9121	3.63526	8.312	32.4009
1397777857.498	n	10.9120	3.63524	8.300	32.4008
1397777857.561	n	10.9119	3.63523	8.286	32.4009
1397777857.623	n	10.9118	3.63524	8.276	32.4010
1397777857.686	n	10.9119	3.63525	8.264	32.4010
1397777857.747	n	10.9120	3.63526	8.252	32.4010
1397777857.810	n	10.9122	3.63527	8.236	32.4010
1397777857.873	n	10.9123	3.63528	8.226	32.4010
1397777857.936	n	10.9123	3.63530	8.213	32.4012
1397777857.999	n	10.9122	3.63532	8.202	32.4015
1397777858.060	n	10.9121	3.63532	8.198	32.4016
1397777858.122	n	10.9121	3.63533	8.188	32.4017
1397777858.186	n	10.9120	3.63533	8.178	32.4018
1397777858.249	n	10.9120	3.63533	8.165	32.4019
1397777858.310	n	10.9119	3.63532	8.157	32.4018
1397777858.372	n	10.9119	3.63530	8.150	32.4016
1397777858.435	n	10.9119	3.63527	8.139	32.4013
1397777858.497	n	10.9118	3.63526	8.129	32.4013
1397777858.561	n	10.9118	3.63527	8.121	32.4014
1397777858.623	n	10.9118	3.63529	8.107	32.4016
1397777858.686	n	10.9118	3.63530	8.097	32.4017
1397777858.749	n	10.9117	3.63531	8.088	32.4018
1397777858.810	n	10.9115	3.63531	8.079	32.4020
1397777858.872	n	10.9112	3.63531	8.067	32.4023
1397777858.937	n	10.9108	3.63531	8.060	32.4027
1397777858.998	n	10.9104	3.63531	8.051	32.4030
1397777859.061	n	10.9103	3.63530	8.038	32.4031
1397777859.123	n	10.9103	3.63530	8.027	32.4031
1397777859.185	n	10.9103	3.63531	8.015	32.4031
1397777859.250	n	10.9105	3.63532	8.008	32.4031
1397777859.310	y	10.9106	3.63533	7.995	32.4031
1397777859.373	n	10.9106	3.63533	7.984	32.4031
1397777859.435	n	10.9106	3.63532	7.976	32.4030
1397777859.497	n	10.9107	3.63532	7.962	32.4029
1397777859.561	n	10.9109	3.63533	7.952	32.4029
1397777859.623	n	10.9112	3.63535	7.941	32.4028
1397777859.686	n	10.9115	3.63535	7.928	32.4025
1397777859.748	n	10.9118	3.63535	7.918	32.4023
1397777859.811	n	10.9119	3.63534	7.908	32.4020
1397777859.873	n	10.9120	3.63534	7.897	32.4019
1397777859.936	n	10.9121	3.63535	7.885	32.4020
1397777859.999	n	10.9119	3.63536	7.877	32.4023
1397777860.061	n	10.9116	3.63536	7.863	32.4026
1397777860.122	n	10.9113	3.63536	7.851	32.4028
1397777860.186	n	10.9112	3.63535	7.840	32.4029
1397777860.248	n	10.9112	3.63534	7.829	32.4027
1397777860.408	y	10.9115	3.63530	7.816	32.4021
1397777860.414	n	10.9117	3.63529	7.805	32.4017
1397777860.434	n	10.9120	3.63528	7.791	32.4015
1397777860.497	n	10.9121	3.63531	7.776	32.4016
1397777860.560	n	10.9119	3.63534	7.762	32.4021
1397777860.623	n	10.9115	3.63535	7.747	32.4026
1397777860.685	n	10.9109	3.63531	7.733	32.4028
1397777860.748	n	10.9102	3.63529	7.719	32.4031
1397777860.811	n	10.9097	3.63527	7.700	32.4034
1397777860.873	n	10.9092	3.63525	7.685	32.4037
1397777860.936	n	10.9089	3.63524	7.669	32.4039
1397777860.997	n	10.9087	3.63523	7.652	32.4039
1397777861.143	y	10.9086	3.63523	7.634	32.4040
1397777861.148	n	10.9086	3.63523	7.617	32.4041
1397777861.186	n	10.9086	3.63524	7.601	32.4042
1397777861.249	n	10.9085	3.63525	7.581	32.4043
1397777861.311	n	10.9084	3.63524	7.568	32.4043
1397777861.374	n	10.9084	3.63524	7.553	32.4043
1397777861.436	n	10.9087	3.63525	7.535	32.4041
1397777861.498	n	10.9089	3.63525	7.514	32.4040
1397777861.559	n	10.9090	3.63526	7.499	32.4041
1397777861.622	n	10.9087	3.63527	7.483	32.4044
1397777861.687	n	10.9083	3.63527	7.467	32.4047
1397777861.749	n	10.9079	3.63526	7.455	32.4050
1397777861.811	n	10.9078	3.63526	7.438	32.4051
1397777861.873	n	10.9078	3.63526	7.425	32.4051
1397777861.936	n	10.9078	3.63526	7.410	32.4051
1397777861.997	n	10.9080	3.63526	7.393	32.4049
1397777862.060	n	10.9082	3.63525	7.375	32.4047
1397777862.124	n	10.9083	3.63524	7.362	32.4045
1397777862.185	n	10.9083	3.63524	7.346	32.4045
1397777862.249	n	10.9081	3.63523	7.333	32.4046
1397777862.311	n	10.9079	3.63523	7.320	32.4047
1397777862.373	n	10.9079	3.63523	7.304	32.4048
1397777862.437	n	10.9079	3.63523	7.287	32.4048
1397777862.499	n	10.9080	3.63523	7.272	32.4047
1397777862.561	n	10.9081	3.63523	7.259	32.4046
1397777862.622	n	10.9082	3.63524	7.249	32.4047
1397777862.687	n	10.9083	3.63526	7.235	32.4047
1397777862.748	n	10.9084	3.63526	7.220	32.4046
1397777862.811	n	10.9085	3.63526	7.205	32.4046
1397777862.873	n	10.9086	3.63523	7.193	32.4042
1397777862.937	n	10.9086	3.63518	7.179	32.4037
1397777863.009	y	10.9087	3.63516	7.167	32.4035
1397777863.060	n	10.9087	3.63517	7.151	32.4036
1397777863.123	n	10.9088	3.63521	7.140	32.4038
1397777863.185	n	10.9091	3.63526	7.127	32.4041
1397777863.249	n	10.9095	3.63531	7.112	32.4042
1397777863.311	n	10.9100	3.63532	7.096	32.4039
1397777863.374	n	10.9104	3.63532	7.081	32.4035
1397777863.435	n	10.9108	3.63532	7.063	32.4033
1397777863.500	n	10.9109	3.63532	7.047	32.4032
1397777863.560	n	10.9109	3.63533	7.032	32.4032
1397777863.623	n	10.9109	3.63534	7.020	32.4034
1397777863.685	n	10.9109	3.63535	7.003	32.4035
1397777863.749	n	10.9108	3.63535	6.986	32.4035
1397777863.811	n	10.9108	3.63535	6.971	32.4035
1397777863.872	n	10.9108	3.63535	6.958	32.4036
1397777863.935	n	10.9107	3.63535	6.942	32.4036
1397777863.999	n	10.9107	3.63535	6.923	32.4037
1397777864.060	n	10.9107	3.63537	6.906	32.4038
1397777864.122	n	10.9109	3.63537	6.891	32.4037
1397777864.187	n	10.9113	3.63538	6.876	32.4035
1397777864.247	n	10.9115	3.63538	6.862	32.4033
1397777864.311	n	10.9115	3.63538	6.844	32.4032
1397777864.374	n	10.9113	3.63537	6.829	32.4033
1397777864.437	n	10.9110	3.63535	6.814	32.4035
1397777864.503	n	10.9107	3.63534	6.799	32.4036
1397777864.561	n	10.9106	3.63534	6.781	32.4037
1397777864.623	n	10.9105	3.63533	6.765	32.4037
1397777864.686	n	10.9105	3.63533	6.751	32.4036
1397777864.748	n	10.9105	3.63531	6.736	32.4035
1397777864.810	n	10.9105	3.63531	6.717	32.4036
1397777864.873	n	10.9104	3.63532	6.699	32.4037
1397777864.935	n	10.9103	3.63532	6.686	32.4038
1397777864.998	n	10.9103	3.63533	6.668	32.4039
1397777865.061	n	10.9104	3.63533	6.654	32.4038
1397777865.123	n	10.9107	3.63533	6.639	32.4036
1397777865.186	n	10.9111	3.63534	6.625	32.4034
1397777865.249	n	10.9115	3.63536	6.608	32.4032
1397777865.445	y	10.9118	3.63536	6.592	32.4029
1397777865.452	n	10.9121	3.63537	6.576	32.4028
1397777865.458	n	10.9123	3.63537	6.555	32.4026
1397777865.498	n	10.9124	3.63538	6.542	32.4026
1397777865.561	n	10.9125	3.63537	6.528	32.4025
1397777865.623	n	10.9125	3.63537	6.514	32.4025
1397777865.685	n	10.9125	3.63538	6.496	32.4026
1397777865.749	n	10.9125	3.63539	6.478	32.4026
1397777865.810	n	10.9124	3.63539	6.464	32.4027
1397777865.874	n	10.9124	3.63539	6.448	32.4027
1397777865.937	n	10.9123	3.63539	6.433	32.4028
1397777865.998	n	10.9121	3.63539	6.415	32.4029
1397777866.061	n	10.9120	3.63539	6.401	32.4031
1397777866.123	n	10.9119	3.63538	6.383	32.4032
1397777866.185	n	10.9119	3.63538	6.367	32.4031
1397777866.248	n	10.9118	3.63537	6.352	32.4031
1397777866.311	n	10.9117	3.63536	6.336	32.4031
1397777866.374	n	10.9115	3.63535	6.319	32.4032
1397777866.436	n	10.9111	3.63534	6.302	32.4034
1397777866.501	n	10.9106	3.63531	6.292	32.4036
1397777866.560	n	10.9101	3.63529	6.276	32.4038
1397777866.622	n	10.9097	3.63527	6.261	32.4041
1397777866.685	y	10.9094	3.63526	6.247	32.4042
1397777866.749	n	10.9093	3.63526	6.225	32.4043
1397777866.811	n	10.9094	3.63527	6.210	32.4044
1397777866.873	n	10.9095	3.63528	6.199	32.4044
1397777866.936	n	10.9096	3.63529	6.182	32.4043
1397777866.997	n	10.9096	3.63528	6.164	32.4043
1397777867.060	n	10.9095	3.63527	6.152	32.4043
1397777867.123	n	10.9093	3.63525	6.137	32.4043
1397777867.187	n	10.9092	3.63523	6.118	32.4042
1397777867.247	n	10.9092	3.63520	6.102	32.4038
1397777867.310	n	10.9093	3.63518	6.085	32.4036
1397777867.373	n	10.9094	3.63519	6.071	32.4036
1397777867.436	n	10.9094	3.63522	6.055	32.4039
1397777867.504	n	10.9095	3.63525	6.037	32.4041
1397777867.562	n	10.9097	3.63527	6.023	32.4042
1397777867.624	n	10.9099	3.63527	6.006	32.4040
1397777867.687	n	10.9100	3.63527	5.989	32.4038
1397777867.749	n	10.9102	3.63527	5.974	32.4037
1397777867.810	n	10.9104	3.63529	5.958	32.4037
1397777867.872	n	10.9105	3.63528	5.942	32.4036
1397777867.936	n	10.9105	3.63528	5.924	32.4035
1397777867.999	n	10.9105	3.63528	5.908	32.4036
1397777868.061	n	10.9105	3.63529	5.895	32.4037
1397777868.124	n	10.9105	3.63529	5.880	32.4037
1397777868.185	n	10.9107	3.63530	5.863	32.4036
1397777868.249	n	10.9108	3.63531	5.848	32.4036
1397777868.310	n	10.9110	3.63531	5.834	32.4035
1397777868.373	n	10.9111	3.63533	5.817	32.4036
1397777868.435	n	10.9113	3.63534	5.802	32.4036
1397777868.502	n	10.9114	3.63534	5.790	32.4035
1397777868.562	n	10.9114	3.63534	5.775	32.4034
1397777868.624	n	10.9112	3.63533	5.757	32.4035
1397777868.688	n	10.9109	3.63533	5.742	32.4038
1397777868.749	n	10.9105	3.63532	5.727	32.4040
1397777868.811	n	10.9102	3.63531	5.712	32.4042
1397777868.873	n	10.9101	3.63530	5.697	32.4042
1397777868.936	n	10.9100	3.63529	5.680	32.4042
1397777868.997	n	10.9100	3.63530	5.664	32.4043
1397777869.060	n	10.9100	3.63532	5.650	32.4044
1397777869.123	n	10.9100	3.63532	5.636	32.4045
1397777869.185	n	10.9100	3.63532	5.621	32.4045
1397777869.248	n	10.9101	3.63533	5.606	32.4045
1397777869.311	n	10.9103	3.63533	5.591	32.4044
1397777869.373	n	10.9104	3.63533	5.579	32.4043
1397777869.437	n	10.9105	3.63533	5.565	32.4043
1397777869.498	n	10.9105	3.63532	5.551	32.4041
1397777869.653	y	10.9104	3.63530	5.536	32.4040
1397777869.658	n	10.9104	3.63530	5.519	32.4040
1397777869.687	n	10.9104	3.63529	5.506	32.4040
1397777869.748	n	10.9104	3.63530	5.496	32.4040
1397777869.810	n	10.9105	3.63530	5.483	32.4040
1397777869.872	n	10.9106	3.63530	5.469	32.4039
1397777869.935	n	10.9108	3.63531	5.453	32.4037
1397777869.997	n	10.9111	3.63531	5.442	32.4036
1397777870.061	n	10.9114	3.63532	5.429	32.4035
1397777870.122	n	10.9117	3.63534	5.413	32.4033
1397777870.185	n	10.9119	3.63534	5.400	32.4032
1397777870.274	y	10.9119	3.63534	5.389	32.4031
1397777870.311	n	10.9119	3.63533	5.377	32.4031
1397777870.373	n	10.9118	3.63533	5.364	32.4031
1397777870.437	n	10.9118	3.63532	5.346	32.4031
1397777870.497	n	10.9118	3.63532	5.335	32.4031
1397777870.560	n	10.9119	3.63533	5.321	32.4031
1397777870.622	n	10.9119	3.63534	5.307	32.4032
1397777870.687	n	10.9119	3.63534	5.297	32.4032
1397777870.750	n	10.9117	3.63535	5.283	32.4034
1397777870.810	n	10.9115	3.63534	5.268	32.4035
1397777870.872	n	10.9113	3.63533	5.251	32.4036
1397777870.936	n	10.9111	3.63532	5.239	32.4037
1397777870.999	n	10.9109	3.63531	5.227	32.4038
1397777871.060	n	10.9107	3.63531	5.213	32.4040
1397777871.122	n	10.9106	3.63531	5.199	32.4041
1397777871.185	n	10.9108	3.63531	5.186	32.4039
1397777871.248	n	10.9112	3.63532	5.172	32.4037
1397777871.311	n	10.9115	3.63533	5.160	32.4035
1397777871.374	n	10.9114	3.63534	5.144	32.4036
1397777871.436	n	10.9111	3.63535	5.133	32.4040
1397777871.499	n	10.9108	3.63535	5.127	32.4044
1397777871.560	n	10.9105	3.63535	5.115	32.4046
1397777871.622	n	10.9103	3.63534	5.102	32.4047
1397777871.685	n	10.9102	3.63533	5.091	32.4047
1397777871.749	n	10.9101	3.63533	5.076	32.4047
1397777871.811	n	10.9102	3.63533	5.062	32.4047
1397777871.873	n	10.9103	3.63532	5.047	32.4045
1397777871.936	n	10.9104	3.63532	5.039	32.4044
1397777872.000	n	10.9105	3.63532	5.027	32.4043
1397777872.060	n	10.9105	3.63532	5.014	32.4043
1397777872.125	n	10.9104	3.63531	5.002	32.4044
1397777872.186	n	10.9103	3.63532	4.986	32.4045
1397777872.251	n	10.9103	3.63532	4.969	32.4046
1397777872.310	n	10.9104	3.63533	4.956	32.4046
1397777872.374	n	10.9106	3.63533	4.945	32.4045
1397777872.435	n	10.9109	3.63534	4.933	32.4042
1397777872.499	n	10.9112	3.63533	4.919	32.4039
1397777872.560	n	10.9116	3.63534	4.903	32.4035
1397777872.623	n	10.9121	3.63534	4.890	32.4032
1397777872.686	n	10.9126	3.63536	4.882	32.4030
1397777872.749	n	10.9131	3.63538	4.865	32.4027
1397777872.810	n	10.9135	3.63541	4.854	32.4026
1397777872.872	n	10.9139	3.63543	4.845	32.4025
1397777872.936	n	10.9140	3.63543	4.833	32.4024
1397777872.999	n	10.9141	3.63542	4.822	32.4023
1397777873.061	n	10.9141	3.63542	4.810	32.4023
1397777873.124	n	10.9141	3.63542	4.793	32.4023
1397777873.187	n	10.9141	3.63543	4.779	32.4024
1397777873.247	n	10.9141	3.63543	4.769	32.4024
1397777873.310	n	10.9141	3.63543	4.755	32.4023
1397777873.374	n	10.9141	3.63543	4.743	32.4023
1397777873.437	n	10.9142	3.63544	4.731	32.4024
1397777873.497	n	10.9142	3.63544	4.721	32.4024
1397777873.562	n	10.9142	3.63544	4.708	32.4024
1397777873.623	n	10.9142	3.63544	4.695	32.4024
1397777873.685	n	10.9141	3.63543	4.680	32.4024
1397777873.749	n	10.9142	3.63543	4.662	32.4023
1397777873.888	y	10.9142	3.63543	4.652	32.4023
1397777873.892	n	10.9142	3.63543	4.637	32.4024
1397777873.936	n	10.9141	3.63543	4.625	32.4024
1397777873.997	n	10.9141	3.63542	4.613	32.4023
1397777874.061	y	10.9141	3.63541	4.600	32.4023
1397777874.123	n	10.9141	3.63542	4.585	32.4023
1397777874.186	n	10.9140	3.63542	4.573	32.4024
1397777874.249	n	10.9140	3.63542	4.560	32.4025
1397777874.310	n	10.9139	3.63542	4.546	32.4025
1397777874.373	n	10.9139	3.63542	4.531	32.4025
1397777874.437	n	10.9139	3.63542	4.518	32.4025
1397777874.499	n	10.9139	3.63542	4.505	32.4025
1397777874.560	y	10.9139	3.63542	4.491	32.4026
1397777874.671	n	10.9139	3.63542	4.477	32.4026
1397777874.686	n	10.9139	3.63542	4.464	32.4025
1397777874.748	n	10.9139	3.63542	4.448	32.4026
1397777874.810	n	10.9140	3.63543	4.433	32.4026
1397777874.872	n	10.9140	3.63544	4.421	32.4027
1397777874.935	n	10.9140	3.63544	4.407	32.4027
1397777874.998	n	10.9139	3.63543	4.392	32.4027
1397777875.061	n	10.9138	3.63542	4.385	32.4027
1397777875.123	n	10.9138	3.63541	4.369	32.4027
1397777875.186	n	10.9137	3.63542	4.356	32.4028
1397777875.248	n	10.9137	3.63542	4.344	32.4028
1397777875.311	n	10.9137	3.63542	4.331	32.4028
1397777875.373	n	10.9137	3.63541	4.316	32.4028
1397777875.435	n	10.9136	3.63542	4.302	32.4029
1397777875.499	n	10.9135	3.63543	4.286	32.4030
1397777875.560	n	10.9135	3.63543	4.273	32.4031
1397777875.622	n	10.9135	3.63543	4.261	32.4031
1397777875.688	n	10.9135	3.63542	4.242	32.4031
1397777875.750	n	10.9135	3.63542	4.224	32.4030
1397777875.812	n	10.9135	3.63542	4.208	32.4030
1397777875.874	n	10.9134	3.63542	4.192	32.4031
1397777875.935	n	10.9133	3.63542	4.175	32.4032
1397777875.998	n	10.9133	3.63541	4.156	32.4032
1397777876.061	n	10.9133	3.63542	4.136	32.4032
1397777876.124	n	10.9133	3.63541	4.121	32.4031
1397777876.187	n	10.9133	3.63540	4.103	32.4030
1397777876.249	n	10.9134	3.63540	4.085	32.4030
1397777876.311	n	10.9134	3.63541	4.065	32.4031
1397777876.373	n	10.9134	3.63540	4.044	32.4031
1397777876.436	n	10.9134	3.63541	4.024	32.4031
1397777876.501	n	10.9134	3.63540	4.003	32.4030
1397777876.560	n	10.9134	3.63539	3.987	32.4029
1397777876.622	n	10.9134	3.63540	3.965	32.4030
1397777876.686	n	10.9135	3.63540	3.944	32.4030
1397777876.749	n	10.9136	3.63540	3.924	32.4029
1397777876.812	n	10.9136	3.63540	3.906	32.4029
1397777876.873	n	10.9136	3.63539	3.884	32.4028
1397777876.935	n	10.9136	3.63538	3.864	32.4027
1397777876.999	n	10.9136	3.63538	3.847	32.4027
1397777877.061	n	10.9136	3.63538	3.831	32.4027
1397777877.124	n	10.9136	3.63537	3.810	32.4026
1397777877.185	n	10.9136	3.63537	3.791	32.4026
1397777877.249	n	10.9136	3.63536	3.774	32.4025
1397777877.311	n	10.9137	3.63536	3.759	32.4025
1397777877.374	n	10.9137	3.63537	3.742	32.4025
1397777877.435	n	10.9137	3.63537	3.725	32.4025
1397777877.501	n	10.9137	3.63537	3.711	32.4025
1397777877.561	n	10.9137	3.63536	3.696	32.4025
1397777877.631	y	10.9137	3.63535	3.681	32.4025
1397777877.687	n	10.9136	3.63535	3.667	32.4025
1397777877.749	n	10.9136	3.63536	3.652	32.4026
1397777877.811	n	10.9136	3.63536	3.638	32.4026
1397777877.874	n	10.9136	3.63535	3.622	32.4025
1397777877.937	n	10.9137	3.63535	3.605	32.4024
1397777878.000	n	10.9137	3.63535	3.593	32.4024
1397777878.142	y	10.9137	3.63534	3.578	32.4023
1397777878.150	n	10.9136	3.63534	3.566	32.4024
1397777878.185	n	10.9135	3.63532	3.553	32.4023
1397777878.248	n	10.9135	3.63532	3.536	32.4023
1397777878.311	n	10.9134	3.63533	3.523	32.4025
1397777878.373	n	10.9133	3.63535	3.510	32.4027
1397777878.437	n	10.9133	3.63536	3.496	32.4029
1397777878.501	n	10.9134	3.63536	3.486	32.4029
1397777878.561	n	10.9133	3.63536	3.476	32.4029
1397777878.623	n	10.9133	3.63535	3.460	32.4029
1397777878.686	n	10.9133	3.63535	3.443	32.4029
1397777878.748	n	10.9132	3.63536	3.433	32.4030
1397777878.810	n	10.9132	3.63536	3.419	32.4031
1397777878.872	n	10.9131	3.63537	3.409	32.4032
1397777878.936	n	10.9131	3.63538	3.397	32.4033
1397777878.999	n	10.9131	3.63537	3.383	32.4032
1397777879.061	n	10.9132	3.63536	3.372	32.4031
1397777879.124	n	10.9131	3.63535	3.358	32.4030
1397777879.186	n	10.9131	3.63534	3.347	32.4029
1397777879.247	n	10.9131	3.63534	3.337	32.4029
1397777879.310	n	10.9131	3.63535	3.324	32.4030
1397777879.373	n	10.9132	3.63536	3.310	32.4031
1397777879.436	n	10.9132	3.63535	3.298	32.4030
1397777879.503	n	10.9132	3.63534	3.290	32.4029
1397777879.561	n	10.9133	3.63533	3.276	32.4027
1397777879.623	n	10.9133	3.63532	3.265	32.4026
1397777879.685	n	10.9133	3.63532	3.254	32.4026
1397777879.750	n	10.9133	3.63531	3.240	32.4025
1397777879.811	n	10.9133	3.63532	3.229	32.4026
1397777879.873	n	10.9134	3.63533	3.219	32.4026
1397777879.937	n	10.9134	3.63532	3.208	32.4026
1397777879.997	n	10.9134	3.63533	3.195	32.4026
1397777880.061	n	10.9135	3.63533	3.180	32.4026
1397777880.122	n	10.9134	3.63534	3.169	32.4027
1397777880.185	n	10.9134	3.63533	3.159	32.4027
1397777880.248	n	10.9133	3.63530	3.148	32.4025
1397777880.310	n	10.9132	3.63528	3.136	32.4023
1397777880.372	n	10.9132	3.63527	3.123	32.4023
1397777880.436	n	10.9133	3.63528	3.109	32.4023
1397777880.498	n	10.9133	3.63530	3.095	32.4025
1397777880.561	n	10.9133	3.63533	3.081	32.4027
1397777880.623	n	10.9134	3.63533	3.067	32.4028
1397777880.685	n	10.9134	3.63535	3.054	32.4029
1397777880.748	n	10.9134	3.63536	3.041	32.4030
1397777880.810	n	10.9133	3.63536	3.023	32.4031
1397777880.872	n	10.9132	3.63535	3.008	32.4031
1397777880.936	n	10.9131	3.63535	2.989	32.4032
1397777880.999	n	10.9131	3.63534	2.971	32.4031
1397777881.061	n	10.9132	3.63533	2.954	32.4029
1397777881.124	n	10.9132	3.63533	2.936	32.4029
1397777881.185	n	10.9132	3.63532	2.919	32.4028
1397777881.354	y	10.9132	3.63532	2.905	32.4028
1397777881.360	n	10.9131	3.63532	2.887	32.4029
1397777881.374	n	10.9131	3.63531	2.869	32.4029
1397777881.435	n	10.9131	3.63527	2.853	32.4025
1397777881.498	n	10.9131	3.63525	2.836	32.4023
1397777881.560	n	10.9132	3.63526	2.818	32.4023
1397777881.623	n	10.9133	3.63529	2.798	32.4025
1397777881.686	n	10.9134	3.63534	2.784	32.4029
1397777881.748	n	10.9134	3.63538	2.764	32.4033
1397777881.811	n	10.9134	3.63537	2.746	32.4032
1397777881.873	n	10.9134	3.63536	2.727	32.4031
1397777881.935	n	10.9134	3.63535	2.709	32.4031
1397777882.000	n	10.9134	3.63535	2.690	32.4031
1397777882.062	n	10.9134	3.63535	2.668	32.4031
1397777882.124	n	10.9135	3.63535	2.650	32.4030
1397777882.186	n	10.9135	3.63534	2.632	32.4029
1397777882.249	n	10.9135	3.63533	2.613	32.4028
1397777882.401	y	10.9136	3.63533	2.591	32.4027
1397777882.406	n	10.9136	3.63533	2.575	32.4027
1397777882.437	n	10.9136	3.63534	2.561	32.4028
1397777882.498	n	10.9136	3.63534	2.547	32.4028
1397777882.560	n	10.9136	3.63534	2.528	32.4029
1397777882.624	n	10.9135	3.63533	2.513	32.4028
1397777882.686	n	10.9135	3.63533	2.497	32.4029
1397777882.749	n	10.9134	3.63532	2.486	32.4028
1397777882.811	n	10.9133	3.63531	2.476	32.4028
1397777882.873	n	10.9133	3.63531	2.463	32.4028
1397777882.936	n	10.9133	3.63531	2.456	32.4029
1397777882.998	n	10.9132	3.63531	2.444	32.4029
1397777883.060	n	10.9132	3.63531	2.433	32.4029
1397777883.123	n	10.9133	3.63530	2.425	32.4028
1397777883.185	n	10.9133	3.63529	2.417	32.4027
1397777883.248	n	10.9133	3.63529	2.411	32.4027
1397777883.310	n	10.9133	3.63530	2.402	32.4028
1397777883.373	n	10.9133	3.63531	2.394	32.4029
1397777883.437	n	10.9133	3.63532	2.390	32.4030
1397777883.498	n	10.9133	3.63533	2.386	32.4031
1397777883.561	n	10.9133	3.63534	2.375	32.4032
1397777883.625	n	10.9133	3.63534	2.371	32.4032
1397777883.685	n	10.9133	3.63533	2.363	32.4031
1397777883.749	n	10.9133	3.63532	2.357	32.4030
1397777883.811	n	10.9134	3.63531	2.349	32.4029
1397777883.873	n	10.9134	3.63532	2.341	32.4029
1397777883.937	n	10.9134	3.63532	2.336	32.4029
1397777883.998	n	10.9134	3.63533	2.328	32.4030
1397777884.060	n	10.9133	3.63533	2.320	32.4031
1397777884.123	n	10.9133	3.63534	2.315	32.4032
1397777884.186	n	10.9133	3.63533	2.307	32.4031
1397777884.247	n	10.9134	3.63533	2.292	32.4030
1397777884.310	n	10.9134	3.63533	2.282	32.4030
1397777884.374	n	10.9134	3.63533	2.269	32.4030
1397777884.435	n	10.9134	3.63533	2.255	32.4030
1397777884.499	n	10.9133	3.63533	2.243	32.4032
1397777884.560	n	10.9132	3.63533	2.228	32.4033
1397777884.623	n	10.9131	3.63533	2.213	32.4033
1397777884.686	n	10.9130	3.63533	2.199	32.4034
1397777884.748	n	10.9130	3.63534	2.185	32.4035
1397777884.811	n	10.9130	3.63534	2.170	32.4035
1397777884.873	n	10.9131	3.63535	2.150	32.4036
1397777884.935	y	10.9131	3.63535	2.137	32.4035
1397777884.998	n	10.9132	3.63534	2.120	32.4035
1397777885.060	n	10.9131	3.63530	2.106	32.4031
1397777885.123	n	10.9131	3.63527	2.089	32.4028
1397777885.186	n	10.9131	3.63526	2.075	32.4027
1397777885.249	n	10.9131	3.63526	2.057	32.4027
1397777885.310	n	10.9131	3.63528	2.041	32.4030
1397777885.373	n	10.9131	3.63532	2.031	32.4033
1397777885.435	n	10.9131	3.63532	2.017	32.4033
1397777885.499	n	10.9131	3.63531	2.003	32.4033
1397777885.560	n	10.9132	3.63532	1.989	32.4033
1397777885.622	n	10.9132	3.63532	1.974	32.4033
1397777885.686	n	10.9131	3.63531	1.959	32.4033
1397777885.749	n	10.9131	3.63531	1.941	32.4033
1397777885.811	n	10.9130	3.63531	1.930	32.4033
1397777885.874	n	10.9130	3.63531	1.917	32.4033
1397777885.935	n	10.9131	3.63532	1.900	32.4034
1397777885.999	n	10.9131	3.63532	1.887	32.4033
1397777886.060	n	10.9131	3.63531	1.874	32.4033
1397777886.123	n	10.9131	3.63530	1.858	32.4032
1397777886.187	n	10.9130	3.63529	1.845	32.4031
1397777886.250	n	10.9129	3.63528	1.834	32.4032
1397777886.311	n	10.9129	3.63528	1.825	32.4032
1397777886.374	n	10.9129	3.63527	1.808	32.4031
1397777886.438	n	10.9129	3.63527	1.794	32.4031
1397777886.498	n	10.9129	3.63527	1.784	32.4031
1397777886.672	y	10.9130	3.63527	1.774	32.4031
1397777886.679	n	10.9130	3.63528	1.761	32.4031
1397777886.687	n	10.9130	3.63529	1.746	32.4032
1397777886.748	n	10.9129	3.63529	1.734	32.4033
1397777886.810	n	10.9128	3.63530	1.720	32.4035
1397777886.874	n	10.9128	3.63530	1.711	32.4035
1397777886.937	n	10.9128	3.63529	1.699	32.4035
1397777886.998	n	10.9128	3.63528	1.689	32.4034
1397777887.060	n	10.9128	3.63528	1.675	32.4033
1397777887.122	n	10.9128	3.63527	1.664	32.4032
1397777887.187	n	10.9128	3.63527	1.652	32.4032
1397777887.248	n	10.9129	3.63528	1.640	32.4033
1397777887.310	n	10.9129	3.63528	1.629	32.4033
1397777887.373	n	10.9130	3.63528	1.619	32.4032
1397777887.437	n	10.9131	3.63529	1.606	32.4032
1397777887.498	n	10.9132	3.63529	1.594	32.4031
1397777887.561	n	10.9133	3.63529	1.583	32.4031
1397777887.623	n	10.9132	3.63531	1.567	32.4033
1397777887.685	n	10.9132	3.63531	1.554	32.4034
1397777887.749	n	10.9131	3.63531	1.540	32.4034
1397777887.810	n	10.9131	3.63531	1.522	32.4035
1397777887.874	n	10.9130	3.63531	1.504	32.4035
1397777887.937	n	10.9129	3.63529	1.490	32.4034
1397777887.998	n	10.9129	3.63526	1.477	32.4031
1397777888.060	n	10.9129	3.63524	1.459	32.4029
1397777888.122	n	10.9130	3.63523	1.440	32.4028
1397777888.186	n	10.9131	3.63524	1.424	32.4028
1397777888.248	n	10.9132	3.63526	1.405	32.4030
1397777888.310	n	10.9132	3.63529	1.385	32.4033
1397777888.372	n	10.9132	3.63530	1.366	32.4033
1397777888.437	n	10.9131	3.63530	1.343	32.4034
1397777888.499	n	10.9130	3.63530	1.325	32.4035
1397777888.561	y	10.9130	3.63528	1.305	32.4033
1397777888.622	n	10.9129	3.63527	1.285	32.4033
1397777888.686	n	10.9129	3.63526	1.262	32.4032
1397777888.749	n	10.9128	3.63525	1.244	32.4032
1397777888.812	n	10.9127	3.63525	1.221	32.4033
1397777888.873	n	10.9126	3.63526	1.200	32.4035
1397777888.937	n	10.9125	3.63525	1.182	32.4035
1397777888.999	n	10.9124	3.63525	1.163	32.4036
1397777889.060	n	10.9123	3.63526	1.142	32.4037
1397777889.123	n	10.9123	3.63526	1.123	32.4038
1397777889.186	n	10.9124	3.63527	1.106	32.4038
1397777889.249	n	10.9126	3.63528	1.089	32.4038
1397777889.311	n	10.9127	3.63529	1.075	32.4037
1397777889.373	n	10.9129	3.63529	1.057	32.4036
1397777889.435	n	10.9131	3.63530	1.042	32.4036
1397777889.499	n	10.9132	3.63530	1.024	32.4034
1397777889.560	n	10.9133	3.63531	1.007	32.4034
1397777889.624	n	10.9134	3.63531	0.996	32.4034
1397777889.686	n	10.9134	3.63531	0.980	32.4033
1397777889.750	n	10.9134	3.63530	0.968	32.4033
1397777889.811	n	10.9134	3.63529	0.954	32.4033
1397777889.873	n	10.9133	3.63528	0.943	32.4032
1397777889.939	n	10.9133	3.63529	0.932	32.4033
1397777890.000	n	10.9133	3.63530	0.920	32.4034
1397777890.069	y	10.9133	3.63531	0.914	32.4035
1397777890.124	n	10.9133	3.63532	0.907	32.4036
1397777890.185	n	10.9133	3.63531	0.897	32.4036
1397777890.248	n	10.9131	3.63527	0.888	32.4033
1397777890.312	n	10.9129	3.63523	0.881	32.4031
1397777890.372	n	10.9126	3.63518	0.874	32.4029
1397777890.437	n	10.9122	3.63516	0.866	32.4029
1397777890.498	n	10.9120	3.63516	0.862	32.4032
1397777890.562	n	10.9120	3.63518	0.858	32.4034
1397777890.624	n	10.9122	3.63520	0.850	32.4035
1397777890.685	n	10.9123	3.63523	0.846	32.4036
1397777890.749	n	10.9125	3.63524	0.840	32.4035
1397777890.916	y	10.9125	3.63524	0.835	32.4036
1397777890.923	n	10.9125	3.63525	0.831	32.4037
1397777890.936	n	10.9125	3.63525	0.824	32.4037
1397777890.999	n	10.9125	3.63525	0.819	32.4036
1397777891.060	n	10.9125	3.63524	0.815	32.4036
1397777891.124	n	10.9126	3.63525	0.810	32.4036
1397777891.187	n	10.9126	3.63526	0.802	32.4036
1397777891.249	n	10.9127	3.63527	0.793	32.4037
1397777891.310	n	10.9129	3.63529	0.785	32.4037
1397777891.373	n	10.9131	3.63529	0.768	32.4036
1397777891.435	n	10.9133	3.63529	0.751	32.4034
1397777891.499	n	10.9134	3.63528	0.726	32.4032
1397777891.561	n	10.9135	3.63528	0.697	32.4031
1397777891.624	n	10.9134	3.63528	0.670	32.4032
1397777891.686	n	10.9133	3.42956	0.646	30.3736
1397777891.748	n	10.9129	2.95182	0.620	25.7313
1397777891.812	n	10.9122	2.33265	0.593	19.8674
1397777891.873	n	10.9113	1.71782	0.571	14.2289
1397777891.937	n	10.9105	1.25370	0.547	10.1122
1397777892.000	n	10.9097	1.05057	0.530	8.3549
1397777892.062	n	10.9092	0.94194	0.514	7.4279
1397777892.124	n	10.9090	0.82314	0.496	6.4253
1397777892.187	n	10.9091	0.71746	0.485	5.5441
1397777892.270	y	10.9093	0.62711	0.470	4.7996
1397777892.310	n	10.9095	0.55359	0.461	4.2003
1397777892.373	n	10.9098	0.49913	0.453	3.7606
1397777892.435	n	10.9101	0.46044	0.451	3.4506
1397777892.498	n	10.9104	0.43284	0.451	3.2307
