Source File: D:\Storage\Programs\OOI\Group 5\Correspondence\07_18_14 sample files\files\11079952.PPB
Processed: 07/18/2014 12:27:40
Using Version: 1.11
Device: CTD
Start Date: 04/17/2014
Timestamp (s)	Suspect Timestamp	Temperature	Conductivity	Pressure	Salinity
1397778772.685	y	10.5012	3.62040	22.013	32.6127
1397778772.747	n	10.5012	3.62036	22.029	32.6121
1397778772.809	n	10.5012	3.62040	22.039	32.6126
1397778772.873	n	10.5012	3.62040	22.013	32.6126
1397778772.935	n	10.5012	3.62035	22.029	32.6122
1397778772.997	n	10.5005	3.62040	22.054	32.6132
1397778773.058	n	10.5005	3.62041	22.063	32.6134
1397778773.125	n	10.5009	3.62039	22.039	32.6128
1397778773.189	n	10.5008	3.62040	22.044	32.6129
1397778773.247	n	10.5006	3.62040	22.050	32.6132
1397778773.311	n	10.5004	3.62040	22.054	32.6133
1397778773.376	n	10.5002	3.62040	22.063	32.6135
1397778773.435	n	10.5000	3.62040	22.065	32.6137
1397778773.497	n	10.4997	3.62041	22.071	32.6139
1397778773.562	n	10.4996	3.62040	22.079	32.6140
1397778773.625	n	10.4995	3.62040	22.082	32.6141
1397778773.686	n	10.4995	3.62040	22.090	32.6140
1397778773.749	n	10.4995	3.62039	22.097	32.6140
1397778773.810	n	10.4995	3.62039	22.101	32.6140
1397778773.874	n	10.4995	3.62039	22.107	32.6140
1397778773.937	n	10.4995	3.62039	22.113	32.6140
1397778773.998	n	10.4995	3.62039	22.119	32.6140
1397778774.062	n	10.4995	3.62040	22.122	32.6140
1397778774.123	n	10.4995	3.62040	22.129	32.6140
1397778774.186	n	10.4995	3.62038	22.132	32.6139
1397778774.794	n	10.4995	3.62037	22.135	32.6138
1397778774.807	n	10.4994	3.62037	22.141	32.6138
1397778774.828	n	10.4994	3.62036	22.146	32.6137
1397778774.835	n	10.4994	3.62037	22.151	32.6139
1397778774.842	n	10.4994	3.62038	22.155	32.6140
1397778774.849	n	10.4994	3.62038	22.161	32.6140
1397778774.857	n	10.4994	3.62038	22.163	32.6139
1397778774.864	n	10.4993	3.62038	22.166	32.6139
1397778774.874	n	10.4993	3.62037	22.169	32.6139
1397778774.882	n	10.4992	3.62036	22.174	32.6139
1397778774.890	n	10.4992	3.62036	22.178	32.6139
1397778774.935	n	10.4991	3.62036	22.178	32.6140
1397778774.999	n	10.4990	3.62036	22.182	32.6141
1397778775.062	n	10.4989	3.62036	22.184	32.6143
1397778775.126	n	10.4987	3.62036	22.189	32.6143
1397778775.189	n	10.4986	3.62036	22.189	32.6145
1397778775.248	n	10.4985	3.62036	22.190	32.6145
1397778775.312	n	10.4985	3.62037	22.193	32.6146
1397778775.373	n	10.4985	3.62037	22.196	32.6147
1397778775.438	n	10.4985	3.62037	22.195	32.6147
1397778775.498	n	10.4984	3.62036	22.200	32.6146
1397778775.561	n	10.4984	3.62036	22.201	32.6146
1397778775.624	n	10.4984	3.62035	22.202	32.6145
1397778775.688	n	10.4984	3.62035	22.202	32.6145
1397778775.750	n	10.4983	3.62035	22.203	32.6146
1397778775.810	n	10.4982	3.62035	22.203	32.6147
1397778775.873	n	10.4981	3.62035	22.200	32.6148
1397778775.938	n	10.4980	3.62036	22.198	32.6150
1397778776.000	n	10.4979	3.62036	22.199	32.6151
1397778776.062	n	10.4978	3.62037	22.197	32.6152
1397778776.126	n	10.4978	3.62038	22.197	32.6154
1397778776.187	n	10.4977	3.62038	22.192	32.6155
1397778776.256	n	10.4976	3.62037	22.193	32.6154
1397778776.312	n	10.4976	3.62037	22.190	32.6155
1397778776.375	n	10.4976	3.62037	22.190	32.6155
1397778776.439	n	10.4976	3.62038	22.186	32.6156
1397778776.499	n	10.4976	3.62039	22.185	32.6157
1397778776.562	n	10.4976	3.62040	22.182	32.6158
1397778776.624	n	10.4976	3.62041	22.175	32.6158
1397778776.689	n	10.4976	3.62041	22.169	32.6158
1397778776.750	n	10.4976	3.62041	22.168	32.6158
1397778776.810	n	10.4976	3.62041	22.162	32.6158
1397778776.875	n	10.4976	3.62040	22.157	32.6158
1397778776.935	n	10.4976	3.62040	22.151	32.6158
1397778776.999	n	10.4975	3.62040	22.148	32.6158
1397778777.062	n	10.4975	3.62040	22.145	32.6158
1397778777.125	n	10.4975	3.62040	22.139	32.6159
1397778777.189	n	10.4974	3.62040	22.132	32.6159
1397778777.251	n	10.4974	3.62040	22.122	32.6160
1397778777.311	n	10.4973	3.62040	22.115	32.6161
1397778777.374	n	10.4972	3.62041	22.109	32.6162
1397778777.437	n	10.4971	3.62041	22.104	32.6163
1397778777.501	n	10.4970	3.62041	22.099	32.6165
1397778777.561	n	10.4969	3.62041	22.091	32.6166
1397778777.624	n	10.4968	3.62041	22.084	32.6166
1397778777.687	n	10.4967	3.62041	22.077	32.6167
1397778777.748	n	10.4966	3.62040	22.069	32.6167
1397778777.812	n	10.4966	3.62040	22.060	32.6167
1397778777.875	n	10.4966	3.62041	22.053	32.6168
1397778777.938	n	10.4966	3.62041	22.047	32.6168
1397778777.998	n	10.4965	3.62041	22.044	32.6168
1397778778.061	n	10.4965	3.62041	22.033	32.6169
1397778778.124	n	10.4965	3.62041	22.023	32.6169
1397778778.187	n	10.4964	3.62041	22.017	32.6170
1397778778.375	y	10.4963	3.62041	22.007	32.6171
1397778778.417	y	10.4963	3.62040	21.999	32.6171
1397778778.425	n	10.4962	3.62039	21.993	32.6170
1397778778.437	n	10.4962	3.62038	21.983	32.6169
1397778778.497	n	10.4962	3.62038	21.978	32.6169
1397778778.560	n	10.4962	3.62038	21.972	32.6169
1397778778.623	n	10.4962	3.62039	21.962	32.6170
1397778778.687	n	10.4961	3.62040	21.952	32.6172
1397778778.747	n	10.4961	3.62041	21.947	32.6172
1397778778.810	n	10.4961	3.62041	21.940	32.6173
1397778778.873	n	10.4960	3.62041	21.932	32.6174
1397778778.937	n	10.4959	3.62041	21.929	32.6175
1397778779.000	n	10.4958	3.62041	21.920	32.6176
1397778779.061	n	10.4957	3.62041	21.915	32.6177
1397778779.124	n	10.4957	3.62042	21.911	32.6178
1397778779.187	n	10.4956	3.62041	21.901	32.6178
1397778779.248	n	10.4956	3.62041	21.896	32.6177
1397778779.311	n	10.4955	3.62040	21.888	32.6178
1397778779.374	n	10.4955	3.62040	21.881	32.6177
1397778779.435	n	10.4955	3.62040	21.875	32.6177
1397778779.499	n	10.4955	3.62040	21.869	32.6178
1397778779.562	n	10.4954	3.62041	21.863	32.6179
1397778779.625	n	10.4954	3.62042	21.858	32.6181
1397778779.688	n	10.4953	3.62042	21.856	32.6182
1397778779.748	n	10.4953	3.62042	21.849	32.6182
1397778779.812	n	10.4953	3.62042	21.847	32.6181
1397778779.875	n	10.4953	3.62041	21.842	32.6180
1397778779.938	n	10.4954	3.62040	21.838	32.6179
1397778779.998	n	10.4954	3.62040	21.835	32.6178
1397778780.060	n	10.4955	3.62040	21.833	32.6177
1397778780.125	n	10.4955	3.62040	21.830	32.6177
1397778780.185	n	10.4956	3.62040	21.828	32.6177
1397778780.249	n	10.4956	3.62040	21.826	32.6176
1397778780.312	n	10.4957	3.62040	21.824	32.6176
1397778780.376	n	10.4958	3.62040	21.824	32.6175
1397778780.438	n	10.4960	3.62042	21.825	32.6175
1397778780.501	n	10.4962	3.62042	21.822	32.6174
1397778780.561	n	10.4965	3.62042	21.821	32.6171
1397778780.626	n	10.4968	3.62043	21.823	32.6168
1397778780.688	n	10.4971	3.62042	21.822	32.6165
1397778780.749	n	10.4974	3.62042	21.823	32.6162
1397778780.811	n	10.4976	3.62041	21.825	32.6160
1397778780.875	n	10.4978	3.62041	21.824	32.6158
1397778780.938	n	10.4979	3.62041	21.823	32.6157
1397778780.998	n	10.4981	3.62042	21.827	32.6156
1397778781.062	n	10.4983	3.62042	21.833	32.6155
1397778781.122	n	10.4984	3.62042	21.834	32.6153
1397778781.187	n	10.4986	3.62041	21.836	32.6151
1397778781.249	n	10.4987	3.62041	21.840	32.6150
1397778781.310	n	10.4988	3.62042	21.842	32.6150
1397778781.375	n	10.4989	3.62043	21.845	32.6149
1397778781.437	n	10.4991	3.62043	21.847	32.6149
1397778781.498	n	10.4991	3.62043	21.849	32.6148
1397778781.561	n	10.4992	3.62042	21.855	32.6147
1397778781.623	n	10.4992	3.62042	21.861	32.6147
1397778781.687	n	10.4991	3.62041	21.862	32.6146
1397778781.748	n	10.4991	3.62040	21.864	32.6146
1397778781.811	n	10.4991	3.62039	21.866	32.6145
1397778781.873	y	10.4990	3.62039	21.867	32.6145
1397778781.947	n	10.4990	3.62040	21.871	32.6146
1397778781.998	n	10.4991	3.62041	21.871	32.6146
1397778782.061	n	10.4991	3.62041	21.870	32.6146
1397778782.123	n	10.4992	3.62042	21.874	32.6147
1397778782.187	n	10.4992	3.62042	21.873	32.6147
1397778782.248	n	10.4992	3.62042	21.871	32.6146
1397778782.311	n	10.4992	3.62041	21.874	32.6146
1397778782.375	n	10.4992	3.62041	21.875	32.6145
1397778782.435	n	10.4992	3.62040	21.875	32.6145
1397778782.619	y	10.4992	3.62040	21.872	32.6144
1397778782.628	y	10.4992	3.62040	21.874	32.6145
1397778782.634	n	10.4992	3.62040	21.871	32.6145
1397778782.687	n	10.4992	3.62039	21.869	32.6144
1397778782.749	n	10.4991	3.62038	21.871	32.6143
1397778782.811	n	10.4991	3.62038	21.870	32.6144
1397778782.903	n	10.4990	3.62039	21.870	32.6145
1397778782.936	n	10.4990	3.62039	21.869	32.6146
1397778782.997	n	10.4990	3.62039	21.866	32.6145
1397778783.060	n	10.4990	3.62038	21.864	32.6144
1397778783.125	n	10.4990	3.62038	21.864	32.6145
1397778783.186	n	10.4990	3.62039	21.860	32.6145
1397778783.249	n	10.4989	3.62041	21.858	32.6147
1397778783.310	n	10.4989	3.62042	21.855	32.6149
1397778783.381	n	10.4988	3.62042	21.852	32.6150
1397778783.446	n	10.4987	3.62042	21.849	32.6151
1397778783.498	n	10.4985	3.62041	21.846	32.6152
1397778783.561	n	10.4984	3.62040	21.839	32.6152
1397778783.623	n	10.4982	3.62040	21.834	32.6154
1397778783.685	n	10.4981	3.62041	21.830	32.6155
1397778783.748	n	10.4981	3.62040	21.822	32.6155
1397778783.811	n	10.4981	3.62040	21.821	32.6155
1397778783.874	n	10.4981	3.62041	21.812	32.6156
1397778783.935	n	10.4981	3.62042	21.809	32.6156
1397778783.998	n	10.4982	3.62043	21.804	32.6157
1397778784.062	n	10.4982	3.62043	21.797	32.6157
1397778784.123	n	10.4982	3.62043	21.790	32.6157
1397778784.186	n	10.4982	3.62043	21.785	32.6157
1397778784.249	n	10.4982	3.62043	21.778	32.6157
1397778784.311	n	10.4982	3.62043	21.769	32.6157
1397778784.373	n	10.4981	3.62042	21.764	32.6157
1397778784.436	n	10.4981	3.62042	21.758	32.6156
1397778784.497	n	10.4981	3.62041	21.750	32.6156
1397778784.560	n	10.4981	3.62042	21.746	32.6156
1397778784.693	n	10.4981	3.62042	21.738	32.6156
1397778784.700	n	10.4981	3.62042	21.728	32.6156
1397778784.749	n	10.4981	3.62042	21.719	32.6157
1397778784.810	n	10.4981	3.62043	21.713	32.6157
1397778784.873	n	10.4981	3.62043	21.705	32.6158
1397778784.937	n	10.4981	3.62043	21.699	32.6158
1397778784.999	n	10.4981	3.62042	21.690	32.6157
1397778785.060	n	10.4981	3.62042	21.681	32.6157
1397778785.123	n	10.4982	3.62043	21.671	32.6157
1397778785.186	n	10.4982	3.62044	21.663	32.6158
1397778785.248	n	10.4983	3.62045	21.653	32.6158
1397778785.311	n	10.4983	3.62045	21.642	32.6159
1397778785.374	n	10.4984	3.62045	21.633	32.6158
1397778785.437	n	10.4984	3.62045	21.623	32.6157
1397778785.499	n	10.4984	3.62043	21.616	32.6156
1397778785.562	y	10.4985	3.62043	21.606	32.6155
1397778785.625	n	10.4985	3.62043	21.598	32.6155
1397778785.686	n	10.4986	3.62045	21.589	32.6156
1397778785.748	n	10.4987	3.62046	21.579	32.6156
1397778785.811	n	10.4988	3.62047	21.566	32.6156
1397778785.875	n	10.4988	3.62046	21.560	32.6156
1397778785.935	n	10.4988	3.62045	21.549	32.6155
1397778785.998	n	10.4989	3.62045	21.538	32.6154
1397778786.060	n	10.4990	3.62044	21.529	32.6152
1397778786.124	n	10.4991	3.62044	21.520	32.6151
1397778786.187	n	10.4992	3.62044	21.509	32.6151
1397778786.249	n	10.4993	3.62044	21.496	32.6149
1397778786.311	n	10.4994	3.62045	21.488	32.6149
1397778786.374	n	10.4996	3.62045	21.480	32.6148
1397778786.437	n	10.4997	3.62045	21.468	32.6146
1397778786.499	n	10.4998	3.62045	21.459	32.6146
1397778786.561	n	10.5000	3.62046	21.449	32.6145
1397778786.622	n	10.5001	3.62046	21.438	32.6143
1397778786.686	n	10.5003	3.62046	21.428	32.6142
1397778786.836	y	10.5005	3.62046	21.418	32.6141
1397778786.841	n	10.5007	3.62046	21.404	32.6139
1397778786.873	n	10.5009	3.62046	21.391	32.6137
1397778786.938	n	10.5012	3.62046	21.376	32.6135
1397778786.998	n	10.5014	3.62046	21.368	32.6133
1397778787.061	n	10.5017	3.62046	21.360	32.6131
1397778787.122	n	10.5020	3.62046	21.343	32.6128
1397778787.188	n	10.5023	3.62046	21.332	32.6125
1397778787.248	n	10.5027	3.62046	21.322	32.6122
1397778787.310	n	10.5031	3.62045	21.309	32.6117
1397778787.372	n	10.5036	3.62046	21.296	32.6114
1397778787.436	n	10.5041	3.62047	21.283	32.6110
1397778787.498	n	10.5047	3.62048	21.272	32.6106
1397778787.560	n	10.5053	3.62049	21.255	32.6102
1397778787.622	n	10.5059	3.62050	21.240	32.6096
1397778787.685	n	10.5066	3.62050	21.229	32.6090
1397778787.747	n	10.5074	3.62051	21.214	32.6085
1397778787.810	n	10.5081	3.62050	21.201	32.6078
1397778787.873	n	10.5090	3.62050	21.185	32.6070
1397778787.936	n	10.5098	3.62050	21.172	32.6062
1397778787.999	n	10.5108	3.62050	21.157	32.6054
1397778788.060	n	10.5117	3.62050	21.143	32.6046
1397778788.124	n	10.5128	3.62051	21.129	32.6037
1397778788.187	n	10.5140	3.62051	21.112	32.6026
1397778788.248	n	10.5153	3.62051	21.097	32.6015
1397778788.310	n	10.5167	3.62051	21.082	32.6002
1397778788.372	n	10.5182	3.62051	21.063	32.5989
1397778788.435	n	10.5198	3.62051	21.047	32.5975
1397778788.497	n	10.5214	3.62050	21.030	32.5960
1397778788.561	n	10.5230	3.62050	21.012	32.5945
1397778788.624	n	10.5248	3.62051	20.996	32.5930
1397778788.687	n	10.5267	3.62051	20.979	32.5914
1397778788.749	n	10.5287	3.62052	20.960	32.5897
1397778788.811	n	10.5307	3.62053	20.943	32.5880
1397778788.873	n	10.5329	3.62053	20.926	32.5861
1397778788.935	n	10.5352	3.62053	20.907	32.5840
1397778789.000	n	10.5376	3.62054	20.888	32.5819
1397778789.062	n	10.5402	3.62055	20.870	32.5796
1397778789.123	n	10.5429	3.62056	20.853	32.5773
1397778789.186	y	10.5458	3.62057	20.829	32.5749
1397778789.277	n	10.5486	3.62057	20.812	32.5724
1397778789.311	n	10.5516	3.62056	20.791	32.5697
1397778789.374	n	10.5546	3.62057	20.771	32.5671
1397778789.435	n	10.5576	3.62058	20.749	32.5645
1397778789.499	n	10.5607	3.62060	20.731	32.5619
1397778789.562	n	10.5639	3.62062	20.706	32.5592
1397778789.623	n	10.5672	3.62064	20.686	32.5565
1397778789.687	n	10.5705	3.62064	20.669	32.5536
1397778789.748	n	10.5737	3.62063	20.646	32.5506
1397778789.811	n	10.5771	3.62063	20.623	32.5476
1397778789.875	n	10.5804	3.62062	20.601	32.5446
1397778789.935	n	10.5837	3.62063	20.580	32.5417
1397778789.999	n	10.5872	3.62063	20.558	32.5387
1397778790.061	n	10.5907	3.62064	20.535	32.5356
1397778790.124	n	10.5942	3.62064	20.511	32.5325
1397778790.186	n	10.5976	3.62064	20.488	32.5295
1397778790.249	n	10.6010	3.62065	20.468	32.5266
1397778790.311	n	10.6043	3.62066	20.443	32.5237
1397778790.373	n	10.6077	3.62067	20.419	32.5208
1397778790.435	n	10.6110	3.62067	20.395	32.5179
1397778790.498	n	10.6143	3.62068	20.372	32.5150
1397778790.561	n	10.6176	3.62069	20.347	32.5122
1397778790.624	n	10.6209	3.62069	20.323	32.5094
1397778790.687	n	10.6240	3.62069	20.298	32.5065
1397778790.748	n	10.6271	3.62069	20.274	32.5038
1397778790.811	n	10.6302	3.62070	20.253	32.5012
1397778790.875	n	10.6330	3.62070	20.231	32.4987
1397778790.936	n	10.6359	3.62072	20.205	32.4963
1397778791.146	y	10.6387	3.62074	20.180	32.4940
1397778791.152	n	10.6414	3.62074	20.157	32.4916
1397778791.158	n	10.6442	3.62075	20.132	32.4893
1397778791.187	n	10.6468	3.62076	20.104	32.4870
1397778791.249	n	10.6494	3.62076	20.079	32.4848
1397778791.311	n	10.6519	3.62077	20.054	32.4826
1397778791.374	n	10.6544	3.62077	20.032	32.4804
1397778791.436	n	10.6569	3.62077	20.009	32.4782
1397778791.499	n	10.6593	3.62076	19.984	32.4760
1397778791.561	n	10.6618	3.62077	19.961	32.4739
1397778791.623	n	10.6643	3.62079	19.939	32.4718
1397778791.687	n	10.6667	3.62080	19.915	32.4699
1397778791.748	n	10.6691	3.62082	19.889	32.4679
1397778791.810	n	10.6715	3.62083	19.866	32.4659
1397778791.874	n	10.6739	3.62082	19.841	32.4637
1397778791.935	n	10.6764	3.62083	19.816	32.4615
1397778791.999	n	10.6789	3.62083	19.796	32.4594
1397778792.061	n	10.6814	3.62083	19.775	32.4571
1397778792.124	n	10.6840	3.62084	19.751	32.4549
1397778792.187	n	10.6866	3.62084	19.728	32.4526
1397778792.247	n	10.6892	3.62084	19.707	32.4503
1397778792.310	n	10.6918	3.62085	19.684	32.4482
1397778792.374	n	10.6944	3.62087	19.663	32.4460
1397778792.435	n	10.6971	3.62088	19.644	32.4437
1397778792.498	n	10.6998	3.62089	19.625	32.4414
1397778792.561	n	10.7024	3.62090	19.603	32.4391
1397778792.626	n	10.7051	3.62090	19.581	32.4369
1397778792.687	n	10.7078	3.62091	19.564	32.4346
1397778792.748	n	10.7104	3.62092	19.545	32.4324
1397778792.810	n	10.7131	3.62094	19.525	32.4301
1397778792.874	y	10.7158	3.62096	19.509	32.4280
1397778792.935	n	10.7184	3.62098	19.486	32.4259
1397778792.999	n	10.7210	3.62101	19.467	32.4238
1397778793.061	n	10.7235	3.62103	19.453	32.4218
1397778793.124	n	10.7260	3.62105	19.437	32.4199
1397778793.186	n	10.7284	3.62107	19.419	32.4179
1397778793.247	n	10.7307	3.62109	19.406	32.4160
1397778793.310	n	10.7331	3.62111	19.389	32.4141
1397778793.375	n	10.7354	3.62112	19.374	32.4122
1397778793.437	n	10.7377	3.62113	19.360	32.4104
1397778793.498	n	10.7398	3.62115	19.346	32.4086
1397778793.561	n	10.7419	3.62116	19.335	32.4069
1397778793.623	n	10.7439	3.62118	19.320	32.4053
1397778793.688	n	10.7459	3.62121	19.307	32.4038
1397778793.747	n	10.7479	3.62123	19.295	32.4023
1397778793.810	n	10.7498	3.62125	19.283	32.4008
1397778793.874	n	10.7517	3.62127	19.268	32.3993
1397778793.936	n	10.7536	3.62129	19.262	32.3978
1397778793.998	n	10.7555	3.62131	19.248	32.3964
1397778794.062	n	10.7573	3.62133	19.236	32.3950
1397778794.124	n	10.7591	3.62135	19.230	32.3936
1397778794.186	n	10.7608	3.62137	19.220	32.3922
1397778794.248	n	10.7625	3.62139	19.207	32.3909
1397778794.310	n	10.7642	3.62141	19.194	32.3896
1397778794.373	n	10.7660	3.62144	19.183	32.3884
1397778794.435	n	10.7677	3.62147	19.174	32.3872
1397778794.499	n	10.7694	3.62151	19.162	32.3860
1397778794.561	n	10.7711	3.62154	19.152	32.3849
1397778794.624	n	10.7727	3.62158	19.145	32.3839
1397778794.685	n	10.7743	3.62162	19.136	32.3829
1397778794.747	n	10.7757	3.62165	19.128	32.3819
1397778794.811	n	10.7772	3.62168	19.117	32.3809
1397778794.873	n	10.7786	3.62171	19.114	32.3800
1397778794.935	n	10.7800	3.62175	19.105	32.3791
1397778795.028	y	10.7814	3.62180	19.098	32.3784
1397778795.062	n	10.7826	3.62185	19.089	32.3778
1397778795.125	n	10.7838	3.62190	19.080	32.3773
1397778795.185	n	10.7849	3.62196	19.070	32.3768
1397778795.366	y	10.7860	3.62201	19.065	32.3764
1397778795.375	n	10.7871	3.62207	19.058	32.3760
1397778795.380	n	10.7881	3.62212	19.048	32.3757
1397778795.437	n	10.7890	3.62218	19.044	32.3755
1397778795.498	n	10.7899	3.62225	19.035	32.3753
1397778795.561	n	10.7907	3.62230	19.026	32.3751
1397778795.624	n	10.7916	3.62235	19.018	32.3749
1397778795.687	n	10.7924	3.62240	19.011	32.3746
1397778795.748	n	10.7933	3.62245	19.002	32.3743
1397778795.810	n	10.7941	3.62249	18.995	32.3740
1397778795.873	n	10.7950	3.62254	18.988	32.3738
1397778795.936	n	10.7958	3.62259	18.977	32.3735
1397778795.998	n	10.7966	3.62263	18.974	32.3732
1397778796.061	n	10.7974	3.62268	18.966	32.3730
1397778796.125	n	10.7982	3.62272	18.961	32.3727
1397778796.187	n	10.7991	3.62276	18.952	32.3723
1397778796.247	n	10.7999	3.62281	18.940	32.3721
1397778796.310	n	10.8008	3.62286	18.933	32.3718
1397778796.375	n	10.8016	3.62292	18.925	32.3716
1397778796.435	n	10.8025	3.62297	18.917	32.3714
1397778796.521	y	10.8032	3.62301	18.911	32.3711
1397778796.560	n	10.8040	3.62305	18.903	32.3709
1397778796.625	n	10.8048	3.62308	18.897	32.3705
1397778796.686	n	10.8056	3.62312	18.886	32.3702
1397778796.749	n	10.8064	3.62316	18.876	32.3699
1397778796.811	n	10.8072	3.62320	18.864	32.3695
1397778796.873	n	10.8080	3.62324	18.856	32.3693
1397778796.937	n	10.8088	3.62328	18.846	32.3690
1397778796.997	n	10.8096	3.62331	18.834	32.3685
1397778797.060	n	10.8105	3.62334	18.822	32.3681
1397778797.124	n	10.8113	3.62336	18.812	32.3676
1397778797.187	n	10.8121	3.62338	18.802	32.3670
1397778797.248	n	10.8128	3.62341	18.795	32.3667
1397778797.310	n	10.8136	3.62344	18.781	32.3663
1397778797.372	n	10.8143	3.62346	18.772	32.3659
1397778797.435	n	10.8150	3.62348	18.755	32.3655
1397778797.499	n	10.8157	3.62350	18.745	32.3651
1397778797.561	n	10.8163	3.62351	18.735	32.3646
1397778797.624	n	10.8170	3.62353	18.721	32.3642
1397778797.687	n	10.8176	3.62355	18.710	32.3639
1397778797.748	n	10.8181	3.62357	18.696	32.3636
1397778797.810	n	10.8187	3.62358	18.683	32.3633
1397778797.872	n	10.8193	3.62360	18.670	32.3629
1397778797.935	n	10.8198	3.62360	18.657	32.3624
1397778797.997	n	10.8204	3.62360	18.646	32.3619
1397778798.060	n	10.8209	3.62360	18.633	32.3615
1397778798.123	n	10.8214	3.62361	18.616	32.3612
1397778798.185	n	10.8219	3.62362	18.605	32.3609
1397778798.249	n	10.8224	3.62363	18.592	32.3605
1397778798.311	n	10.8229	3.62365	18.578	32.3602
1397778798.375	n	10.8234	3.62367	18.564	32.3600
1397778798.435	n	10.8239	3.62368	18.549	32.3598
1397778798.498	n	10.8243	3.62370	18.534	32.3595
1397778798.560	n	10.8248	3.62371	18.521	32.3592
1397778798.623	n	10.8254	3.62372	18.506	32.3588
1397778798.687	n	10.8260	3.62374	18.489	32.3584
1397778798.749	n	10.8266	3.62375	18.473	32.3581
1397778798.810	n	10.8273	3.62377	18.458	32.3576
1397778798.875	n	10.8279	3.62378	18.438	32.3572
1397778798.938	n	10.8285	3.62381	18.421	32.3569
1397778798.999	n	10.8291	3.62383	18.405	32.3566
1397778799.062	n	10.8298	3.62387	18.391	32.3564
1397778799.125	n	10.8304	3.62390	18.374	32.3562
1397778799.188	n	10.8311	3.62392	18.356	32.3558
1397778799.248	n	10.8318	3.62394	18.336	32.3554
1397778799.311	n	10.8325	3.62394	18.316	32.3548
1397778799.373	n	10.8332	3.62395	18.302	32.3542
1397778799.436	n	10.8339	3.62396	18.283	32.3537
1397778799.592	y	10.8346	3.62398	18.260	32.3533
1397778799.599	n	10.8353	3.62400	18.240	32.3529
1397778799.624	n	10.8360	3.62401	18.223	32.3524
1397778799.687	n	10.8368	3.62402	18.202	32.3518
1397778799.748	n	10.8375	3.62404	18.179	32.3514
1397778799.810	n	10.8383	3.62407	18.161	32.3510
1397778799.874	n	10.8390	3.62409	18.140	32.3506
1397778799.936	n	10.8398	3.62411	18.120	32.3501
1397778799.999	n	10.8405	3.62413	18.098	32.3497
1397778800.061	n	10.8411	3.62414	18.077	32.3492
1397778800.123	n	10.8418	3.62416	18.053	32.3489
1397778800.188	y	10.8424	3.62418	18.033	32.3485
1397778800.249	n	10.8430	3.62421	18.015	32.3482
1397778800.311	n	10.8437	3.62424	17.992	32.3480
1397778800.375	n	10.8443	3.62427	17.970	32.3478
1397778800.435	n	10.8449	3.62431	17.949	32.3477
1397778800.499	n	10.8454	3.62435	17.926	32.3476
1397778800.561	n	10.8459	3.62438	17.905	32.3475
1397778800.624	n	10.8465	3.62441	17.886	32.3473
1397778800.686	n	10.8470	3.62444	17.863	32.3472
1397778800.748	n	10.8475	3.62448	17.840	32.3471
1397778800.811	n	10.8480	3.62452	17.816	32.3471
1397778800.873	n	10.8485	3.62456	17.796	32.3471
1397778800.937	n	10.8490	3.62461	17.770	32.3471
1397778800.999	n	10.8495	3.62467	17.747	32.3472
1397778801.060	n	10.8500	3.62472	17.727	32.3474
1397778801.123	n	10.8504	3.62477	17.705	32.3475
1397778801.187	n	10.8509	3.62482	17.682	32.3475
1397778801.248	n	10.8514	3.62486	17.656	32.3475
1397778801.311	n	10.8518	3.62490	17.631	32.3475
1397778801.374	n	10.8523	3.62494	17.610	32.3475
1397778801.437	n	10.8528	3.62499	17.585	32.3476
1397778801.499	n	10.8532	3.62502	17.559	32.3475
1397778801.561	n	10.8537	3.62506	17.535	32.3475
1397778801.623	n	10.8541	3.62510	17.511	32.3475
1397778801.685	n	10.8545	3.62515	17.487	32.3477
1397778801.748	n	10.8549	3.62519	17.460	32.3478
1397778801.810	n	10.8553	3.62524	17.434	32.3478
1397778801.874	n	10.8557	3.62527	17.411	32.3478
1397778801.936	n	10.8561	3.62529	17.385	32.3477
1397778801.998	n	10.8564	3.62531	17.357	32.3476
1397778802.061	n	10.8568	3.62533	17.334	32.3475
1397778802.124	n	10.8571	3.62533	17.305	32.3472
1397778802.189	n	10.8575	3.62534	17.278	32.3470
1397778802.249	n	10.8578	3.62535	17.256	32.3469
1397778802.311	n	10.8581	3.62536	17.232	32.3468
1397778802.373	n	10.8583	3.62538	17.204	32.3467
1397778802.436	n	10.8586	3.62541	17.178	32.3468
1397778802.499	n	10.8588	3.62543	17.155	32.3468
1397778802.560	n	10.8590	3.62545	17.126	32.3468
1397778802.624	n	10.8592	3.62546	17.100	32.3467
1397778802.686	n	10.8594	3.62547	17.077	32.3467
1397778802.748	n	10.8596	3.62548	17.051	32.3466
1397778802.811	n	10.8598	3.62548	17.024	32.3465
1397778802.875	n	10.8601	3.62548	17.000	32.3463
1397778802.936	n	10.8603	3.62548	16.976	32.3461
1397778802.998	n	10.8604	3.62548	16.952	32.3459
1397778803.061	n	10.8606	3.62548	16.928	32.3458
1397778803.124	n	10.8608	3.62550	16.905	32.3458
1397778803.187	n	10.8610	3.62550	16.881	32.3457
1397778803.249	n	10.8612	3.62551	16.858	32.3456
1397778803.311	n	10.8614	3.62551	16.832	32.3455
1397778803.373	n	10.8615	3.62551	16.811	32.3453
1397778803.437	n	10.8617	3.62551	16.788	32.3452
1397778803.499	n	10.8619	3.62552	16.764	32.3451
1397778803.562	n	10.8621	3.62552	16.742	32.3450
1397778803.625	n	10.8622	3.62553	16.723	32.3450
1397778803.686	n	10.8624	3.62553	16.701	32.3449
1397778803.843	y	10.8626	3.62554	16.679	32.3448
1397778803.934	y	10.8627	3.62554	16.660	32.3447
1397778803.941	n	10.8629	3.62556	16.643	32.3447
1397778803.947	n	10.8630	3.62557	16.623	32.3447
1397778803.999	n	10.8632	3.62557	16.604	32.3445
1397778804.062	n	10.8635	3.62556	16.583	32.3442
1397778804.123	n	10.8637	3.62555	16.565	32.3440
1397778804.185	n	10.8639	3.62555	16.548	32.3438
1397778804.248	n	10.8641	3.62555	16.533	32.3436
1397778804.311	n	10.8642	3.62555	16.511	32.3435
1397778804.375	n	10.8644	3.62555	16.495	32.3433
1397778804.436	n	10.8647	3.62554	16.473	32.3431
1397778804.499	n	10.8649	3.62554	16.457	32.3428
1397778804.562	n	10.8651	3.62553	16.439	32.3426
1397778804.624	n	10.8653	3.62553	16.425	32.3424
1397778804.685	n	10.8655	3.62553	16.411	32.3423
1397778804.748	n	10.8656	3.62554	16.394	32.3422
1397778804.812	n	10.8657	3.62555	16.376	32.3422
1397778804.873	n	10.8659	3.62555	16.359	32.3421
1397778804.936	n	10.8660	3.62556	16.345	32.3421
1397778804.998	n	10.8661	3.62559	16.329	32.3423
1397778805.061	n	10.8663	3.62561	16.314	32.3424
1397778805.123	n	10.8664	3.62564	16.304	32.3425
1397778805.185	n	10.8666	3.62566	16.288	32.3426
1397778805.248	n	10.8668	3.62568	16.272	32.3426
1397778805.311	n	10.8670	3.62570	16.262	32.3427
1397778805.374	n	10.8671	3.62572	16.249	32.3427
1397778805.438	n	10.8673	3.62575	16.238	32.3428
1397778805.499	n	10.8675	3.62578	16.226	32.3430
1397778805.561	n	10.8677	3.62582	16.216	32.3432
1397778805.623	n	10.8679	3.62586	16.206	32.3434
1397778805.686	n	10.8680	3.62589	16.196	32.3436
1397778805.748	n	10.8682	3.62592	16.185	32.3438
1397778805.811	n	10.8683	3.62595	16.177	32.3440
1397778805.872	n	10.8685	3.62599	16.168	32.3443
1397778805.936	n	10.8686	3.62604	16.156	32.3446
1397778805.998	n	10.8688	3.62607	16.148	32.3448
1397778806.060	n	10.8690	3.62611	16.143	32.3450
1397778806.125	n	10.8691	3.62614	16.136	32.3452
1397778806.186	n	10.8692	3.62618	16.125	32.3455
1397778806.248	n	10.8693	3.62622	16.116	32.3458
1397778806.311	n	10.8695	3.62626	16.105	32.3460
1397778806.374	n	10.8696	3.62629	16.099	32.3463
1397778806.437	n	10.8697	3.62633	16.087	32.3465
1397778806.499	n	10.8698	3.62636	16.081	32.3468
1397778806.561	n	10.8699	3.62640	16.075	32.3471
1397778806.623	n	10.8700	3.62644	16.066	32.3475
1397778806.687	n	10.8700	3.62649	16.058	32.3478
1397778806.748	n	10.8701	3.62653	16.050	32.3481
1397778806.812	n	10.8702	3.62656	16.041	32.3484
1397778806.874	n	10.8703	3.62658	16.028	32.3485
1397778806.936	n	10.8705	3.62660	16.022	32.3486
1397778806.998	n	10.8706	3.62662	16.017	32.3488
1397778807.060	n	10.8706	3.62665	16.011	32.3489
1397778807.125	n	10.8707	3.62667	16.002	32.3491
1397778807.187	n	10.8707	3.62669	15.995	32.3493
1397778807.249	n	10.8708	3.62673	15.990	32.3496
1397778807.312	n	10.8709	3.62677	15.981	32.3500
1397778807.384	y	10.8709	3.62682	15.974	32.3504
1397778807.436	n	10.8710	3.62685	15.967	32.3507
1397778807.498	n	10.8711	3.62688	15.961	32.3508
1397778807.561	n	10.8711	3.62689	15.954	32.3509
1397778807.625	n	10.8712	3.62690	15.949	32.3510
1397778807.686	n	10.8712	3.62692	15.941	32.3511
1397778807.749	n	10.8713	3.62694	15.933	32.3512
1397778807.810	n	10.8714	3.62696	15.927	32.3514
1397778807.873	n	10.8714	3.62698	15.920	32.3516
1397778807.937	n	10.8715	3.62701	15.915	32.3518
1397778808.082	y	10.8715	3.62702	15.905	32.3519
1397778808.088	n	10.8715	3.62702	15.901	32.3519
1397778808.124	n	10.8716	3.62702	15.890	32.3518
1397778808.187	n	10.8716	3.62701	15.886	32.3517
1397778808.249	n	10.8716	3.62701	15.879	32.3518
1397778808.312	n	10.8716	3.62702	15.870	32.3518
1397778808.373	n	10.8716	3.62702	15.862	32.3518
1397778808.435	n	10.8716	3.62702	15.854	32.3518
1397778808.499	n	10.8716	3.62702	15.847	32.3518
1397778808.561	n	10.8717	3.62702	15.837	32.3518
1397778808.625	n	10.8717	3.62703	15.829	32.3518
1397778808.686	n	10.8717	3.62703	15.823	32.3519
1397778808.748	n	10.8717	3.62703	15.815	32.3518
1397778808.810	n	10.8717	3.62703	15.805	32.3519
1397778808.874	n	10.8717	3.62703	15.796	32.3519
1397778808.937	n	10.8716	3.62704	15.790	32.3520
1397778808.999	n	10.8716	3.62706	15.781	32.3523
1397778809.061	n	10.8716	3.62708	15.772	32.3525
1397778809.123	n	10.8716	3.62709	15.757	32.3526
1397778809.189	n	10.8716	3.62710	15.750	32.3526
1397778809.249	n	10.8716	3.62709	15.740	32.3526
1397778809.310	n	10.8716	3.62710	15.730	32.3527
1397778809.374	n	10.8716	3.62711	15.724	32.3527
1397778809.437	n	10.8716	3.62712	15.710	32.3528
1397778809.498	n	10.8716	3.62713	15.699	32.3529
1397778809.561	n	10.8717	3.62714	15.686	32.3530
1397778809.624	n	10.8717	3.62715	15.676	32.3530
1397778809.687	n	10.8718	3.62715	15.665	32.3531
1397778809.749	n	10.8718	3.62716	15.653	32.3531
1397778809.811	n	10.8718	3.62717	15.640	32.3532
1397778809.873	n	10.8718	3.62719	15.627	32.3534
1397778809.936	n	10.8719	3.62720	15.616	32.3535
1397778809.998	n	10.8719	3.62722	15.602	32.3536
1397778810.060	n	10.8719	3.62723	15.588	32.3537
1397778810.124	n	10.8720	3.62725	15.573	32.3538
1397778810.188	n	10.8721	3.62726	15.561	32.3540
1397778810.249	n	10.8721	3.62728	15.548	32.3541
1397778810.311	n	10.8722	3.62730	15.532	32.3542
1397778810.374	n	10.8722	3.62731	15.516	32.3543
1397778810.509	y	10.8723	3.62732	15.501	32.3543
1397778810.515	n	10.8724	3.62733	15.489	32.3544
1397778810.560	n	10.8726	3.62736	15.473	32.3545
1397778810.625	n	10.8727	3.62739	15.460	32.3547
1397778810.686	n	10.8728	3.62742	15.444	32.3549
1397778810.748	n	10.8730	3.62746	15.425	32.3551
1397778810.811	n	10.8732	3.62750	15.410	32.3553
1397778810.873	n	10.8734	3.62755	15.395	32.3556
1397778810.937	n	10.8737	3.62760	15.374	32.3559
1397778810.998	n	10.8739	3.62765	15.359	32.3563
1397778811.060	n	10.8741	3.62770	15.340	32.3566
1397778811.125	n	10.8743	3.62774	15.319	32.3568
1397778811.188	y	10.8747	3.62779	15.301	32.3570
1397778811.283	n	10.8750	3.62784	15.282	32.3572
1397778811.311	n	10.8753	3.62789	15.260	32.3574
1397778811.374	n	10.8756	3.62794	15.237	32.3577
1397778811.437	n	10.8759	3.62798	15.218	32.3578
1397778811.500	n	10.8762	3.62802	15.201	32.3579
1397778811.560	n	10.8766	3.62806	15.179	32.3580
1397778811.623	n	10.8769	3.62810	15.156	32.3581
1397778811.687	n	10.8773	3.62813	15.135	32.3582
1397778811.748	n	10.8776	3.62817	15.114	32.3583
1397778811.810	n	10.8779	3.62821	15.090	32.3583
1397778811.876	n	10.8782	3.62823	15.070	32.3583
1397778811.935	n	10.8785	3.62826	15.045	32.3583
1397778811.998	n	10.8788	3.62827	15.023	32.3582
1397778812.061	n	10.8791	3.62828	15.003	32.3580
1397778812.123	n	10.8793	3.62829	14.981	32.3579
1397778812.186	n	10.8796	3.62830	14.957	32.3578
1397778812.325	y	10.8799	3.62831	14.932	32.3577
1397778812.330	n	10.8801	3.62832	14.905	32.3576
1397778812.374	n	10.8803	3.62832	14.884	32.3574
1397778812.435	n	10.8805	3.62832	14.860	32.3572
1397778812.498	n	10.8807	3.62832	14.838	32.3571
1397778812.561	n	10.8808	3.62832	14.814	32.3570
1397778812.625	n	10.8810	3.62831	14.786	32.3568
1397778812.686	n	10.8812	3.62830	14.759	32.3565
1397778812.749	n	10.8814	3.62828	14.732	32.3561
1397778812.811	n	10.8817	3.62826	14.705	32.3558
1397778812.874	n	10.8818	3.62825	14.682	32.3555
1397778812.937	n	10.8820	3.62824	14.656	32.3553
1397778812.998	n	10.8821	3.62822	14.630	32.3550
1397778813.060	n	10.8822	3.62820	14.605	32.3547
1397778813.125	n	10.8824	3.62819	14.580	32.3544
1397778813.188	n	10.8826	3.62817	14.552	32.3540
1397778813.250	n	10.8828	3.62815	14.531	32.3537
1397778813.311	n	10.8829	3.62813	14.503	32.3535
1397778813.374	n	10.8830	3.62812	14.476	32.3532
1397778813.437	n	10.8832	3.62810	14.453	32.3529
1397778813.498	n	10.8833	3.62808	14.426	32.3526
1397778813.562	n	10.8835	3.62805	14.403	32.3522
1397778813.624	n	10.8837	3.62803	14.378	32.3518
1397778813.685	n	10.8838	3.62802	14.353	32.3515
1397778813.748	n	10.8840	3.62800	14.331	32.3513
1397778813.811	n	10.8842	3.62799	14.306	32.3510
1397778813.873	n	10.8843	3.62796	14.283	32.3506
1397778813.936	n	10.8844	3.62794	14.262	32.3503
1397778813.998	n	10.8845	3.62793	14.238	32.3501
1397778814.060	n	10.8846	3.62792	14.214	32.3499
1397778814.123	n	10.8848	3.62790	14.192	32.3496
1397778814.187	n	10.8849	3.62789	14.173	32.3494
1397778814.248	n	10.8851	3.62787	14.151	32.3491
1397778814.310	n	10.8852	3.62786	14.129	32.3489
1397778814.374	n	10.8853	3.62785	14.107	32.3487
1397778814.436	n	10.8855	3.62786	14.087	32.3487
1397778814.499	n	10.8857	3.62786	14.064	32.3485
1397778814.560	n	10.8859	3.62787	14.044	32.3483
1397778814.625	n	10.8861	3.62787	14.021	32.3482
1397778814.686	n	10.8863	3.62788	14.003	32.3482
1397778814.750	n	10.8865	3.62789	13.988	32.3481
1397778814.816	y	10.8866	3.62791	13.970	32.3482
1397778814.875	n	10.8869	3.62793	13.948	32.3481
1397778814.936	n	10.8871	3.62796	13.929	32.3482
1397778814.999	n	10.8874	3.62798	13.913	32.3482
1397778815.062	n	10.8877	3.62802	13.896	32.3483
1397778815.124	n	10.8881	3.62805	13.877	32.3483
1397778815.187	n	10.8884	3.62808	13.858	32.3483
1397778815.248	n	10.8887	3.62811	13.840	32.3484
1397778815.312	n	10.8891	3.62815	13.823	32.3485
1397778815.375	n	10.8894	3.62819	13.808	32.3486
1397778815.436	n	10.8898	3.62824	13.789	32.3487
1397778815.499	n	10.8900	3.62830	13.771	32.3491
1397778815.561	n	10.8902	3.62836	13.755	32.3495
1397778815.623	n	10.8905	3.62842	13.739	32.3500
1397778815.687	n	10.8907	3.62850	13.724	32.3505
1397778815.748	n	10.8910	3.62856	13.709	32.3509
1397778815.811	n	10.8912	3.62861	13.690	32.3512
1397778815.875	n	10.8913	3.62866	13.674	32.3516
1397778815.936	n	10.8914	3.62871	13.663	32.3520
1397778815.999	n	10.8915	3.62877	13.644	32.3525
1397778816.062	n	10.8916	3.62883	13.630	32.3530
1397778816.126	n	10.8917	3.62888	13.615	32.3534
1397778816.187	n	10.8919	3.62893	13.600	32.3538
1397778816.247	n	10.8920	3.62897	13.584	32.3541
1397778816.310	n	10.8922	3.62901	13.568	32.3543
1397778816.375	n	10.8923	3.62905	13.558	32.3547
1397778816.436	n	10.8924	3.62909	13.543	32.3549
1397778816.539	y	10.8925	3.62912	13.531	32.3552
1397778816.560	n	10.8927	3.62915	13.519	32.3554
1397778816.624	n	10.8928	3.62919	13.504	32.3556
1397778816.685	n	10.8929	3.62921	13.492	32.3557
1397778816.748	n	10.8931	3.62923	13.474	32.3558
1397778816.812	n	10.8933	3.62925	13.464	32.3558
1397778816.873	n	10.8934	3.62927	13.451	32.3559
1397778816.936	n	10.8936	3.62929	13.437	32.3560
1397778816.999	n	10.8937	3.62931	13.427	32.3560
1397778817.062	n	10.8939	3.62932	13.412	32.3561
1397778817.123	n	10.8940	3.62933	13.400	32.3560
1397778817.188	n	10.8940	3.62934	13.386	32.3560
1397778817.249	n	10.8941	3.62935	13.374	32.3561
1397778817.311	n	10.8943	3.62936	13.359	32.3561
1397778817.374	n	10.8945	3.62937	13.347	32.3560
1397778817.435	n	10.8946	3.62938	13.335	32.3560
1397778817.498	n	10.8947	3.62938	13.322	32.3559
1397778817.561	n	10.8948	3.62938	13.310	32.3559
1397778817.624	n	10.8949	3.62939	13.300	32.3559
1397778817.688	n	10.8950	3.62940	13.286	32.3558
1397778817.750	n	10.8952	3.62940	13.273	32.3557
1397778817.812	n	10.8953	3.62939	13.260	32.3555
1397778817.875	n	10.8954	3.62938	13.249	32.3553
1397778817.936	n	10.8955	3.62938	13.234	32.3553
1397778817.998	n	10.8955	3.62939	13.220	32.3553
1397778818.061	n	10.8956	3.62940	13.209	32.3554
1397778818.124	n	10.8957	3.62941	13.196	32.3554
1397778818.186	n	10.8958	3.62941	13.182	32.3553
1397778818.249	n	10.8959	3.62941	13.171	32.3552
1397778818.312	n	10.8959	3.62941	13.157	32.3552
1397778818.390	y	10.8959	3.62940	13.144	32.3551
1397778818.437	n	10.8960	3.62939	13.132	32.3549
1397778818.498	n	10.8960	3.62937	13.122	32.3548
1397778818.561	n	10.8961	3.62936	13.112	32.3546
1397778818.625	n	10.8962	3.62936	13.098	32.3545
1397778818.686	n	10.8962	3.62936	13.082	32.3545
1397778818.748	n	10.8962	3.62936	13.070	32.3544
1397778818.811	n	10.8963	3.62935	13.060	32.3544
1397778818.875	n	10.8963	3.62936	13.047	32.3544
1397778818.937	n	10.8964	3.62937	13.034	32.3544
1397778818.998	n	10.8965	3.62938	13.024	32.3545
1397778819.060	n	10.8965	3.62938	13.011	32.3544
1397778819.123	n	10.8966	3.62938	13.000	32.3544
1397778819.186	n	10.8966	3.62939	12.988	32.3545
1397778819.248	n	10.8966	3.62940	12.978	32.3546
1397778819.311	n	10.8966	3.62942	12.967	32.3548
1397778819.374	n	10.8966	3.62942	12.956	32.3548
1397778819.436	n	10.8967	3.62942	12.944	32.3547
1397778819.499	n	10.8968	3.62942	12.932	32.3546
1397778819.561	n	10.8968	3.62943	12.917	32.3546
1397778819.623	n	10.8969	3.62944	12.903	32.3547
1397778819.685	n	10.8969	3.62946	12.891	32.3549
1397778819.749	n	10.8970	3.62948	12.878	32.3550
1397778819.811	n	10.8971	3.62949	12.865	32.3551
1397778819.873	n	10.8971	3.62951	12.855	32.3552
1397778819.937	n	10.8972	3.62952	12.840	32.3553
1397778819.998	n	10.8973	3.62954	12.823	32.3555
1397778820.060	n	10.8973	3.62956	12.810	32.3556
1397778820.124	n	10.8974	3.62959	12.798	32.3558
1397778820.186	n	10.8975	3.62962	12.784	32.3560
1397778820.249	n	10.8977	3.62965	12.768	32.3562
1397778820.312	n	10.8978	3.62968	12.751	32.3564
1397778820.374	n	10.8979	3.62972	12.736	32.3567
1397778820.436	n	10.8980	3.62975	12.722	32.3570
1397778820.499	n	10.8981	3.62979	12.705	32.3572
1397778820.561	n	10.8982	3.62983	12.692	32.3575
1397778820.623	n	10.8983	3.62987	12.677	32.3578
1397778820.687	n	10.8985	3.62990	12.659	32.3580
1397778820.803	y	10.8986	3.62993	12.645	32.3583
1397778820.812	n	10.8987	3.62997	12.626	32.3585
1397778820.875	n	10.8988	3.63000	12.612	32.3588
1397778820.937	n	10.8989	3.63004	12.600	32.3591
1397778820.998	n	10.8990	3.63008	12.582	32.3593
1397778821.063	n	10.8991	3.63012	12.566	32.3597
1397778821.123	n	10.8992	3.63016	12.551	32.3600
1397778821.186	n	10.8993	3.63019	12.534	32.3603
1397778821.249	n	10.8993	3.63022	12.520	32.3605
1397778821.311	n	10.8993	3.63026	12.503	32.3609
1397778821.374	n	10.8994	3.63029	12.491	32.3611
1397778821.436	n	10.8995	3.63032	12.475	32.3613
1397778821.498	n	10.8996	3.63035	12.460	32.3616
1397778821.560	n	10.8997	3.63037	12.441	32.3617
1397778821.623	n	10.8997	3.63039	12.423	32.3619
1397778821.686	n	10.8997	3.63042	12.411	32.3621
1397778821.749	n	10.8997	3.63043	12.392	32.3623
1397778821.812	n	10.8997	3.63044	12.379	32.3624
1397778821.875	n	10.8998	3.63045	12.365	32.3624
1397778821.936	n	10.8999	3.63045	12.349	32.3623
1397778821.998	n	10.8999	3.63044	12.334	32.3623
1397778822.061	n	10.9000	3.63043	12.315	32.3621
1397778822.197	y	10.9000	3.63042	12.296	32.3619
1397778822.202	n	10.9000	3.63040	12.282	32.3618
1397778822.248	n	10.9000	3.63039	12.268	32.3617
1397778822.312	n	10.9000	3.63038	12.254	32.3616
1397778822.374	n	10.9000	3.63038	12.234	32.3615
1397778822.437	n	10.9000	3.63036	12.220	32.3614
1397778822.499	n	10.9000	3.63033	12.201	32.3611
1397778822.561	n	10.9000	3.63031	12.186	32.3609
1397778822.624	n	10.9000	3.63028	12.170	32.3607
1397778822.685	n	10.9000	3.63026	12.151	32.3604
1397778822.748	n	10.9001	3.63024	12.137	32.3601
1397778822.810	n	10.9001	3.63020	12.122	32.3598
1397778822.873	n	10.9001	3.63017	12.106	32.3595
1397778822.937	n	10.9001	3.63014	12.089	32.3592
1397778822.999	n	10.9001	3.63011	12.071	32.3589
1397778823.062	n	10.9000	3.63007	12.058	32.3585
1397778823.123	n	10.9000	3.63003	12.044	32.3582
1397778823.189	n	10.9001	3.62999	12.024	32.3578
1397778823.250	n	10.9001	3.62996	12.008	32.3575
1397778823.312	n	10.9001	3.62994	11.997	32.3572
1397778823.375	n	10.9002	3.62992	11.984	32.3570
1397778823.438	n	10.9002	3.62991	11.967	32.3568
1397778823.499	n	10.9003	3.62989	11.952	32.3566
1397778823.562	n	10.9003	3.62987	11.935	32.3564
1397778823.623	n	10.9003	3.62985	11.920	32.3562
1397778823.687	n	10.9003	3.62983	11.902	32.3559
1397778823.749	n	10.9004	3.62980	11.888	32.3556
1397778823.811	n	10.9006	3.62978	11.875	32.3553
1397778823.875	n	10.9007	3.62976	11.859	32.3550
1397778823.938	n	10.9009	3.62975	11.843	32.3547
1397778823.998	n	10.9011	3.62976	11.828	32.3546
1397778824.060	n	10.9012	3.62978	11.810	32.3547
1397778824.124	n	10.9014	3.62980	11.793	32.3548
1397778824.186	n	10.9014	3.62983	11.779	32.3550
1397778824.249	n	10.9015	3.62986	11.764	32.3553
1397778824.311	n	10.9016	3.62991	11.752	32.3557
1397778824.373	n	10.9016	3.62996	11.736	32.3562
1397778824.435	n	10.9017	3.63002	11.721	32.3568
1397778824.498	n	10.9017	3.63009	11.710	32.3575
1397778824.562	n	10.9017	3.63017	11.692	32.3582
1397778824.625	n	10.9018	3.63025	11.675	32.3590
1397778824.688	n	10.9018	3.63033	11.660	32.3598
1397778824.748	n	10.9018	3.63041	11.644	32.3606
1397778824.811	n	10.9019	3.63050	11.632	32.3614
1397778824.874	n	10.9020	3.63059	11.615	32.3621
1397778824.936	y	10.9021	3.63067	11.600	32.3629
1397778825.127	n	10.9021	3.63075	11.585	32.3637
1397778825.133	n	10.9022	3.63082	11.568	32.3643
1397778825.138	n	10.9023	3.63088	11.556	32.3649
1397778825.187	n	10.9024	3.63093	11.536	32.3653
1397778825.249	n	10.9026	3.63098	11.519	32.3655
1397778825.311	n	10.9027	3.63102	11.502	32.3658
1397778825.375	n	10.9029	3.63106	11.490	32.3661
1397778825.437	n	10.9029	3.63109	11.471	32.3664
1397778825.498	n	10.9030	3.63112	11.454	32.3666
1397778825.561	n	10.9031	3.63115	11.437	32.3668
1397778825.625	n	10.9032	3.63117	11.421	32.3670
1397778825.686	n	10.9033	3.63120	11.398	32.3672
1397778825.748	y	10.9034	3.63122	11.378	32.3673
1397778825.812	n	10.9036	3.63123	11.361	32.3673
1397778825.940	y	10.9037	3.63124	11.344	32.3672
1397778825.946	n	10.9039	3.63125	11.325	32.3672
1397778825.998	n	10.9041	3.63127	11.306	32.3672
1397778826.060	n	10.9042	3.63128	11.287	32.3672
1397778826.125	n	10.9043	3.63129	11.268	32.3673
1397778826.187	n	10.9044	3.63130	11.247	32.3673
1397778826.249	n	10.9044	3.63130	11.223	32.3672
1397778826.311	n	10.9045	3.63129	11.199	32.3671
1397778826.375	n	10.9046	3.63128	11.182	32.3669
1397778826.436	n	10.9047	3.63127	11.162	32.3667
1397778826.499	n	10.9048	3.63125	11.143	32.3665
1397778826.563	n	10.9049	3.63123	11.118	32.3662
1397778826.623	n	10.9050	3.63122	11.098	32.3660
1397778826.687	n	10.9050	3.63120	11.079	32.3658
1397778826.749	n	10.9050	3.63119	11.051	32.3657
1397778826.812	n	10.9050	3.63118	11.034	32.3656
1397778826.875	n	10.9051	3.63115	11.017	32.3653
1397778826.938	n	10.9051	3.63113	10.997	32.3650
1397778826.999	n	10.9051	3.63110	10.975	32.3647
1397778827.061	n	10.9051	3.63107	10.959	32.3644
1397778827.123	n	10.9051	3.63104	10.939	32.3642
1397778827.187	n	10.9052	3.63103	10.918	32.3641
1397778827.248	n	10.9052	3.63101	10.897	32.3638
1397778827.312	n	10.9053	3.63099	10.879	32.3635
1397778827.374	n	10.9053	3.63097	10.863	32.3633
1397778827.435	n	10.9054	3.63093	10.843	32.3629
1397778827.499	n	10.9054	3.63090	10.827	32.3626
1397778827.562	n	10.9053	3.63086	10.810	32.3623
1397778827.623	n	10.9053	3.63083	10.794	32.3620
1397778827.687	n	10.9053	3.63080	10.780	32.3617
1397778827.749	n	10.9053	3.63077	10.764	32.3614
1397778827.810	n	10.9054	3.63074	10.748	32.3610
1397778827.873	n	10.9054	3.63071	10.730	32.3607
1397778827.937	n	10.9054	3.63067	10.716	32.3604
1397778827.999	n	10.9054	3.63065	10.702	32.3602
1397778828.062	n	10.9053	3.63063	10.689	32.3601
1397778828.123	n	10.9053	3.63061	10.672	32.3599
1397778828.188	n	10.9053	3.63059	10.659	32.3596
1397778828.248	n	10.9053	3.63056	10.646	32.3594
1397778828.312	n	10.9053	3.63053	10.634	32.3591
1397778828.374	n	10.9053	3.63050	10.621	32.3588
1397778828.438	n	10.9053	3.63048	10.608	32.3586
1397778828.498	n	10.9054	3.63047	10.591	32.3584
1397778828.561	n	10.9054	3.63046	10.579	32.3583
1397778828.623	n	10.9055	3.63045	10.569	32.3582
1397778828.687	n	10.9055	3.63045	10.555	32.3582
1397778828.749	n	10.9055	3.63045	10.542	32.3581
1397778828.812	n	10.9055	3.63045	10.534	32.3581
1397778828.874	n	10.9055	3.63046	10.519	32.3583
1397778828.936	n	10.9054	3.63048	10.510	32.3585
1397778828.998	n	10.9055	3.63051	10.501	32.3587
1397778829.060	n	10.9055	3.63054	10.491	32.3591
1397778829.124	n	10.9056	3.63058	10.479	32.3594
1397778829.187	n	10.9057	3.63062	10.467	32.3598
1397778829.339	y	10.9057	3.63068	10.455	32.3603
1397778829.345	n	10.9057	3.63074	10.450	32.3609
1397778829.375	n	10.9057	3.63080	10.444	32.3615
1397778829.467	y	10.9056	3.63087	10.438	32.3623
1397778829.498	n	10.9056	3.63094	10.428	32.3630
1397778829.566	n	10.9055	3.63100	10.422	32.3636
1397778829.624	n	10.9055	3.63106	10.411	32.3642
1397778829.686	n	10.9056	3.63113	10.404	32.3649
1397778829.750	n	10.9056	3.63120	10.400	32.3656
1397778829.812	n	10.9055	3.63125	10.389	32.3661
1397778829.874	n	10.9055	3.63131	10.380	32.3667
1397778829.937	n	10.9054	3.63135	10.375	32.3672
1397778829.999	n	10.9053	3.63139	10.370	32.3677
1397778830.062	n	10.9053	3.63143	10.360	32.3682
1397778830.125	n	10.9052	3.63147	10.350	32.3686
1397778830.187	n	10.9050	3.63150	10.339	32.3691
1397778830.249	n	10.9049	3.63153	10.329	32.3695
1397778830.311	n	10.9048	3.63155	10.323	32.3698
1397778830.374	n	10.9047	3.63158	10.316	32.3701
1397778830.437	n	10.9047	3.63160	10.300	32.3703
1397778830.499	n	10.9047	3.63161	10.297	32.3705
1397778830.562	n	10.9047	3.63162	10.290	32.3706
1397778830.624	n	10.9046	3.63163	10.279	32.3708
1397778830.686	n	10.9046	3.63164	10.275	32.3709
1397778830.749	n	10.9045	3.63165	10.264	32.3710
1397778830.811	n	10.9045	3.63165	10.255	32.3711
1397778830.873	n	10.9045	3.63167	10.244	32.3713
1397778830.936	n	10.9045	3.63167	10.235	32.3713
1397778830.998	n	10.9045	3.63169	10.226	32.3714
1397778831.062	n	10.9045	3.63171	10.218	32.3716
1397778831.125	n	10.9045	3.63173	10.210	32.3719
1397778831.187	n	10.9045	3.63174	10.200	32.3720
1397778831.248	n	10.9045	3.63176	10.189	32.3722
1397778831.311	n	10.9044	3.63177	10.179	32.3723
1397778831.375	n	10.9044	3.63178	10.171	32.3725
1397778831.436	n	10.9043	3.63178	10.159	32.3725
1397778831.498	n	10.9043	3.63179	10.149	32.3727
1397778831.566	n	10.9042	3.63178	10.138	32.3727
1397778831.624	n	10.9042	3.63178	10.128	32.3726
1397778831.686	n	10.9042	3.63177	10.115	32.3725
1397778831.749	n	10.9042	3.63176	10.106	32.3724
1397778831.812	n	10.9043	3.63176	10.096	32.3725
1397778831.874	n	10.9043	3.63178	10.084	32.3726
1397778831.938	n	10.9043	3.63178	10.073	32.3726
1397778831.999	n	10.9044	3.63179	10.062	32.3726
1397778832.062	n	10.9044	3.63179	10.047	32.3726
1397778832.123	n	10.9044	3.63178	10.037	32.3726
1397778832.186	n	10.9043	3.63179	10.024	32.3727
1397778832.248	n	10.9043	3.63180	10.011	32.3727
1397778832.312	n	10.9044	3.63179	9.997	32.3727
1397778832.373	n	10.9044	3.63179	9.987	32.3726
1397778832.437	n	10.9044	3.63177	9.970	32.3725
1397778832.499	n	10.9043	3.63176	9.957	32.3724
1397778832.567	n	10.9043	3.63176	9.946	32.3724
1397778832.624	n	10.9043	3.63175	9.930	32.3724
1397778832.688	n	10.9043	3.63175	9.918	32.3724
1397778832.748	y	10.9043	3.63174	9.906	32.3723
1397778832.811	n	10.9043	3.63174	9.891	32.3723
1397778832.876	n	10.9043	3.63174	9.875	32.3723
1397778832.936	n	10.9044	3.63187	9.864	32.3736
1397778832.998	n	10.9044	3.63228	9.848	32.3776
1397778833.060	n	10.9044	3.63267	9.834	32.3814
1397778833.186	y	10.9045	3.63318	9.821	32.3865
1397778833.193	n	10.9045	3.63372	9.806	32.3918
1397778833.250	n	10.9046	3.63415	9.790	32.3959
1397778833.312	n	10.9048	3.63448	9.775	32.3990
1397778833.374	n	10.9050	3.63480	9.759	32.4020
1397778833.436	y	10.9050	3.63484	9.745	32.4025
1397778833.542	n	10.9048	3.63484	9.730	32.4026
1397778833.561	n	10.9044	3.63484	9.716	32.4030
1397778833.623	n	10.9039	3.63485	9.704	32.4035
1397778833.687	n	10.9037	3.63487	9.691	32.4040
1397778833.748	n	10.9036	3.63490	9.678	32.4043
1397778833.811	n	10.9036	3.63492	9.666	32.4045
1397778833.874	n	10.9038	3.63493	9.648	32.4045
1397778833.936	n	10.9040	3.63494	9.638	32.4044
1397778833.999	n	10.9042	3.63494	9.625	32.4042
1397778834.061	n	10.9045	3.63494	9.612	32.4039
1397778834.123	n	10.9047	3.63495	9.596	32.4039
1397778834.189	n	10.9047	3.63496	9.581	32.4039
1397778834.250	n	10.9047	3.63497	9.565	32.4040
1397778834.312	n	10.9048	3.63497	9.553	32.4041
1397778834.374	n	10.9049	3.63498	9.538	32.4040
1397778834.435	n	10.9049	3.63497	9.523	32.4039
1397778834.499	n	10.9047	3.63497	9.506	32.4040
1397778834.561	n	10.9043	3.63496	9.494	32.4043
1397778834.623	n	10.9038	3.63495	9.480	32.4046
1397778834.686	n	10.9034	3.63495	9.466	32.4050
1397778834.749	n	10.9031	3.63495	9.446	32.4053
1397778834.812	n	10.9030	3.63495	9.430	32.4054
1397778834.874	n	10.9029	3.63495	9.415	32.4055
1397778834.938	n	10.9029	3.63494	9.402	32.4055
1397778834.998	n	10.9029	3.63493	9.386	32.4054
1397778835.061	n	10.9030	3.63493	9.368	32.4053
1397778835.125	n	10.9031	3.63494	9.354	32.4052
1397778835.187	n	10.9033	3.63495	9.342	32.4052
1397778835.248	n	10.9035	3.63495	9.326	32.4051
1397778835.312	n	10.9036	3.63496	9.309	32.4051
1397778835.375	n	10.9037	3.63497	9.295	32.4050
1397778835.436	n	10.9039	3.63498	9.280	32.4050
1397778835.498	n	10.9040	3.63498	9.262	32.4049
1397778835.561	n	10.9040	3.63499	9.247	32.4050
1397778835.625	n	10.9039	3.63499	9.235	32.4051
1397778835.686	n	10.9038	3.63498	9.218	32.4051
1397778835.748	n	10.9037	3.63496	9.201	32.4050
1397778835.811	n	10.9036	3.63495	9.185	32.4050
1397778835.875	n	10.9035	3.63494	9.167	32.4051
1397778835.936	n	10.9032	3.63493	9.150	32.4052
1397778835.999	n	10.9028	3.63493	9.130	32.4055
1397778836.062	n	10.9026	3.63493	9.111	32.4057
1397778836.125	n	10.9026	3.63493	9.095	32.4058
1397778836.187	n	10.9027	3.63495	9.071	32.4059
1397778836.248	n	10.9028	3.63497	9.050	32.4059
1397778836.312	n	10.9029	3.63497	9.033	32.4059
1397778836.373	n	10.9029	3.63497	9.011	32.4060
1397778836.438	n	10.9028	3.63497	8.987	32.4059
1397778836.499	n	10.9029	3.63497	8.967	32.4059
1397778836.560	n	10.9032	3.63497	8.947	32.4057
1397778836.625	n	10.9035	3.63498	8.925	32.4054
1397778836.797	y	10.9038	3.63499	8.903	32.4053
1397778836.801	n	10.9038	3.63500	8.882	32.4054
1397778836.812	n	10.9038	3.63500	8.861	32.4055
1397778836.874	n	10.9037	3.63501	8.838	32.4057
1397778836.936	n	10.9037	3.63502	8.814	32.4057
1397778836.998	n	10.9039	3.63501	8.792	32.4055
1397778837.060	n	10.9042	3.63500	8.773	32.4052
1397778837.125	n	10.9047	3.63500	8.753	32.4047
1397778837.187	n	10.9053	3.63499	8.729	32.4041
1397778837.249	n	10.9062	3.63500	8.703	32.4034
1397778837.311	n	10.9070	3.63501	8.678	32.4028
1397778837.374	n	10.9078	3.63503	8.659	32.4023
1397778837.437	n	10.9083	3.63503	8.637	32.4018
1397778837.500	n	10.9086	3.63502	8.615	32.4015
1397778837.561	n	10.9088	3.63501	8.593	32.4013
1397778837.624	n	10.9089	3.63500	8.569	32.4011
1397778837.688	y	10.9090	3.63498	8.547	32.4009
1397778837.854	n	10.9091	3.63499	8.526	32.4008
1397778837.859	n	10.9093	3.63499	8.508	32.4006
1397778837.875	n	10.9094	3.63499	8.487	32.4006
1397778837.936	n	10.9096	3.63500	8.464	32.4005
1397778837.999	n	10.9098	3.63499	8.444	32.4003
1397778838.061	n	10.9100	3.63497	8.421	32.3999
1397778838.123	n	10.9101	3.63495	8.401	32.3996
1397778838.187	n	10.9101	3.63494	8.379	32.3995
1397778838.249	n	10.9099	3.63493	8.360	32.3996
1397778838.312	n	10.9098	3.63493	8.340	32.3997
1397778838.374	n	10.9098	3.63493	8.316	32.3997
1397778838.435	n	10.9099	3.63494	8.297	32.3997
1397778838.499	n	10.9101	3.63494	8.277	32.3995
1397778838.561	n	10.9104	3.63493	8.258	32.3993
1397778838.625	n	10.9105	3.63493	8.241	32.3991
1397778838.688	n	10.9106	3.63493	8.216	32.3990
1397778838.749	n	10.9106	3.63493	8.198	32.3991
1397778838.811	n	10.9106	3.63494	8.181	32.3992
1397778838.875	n	10.9106	3.63494	8.162	32.3992
1397778838.936	n	10.9106	3.63493	8.143	32.3990
1397778838.999	n	10.9107	3.63491	8.126	32.3988
1397778839.060	n	10.9107	3.63490	8.110	32.3987
1397778839.124	n	10.9107	3.63489	8.093	32.3986
1397778839.187	n	10.9107	3.63490	8.076	32.3986
1397778839.248	n	10.9108	3.63490	8.055	32.3987
1397778839.311	n	10.9108	3.63490	8.040	32.3986
1397778839.375	n	10.9109	3.63490	8.028	32.3986
1397778839.437	n	10.9108	3.63490	8.013	32.3986
1397778839.500	n	10.9108	3.63491	7.999	32.3987
1397778839.563	n	10.9108	3.63490	7.983	32.3987
1397778839.624	n	10.9108	3.63491	7.968	32.3988
1397778839.689	n	10.9107	3.63491	7.954	32.3989
1397778839.749	n	10.9107	3.63492	7.939	32.3990
1397778839.812	n	10.9106	3.63492	7.921	32.3990
1397778839.874	n	10.9105	3.63492	7.911	32.3991
1397778839.938	n	10.9105	3.63492	7.897	32.3992
1397778839.999	n	10.9105	3.63490	7.884	32.3990
1397778840.061	n	10.9105	3.63488	7.870	32.3988
1397778840.124	n	10.9105	3.63488	7.859	32.3987
1397778840.187	n	10.9105	3.63487	7.850	32.3987
1397778840.248	n	10.9104	3.63490	7.831	32.3991
1397778840.361	y	10.9101	3.63494	7.820	32.3997
1397778840.375	n	10.9098	3.63497	7.808	32.4003
1397778840.436	n	10.9094	3.63499	7.795	32.4008
1397778840.499	n	10.9092	3.63500	7.779	32.4012
1397778840.565	n	10.9092	3.63500	7.768	32.4012
1397778840.623	n	10.9092	3.63500	7.757	32.4012
1397778840.688	n	10.9093	3.63500	7.745	32.4011
1397778840.748	n	10.9093	3.63499	7.733	32.4010
1397778840.811	n	10.9092	3.63498	7.718	32.4010
1397778840.875	n	10.9090	3.63498	7.703	32.4011
1397778840.938	n	10.9088	3.63497	7.687	32.4013
1397778841.000	y	10.9087	3.63497	7.676	32.4013
1397778841.096	n	10.9087	3.63497	7.662	32.4014
1397778841.123	n	10.9087	3.63498	7.650	32.4014
1397778841.186	n	10.9087	3.63498	7.637	32.4015
1397778841.250	n	10.9087	3.63498	7.620	32.4015
1397778841.312	n	10.9088	3.63499	7.607	32.4015
1397778841.374	n	10.9088	3.63498	7.594	32.4014
1397778841.438	n	10.9089	3.63498	7.583	32.4013
1397778841.499	n	10.9089	3.63497	7.570	32.4012
1397778841.561	n	10.9090	3.63497	7.556	32.4011
1397778841.625	n	10.9090	3.63496	7.543	32.4010
1397778841.686	n	10.9091	3.63496	7.531	32.4010
1397778841.749	n	10.9091	3.63496	7.521	32.4010
1397778841.812	n	10.9090	3.63496	7.507	32.4011
1397778841.874	n	10.9089	3.63497	7.495	32.4012
1397778841.938	y	10.9089	3.63498	7.486	32.4014
1397778842.083	n	10.9088	3.63498	7.470	32.4014
1397778842.090	n	10.9088	3.63498	7.457	32.4015
1397778842.125	n	10.9086	3.63498	7.447	32.4016
1397778842.188	n	10.9085	3.63497	7.432	32.4016
1397778842.248	n	10.9084	3.63497	7.420	32.4017
1397778842.311	n	10.9084	3.63497	7.404	32.4017
1397778842.375	n	10.9085	3.63496	7.393	32.4015
1397778842.436	n	10.9087	3.63496	7.381	32.4013
1397778842.498	n	10.9089	3.63496	7.369	32.4012
1397778842.561	n	10.9090	3.63496	7.356	32.4011
1397778842.625	n	10.9091	3.63498	7.346	32.4012
1397778842.686	n	10.9090	3.63498	7.329	32.4013
1397778842.750	n	10.9089	3.63499	7.317	32.4015
1397778842.812	n	10.9088	3.63499	7.302	32.4016
1397778842.874	n	10.9087	3.63499	7.293	32.4017
1397778842.938	n	10.9087	3.63498	7.282	32.4016
1397778842.998	n	10.9086	3.63497	7.272	32.4016
1397778843.061	n	10.9086	3.63496	7.259	32.4015
1397778843.125	n	10.9086	3.63496	7.248	32.4015
1397778843.186	n	10.9087	3.63497	7.237	32.4015
1397778843.250	n	10.9087	3.63497	7.229	32.4016
1397778843.310	n	10.9087	3.63497	7.217	32.4015
1397778843.374	n	10.9087	3.63496	7.210	32.4014
1397778843.436	n	10.9087	3.63496	7.203	32.4014
1397778843.499	n	10.9087	3.63497	7.192	32.4015
1397778843.562	n	10.9086	3.63498	7.178	32.4017
1397778843.624	n	10.9085	3.63499	7.168	32.4019
1397778843.685	n	10.9085	3.63498	7.163	32.4018
1397778843.748	n	10.9085	3.63497	7.154	32.4018
1397778843.810	n	10.9086	3.63497	7.148	32.4017
1397778843.874	n	10.9087	3.63497	7.136	32.4016
1397778843.939	n	10.9088	3.63498	7.127	32.4016
1397778844.000	n	10.9088	3.63499	7.118	32.4016
1397778844.062	n	10.9088	3.63499	7.110	32.4016
1397778844.124	y	10.9088	3.63498	7.100	32.4016
1397778844.186	n	10.9088	3.63499	7.089	32.4017
1397778844.249	n	10.9087	3.63499	7.084	32.4017
1397778844.310	n	10.9087	3.63499	7.077	32.4018
1397778844.375	n	10.9087	3.63499	7.066	32.4018
1397778844.436	n	10.9087	3.63499	7.058	32.4017
1397778844.498	n	10.9088	3.63498	7.054	32.4016
1397778844.562	n	10.9089	3.63497	7.046	32.4015
1397778844.625	n	10.9089	3.63497	7.035	32.4015
1397778844.688	n	10.9088	3.63497	7.022	32.4015
1397778844.749	n	10.9088	3.63498	7.014	32.4017
1397778844.811	n	10.9087	3.63498	7.007	32.4017
1397778844.874	n	10.9087	3.63497	6.997	32.4017
1397778844.939	n	10.9087	3.63497	6.986	32.4017
1397778844.998	n	10.9087	3.63497	6.978	32.4017
1397778845.061	n	10.9087	3.63498	6.968	32.4017
1397778845.123	n	10.9088	3.63498	6.959	32.4017
1397778845.186	n	10.9088	3.63498	6.949	32.4017
1397778845.249	n	10.9088	3.63498	6.939	32.4017
1397778845.311	n	10.9088	3.63498	6.928	32.4017
1397778845.374	n	10.9088	3.63497	6.919	32.4016
1397778845.435	n	10.9087	3.63496	6.909	32.4015
1397778845.499	n	10.9088	3.63496	6.898	32.4015
1397778845.561	n	10.9088	3.63497	6.889	32.4016
1397778845.623	n	10.9088	3.63499	6.879	32.4018
1397778845.687	n	10.9088	3.63499	6.867	32.4018
1397778845.748	n	10.9088	3.63497	6.854	32.4016
1397778845.812	n	10.9088	3.63494	6.844	32.4014
1397778845.875	n	10.9087	3.63492	6.827	32.4012
1397778845.936	n	10.9087	3.63492	6.819	32.4012
1397778845.998	n	10.9088	3.63493	6.805	32.4013
1397778846.061	n	10.9088	3.63495	6.794	32.4014
1397778846.124	n	10.9089	3.63496	6.781	32.4015
1397778846.187	y	10.9091	3.63496	6.768	32.4013
1397778846.356	n	10.9093	3.63496	6.755	32.4011
1397778846.362	n	10.9095	3.63495	6.741	32.4009
1397778846.375	n	10.9096	3.63495	6.730	32.4008
1397778846.437	n	10.9096	3.63496	6.720	32.4008
1397778846.499	n	10.9096	3.63496	6.708	32.4009
1397778846.562	n	10.9096	3.63495	6.694	32.4008
1397778846.623	n	10.9095	3.63494	6.683	32.4008
1397778846.687	n	10.9094	3.63493	6.670	32.4008
1397778846.750	n	10.9094	3.63493	6.661	32.4008
1397778846.812	n	10.9094	3.63493	6.645	32.4008
1397778846.875	n	10.9095	3.63494	6.633	32.4008
1397778846.938	n	10.9096	3.63495	6.621	32.4008
1397778847.000	n	10.9096	3.63496	6.607	32.4009
1397778847.063	n	10.9096	3.63496	6.591	32.4009
1397778847.125	n	10.9096	3.63496	6.580	32.4009
1397778847.188	n	10.9095	3.63495	6.561	32.4009
1397778847.248	n	10.9095	3.63495	6.545	32.4009
1397778847.311	n	10.9095	3.63495	6.533	32.4009
1397778847.373	n	10.9095	3.63495	6.521	32.4009
1397778847.437	n	10.9094	3.63495	6.506	32.4010
1397778847.498	n	10.9093	3.63496	6.489	32.4012
1397778847.561	n	10.9092	3.63496	6.475	32.4013
1397778847.624	n	10.9092	3.63495	6.460	32.4013
1397778847.687	y	10.9092	3.63494	6.446	32.4012
1397778847.748	n	10.9092	3.63494	6.431	32.4012
1397778847.811	n	10.9091	3.63494	6.414	32.4012
1397778847.875	n	10.9091	3.63495	6.402	32.4013
1397778847.937	n	10.9090	3.63495	6.387	32.4014
1397778847.999	n	10.9089	3.63496	6.374	32.4016
1397778848.062	n	10.9088	3.63495	6.361	32.4016
1397778848.125	n	10.9088	3.63494	6.346	32.4016
1397778848.186	n	10.9087	3.63493	6.329	32.4015
1397778848.250	n	10.9088	3.63493	6.313	32.4014
1397778848.312	n	10.9088	3.63493	6.297	32.4015
1397778848.375	n	10.9088	3.63494	6.278	32.4016
1397778848.436	n	10.9089	3.63494	6.266	32.4015
1397778848.500	n	10.9089	3.63493	6.251	32.4014
1397778848.562	n	10.9089	3.63492	6.235	32.4012
1397778848.623	n	10.9090	3.63492	6.221	32.4011
1397778848.686	n	10.9092	3.63493	6.204	32.4011
1397778848.749	n	10.9093	3.63494	6.188	32.4012
1397778848.811	n	10.9093	3.63494	6.174	32.4011
1397778848.875	n	10.9093	3.63493	6.163	32.4010
1397778848.936	n	10.9093	3.63492	6.153	32.4010
1397778849.000	n	10.9093	3.63492	6.138	32.4010
1397778849.061	n	10.9093	3.63492	6.122	32.4010
1397778849.125	n	10.9093	3.63491	6.110	32.4009
1397778849.188	n	10.9093	3.63491	6.099	32.4009
1397778849.249	n	10.9092	3.63491	6.086	32.4010
1397778849.311	n	10.9092	3.63492	6.068	32.4011
1397778849.375	n	10.9091	3.63493	6.054	32.4012
1397778849.436	n	10.9091	3.63493	6.043	32.4013
1397778849.500	n	10.9090	3.63493	6.033	32.4014
1397778849.562	n	10.9088	3.63492	6.019	32.4014
1397778849.623	n	10.9087	3.63490	6.003	32.4014
1397778849.687	n	10.9085	3.63489	5.990	32.4014
1397778849.748	n	10.9084	3.63488	5.976	32.4014
1397778849.812	n	10.9084	3.63488	5.964	32.4015
1397778849.873	n	10.9084	3.63489	5.953	32.4015
1397778849.938	n	10.9084	3.63490	5.934	32.4016
1397778850.000	n	10.9084	3.63491	5.922	32.4017
1397778850.062	n	10.9084	3.63491	5.908	32.4017
1397778850.125	n	10.9084	3.63490	5.894	32.4016
1397778850.188	n	10.9084	3.63488	5.885	32.4015
1397778850.249	n	10.9084	3.63487	5.873	32.4014
1397778850.311	n	10.9084	3.63487	5.860	32.4014
1397778850.376	n	10.9084	3.63489	5.846	32.4016
1397778850.438	y	10.9083	3.63490	5.830	32.4017
1397778850.594	n	10.9083	3.63490	5.819	32.4017
1397778850.599	n	10.9084	3.63489	5.804	32.4016
1397778850.624	n	10.9084	3.63488	5.790	32.4015
1397778850.686	n	10.9084	3.63486	5.778	32.4013
1397778850.749	n	10.9084	3.63486	5.761	32.4013
1397778850.812	n	10.9084	3.63485	5.746	32.4012
1397778850.874	n	10.9085	3.63485	5.731	32.4011
1397778850.938	n	10.9085	3.63485	5.712	32.4012
1397778851.000	n	10.9086	3.63486	5.696	32.4012
1397778851.063	n	10.9086	3.63488	5.683	32.4013
1397778851.125	n	10.9087	3.63488	5.665	32.4013
1397778851.188	n	10.9087	3.63488	5.647	32.4014
1397778851.259	y	10.9087	3.63488	5.631	32.4014
1397778851.311	n	10.9087	3.63488	5.610	32.4013
1397778851.374	n	10.9089	3.63488	5.593	32.4012
1397778851.438	n	10.9091	3.63488	5.573	32.4010
1397778851.499	n	10.9093	3.63488	5.551	32.4009
1397778851.561	n	10.9094	3.63488	5.532	32.4008
1397778851.624	n	10.9094	3.63488	5.512	32.4008
1397778851.687	n	10.9095	3.63488	5.489	32.4008
1397778851.750	n	10.9095	3.63488	5.467	32.4006
1397778851.811	n	10.9096	3.63487	5.448	32.4006
1397778851.873	n	10.9096	3.63487	5.424	32.4006
1397778851.938	n	10.9095	3.63487	5.404	32.4006
1397778852.000	n	10.9095	3.63487	5.380	32.4006
1397778852.061	n	10.9095	3.63487	5.357	32.4006
1397778852.125	n	10.9096	3.63487	5.336	32.4005
1397778852.186	n	10.9097	3.63487	5.313	32.4004
1397778852.249	n	10.9097	3.63486	5.290	32.4004
1397778852.312	n	10.9095	3.63485	5.266	32.4005
1397778852.374	n	10.9094	3.63485	5.244	32.4006
1397778852.438	n	10.9093	3.63485	5.218	32.4007
1397778852.499	n	10.9093	3.63486	5.195	32.4007
1397778852.561	n	10.9094	3.63486	5.175	32.4007
1397778852.625	n	10.9094	3.63487	5.155	32.4007
1397778852.687	n	10.9094	3.63486	5.132	32.4008
1397778852.748	n	10.9094	3.63486	5.105	32.4007
1397778852.811	n	10.9094	3.63487	5.084	32.4008
1397778852.873	n	10.9093	3.63486	5.066	32.4008
1397778852.937	n	10.9093	3.63485	5.043	32.4007
1397778853.000	n	10.9093	3.63485	5.018	32.4008
1397778853.062	n	10.9093	3.63485	4.997	32.4008
1397778853.124	n	10.9092	3.63485	4.977	32.4008
1397778853.188	n	10.9092	3.63485	4.958	32.4009
1397778853.248	n	10.9091	3.63483	4.935	32.4008
1397778853.311	n	10.9091	3.63482	4.914	32.4007
1397778853.374	n	10.9090	3.63479	4.895	32.4005
1397778853.437	n	10.9089	3.63477	4.875	32.4003
1397778853.499	n	10.9089	3.63475	4.860	32.4002
1397778853.561	n	10.9089	3.63475	4.839	32.4002
1397778853.625	n	10.9089	3.63477	4.818	32.4004
1397778853.688	n	10.9090	3.63479	4.800	32.4006
1397778853.750	n	10.9090	3.63480	4.782	32.4006
1397778853.812	n	10.9091	3.63480	4.763	32.4005
1397778853.874	n	10.9091	3.63479	4.744	32.4004
1397778853.938	n	10.9092	3.63478	4.724	32.4003
1397778854.000	n	10.9092	3.63479	4.705	32.4003
1397778854.062	n	10.9091	3.63478	4.688	32.4004
1397778854.125	n	10.9091	3.63478	4.672	32.4004
1397778854.188	n	10.9090	3.63478	4.653	32.4005
1397778854.249	n	10.9089	3.63478	4.635	32.4006
1397778854.311	n	10.9089	3.63478	4.620	32.4006
1397778854.374	n	10.9089	3.63477	4.606	32.4006
1397778854.438	n	10.9089	3.63477	4.591	32.4005
1397778854.500	n	10.9089	3.63477	4.578	32.4005
1397778854.674	y	10.9089	3.63477	4.565	32.4005
1397778854.681	n	10.9088	3.63477	4.554	32.4006
1397778854.686	n	10.9088	3.63476	4.543	32.4005
1397778854.836	y	10.9087	3.63475	4.533	32.4005
1397778854.842	n	10.9086	3.63476	4.525	32.4006
1397778854.874	n	10.9086	3.63476	4.516	32.4006
1397778854.936	n	10.9086	3.63476	4.504	32.4007
1397778854.999	n	10.9086	3.63477	4.498	32.4008
1397778855.123	y	10.9086	3.63477	4.492	32.4007
1397778855.129	n	10.9086	3.63476	4.488	32.4007
1397778855.188	n	10.9086	3.63477	4.482	32.4008
1397778855.248	n	10.9087	3.63477	4.474	32.4007
1397778855.311	n	10.9087	3.63477	4.468	32.4006
1397778855.375	n	10.9088	3.63476	4.461	32.4005
1397778855.436	n	10.9087	3.63475	4.458	32.4005
1397778855.498	n	10.9086	3.63474	4.452	32.4005
1397778855.561	n	10.9085	3.63475	4.450	32.4007
1397778855.627	n	10.9085	3.63476	4.444	32.4008
1397778855.691	n	10.9084	3.63473	4.441	32.4005
1397778855.749	n	10.9085	3.63470	4.439	32.4002
1397778855.811	n	10.9085	3.63469	4.433	32.4001
1397778855.874	n	10.9085	3.63469	4.430	32.4001
1397778855.938	n	10.9085	3.63472	4.428	32.4005
1397778855.999	n	10.9085	3.63477	4.420	32.4010
1397778856.061	n	10.9084	3.63478	4.419	32.4010
1397778856.125	n	10.9084	3.63478	4.414	32.4011
1397778856.186	n	10.9084	3.63477	4.410	32.4010
1397778856.248	n	10.9084	3.63477	4.408	32.4010
1397778856.311	n	10.9084	3.63476	4.407	32.4010
1397778856.373	n	10.9084	3.63476	4.404	32.4009
1397778856.438	n	10.9084	3.63476	4.400	32.4009
1397778856.498	n	10.9085	3.63476	4.401	32.4009
1397778856.561	n	10.9085	3.63476	4.399	32.4009
1397778856.623	n	10.9085	3.63477	4.396	32.4009
1397778856.691	n	10.9086	3.63478	4.395	32.4009
1397778856.749	n	10.9086	3.63478	4.393	32.4009
1397778856.813	n	10.9087	3.63478	4.395	32.4009
1397778856.875	n	10.9087	3.63478	4.390	32.4009
1397778856.937	n	10.9087	3.63478	4.387	32.4009
1397778856.999	n	10.9087	3.63478	4.385	32.4008
1397778857.062	n	10.9087	3.63476	4.386	32.4007
1397778857.125	n	10.9087	3.63476	4.380	32.4006
1397778857.188	n	10.9087	3.63476	4.378	32.4007
1397778857.249	n	10.9087	3.63476	4.374	32.4007
1397778857.311	n	10.9087	3.63477	4.369	32.4008
1397778857.375	n	10.9087	3.63477	4.366	32.4008
1397778857.437	n	10.9087	3.63477	4.366	32.4008
1397778857.499	n	10.9087	3.63477	4.363	32.4007
1397778857.562	n	10.9088	3.63477	4.362	32.4007
1397778857.624	n	10.9088	3.63478	4.359	32.4008
1397778857.687	n	10.9089	3.63478	4.356	32.4007
1397778857.748	n	10.9090	3.63478	4.354	32.4006
1397778857.811	n	10.9090	3.63478	4.355	32.4007
1397778857.875	n	10.9090	3.63477	4.355	32.4006
1397778857.938	n	10.9090	3.63478	4.349	32.4006
1397778857.999	n	10.9090	3.63479	4.347	32.4008
1397778858.062	n	10.9090	3.63480	4.345	32.4009
1397778858.125	n	10.9090	3.63480	4.343	32.4008
1397778858.187	n	10.9089	3.63480	4.341	32.4009
1397778858.248	n	10.9089	3.63479	4.334	32.4008
1397778858.311	n	10.9089	3.63478	4.333	32.4007
1397778858.374	n	10.9089	3.63478	4.326	32.4007
1397778858.437	n	10.9089	3.63479	4.324	32.4008
1397778858.499	n	10.9090	3.63479	4.316	32.4008
1397778858.562	n	10.9090	3.63480	4.311	32.4007
1397778858.669	y	10.9091	3.63479	4.306	32.4007
1397778858.688	n	10.9090	3.63479	4.299	32.4007
1397778858.748	n	10.9089	3.63479	4.293	32.4008
1397778858.812	n	10.9087	3.63480	4.288	32.4011
1397778858.873	n	10.9086	3.63481	4.283	32.4013
1397778858.936	y	10.9084	3.63482	4.276	32.4016
1397778859.109	n	10.9082	3.63482	4.270	32.4018
1397778859.115	n	10.9080	3.63482	4.261	32.4019
1397778859.126	n	10.9079	3.63482	4.255	32.4020
1397778859.186	n	10.9079	3.63483	4.248	32.4021
1397778859.249	n	10.9077	3.63483	4.240	32.4023
1397778859.311	n	10.9075	3.63484	4.233	32.4025
1397778859.374	n	10.9073	3.63483	4.227	32.4027
1397778859.438	n	10.9071	3.63483	4.218	32.4028
1397778859.499	n	10.9070	3.63483	4.210	32.4029
1397778859.561	n	10.9070	3.63483	4.201	32.4029
1397778859.625	n	10.9070	3.63484	4.192	32.4030
1397778859.688	n	10.9070	3.63484	4.182	32.4030
1397778859.749	n	10.9071	3.63483	4.174	32.4029
1397778859.811	n	10.9072	3.63482	4.165	32.4027
1397778859.875	n	10.9073	3.63481	4.159	32.4025
1397778859.936	n	10.9075	3.63482	4.147	32.4024
1397778859.999	n	10.9076	3.63482	4.137	32.4023
1397778860.062	n	10.9077	3.63483	4.126	32.4023
1397778860.125	n	10.9078	3.63483	4.116	32.4023
1397778860.188	n	10.9077	3.63484	4.106	32.4024
1397778860.248	n	10.9075	3.63484	4.092	32.4026
1397778860.311	n	10.9074	3.63484	4.082	32.4028
1397778860.376	n	10.9072	3.63484	4.068	32.4029
1397778860.438	n	10.9071	3.63483	4.055	32.4029
1397778860.498	n	10.9071	3.63483	4.042	32.4029
1397778860.561	n	10.9071	3.63483	4.028	32.4029
1397778860.625	n	10.9071	3.63483	4.013	32.4029
1397778860.688	n	10.9072	3.63483	3.999	32.4028
1397778860.748	n	10.9072	3.63483	3.982	32.4028
1397778860.811	n	10.9072	3.63483	3.964	32.4028
1397778860.875	n	10.9071	3.63483	3.947	32.4030
1397778860.939	n	10.9069	3.63482	3.930	32.4030
1397778860.999	n	10.9068	3.63481	3.914	32.4030
1397778861.061	n	10.9068	3.63481	3.894	32.4031
1397778861.125	n	10.9068	3.63481	3.873	32.4030
1397778861.189	n	10.9069	3.63480	3.851	32.4029
1397778861.250	n	10.9069	3.63480	3.832	32.4028
1397778861.311	n	10.9071	3.63479	3.809	32.4027
1397778861.375	n	10.9071	3.63480	3.786	32.4027
1397778861.436	n	10.9070	3.63481	3.766	32.4029
1397778861.500	n	10.9069	3.63483	3.743	32.4032
1397778861.562	n	10.9068	3.63484	3.718	32.4034
1397778861.624	n	10.9068	3.63484	3.693	32.4034
1397778861.688	n	10.9068	3.63484	3.669	32.4034
1397778861.749	n	10.9068	3.63483	3.645	32.4034
1397778861.811	n	10.9068	3.63482	3.623	32.4032
1397778861.874	n	10.9069	3.63481	3.595	32.4031
1397778861.939	n	10.9069	3.63480	3.571	32.4029
1397778861.999	n	10.9070	3.63479	3.548	32.4028
1397778862.062	n	10.9070	3.63480	3.527	32.4029
1397778862.124	n	10.9071	3.63481	3.506	32.4029
1397778862.188	n	10.9072	3.63481	3.483	32.4029
1397778862.258	y	10.9074	3.63481	3.459	32.4027
1397778862.311	n	10.9076	3.63480	3.439	32.4024
1397778862.375	n	10.9077	3.63479	3.418	32.4023
1397778862.439	n	10.9077	3.63480	3.397	32.4024
1397778862.500	n	10.9075	3.63481	3.373	32.4026
1397778862.562	n	10.9073	3.63481	3.352	32.4028
1397778862.625	n	10.9072	3.63481	3.331	32.4030
1397778862.687	n	10.9070	3.63480	3.309	32.4030
1397778862.749	n	10.9069	3.63478	3.289	32.4029
1397778862.811	n	10.9068	3.63478	3.264	32.4030
1397778862.873	n	10.9068	3.63478	3.241	32.4030
1397778862.937	n	10.9068	3.63478	3.222	32.4030
1397778862.998	n	10.9069	3.63478	3.200	32.4030
1397778863.061	n	10.9070	3.63480	3.178	32.4031
1397778863.127	n	10.9070	3.63480	3.154	32.4031
1397778863.190	y	10.9070	3.63480	3.134	32.4031
1397778863.340	n	10.9069	3.63480	3.114	32.4032
1397778863.346	n	10.9068	3.63480	3.093	32.4033
1397778863.373	n	10.9066	3.63480	3.070	32.4034
1397778863.436	n	10.9066	3.63480	3.049	32.4035
1397778863.498	n	10.9066	3.63480	3.030	32.4035
1397778863.561	n	10.9066	3.63481	3.006	32.4035
1397778863.623	n	10.9066	3.63481	2.984	32.4036
1397778863.686	n	10.9065	3.63481	2.963	32.4037
1397778863.749	n	10.9064	3.63481	2.944	32.4037
1397778863.811	n	10.9064	3.63480	2.918	32.4037
1397778863.874	n	10.9064	3.63479	2.898	32.4036
1397778863.936	n	10.9065	3.63480	2.873	32.4036
1397778863.998	n	10.9066	3.63479	2.852	32.4035
1397778864.062	n	10.9066	3.63478	2.831	32.4034
1397778864.126	n	10.9066	3.63477	2.806	32.4032
1397778864.186	n	10.9067	3.63475	2.777	32.4030
1397778864.249	n	10.9069	3.63475	2.756	32.4029
1397778864.312	n	10.9071	3.63477	2.731	32.4028
1397778864.375	n	10.9074	3.63479	2.707	32.4028
1397778864.436	n	10.9077	3.63480	2.681	32.4027
1397778864.499	n	10.9078	3.63480	2.659	32.4026
1397778864.561	n	10.9079	3.63478	2.639	32.4023
1397778864.624	n	10.9080	3.63477	2.616	32.4021
1397778864.687	n	10.9080	3.63475	2.593	32.4019
1397778864.749	n	10.9080	3.63474	2.575	32.4018
1397778864.812	n	10.9080	3.63474	2.554	32.4018
1397778864.875	n	10.9079	3.63474	2.536	32.4019
1397778864.937	n	10.9079	3.63474	2.515	32.4020
1397778864.999	n	10.9078	3.63474	2.498	32.4021
1397778865.061	n	10.9077	3.63474	2.477	32.4022
1397778865.124	n	10.9077	3.63475	2.459	32.4022
1397778865.187	n	10.9077	3.63475	2.439	32.4022
1397778865.249	n	10.9078	3.63476	2.420	32.4023
1397778865.312	n	10.9078	3.63476	2.397	32.4023
1397778865.374	n	10.9079	3.63476	2.379	32.4023
1397778865.437	n	10.9079	3.63477	2.360	32.4023
1397778865.499	n	10.9080	3.63476	2.340	32.4022
1397778865.562	n	10.9080	3.63475	2.323	32.4021
1397778865.625	n	10.9079	3.63473	2.303	32.4019
1397778865.687	n	10.9079	3.63472	2.282	32.4018
1397778865.748	n	10.9079	3.63471	2.266	32.4018
1397778865.812	n	10.9079	3.63470	2.247	32.4017
1397778865.876	n	10.9078	3.63470	2.233	32.4018
1397778865.937	n	10.9078	3.63471	2.219	32.4019
1397778865.998	y	10.9077	3.63471	2.206	32.4020
1397778866.062	n	10.9077	3.63471	2.189	32.4020
1397778866.124	n	10.9076	3.63471	2.173	32.4020
1397778866.188	n	10.9077	3.63471	2.161	32.4020
1397778866.248	n	10.9077	3.63472	2.152	32.4021
1397778866.311	n	10.9077	3.63472	2.142	32.4022
1397778866.374	n	10.9077	3.63473	2.134	32.4022
1397778866.437	n	10.9077	3.63474	2.125	32.4023
1397778866.499	n	10.9077	3.63474	2.119	32.4023
1397778866.562	n	10.9078	3.63475	2.113	32.4023
1397778866.623	n	10.9078	3.63474	2.105	32.4023
1397778866.689	n	10.9078	3.63474	2.102	32.4022
1397778866.750	n	10.9077	3.63473	2.094	32.4022
1397778866.812	n	10.9077	3.63473	2.088	32.4023
1397778866.875	n	10.9076	3.63472	2.088	32.4023
1397778866.937	n	10.9076	3.63472	2.084	32.4022
1397778867.000	n	10.9075	3.63472	2.083	32.4022
1397778867.061	n	10.9075	3.63472	2.082	32.4023
1397778867.124	n	10.9075	3.63472	2.081	32.4023
1397778867.187	n	10.9075	3.63472	2.080	32.4023
1397778867.248	n	10.9074	3.63472	2.082	32.4023
1397778867.312	n	10.9074	3.63471	2.084	32.4023
1397778867.376	n	10.9075	3.63471	2.087	32.4022
1397778867.437	y	10.9075	3.63471	2.088	32.4022
1397778867.579	n	10.9075	3.63471	2.089	32.4021
1397778867.584	n	10.9075	3.63471	2.087	32.4022
1397778867.624	n	10.9074	3.63471	2.089	32.4022
1397778867.689	n	10.9074	3.63471	2.090	32.4023
1397778867.750	n	10.9073	3.63471	2.091	32.4023
1397778867.812	n	10.9073	3.63471	2.090	32.4024
1397778867.874	n	10.9073	3.63472	2.090	32.4025
1397778867.936	n	10.9073	3.63473	2.092	32.4026
1397778868.000	n	10.9072	3.63473	2.087	32.4027
1397778868.061	n	10.9071	3.63473	2.084	32.4027
1397778868.124	n	10.9071	3.63473	2.081	32.4028
1397778868.187	n	10.9071	3.63472	2.081	32.4027
1397778868.249	n	10.9072	3.63471	2.080	32.4025
1397778868.311	n	10.9073	3.63471	2.074	32.4024
1397778868.375	n	10.9073	3.63470	2.069	32.4023
1397778868.437	n	10.9072	3.63470	2.066	32.4023
1397778868.499	n	10.9072	3.63470	2.068	32.4024
1397778868.562	n	10.9071	3.63471	2.059	32.4026
1397778868.625	n	10.9070	3.63472	2.057	32.4028
1397778868.686	n	10.9069	3.63473	2.054	32.4029
1397778868.750	n	10.9066	3.63473	2.048	32.4032
1397778868.812	n	10.9063	3.63473	2.047	32.4035
1397778868.874	n	10.9058	3.63473	2.041	32.4039
1397778868.937	n	10.9052	3.63474	2.037	32.4045
1397778868.999	n	10.9047	3.63474	2.034	32.4050
1397778869.062	n	10.9042	3.63474	2.031	32.4055
1397778869.125	n	10.9039	3.63475	2.029	32.4058
1397778869.186	n	10.9038	3.63475	2.026	32.4059
1397778869.249	n	10.9039	3.63475	2.024	32.4058
1397778869.311	n	10.9040	3.63474	2.019	32.4057
1397778869.374	n	10.9041	3.63474	2.015	32.4055
1397778869.437	n	10.9041	3.63475	2.011	32.4056
1397778869.499	n	10.9041	3.63476	2.006	32.4058
1397778869.563	y	10.9041	3.63477	2.002	32.4058
1397778869.630	n	10.9042	3.63477	1.998	32.4057
1397778869.687	n	10.9043	3.63475	1.990	32.4054
1397778869.749	n	10.9044	3.63474	1.989	32.4053
1397778869.812	n	10.9044	3.63473	1.988	32.4051
1397778869.875	n	10.9044	3.63473	1.984	32.4052
1397778869.937	n	10.9043	3.63474	1.983	32.4054
1397778869.999	n	10.9041	3.63474	1.979	32.4056
1397778870.062	n	10.9039	3.63473	1.976	32.4057
1397778870.125	n	10.9038	3.63472	1.973	32.4057
1397778870.306	y	10.9038	3.63470	1.964	32.4055
1397778870.311	n	10.9040	3.63466	1.961	32.4049
1397778870.316	n	10.9041	3.63464	1.954	32.4045
1397778870.375	n	10.9042	3.63465	1.942	32.4045
1397778870.437	n	10.9043	3.63467	1.936	32.4047
1397778870.499	n	10.9043	3.63470	1.926	32.4050
1397778870.562	n	10.9043	3.63474	1.917	32.4054
1397778870.624	n	10.9042	3.63474	1.907	32.4054
1397778870.687	n	10.9042	3.63474	1.896	32.4055
1397778870.748	n	10.9041	3.63475	1.885	32.4057
1397778870.811	n	10.9040	3.63475	1.874	32.4058
1397778870.875	n	10.9039	3.63474	1.863	32.4058
1397778870.937	n	10.9038	3.63473	1.852	32.4058
1397778870.999	n	10.9038	3.63472	1.845	32.4057
1397778871.062	n	10.9039	3.63472	1.836	32.4056
1397778871.124	n	10.9041	3.63473	1.824	32.4055
1397778871.187	n	10.9042	3.63474	1.815	32.4055
1397778871.249	n	10.9043	3.63474	1.806	32.4055
1397778871.312	n	10.9044	3.63474	1.798	32.4054
1397778871.374	n	10.9045	3.63473	1.789	32.4052
1397778871.436	n	10.9046	3.63473	1.774	32.4050
1397778871.499	n	10.9048	3.63473	1.767	32.4049
1397778871.562	n	10.9050	3.63474	1.755	32.4048
1397778871.626	n	10.9051	3.63474	1.749	32.4048
1397778871.687	y	10.9051	3.63473	1.739	32.4047
1397778871.801	n	10.9050	3.63471	1.727	32.4046
1397778871.812	n	10.9050	3.63470	1.719	32.4045
1397778871.875	n	10.9049	3.63470	1.711	32.4045
1397778871.937	n	10.9048	3.63470	1.697	32.4047
1397778871.999	n	10.9046	3.63471	1.688	32.4049
1397778872.063	n	10.9045	3.63472	1.680	32.4052
1397778872.123	n	10.9043	3.63473	1.667	32.4054
1397778872.187	n	10.9041	3.63474	1.661	32.4056
1397778872.249	n	10.9040	3.63474	1.650	32.4058
1397778872.311	n	10.9039	3.63474	1.639	32.4058
1397778872.375	n	10.9040	3.63472	1.632	32.4056
1397778872.436	n	10.9041	3.63471	1.620	32.4053
1397778872.499	n	10.9043	3.63467	1.607	32.4048
1397778872.562	n	10.9044	3.63463	1.598	32.4043
1397778872.626	n	10.9045	3.63461	1.587	32.4041
1397778872.687	n	10.9046	3.63462	1.576	32.4041
1397778872.748	n	10.9046	3.63464	1.564	32.4043
1397778872.812	n	10.9046	3.63467	1.551	32.4046
1397778872.875	n	10.9046	3.63468	1.539	32.4047
1397778872.936	n	10.9045	3.63467	1.526	32.4047
1397778873.000	n	10.9044	3.63466	1.511	32.4047
1397778873.061	n	10.9043	3.63467	1.495	32.4049
1397778873.123	n	10.9042	3.63469	1.478	32.4051
1397778873.187	n	10.9042	3.63471	1.464	32.4054
1397778873.296	y	10.9041	3.63472	1.446	32.4056
1397778873.311	n	10.9040	3.63474	1.427	32.4058
1397778873.373	n	10.9039	3.63474	1.412	32.4060
1397778873.436	n	10.9039	3.63475	1.392	32.4061
1397778873.500	n	10.9038	3.63474	1.370	32.4061
1397778873.563	n	10.9038	3.63471	1.353	32.4057
1397778873.625	n	10.9038	3.63467	1.333	32.4055
1397778873.687	n	10.9037	3.63466	1.309	32.4054
1397778873.748	n	10.9037	3.63467	1.291	32.4055
1397778873.812	n	10.9036	3.63468	1.268	32.4057
1397778873.875	n	10.9036	3.63470	1.250	32.4059
1397778873.937	n	10.9036	3.63469	1.228	32.4058
1397778873.999	n	10.9036	3.63469	1.206	32.4058
1397778874.062	n	10.9037	3.63469	1.181	32.4057
1397778874.125	n	10.9038	3.63468	1.162	32.4056
1397778874.188	n	10.9038	3.63467	1.138	32.4054
1397778874.249	n	10.9038	3.63464	1.118	32.4052
1397778874.311	n	10.9038	3.63463	1.091	32.4051
1397778874.374	n	10.9038	3.63462	1.066	32.4050
1397778874.437	n	10.9038	3.63462	1.041	32.4050
1397778874.499	n	10.9038	3.63462	1.018	32.4051
1397778874.562	n	10.9038	3.63463	0.992	32.4051
1397778874.625	n	10.9038	3.63463	0.967	32.4051
1397778874.687	n	10.9038	3.63463	0.942	32.4052
1397778874.750	n	10.9037	3.63464	0.918	32.4053
1397778874.816	n	10.9037	3.63464	0.897	32.4054
1397778874.875	n	10.9037	3.63464	0.873	32.4054
1397778874.937	n	10.9038	3.63463	0.848	32.4052
1397778874.999	n	10.9039	3.63462	0.825	32.4050
1397778875.062	n	10.9040	3.63460	0.798	32.4047
1397778875.124	n	10.9041	3.63459	0.774	32.4046
1397778875.187	n	10.9041	3.63459	0.746	32.4046
1397778875.250	n	10.9040	3.63460	0.716	32.4048
1397778875.312	n	10.9038	3.63462	0.692	32.4052
1397778875.374	n	10.9036	3.63464	0.664	32.4055
1397778875.436	n	10.9036	3.63464	0.633	32.4056
1397778875.498	n	10.9036	3.63464	0.602	32.4055
1397778875.561	n	10.9038	3.63463	0.573	32.4054
1397778875.624	n	10.9037	3.36819	0.546	29.7794
1397778875.687	n	10.9034	2.82688	0.520	24.5402
1397778875.748	n	10.9029	2.14983	0.496	18.1751
1397778875.813	n	10.9022	1.50625	0.471	12.3389
1397778875.875	n	10.9016	1.07186	0.447	8.5396
1397778876.103	y	10.9010	0.95685	0.422	7.5563
1397778876.110	n	10.9005	0.92478	0.402	7.2841
1397778876.116	n	10.9001	0.89564	0.385	7.0375
1397778876.125	n	10.8998	0.86203	0.371	6.7539
1397778876.186	n	10.8994	0.81194	0.362	6.3331
1397778876.248	n	10.8991	0.75203	0.366	5.8328
1397778876.311	n	10.8988	0.68449	0.372	5.2729
1397778876.374	n	10.8986	0.62129	0.380	4.7533
1397778876.436	n	10.8985	0.56676	0.394	4.3085
1397778876.498	n	10.8986	0.52392	0.408	3.9616
1397778876.561	n	10.8986	0.49389	0.425	3.7197
1397778876.624	n	10.8987	0.47295	0.438	3.5517
1397778876.687	n	10.8988	0.45734	0.448	3.4269
1397778876.750	n	10.8989	0.44509	0.455	3.3292
