Source File: D:\Storage\Programs\OOI\Group 5\Correspondence\07_18_14 sample files\files\11079894.PPB
Processed: 07/18/2014 12:27:40
Using Version: 1.11
Device: CTD
Start Date: 04/17/2014
Timestamp (s)	Suspect Timestamp	Temperature	Conductivity	Pressure	Salinity
1397778271.686	y	9.0207	3.55442	22.634	33.2943
1397778271.749	n	9.0201	3.55447	22.648	33.2953
1397778271.810	n	9.0198	3.55444	22.655	33.2953
1397778271.872	n	9.0201	3.55442	22.634	33.2948
1397778271.936	n	9.0198	3.55447	22.648	33.2956
1397778272.000	n	9.0177	3.55435	22.676	33.2962
1397778272.062	n	9.0173	3.55437	22.684	33.2969
1397778272.124	n	9.0190	3.55442	22.655	33.2957
1397778272.186	n	9.0184	3.55440	22.659	33.2961
1397778272.250	n	9.0178	3.55438	22.666	33.2964
1397778272.313	n	9.0173	3.55436	22.676	33.2968
1397778272.375	n	9.0168	3.55435	22.684	33.2971
1397778272.436	n	9.0164	3.55434	22.688	33.2974
1397778272.501	n	9.0159	3.55432	22.699	33.2976
1397778272.562	n	9.0155	3.55431	22.703	33.2979
1397778272.625	n	9.0150	3.55430	22.707	33.2982
1397778272.687	n	9.0147	3.55429	22.717	33.2984
1397778272.749	n	9.0144	3.55429	22.722	33.2987
1397778272.812	n	9.0142	3.55429	22.729	33.2989
1397778272.874	n	9.0140	3.55427	22.740	33.2989
1397778272.937	n	9.0139	3.55425	22.740	33.2987
1397778273.001	n	9.0138	3.55422	22.748	33.2986
1397778273.061	n	9.0136	3.55420	22.753	33.2984
1397778273.125	n	9.0135	3.55419	22.761	33.2984
1397778273.187	n	9.0134	3.55418	22.770	33.2984
1397778273.875	n	9.0133	3.55417	22.777	33.2984
1397778273.891	n	9.0133	3.55416	22.781	33.2984
1397778273.910	n	9.0132	3.55415	22.788	33.2983
1397778273.919	n	9.0132	3.55413	22.789	33.2982
1397778273.926	n	9.0131	3.55411	22.795	33.2980
1397778273.933	n	9.0129	3.55408	22.804	33.2978
1397778273.940	n	9.0127	3.55404	22.811	33.2976
1397778273.947	n	9.0124	3.55399	22.813	33.2975
1397778273.954	n	9.0120	3.55396	22.816	33.2975
1397778273.960	n	9.0116	3.55394	22.820	33.2976
1397778273.968	n	9.0114	3.55391	22.825	33.2976
1397778273.976	n	9.0113	3.55390	22.831	33.2975
1397778274.001	n	9.0114	3.55388	22.836	33.2972
1397778274.062	n	9.0117	3.55386	22.838	33.2967
1397778274.124	n	9.0123	3.55383	22.840	33.2959
1397778274.186	n	9.0130	3.55380	22.843	33.2949
1397778274.249	n	9.0140	3.55378	22.847	33.2937
1397778274.315	n	9.0153	3.55377	22.847	33.2923
1397778274.375	n	9.0170	3.55376	22.850	33.2908
1397778274.438	n	9.0189	3.55376	22.851	33.2888
1397778274.502	n	9.0211	3.55375	22.851	33.2867
1397778274.564	n	9.0232	3.55373	22.850	33.2846
1397778274.626	n	9.0251	3.55372	22.851	33.2827
1397778274.686	n	9.0265	3.55370	22.852	33.2812
1397778274.752	n	9.0276	3.55369	22.851	33.2800
1397778274.813	n	9.0283	3.55367	22.847	33.2791
1397778274.876	n	9.0290	3.55366	22.849	33.2784
1397778274.938	n	9.0295	3.55365	22.843	33.2779
1397778275.002	n	9.0299	3.55364	22.843	33.2774
1397778275.062	n	9.0301	3.55363	22.839	33.2771
1397778275.125	n	9.0303	3.55362	22.837	33.2767
1397778275.188	n	9.0304	3.55359	22.836	33.2764
1397778275.262	n	9.0305	3.55357	22.830	33.2761
1397778275.312	n	9.0307	3.55355	22.826	33.2757
1397778275.374	n	9.0308	3.55354	22.825	33.2755
1397778275.437	n	9.0309	3.55351	22.819	33.2751
1397778275.499	n	9.0310	3.55349	22.813	33.2747
1397778275.562	n	9.0312	3.55347	22.809	33.2744
1397778275.624	n	9.0314	3.55345	22.808	33.2740
1397778275.688	n	9.0316	3.55343	22.802	33.2735
1397778275.750	n	9.0318	3.55341	22.797	33.2732
1397778275.815	n	9.0320	3.55339	22.788	33.2729
1397778275.875	n	9.0322	3.55338	22.781	33.2725
1397778275.938	n	9.0323	3.55336	22.775	33.2722
1397778276.000	n	9.0325	3.55333	22.769	33.2718
1397778276.064	n	9.0327	3.55331	22.763	33.2714
1397778276.125	n	9.0329	3.55329	22.755	33.2710
1397778276.188	n	9.0331	3.55329	22.748	33.2707
1397778276.250	n	9.0334	3.55328	22.739	33.2704
1397778276.311	n	9.0337	3.55326	22.734	33.2700
1397778276.373	n	9.0340	3.55324	22.727	33.2695
1397778276.436	n	9.0342	3.55322	22.719	33.2690
1397778276.500	n	9.0344	3.55320	22.714	33.2686
1397778276.561	n	9.0347	3.55319	22.705	33.2682
1397778276.623	n	9.0350	3.55318	22.694	33.2679
1397778276.686	n	9.0353	3.55317	22.687	33.2675
1397778276.752	n	9.0357	3.55316	22.680	33.2670
1397778276.812	n	9.0360	3.55314	22.669	33.2666
1397778276.874	n	9.0363	3.55312	22.661	33.2661
1397778276.936	n	9.0366	3.55312	22.650	33.2657
1397778276.999	n	9.0370	3.55312	22.639	33.2654
1397778277.062	n	9.0374	3.55312	22.630	33.2651
1397778277.124	n	9.0377	3.55312	22.618	33.2647
1397778277.187	n	9.0380	3.55310	22.615	33.2643
1397778277.281	y	9.0382	3.55308	22.605	33.2639
1397778277.312	n	9.0385	3.55307	22.594	33.2636
1397778277.551	y	9.0387	3.55307	22.582	33.2633
1397778277.561	n	9.0389	3.55308	22.574	33.2632
1397778277.568	n	9.0392	3.55309	22.568	33.2631
1397778277.576	n	9.0394	3.55309	22.557	33.2629
1397778277.626	n	9.0396	3.55309	22.549	33.2627
1397778277.688	n	9.0399	3.55308	22.540	33.2624
1397778277.751	n	9.0401	3.55307	22.530	33.2620
1397778277.811	n	9.0403	3.55307	22.521	33.2618
1397778277.875	n	9.0405	3.55306	22.509	33.2615
1397778277.937	n	9.0407	3.55306	22.504	33.2614
1397778277.999	n	9.0408	3.55306	22.493	33.2612
1397778278.062	n	9.0410	3.55306	22.486	33.2611
1397778278.123	n	9.0411	3.55305	22.478	33.2610
1397778278.186	n	9.0413	3.55305	22.467	33.2608
1397778278.249	n	9.0415	3.55304	22.459	33.2605
1397778278.316	n	9.0417	3.55304	22.455	33.2602
1397778278.375	n	9.0419	3.55303	22.446	33.2599
1397778278.437	n	9.0421	3.55302	22.435	33.2597
1397778278.500	n	9.0422	3.55301	22.431	33.2595
1397778278.563	n	9.0423	3.55301	22.426	33.2594
1397778278.624	n	9.0424	3.55300	22.419	33.2592
1397778278.686	n	9.0426	3.55300	22.413	33.2590
1397778278.749	n	9.0428	3.55300	22.407	33.2589
1397778278.815	n	9.0430	3.55300	22.400	33.2587
1397778278.874	n	9.0431	3.55300	22.398	33.2585
1397778278.936	n	9.0433	3.55300	22.392	33.2584
1397778278.999	n	9.0434	3.55301	22.387	33.2584
1397778279.061	n	9.0435	3.55302	22.383	33.2583
1397778279.125	n	9.0437	3.55303	22.378	33.2583
1397778279.189	n	9.0439	3.55303	22.373	33.2582
1397778279.252	n	9.0440	3.55302	22.369	33.2579
1397778279.315	n	9.0441	3.55300	22.371	33.2576
1397778279.374	n	9.0442	3.55299	22.367	33.2575
1397778279.437	n	9.0443	3.55299	22.364	33.2574
1397778279.500	n	9.0443	3.55300	22.361	33.2574
1397778279.565	n	9.0444	3.55301	22.360	33.2574
1397778279.624	n	9.0445	3.55300	22.357	33.2573
1397778279.686	n	9.0446	3.55298	22.356	33.2570
1397778279.750	n	9.0446	3.55296	22.352	33.2568
1397778279.814	n	9.0446	3.55294	22.352	33.2565
1397778279.874	n	9.0446	3.55293	22.352	33.2565
1397778279.936	n	9.0447	3.55293	22.353	33.2564
1397778279.999	n	9.0448	3.55293	22.356	33.2563
1397778280.063	n	9.0450	3.55292	22.356	33.2560
1397778280.125	n	9.0451	3.55290	22.357	33.2556
1397778280.186	n	9.0453	3.55288	22.357	33.2553
1397778280.254	n	9.0455	3.55286	22.359	33.2549
1397778280.313	n	9.0457	3.55286	22.359	33.2547
1397778280.375	n	9.0460	3.55286	22.362	33.2544
1397778280.436	n	9.0462	3.55286	22.361	33.2542
1397778280.499	n	9.0464	3.55285	22.366	33.2539
1397778280.562	n	9.0466	3.55285	22.370	33.2537
1397778280.624	n	9.0467	3.55283	22.369	33.2535
1397778280.687	n	9.0468	3.55282	22.370	33.2532
1397778280.749	n	9.0470	3.55280	22.373	33.2529
1397778280.835	n	9.0472	3.55279	22.370	33.2526
1397778280.874	y	9.0473	3.55278	22.377	33.2523
1397778280.954	n	9.0475	3.55277	22.380	33.2521
1397778280.999	n	9.0476	3.55275	22.382	33.2518
1397778281.062	n	9.0476	3.55273	22.384	33.2515
1397778281.124	n	9.0478	3.55270	22.385	33.2511
1397778281.186	n	9.0479	3.55267	22.386	33.2506
1397778281.248	n	9.0481	3.55264	22.387	33.2502
1397778281.329	n	9.0482	3.55262	22.389	33.2498
1397778281.375	y	9.0483	3.55258	22.389	33.2494
1397778281.438	n	9.0483	3.55255	22.390	33.2490
1397778281.500	n	9.0484	3.55252	22.389	33.2487
1397778281.563	y	9.0484	3.55249	22.390	33.2483
1397778281.702	n	9.0485	3.55246	22.393	33.2478
1397778281.708	n	9.0486	3.55243	22.391	33.2474
1397778281.749	n	9.0487	3.55239	22.392	33.2470
1397778281.813	n	9.0488	3.55235	22.389	33.2465
1397778281.874	n	9.0488	3.55231	22.387	33.2460
1397778281.936	n	9.0488	3.55226	22.387	33.2455
1397778281.998	n	9.0488	3.55222	22.381	33.2451
1397778282.062	n	9.0488	3.55218	22.384	33.2447
1397778282.124	n	9.0489	3.55214	22.383	33.2442
1397778282.186	n	9.0490	3.55211	22.377	33.2438
1397778282.250	n	9.0491	3.55208	22.375	33.2434
1397778282.313	n	9.0491	3.55205	22.369	33.2431
1397778282.374	n	9.0491	3.55204	22.362	33.2429
1397778282.437	n	9.0491	3.55203	22.362	33.2428
1397778282.503	n	9.0491	3.55201	22.361	33.2427
1397778282.603	n	9.0492	3.55199	22.357	33.2424
1397778282.624	n	9.0492	3.55197	22.355	33.2422
1397778282.687	n	9.0493	3.55195	22.345	33.2419
1397778282.749	n	9.0493	3.55194	22.344	33.2418
1397778282.813	n	9.0493	3.55193	22.340	33.2416
1397778282.873	n	9.0493	3.55192	22.336	33.2416
1397778282.936	n	9.0493	3.55192	22.330	33.2415
1397778283.001	n	9.0494	3.55192	22.323	33.2414
1397778283.061	n	9.0495	3.55191	22.319	33.2413
1397778283.124	n	9.0495	3.55190	22.313	33.2412
1397778283.186	n	9.0495	3.55190	22.302	33.2411
1397778283.248	n	9.0495	3.55189	22.300	33.2411
1397778283.312	n	9.0496	3.55190	22.294	33.2411
1397778283.374	n	9.0496	3.55190	22.287	33.2411
1397778283.436	n	9.0497	3.55189	22.276	33.2409
1397778283.501	n	9.0497	3.55189	22.268	33.2409
1397778283.561	n	9.0498	3.55189	22.262	33.2409
1397778283.624	n	9.0498	3.55190	22.252	33.2409
1397778283.687	n	9.0498	3.55191	22.246	33.2410
1397778283.749	n	9.0498	3.55191	22.235	33.2411
1397778283.812	n	9.0498	3.55191	22.227	33.2410
1397778283.874	n	9.0498	3.55192	22.217	33.2411
1397778283.936	n	9.0499	3.55192	22.211	33.2411
1397778283.999	n	9.0499	3.55193	22.198	33.2412
1397778284.061	n	9.0499	3.55194	22.190	33.2413
1397778284.123	n	9.0499	3.55195	22.183	33.2414
1397778284.186	n	9.0499	3.55196	22.170	33.2415
1397778284.250	n	9.0500	3.55198	22.160	33.2416
1397778284.311	n	9.0501	3.55199	22.149	33.2417
1397778284.373	n	9.0501	3.55200	22.137	33.2417
1397778284.438	n	9.0502	3.55201	22.127	33.2417
1397778284.499	n	9.0503	3.55201	22.116	33.2417
1397778284.561	y	9.0503	3.55202	22.107	33.2418
1397778284.623	n	9.0504	3.55204	22.096	33.2419
1397778284.688	n	9.0504	3.55204	22.084	33.2419
1397778284.751	n	9.0505	3.55205	22.073	33.2419
1397778284.812	n	9.0506	3.55205	22.062	33.2419
1397778284.874	n	9.0506	3.55206	22.049	33.2419
1397778284.936	n	9.0506	3.55208	22.039	33.2421
1397778284.999	n	9.0507	3.55209	22.025	33.2422
1397778285.061	n	9.0507	3.55209	22.014	33.2422
1397778285.124	n	9.0507	3.55208	22.006	33.2421
1397778285.187	n	9.0508	3.55208	21.994	33.2420
1397778285.250	n	9.0508	3.55207	21.979	33.2419
1397778285.311	n	9.0509	3.55208	21.968	33.2419
1397778285.375	n	9.0509	3.55209	21.956	33.2420
1397778285.436	n	9.0510	3.55210	21.945	33.2421
1397778285.501	n	9.0511	3.55211	21.934	33.2421
1397778285.562	n	9.0512	3.55212	21.923	33.2421
1397778285.624	n	9.0513	3.55212	21.913	33.2420
1397778285.687	n	9.0514	3.55212	21.897	33.2419
1397778285.749	n	9.0514	3.55212	21.884	33.2419
1397778285.929	y	9.0515	3.55212	21.873	33.2418
1397778285.934	n	9.0515	3.55213	21.862	33.2419
1397778285.941	n	9.0515	3.55214	21.849	33.2419
1397778285.999	n	9.0516	3.55214	21.835	33.2420
1397778286.061	n	9.0516	3.55215	21.827	33.2420
1397778286.123	n	9.0517	3.55215	21.809	33.2419
1397778286.187	n	9.0518	3.55215	21.796	33.2419
1397778286.249	n	9.0518	3.55215	21.784	33.2418
1397778286.311	n	9.0519	3.55215	21.770	33.2418
1397778286.374	n	9.0519	3.55215	21.753	33.2417
1397778286.436	n	9.0520	3.55214	21.741	33.2416
1397778286.499	n	9.0521	3.55214	21.727	33.2415
1397778286.562	n	9.0522	3.55214	21.715	33.2415
1397778286.624	n	9.0522	3.55214	21.698	33.2414
1397778286.687	n	9.0523	3.55214	21.688	33.2414
1397778286.748	n	9.0523	3.55214	21.672	33.2413
1397778286.812	n	9.0523	3.55214	21.658	33.2413
1397778286.874	n	9.0524	3.55214	21.641	33.2413
1397778286.936	n	9.0524	3.55214	21.630	33.2412
1397778286.999	n	9.0525	3.55214	21.619	33.2412
1397778287.061	n	9.0526	3.55214	21.601	33.2411
1397778287.124	n	9.0526	3.55214	21.588	33.2411
1397778287.186	n	9.0527	3.55215	21.573	33.2411
1397778287.249	n	9.0528	3.55215	21.558	33.2411
1397778287.312	n	9.0529	3.55215	21.546	33.2410
1397778287.374	n	9.0529	3.55215	21.529	33.2410
1397778287.436	n	9.0530	3.55215	21.515	33.2409
1397778287.500	n	9.0531	3.55215	21.498	33.2408
1397778287.561	n	9.0532	3.55216	21.484	33.2408
1397778287.623	n	9.0532	3.55216	21.470	33.2408
1397778287.687	n	9.0533	3.55216	21.454	33.2407
1397778287.749	n	9.0535	3.55216	21.435	33.2406
1397778287.812	n	9.0537	3.55216	21.423	33.2404
1397778287.874	n	9.0538	3.55215	21.405	33.2401
1397778287.936	n	9.0540	3.55215	21.391	33.2400
1397778288.000	n	9.0541	3.55215	21.375	33.2399
1397778288.061	n	9.0542	3.55215	21.357	33.2398
1397778288.125	n	9.0543	3.55216	21.341	33.2398
1397778288.260	y	9.0545	3.55216	21.324	33.2397
1397778288.270	n	9.0546	3.55216	21.307	33.2396
1397778288.311	n	9.0547	3.55216	21.293	33.2395
1397778288.375	n	9.0549	3.55216	21.274	33.2393
1397778288.438	n	9.0550	3.55216	21.249	33.2392
1397778288.499	n	9.0552	3.55216	21.236	33.2390
1397778288.562	n	9.0554	3.55217	21.218	33.2389
1397778288.624	n	9.0556	3.55217	21.201	33.2388
1397778288.687	n	9.0558	3.55217	21.183	33.2387
1397778288.751	n	9.0559	3.55218	21.167	33.2386
1397778288.812	n	9.0561	3.55218	21.147	33.2384
1397778288.874	n	9.0564	3.55218	21.130	33.2382
1397778288.937	n	9.0566	3.55218	21.112	33.2380
1397778289.000	n	9.0569	3.55218	21.089	33.2378
1397778289.062	n	9.0572	3.55219	21.067	33.2376
1397778289.123	n	9.0575	3.55221	21.050	33.2375
1397778289.187	n	9.0577	3.55222	21.032	33.2374
1397778289.250	n	9.0580	3.55222	21.013	33.2372
1397778289.313	n	9.0582	3.55221	20.994	33.2368
1397778289.375	n	9.0585	3.55220	20.977	33.2365
1397778289.437	n	9.0588	3.55220	20.958	33.2362
1397778289.500	n	9.0591	3.55219	20.937	33.2359
1397778289.562	n	9.0594	3.55219	20.919	33.2356
1397778289.624	n	9.0597	3.55220	20.898	33.2354
1397778289.686	n	9.0601	3.55220	20.882	33.2351
1397778289.750	n	9.0604	3.55222	20.864	33.2350
1397778289.811	n	9.0608	3.55224	20.846	33.2348
1397778289.875	n	9.0611	3.55224	20.826	33.2346
1397778289.938	n	9.0615	3.55224	20.807	33.2342
1397778289.999	n	9.0619	3.55224	20.785	33.2338
1397778290.245	y	9.0622	3.55223	20.763	33.2334
1397778290.253	n	9.0626	3.55223	20.746	33.2330
1397778290.259	n	9.0631	3.55224	20.721	33.2328
1397778290.264	n	9.0635	3.55226	20.703	33.2325
1397778290.311	n	9.0639	3.55228	20.684	33.2324
1397778290.374	n	9.0644	3.55230	20.664	33.2321
1397778290.436	n	9.0649	3.55230	20.643	33.2317
1397778290.499	n	9.0653	3.55230	20.620	33.2313
1397778290.562	n	9.0658	3.55230	20.598	33.2309
1397778290.625	n	9.0663	3.55231	20.581	33.2305
1397778290.687	n	9.0668	3.55233	20.561	33.2303
1397778290.749	n	9.0673	3.55235	20.538	33.2300
1397778290.811	n	9.0679	3.55237	20.520	33.2297
1397778290.875	n	9.0684	3.55238	20.500	33.2293
1397778290.937	n	9.0689	3.55239	20.479	33.2290
1397778291.000	n	9.0695	3.55240	20.460	33.2286
1397778291.062	n	9.0701	3.55241	20.439	33.2281
1397778291.124	n	9.0707	3.55241	20.422	33.2276
1397778291.187	n	9.0713	3.55242	20.402	33.2271
1397778291.251	n	9.0718	3.55243	20.381	33.2267
1397778291.312	n	9.0724	3.55244	20.363	33.2264
1397778291.374	n	9.0730	3.55246	20.341	33.2260
1397778291.437	n	9.0736	3.55248	20.325	33.2256
1397778291.499	n	9.0743	3.55249	20.307	33.2250
1397778291.562	n	9.0751	3.55250	20.287	33.2244
1397778291.625	n	9.0758	3.55250	20.268	33.2238
1397778291.687	n	9.0766	3.55251	20.250	33.2232
1397778291.749	n	9.0775	3.55253	20.231	33.2226
1397778291.811	n	9.0783	3.55255	20.210	33.2220
1397778291.875	y	9.0791	3.55258	20.194	33.2216
1397778291.937	n	9.0799	3.55260	20.177	33.2211
1397778292.000	n	9.0808	3.55262	20.153	33.2205
1397778292.063	n	9.0816	3.55264	20.134	33.2199
1397778292.125	n	9.0825	3.55265	20.119	33.2191
1397778292.187	n	9.0834	3.55266	20.099	33.2184
1397778292.251	n	9.0844	3.55267	20.080	33.2176
1397778292.312	n	9.0853	3.55268	20.061	33.2169
1397778292.374	n	9.0862	3.55270	20.040	33.2162
1397778292.437	n	9.0872	3.55271	20.023	33.2155
1397778292.499	n	9.0881	3.55272	20.006	33.2147
1397778292.561	n	9.0890	3.55273	19.985	33.2140
1397778292.623	n	9.0900	3.55273	19.964	33.2131
1397778292.686	n	9.0910	3.55275	19.950	33.2123
1397778292.750	n	9.0920	3.55276	19.927	33.2116
1397778292.812	n	9.0931	3.55278	19.909	33.2107
1397778292.874	n	9.0941	3.55280	19.893	33.2099
1397778292.936	n	9.0953	3.55281	19.872	33.2091
1397778293.000	n	9.0964	3.55282	19.852	33.2082
1397778293.062	n	9.0974	3.55284	19.836	33.2073
1397778293.124	n	9.0985	3.55285	19.820	33.2064
1397778293.186	n	9.0997	3.55286	19.805	33.2055
1397778293.251	n	9.1009	3.55288	19.788	33.2045
1397778293.312	n	9.1022	3.55288	19.770	33.2033
1397778293.374	n	9.1035	3.55289	19.753	33.2021
1397778293.436	n	9.1049	3.55290	19.735	33.2011
1397778293.499	n	9.1062	3.55293	19.720	33.2001
1397778293.561	n	9.1077	3.55296	19.701	33.1991
1397778293.624	n	9.1092	3.55297	19.688	33.1979
1397778293.686	n	9.1107	3.55298	19.669	33.1966
1397778293.749	n	9.1122	3.55300	19.652	33.1953
1397778293.811	n	9.1137	3.55301	19.638	33.1941
1397778293.874	n	9.1153	3.55303	19.616	33.1928
1397778293.936	n	9.1168	3.55304	19.599	33.1914
1397778293.999	n	9.1185	3.55305	19.584	33.1900
1397778294.061	n	9.1201	3.55305	19.568	33.1886
1397778294.125	n	9.1218	3.55307	19.554	33.1871
1397778294.254	y	9.1235	3.55308	19.536	33.1856
1397778294.260	n	9.1254	3.55309	19.516	33.1841
1397778294.449	y	9.1272	3.55311	19.500	33.1825
1397778294.457	n	9.1292	3.55312	19.483	33.1808
1397778294.463	n	9.1313	3.55313	19.467	33.1790
1397778294.500	n	9.1336	3.55314	19.451	33.1769
1397778294.561	n	9.1360	3.55315	19.433	33.1748
1397778294.624	n	9.1385	3.55316	19.416	33.1725
1397778294.686	n	9.1412	3.55316	19.399	33.1701
1397778294.749	n	9.1439	3.55317	19.382	33.1676
1397778294.811	n	9.1468	3.55318	19.364	33.1650
1397778294.873	n	9.1499	3.55320	19.347	33.1624
1397778294.937	n	9.1531	3.55321	19.329	33.1595
1397778294.999	n	9.1565	3.55322	19.312	33.1565
1397778295.061	n	9.1599	3.55322	19.296	33.1533
1397778295.125	n	9.1636	3.55323	19.278	33.1500
1397778295.186	n	9.1674	3.55323	19.261	33.1465
1397778295.250	n	9.1714	3.55325	19.241	33.1429
1397778295.311	n	9.1756	3.55325	19.225	33.1391
1397778295.374	n	9.1801	3.55326	19.211	33.1350
1397778295.436	y	9.1848	3.55326	19.197	33.1307
1397778295.499	n	9.1897	3.55327	19.181	33.1262
1397778295.561	n	9.1950	3.55328	19.162	33.1214
1397778295.625	n	9.2006	3.55329	19.145	33.1163
1397778295.688	n	9.2065	3.55330	19.129	33.1109
1397778295.751	n	9.2125	3.55332	19.119	33.1055
1397778295.812	n	9.2186	3.55333	19.098	33.0999
1397778295.874	n	9.2248	3.55333	19.085	33.0942
1397778295.937	n	9.2312	3.55333	19.070	33.0884
1397778295.999	n	9.2376	3.55333	19.054	33.0824
1397778296.062	n	9.2441	3.55334	19.038	33.0765
1397778296.124	n	9.2503	3.55336	19.022	33.0709
1397778296.187	n	9.2564	3.55338	19.008	33.0655
1397778296.250	n	9.2623	3.55339	18.994	33.0602
1397778296.311	n	9.2681	3.55340	18.980	33.0549
1397778296.373	n	9.2738	3.55339	18.963	33.0495
1397778296.438	n	9.2794	3.55339	18.950	33.0443
1397778296.499	n	9.2849	3.55338	18.934	33.0392
1397778296.562	n	9.2904	3.55338	18.917	33.0342
1397778296.625	n	9.2957	3.55338	18.905	33.0292
1397778296.687	n	9.3011	3.55339	18.888	33.0244
1397778296.750	n	9.3063	3.55339	18.874	33.0195
1397778296.812	n	9.3115	3.55340	18.859	33.0148
1397778296.874	n	9.3167	3.55341	18.845	33.0102
1397778296.937	n	9.3219	3.55342	18.832	33.0054
1397778296.999	n	9.3271	3.55341	18.814	33.0005
1397778297.061	n	9.3323	3.55340	18.798	32.9956
1397778297.124	n	9.3377	3.55340	18.786	32.9906
1397778297.186	n	9.3430	3.55339	18.771	32.9857
1397778297.250	n	9.3485	3.55340	18.759	32.9807
1397778297.312	n	9.3540	3.55341	18.748	32.9758
1397778297.375	n	9.3595	3.55340	18.730	32.9706
1397778297.437	n	9.3651	3.55340	18.717	32.9655
1397778297.499	n	9.3706	3.55340	18.705	32.9603
1397778297.562	n	9.3761	3.55339	18.691	32.9552
1397778297.625	n	9.3817	3.55339	18.676	32.9501
1397778297.687	n	9.3873	3.55339	18.666	32.9449
1397778297.749	n	9.3928	3.55339	18.649	32.9398
1397778297.812	n	9.3983	3.55338	18.636	32.9347
1397778297.875	n	9.4037	3.55337	18.624	32.9296
1397778297.936	n	9.4090	3.55336	18.611	32.9247
1397778297.999	n	9.4142	3.55336	18.597	32.9199
1397778298.061	n	9.4193	3.55336	18.584	32.9151
1397778298.124	n	9.4244	3.55336	18.568	32.9104
1397778298.186	n	9.4294	3.55335	18.558	32.9057
1397778298.251	n	9.4344	3.55333	18.544	32.9010
1397778298.311	n	9.4393	3.55332	18.530	32.8964
1397778298.374	n	9.4441	3.55331	18.517	32.8918
1397778298.437	n	9.4490	3.55330	18.501	32.8872
1397778298.500	n	9.4539	3.55329	18.490	32.8826
1397778298.677	y	9.4589	3.55329	18.475	32.8780
1397778298.682	n	9.4640	3.55328	18.460	32.8733
1397778298.688	n	9.4691	3.55328	18.446	32.8686
1397778298.749	n	9.4744	3.55326	18.435	32.8637
1397778298.811	n	9.4798	3.55325	18.422	32.8586
1397778298.873	n	9.4853	3.55323	18.404	32.8533
1397778298.937	n	9.4910	3.55322	18.390	32.8479
1397778299.000	n	9.4969	3.55320	18.373	32.8424
1397778299.062	n	9.5029	3.55319	18.360	32.8368
1397778299.125	n	9.5091	3.55319	18.347	32.8311
1397778299.233	y	9.5152	3.55319	18.331	32.8255
1397778299.249	n	9.5214	3.55319	18.315	32.8199
1397778299.312	n	9.5275	3.55319	18.298	32.8143
1397778299.375	n	9.5337	3.55319	18.281	32.8086
1397778299.437	n	9.5398	3.55319	18.264	32.8030
1397778299.501	n	9.5460	3.55318	18.251	32.7973
1397778299.561	n	9.5522	3.55317	18.236	32.7914
1397778299.625	n	9.5585	3.55316	18.223	32.7856
1397778299.687	n	9.5648	3.55315	18.208	32.7798
1397778299.748	n	9.5711	3.55315	18.189	32.7741
1397778299.812	n	9.5773	3.55314	18.173	32.7683
1397778299.874	n	9.5835	3.55313	18.158	32.7626
1397778299.937	n	9.5897	3.55312	18.139	32.7568
1397778300.000	n	9.5958	3.55312	18.121	32.7512
1397778300.061	n	9.6020	3.55312	18.101	32.7455
1397778300.125	n	9.6082	3.55312	18.086	32.7399
1397778300.188	n	9.6144	3.55311	18.068	32.7342
1397778300.250	n	9.6207	3.55311	18.052	32.7284
1397778300.312	n	9.6270	3.55311	18.032	32.7227
1397778300.373	n	9.6334	3.55312	18.014	32.7170
1397778300.437	n	9.6397	3.55312	17.995	32.7112
1397778300.499	n	9.6461	3.55312	17.976	32.7054
1397778300.562	n	9.6525	3.55311	17.956	32.6995
1397778300.625	n	9.6590	3.55311	17.940	32.6936
1397778300.688	n	9.6655	3.55311	17.921	32.6876
1397778300.749	n	9.6721	3.55311	17.903	32.6816
1397778300.812	n	9.6788	3.55311	17.883	32.6756
1397778300.874	n	9.6856	3.55312	17.863	32.6695
1397778300.937	n	9.6925	3.55312	17.844	32.6633
1397778301.000	n	9.6993	3.55312	17.820	32.6571
1397778301.062	n	9.7061	3.55312	17.803	32.6509
1397778301.124	n	9.7129	3.55312	17.782	32.6448
1397778301.186	n	9.7196	3.55312	17.758	32.6387
1397778301.249	n	9.7262	3.55312	17.740	32.6328
1397778301.313	n	9.7328	3.55312	17.722	32.6268
1397778301.374	n	9.7392	3.55312	17.695	32.6209
1397778301.437	n	9.7457	3.55312	17.676	32.6150
1397778301.500	n	9.7522	3.55312	17.654	32.6092
1397778301.563	n	9.7585	3.55312	17.629	32.6035
1397778301.624	n	9.7648	3.55313	17.609	32.5979
1397778301.686	n	9.7711	3.55313	17.586	32.5922
1397778301.750	n	9.7774	3.55312	17.563	32.5864
1397778301.812	n	9.7838	3.55312	17.539	32.5807
1397778301.875	n	9.7901	3.55312	17.517	32.5749
1397778301.937	n	9.7965	3.55312	17.496	32.5692
1397778302.000	n	9.8028	3.55314	17.473	32.5636
1397778302.061	n	9.8091	3.55314	17.449	32.5579
1397778302.124	n	9.8154	3.55313	17.424	32.5522
1397778302.186	n	9.8216	3.55314	17.401	32.5467
1397778302.250	n	9.8278	3.55314	17.379	32.5411
1397778302.313	n	9.8340	3.55314	17.355	32.5355
1397778302.375	n	9.8402	3.55314	17.331	32.5300
1397778302.437	n	9.8465	3.55314	17.306	32.5243
1397778302.500	n	9.8528	3.55314	17.284	32.5186
1397778302.561	n	9.8592	3.55315	17.260	32.5129
1397778302.624	n	9.8657	3.55314	17.238	32.5071
1397778302.686	n	9.8722	3.55314	17.214	32.5011
1397778302.749	n	9.8788	3.55314	17.192	32.4952
1397778302.991	y	9.8855	3.55313	17.168	32.4891
1397778302.997	n	9.8923	3.55312	17.148	32.4829
1397778303.003	n	9.8991	3.55312	17.123	32.4767
1397778303.009	n	9.9061	3.55312	17.101	32.4704
1397778303.063	n	9.9130	3.55313	17.077	32.4643
1397778303.125	n	9.9198	3.55314	17.052	32.4583
1397778303.187	n	9.9266	3.55314	17.035	32.4523
1397778303.250	n	9.9334	3.55315	17.009	32.4462
1397778303.312	n	9.9400	3.55314	16.989	32.4402
1397778303.375	n	9.9467	3.55313	16.965	32.4341
1397778303.436	n	9.9534	3.55313	16.944	32.4281
1397778303.499	n	9.9602	3.55313	16.927	32.4220
1397778303.561	n	9.9671	3.55313	16.902	32.4158
1397778303.625	n	9.9742	3.55313	16.883	32.4094
1397778303.687	n	9.9814	3.55313	16.862	32.4030
1397778303.749	n	9.9888	3.55315	16.840	32.3966
1397778303.812	n	9.9963	3.55316	16.820	32.3899
1397778303.874	n	10.0041	3.55318	16.801	32.3831
1397778303.937	n	10.0123	3.55319	16.782	32.3759
1397778304.000	n	10.0207	3.55319	16.768	32.3684
1397778304.063	n	10.0295	3.55320	16.747	32.3606
1397778304.125	n	10.0386	3.55321	16.730	32.3526
1397778304.187	n	10.0478	3.55321	16.712	32.3444
1397778304.250	n	10.0571	3.55322	16.696	32.3361
1397778304.311	n	10.0666	3.55322	16.679	32.3277
1397778304.375	n	10.0761	3.55324	16.660	32.3193
1397778304.436	n	10.0857	3.55325	16.646	32.3109
1397778304.499	n	10.0953	3.55326	16.631	32.3025
1397778304.562	n	10.1049	3.55327	16.617	32.2941
1397778304.625	n	10.1144	3.55329	16.597	32.2858
1397778304.686	n	10.1237	3.55331	16.582	32.2776
1397778304.752	n	10.1330	3.55333	16.569	32.2696
1397778304.812	n	10.1421	3.55334	16.558	32.2616
1397778304.874	n	10.1510	3.55335	16.542	32.2537
1397778304.936	n	10.1598	3.55334	16.533	32.2459
1397778305.000	n	10.1682	3.55334	16.517	32.2383
1397778305.061	n	10.1764	3.55333	16.510	32.2310
1397778305.125	n	10.1841	3.55334	16.500	32.2242
1397778305.186	n	10.1915	3.55335	16.490	32.2178
1397778305.250	n	10.1985	3.55337	16.479	32.2117
1397778305.316	n	10.2051	3.55337	16.469	32.2059
1397778305.375	n	10.2114	3.55338	16.458	32.2004
1397778305.437	n	10.2173	3.55338	16.446	32.1951
1397778305.499	n	10.2229	3.55337	16.441	32.1902
1397778305.562	n	10.2281	3.55337	16.430	32.1854
1397778305.624	n	10.2330	3.55337	16.422	32.1811
1397778305.687	n	10.2376	3.55336	16.414	32.1769
1397778305.749	n	10.2420	3.55336	16.407	32.1730
1397778305.812	n	10.2462	3.55335	16.397	32.1692
1397778305.873	n	10.2501	3.55333	16.390	32.1656
1397778305.937	n	10.2540	3.55332	16.382	32.1620
1397778305.999	n	10.2579	3.55331	16.374	32.1584
1397778306.062	n	10.2618	3.55329	16.365	32.1548
1397778306.125	n	10.2659	3.55329	16.361	32.1511
1397778306.187	n	10.2702	3.55327	16.352	32.1471
1397778306.250	n	10.2748	3.55326	16.345	32.1430
1397778306.312	n	10.2798	3.55324	16.334	32.1384
1397778306.436	y	10.2853	3.55323	16.328	32.1334
1397778306.442	n	10.2914	3.55323	16.323	32.1280
1397778306.501	n	10.2980	3.55323	16.316	32.1222
1397778306.561	n	10.3051	3.55323	16.307	32.1158
1397778306.623	n	10.3127	3.55322	16.299	32.1091
1397778306.686	n	10.3205	3.55322	16.293	32.1022
1397778306.750	n	10.3285	3.55321	16.284	32.0951
1397778306.811	n	10.3364	3.55321	16.276	32.0880
1397778306.875	n	10.3442	3.55320	16.266	32.0811
1397778306.937	n	10.3516	3.55319	16.256	32.0745
1397778306.999	n	10.3585	3.55318	16.247	32.0682
1397778307.247	y	10.3650	3.55317	16.241	32.0624
1397778307.255	n	10.3709	3.55316	16.229	32.0571
1397778307.261	n	10.3763	3.55314	16.217	32.0522
1397778307.267	n	10.3814	3.55314	16.208	32.0477
1397778307.313	n	10.3863	3.55313	16.200	32.0433
1397778307.375	n	10.3911	3.55313	16.190	32.0390
1397778307.437	n	10.3961	3.55313	16.179	32.0346
1397778307.500	n	10.4013	3.55313	16.165	32.0301
1397778307.563	n	10.4068	3.55313	16.156	32.0252
1397778307.623	n	10.4126	3.55313	16.143	32.0201
1397778307.687	n	10.4186	3.55312	16.130	32.0147
1397778307.749	n	10.4248	3.55311	16.120	32.0093
1397778307.812	n	10.4308	3.55312	16.111	32.0040
1397778307.875	n	10.4368	3.55313	16.098	31.9989
1397778307.937	n	10.4426	3.55313	16.084	31.9938
1397778307.999	n	10.4482	3.55315	16.073	31.9890
1397778308.061	n	10.4539	3.55316	16.059	31.9841
1397778308.124	n	10.4595	3.55316	16.047	31.9793
1397778308.187	n	10.4650	3.55317	16.035	31.9745
1397778308.251	n	10.4705	3.55318	16.020	31.9698
1397778308.313	n	10.4761	3.55319	16.006	31.9650
1397778308.374	n	10.4816	3.55321	15.993	31.9604
1397778308.436	n	10.4870	3.55324	15.979	31.9559
1397778308.500	n	10.4923	3.55326	15.964	31.9515
1397778308.561	n	10.4975	3.55329	15.949	31.9472
1397778308.623	n	10.5027	3.55332	15.933	31.9430
1397778308.688	n	10.5077	3.55336	15.918	31.9389
1397778308.750	n	10.5127	3.55338	15.902	31.9348
1397778308.811	n	10.5175	3.55342	15.887	31.9310
1397778308.873	n	10.5222	3.55346	15.872	31.9273
1397778308.938	n	10.5268	3.55352	15.855	31.9239
1397778308.999	n	10.5312	3.55358	15.837	31.9206
1397778309.062	n	10.5355	3.55362	15.819	31.9173
1397778309.124	n	10.5397	3.55365	15.799	31.9139
1397778309.187	n	10.5438	3.55369	15.783	31.9107
1397778309.250	n	10.5478	3.55373	15.767	31.9076
1397778309.314	n	10.5517	3.55377	15.747	31.9046
1397778309.376	n	10.5555	3.55383	15.726	31.9019
1397778309.546	y	10.5593	3.55389	15.706	31.8991
1397778309.551	n	10.5631	3.55394	15.690	31.8964
1397778309.561	n	10.5669	3.55400	15.667	31.8936
1397778309.624	n	10.5707	3.55405	15.647	31.8908
1397778309.687	n	10.5745	3.55410	15.625	31.8880
1397778309.750	n	10.5783	3.55415	15.604	31.8852
1397778309.812	n	10.5821	3.55421	15.586	31.8825
1397778309.874	n	10.5858	3.55426	15.564	31.8798
1397778309.937	n	10.5894	3.55432	15.541	31.8772
1397778310.001	n	10.5928	3.55436	15.519	31.8746
1397778310.061	n	10.5962	3.55441	15.498	31.8721
1397778310.124	n	10.5994	3.55445	15.473	31.8698
1397778310.210	y	10.6023	3.55449	15.449	31.8677
1397778310.250	n	10.6052	3.55454	15.427	31.8656
1397778310.314	n	10.6079	3.55459	15.404	31.8638
1397778310.374	n	10.6106	3.55465	15.383	31.8620
1397778310.437	n	10.6133	3.55471	15.362	31.8603
1397778310.500	n	10.6158	3.55476	15.338	31.8586
1397778310.561	n	10.6183	3.55481	15.313	31.8570
1397778310.624	n	10.6207	3.55486	15.287	31.8553
1397778310.687	n	10.6230	3.55490	15.269	31.8538
1397778310.751	n	10.6254	3.55496	15.245	31.8523
1397778310.811	n	10.6278	3.55503	15.221	31.8508
1397778310.875	n	10.6303	3.55509	15.197	31.8493
1397778310.937	n	10.6327	3.55515	15.175	31.8478
1397778311.001	n	10.6352	3.55520	15.153	31.8462
1397778311.061	n	10.6376	3.55526	15.130	31.8447
1397778311.124	n	10.6399	3.55532	15.107	31.8432
1397778311.187	n	10.6423	3.55538	15.082	31.8418
1397778311.249	n	10.6445	3.55545	15.059	31.8405
1397778311.459	y	10.6468	3.55551	15.036	31.8391
1397778311.467	n	10.6490	3.55556	15.011	31.8378
1397778311.478	n	10.6513	3.55561	14.987	31.8363
1397778311.500	n	10.6536	3.55565	14.962	31.8347
1397778311.562	n	10.6558	3.55571	14.939	31.8333
1397778311.625	n	10.6581	3.55578	14.915	31.8321
1397778311.688	n	10.6603	3.55584	14.894	31.8308
1397778311.750	n	10.6624	3.55591	14.869	31.8296
1397778311.812	n	10.6645	3.55597	14.842	31.8283
1397778311.874	n	10.6666	3.55602	14.819	31.8271
1397778311.937	n	10.6686	3.55608	14.797	31.8260
1397778311.999	n	10.6704	3.55614	14.773	31.8250
1397778312.063	n	10.6723	3.55621	14.749	31.8240
1397778312.123	n	10.6741	3.55627	14.723	31.8231
1397778312.188	n	10.6760	3.55634	14.702	31.8221
1397778312.250	n	10.6779	3.55640	14.679	31.8211
1397778312.311	n	10.6798	3.55647	14.655	31.8201
1397778312.375	n	10.6816	3.55653	14.632	31.8192
1397778312.437	n	10.6834	3.55659	14.609	31.8182
1397778312.500	n	10.6853	3.55665	14.588	31.8172
1397778312.563	n	10.6872	3.55671	14.570	31.8161
1397778312.625	n	10.6891	3.55676	14.546	31.8150
1397778312.689	n	10.6910	3.55681	14.524	31.8138
1397778312.750	n	10.6928	3.55685	14.505	31.8126
1397778312.812	n	10.6947	3.55690	14.483	31.8115
1397778312.874	n	10.6964	3.55695	14.464	31.8104
1397778312.937	n	10.6982	3.55700	14.443	31.8095
1397778312.999	n	10.7000	3.55706	14.424	31.8085
1397778313.061	n	10.7018	3.55712	14.404	31.8075
1397778313.124	n	10.7036	3.55718	14.384	31.8066
1397778313.188	n	10.7054	3.55724	14.367	31.8056
1397778313.251	n	10.7072	3.55731	14.349	31.8047
1397778313.311	n	10.7090	3.55738	14.331	31.8039
1397778313.374	n	10.7108	3.55744	14.314	31.8029
1397778313.439	n	10.7125	3.55749	14.299	31.8019
1397778313.501	n	10.7142	3.55753	14.283	31.8009
1397778313.561	n	10.7158	3.55758	14.267	31.7999
1397778313.623	n	10.7175	3.55764	14.250	31.7991
1397778313.686	n	10.7190	3.55771	14.232	31.7984
1397778313.750	n	10.7205	3.55776	14.217	31.7977
1397778313.839	y	10.7219	3.55782	14.202	31.7970
1397778313.875	n	10.7233	3.55787	14.186	31.7963
1397778313.939	n	10.7247	3.55793	14.171	31.7957
1397778314.000	n	10.7261	3.55798	14.154	31.7950
1397778314.063	n	10.7274	3.55803	14.139	31.7944
1397778314.125	n	10.7287	3.55807	14.129	31.7937
1397778314.189	n	10.7301	3.55812	14.113	31.7930
1397778314.249	n	10.7313	3.55818	14.099	31.7925
1397778314.311	n	10.7325	3.55825	14.086	31.7921
1397778314.374	n	10.7338	3.55833	14.071	31.7919
1397778314.438	n	10.7350	3.55841	14.059	31.7916
1397778314.500	n	10.7363	3.55849	14.048	31.7912
1397778314.562	n	10.7376	3.55855	14.033	31.7907
1397778314.625	n	10.7389	3.55861	14.024	31.7902
1397778314.688	n	10.7400	3.55867	14.010	31.7899
1397778314.749	n	10.7412	3.55875	13.999	31.7896
1397778314.813	n	10.7423	3.55883	13.987	31.7894
1397778314.874	n	10.7434	3.55891	13.977	31.7893
1397778314.937	n	10.7445	3.55899	13.968	31.7891
1397778314.999	n	10.7454	3.55905	13.958	31.7889
1397778315.061	n	10.7464	3.55912	13.947	31.7888
1397778315.124	n	10.7473	3.55920	13.936	31.7888
1397778315.187	n	10.7482	3.55928	13.923	31.7888
1397778315.249	n	10.7491	3.55937	13.914	31.7889
1397778315.312	n	10.7499	3.55946	13.905	31.7890
1397778315.374	n	10.7508	3.55954	13.894	31.7891
1397778315.438	n	10.7517	3.55962	13.888	31.7892
1397778315.501	n	10.7526	3.55970	13.875	31.7892
1397778315.647	y	10.7535	3.55978	13.866	31.7892
1397778315.652	n	10.7544	3.55985	13.855	31.7891
1397778315.688	n	10.7555	3.55993	13.847	31.7890
1397778315.749	n	10.7565	3.56001	13.836	31.7889
1397778315.812	n	10.7576	3.56010	13.829	31.7888
1397778315.874	n	10.7587	3.56018	13.818	31.7887
1397778315.937	n	10.7598	3.56028	13.807	31.7886
1397778316.000	n	10.7610	3.56037	13.797	31.7886
1397778316.062	n	10.7621	3.56047	13.791	31.7885
1397778316.125	n	10.7633	3.56058	13.781	31.7886
1397778316.186	n	10.7645	3.56069	13.772	31.7887
1397778316.249	n	10.7657	3.56081	13.765	31.7888
1397778316.311	n	10.7670	3.56094	13.754	31.7891
1397778316.374	n	10.7682	3.56108	13.743	31.7893
1397778316.437	n	10.7695	3.56121	13.735	31.7896
1397778316.500	n	10.7707	3.56134	13.723	31.7898
1397778316.562	n	10.7720	3.56148	13.713	31.7901
1397778316.624	n	10.7732	3.56162	13.702	31.7904
1397778316.688	n	10.7745	3.56176	13.696	31.7907
1397778316.751	n	10.7756	3.56190	13.682	31.7910
1397778316.811	n	10.7768	3.56204	13.674	31.7913
1397778316.873	n	10.7780	3.56217	13.664	31.7917
1397778316.937	n	10.7793	3.56232	13.651	31.7921
1397778317.000	n	10.7805	3.56248	13.640	31.7925
1397778317.063	n	10.7818	3.56263	13.628	31.7929
1397778317.125	n	10.7832	3.56278	13.615	31.7932
1397778317.189	n	10.7846	3.56293	13.601	31.7935
1397778317.249	n	10.7860	3.56307	13.592	31.7937
1397778317.312	n	10.7874	3.56321	13.578	31.7938
1397778317.401	y	10.7888	3.56335	13.562	31.7940
1397778317.437	n	10.7902	3.56348	13.550	31.7941
1397778317.501	n	10.7917	3.56362	13.535	31.7942
1397778317.563	n	10.7931	3.56375	13.524	31.7943
1397778317.625	n	10.7945	3.56388	13.508	31.7943
1397778317.688	n	10.7958	3.56401	13.495	31.7945
1397778317.749	n	10.7971	3.56413	13.481	31.7946
1397778317.812	n	10.7983	3.56425	13.466	31.7947
1397778317.874	n	10.7996	3.56437	13.450	31.7948
1397778317.936	n	10.8009	3.56449	13.436	31.7948
1397778318.001	n	10.8023	3.56460	13.422	31.7947
1397778318.062	n	10.8037	3.56470	13.407	31.7945
1397778318.124	n	10.8051	3.56480	13.391	31.7943
1397778318.188	n	10.8065	3.56491	13.376	31.7942
1397778318.249	n	10.8078	3.56500	13.360	31.7940
1397778318.311	n	10.8091	3.56510	13.345	31.7938
1397778318.374	n	10.8104	3.56520	13.330	31.7937
1397778318.438	n	10.8117	3.56529	13.311	31.7935
1397778318.500	n	10.8129	3.56537	13.296	31.7932
1397778318.562	n	10.8141	3.56545	13.282	31.7929
1397778318.625	n	10.8153	3.56552	13.266	31.7926
1397778318.687	n	10.8165	3.56559	13.247	31.7923
1397778318.749	n	10.8176	3.56567	13.230	31.7921
1397778318.812	n	10.8187	3.56574	13.211	31.7918
1397778318.875	n	10.8198	3.56581	13.193	31.7916
1397778318.938	n	10.8208	3.56588	13.181	31.7914
1397778318.999	n	10.8218	3.56595	13.156	31.7913
1397778319.062	n	10.8227	3.56601	13.140	31.7912
1397778319.123	n	10.8235	3.56608	13.121	31.7911
1397778319.186	n	10.8243	3.56614	13.102	31.7910
1397778319.249	n	10.8252	3.56621	13.086	31.7910
1397778319.311	n	10.8260	3.56628	13.064	31.7910
1397778319.375	n	10.8268	3.56635	13.044	31.7910
1397778319.437	n	10.8276	3.56642	13.025	31.7910
1397778319.500	n	10.8284	3.56649	13.005	31.7910
1397778319.562	n	10.8291	3.56656	12.990	31.7910
1397778319.624	n	10.8298	3.56663	12.967	31.7911
1397778319.688	n	10.8305	3.56669	12.944	31.7912
1397778319.749	n	10.8312	3.56676	12.926	31.7912
1397778319.915	y	10.8319	3.56683	12.903	31.7914
1397778319.920	n	10.8326	3.56691	12.884	31.7915
1397778319.936	n	10.8333	3.56698	12.864	31.7917
1397778319.999	n	10.8340	3.56705	12.844	31.7917
1397778320.063	n	10.8347	3.56711	12.823	31.7917
1397778320.124	n	10.8354	3.56717	12.801	31.7918
1397778320.190	n	10.8360	3.56724	12.781	31.7919
1397778320.249	n	10.8366	3.56732	12.760	31.7921
1397778320.311	n	10.8372	3.56739	12.739	31.7924
1397778320.374	n	10.8378	3.56747	12.718	31.7926
1397778320.437	n	10.8382	3.56754	12.699	31.7929
1397778320.499	n	10.8387	3.56760	12.682	31.7932
1397778320.562	n	10.8391	3.56767	12.663	31.7935
1397778320.625	n	10.8395	3.56774	12.642	31.7939
1397778320.688	n	10.8398	3.56781	12.622	31.7942
1397778320.750	n	10.8402	3.56788	12.603	31.7946
1397778320.812	n	10.8406	3.56795	12.586	31.7951
1397778320.874	n	10.8409	3.56803	12.568	31.7956
1397778320.938	n	10.8412	3.56811	12.548	31.7961
1397778320.999	n	10.8416	3.56820	12.531	31.7967
1397778321.061	n	10.8419	3.56828	12.514	31.7971
1397778321.205	y	10.8422	3.56836	12.501	31.7977
1397778321.212	n	10.8426	3.56845	12.482	31.7983
1397778321.250	n	10.8429	3.56853	12.464	31.7988
1397778321.312	n	10.8433	3.56862	12.447	31.7994
1397778321.374	n	10.8437	3.56869	12.432	31.7997
1397778321.438	n	10.8441	3.56876	12.418	31.8000
1397778321.500	n	10.8446	3.56883	12.399	31.8003
1397778321.562	n	10.8450	3.56889	12.388	31.8006
1397778321.625	n	10.8454	3.56895	12.370	31.8009
1397778321.688	n	10.8459	3.56901	12.355	31.8011
1397778321.750	n	10.8463	3.56906	12.343	31.8012
1397778321.811	n	10.8468	3.56911	12.328	31.8012
1397778321.874	n	10.8472	3.56914	12.313	31.8012
1397778321.937	n	10.8477	3.56917	12.296	31.8010
1397778321.999	n	10.8481	3.56919	12.281	31.8009
1397778322.063	n	10.8485	3.56922	12.272	31.8009
1397778322.124	n	10.8489	3.56926	12.258	31.8009
1397778322.187	n	10.8493	3.56929	12.244	31.8009
1397778322.249	n	10.8496	3.56932	12.235	31.8009
1397778322.311	n	10.8500	3.56935	12.220	31.8008
1397778322.375	n	10.8504	3.56938	12.207	31.8008
1397778322.437	n	10.8508	3.56942	12.193	31.8009
1397778322.501	n	10.8512	3.56947	12.180	31.8010
1397778322.562	n	10.8516	3.56952	12.169	31.8012
1397778322.624	n	10.8521	3.56959	12.157	31.8015
1397778322.686	n	10.8525	3.56966	12.145	31.8018
1397778322.750	n	10.8530	3.56975	12.132	31.8023
1397778322.812	n	10.8534	3.56984	12.123	31.8028
1397778322.874	n	10.8538	3.56993	12.111	31.8033
1397778322.936	n	10.8543	3.57001	12.099	31.8038
1397778323.001	n	10.8547	3.57010	12.083	31.8043
1397778323.062	n	10.8552	3.57019	12.074	31.8048
1397778323.125	n	10.8557	3.57029	12.063	31.8053
1397778323.186	n	10.8561	3.57041	12.051	31.8061
1397778323.250	n	10.8566	3.57054	12.044	31.8069
1397778323.312	n	10.8572	3.57067	12.034	31.8078
1397778323.374	n	10.8577	3.57080	12.022	31.8087
1397778323.437	n	10.8582	3.57094	12.008	31.8096
1397778323.500	n	10.8587	3.57108	11.999	31.8106
1397778323.561	n	10.8592	3.57123	11.990	31.8117
1397778323.625	n	10.8597	3.57140	11.981	31.8129
1397778323.689	n	10.8602	3.57157	11.968	31.8141
1397778323.749	n	10.8607	3.57175	11.958	31.8154
1397778323.811	n	10.8611	3.57192	11.947	31.8167
1397778323.875	n	10.8616	3.57209	11.937	31.8180
1397778323.937	n	10.8621	3.57226	11.925	31.8193
1397778324.000	n	10.8625	3.57242	11.914	31.8205
1397778324.168	y	10.8630	3.57256	11.904	31.8216
1397778324.173	n	10.8634	3.57270	11.894	31.8226
1397778324.187	n	10.8638	3.57283	11.883	31.8235
1397778324.250	n	10.8642	3.57295	11.874	31.8244
1397778324.313	n	10.8645	3.57306	11.860	31.8252
1397778324.375	n	10.8649	3.57317	11.850	31.8259
1397778324.437	n	10.8653	3.57327	11.841	31.8265
1397778324.501	n	10.8657	3.57335	11.829	31.8270
1397778324.563	n	10.8661	3.57344	11.822	31.8275
1397778324.625	n	10.8665	3.57352	11.814	31.8279
1397778324.687	n	10.8669	3.57359	11.803	31.8284
1397778324.766	y	10.8671	3.57367	11.792	31.8290
1397778324.812	n	10.8674	3.57375	11.779	31.8295
1397778324.963	y	10.8677	3.57383	11.768	31.8300
1397778324.969	n	10.8680	3.57389	11.757	31.8304
1397778325.000	n	10.8683	3.57396	11.745	31.8308
1397778325.063	n	10.8686	3.57402	11.733	31.8311
1397778325.125	n	10.8688	3.57407	11.721	31.8314
1397778325.188	n	10.8691	3.57412	11.710	31.8317
1397778325.251	n	10.8693	3.57418	11.696	31.8321
1397778325.313	n	10.8696	3.57424	11.686	31.8325
1397778325.375	n	10.8699	3.57431	11.673	31.8329
1397778325.437	n	10.8701	3.57437	11.660	31.8334
1397778325.502	n	10.8703	3.57442	11.647	31.8337
1397778325.562	n	10.8705	3.57447	11.636	31.8340
1397778325.624	n	10.8708	3.57452	11.621	31.8342
1397778325.686	n	10.8710	3.57457	11.608	31.8346
1397778325.750	n	10.8712	3.57464	11.595	31.8350
1397778325.813	n	10.8715	3.57472	11.584	31.8357
1397778325.874	n	10.8716	3.57480	11.571	31.8363
1397778325.939	n	10.8718	3.57489	11.555	31.8370
1397778326.002	n	10.8721	3.57498	11.544	31.8377
1397778326.061	n	10.8724	3.57506	11.531	31.8383
1397778326.124	n	10.8726	3.57515	11.518	31.8389
1397778326.187	n	10.8729	3.57524	11.506	31.8396
1397778326.250	n	10.8731	3.57532	11.492	31.8402
1397778326.312	n	10.8733	3.57542	11.482	31.8410
1397778326.375	n	10.8736	3.57554	11.463	31.8420
1397778326.436	n	10.8738	3.57567	11.451	31.8430
1397778326.503	n	10.8741	3.57580	11.436	31.8441
1397778326.563	n	10.8743	3.57593	11.423	31.8452
1397778326.625	n	10.8745	3.57607	11.410	31.8465
1397778326.687	n	10.8746	3.57622	11.395	31.8478
1397778326.750	n	10.8748	3.57638	11.379	31.8492
1397778326.811	n	10.8749	3.57654	11.366	31.8508
1397778326.875	n	10.8750	3.57670	11.351	31.8523
1397778326.937	n	10.8751	3.57688	11.336	31.8539
1397778327.000	n	10.8753	3.57706	11.316	31.8556
1397778327.062	n	10.8754	3.57725	11.301	31.8573
1397778327.125	n	10.8757	3.57743	11.289	31.8590
1397778327.188	n	10.8759	3.57762	11.270	31.8607
1397778327.249	n	10.8761	3.57780	11.252	31.8623
1397778327.313	n	10.8763	3.57799	11.238	31.8639
1397778327.375	n	10.8765	3.57818	11.219	31.8656
1397778327.437	n	10.8767	3.57837	11.201	31.8674
1397778327.502	n	10.8769	3.57856	11.185	31.8691
1397778327.561	n	10.8772	3.57876	11.166	31.8708
1397778327.624	n	10.8774	3.57895	11.150	31.8725
1397778327.688	n	10.8777	3.57913	11.128	31.8741
1397778327.749	n	10.8780	3.57931	11.108	31.8756
1397778327.813	n	10.8782	3.57948	11.089	31.8771
1397778327.875	n	10.8785	3.57965	11.071	31.8786
1397778327.938	n	10.8786	3.57980	11.052	31.8799
1397778328.000	n	10.8787	3.57995	11.030	31.8813
1397778328.062	n	10.8789	3.58009	11.009	31.8825
1397778328.124	n	10.8790	3.58022	10.987	31.8837
1397778328.188	n	10.8792	3.58034	10.968	31.8848
1397778328.250	n	10.8794	3.58044	10.945	31.8856
1397778328.325	y	10.8795	3.58052	10.926	31.8863
1397778328.455	y	10.8796	3.58059	10.906	31.8869
1397778328.461	n	10.8797	3.58063	10.887	31.8873
1397778328.501	n	10.8798	3.58067	10.867	31.8876
1397778328.561	n	10.8799	3.58070	10.847	31.8878
1397778328.625	n	10.8801	3.58072	10.822	31.8879
1397778328.688	n	10.8801	3.58074	10.802	31.8880
1397778328.752	n	10.8802	3.58074	10.780	31.8880
1397778328.812	n	10.8803	3.58073	10.761	31.8878
1397778328.875	n	10.8804	3.58070	10.737	31.8875
1397778328.938	n	10.8805	3.58066	10.715	31.8870
1397778328.999	n	10.8806	3.58062	10.691	31.8865
1397778329.061	n	10.8807	3.58057	10.669	31.8859
1397778329.125	n	10.8809	3.58052	10.647	31.8852
1397778329.186	n	10.8810	3.58045	10.627	31.8844
1397778329.250	n	10.8811	3.58038	10.605	31.8836
1397778329.311	n	10.8813	3.58029	10.580	31.8827
1397778329.375	n	10.8814	3.58021	10.557	31.8818
1397778329.438	n	10.8815	3.58013	10.533	31.8809
1397778329.503	n	10.8816	3.58004	10.513	31.8799
1397778329.563	n	10.8818	3.57995	10.491	31.8789
1397778329.625	n	10.8820	3.57986	10.469	31.8778
1397778329.689	n	10.8822	3.57976	10.452	31.8767
1397778329.750	n	10.8823	3.57966	10.426	31.8755
1397778329.813	n	10.8825	3.57956	10.404	31.8745
1397778329.875	n	10.8826	3.57948	10.386	31.8736
1397778329.936	n	10.8827	3.57939	10.366	31.8726
1397778329.999	n	10.8829	3.57930	10.349	31.8715
1397778330.064	n	10.8831	3.57920	10.328	31.8704
1397778330.124	n	10.8832	3.57910	10.308	31.8693
1397778330.187	n	10.8834	3.57900	10.289	31.8682
1397778330.250	n	10.8835	3.57890	10.271	31.8672
1397778330.312	n	10.8835	3.57881	10.256	31.8662
1397778330.375	n	10.8836	3.57872	10.241	31.8652
1397778330.439	n	10.8837	3.57863	10.219	31.8642
1397778330.499	n	10.8838	3.57854	10.205	31.8634
1397778330.563	n	10.8838	3.57847	10.188	31.8626
1397778330.625	n	10.8839	3.57840	10.173	31.8619
1397778330.689	n	10.8839	3.57834	10.159	31.8613
1397778330.750	n	10.8840	3.57829	10.145	31.8607
1397778330.813	n	10.8841	3.57824	10.127	31.8601
1397778330.875	n	10.8843	3.57819	10.114	31.8595
1397778330.937	n	10.8844	3.57816	10.100	31.8590
1397778331.000	n	10.8846	3.57814	10.084	31.8587
1397778331.062	n	10.8848	3.57815	10.071	31.8586
1397778331.125	n	10.8849	3.57817	10.054	31.8587
1397778331.187	n	10.8852	3.57821	10.036	31.8589
1397778331.249	n	10.8855	3.57827	10.024	31.8592
1397778331.312	n	10.8859	3.57835	10.014	31.8597
1397778331.375	n	10.8862	3.57846	9.999	31.8605
1397778331.436	n	10.8866	3.57861	9.986	31.8616
1397778331.504	n	10.8869	3.57877	9.975	31.8630
1397778331.563	n	10.8871	3.57897	9.962	31.8647
1397778331.625	n	10.8874	3.57919	9.947	31.8668
1397778331.687	n	10.8876	3.57945	9.932	31.8691
1397778331.749	y	10.8878	3.57973	9.922	31.8717
1397778331.812	n	10.8880	3.58003	9.907	31.8745
1397778331.876	n	10.8883	3.58035	9.899	31.8774
1397778331.938	n	10.8886	3.58175	9.890	31.8911
1397778332.000	n	10.8894	3.58618	9.877	31.9342
1397778332.063	n	10.8914	3.59356	9.866	32.0055
1397778332.124	y	10.8945	3.60333	9.854	32.0994
1397778332.188	n	10.8985	3.61345	9.842	32.1962
1397778332.252	n	10.9024	3.62169	9.832	32.2744
1397778332.312	n	10.9053	3.62702	9.824	32.3247
1397778332.374	n	10.9070	3.63026	9.812	32.3553
1397778332.437	n	10.9078	3.63169	9.800	32.3687
1397778332.500	n	10.9083	3.63235	9.791	32.3748
1397778332.652	y	10.9086	3.63259	9.781	32.3770
1397778332.657	n	10.9088	3.63281	9.772	32.3789
1397778332.687	n	10.9090	3.63302	9.759	32.3809
1397778332.750	n	10.9091	3.63315	9.750	32.3821
1397778332.813	n	10.9091	3.63327	9.737	32.3832
1397778332.875	n	10.9091	3.63340	9.731	32.3845
1397778332.939	n	10.9090	3.63351	9.719	32.3857
1397778333.001	n	10.9090	3.63361	9.710	32.3867
1397778333.062	n	10.9090	3.63368	9.700	32.3874
1397778333.125	n	10.9090	3.63373	9.688	32.3880
1397778333.187	n	10.9090	3.63377	9.679	32.3884
1397778333.250	n	10.9090	3.63381	9.669	32.3888
1397778333.313	n	10.9090	3.63384	9.657	32.3890
1397778333.374	n	10.9090	3.63387	9.651	32.3893
1397778333.439	n	10.9091	3.63387	9.638	32.3893
1397778333.502	n	10.9091	3.63388	9.628	32.3894
1397778333.562	n	10.9092	3.63391	9.620	32.3895
1397778333.625	n	10.9092	3.63394	9.609	32.3899
1397778333.688	n	10.9092	3.63396	9.600	32.3901
1397778333.751	n	10.9091	3.63399	9.589	32.3905
1397778333.812	n	10.9091	3.63401	9.581	32.3906
1397778333.874	n	10.9091	3.63402	9.568	32.3908
1397778333.937	n	10.9091	3.63405	9.556	32.3911
1397778334.000	n	10.9090	3.63406	9.545	32.3912
1397778334.062	n	10.9090	3.63404	9.533	32.3911
1397778334.124	n	10.9091	3.63404	9.526	32.3911
1397778334.188	n	10.9091	3.63408	9.515	32.3914
1397778334.250	n	10.9091	3.63413	9.508	32.3919
1397778334.313	n	10.9091	3.63420	9.494	32.3926
1397778334.375	n	10.9091	3.63424	9.484	32.3929
1397778334.438	n	10.9091	3.63425	9.470	32.3931
1397778334.506	n	10.9091	3.63425	9.460	32.3930
1397778334.562	n	10.9092	3.63425	9.453	32.3931
1397778334.624	n	10.9092	3.63426	9.439	32.3931
1397778334.688	n	10.9093	3.63426	9.430	32.3930
1397778334.751	n	10.9093	3.63427	9.419	32.3932
1397778334.812	n	10.9092	3.63427	9.406	32.3933
1397778334.875	n	10.9090	3.63428	9.395	32.3935
1397778334.938	n	10.9088	3.63430	9.386	32.3939
1397778334.999	n	10.9086	3.63432	9.376	32.3943
1397778335.063	n	10.9085	3.63433	9.362	32.3945
1397778335.126	n	10.9084	3.63435	9.349	32.3948
1397778335.188	n	10.9083	3.63436	9.338	32.3950
1397778335.251	n	10.9083	3.63438	9.328	32.3951
1397778335.314	n	10.9084	3.63441	9.314	32.3953
1397778335.375	n	10.9084	3.63442	9.300	32.3954
1397778335.438	n	10.9084	3.63443	9.294	32.3956
1397778335.500	n	10.9082	3.63443	9.277	32.3957
1397778335.562	n	10.9081	3.63442	9.265	32.3958
1397778335.624	n	10.9080	3.63438	9.253	32.3954
1397778335.706	y	10.9078	3.63436	9.239	32.3954
1397778335.750	n	10.9078	3.63437	9.228	32.3956
1397778335.812	n	10.9077	3.63442	9.216	32.3961
1397778335.876	n	10.9076	3.63447	9.205	32.3967
1397778335.937	n	10.9076	3.63451	9.194	32.3971
1397778336.000	n	10.9076	3.63452	9.179	32.3972
1397778336.062	n	10.9077	3.63452	9.167	32.3972
1397778336.125	n	10.9077	3.63452	9.152	32.3971
1397778336.189	n	10.9077	3.63452	9.137	32.3972
1397778336.251	n	10.9077	3.63454	9.125	32.3973
1397778336.312	n	10.9077	3.63454	9.112	32.3974
1397778336.375	n	10.9077	3.63456	9.096	32.3976
1397778336.438	n	10.9077	3.63456	9.082	32.3976
1397778336.501	n	10.9077	3.63456	9.066	32.3975
1397778336.563	n	10.9078	3.63455	9.051	32.3974
1397778336.625	n	10.9079	3.63456	9.035	32.3974
1397778336.687	n	10.9080	3.63457	9.019	32.3975
1397778336.750	n	10.9080	3.63458	9.006	32.3975
1397778336.916	y	10.9081	3.63458	8.990	32.3974
1397778336.921	n	10.9081	3.63457	8.971	32.3973
1397778336.937	n	10.9082	3.63457	8.955	32.3973
1397778336.999	n	10.9082	3.63459	8.939	32.3974
1397778337.063	n	10.9083	3.63462	8.921	32.3977
1397778337.125	n	10.9083	3.63464	8.906	32.3979
1397778337.189	n	10.9083	3.63464	8.891	32.3979
1397778337.250	n	10.9083	3.63464	8.876	32.3979
1397778337.313	n	10.9083	3.63463	8.857	32.3978
1397778337.376	n	10.9082	3.63462	8.843	32.3979
1397778337.438	n	10.9081	3.63463	8.828	32.3980
1397778337.501	n	10.9080	3.63463	8.810	32.3981
1397778337.563	n	10.9080	3.63464	8.792	32.3982
1397778337.625	n	10.9080	3.63462	8.776	32.3980
1397778337.688	n	10.9080	3.63458	8.760	32.3976
1397778337.749	n	10.9080	3.63455	8.742	32.3974
1397778337.812	n	10.9080	3.63455	8.726	32.3974
1397778337.877	n	10.9080	3.63459	8.708	32.3977
1397778337.939	n	10.9081	3.63465	8.691	32.3983
1397778338.000	n	10.9082	3.63470	8.671	32.3987
1397778338.063	n	10.9083	3.63471	8.653	32.3986
1397778338.125	n	10.9084	3.63468	8.637	32.3984
1397778338.188	n	10.9084	3.63463	8.615	32.3978
1397778338.251	n	10.9084	3.63460	8.595	32.3975
1397778338.313	n	10.9084	3.63461	8.575	32.3977
1397778338.376	n	10.9083	3.63463	8.554	32.3979
1397778338.439	n	10.9083	3.63468	8.528	32.3984
1397778338.501	n	10.9082	3.63471	8.511	32.3988
1397778338.563	n	10.9082	3.63470	8.484	32.3988
1397778338.625	n	10.9082	3.63469	8.462	32.3987
1397778338.688	n	10.9083	3.63469	8.441	32.3986
1397778338.751	n	10.9084	3.63469	8.419	32.3985
1397778338.813	n	10.9085	3.63470	8.399	32.3985
1397778338.875	n	10.9086	3.63471	8.374	32.3985
1397778338.939	n	10.9087	3.63471	8.351	32.3985
1397778339.001	n	10.9086	3.63471	8.327	32.3985
1397778339.063	n	10.9085	3.63469	8.300	32.3985
1397778339.124	n	10.9083	3.63468	8.278	32.3986
1397778339.189	n	10.9080	3.63466	8.257	32.3986
1397778339.324	y	10.9078	3.63464	8.231	32.3986
1397778339.330	n	10.9077	3.63464	8.210	32.3987
1397778339.376	n	10.9078	3.63465	8.188	32.3987
1397778339.438	n	10.9080	3.63467	8.166	32.3988
1397778339.499	n	10.9082	3.63470	8.146	32.3989
1397778339.563	n	10.9083	3.63473	8.126	32.3991
1397778339.625	n	10.9083	3.63474	8.104	32.3992
1397778339.688	n	10.9083	3.63476	8.084	32.3994
1397778339.751	n	10.9083	3.63476	8.070	32.3994
1397778339.812	n	10.9083	3.63477	8.050	32.3995
1397778339.874	n	10.9083	3.63477	8.032	32.3995
1397778339.939	n	10.9083	3.63477	8.014	32.3995
1397778340.134	y	10.9083	3.63476	7.996	32.3995
1397778340.140	n	10.9083	3.63476	7.981	32.3995
1397778340.145	n	10.9083	3.63476	7.966	32.3995
1397778340.188	n	10.9083	3.63476	7.947	32.3995
1397778340.251	n	10.9084	3.63476	7.932	32.3995
1397778340.313	n	10.9084	3.63477	7.915	32.3995
1397778340.374	n	10.9083	3.63477	7.902	32.3996
1397778340.438	n	10.9083	3.63477	7.888	32.3997
1397778340.502	n	10.9083	3.63478	7.871	32.3997
1397778340.563	n	10.9083	3.63478	7.861	32.3998
1397778340.626	n	10.9083	3.63479	7.844	32.3999
1397778340.688	n	10.9082	3.63480	7.831	32.4000
1397778340.751	n	10.9082	3.63481	7.822	32.4002
1397778340.812	n	10.9081	3.63481	7.807	32.4003
1397778340.874	n	10.9082	3.63481	7.793	32.4002
1397778340.939	n	10.9082	3.63482	7.780	32.4002
1397778341.000	n	10.9082	3.63483	7.767	32.4003
1397778341.225	y	10.9083	3.63484	7.758	32.4004
1397778341.233	n	10.9083	3.63486	7.744	32.4006
1397778341.241	n	10.9083	3.63486	7.733	32.4006
1397778341.250	n	10.9083	3.63485	7.724	32.4005
1397778341.312	n	10.9083	3.63484	7.716	32.4003
1397778341.374	n	10.9083	3.63482	7.705	32.4002
1397778341.439	n	10.9083	3.63482	7.694	32.4002
1397778341.504	n	10.9083	3.63483	7.683	32.4003
1397778341.562	n	10.9083	3.63484	7.672	32.4004
1397778341.626	n	10.9083	3.63486	7.666	32.4006
1397778341.688	n	10.9083	3.63487	7.655	32.4007
1397778341.750	n	10.9083	3.63488	7.648	32.4008
1397778341.812	n	10.9083	3.63488	7.638	32.4008
1397778341.875	n	10.9083	3.63488	7.630	32.4008
1397778341.937	n	10.9083	3.63488	7.620	32.4008
1397778342.001	n	10.9084	3.63488	7.610	32.4008
1397778342.063	n	10.9084	3.63489	7.603	32.4008
1397778342.126	n	10.9084	3.63489	7.594	32.4009
1397778342.189	n	10.9083	3.63489	7.588	32.4009
1397778342.250	n	10.9083	3.63489	7.577	32.4009
1397778342.313	n	10.9082	3.63489	7.567	32.4010
1397778342.375	n	10.9082	3.63488	7.558	32.4010
1397778342.438	n	10.9082	3.63487	7.551	32.4008
1397778342.499	n	10.9082	3.63484	7.540	32.4006
1397778342.562	n	10.9082	3.63484	7.534	32.4005
1397778342.626	n	10.9082	3.63484	7.523	32.4006
1397778342.689	n	10.9083	3.63486	7.513	32.4006
1397778342.750	n	10.9083	3.63487	7.504	32.4007
1397778342.813	n	10.9084	3.63487	7.492	32.4007
1397778342.875	n	10.9084	3.63487	7.482	32.4008
1397778342.937	n	10.9084	3.63487	7.473	32.4007
1397778343.000	y	10.9084	3.63485	7.458	32.4005
1397778343.063	n	10.9084	3.63482	7.445	32.4003
1397778343.126	n	10.9084	3.63481	7.430	32.4002
1397778343.188	n	10.9084	3.63483	7.418	32.4003
1397778343.250	n	10.9084	3.63485	7.402	32.4006
1397778343.312	n	10.9084	3.63488	7.390	32.4009
1397778343.375	n	10.9084	3.63488	7.373	32.4009
1397778343.437	n	10.9084	3.63488	7.359	32.4009
1397778343.502	n	10.9084	3.63489	7.346	32.4009
1397778343.563	n	10.9084	3.63490	7.326	32.4010
1397778343.626	n	10.9084	3.63490	7.312	32.4011
1397778343.688	n	10.9084	3.63491	7.297	32.4012
1397778343.750	n	10.9085	3.63491	7.280	32.4012
1397778343.812	n	10.9086	3.63491	7.263	32.4010
1397778343.875	n	10.9086	3.63490	7.251	32.4009
1397778343.940	n	10.9086	3.63490	7.233	32.4010
1397778344.000	n	10.9085	3.63490	7.222	32.4010
1397778344.063	n	10.9084	3.63490	7.205	32.4011
1397778344.126	n	10.9083	3.63491	7.191	32.4013
1397778344.189	n	10.9082	3.63491	7.176	32.4014
1397778344.250	n	10.9081	3.63490	7.162	32.4015
1397778344.314	n	10.9080	3.63489	7.150	32.4014
1397778344.375	n	10.9080	3.63488	7.134	32.4013
1397778344.437	n	10.9080	3.63487	7.122	32.4012
1397778344.501	n	10.9081	3.63488	7.110	32.4012
1397778344.562	n	10.9081	3.63489	7.099	32.4013
1397778344.625	n	10.9082	3.63490	7.088	32.4013
1397778344.687	n	10.9082	3.63489	7.075	32.4013
1397778344.749	n	10.9082	3.63489	7.064	32.4013
1397778344.814	n	10.9082	3.63490	7.051	32.4013
1397778344.874	n	10.9082	3.63491	7.037	32.4014
1397778344.940	n	10.9082	3.63492	7.025	32.4015
1397778345.002	n	10.9083	3.63493	7.014	32.4016
1397778345.062	n	10.9083	3.63493	7.004	32.4016
1397778345.125	n	10.9083	3.63494	6.992	32.4017
1397778345.187	n	10.9083	3.63493	6.982	32.4016
1397778345.251	n	10.9083	3.63492	6.968	32.4015
1397778345.430	y	10.9083	3.63493	6.955	32.4016
1397778345.437	n	10.9083	3.63493	6.945	32.4016
1397778345.442	n	10.9083	3.63493	6.933	32.4016
1397778345.501	n	10.9083	3.63493	6.920	32.4017
1397778345.563	n	10.9083	3.63493	6.905	32.4016
1397778345.625	n	10.9083	3.63491	6.889	32.4015
1397778345.689	n	10.9083	3.63491	6.878	32.4014
1397778345.750	n	10.9083	3.63491	6.862	32.4014
1397778345.812	n	10.9084	3.63490	6.854	32.4013
1397778345.874	n	10.9084	3.63489	6.843	32.4012
1397778345.937	n	10.9084	3.63490	6.827	32.4013
1397778346.001	n	10.9084	3.63490	6.815	32.4013
1397778346.063	n	10.9084	3.63491	6.803	32.4014
1397778346.125	n	10.9084	3.63493	6.792	32.4016
1397778346.189	n	10.9084	3.63495	6.781	32.4018
1397778346.250	n	10.9084	3.63495	6.768	32.4018
1397778346.313	n	10.9083	3.63497	6.757	32.4020
1397778346.375	n	10.9083	3.63498	6.746	32.4022
1397778346.438	n	10.9083	3.63498	6.737	32.4022
1397778346.500	n	10.9083	3.63497	6.722	32.4022
1397778346.563	n	10.9083	3.63497	6.712	32.4021
1397778346.625	n	10.9083	3.63496	6.702	32.4020
1397778346.689	y	10.9083	3.63495	6.686	32.4019
1397778346.750	n	10.9083	3.63495	6.676	32.4019
1397778346.813	n	10.9083	3.63494	6.667	32.4018
1397778346.875	n	10.9082	3.63493	6.651	32.4018
1397778346.938	n	10.9081	3.63492	6.637	32.4018
1397778347.001	n	10.9080	3.63493	6.623	32.4020
1397778347.062	n	10.9078	3.63493	6.608	32.4022
1397778347.125	n	10.9077	3.63493	6.592	32.4023
1397778347.188	n	10.9077	3.63492	6.573	32.4022
1397778347.253	n	10.9076	3.63489	6.553	32.4020
1397778347.312	n	10.9076	3.63488	6.538	32.4019
1397778347.375	n	10.9076	3.63489	6.517	32.4020
1397778347.438	n	10.9076	3.63490	6.498	32.4021
1397778347.500	n	10.9075	3.63491	6.477	32.4023
1397778347.563	n	10.9074	3.63491	6.460	32.4024
1397778347.624	n	10.9072	3.63489	6.437	32.4024
1397778347.689	n	10.9071	3.63487	6.414	32.4024
1397778347.751	n	10.9069	3.63486	6.395	32.4024
1397778347.813	n	10.9068	3.63486	6.375	32.4025
1397778347.875	n	10.9068	3.63487	6.352	32.4026
1397778347.938	n	10.9067	3.63488	6.330	32.4027
1397778348.001	n	10.9068	3.63488	6.305	32.4027
1397778348.062	n	10.9068	3.63487	6.288	32.4026
1397778348.126	n	10.9069	3.63485	6.270	32.4023
1397778348.187	n	10.9071	3.63484	6.246	32.4021
1397778348.250	n	10.9072	3.63484	6.228	32.4020
1397778348.313	n	10.9073	3.63487	6.210	32.4021
1397778348.375	n	10.9075	3.63489	6.194	32.4022
1397778348.439	n	10.9076	3.63488	6.177	32.4020
1397778348.499	n	10.9078	3.63487	6.162	32.4018
1397778348.563	n	10.9079	3.63486	6.150	32.4016
1397778348.626	n	10.9080	3.63487	6.133	32.4017
1397778348.689	n	10.9080	3.63491	6.118	32.4020
1397778348.750	n	10.9080	3.63494	6.104	32.4024
1397778348.812	n	10.9078	3.63494	6.090	32.4025
1397778348.875	n	10.9077	3.63494	6.078	32.4026
1397778348.938	n	10.9075	3.63493	6.068	32.4027
1397778349.001	n	10.9074	3.63492	6.056	32.4027
1397778349.063	n	10.9072	3.63490	6.046	32.4026
1397778349.124	n	10.9072	3.63489	6.032	32.4026
1397778349.189	n	10.9072	3.63488	6.023	32.4025
1397778349.252	n	10.9072	3.63488	6.012	32.4024
1397778349.312	n	10.9072	3.63488	5.998	32.4024
1397778349.375	n	10.9072	3.63489	5.987	32.4025
1397778349.438	n	10.9072	3.63490	5.976	32.4027
1397778349.500	n	10.9072	3.63492	5.967	32.4029
1397778349.664	y	10.9072	3.63493	5.955	32.4030
1397778349.670	n	10.9073	3.63494	5.938	32.4030
1397778349.689	n	10.9074	3.63494	5.928	32.4029
1397778349.750	n	10.9074	3.63493	5.917	32.4028
1397778349.813	n	10.9073	3.63491	5.904	32.4027
1397778349.875	n	10.9071	3.63488	5.891	32.4027
1397778349.938	n	10.9069	3.63486	5.878	32.4026
1397778350.001	n	10.9068	3.63485	5.864	32.4026
1397778350.062	n	10.9067	3.63485	5.851	32.4027
1397778350.126	n	10.9068	3.63487	5.840	32.4028
1397778350.189	n	10.9069	3.63490	5.829	32.4030
1397778350.263	y	10.9071	3.63493	5.813	32.4031
1397778350.313	n	10.9073	3.63495	5.802	32.4031
1397778350.376	n	10.9075	3.63496	5.792	32.4031
1397778350.439	n	10.9076	3.63496	5.779	32.4030
1397778350.501	n	10.9076	3.63494	5.766	32.4029
1397778350.562	n	10.9076	3.63493	5.754	32.4027
1397778350.625	n	10.9076	3.63492	5.742	32.4026
1397778350.688	n	10.9077	3.63494	5.732	32.4027
1397778350.751	n	10.9078	3.63495	5.722	32.4028
1397778350.813	n	10.9079	3.63497	5.709	32.4029
1397778350.875	n	10.9080	3.63498	5.702	32.4030
1397778350.938	n	10.9078	3.63497	5.690	32.4030
1397778351.001	n	10.9076	3.63494	5.680	32.4029
1397778351.062	n	10.9073	3.63492	5.670	32.4029
1397778351.126	n	10.9071	3.63489	5.661	32.4029
1397778351.188	n	10.9069	3.63488	5.648	32.4029
1397778351.251	n	10.9068	3.63489	5.636	32.4031
1397778351.313	n	10.9067	3.63490	5.624	32.4033
1397778351.375	n	10.9067	3.63490	5.608	32.4033
1397778351.439	n	10.9067	3.63491	5.597	32.4034
1397778351.500	n	10.9067	3.63491	5.582	32.4034
1397778351.562	n	10.9067	3.63491	5.569	32.4034
1397778351.624	n	10.9067	3.63491	5.555	32.4034
1397778351.688	n	10.9067	3.63491	5.537	32.4034
1397778351.749	n	10.9067	3.63491	5.518	32.4034
1397778351.813	n	10.9068	3.63492	5.502	32.4035
1397778351.875	n	10.9069	3.63493	5.484	32.4035
1397778351.938	n	10.9069	3.63494	5.466	32.4035
1397778352.000	n	10.9070	3.63494	5.448	32.4035
1397778352.062	n	10.9070	3.63493	5.428	32.4035
1397778352.125	n	10.9070	3.63492	5.412	32.4033
1397778352.188	n	10.9069	3.63492	5.398	32.4034
1397778352.251	n	10.9069	3.63493	5.379	32.4035
1397778352.313	n	10.9069	3.63493	5.360	32.4035
1397778352.375	n	10.9068	3.63493	5.340	32.4035
1397778352.437	n	10.9068	3.63493	5.323	32.4036
1397778352.500	n	10.9067	3.63492	5.308	32.4036
1397778352.562	n	10.9067	3.63492	5.292	32.4036
1397778352.626	n	10.9067	3.63492	5.277	32.4036
1397778352.688	n	10.9066	3.63492	5.260	32.4037
1397778352.751	n	10.9066	3.63491	5.247	32.4036
1397778352.813	n	10.9067	3.63490	5.230	32.4035
1397778352.875	n	10.9067	3.63490	5.222	32.4034
1397778352.938	n	10.9067	3.63489	5.206	32.4034
1397778353.001	n	10.9067	3.63490	5.191	32.4035
1397778353.064	n	10.9066	3.63490	5.178	32.4035
1397778353.125	n	10.9066	3.63490	5.167	32.4035
1397778353.187	n	10.9066	3.63489	5.154	32.4034
1397778353.251	n	10.9067	3.63489	5.141	32.4034
1397778353.313	n	10.9067	3.63489	5.132	32.4034
1397778353.376	n	10.9068	3.63490	5.120	32.4034
1397778353.439	n	10.9068	3.63491	5.106	32.4035
1397778353.500	n	10.9069	3.63492	5.098	32.4035
1397778353.562	n	10.9069	3.63492	5.085	32.4035
1397778353.625	n	10.9069	3.63492	5.074	32.4035
1397778353.687	n	10.9069	3.63491	5.063	32.4034
1397778353.751	n	10.9069	3.63491	5.053	32.4034
1397778353.916	y	10.9069	3.63491	5.045	32.4034
1397778353.921	n	10.9068	3.63490	5.034	32.4035
1397778353.938	n	10.9067	3.63491	5.023	32.4036
1397778354.022	y	10.9066	3.63491	5.010	32.4037
1397778354.062	n	10.9067	3.63490	5.001	32.4036
1397778354.125	n	10.9067	3.63491	4.991	32.4036
1397778354.190	n	10.9069	3.63491	4.977	32.4036
1397778354.251	n	10.9069	3.63491	4.965	32.4035
1397778354.411	y	10.9069	3.63492	4.955	32.4036
1397778354.416	n	10.9068	3.63492	4.944	32.4037
1397778354.437	n	10.9067	3.63493	4.933	32.4038
1397778354.501	n	10.9067	3.63493	4.924	32.4039
1397778354.563	n	10.9067	3.63494	4.916	32.4039
1397778354.626	n	10.9067	3.63493	4.905	32.4039
1397778354.688	n	10.9068	3.63494	4.891	32.4039
1397778354.750	n	10.9069	3.63494	4.881	32.4038
1397778354.812	n	10.9069	3.63494	4.872	32.4038
1397778354.874	n	10.9069	3.63494	4.864	32.4038
1397778354.937	n	10.9069	3.63494	4.855	32.4038
1397778355.000	n	10.9068	3.63493	4.841	32.4038
1397778355.063	n	10.9068	3.63492	4.835	32.4037
1397778355.125	n	10.9067	3.63490	4.824	32.4037
1397778355.189	n	10.9067	3.63490	4.816	32.4036
1397778355.251	n	10.9067	3.63491	4.805	32.4037
1397778355.314	n	10.9067	3.63492	4.797	32.4038
1397778355.375	n	10.9067	3.63492	4.791	32.4039
1397778355.439	n	10.9066	3.63492	4.782	32.4039
1397778355.500	n	10.9065	3.63491	4.771	32.4039
1397778355.562	n	10.9065	3.63491	4.762	32.4039
1397778355.626	n	10.9065	3.63492	4.752	32.4040
1397778355.687	n	10.9066	3.63493	4.741	32.4041
1397778355.752	n	10.9066	3.63494	4.731	32.4041
1397778355.813	n	10.9066	3.63493	4.720	32.4040
1397778355.875	n	10.9066	3.63492	4.709	32.4039
1397778355.939	n	10.9066	3.63491	4.697	32.4039
1397778356.000	n	10.9066	3.63491	4.685	32.4039
1397778356.062	n	10.9066	3.63492	4.671	32.4040
1397778356.125	n	10.9066	3.63493	4.656	32.4041
1397778356.188	n	10.9066	3.63494	4.639	32.4042
1397778356.250	n	10.9066	3.63494	4.626	32.4041
1397778356.314	n	10.9067	3.63493	4.607	32.4040
1397778356.376	n	10.9068	3.63493	4.588	32.4040
1397778356.437	n	10.9069	3.63493	4.570	32.4038
1397778356.502	n	10.9070	3.63493	4.552	32.4037
1397778356.563	n	10.9071	3.63492	4.530	32.4036
1397778356.626	n	10.9072	3.63489	4.512	32.4032
1397778356.688	n	10.9073	3.63486	4.490	32.4028
1397778356.749	n	10.9074	3.63485	4.467	32.4027
1397778356.813	n	10.9076	3.63486	4.443	32.4027
1397778356.875	n	10.9077	3.63490	4.424	32.4029
1397778356.940	n	10.9078	3.63494	4.401	32.4032
1397778357.000	n	10.9079	3.63496	4.380	32.4033
1397778357.062	n	10.9079	3.63496	4.355	32.4034
1397778357.125	n	10.9079	3.63497	4.335	32.4035
1397778357.190	n	10.9079	3.63497	4.313	32.4035
1397778357.251	n	10.9079	3.63497	4.289	32.4035
1397778357.313	n	10.9079	3.63497	4.267	32.4035
1397778357.376	n	10.9080	3.63498	4.248	32.4035
1397778357.438	n	10.9080	3.63498	4.223	32.4035
1397778357.501	n	10.9080	3.63498	4.202	32.4035
1397778357.563	n	10.9078	3.63497	4.178	32.4036
1397778357.633	y	10.9077	3.63496	4.156	32.4037
1397778357.687	n	10.9076	3.63495	4.136	32.4037
1397778357.751	n	10.9076	3.63495	4.117	32.4036
1397778357.813	n	10.9077	3.63494	4.095	32.4035
1397778357.876	n	10.9077	3.63494	4.073	32.4035
1397778357.938	n	10.9078	3.63495	4.055	32.4035
1397778357.999	n	10.9078	3.63495	4.033	32.4034
1397778358.190	y	10.9080	3.63495	4.013	32.4033
1397778358.200	n	10.9081	3.63493	3.997	32.4031
1397778358.205	n	10.9082	3.63493	3.979	32.4030
1397778358.249	n	10.9081	3.63493	3.964	32.4030
1397778358.312	n	10.9079	3.63493	3.950	32.4032
1397778358.375	n	10.9076	3.63494	3.930	32.4036
1397778358.438	n	10.9074	3.63495	3.915	32.4039
1397778358.500	n	10.9072	3.63495	3.901	32.4040
1397778358.563	n	10.9072	3.63495	3.888	32.4040
1397778358.625	n	10.9074	3.63495	3.876	32.4039
1397778358.688	n	10.9075	3.63494	3.862	32.4038
1397778358.750	n	10.9075	3.63494	3.844	32.4037
1397778358.814	n	10.9074	3.63493	3.834	32.4037
1397778358.876	n	10.9074	3.63493	3.822	32.4037
1397778358.937	n	10.9074	3.63492	3.814	32.4037
1397778359.001	n	10.9074	3.63492	3.803	32.4036
1397778359.063	n	10.9074	3.63492	3.791	32.4036
1397778359.126	n	10.9074	3.63493	3.779	32.4037
1397778359.189	n	10.9074	3.63493	3.772	32.4038
1397778359.252	n	10.9074	3.63493	3.764	32.4038
1397778359.314	n	10.9074	3.63493	3.757	32.4037
1397778359.376	n	10.9075	3.63492	3.745	32.4036
1397778359.439	n	10.9075	3.63490	3.737	32.4034
1397778359.502	n	10.9076	3.63490	3.729	32.4033
1397778359.563	n	10.9077	3.63490	3.719	32.4032
1397778359.625	n	10.9078	3.63492	3.711	32.4033
1397778359.687	n	10.9079	3.63493	3.703	32.4034
1397778359.750	n	10.9079	3.63494	3.697	32.4035
1397778359.812	n	10.9080	3.63495	3.689	32.4035
1397778359.876	n	10.9080	3.63495	3.681	32.4034
1397778359.937	n	10.9080	3.63493	3.672	32.4033
1397778360.001	n	10.9080	3.63492	3.665	32.4032
1397778360.064	n	10.9081	3.63492	3.659	32.4031
1397778360.126	n	10.9081	3.63493	3.650	32.4032
1397778360.189	n	10.9082	3.63494	3.643	32.4032
1397778360.252	n	10.9082	3.63495	3.637	32.4033
1397778360.312	n	10.9083	3.63496	3.626	32.4033
1397778360.376	n	10.9083	3.63496	3.617	32.4034
1397778360.439	n	10.9083	3.63496	3.609	32.4034
1397778360.500	n	10.9082	3.63497	3.599	32.4034
1397778360.563	n	10.9082	3.63496	3.587	32.4034
1397778360.626	n	10.9082	3.63494	3.577	32.4032
1397778360.687	n	10.9082	3.63492	3.563	32.4030
1397778360.753	n	10.9083	3.63491	3.555	32.4028
1397778360.813	n	10.9084	3.63489	3.545	32.4026
1397778360.875	n	10.9086	3.63488	3.533	32.4023
1397778360.937	n	10.9088	3.63489	3.524	32.4022
1397778361.001	n	10.9091	3.63490	3.508	32.4021
1397778361.063	n	10.9093	3.63492	3.502	32.4021
1397778361.125	n	10.9094	3.63494	3.491	32.4022
1397778361.189	n	10.9095	3.63494	3.483	32.4021
1397778361.262	y	10.9094	3.63494	3.471	32.4021
1397778361.313	n	10.9094	3.63493	3.462	32.4022
1397778361.375	n	10.9093	3.63494	3.451	32.4023
1397778361.438	n	10.9092	3.63494	3.440	32.4023
1397778361.502	n	10.9092	3.63493	3.427	32.4023
1397778361.564	n	10.9093	3.63493	3.417	32.4022
1397778361.626	n	10.9093	3.63492	3.406	32.4022
1397778361.687	n	10.9093	3.63492	3.392	32.4022
1397778361.751	n	10.9093	3.63493	3.379	32.4022
1397778361.813	n	10.9093	3.63494	3.371	32.4023
1397778361.876	n	10.9093	3.63493	3.358	32.4022
1397778361.939	n	10.9095	3.63492	3.347	32.4020
1397778362.000	n	10.9096	3.63491	3.338	32.4018
1397778362.063	n	10.9097	3.63491	3.327	32.4018
1397778362.126	n	10.9097	3.63492	3.317	32.4018
1397778362.187	n	10.9098	3.63492	3.306	32.4018
1397778362.250	n	10.9098	3.63493	3.297	32.4018
1397778362.436	y	10.9099	3.63493	3.285	32.4017
1397778362.442	n	10.9099	3.63493	3.273	32.4017
1397778362.448	n	10.9098	3.63493	3.259	32.4019
1397778362.502	n	10.9096	3.63493	3.249	32.4020
1397778362.563	n	10.9093	3.63492	3.237	32.4022
1397778362.625	n	10.9089	3.63491	3.222	32.4024
1397778362.689	n	10.9085	3.63489	3.205	32.4027
1397778362.752	n	10.9081	3.63488	3.194	32.4029
1397778362.812	n	10.9080	3.63488	3.178	32.4030
1397778362.875	n	10.9082	3.63490	3.163	32.4029
1397778362.939	n	10.9086	3.63492	3.146	32.4028
1397778363.000	n	10.9089	3.63493	3.128	32.4027
1397778363.064	n	10.9091	3.63495	3.114	32.4027
1397778363.126	n	10.9090	3.63494	3.100	32.4027
1397778363.189	n	10.9088	3.63493	3.083	32.4029
1397778363.250	n	10.9085	3.63492	3.063	32.4030
1397778363.313	n	10.9084	3.63491	3.049	32.4030
1397778363.376	n	10.9084	3.63491	3.029	32.4030
1397778363.438	n	10.9084	3.63491	3.014	32.4030
1397778363.500	n	10.9085	3.63490	2.997	32.4028
1397778363.563	n	10.9086	3.63490	2.984	32.4028
1397778363.626	n	10.9087	3.63491	2.971	32.4028
1397778363.689	n	10.9088	3.63492	2.955	32.4028
1397778363.751	n	10.9090	3.63493	2.937	32.4027
1397778363.813	n	10.9093	3.63494	2.923	32.4026
1397778363.875	n	10.9095	3.63494	2.910	32.4023
1397778363.940	n	10.9098	3.63493	2.897	32.4020
1397778364.001	n	10.9099	3.63492	2.885	32.4017
1397778364.063	n	10.9100	3.63491	2.874	32.4016
1397778364.125	n	10.9100	3.63491	2.858	32.4016
1397778364.189	n	10.9098	3.63492	2.848	32.4019
1397778364.250	n	10.9096	3.63492	2.838	32.4021
1397778364.313	n	10.9094	3.63491	2.828	32.4022
1397778364.375	n	10.9092	3.63490	2.817	32.4023
1397778364.439	n	10.9090	3.63489	2.807	32.4024
1397778364.501	n	10.9089	3.63489	2.802	32.4024
1397778364.563	n	10.9089	3.63490	2.793	32.4025
1397778364.626	n	10.9090	3.63491	2.789	32.4026
1397778364.687	n	10.9090	3.63491	2.779	32.4026
1397778364.751	n	10.9091	3.63491	2.774	32.4025
1397778364.813	n	10.9091	3.63491	2.770	32.4025
1397778364.876	n	10.9091	3.63491	2.759	32.4025
1397778364.937	y	10.9091	3.63491	2.753	32.4025
1397778365.002	n	10.9090	3.63491	2.747	32.4026
1397778365.063	n	10.9090	3.63492	2.740	32.4026
1397778365.126	n	10.9089	3.63491	2.736	32.4027
1397778365.187	n	10.9089	3.63492	2.726	32.4027
1397778365.250	n	10.9090	3.63492	2.718	32.4027
1397778365.312	n	10.9091	3.63493	2.710	32.4026
1397778365.375	n	10.9093	3.63493	2.701	32.4026
1397778365.437	n	10.9094	3.63493	2.692	32.4025
1397778365.501	n	10.9094	3.63494	2.681	32.4025
1397778365.562	n	10.9094	3.63494	2.669	32.4026
1397778365.624	n	10.9093	3.63494	2.656	32.4026
1397778365.687	n	10.9091	3.63493	2.644	32.4027
1397778365.751	n	10.9089	3.63491	2.630	32.4027
1397778365.813	n	10.9086	3.63489	2.618	32.4028
1397778365.875	n	10.9082	3.63489	2.604	32.4031
1397778365.939	n	10.9079	3.63487	2.592	32.4032
1397778366.000	n	10.9074	3.63485	2.582	32.4034
1397778366.062	n	10.9071	3.63484	2.567	32.4036
1397778366.125	n	10.9068	3.63486	2.555	32.4040
1397778366.189	n	10.9067	3.63486	2.540	32.4042
1397778366.252	n	10.9065	3.63488	2.526	32.4046
1397778366.313	n	10.9064	3.63488	2.517	32.4047
1397778366.376	n	10.9063	3.63488	2.503	32.4047
1397778366.437	n	10.9062	3.63488	2.488	32.4048
1397778366.501	n	10.9061	3.63489	2.476	32.4050
1397778366.672	y	10.9061	3.63489	2.461	32.4050
1397778366.679	n	10.9060	3.63488	2.445	32.4051
1397778366.690	n	10.9059	3.63487	2.431	32.4051
1397778366.751	n	10.9057	3.63486	2.415	32.4051
1397778366.813	n	10.9056	3.63485	2.400	32.4051
1397778366.875	n	10.9056	3.63485	2.386	32.4051
1397778366.939	n	10.9057	3.63486	2.370	32.4052
1397778367.000	n	10.9057	3.63487	2.352	32.4052
1397778367.062	n	10.9057	3.63487	2.334	32.4053
1397778367.125	n	10.9057	3.63487	2.321	32.4053
1397778367.189	n	10.9058	3.63487	2.306	32.4052
1397778367.251	n	10.9059	3.63486	2.285	32.4050
1397778367.312	n	10.9061	3.63487	2.268	32.4049
1397778367.376	n	10.9063	3.63487	2.248	32.4048
1397778367.438	n	10.9064	3.63488	2.227	32.4047
1397778367.500	n	10.9065	3.63488	2.208	32.4047
1397778367.563	n	10.9066	3.63488	2.190	32.4047
1397778367.626	n	10.9067	3.63486	2.167	32.4044
1397778367.690	n	10.9067	3.63485	2.143	32.4042
1397778367.750	n	10.9067	3.63484	2.121	32.4041
1397778367.812	n	10.9067	3.63484	2.101	32.4041
1397778367.875	n	10.9067	3.63485	2.078	32.4043
1397778367.938	n	10.9066	3.63488	2.055	32.4046
1397778368.001	n	10.9066	3.63487	2.032	32.4046
1397778368.063	n	10.9066	3.63486	2.011	32.4046
1397778368.126	n	10.9065	3.63485	1.987	32.4044
1397778368.187	n	10.9065	3.63483	1.967	32.4043
1397778368.250	n	10.9065	3.63483	1.946	32.4043
1397778368.312	n	10.9066	3.63484	1.923	32.4043
1397778368.376	n	10.9066	3.63485	1.899	32.4045
1397778368.438	n	10.9065	3.63486	1.876	32.4047
1397778368.502	n	10.9065	3.63487	1.854	32.4047
1397778368.564	y	10.9065	3.63488	1.828	32.4048
1397778368.625	n	10.9065	3.63487	1.809	32.4048
1397778368.688	n	10.9065	3.63486	1.787	32.4046
1397778368.751	n	10.9066	3.63485	1.767	32.4046
1397778368.814	n	10.9066	3.63486	1.747	32.4046
1397778368.876	n	10.9066	3.63487	1.726	32.4047
1397778368.937	n	10.9067	3.63488	1.706	32.4048
1397778369.001	n	10.9068	3.63489	1.683	32.4047
1397778369.063	n	10.9069	3.63488	1.662	32.4046
1397778369.126	n	10.9070	3.63488	1.643	32.4045
1397778369.189	n	10.9070	3.63488	1.623	32.4045
1397778369.252	n	10.9071	3.63487	1.600	32.4043
1397778369.313	n	10.9073	3.63486	1.583	32.4041
1397778369.376	n	10.9074	3.63485	1.561	32.4040
1397778369.438	n	10.9074	3.63484	1.543	32.4038
1397778369.501	n	10.9073	3.63483	1.527	32.4038
1397778369.563	n	10.9072	3.63483	1.506	32.4039
1397778369.626	n	10.9072	3.63483	1.489	32.4039
1397778369.692	n	10.9073	3.63484	1.471	32.4038
1397778369.826	y	10.9075	3.63484	1.455	32.4038
1397778369.832	n	10.9076	3.63485	1.440	32.4038
1397778369.876	n	10.9077	3.63485	1.422	32.4037
1397778369.938	n	10.9078	3.63484	1.409	32.4034
1397778370.001	n	10.9081	3.63483	1.392	32.4032
1397778370.062	n	10.9084	3.63483	1.375	32.4029
1397778370.125	n	10.9086	3.63484	1.364	32.4028
1397778370.188	n	10.9088	3.63486	1.344	32.4028
1397778370.251	n	10.9089	3.63488	1.324	32.4030
1397778370.313	n	10.9090	3.63489	1.309	32.4030
1397778370.376	n	10.9091	3.63490	1.292	32.4031
1397778370.437	n	10.9091	3.63491	1.274	32.4031
1397778370.502	n	10.9091	3.63490	1.258	32.4030
1397778370.564	n	10.9091	3.63488	1.243	32.4029
1397778370.625	n	10.9091	3.63488	1.227	32.4028
1397778370.688	n	10.9092	3.63488	1.216	32.4027
1397778370.750	n	10.9093	3.63489	1.206	32.4028
1397778370.979	y	10.9094	3.63490	1.195	32.4028
1397778370.986	n	10.9094	3.63490	1.188	32.4028
1397778370.992	n	10.9095	3.63490	1.180	32.4027
1397778371.002	n	10.9096	3.63490	1.173	32.4026
1397778371.064	n	10.9097	3.63491	1.169	32.4026
1397778371.125	n	10.9097	3.63490	1.163	32.4025
1397778371.189	n	10.9097	3.63490	1.158	32.4025
1397778371.252	n	10.9096	3.63488	1.155	32.4024
1397778371.313	n	10.9095	3.63487	1.149	32.4025
1397778371.376	n	10.9092	3.63486	1.146	32.4026
1397778371.437	n	10.9089	3.63486	1.144	32.4029
1397778371.501	n	10.9085	3.63486	1.138	32.4032
1397778371.563	n	10.9083	3.63486	1.136	32.4034
1397778371.626	n	10.9082	3.63486	1.131	32.4034
1397778371.688	n	10.9083	3.63486	1.128	32.4034
1397778371.750	n	10.9085	3.63486	1.123	32.4032
1397778371.812	n	10.9087	3.63487	1.116	32.4031
1397778371.875	n	10.9088	3.63489	1.113	32.4032
1397778371.937	n	10.9087	3.63490	1.106	32.4034
1397778372.001	n	10.9086	3.63489	1.095	32.4035
1397778372.063	n	10.9084	3.63489	1.089	32.4035
1397778372.126	n	10.9083	3.63487	1.078	32.4035
1397778372.188	n	10.9083	3.63487	1.070	32.4035
1397778372.324	y	10.9083	3.63486	1.062	32.4034
1397778372.330	n	10.9083	3.63486	1.054	32.4034
1397778372.375	n	10.9085	3.63486	1.045	32.4032
1397778372.439	n	10.9087	3.63486	1.036	32.4031
1397778372.500	n	10.9089	3.63484	1.027	32.4027
1397778372.563	n	10.9090	3.63482	1.017	32.4025
1397778372.625	n	10.9090	3.63482	1.007	32.4024
1397778372.692	n	10.9090	3.63481	0.993	32.4024
1397778372.751	n	10.9090	3.63481	0.983	32.4024
1397778372.813	n	10.9090	3.63484	0.971	32.4026
1397778372.875	n	10.9089	3.63484	0.954	32.4028
1397778372.939	n	10.9088	3.63486	0.943	32.4030
1397778373.000	n	10.9087	3.63488	0.932	32.4034
1397778373.062	n	10.9086	3.63489	0.914	32.4035
1397778373.125	n	10.9086	3.63488	0.901	32.4034
1397778373.188	n	10.9087	3.63488	0.888	32.4033
1397778373.252	n	10.9088	3.63488	0.873	32.4033
1397778373.313	n	10.9089	3.63488	0.863	32.4032
1397778373.377	n	10.9088	3.63486	0.856	32.4031
1397778373.439	n	10.9087	3.63485	0.847	32.4030
1397778373.500	n	10.9086	3.63484	0.840	32.4030
1397778373.562	n	10.9086	3.63484	0.834	32.4031
1397778373.626	n	10.9085	3.63485	0.834	32.4032
1397778373.687	n	10.9084	3.63486	0.831	32.4033
1397778373.751	n	10.9084	3.63486	0.829	32.4033
1397778373.813	n	10.9084	3.63485	0.827	32.4033
1397778373.874	n	10.9084	3.63484	0.824	32.4033
1397778373.937	n	10.9083	3.63484	0.825	32.4033
1397778374.001	n	10.9082	3.63485	0.830	32.4035
1397778374.064	n	10.9082	3.63485	0.831	32.4035
1397778374.126	n	10.9082	3.63483	0.830	32.4033
1397778374.189	n	10.9083	3.63482	0.827	32.4032
1397778374.250	n	10.9083	3.63483	0.827	32.4032
1397778374.314	n	10.9083	3.63484	0.829	32.4033
1397778374.374	n	10.9083	3.63485	0.824	32.4035
1397778374.438	n	10.9083	3.63486	0.819	32.4035
1397778374.499	n	10.9082	3.63485	0.811	32.4035
1397778374.563	n	10.9082	3.63484	0.805	32.4034
1397778374.626	n	10.9081	3.63483	0.797	32.4034
1397778374.688	n	10.9080	3.63482	0.790	32.4034
1397778374.750	n	10.9078	3.63481	0.776	32.4035
1397778374.814	n	10.9078	3.63482	0.767	32.4036
1397778374.875	n	10.9078	3.63483	0.757	32.4037
1397778374.939	n	10.9079	3.63485	0.742	32.4038
1397778375.000	n	10.9081	3.63486	0.735	32.4037
1397778375.197	y	10.9083	3.63487	0.723	32.4037
1397778375.207	n	10.9085	3.63488	0.709	32.4036
1397778375.213	n	10.9087	3.63489	0.698	32.4035
1397778375.251	n	10.9089	3.63489	0.688	32.4034
1397778375.313	n	10.9091	3.63490	0.679	32.4033
1397778375.375	n	10.9091	3.63489	0.665	32.4032
1397778375.439	n	10.9091	3.63489	0.651	32.4032
1397778375.500	n	10.9091	3.63488	0.643	32.4031
1397778375.564	n	10.9093	3.63488	0.632	32.4029
1397778375.625	n	10.9097	3.63487	0.627	32.4025
1397778375.693	n	10.9100	3.63486	0.622	32.4021
1397778375.761	n	10.9103	3.63486	0.617	32.4019
1397778375.812	n	10.9103	3.63486	0.613	32.4019
1397778375.883	y	10.9101	3.63486	0.613	32.4020
1397778375.940	n	10.9100	3.63486	0.607	32.4021
1397778376.002	n	10.9099	3.63487	0.607	32.4023
1397778376.063	n	10.9098	3.63487	0.605	32.4024
1397778376.125	n	10.9096	3.63488	0.608	32.4026
1397778376.187	n	10.9094	3.63488	0.603	32.4028
1397778376.251	n	10.9092	3.63487	0.605	32.4029
1397778376.312	n	10.9090	3.63487	0.608	32.4030
1397778376.376	n	10.9086	3.63485	0.611	32.4032
1397778376.439	n	10.9080	3.63483	0.615	32.4036
1397778376.500	n	10.9072	3.63479	0.620	32.4039
1397778376.562	n	10.9063	3.63476	0.623	32.4043
1397778376.626	n	10.9056	3.63472	0.625	32.4047
