Source File: D:\Storage\Programs\OOI\Group 5\Correspondence\07_18_14 sample files\files\11079712.PPB
Processed: 07/18/2014 12:27:38
Using Version: 1.11
Device: CTD
Start Date: 04/17/2014
Timestamp (s)	Suspect Timestamp	Temperature	Conductivity	Pressure	Salinity
1397776703.684	y	9.8319	3.58847	22.963	32.8947
1397776703.747	n	9.8357	3.58852	22.976	32.8918
1397776703.809	n	9.8387	3.58849	22.982	32.8888
1397776703.870	n	9.8357	3.58847	22.963	32.8913
1397776703.933	n	9.8387	3.58853	22.976	32.8892
1397776703.996	n	9.8417	3.58847	23.006	32.8858
1397776704.058	n	9.8424	3.58854	23.014	32.8858
1397776704.122	n	9.8395	3.58851	22.982	32.8883
1397776704.184	n	9.8407	3.58852	22.992	32.8872
1397776704.247	n	9.8416	3.58852	22.996	32.8864
1397776704.311	n	9.8423	3.58852	23.006	32.8858
1397776704.372	n	9.8429	3.58852	23.014	32.8853
1397776704.437	n	9.8433	3.58853	23.018	32.8849
1397776704.498	n	9.8437	3.58852	23.025	32.8845
1397776704.560	n	9.8440	3.58852	23.033	32.8842
1397776704.623	n	9.8442	3.58851	23.040	32.8839
1397776704.684	n	9.8441	3.58850	23.043	32.8840
1397776704.750	n	9.8429	3.58850	23.048	32.8850
1397776704.810	n	9.8408	3.58850	23.062	32.8869
1397776704.871	n	9.8380	3.58849	23.067	32.8893
1397776704.935	n	9.8350	3.58848	23.071	32.8919
1397776704.998	n	9.8327	3.58848	23.077	32.8941
1397776705.059	n	9.8310	3.58848	23.084	32.8956
1397776705.124	n	9.8299	3.58848	23.092	32.8967
1397776705.188	n	9.8288	3.58847	23.098	32.8976
1397776705.821	n	9.8276	3.58846	23.104	32.8985
1397776705.834	n	9.8265	3.58845	23.110	32.8995
1397776705.857	n	9.8254	3.58846	23.116	32.9005
1397776705.866	n	9.8246	3.58846	23.118	32.9013
1397776705.874	n	9.8241	3.58846	23.124	32.9018
1397776705.881	n	9.8237	3.58847	23.128	32.9021
1397776705.888	n	9.8235	3.58846	23.133	32.9022
1397776705.895	n	9.8235	3.58845	23.137	32.9022
1397776705.902	n	9.8236	3.58845	23.141	32.9021
1397776705.909	n	9.8240	3.58845	23.147	32.9016
1397776705.915	n	9.8250	3.58845	23.149	32.9007
1397776705.936	n	9.8268	3.58845	23.155	32.8992
1397776705.997	n	9.8291	3.58845	23.157	32.8970
1397776706.060	n	9.8317	3.58845	23.161	32.8947
1397776706.123	n	9.8341	3.58846	23.167	32.8926
1397776706.188	n	9.8360	3.58848	23.167	32.8910
1397776706.246	n	9.8373	3.58849	23.170	32.8899
1397776706.312	n	9.8381	3.58849	23.173	32.8892
1397776706.374	n	9.8387	3.58849	23.176	32.8886
1397776706.437	n	9.8395	3.58848	23.177	32.8878
1397776706.498	n	9.8408	3.58847	23.178	32.8866
1397776706.561	n	9.8426	3.58848	23.180	32.8850
1397776706.621	n	9.8448	3.58850	23.183	32.8832
1397776706.687	n	9.8471	3.58851	23.185	32.8813
1397776706.748	n	9.8493	3.58852	23.187	32.8793
1397776706.810	n	9.8512	3.58852	23.189	32.8775
1397776706.873	n	9.8528	3.58851	23.189	32.8760
1397776706.937	n	9.8541	3.58851	23.192	32.8747
1397776706.997	n	9.8550	3.58852	23.193	32.8740
1397776707.059	n	9.8556	3.58853	23.194	32.8736
1397776707.122	n	9.8559	3.58853	23.190	32.8733
1397776707.189	n	9.8561	3.58853	23.192	32.8731
1397776707.258	n	9.8563	3.58852	23.193	32.8730
1397776707.310	n	9.8563	3.58852	23.196	32.8728
1397776707.373	n	9.8563	3.58852	23.195	32.8728
1397776707.436	n	9.8563	3.58852	23.196	32.8730
1397776707.500	n	9.8561	3.58852	23.196	32.8732
1397776707.560	n	9.8558	3.58853	23.196	32.8734
1397776707.623	n	9.8556	3.58853	23.196	32.8737
1397776707.686	n	9.8554	3.58854	23.198	32.8739
1397776707.746	n	9.8552	3.58854	23.196	32.8741
1397776707.812	n	9.8550	3.58854	23.197	32.8742
1397776707.873	n	9.8549	3.58853	23.197	32.8743
1397776707.936	n	9.8547	3.58852	23.195	32.8744
1397776708.000	n	9.8546	3.58852	23.197	32.8745
1397776708.060	n	9.8545	3.58853	23.197	32.8746
1397776708.123	n	9.8545	3.58853	23.197	32.8746
1397776708.188	n	9.8545	3.58853	23.192	32.8747
1397776708.252	n	9.8545	3.58854	23.196	32.8748
1397776708.308	n	9.8545	3.58855	23.194	32.8749
1397776708.371	n	9.8545	3.58857	23.196	32.8751
1397776708.434	n	9.8544	3.58858	23.195	32.8752
1397776708.500	n	9.8544	3.58858	23.193	32.8753
1397776708.561	n	9.8543	3.58858	23.192	32.8754
1397776708.621	n	9.8543	3.58858	23.193	32.8753
1397776708.687	n	9.8542	3.58858	23.191	32.8754
1397776708.747	n	9.8541	3.58859	23.193	32.8757
1397776708.811	n	9.8540	3.58861	23.193	32.8759
1397776708.871	n	9.8539	3.58863	23.191	32.8762
1397776708.934	n	9.8539	3.58865	23.192	32.8764
1397776708.998	n	9.8538	3.58865	23.195	32.8765
1397776709.061	n	9.8538	3.58866	23.191	32.8767
1397776709.121	n	9.8537	3.58869	23.189	32.8770
1397776709.186	n	9.8536	3.58871	23.191	32.8773
1397776709.297	y	9.8535	3.58874	23.189	32.8777
1397776709.314	y	9.8533	3.58877	23.188	32.8781
1397776709.482	n	9.8532	3.58879	23.188	32.8784
1397776709.490	n	9.8532	3.58881	23.191	32.8788
1397776709.498	n	9.8531	3.58884	23.189	32.8791
1397776709.558	n	9.8530	3.58887	23.191	32.8795
1397776709.624	n	9.8529	3.58891	23.187	32.8800
1397776709.687	n	9.8528	3.58895	23.190	32.8805
1397776709.746	n	9.8526	3.58897	23.188	32.8809
1397776709.810	n	9.8525	3.58899	23.188	32.8812
1397776709.873	n	9.8524	3.58900	23.189	32.8814
1397776709.935	n	9.8523	3.58902	23.184	32.8817
1397776710.000	n	9.8521	3.58904	23.186	32.8820
1397776710.061	n	9.8519	3.58908	23.181	32.8825
1397776710.121	n	9.8518	3.58911	23.181	32.8831
1397776710.187	n	9.8516	3.58914	23.181	32.8835
1397776710.248	n	9.8514	3.58916	23.181	32.8839
1397776710.314	n	9.8513	3.58919	23.179	32.8843
1397776710.373	n	9.8511	3.58921	23.179	32.8847
1397776710.436	n	9.8509	3.58924	23.175	32.8852
1397776710.496	n	9.8507	3.58927	23.176	32.8857
1397776710.559	n	9.8505	3.58929	23.173	32.8860
1397776710.622	n	9.8503	3.58930	23.175	32.8863
1397776710.688	n	9.8502	3.58931	23.174	32.8866
1397776710.748	n	9.8500	3.58932	23.172	32.8868
1397776710.812	n	9.8499	3.58935	23.169	32.8872
1397776710.874	n	9.8498	3.58937	23.168	32.8875
1397776710.933	n	9.8496	3.58938	23.168	32.8878
1397776710.997	n	9.8495	3.58939	23.165	32.8880
1397776711.059	n	9.8494	3.58941	23.163	32.8882
1397776711.121	n	9.8493	3.58943	23.160	32.8886
1397776711.187	n	9.8493	3.58947	23.161	32.8890
1397776711.248	n	9.8492	3.58950	23.158	32.8894
1397776711.317	n	9.8491	3.58951	23.153	32.8896
1397776711.373	n	9.8490	3.58953	23.152	32.8899
1397776711.437	n	9.8489	3.58954	23.149	32.8900
1397776711.502	n	9.8488	3.58956	23.148	32.8903
1397776711.560	n	9.8488	3.58958	23.145	32.8905
1397776711.623	n	9.8487	3.58960	23.141	32.8908
1397776711.687	n	9.8487	3.58961	23.140	32.8910
1397776711.747	n	9.8486	3.58962	23.137	32.8912
1397776711.810	n	9.8485	3.58963	23.134	32.8913
1397776711.873	n	9.8484	3.58964	23.129	32.8916
1397776711.936	n	9.8482	3.58965	23.127	32.8918
1397776711.996	n	9.8481	3.58967	23.120	32.8921
1397776712.064	n	9.8481	3.58968	23.118	32.8923
1397776712.121	n	9.8480	3.58970	23.115	32.8925
1397776712.189	n	9.8479	3.58971	23.111	32.8927
1397776712.248	n	9.8479	3.58973	23.105	32.8929
1397776712.320	n	9.8478	3.58975	23.103	32.8932
1397776712.373	n	9.8477	3.58977	23.102	32.8935
1397776712.437	n	9.8476	3.58978	23.099	32.8937
1397776712.498	n	9.8475	3.58979	23.093	32.8938
1397776712.560	n	9.8475	3.58980	23.088	32.8940
1397776712.621	n	9.8475	3.58981	23.081	32.8942
1397776712.686	n	9.8474	3.58983	23.076	32.8944
1397776712.748	n	9.8474	3.58985	23.072	32.8946
1397776712.828	n	9.8474	3.58986	23.066	32.8947
1397776712.872	y	9.8474	3.58987	23.062	32.8948
1397776712.964	n	9.8474	3.58989	23.056	32.8951
1397776712.997	n	9.8473	3.58991	23.052	32.8953
1397776713.060	n	9.8473	3.58992	23.044	32.8955
1397776713.123	n	9.8472	3.58993	23.041	32.8956
1397776713.186	n	9.8470	3.58993	23.036	32.8958
1397776713.248	n	9.8469	3.58995	23.026	32.8960
1397776713.343	n	9.8469	3.58996	23.021	32.8962
1397776713.371	y	9.8469	3.58997	23.016	32.8964
1397776713.434	n	9.8469	3.58999	23.006	32.8966
1397776713.499	n	9.8468	3.59001	23.003	32.8968
1397776713.707	y	9.8467	3.59003	22.997	32.8971
1397776713.715	n	9.8467	3.59004	22.988	32.8973
1397776713.720	n	9.8466	3.59005	22.979	32.8974
1397776713.749	n	9.8466	3.59006	22.970	32.8976
1397776713.810	n	9.8465	3.59007	22.961	32.8977
1397776713.872	n	9.8465	3.59008	22.952	32.8979
1397776713.934	n	9.8465	3.59009	22.945	32.8980
1397776713.998	n	9.8464	3.59011	22.937	32.8982
1397776714.059	n	9.8464	3.59012	22.926	32.8984
1397776714.122	n	9.8463	3.59014	22.915	32.8987
1397776714.186	n	9.8462	3.59016	22.909	32.8989
1397776714.249	n	9.8461	3.59017	22.897	32.8991
1397776714.311	n	9.8460	3.59017	22.890	32.8992
1397776714.372	n	9.8460	3.59016	22.878	32.8991
1397776714.436	n	9.8460	3.59017	22.867	32.8992
1397776714.497	n	9.8460	3.59018	22.861	32.8994
1397776714.560	n	9.8459	3.59020	22.853	32.8996
1397776714.622	n	9.8459	3.59022	22.842	32.8999
1397776714.685	n	9.8458	3.59023	22.836	32.9001
1397776714.757	n	9.8458	3.59023	22.825	32.9000
1397776714.810	n	9.8457	3.59022	22.816	32.9000
1397776714.873	n	9.8457	3.59021	22.808	32.9000
1397776714.936	n	9.8457	3.59021	22.795	32.9000
1397776714.996	n	9.8456	3.59021	22.791	32.9001
1397776715.058	n	9.8456	3.59022	22.781	32.9002
1397776715.123	n	9.8456	3.59023	22.772	32.9002
1397776715.187	n	9.8457	3.59024	22.760	32.9003
1397776715.248	n	9.8457	3.59024	22.750	32.9002
1397776715.309	n	9.8457	3.59023	22.745	32.9002
1397776715.372	n	9.8457	3.59023	22.736	32.9002
1397776715.435	n	9.8457	3.59023	22.724	32.9002
1397776715.497	n	9.8457	3.59023	22.718	32.9001
1397776715.559	n	9.8458	3.59022	22.708	32.9001
1397776715.622	n	9.8458	3.59022	22.699	32.9000
1397776715.686	n	9.8459	3.59021	22.694	32.8998
1397776715.746	n	9.8459	3.59021	22.685	32.8998
1397776715.809	n	9.8459	3.59021	22.673	32.8998
1397776715.872	n	9.8459	3.59021	22.665	32.8998
1397776715.935	n	9.8459	3.59021	22.657	32.8998
1397776715.998	n	9.8460	3.59020	22.649	32.8997
1397776716.059	n	9.8460	3.59019	22.638	32.8996
1397776716.121	n	9.8461	3.59018	22.631	32.8994
1397776716.184	n	9.8462	3.59018	22.624	32.8993
1397776716.246	n	9.8462	3.59016	22.616	32.8991
1397776716.310	n	9.8462	3.59015	22.610	32.8989
1397776716.371	n	9.8462	3.59014	22.598	32.8989
1397776716.436	n	9.8462	3.59014	22.592	32.8989
1397776716.498	n	9.8463	3.59014	22.584	32.8988
1397776716.559	y	9.8464	3.59015	22.575	32.8988
1397776716.623	n	9.8465	3.59015	22.567	32.8987
1397776716.685	n	9.8466	3.59013	22.560	32.8984
1397776716.746	n	9.8466	3.59012	22.554	32.8983
1397776716.810	n	9.8467	3.59011	22.545	32.8982
1397776716.873	n	9.8468	3.59011	22.538	32.8980
1397776716.936	n	9.8468	3.59011	22.530	32.8980
1397776716.997	n	9.8470	3.59010	22.524	32.8978
1397776717.059	n	9.8471	3.59009	22.519	32.8976
1397776717.122	n	9.8472	3.59008	22.511	32.8973
1397776717.187	n	9.8474	3.59007	22.502	32.8971
1397776717.247	n	9.8476	3.59007	22.493	32.8970
1397776717.309	n	9.8478	3.59008	22.488	32.8969
1397776717.372	n	9.8480	3.59009	22.482	32.8968
1397776717.435	n	9.8482	3.59009	22.472	32.8966
1397776717.498	n	9.8484	3.59009	22.467	32.8963
1397776717.559	n	9.8487	3.59007	22.460	32.8960
1397776717.623	n	9.8490	3.59007	22.454	32.8956
1397776717.684	n	9.8493	3.59006	22.445	32.8954
1397776717.748	n	9.8496	3.59006	22.436	32.8950
1397776717.911	y	9.8499	3.59006	22.434	32.8947
1397776717.918	n	9.8503	3.59006	22.427	32.8944
1397776717.936	n	9.8507	3.59005	22.416	32.8939
1397776717.998	n	9.8511	3.59004	22.411	32.8935
1397776718.060	n	9.8515	3.59004	22.407	32.8931
1397776718.121	n	9.8519	3.59003	22.397	32.8926
1397776718.185	n	9.8524	3.59003	22.389	32.8922
1397776718.247	n	9.8529	3.59004	22.380	32.8918
1397776718.310	n	9.8534	3.59004	22.372	32.8913
1397776718.371	n	9.8540	3.59004	22.365	32.8909
1397776718.434	n	9.8545	3.59004	22.356	32.8904
1397776718.498	n	9.8550	3.59004	22.350	32.8899
1397776718.560	n	9.8555	3.59004	22.342	32.8894
1397776718.621	n	9.8560	3.59003	22.337	32.8889
1397776718.686	n	9.8566	3.59002	22.325	32.8883
1397776718.747	n	9.8571	3.59000	22.318	32.8877
1397776718.809	n	9.8577	3.59000	22.307	32.8871
1397776718.871	n	9.8583	3.59001	22.297	32.8866
1397776718.935	n	9.8589	3.59001	22.290	32.8861
1397776718.997	n	9.8595	3.59001	22.281	32.8855
1397776719.060	n	9.8602	3.59002	22.268	32.8850
1397776719.122	n	9.8608	3.59002	22.260	32.8845
1397776719.185	n	9.8613	3.59001	22.247	32.8839
1397776719.247	n	9.8619	3.59001	22.235	32.8834
1397776719.309	n	9.8624	3.58999	22.229	32.8827
1397776719.372	n	9.8631	3.58998	22.217	32.8821
1397776719.434	n	9.8637	3.58997	22.208	32.8814
1397776719.498	n	9.8642	3.58997	22.196	32.8808
1397776719.559	n	9.8648	3.58997	22.183	32.8803
1397776719.622	n	9.8654	3.58997	22.176	32.8798
1397776719.686	n	9.8659	3.58996	22.160	32.8793
1397776719.747	n	9.8665	3.58996	22.146	32.8787
1397776719.809	n	9.8670	3.58995	22.135	32.8782
1397776719.871	n	9.8676	3.58995	22.121	32.8777
1397776719.934	n	9.8681	3.58995	22.109	32.8772
1397776719.998	n	9.8686	3.58994	22.093	32.8766
1397776720.060	n	9.8691	3.58993	22.080	32.8761
1397776720.123	n	9.8697	3.58993	22.068	32.8756
1397776720.255	y	9.8702	3.58994	22.050	32.8751
1397776720.261	n	9.8708	3.58995	22.034	32.8747
1397776720.309	n	9.8713	3.58995	22.023	32.8743
1397776720.372	n	9.8719	3.58994	22.007	32.8737
1397776720.434	n	9.8725	3.58995	21.993	32.8732
1397776720.498	n	9.8730	3.58995	21.978	32.8727
1397776720.560	n	9.8736	3.58994	21.960	32.8721
1397776720.622	n	9.8742	3.58993	21.947	32.8715
1397776720.686	n	9.8748	3.58991	21.929	32.8708
1397776720.747	n	9.8754	3.58990	21.913	32.8701
1397776720.809	n	9.8760	3.58989	21.894	32.8695
1397776720.871	n	9.8766	3.58989	21.877	32.8689
1397776720.935	n	9.8772	3.58988	21.862	32.8683
1397776720.998	n	9.8778	3.58987	21.840	32.8676
1397776721.060	n	9.8785	3.58987	21.821	32.8670
1397776721.123	n	9.8791	3.58987	21.802	32.8665
1397776721.186	n	9.8797	3.58987	21.783	32.8659
1397776721.248	n	9.8803	3.58987	21.766	32.8654
1397776721.311	n	9.8809	3.58987	21.748	32.8649
1397776721.373	n	9.8815	3.58987	21.725	32.8643
1397776721.434	n	9.8822	3.58986	21.706	32.8637
1397776721.497	n	9.8828	3.58986	21.687	32.8630
1397776721.560	n	9.8835	3.58986	21.670	32.8624
1397776721.622	n	9.8842	3.58986	21.650	32.8618
1397776721.684	n	9.8848	3.58986	21.623	32.8612
1397776721.747	n	9.8855	3.58985	21.605	32.8606
1397776721.809	n	9.8861	3.58984	21.582	32.8599
1397776721.871	n	9.8868	3.58984	21.564	32.8592
1397776721.936	n	9.8875	3.58983	21.547	32.8586
1397776721.998	n	9.8882	3.58984	21.524	32.8580
1397776722.219	y	9.8889	3.58984	21.501	32.8574
1397776722.227	n	9.8896	3.58984	21.483	32.8568
1397776722.234	n	9.8903	3.58984	21.461	32.8561
1397776722.247	n	9.8910	3.58984	21.439	32.8554
1397776722.312	n	9.8917	3.58984	21.416	32.8548
1397776722.371	n	9.8924	3.58983	21.394	32.8540
1397776722.435	n	9.8931	3.58981	21.372	32.8533
1397776722.498	n	9.8938	3.58980	21.349	32.8526
1397776722.559	n	9.8946	3.58979	21.328	32.8517
1397776722.622	n	9.8955	3.58979	21.302	32.8509
1397776722.686	n	9.8964	3.58979	21.280	32.8502
1397776722.747	n	9.8973	3.58981	21.257	32.8495
1397776722.809	n	9.8983	3.58981	21.234	32.8487
1397776722.872	n	9.8992	3.58981	21.210	32.8478
1397776722.936	n	9.9002	3.58980	21.191	32.8468
1397776722.998	n	9.9012	3.58979	21.166	32.8458
1397776723.060	n	9.9023	3.58979	21.145	32.8448
1397776723.122	n	9.9035	3.58980	21.121	32.8438
1397776723.185	n	9.9047	3.58980	21.096	32.8427
1397776723.246	n	9.9059	3.58980	21.077	32.8416
1397776723.309	n	9.9072	3.58980	21.056	32.8405
1397776723.372	n	9.9086	3.58981	21.032	32.8393
1397776723.434	n	9.9099	3.58980	21.008	32.8381
1397776723.498	n	9.9113	3.58980	20.988	32.8368
1397776723.559	n	9.9127	3.58978	20.966	32.8354
1397776723.623	n	9.9140	3.58977	20.946	32.8341
1397776723.686	n	9.9154	3.58978	20.924	32.8329
1397776723.748	n	9.9168	3.58978	20.902	32.8317
1397776723.809	n	9.9182	3.58979	20.882	32.8305
1397776723.871	y	9.9196	3.58979	20.861	32.8292
1397776723.935	n	9.9211	3.58979	20.840	32.8278
1397776723.996	n	9.9226	3.58979	20.818	32.8265
1397776724.060	n	9.9240	3.58979	20.800	32.8252
1397776724.123	n	9.9254	3.58980	20.784	32.8241
1397776724.186	n	9.9268	3.58980	20.763	32.8228
1397776724.247	n	9.9282	3.58980	20.741	32.8215
1397776724.309	n	9.9296	3.58979	20.726	32.8202
1397776724.373	n	9.9310	3.58979	20.709	32.8189
1397776724.436	n	9.9325	3.58979	20.691	32.8176
1397776724.497	n	9.9339	3.58980	20.672	32.8163
1397776724.560	n	9.9354	3.58980	20.658	32.8150
1397776724.622	n	9.9370	3.58980	20.641	32.8136
1397776724.684	n	9.9385	3.58979	20.624	32.8121
1397776724.749	n	9.9402	3.58979	20.609	32.8106
1397776724.809	n	9.9418	3.58979	20.592	32.8091
1397776724.871	n	9.9435	3.58979	20.578	32.8076
1397776724.936	n	9.9452	3.58979	20.566	32.8061
1397776724.997	n	9.9470	3.58980	20.549	32.8045
1397776725.061	n	9.9488	3.58980	20.538	32.8029
1397776725.121	n	9.9507	3.58980	20.524	32.8011
1397776725.186	n	9.9526	3.58979	20.507	32.7994
1397776725.248	n	9.9546	3.58979	20.496	32.7975
1397776725.309	n	9.9566	3.58979	20.485	32.7957
1397776725.373	n	9.9587	3.58980	20.471	32.7939
1397776725.435	n	9.9609	3.58981	20.459	32.7921
1397776725.497	n	9.9630	3.58981	20.446	32.7901
1397776725.560	n	9.9653	3.58980	20.434	32.7879
1397776725.623	n	9.9676	3.58980	20.427	32.7858
1397776725.685	n	9.9700	3.58980	20.413	32.7837
1397776725.747	n	9.9723	3.58981	20.399	32.7817
1397776725.809	n	9.9747	3.58981	20.393	32.7796
1397776725.872	n	9.9770	3.58981	20.387	32.7774
1397776725.937	n	9.9795	3.58981	20.376	32.7752
1397776726.030	y	9.9819	3.58981	20.368	32.7730
1397776726.060	n	9.9844	3.58982	20.357	32.7708
1397776726.122	n	9.9868	3.58982	20.349	32.7687
1397776726.186	n	9.9893	3.58983	20.338	32.7665
1397776726.247	n	9.9918	3.58983	20.332	32.7642
1397776726.492	y	9.9944	3.58984	20.324	32.7619
1397776726.508	n	9.9970	3.58984	20.316	32.7597
1397776726.514	n	9.9995	3.58985	20.308	32.7575
1397776726.519	n	10.0021	3.58986	20.298	32.7552
1397776726.559	n	10.0047	3.58987	20.293	32.7530
1397776726.623	n	10.0073	3.58987	20.291	32.7506
1397776726.685	n	10.0100	3.58988	20.284	32.7483
1397776726.747	n	10.0127	3.58988	20.275	32.7458
1397776726.810	n	10.0155	3.58989	20.266	32.7435
1397776726.872	n	10.0182	3.58990	20.260	32.7410
1397776726.934	n	10.0211	3.58990	20.256	32.7384
1397776726.997	n	10.0240	3.58990	20.251	32.7358
1397776727.059	n	10.0269	3.58991	20.243	32.7333
1397776727.124	n	10.0298	3.58992	20.240	32.7307
1397776727.186	n	10.0328	3.58994	20.231	32.7283
1397776727.246	n	10.0358	3.58997	20.223	32.7257
1397776727.310	n	10.0390	3.58998	20.214	32.7230
1397776727.372	n	10.0423	3.58998	20.211	32.7201
1397776727.435	n	10.0457	3.58998	20.206	32.7171
1397776727.528	y	10.0491	3.58999	20.198	32.7140
1397776727.560	n	10.0527	3.59000	20.191	32.7109
1397776727.622	n	10.0563	3.59001	20.184	32.7077
1397776727.684	n	10.0600	3.59002	20.177	32.7045
1397776727.748	n	10.0636	3.59003	20.171	32.7013
1397776727.811	n	10.0674	3.59003	20.162	32.6979
1397776727.873	n	10.0711	3.59004	20.156	32.6947
1397776727.935	n	10.0747	3.59005	20.148	32.6915
1397776727.996	n	10.0783	3.59007	20.140	32.6884
1397776728.059	n	10.0819	3.59008	20.135	32.6853
1397776728.123	n	10.0855	3.59010	20.127	32.6822
1397776728.187	n	10.0891	3.59010	20.120	32.6789
1397776728.246	n	10.0928	3.59010	20.113	32.6757
1397776728.309	n	10.0964	3.59010	20.107	32.6725
1397776728.372	n	10.0999	3.59011	20.098	32.6693
1397776728.435	n	10.1034	3.59012	20.093	32.6663
1397776728.496	n	10.1069	3.59013	20.082	32.6633
1397776728.559	n	10.1103	3.59014	20.073	32.6603
1397776728.623	n	10.1137	3.59016	20.064	32.6574
1397776728.686	n	10.1169	3.59018	20.055	32.6547
1397776728.747	n	10.1201	3.59019	20.046	32.6520
1397776728.810	n	10.1232	3.59020	20.036	32.6493
1397776728.872	n	10.1263	3.59021	20.026	32.6465
1397776728.937	n	10.1293	3.59021	20.020	32.6439
1397776728.997	n	10.1322	3.59022	20.008	32.6413
1397776729.060	n	10.1351	3.59022	20.000	32.6387
1397776729.123	n	10.1379	3.59023	19.988	32.6363
1397776729.187	n	10.1406	3.59024	19.979	32.6340
1397776729.248	n	10.1432	3.59025	19.968	32.6318
1397776729.310	n	10.1457	3.59026	19.956	32.6296
1397776729.371	n	10.1482	3.59027	19.947	32.6275
1397776729.434	n	10.1506	3.59027	19.938	32.6253
1397776729.498	n	10.1531	3.59028	19.929	32.6232
1397776729.560	n	10.1554	3.59028	19.917	32.6211
1397776729.622	n	10.1577	3.59029	19.902	32.6191
1397776729.685	n	10.1599	3.59029	19.892	32.6171
1397776729.747	n	10.1622	3.59030	19.878	32.6152
1397776729.809	n	10.1643	3.59031	19.867	32.6134
1397776729.872	n	10.1665	3.59032	19.856	32.6116
1397776729.935	n	10.1685	3.59034	19.842	32.6099
1397776729.999	n	10.1705	3.59035	19.829	32.6082
1397776730.059	n	10.1726	3.59035	19.813	32.6065
1397776730.122	n	10.1746	3.59035	19.797	32.6046
1397776730.186	n	10.1765	3.59034	19.786	32.6028
1397776730.247	n	10.1785	3.59034	19.771	32.6010
1397776730.310	n	10.1804	3.59033	19.754	32.5992
1397776730.372	n	10.1823	3.59034	19.739	32.5976
1397776730.435	n	10.1841	3.59035	19.723	32.5961
1397776730.498	n	10.1860	3.59036	19.710	32.5945
1397776730.672	y	10.1878	3.59037	19.692	32.5929
1397776730.680	n	10.1896	3.59038	19.678	32.5914
1397776730.692	n	10.1915	3.59039	19.662	32.5899
1397776730.746	n	10.1933	3.59040	19.645	32.5884
1397776730.809	n	10.1951	3.59042	19.626	32.5868
1397776730.873	n	10.1970	3.59043	19.612	32.5853
1397776730.935	n	10.1988	3.59044	19.598	32.5838
1397776730.996	n	10.2007	3.59044	19.578	32.5821
1397776731.059	n	10.2025	3.59043	19.562	32.5804
1397776731.122	n	10.2044	3.59043	19.546	32.5787
1397776731.232	y	10.2063	3.59044	19.526	32.5771
1397776731.247	n	10.2081	3.59046	19.508	32.5756
1397776731.309	n	10.2099	3.59047	19.490	32.5742
1397776731.372	n	10.2117	3.59048	19.472	32.5727
1397776731.435	n	10.2135	3.59048	19.454	32.5710
1397776731.497	n	10.2153	3.59047	19.437	32.5693
1397776731.560	n	10.2171	3.59048	19.419	32.5678
1397776731.622	n	10.2188	3.59049	19.399	32.5664
1397776731.689	n	10.2205	3.59051	19.381	32.5651
1397776731.748	n	10.2222	3.59053	19.361	32.5638
1397776731.810	n	10.2238	3.59056	19.340	32.5626
1397776731.872	n	10.2254	3.59057	19.325	32.5613
1397776731.936	n	10.2270	3.59058	19.303	32.5600
1397776731.997	n	10.2286	3.59058	19.282	32.5586
1397776732.060	n	10.2301	3.59057	19.263	32.5571
1397776732.121	n	10.2317	3.59057	19.243	32.5557
1397776732.186	n	10.2333	3.59058	19.223	32.5543
1397776732.249	n	10.2349	3.59059	19.201	32.5530
1397776732.309	n	10.2364	3.59059	19.179	32.5517
1397776732.372	n	10.2379	3.59059	19.159	32.5504
1397776732.434	n	10.2395	3.59060	19.139	32.5491
1397776732.498	n	10.2410	3.59061	19.120	32.5478
1397776732.560	n	10.2426	3.59062	19.098	32.5465
1397776732.621	n	10.2443	3.59064	19.080	32.5452
1397776732.684	n	10.2459	3.59064	19.059	32.5438
1397776732.748	n	10.2476	3.59063	19.039	32.5422
1397776732.810	n	10.2493	3.59064	19.019	32.5407
1397776732.871	n	10.2510	3.59063	18.996	32.5392
1397776732.936	n	10.2527	3.59064	18.973	32.5377
1397776732.997	n	10.2544	3.59066	18.954	32.5363
1397776733.060	n	10.2562	3.59068	18.936	32.5349
1397776733.122	n	10.2581	3.59069	18.911	32.5334
1397776733.186	n	10.2599	3.59071	18.891	32.5319
1397776733.248	n	10.2618	3.59073	18.870	32.5305
1397776733.309	n	10.2638	3.59075	18.854	32.5289
1397776733.373	n	10.2657	3.59076	18.833	32.5273
1397776733.434	n	10.2678	3.59078	18.812	32.5256
1397776733.498	n	10.2699	3.59078	18.792	32.5238
1397776733.559	n	10.2720	3.59080	18.773	32.5221
1397776733.623	n	10.2740	3.59081	18.755	32.5204
1397776733.685	n	10.2761	3.59083	18.734	32.5187
1397776733.746	n	10.2782	3.59084	18.715	32.5170
1397776733.810	n	10.2802	3.59086	18.695	32.5153
1397776733.872	n	10.2823	3.59086	18.676	32.5135
1397776733.935	n	10.2845	3.59087	18.657	32.5117
1397776733.996	n	10.2866	3.59088	18.642	32.5099
1397776734.059	n	10.2888	3.59090	18.618	32.5080
1397776734.122	n	10.2911	3.59092	18.599	32.5062
1397776734.186	n	10.2933	3.59094	18.584	32.5044
1397776734.247	n	10.2956	3.59095	18.564	32.5025
1397776734.309	n	10.2979	3.59096	18.545	32.5006
1397776734.372	n	10.3001	3.59098	18.529	32.4988
1397776734.434	n	10.3023	3.59099	18.508	32.4970
1397776734.498	n	10.3045	3.59100	18.491	32.4951
1397776734.560	n	10.3068	3.59102	18.478	32.4933
1397776734.622	n	10.3091	3.59103	18.461	32.4913
1397776734.685	n	10.3115	3.59105	18.442	32.4894
1397776734.746	n	10.3139	3.59106	18.426	32.4874
1397776734.901	y	10.3162	3.59107	18.407	32.4853
1397776734.990	y	10.3185	3.59108	18.390	32.4835
1397776734.997	n	10.3207	3.59111	18.375	32.4818
1397776735.003	n	10.3228	3.59113	18.362	32.4800
1397776735.061	n	10.3249	3.59115	18.347	32.4784
1397776735.121	n	10.3269	3.59117	18.332	32.4768
1397776735.185	n	10.3290	3.59119	18.321	32.4752
1397776735.247	n	10.3309	3.59120	18.307	32.4736
1397776735.309	n	10.3329	3.59122	18.291	32.4720
1397776735.372	n	10.3349	3.59123	18.277	32.4703
1397776735.436	n	10.3369	3.59125	18.267	32.4687
1397776735.497	n	10.3389	3.59126	18.255	32.4671
1397776735.560	n	10.3410	3.59128	18.240	32.4654
1397776735.622	n	10.3430	3.59130	18.228	32.4638
1397776735.685	n	10.3451	3.59132	18.216	32.4622
1397776735.747	n	10.3471	3.59134	18.203	32.4606
1397776735.810	n	10.3490	3.59135	18.192	32.4589
1397776735.872	n	10.3509	3.59137	18.179	32.4574
1397776735.934	n	10.3528	3.59139	18.168	32.4560
1397776735.997	n	10.3547	3.59142	18.161	32.4546
1397776736.060	n	10.3565	3.59145	18.148	32.4532
1397776736.121	n	10.3584	3.59148	18.137	32.4519
1397776736.186	n	10.3603	3.59150	18.123	32.4504
1397776736.247	n	10.3623	3.59152	18.117	32.4488
1397776736.309	n	10.3643	3.59154	18.108	32.4473
1397776736.372	n	10.3663	3.59156	18.097	32.4457
1397776736.434	n	10.3685	3.59159	18.088	32.4440
1397776736.497	n	10.3708	3.59161	18.078	32.4422
1397776736.559	n	10.3732	3.59163	18.069	32.4402
1397776736.622	n	10.3757	3.59165	18.059	32.4381
1397776736.686	n	10.3783	3.59166	18.050	32.4360
1397776736.747	n	10.3808	3.59169	18.040	32.4340
1397776736.809	n	10.3833	3.59172	18.030	32.4321
1397776736.872	n	10.3857	3.59174	18.024	32.4302
1397776736.935	n	10.3880	3.59177	18.014	32.4284
1397776736.997	n	10.3903	3.59180	18.004	32.4267
1397776737.059	n	10.3925	3.59182	17.998	32.4249
1397776737.123	n	10.3947	3.59184	17.989	32.4232
1397776737.186	n	10.3968	3.59188	17.985	32.4217
1397776737.247	n	10.3989	3.59191	17.980	32.4202
1397776737.309	n	10.4009	3.59194	17.970	32.4187
1397776737.373	n	10.4029	3.59197	17.963	32.4172
1397776737.435	n	10.4048	3.59200	17.953	32.4158
1397776737.497	n	10.4069	3.59204	17.947	32.4144
1397776737.559	n	10.4089	3.59209	17.939	32.4130
1397776737.621	n	10.4110	3.59212	17.935	32.4115
1397776737.684	n	10.4131	3.59216	17.927	32.4100
1397776737.748	n	10.4153	3.59219	17.918	32.4084
1397776737.811	n	10.4175	3.59223	17.912	32.4068
1397776737.873	n	10.4198	3.59228	17.908	32.4052
1397776737.935	n	10.4222	3.59232	17.900	32.4036
1397776737.996	n	10.4245	3.59236	17.894	32.4019
1397776738.060	n	10.4268	3.59240	17.888	32.4002
1397776738.123	n	10.4291	3.59244	17.881	32.3985
1397776738.186	n	10.4315	3.59248	17.877	32.3968
1397776738.247	n	10.4339	3.59254	17.868	32.3952
1397776738.309	n	10.4364	3.59259	17.862	32.3936
1397776738.375	y	10.4388	3.59265	17.858	32.3920
1397776738.435	n	10.4414	3.59270	17.850	32.3903
1397776738.496	n	10.4439	3.59276	17.843	32.3886
1397776738.560	n	10.4464	3.59281	17.835	32.3869
1397776738.623	n	10.4489	3.59287	17.828	32.3853
1397776738.686	n	10.4512	3.59292	17.821	32.3838
1397776738.747	n	10.4534	3.59299	17.816	32.3825
1397776738.809	n	10.4555	3.59306	17.810	32.3813
1397776738.873	n	10.4574	3.59312	17.801	32.3803
1397776738.935	n	10.4591	3.59319	17.793	32.3794
1397776738.999	n	10.4606	3.59325	17.787	32.3787
1397776739.151	y	10.4620	3.59331	17.780	32.3781
1397776739.158	n	10.4632	3.59338	17.775	32.3777
1397776739.186	n	10.4643	3.59346	17.768	32.3775
1397776739.247	n	10.4654	3.59353	17.762	32.3772
1397776739.309	n	10.4666	3.59360	17.753	32.3769
1397776739.371	n	10.4677	3.59367	17.748	32.3766
1397776739.435	n	10.4689	3.59374	17.739	32.3763
1397776739.498	n	10.4700	3.59381	17.733	32.3760
1397776739.560	n	10.4711	3.59389	17.722	32.3758
1397776739.622	n	10.4723	3.59397	17.719	32.3755
1397776739.687	n	10.4736	3.59404	17.713	32.3750
1397776739.747	n	10.4749	3.59411	17.706	32.3746
1397776739.810	n	10.4763	3.59419	17.701	32.3742
1397776739.873	n	10.4776	3.59426	17.692	32.3737
1397776739.935	n	10.4790	3.59435	17.682	32.3734
1397776739.999	n	10.4804	3.59443	17.672	32.3730
1397776740.060	n	10.4817	3.59451	17.666	32.3726
1397776740.122	n	10.4830	3.59459	17.656	32.3722
1397776740.188	n	10.4844	3.59467	17.649	32.3718
1397776740.246	n	10.4858	3.59475	17.642	32.3714
1397776740.309	n	10.4871	3.59483	17.631	32.3710
1397776740.373	n	10.4884	3.59491	17.623	32.3707
1397776740.435	n	10.4896	3.59500	17.616	32.3705
1397776740.496	n	10.4908	3.59508	17.607	32.3703
1397776740.559	n	10.4920	3.59518	17.598	32.3702
1397776740.622	n	10.4932	3.59527	17.590	32.3700
1397776740.688	n	10.4944	3.59535	17.583	32.3698
1397776740.748	n	10.4955	3.59544	17.574	32.3696
1397776740.810	n	10.4967	3.59553	17.564	32.3695
1397776740.872	n	10.4979	3.59561	17.558	32.3693
1397776740.936	n	10.4991	3.59570	17.549	32.3691
1397776740.998	n	10.5003	3.59578	17.539	32.3689
1397776741.059	n	10.5015	3.59587	17.528	32.3686
1397776741.123	n	10.5028	3.59595	17.518	32.3683
1397776741.185	n	10.5041	3.59603	17.511	32.3680
1397776741.249	n	10.5054	3.59611	17.501	32.3676
1397776741.309	n	10.5068	3.59619	17.489	32.3672
1397776741.373	n	10.5081	3.59627	17.480	32.3669
1397776741.489	y	10.5095	3.59635	17.470	32.3664
1397776741.498	n	10.5108	3.59644	17.461	32.3661
1397776741.560	n	10.5121	3.59652	17.446	32.3658
1397776741.622	n	10.5134	3.59660	17.438	32.3655
1397776741.684	n	10.5146	3.59669	17.423	32.3652
1397776741.747	n	10.5159	3.59676	17.410	32.3648
1397776741.810	n	10.5172	3.59684	17.400	32.3645
1397776741.872	n	10.5184	3.59692	17.389	32.3641
1397776741.934	n	10.5197	3.59698	17.374	32.3636
1397776741.997	n	10.5210	3.59704	17.362	32.3631
1397776742.059	n	10.5224	3.59712	17.351	32.3627
1397776742.122	n	10.5237	3.59719	17.337	32.3623
1397776742.194	y	10.5250	3.59726	17.326	32.3618
1397776742.247	n	10.5263	3.59733	17.316	32.3614
1397776742.310	n	10.5276	3.59740	17.306	32.3609
1397776742.372	n	10.5288	3.59747	17.290	32.3604
1397776742.435	n	10.5301	3.59753	17.278	32.3600
1397776742.498	n	10.5313	3.59759	17.264	32.3596
1397776742.560	n	10.5324	3.59765	17.253	32.3591
1397776742.623	n	10.5335	3.59771	17.238	32.3588
1397776742.685	n	10.5346	3.59778	17.228	32.3585
1397776742.748	n	10.5357	3.59784	17.217	32.3582
1397776742.809	n	10.5367	3.59791	17.202	32.3579
1397776742.871	n	10.5377	3.59798	17.188	32.3577
1397776742.935	n	10.5387	3.59804	17.176	32.3575
1397776742.999	n	10.5396	3.59810	17.165	32.3573
1397776743.060	n	10.5405	3.59816	17.148	32.3570
1397776743.122	n	10.5415	3.59821	17.132	32.3567
1397776743.187	n	10.5424	3.59826	17.118	32.3564
1397776743.248	n	10.5433	3.59833	17.105	32.3563
1397776743.383	y	10.5443	3.59840	17.091	32.3562
1397776743.389	n	10.5452	3.59847	17.076	32.3561
1397776743.436	n	10.5461	3.59854	17.062	32.3560
1397776743.498	n	10.5470	3.59860	17.046	32.3558
1397776743.559	n	10.5479	3.59865	17.033	32.3555
1397776743.623	n	10.5489	3.59872	17.018	32.3553
1397776743.685	n	10.5498	3.59879	17.001	32.3552
1397776743.748	n	10.5507	3.59885	16.987	32.3550
1397776743.809	n	10.5516	3.59891	16.970	32.3548
1397776743.872	n	10.5526	3.59898	16.955	32.3546
1397776743.936	n	10.5535	3.59903	16.939	32.3543
1397776743.997	n	10.5545	3.59909	16.927	32.3541
1397776744.060	n	10.5554	3.59915	16.912	32.3539
1397776744.123	n	10.5562	3.59920	16.896	32.3536
1397776744.187	n	10.5570	3.59925	16.880	32.3534
1397776744.247	n	10.5578	3.59930	16.863	32.3533
1397776744.309	n	10.5587	3.59935	16.850	32.3530
1397776744.373	n	10.5595	3.59940	16.833	32.3528
1397776744.435	n	10.5602	3.59945	16.816	32.3526
1397776744.498	n	10.5610	3.59950	16.803	32.3525
1397776744.559	n	10.5617	3.59957	16.787	32.3525
1397776744.621	n	10.5625	3.59962	16.769	32.3524
1397776744.684	n	10.5633	3.59967	16.752	32.3522
1397776744.746	n	10.5641	3.59971	16.736	32.3519
1397776744.810	n	10.5649	3.59976	16.721	32.3516
1397776744.872	n	10.5656	3.59980	16.707	32.3514
1397776744.937	n	10.5664	3.59985	16.692	32.3513
1397776744.998	n	10.5671	3.59990	16.675	32.3511
1397776745.059	n	10.5679	3.59995	16.659	32.3509
1397776745.122	n	10.5687	3.59999	16.645	32.3506
1397776745.185	n	10.5695	3.60004	16.630	32.3503
1397776745.249	n	10.5704	3.60009	16.614	32.3501
1397776745.309	n	10.5712	3.60013	16.600	32.3498
1397776745.372	n	10.5720	3.60018	16.586	32.3496
1397776745.435	n	10.5728	3.60023	16.570	32.3493
1397776745.497	n	10.5737	3.60028	16.554	32.3491
1397776745.560	n	10.5746	3.60032	16.537	32.3487
1397776745.622	n	10.5755	3.60037	16.523	32.3484
1397776745.684	n	10.5765	3.60043	16.509	32.3481
1397776745.748	n	10.5774	3.60049	16.495	32.3480
1397776745.830	y	10.5783	3.60057	16.478	32.3479
1397776745.871	n	10.5791	3.60063	16.464	32.3478
1397776745.934	n	10.5800	3.60069	16.448	32.3476
1397776745.997	n	10.5809	3.60075	16.432	32.3474
1397776746.059	n	10.5818	3.60080	16.417	32.3472
1397776746.121	n	10.5827	3.60085	16.401	32.3469
1397776746.185	n	10.5835	3.60091	16.386	32.3467
1397776746.248	n	10.5844	3.60097	16.375	32.3465
1397776746.310	n	10.5853	3.60104	16.359	32.3464
1397776746.373	n	10.5862	3.60111	16.346	32.3464
1397776746.435	n	10.5872	3.60118	16.330	32.3462
1397776746.497	n	10.5881	3.60125	16.314	32.3461
1397776746.560	n	10.5890	3.60133	16.301	32.3461
1397776746.623	n	10.5899	3.60139	16.286	32.3459
1397776746.686	n	10.5909	3.60147	16.275	32.3458
1397776746.748	n	10.5920	3.60155	16.259	32.3457
1397776746.809	n	10.5930	3.60162	16.244	32.3455
1397776746.873	n	10.5941	3.60169	16.230	32.3452
1397776746.936	n	10.5952	3.60176	16.217	32.3449
1397776746.997	n	10.5963	3.60183	16.205	32.3447
1397776747.060	n	10.5974	3.60191	16.190	32.3445
1397776747.124	n	10.5985	3.60199	16.175	32.3443
1397776747.184	n	10.5995	3.60205	16.164	32.3440
1397776747.248	n	10.6005	3.60211	16.149	32.3437
1397776747.311	n	10.6015	3.60216	16.134	32.3434
1397776747.373	n	10.6025	3.60223	16.118	32.3431
1397776747.434	n	10.6035	3.60230	16.108	32.3430
1397776747.498	n	10.6046	3.60237	16.098	32.3428
1397776747.612	y	10.6056	3.60245	16.082	32.3426
1397776747.623	n	10.6066	3.60252	16.068	32.3424
1397776747.684	n	10.6076	3.60259	16.050	32.3423
1397776747.747	n	10.6086	3.60266	16.041	32.3421
1397776747.811	n	10.6096	3.60272	16.034	32.3418
1397776747.871	n	10.6106	3.60279	16.022	32.3416
1397776747.934	n	10.6117	3.60286	16.010	32.3414
1397776747.997	n	10.6128	3.60293	15.993	32.3411
1397776748.060	n	10.6138	3.60300	15.983	32.3409
1397776748.123	n	10.6149	3.60307	15.971	32.3407
1397776748.185	n	10.6158	3.60314	15.960	32.3406
1397776748.246	n	10.6169	3.60322	15.948	32.3404
1397776748.309	n	10.6179	3.60331	15.936	32.3404
1397776748.372	n	10.6188	3.60339	15.925	32.3404
1397776748.435	n	10.6198	3.60347	15.912	32.3403
1397776748.498	n	10.6207	3.60353	15.900	32.3401
1397776748.561	n	10.6216	3.60360	15.891	32.3400
1397776748.622	n	10.6225	3.60366	15.879	32.3398
1397776748.685	n	10.6235	3.60373	15.867	32.3396
1397776748.749	n	10.6244	3.60380	15.855	32.3395
1397776748.810	n	10.6254	3.60388	15.846	32.3395
1397776748.872	n	10.6263	3.60396	15.836	32.3394
1397776748.935	n	10.6273	3.60404	15.826	32.3394
1397776748.996	n	10.6283	3.60412	15.815	32.3394
1397776749.060	n	10.6293	3.60420	15.805	32.3392
1397776749.122	n	10.6304	3.60427	15.793	32.3389
1397776749.186	n	10.6316	3.60435	15.780	32.3386
1397776749.247	n	10.6328	3.60442	15.771	32.3383
1397776749.310	n	10.6340	3.60449	15.760	32.3379
1397776749.384	y	10.6353	3.60457	15.751	32.3377
1397776749.436	n	10.6365	3.60465	15.742	32.3374
1397776749.497	n	10.6377	3.60473	15.732	32.3372
1397776749.560	n	10.6388	3.60481	15.717	32.3369
1397776749.622	n	10.6399	3.60488	15.709	32.3367
1397776749.685	n	10.6411	3.60496	15.699	32.3364
1397776749.748	n	10.6421	3.60503	15.689	32.3362
1397776749.809	n	10.6431	3.60511	15.682	32.3361
1397776749.874	n	10.6440	3.60519	15.672	32.3361
1397776749.935	n	10.6449	3.60527	15.663	32.3361
1397776749.999	n	10.6458	3.60536	15.654	32.3362
1397776750.061	n	10.6467	3.60545	15.644	32.3364
1397776750.123	n	10.6476	3.60556	15.635	32.3366
1397776750.186	n	10.6485	3.60565	15.622	32.3368
1397776750.247	n	10.6495	3.60574	15.613	32.3368
1397776750.310	n	10.6505	3.60582	15.603	32.3367
1397776750.372	n	10.6516	3.60590	15.596	32.3365
1397776750.436	n	10.6526	3.60597	15.585	32.3363
1397776750.497	n	10.6537	3.60605	15.577	32.3361
1397776750.560	n	10.6548	3.60611	15.569	32.3357
1397776750.622	n	10.6560	3.60616	15.557	32.3352
1397776750.687	n	10.6572	3.60621	15.549	32.3346
1397776750.748	n	10.6585	3.60626	15.542	32.3340
1397776750.810	n	10.6599	3.60632	15.532	32.3334
1397776750.871	n	10.6613	3.60638	15.520	32.3327
1397776750.934	n	10.6628	3.60643	15.511	32.3319
1397776750.997	n	10.6643	3.60648	15.501	32.3311
1397776751.059	n	10.6659	3.60653	15.492	32.3302
1397776751.122	n	10.6675	3.60659	15.484	32.3293
1397776751.186	n	10.6691	3.60665	15.478	32.3285
1397776751.247	n	10.6706	3.60671	15.470	32.3277
1397776751.309	n	10.6722	3.60676	15.462	32.3269
1397776751.372	n	10.6738	3.60681	15.454	32.3260
1397776751.435	n	10.6755	3.60685	15.446	32.3248
1397776751.498	n	10.6774	3.60689	15.436	32.3236
1397776751.559	n	10.6795	3.60692	15.425	32.3221
1397776751.623	n	10.6818	3.60695	15.417	32.3203
1397776751.685	n	10.6843	3.60698	15.410	32.3184
1397776751.747	y	10.6869	3.60702	15.403	32.3165
1397776751.938	n	10.6898	3.60707	15.396	32.3145
1397776751.945	n	10.6928	3.60713	15.384	32.3124
1397776751.951	n	10.6959	3.60718	15.373	32.3101
1397776751.998	n	10.6990	3.60722	15.366	32.3078
1397776752.060	n	10.7021	3.60726	15.361	32.3055
1397776752.124	n	10.7050	3.60729	15.353	32.3033
1397776752.184	n	10.7077	3.60732	15.343	32.3011
1397776752.247	n	10.7104	3.60733	15.335	32.2989
1397776752.309	n	10.7130	3.60733	15.325	32.2965
1397776752.372	n	10.7156	3.60732	15.322	32.2942
1397776752.435	n	10.7181	3.60732	15.311	32.2919
1397776752.497	n	10.7206	3.60732	15.303	32.2897
1397776752.559	n	10.7230	3.60732	15.296	32.2877
1397776752.622	n	10.7251	3.60733	15.287	32.2859
1397776752.685	n	10.7270	3.60735	15.280	32.2844
1397776752.747	n	10.7287	3.60738	15.271	32.2832
1397776752.810	n	10.7301	3.60740	15.260	32.2822
1397776752.872	n	10.7313	3.60743	15.255	32.2815
1397776752.935	n	10.7324	3.60747	15.247	32.2808
1397776752.998	n	10.7335	3.60750	15.238	32.2802
1397776753.059	n	10.7346	3.60755	15.230	32.2797
1397776753.190	y	10.7357	3.60760	15.222	32.2792
1397776753.196	n	10.7369	3.60764	15.216	32.2785
1397776753.248	n	10.7381	3.60768	15.206	32.2779
1397776753.311	n	10.7394	3.60773	15.197	32.2772
1397776753.372	n	10.7408	3.60777	15.187	32.2765
1397776753.435	n	10.7422	3.60782	15.180	32.2757
1397776753.499	n	10.7436	3.60788	15.171	32.2750
1397776753.559	n	10.7450	3.60794	15.164	32.2744
1397776753.622	n	10.7463	3.60800	15.149	32.2739
1397776753.685	n	10.7475	3.60808	15.140	32.2736
1397776753.747	n	10.7488	3.60816	15.130	32.2733
1397776753.809	n	10.7501	3.60824	15.120	32.2730
1397776753.872	n	10.7513	3.60832	15.106	32.2726
1397776753.935	n	10.7526	3.60839	15.099	32.2722
1397776753.998	n	10.7539	3.60845	15.090	32.2717
1397776754.061	n	10.7551	3.60851	15.077	32.2712
1397776754.122	n	10.7563	3.60856	15.062	32.2707
1397776754.186	n	10.7574	3.60862	15.050	32.2703
1397776754.249	n	10.7583	3.60867	15.037	32.2700
1397776754.309	n	10.7592	3.60873	15.027	32.2698
1397776754.373	n	10.7600	3.60880	15.015	32.2698
1397776754.436	n	10.7607	3.60888	15.001	32.2699
1397776754.498	n	10.7614	3.60895	14.990	32.2700
1397776754.559	n	10.7622	3.60901	14.977	32.2700
1397776754.622	n	10.7629	3.60908	14.964	32.2700
1397776754.685	n	10.7637	3.60913	14.949	32.2698
1397776754.748	n	10.7646	3.60919	14.935	32.2696
1397776754.810	n	10.7654	3.60923	14.922	32.2693
1397776754.872	n	10.7663	3.60927	14.909	32.2690
1397776754.934	n	10.7672	3.60931	14.895	32.2686
1397776754.997	n	10.7680	3.60935	14.881	32.2682
1397776755.059	n	10.7690	3.60938	14.864	32.2677
1397776755.122	n	10.7699	3.60943	14.848	32.2673
1397776755.185	n	10.7709	3.60947	14.835	32.2669
1397776755.248	n	10.7719	3.60950	14.820	32.2664
1397776755.310	n	10.7729	3.60954	14.805	32.2658
1397776755.372	n	10.7741	3.60957	14.792	32.2651
1397776755.435	n	10.7752	3.60959	14.777	32.2643
1397776755.497	n	10.7763	3.60961	14.758	32.2635
1397776755.561	n	10.7775	3.60963	14.746	32.2628
1397776755.622	n	10.7786	3.60965	14.730	32.2620
1397776755.686	n	10.7797	3.60966	14.713	32.2610
1397776755.747	n	10.7810	3.60966	14.695	32.2599
1397776755.809	n	10.7823	3.60965	14.679	32.2587
1397776755.871	n	10.7836	3.60965	14.665	32.2575
1397776755.935	n	10.7850	3.60965	14.647	32.2564
1397776755.998	y	10.7863	3.60966	14.629	32.2553
1397776756.150	n	10.7875	3.60966	14.612	32.2542
1397776756.156	n	10.7887	3.60965	14.594	32.2531
1397776756.186	n	10.7898	3.60963	14.575	32.2520
1397776756.247	n	10.7908	3.60962	14.562	32.2510
1397776756.311	n	10.7917	3.60961	14.541	32.2500
1397776756.372	n	10.7926	3.60959	14.519	32.2491
1397776756.436	n	10.7936	3.60958	14.503	32.2481
1397776756.498	n	10.7945	3.60955	14.487	32.2471
1397776756.560	n	10.7954	3.60952	14.469	32.2460
1397776756.622	n	10.7963	3.60950	14.448	32.2450
1397776756.684	n	10.7971	3.60946	14.431	32.2439
1397776756.747	y	10.7979	3.60944	14.412	32.2429
1397776756.810	n	10.7987	3.60942	14.393	32.2421
1397776756.927	y	10.7995	3.60939	14.373	32.2411
1397776756.936	n	10.8002	3.60935	14.355	32.2401
1397776756.998	n	10.8009	3.60931	14.334	32.2391
1397776757.060	n	10.8017	3.60928	14.317	32.2380
1397776757.122	n	10.8025	3.60926	14.300	32.2371
1397776757.185	n	10.8032	3.60924	14.282	32.2363
1397776757.248	n	10.8040	3.60920	14.263	32.2353
1397776757.310	n	10.8047	3.60917	14.240	32.2344
1397776757.372	n	10.8054	3.60913	14.223	32.2333
1397776757.434	n	10.8061	3.60909	14.205	32.2324
1397776757.498	n	10.8069	3.60906	14.186	32.2314
1397776757.560	n	10.8075	3.60903	14.166	32.2305
1397776757.623	n	10.8082	3.60900	14.147	32.2296
1397776757.686	n	10.8088	3.60897	14.129	32.2288
1397776757.748	n	10.8094	3.60895	14.110	32.2281
1397776757.809	n	10.8100	3.60894	14.093	32.2275
1397776757.872	n	10.8106	3.60892	14.075	32.2268
1397776757.935	n	10.8112	3.60891	14.056	32.2262
1397776757.998	n	10.8118	3.60889	14.040	32.2254
1397776758.059	n	10.8124	3.60886	14.024	32.2246
1397776758.122	n	10.8130	3.60884	14.007	32.2239
1397776758.185	n	10.8136	3.60882	13.989	32.2232
1397776758.248	n	10.8142	3.60880	13.973	32.2225
1397776758.310	n	10.8147	3.60880	13.955	32.2220
1397776758.373	n	10.8153	3.60879	13.936	32.2214
1397776758.435	n	10.8159	3.60877	13.921	32.2207
1397776758.498	n	10.8164	3.60875	13.903	32.2200
1397776758.560	n	10.8170	3.60873	13.889	32.2193
1397776758.622	n	10.8175	3.60870	13.878	32.2187
1397776758.684	n	10.8179	3.60868	13.857	32.2181
1397776758.747	n	10.8184	3.60868	13.843	32.2176
1397776758.810	n	10.8190	3.60868	13.832	32.2171
1397776758.872	n	10.8196	3.60868	13.817	32.2166
1397776758.936	n	10.8202	3.60870	13.799	32.2162
1397776758.996	n	10.8208	3.60871	13.787	32.2158
1397776759.059	n	10.8214	3.60872	13.771	32.2154
1397776759.121	n	10.8220	3.60873	13.758	32.2150
1397776759.186	n	10.8225	3.60874	13.744	32.2147
1397776759.247	n	10.8231	3.60876	13.735	32.2143
1397776759.309	n	10.8238	3.60877	13.722	32.2139
1397776759.373	n	10.8243	3.60880	13.712	32.2137
1397776759.435	n	10.8249	3.60883	13.697	32.2134
1397776759.499	n	10.8254	3.60886	13.689	32.2133
1397776759.560	n	10.8259	3.60888	13.679	32.2131
1397776759.623	n	10.8265	3.60892	13.665	32.2130
1397776759.685	n	10.8270	3.60895	13.656	32.2128
1397776759.748	n	10.8277	3.60900	13.641	32.2127
1397776759.810	n	10.8284	3.60905	13.629	32.2127
1397776759.874	n	10.8291	3.60911	13.621	32.2126
1397776759.935	n	10.8300	3.60917	13.612	32.2124
1397776759.999	n	10.8310	3.60924	13.601	32.2122
1397776760.061	n	10.8321	3.60931	13.591	32.2119
1397776760.123	n	10.8334	3.60938	13.583	32.2115
1397776760.184	n	10.8346	3.60946	13.573	32.2112
1397776760.248	y	10.8359	3.60954	13.564	32.2109
1397776760.489	y	10.8370	3.60962	13.558	32.2107
1397776760.498	n	10.8381	3.60969	13.548	32.2105
1397776760.503	n	10.8391	3.60976	13.541	32.2103
1397776760.509	n	10.8401	3.60984	13.530	32.2102
1397776760.560	n	10.8412	3.60993	13.523	32.2101
1397776760.622	n	10.8423	3.61003	13.518	32.2101
1397776760.684	n	10.8435	3.61014	13.506	32.2102
1397776760.750	n	10.8445	3.61025	13.499	32.2103
1397776760.811	n	10.8456	3.61036	13.492	32.2105
1397776760.873	n	10.8466	3.61047	13.488	32.2107
1397776760.935	n	10.8476	3.61058	13.481	32.2110
1397776760.998	n	10.8486	3.61069	13.479	32.2111
1397776761.060	n	10.8496	3.61081	13.473	32.2114
1397776761.122	n	10.8505	3.61093	13.464	32.2118
1397776761.184	n	10.8515	3.61105	13.457	32.2122
1397776761.249	n	10.8523	3.61117	13.450	32.2127
1397776761.310	n	10.8532	3.61129	13.441	32.2131
1397776761.374	n	10.8541	3.61140	13.436	32.2134
1397776761.434	n	10.8550	3.61151	13.430	32.2137
1397776761.498	n	10.8559	3.61161	13.422	32.2139
1397776761.560	n	10.8568	3.61173	13.416	32.2143
1397776761.622	n	10.8576	3.61184	13.411	32.2147
1397776761.684	n	10.8583	3.61196	13.401	32.2153
1397776761.747	n	10.8590	3.61207	13.394	32.2157
1397776761.811	n	10.8597	3.61218	13.388	32.2162
1397776761.872	n	10.8604	3.61228	13.383	32.2166
1397776761.936	n	10.8611	3.61238	13.377	32.2170
1397776761.997	n	10.8618	3.61249	13.368	32.2174
1397776762.060	n	10.8626	3.61259	13.358	32.2178
1397776762.122	n	10.8633	3.61270	13.359	32.2182
1397776762.185	n	10.8641	3.61281	13.353	32.2186
1397776762.249	n	10.8648	3.61291	13.344	32.2190
1397776762.309	n	10.8655	3.61300	13.336	32.2193
1397776762.372	n	10.8662	3.61310	13.332	32.2196
1397776762.436	n	10.8668	3.61319	13.326	32.2200
1397776762.499	n	10.8674	3.61328	13.317	32.2204
1397776762.559	n	10.8679	3.61336	13.313	32.2207
1397776762.622	n	10.8684	3.61344	13.307	32.2210
1397776762.685	n	10.8690	3.61351	13.301	32.2213
1397776762.747	n	10.8696	3.61359	13.294	32.2215
1397776762.810	n	10.8702	3.61367	13.286	32.2218
1397776762.872	n	10.8708	3.61375	13.282	32.2220
1397776762.934	n	10.8714	3.61383	13.276	32.2224
1397776762.998	n	10.8720	3.61392	13.270	32.2227
1397776763.059	n	10.8726	3.61399	13.259	32.2229
1397776763.122	n	10.8732	3.61407	13.256	32.2231
1397776763.185	n	10.8738	3.61415	13.248	32.2234
1397776763.249	n	10.8744	3.61423	13.242	32.2237
1397776763.309	n	10.8749	3.61431	13.235	32.2240
1397776763.372	n	10.8755	3.61438	13.226	32.2242
1397776763.436	n	10.8760	3.61445	13.217	32.2244
1397776763.497	n	10.8765	3.61451	13.212	32.2246
1397776763.561	n	10.8770	3.61457	13.205	32.2248
1397776763.623	n	10.8775	3.61464	13.194	32.2250
1397776763.685	n	10.8780	3.61472	13.189	32.2253
1397776763.747	y	10.8785	3.61479	13.180	32.2256
1397776763.811	n	10.8790	3.61486	13.174	32.2259
1397776763.873	n	10.8795	3.61493	13.160	32.2261
1397776763.936	n	10.8801	3.61547	13.152	32.2310
1397776763.997	n	10.8817	3.61737	13.141	32.2484
1397776764.061	n	10.8854	3.61132	13.130	32.1852
1397776764.124	y	10.8903	3.60409	13.122	32.1093
1397776764.184	n	10.8956	3.60153	13.109	32.0793
1397776764.250	n	10.9003	3.60509	13.099	32.1105
1397776764.309	n	10.9036	3.61436	13.088	32.1993
1397776764.372	n	10.9059	3.62789	13.075	32.3314
1397776764.434	n	10.9080	3.63327	13.061	32.3828
1397776764.497	y	10.9094	3.63421	13.052	32.3910
1397776764.671	n	10.9097	3.63433	13.043	32.3918
1397776764.676	n	10.9092	3.63438	13.031	32.3928
1397776764.684	n	10.9082	3.63439	13.018	32.3938
1397776764.747	n	10.9070	3.63439	13.007	32.3949
1397776764.810	n	10.9059	3.63441	12.998	32.3960
1397776764.872	n	10.9050	3.63442	12.989	32.3970
1397776764.935	n	10.9042	3.63443	12.977	32.3978
1397776764.999	n	10.9039	3.63446	12.966	32.3982
1397776765.061	n	10.9047	3.63452	12.952	32.3981
1397776765.122	n	10.9062	3.63460	12.938	32.3977
1397776765.186	n	10.9079	3.63469	12.927	32.3971
1397776765.248	n	10.9093	3.63476	12.915	32.3965
1397776765.309	n	10.9099	3.63481	12.903	32.3964
1397776765.372	n	10.9100	3.63483	12.891	32.3967
1397776765.436	n	10.9094	3.63486	12.878	32.3974
1397776765.498	n	10.9082	3.63485	12.862	32.3983
1397776765.559	n	10.9067	3.63481	12.853	32.3994
1397776765.621	n	10.9051	3.63476	12.840	32.4002
1397776765.684	n	10.9039	3.63471	12.827	32.4007
1397776765.747	n	10.9034	3.63467	12.814	32.4009
1397776765.811	n	10.9033	3.63467	12.801	32.4009
1397776765.873	n	10.9033	3.63467	12.785	32.4010
1397776765.935	n	10.9030	3.63466	12.769	32.4011
1397776765.999	n	10.9023	3.63454	12.759	32.4005
1397776766.060	n	10.9013	3.63443	12.745	32.4004
1397776766.122	n	10.9004	3.63439	12.728	32.4008
1397776766.187	n	10.8998	3.63441	12.713	32.4016
1397776766.247	n	10.8995	3.63450	12.700	32.4027
1397776766.310	n	10.8991	3.63460	12.683	32.4040
1397776766.373	n	10.8988	3.63461	12.666	32.4045
1397776766.435	n	10.8988	3.63464	12.650	32.4047
1397776766.497	n	10.8997	3.63467	12.635	32.4043
1397776766.560	n	10.9012	3.63472	12.617	32.4034
1397776766.623	n	10.9028	3.63478	12.600	32.4025
1397776766.685	n	10.9045	3.63485	12.583	32.4018
1397776766.750	n	10.9060	3.63494	12.567	32.4014
1397776766.810	n	10.9075	3.63502	12.549	32.4009
1397776766.873	n	10.9092	3.63509	12.532	32.4001
1397776766.935	n	10.9108	3.63514	12.514	32.3992
1397776766.999	n	10.9120	3.63517	12.499	32.3984
1397776767.060	n	10.9129	3.63520	12.480	32.3978
1397776767.122	n	10.9137	3.63521	12.460	32.3973
1397776767.185	n	10.9144	3.63522	12.448	32.3968
1397776767.249	n	10.9147	3.63523	12.428	32.3966
1397776767.311	n	10.9148	3.63524	12.411	32.3967
1397776767.372	n	10.9148	3.63527	12.395	32.3969
1397776767.436	n	10.9148	3.63530	12.376	32.3973
1397776767.498	n	10.9147	3.63531	12.362	32.3974
1397776767.561	n	10.9147	3.63531	12.345	32.3974
1397776767.623	n	10.9146	3.63530	12.331	32.3974
1397776767.755	y	10.9142	3.63528	12.316	32.3975
1397776767.760	n	10.9134	3.63525	12.296	32.3980
1397776767.811	n	10.9123	3.63521	12.280	32.3986
1397776767.873	n	10.9114	3.63519	12.266	32.3992
1397776767.936	n	10.9110	3.63518	12.246	32.3995
1397776767.998	n	10.9112	3.63520	12.235	32.3994
1397776768.061	n	10.9117	3.63523	12.216	32.3993
1397776768.121	n	10.9120	3.63525	12.201	32.3992
1397776768.185	n	10.9122	3.63527	12.188	32.3993
1397776768.249	n	10.9124	3.63529	12.175	32.3993
1397776768.309	n	10.9127	3.63531	12.159	32.3992
1397776768.372	n	10.9131	3.63532	12.142	32.3990
1397776768.435	n	10.9134	3.63532	12.127	32.3988
1397776768.499	n	10.9136	3.63532	12.114	32.3986
1397776768.560	n	10.9137	3.63532	12.100	32.3986
1397776768.622	n	10.9136	3.63533	12.088	32.3987
1397776768.685	n	10.9134	3.63534	12.072	32.3990
1397776768.749	y	10.9132	3.63534	12.051	32.3992
1397776768.884	n	10.9128	3.63533	12.040	32.3993
1397776768.888	n	10.9125	3.63532	12.027	32.3996
1397776768.935	n	10.9121	3.63531	12.012	32.3999
1397776768.999	n	10.9118	3.63529	11.997	32.4000
1397776769.059	n	10.9117	3.63529	11.983	32.4000
1397776769.122	n	10.9120	3.63529	11.971	32.3998
1397776769.187	n	10.9124	3.63530	11.957	32.3995
1397776769.249	n	10.9128	3.63531	11.945	32.3993
1397776769.309	n	10.9129	3.63533	11.933	32.3994
1397776769.372	n	10.9130	3.63535	11.919	32.3995
1397776769.434	n	10.9130	3.63535	11.903	32.3996
1397776769.499	n	10.9129	3.63536	11.894	32.3997
1397776769.559	n	10.9130	3.63537	11.879	32.3997
1397776769.622	n	10.9130	3.63535	11.866	32.3996
1397776769.685	n	10.9129	3.63534	11.856	32.3995
1397776769.747	n	10.9128	3.63532	11.844	32.3994
1397776769.810	n	10.9126	3.63530	11.829	32.3994
1397776769.872	n	10.9123	3.63529	11.820	32.3995
1397776769.935	n	10.9122	3.63530	11.806	32.3997
1397776770.000	n	10.9123	3.63531	11.797	32.3998
1397776770.060	n	10.9124	3.63533	11.784	32.3998
1397776770.121	n	10.9126	3.63533	11.772	32.3997
1397776770.186	n	10.9128	3.63534	11.762	32.3997
1397776770.247	n	10.9128	3.63535	11.750	32.3997
1397776770.309	n	10.9129	3.63536	11.741	32.3998
1397776770.373	n	10.9129	3.63537	11.729	32.3998
1397776770.436	n	10.9129	3.63538	11.716	32.3999
1397776770.497	n	10.9129	3.63537	11.706	32.3999
1397776770.561	n	10.9128	3.63537	11.697	32.3999
1397776770.623	n	10.9128	3.63533	11.685	32.3996
1397776770.686	n	10.9127	3.63530	11.677	32.3993
1397776770.749	n	10.9128	3.63528	11.669	32.3991
1397776770.811	n	10.9129	3.63530	11.657	32.3992
1397776770.872	n	10.9130	3.63533	11.647	32.3994
1397776770.935	n	10.9130	3.63537	11.637	32.3998
1397776770.997	n	10.9131	3.63537	11.629	32.3998
1397776771.060	n	10.9131	3.63537	11.617	32.3997
1397776771.123	n	10.9129	3.63535	11.606	32.3997
1397776771.186	n	10.9126	3.63534	11.598	32.3998
1397776771.248	n	10.9123	3.63532	11.586	32.4000
1397776771.365	y	10.9119	3.63531	11.576	32.4002
1397776771.373	n	10.9117	3.63531	11.565	32.4003
1397776771.434	n	10.9117	3.63530	11.554	32.4003
1397776771.498	n	10.9118	3.63530	11.543	32.4003
1397776771.560	n	10.9119	3.63531	11.532	32.4002
1397776771.622	n	10.9120	3.63532	11.519	32.4002
1397776771.686	n	10.9120	3.63532	11.509	32.4002
1397776771.748	n	10.9120	3.63532	11.499	32.4003
1397776771.809	n	10.9120	3.63533	11.490	32.4003
1397776771.873	n	10.9122	3.63533	11.480	32.4002
1397776771.935	n	10.9126	3.63535	11.468	32.4001
1397776772.068	y	10.9130	3.63538	11.455	32.4000
1397776772.073	n	10.9132	3.63540	11.445	32.4000
1397776772.122	n	10.9133	3.63542	11.437	32.4001
1397776772.185	n	10.9132	3.63543	11.423	32.4003
1397776772.246	n	10.9131	3.63542	11.412	32.4004
1397776772.310	n	10.9130	3.63542	11.403	32.4004
1397776772.373	n	10.9131	3.63539	11.390	32.4000
1397776772.436	n	10.9132	3.63536	11.382	32.3996
1397776772.499	n	10.9133	3.63535	11.371	32.3994
1397776772.561	n	10.9135	3.63536	11.359	32.3994
1397776772.622	n	10.9136	3.63539	11.348	32.3997
1397776772.686	n	10.9136	3.63543	11.337	32.4001
1397776772.750	n	10.9135	3.63543	11.328	32.4001
1397776772.810	n	10.9136	3.63543	11.317	32.4001
1397776772.873	n	10.9136	3.63544	11.307	32.4001
1397776772.936	n	10.9138	3.63545	11.300	32.4000
1397776772.997	y	10.9141	3.63547	11.291	32.3999
1397776773.161	n	10.9143	3.63548	11.282	32.3999
1397776773.171	n	10.9144	3.63548	11.270	32.3998
1397776773.185	n	10.9143	3.63547	11.262	32.3998
1397776773.249	n	10.9142	3.63546	11.255	32.3997
1397776773.310	n	10.9141	3.63544	11.248	32.3997
1397776773.372	n	10.9141	3.63544	11.239	32.3997
1397776773.437	n	10.9142	3.63544	11.230	32.3997
1397776773.499	n	10.9143	3.63545	11.222	32.3997
1397776773.560	n	10.9143	3.63544	11.213	32.3995
1397776773.623	n	10.9144	3.63544	11.201	32.3995
1397776773.685	n	10.9144	3.63543	11.189	32.3994
1397776773.747	n	10.9144	3.63545	11.182	32.3995
1397776773.810	n	10.9145	3.63546	11.175	32.3996
1397776773.873	n	10.9145	3.63547	11.165	32.3996
1397776773.936	n	10.9146	3.63547	11.153	32.3996
1397776773.999	n	10.9144	3.63546	11.145	32.3997
1397776774.059	n	10.9138	3.63544	11.137	32.4000
1397776774.123	n	10.9126	3.63539	11.126	32.4006
1397776774.185	n	10.9111	3.63534	11.116	32.4014
1397776774.250	n	10.9097	3.63529	11.103	32.4021
1397776774.310	n	10.9087	3.63526	11.096	32.4027
1397776774.372	n	10.9081	3.63523	11.088	32.4031
1397776774.435	n	10.9074	3.63520	11.078	32.4033
1397776774.499	n	10.9068	3.63517	11.065	32.4035
1397776774.560	n	10.9065	3.63515	11.055	32.4036
1397776774.622	n	10.9065	3.63515	11.047	32.4036
1397776774.685	n	10.9069	3.63517	11.036	32.4035
1397776774.749	n	10.9074	3.63519	11.024	32.4032
1397776774.809	n	10.9076	3.63519	11.013	32.4030
1397776774.873	n	10.9077	3.63519	11.003	32.4030
1397776774.936	n	10.9080	3.63521	10.989	32.4029
1397776774.999	y	10.9086	3.63524	10.979	32.4027
1397776775.060	n	10.9095	3.63528	10.970	32.4023
1397776775.123	n	10.9104	3.63530	10.961	32.4017
1397776775.184	n	10.9111	3.63532	10.948	32.4013
1397776775.249	n	10.9114	3.63532	10.940	32.4010
1397776775.309	n	10.9116	3.63533	10.928	32.4010
1397776775.372	n	10.9116	3.63533	10.919	32.4010
1397776775.436	n	10.9116	3.63533	10.906	32.4010
1397776775.499	n	10.9115	3.63534	10.890	32.4011
1397776775.561	n	10.9115	3.63535	10.880	32.4012
1397776775.622	n	10.9114	3.63536	10.868	32.4014
1397776775.686	n	10.9107	3.63535	10.860	32.4019
1397776775.747	n	10.9093	3.63530	10.846	32.4027
1397776775.810	n	10.9075	3.63523	10.831	32.4036
1397776775.872	n	10.9055	3.63516	10.821	32.4047
1397776775.935	n	10.9039	3.63510	10.807	32.4056
1397776775.997	n	10.9033	3.63508	10.793	32.4059
1397776776.061	n	10.9035	3.63508	10.778	32.4057
1397776776.123	n	10.9042	3.63509	10.774	32.4053
1397776776.185	n	10.9047	3.63510	10.761	32.4049
1397776776.249	n	10.9047	3.63510	10.744	32.4049
1397776776.311	n	10.9042	3.63509	10.732	32.4053
1397776776.372	n	10.9035	3.63507	10.719	32.4056
1397776776.436	n	10.9032	3.63505	10.705	32.4058
1397776776.498	n	10.9033	3.63504	10.691	32.4056
1397776776.561	n	10.9037	3.63505	10.679	32.4053
1397776776.623	n	10.9041	3.63505	10.665	32.4050
1397776776.685	n	10.9043	3.63506	10.652	32.4048
1397776776.748	n	10.9045	3.63504	10.636	32.4045
1397776776.811	n	10.9044	3.63502	10.622	32.4044
1397776776.873	n	10.9042	3.63500	10.609	32.4044
1397776776.938	n	10.9040	3.63500	10.591	32.4045
1397776776.997	n	10.9039	3.63501	10.576	32.4047
1397776777.061	n	10.9039	3.63502	10.563	32.4049
1397776777.123	n	10.9045	3.63504	10.547	32.4046
1397776777.185	n	10.9054	3.63508	10.534	32.4041
1397776777.249	y	10.9064	3.63510	10.522	32.4035
1397776777.427	n	10.9067	3.63513	10.505	32.4035
1397776777.433	n	10.9058	3.63511	10.488	32.4042
1397776777.438	n	10.9039	3.63505	10.470	32.4052
1397776777.497	n	10.9018	3.63500	10.456	32.4066
1397776777.561	n	10.9003	3.63498	10.440	32.4077
1397776777.623	n	10.8999	3.63498	10.424	32.4080
1397776777.685	n	10.9006	3.63502	10.408	32.4078
1397776777.747	n	10.9019	3.63506	10.393	32.4071
1397776777.810	n	10.9033	3.63508	10.380	32.4060
1397776777.873	n	10.9044	3.63509	10.363	32.4052
1397776777.936	n	10.9051	3.63509	10.346	32.4046
1397776777.998	n	10.9056	3.63510	10.329	32.4043
1397776778.061	n	10.9058	3.63511	10.312	32.4042
1397776778.123	n	10.9059	3.63512	10.294	32.4042
1397776778.185	n	10.9059	3.63513	10.283	32.4044
1397776778.249	n	10.9055	3.63511	10.264	32.4045
1397776778.309	n	10.9050	3.63506	10.248	32.4044
1397776778.372	n	10.9045	3.63502	10.232	32.4044
1397776778.434	n	10.9041	3.63500	10.215	32.4046
1397776778.500	n	10.9038	3.63500	10.195	32.4049
1397776778.559	n	10.9036	3.63503	10.178	32.4054
1397776778.622	n	10.9034	3.63505	10.164	32.4058
1397776778.686	y	10.9032	3.63505	10.145	32.4060
1397776778.747	n	10.9031	3.63506	10.131	32.4062
1397776778.811	n	10.9030	3.63506	10.116	32.4062
1397776778.873	n	10.9029	3.63504	10.098	32.4061
1397776778.934	n	10.9029	3.63503	10.080	32.4060
1397776778.998	n	10.9027	3.63501	10.067	32.4060
1397776779.059	n	10.9027	3.63501	10.053	32.4060
1397776779.122	n	10.9029	3.63502	10.039	32.4060
1397776779.186	n	10.9033	3.63504	10.025	32.4058
1397776779.250	n	10.9037	3.63506	10.007	32.4056
1397776779.309	n	10.9040	3.63507	9.993	32.4054
1397776779.372	n	10.9040	3.63506	9.981	32.4054
1397776779.434	n	10.9037	3.63506	9.964	32.4056
1397776779.499	n	10.9034	3.63505	9.948	32.4058
1397776779.559	n	10.9031	3.63504	9.937	32.4061
1397776779.622	n	10.9029	3.63505	9.923	32.4063
1397776779.684	n	10.9029	3.63506	9.908	32.4064
1397776779.749	n	10.9029	3.63507	9.892	32.4065
1397776779.811	n	10.9030	3.63507	9.879	32.4065
1397776779.873	n	10.9033	3.63507	9.868	32.4061
1397776779.936	n	10.9040	3.63508	9.852	32.4057
1397776779.999	n	10.9050	3.63511	9.838	32.4051
1397776780.060	n	10.9060	3.63513	9.822	32.4044
1397776780.122	n	10.9068	3.63516	9.812	32.4040
1397776780.186	n	10.9074	3.63518	9.799	32.4037
1397776780.248	n	10.9076	3.63516	9.782	32.4033
1397776780.311	n	10.9078	3.63515	9.769	32.4031
1397776780.373	n	10.9077	3.63515	9.757	32.4031
1397776780.435	n	10.9075	3.63515	9.748	32.4033
1397776780.498	n	10.9071	3.63517	9.737	32.4038
1397776780.559	n	10.9066	3.63518	9.723	32.4044
1397776780.622	n	10.9061	3.63517	9.710	32.4048
1397776780.684	n	10.9055	3.63517	9.699	32.4053
1397776780.749	n	10.9052	3.63518	9.687	32.4056
1397776780.811	n	10.9053	3.63519	9.675	32.4057
1397776780.872	n	10.9058	3.63519	9.662	32.4052
1397776780.935	n	10.9066	3.63519	9.654	32.4045
1397776780.999	n	10.9073	3.63519	9.642	32.4040
1397776781.060	n	10.9076	3.63520	9.632	32.4038
1397776781.122	n	10.9076	3.63521	9.621	32.4038
1397776781.186	n	10.9076	3.63520	9.608	32.4038
1397776781.248	n	10.9075	3.63519	9.597	32.4037
1397776781.310	n	10.9076	3.63519	9.584	32.4036
1397776781.373	n	10.9077	3.63520	9.575	32.4036
1397776781.435	n	10.9079	3.63522	9.567	32.4037
1397776781.499	y	10.9081	3.63523	9.556	32.4037
1397776781.756	n	10.9082	3.63522	9.544	32.4035
1397776781.761	n	10.9082	3.63521	9.532	32.4034
1397776781.767	n	10.9082	3.63521	9.519	32.4034
1397776781.773	n	10.9081	3.63522	9.506	32.4035
1397776781.810	n	10.9081	3.63520	9.496	32.4034
1397776781.872	n	10.9081	3.63517	9.486	32.4031
1397776781.937	n	10.9081	3.63515	9.474	32.4029
1397776781.998	n	10.9082	3.63515	9.463	32.4028
1397776782.060	n	10.9082	3.63517	9.451	32.4030
1397776782.123	n	10.9080	3.63520	9.441	32.4034
1397776782.184	n	10.9078	3.63520	9.428	32.4036
1397776782.249	y	10.9076	3.63519	9.416	32.4038
1397776782.310	n	10.9073	3.63519	9.408	32.4040
1397776782.372	n	10.9072	3.63519	9.392	32.4041
1397776782.435	n	10.9072	3.63520	9.381	32.4042
1397776782.499	n	10.9074	3.63521	9.369	32.4041
1397776782.560	n	10.9077	3.63521	9.360	32.4038
1397776782.624	n	10.9080	3.63521	9.345	32.4036
1397776782.686	n	10.9080	3.63520	9.338	32.4034
1397776782.750	n	10.9080	3.63519	9.327	32.4034
1397776782.810	n	10.9081	3.63520	9.319	32.4035
1397776782.873	n	10.9081	3.63520	9.305	32.4035
1397776782.935	n	10.9082	3.63521	9.290	32.4034
1397776782.999	n	10.9083	3.63522	9.276	32.4034
1397776783.060	n	10.9084	3.63521	9.267	32.4034
1397776783.122	n	10.9083	3.63521	9.256	32.4034
1397776783.186	n	10.9079	3.63520	9.246	32.4036
1397776783.248	n	10.9073	3.63518	9.233	32.4040
1397776783.311	n	10.9067	3.63517	9.217	32.4044
1397776783.373	n	10.9064	3.63516	9.205	32.4046
1397776783.435	n	10.9063	3.63514	9.195	32.4045
1397776783.498	n	10.9065	3.63512	9.183	32.4041
1397776783.560	n	10.9066	3.63510	9.170	32.4038
1397776783.623	n	10.9066	3.63509	9.157	32.4038
1397776783.686	n	10.9064	3.63509	9.145	32.4039
1397776783.749	n	10.9060	3.63509	9.130	32.4043
1397776783.809	n	10.9056	3.63509	9.118	32.4046
1397776783.872	n	10.9053	3.63509	9.103	32.4049
1397776783.937	n	10.9051	3.63509	9.090	32.4050
1397776784.000	n	10.9052	3.63510	9.078	32.4051
1397776784.060	n	10.9054	3.63511	9.064	32.4051
1397776784.122	n	10.9057	3.63512	9.050	32.4049
1397776784.186	n	10.9058	3.63512	9.035	32.4048
1397776784.248	n	10.9059	3.63512	9.023	32.4047
1397776784.311	n	10.9060	3.63513	9.010	32.4047
1397776784.373	n	10.9062	3.63514	8.992	32.4046
1397776784.436	n	10.9064	3.63513	8.980	32.4044
1397776784.497	n	10.9064	3.63509	8.970	32.4040
1397776784.560	n	10.9058	3.63502	8.954	32.4039
1397776784.622	n	10.9045	3.63493	8.944	32.4041
1397776784.685	n	10.9028	3.63486	8.931	32.4050
1397776784.749	n	10.9007	3.63481	8.916	32.4063
1397776784.809	n	10.8985	3.63477	8.900	32.4079
1397776784.872	n	10.8965	3.63474	8.887	32.4093
1397776784.935	n	10.8950	3.63473	8.872	32.4105
1397776784.999	n	10.8940	3.63472	8.857	32.4113
1397776785.060	n	10.8935	3.63471	8.847	32.4118
1397776785.123	n	10.8932	3.63471	8.832	32.4120
1397776785.186	n	10.8929	3.63470	8.817	32.4121
1397776785.248	n	10.8927	3.63468	8.800	32.4122
1397776785.310	n	10.8928	3.63467	8.784	32.4120
1397776785.373	n	10.8935	3.63467	8.772	32.4114
1397776785.436	n	10.8948	3.63469	8.755	32.4104
1397776785.499	n	10.8959	3.63470	8.742	32.4095
1397776785.560	n	10.8965	3.63471	8.728	32.4091
1397776785.623	n	10.8965	3.63471	8.717	32.4091
1397776785.685	n	10.8960	3.63471	8.701	32.4095
1397776785.747	y	10.8953	3.63470	8.686	32.4100
1397776785.914	n	10.8946	3.63468	8.673	32.4105
1397776785.923	n	10.8937	3.63465	8.657	32.4110
1397776785.936	n	10.8928	3.63462	8.643	32.4115
1397776786.022	y	10.8922	3.63460	8.627	32.4119
1397776786.059	n	10.8918	3.63460	8.615	32.4122
1397776786.122	n	10.8916	3.63461	8.600	32.4125
1397776786.186	n	10.8915	3.63463	8.584	32.4127
1397776786.249	n	10.8916	3.63464	8.572	32.4129
1397776786.387	y	10.8917	3.63464	8.557	32.4128
1397776786.393	n	10.8919	3.63464	8.542	32.4125
1397776786.435	n	10.8924	3.63465	8.529	32.4123
1397776786.498	n	10.8928	3.63466	8.517	32.4120
1397776786.560	n	10.8933	3.63468	8.502	32.4117
1397776786.623	n	10.8937	3.63470	8.488	32.4116
1397776786.685	n	10.8939	3.63471	8.473	32.4115
1397776786.747	n	10.8939	3.63470	8.461	32.4114
1397776786.810	n	10.8939	3.63470	8.446	32.4114
1397776786.872	n	10.8938	3.63469	8.434	32.4115
1397776786.936	n	10.8937	3.63468	8.416	32.4114
1397776786.997	n	10.8937	3.63467	8.402	32.4114
1397776787.060	n	10.8937	3.63467	8.391	32.4114
1397776787.123	n	10.8938	3.63468	8.375	32.4114
1397776787.186	n	10.8938	3.63469	8.364	32.4114
1397776787.248	n	10.8938	3.63470	8.347	32.4115
1397776787.311	n	10.8938	3.63470	8.333	32.4116
1397776787.374	n	10.8937	3.63470	8.321	32.4117
1397776787.436	n	10.8936	3.63469	8.309	32.4117
1397776787.499	n	10.8936	3.63469	8.295	32.4117
1397776787.559	n	10.8936	3.63469	8.284	32.4117
1397776787.624	n	10.8935	3.63468	8.274	32.4117
1397776787.686	n	10.8934	3.63467	8.260	32.4117
1397776787.749	n	10.8933	3.63466	8.248	32.4116
1397776787.811	n	10.8934	3.63465	8.236	32.4115
1397776787.873	n	10.8936	3.63465	8.224	32.4113
1397776787.935	n	10.8938	3.63466	8.214	32.4113
1397776787.997	n	10.8940	3.63467	8.199	32.4112
1397776788.059	n	10.8941	3.63469	8.187	32.4112
1397776788.122	n	10.8941	3.63469	8.175	32.4113
1397776788.185	n	10.8938	3.63469	8.161	32.4115
1397776788.247	n	10.8935	3.63469	8.150	32.4118
1397776788.311	n	10.8932	3.63469	8.139	32.4121
1397776788.373	n	10.8929	3.63468	8.127	32.4122
1397776788.436	n	10.8928	3.63467	8.114	32.4123
1397776788.498	n	10.8925	3.63466	8.100	32.4124
1397776788.562	n	10.8922	3.63464	8.086	32.4125
1397776788.623	n	10.8920	3.63462	8.074	32.4125
1397776788.686	n	10.8920	3.63462	8.063	32.4125
1397776788.748	n	10.8921	3.63462	8.048	32.4124
1397776788.811	n	10.8922	3.63464	8.032	32.4125
1397776788.873	n	10.8923	3.63466	8.022	32.4127
1397776788.935	n	10.8922	3.63468	8.006	32.4129
1397776788.999	n	10.8922	3.63468	7.992	32.4129
1397776789.060	n	10.8923	3.63467	7.980	32.4127
1397776789.122	n	10.8928	3.63467	7.969	32.4124
1397776789.186	n	10.8934	3.63467	7.956	32.4118
1397776789.249	n	10.8940	3.63468	7.942	32.4114
1397776789.310	n	10.8945	3.63470	7.931	32.4111
1397776789.372	n	10.8950	3.63473	7.922	32.4110
1397776789.436	n	10.8954	3.63474	7.910	32.4107
1397776789.499	n	10.8958	3.63475	7.894	32.4104
1397776789.561	n	10.8963	3.63476	7.881	32.4101
1397776789.627	y	10.8966	3.63477	7.868	32.4100
1397776789.686	n	10.8965	3.63477	7.854	32.4100
1397776789.749	n	10.8962	3.63477	7.839	32.4103
1397776789.811	n	10.8958	3.63475	7.829	32.4106
1397776789.873	n	10.8955	3.63474	7.818	32.4107
1397776789.935	n	10.8955	3.63475	7.802	32.4108
1397776789.999	y	10.8959	3.63477	7.790	32.4107
1397776790.115	n	10.8963	3.63477	7.776	32.4103
1397776790.124	n	10.8966	3.63478	7.763	32.4101
1397776790.185	n	10.8967	3.63477	7.748	32.4100
1397776790.249	n	10.8966	3.63477	7.735	32.4100
1397776790.310	n	10.8965	3.63476	7.724	32.4100
1397776790.372	n	10.8965	3.63476	7.713	32.4100
1397776790.437	n	10.8965	3.63475	7.700	32.4099
1397776790.500	n	10.8965	3.63474	7.686	32.4098
1397776790.560	n	10.8964	3.63474	7.671	32.4099
1397776790.622	n	10.8965	3.63475	7.656	32.4100
1397776790.686	n	10.8967	3.63477	7.644	32.4100
1397776790.749	n	10.8971	3.63480	7.631	32.4099
1397776790.811	n	10.8975	3.63482	7.620	32.4097
1397776790.873	n	10.8978	3.63482	7.605	32.4095
1397776790.935	n	10.8980	3.63482	7.591	32.4094
1397776790.999	n	10.8981	3.63481	7.575	32.4092
1397776791.060	n	10.8982	3.63481	7.563	32.4091
1397776791.123	n	10.8983	3.63482	7.552	32.4091
1397776791.184	n	10.8984	3.63483	7.539	32.4091
1397776791.248	n	10.8984	3.63484	7.523	32.4092
1397776791.311	n	10.8985	3.63484	7.511	32.4092
1397776791.372	n	10.8986	3.63484	7.500	32.4091
1397776791.437	n	10.8986	3.63483	7.486	32.4089
1397776791.498	n	10.8986	3.63482	7.470	32.4089
1397776791.561	n	10.8985	3.63482	7.456	32.4089
1397776791.623	n	10.8983	3.63483	7.442	32.4092
1397776791.686	n	10.8979	3.63482	7.431	32.4095
1397776791.748	n	10.8976	3.63482	7.419	32.4098
1397776791.810	n	10.8974	3.63482	7.406	32.4100
1397776791.872	n	10.8974	3.63481	7.390	32.4099
1397776791.936	n	10.8977	3.63482	7.380	32.4097
1397776791.998	n	10.8981	3.63483	7.367	32.4095
1397776792.062	n	10.8985	3.63484	7.355	32.4092
1397776792.123	n	10.8987	3.63485	7.342	32.4091
1397776792.185	n	10.8986	3.63486	7.329	32.4093
1397776792.247	n	10.8982	3.63484	7.319	32.4095
1397776792.311	n	10.8977	3.63483	7.310	32.4098
1397776792.373	n	10.8972	3.63480	7.297	32.4100
1397776792.437	n	10.8970	3.63478	7.283	32.4101
1397776792.497	n	10.8969	3.63478	7.271	32.4101
1397776792.559	n	10.8970	3.63479	7.260	32.4101
1397776792.622	n	10.8971	3.63480	7.248	32.4101
1397776792.687	n	10.8973	3.63480	7.237	32.4100
1397776792.747	n	10.8975	3.63481	7.220	32.4098
1397776792.811	n	10.8978	3.63481	7.208	32.4096
1397776792.874	n	10.8980	3.63481	7.197	32.4094
1397776792.936	n	10.8982	3.63480	7.184	32.4092
1397776792.998	n	10.8983	3.63481	7.171	32.4091
1397776793.061	n	10.8984	3.63480	7.157	32.4090
1397776793.123	n	10.8983	3.63479	7.145	32.4089
1397776793.185	n	10.8982	3.63478	7.132	32.4089
1397776793.312	y	10.8981	3.63477	7.117	32.4090
1397776793.319	n	10.8980	3.63476	7.106	32.4090
1397776793.373	n	10.8979	3.63476	7.090	32.4090
1397776793.436	n	10.8979	3.63475	7.077	32.4090
1397776793.498	n	10.8980	3.63475	7.067	32.4089
1397776793.561	n	10.8980	3.63476	7.053	32.4090
1397776793.623	n	10.8980	3.63478	7.040	32.4092
1397776793.686	n	10.8980	3.63479	7.031	32.4093
1397776793.748	n	10.8981	3.63480	7.017	32.4094
1397776793.810	n	10.8981	3.63482	7.005	32.4095
1397776793.873	n	10.8981	3.63483	6.991	32.4096
1397776793.941	n	10.8981	3.63483	6.974	32.4097
1397776793.999	n	10.8981	3.63483	6.963	32.4096
1397776794.061	n	10.8982	3.63483	6.954	32.4095
1397776794.122	n	10.8983	3.63483	6.940	32.4095
1397776794.187	n	10.8984	3.63483	6.921	32.4095
1397776794.248	y	10.8983	3.63483	6.909	32.4094
1397776794.399	n	10.8984	3.63483	6.895	32.4094
1397776794.407	n	10.8984	3.63483	6.881	32.4094
1397776794.435	n	10.8985	3.63483	6.867	32.4093
1397776794.500	n	10.8985	3.63482	6.854	32.4092
1397776794.560	n	10.8982	3.63481	6.838	32.4094
1397776794.623	n	10.8979	3.63480	6.820	32.4096
1397776794.685	n	10.8976	3.63480	6.805	32.4098
1397776794.749	n	10.8973	3.63479	6.792	32.4100
1397776794.810	n	10.8972	3.63479	6.777	32.4101
1397776794.872	n	10.8972	3.63478	6.759	32.4101
1397776794.938	n	10.8973	3.63479	6.744	32.4100
1397776795.000	n	10.8974	3.63480	6.728	32.4100
1397776795.060	n	10.8975	3.63481	6.712	32.4100
1397776795.122	n	10.8976	3.63481	6.696	32.4101
1397776795.186	n	10.8975	3.63480	6.684	32.4100
1397776795.247	n	10.8974	3.63477	6.669	32.4098
1397776795.311	n	10.8970	3.63473	6.654	32.4098
1397776795.373	n	10.8964	3.63470	6.637	32.4100
1397776795.436	n	10.8957	3.63469	6.623	32.4105
1397776795.498	n	10.8949	3.63469	6.609	32.4112
1397776795.560	n	10.8943	3.63469	6.594	32.4118
1397776795.625	n	10.8939	3.63469	6.583	32.4121
1397776795.685	n	10.8938	3.63467	6.567	32.4121
1397776795.748	n	10.8938	3.63466	6.557	32.4119
1397776795.810	n	10.8939	3.63465	6.545	32.4117
1397776795.874	n	10.8941	3.63465	6.532	32.4116
1397776795.935	n	10.8943	3.63465	6.520	32.4115
1397776795.999	n	10.8944	3.63464	6.511	32.4112
1397776796.060	n	10.8946	3.63461	6.501	32.4107
1397776796.123	n	10.8947	3.63460	6.488	32.4106
1397776796.187	n	10.8948	3.63462	6.475	32.4107
1397776796.249	n	10.8949	3.63465	6.467	32.4109
1397776796.310	n	10.8950	3.63469	6.455	32.4112
1397776796.372	n	10.8952	3.63469	6.444	32.4110
1397776796.436	n	10.8954	3.63467	6.437	32.4107
1397776796.499	n	10.8956	3.63465	6.424	32.4103
1397776796.561	n	10.8955	3.63464	6.420	32.4103
1397776796.624	n	10.8954	3.63466	6.411	32.4105
1397776796.686	n	10.8954	3.63469	6.399	32.4109
1397776796.749	n	10.8954	3.63473	6.390	32.4113
1397776796.811	n	10.8955	3.63477	6.384	32.4116
1397776796.873	n	10.8957	3.63481	6.375	32.4118
1397776796.935	y	10.8960	3.63484	6.369	32.4118
1397776796.999	n	10.8963	3.63485	6.365	32.4117
1397776797.060	n	10.8966	3.63484	6.357	32.4113
1397776797.123	n	10.8969	3.63482	6.349	32.4109
1397776797.187	n	10.8970	3.63480	6.344	32.4106
1397776797.248	n	10.8971	3.63479	6.336	32.4104
1397776797.311	n	10.8970	3.63478	6.334	32.4104
1397776797.373	n	10.8968	3.63478	6.327	32.4105
1397776797.436	n	10.8966	3.63476	6.321	32.4105
1397776797.498	n	10.8966	3.63475	6.317	32.4104
1397776797.560	n	10.8968	3.63474	6.311	32.4102
1397776797.623	n	10.8972	3.63473	6.305	32.4098
1397776797.688	n	10.8978	3.63474	6.298	32.4093
1397776797.747	n	10.8986	3.63478	6.294	32.4090
1397776797.810	n	10.8994	3.63483	6.285	32.4087
1397776797.874	n	10.9002	3.63488	6.278	32.4086
1397776797.942	n	10.9009	3.63491	6.273	32.4083
1397776797.998	n	10.9015	3.63493	6.269	32.4079
1397776798.060	n	10.9018	3.63492	6.266	32.4076
1397776798.123	n	10.9020	3.63492	6.259	32.4074
1397776798.187	n	10.9024	3.63493	6.248	32.4071
1397776798.248	n	10.9030	3.63496	6.245	32.4069
1397776798.311	n	10.9037	3.63500	6.241	32.4066
1397776798.374	n	10.9044	3.63503	6.230	32.4063
1397776798.436	n	10.9047	3.63503	6.225	32.4061
1397776798.639	y	10.9044	3.63502	6.218	32.4062
1397776798.648	n	10.9037	3.63498	6.210	32.4065
1397776798.653	n	10.9025	3.63495	6.202	32.4073
1397776798.686	n	10.9010	3.63491	6.197	32.4081
1397776798.748	n	10.8998	3.63487	6.189	32.4089
1397776798.810	n	10.8991	3.63485	6.184	32.4093
1397776798.872	n	10.8989	3.63484	6.181	32.4093
1397776798.941	n	10.8992	3.63484	6.173	32.4091
1397776798.998	n	10.8998	3.63486	6.168	32.4088
1397776799.061	n	10.9006	3.63491	6.163	32.4085
1397776799.123	n	10.9017	3.63497	6.152	32.4081
1397776799.185	n	10.9031	3.63504	6.147	32.4076
1397776799.248	n	10.9044	3.63510	6.140	32.4070
1397776799.311	n	10.9055	3.63514	6.129	32.4064
1397776799.373	n	10.9063	3.63515	6.124	32.4059
1397776799.436	n	10.9066	3.63515	6.117	32.4056
1397776799.498	n	10.9066	3.63514	6.110	32.4056
1397776799.561	n	10.9065	3.63514	6.102	32.4057
1397776799.623	n	10.9064	3.63516	6.090	32.4059
1397776799.686	n	10.9065	3.63517	6.080	32.4060
1397776799.747	n	10.9066	3.63518	6.073	32.4059
1397776799.810	n	10.9067	3.63517	6.066	32.4058
1397776799.873	n	10.9068	3.63516	6.055	32.4056
1397776799.941	n	10.9069	3.63515	6.044	32.4053
1397776799.998	n	10.9071	3.63514	6.031	32.4051
1397776800.061	n	10.9073	3.63514	6.021	32.4049
1397776800.123	n	10.9075	3.63513	6.007	32.4047
1397776800.187	n	10.9077	3.63514	5.995	32.4046
1397776800.249	n	10.9079	3.63516	5.983	32.4046
1397776800.311	n	10.9080	3.63517	5.968	32.4047
1397776800.374	n	10.9082	3.63519	5.952	32.4047
1397776800.437	n	10.9082	3.63519	5.940	32.4047
1397776800.499	n	10.9082	3.63519	5.924	32.4047
1397776800.561	y	10.9081	3.63518	5.910	32.4047
1397776800.624	n	10.9081	3.63518	5.894	32.4047
1397776800.686	n	10.9082	3.63519	5.880	32.4046
1397776800.749	n	10.9083	3.63520	5.863	32.4047
1397776800.810	n	10.9084	3.63521	5.846	32.4047
1397776800.873	n	10.9085	3.63522	5.830	32.4048
1397776800.941	n	10.9085	3.63522	5.813	32.4048
1397776800.998	n	10.9086	3.63521	5.798	32.4047
1397776801.061	n	10.9088	3.63521	5.777	32.4044
1397776801.124	n	10.9090	3.63521	5.756	32.4042
1397776801.185	n	10.9091	3.63520	5.741	32.4041
1397776801.249	n	10.9090	3.63521	5.726	32.4042
1397776801.310	n	10.9088	3.63520	5.710	32.4044
1397776801.374	n	10.9086	3.63520	5.693	32.4045
1397776801.439	y	10.9085	3.63520	5.675	32.4046
1397776801.555	n	10.9085	3.63519	5.659	32.4046
1397776801.561	n	10.9085	3.63518	5.639	32.4045
1397776801.624	n	10.9083	3.63517	5.621	32.4045
1397776801.686	n	10.9081	3.63516	5.604	32.4046
1397776801.748	n	10.9079	3.63515	5.589	32.4048
1397776801.811	n	10.9078	3.63516	5.575	32.4049
1397776801.873	n	10.9077	3.63516	5.561	32.4050
1397776801.935	n	10.9078	3.63517	5.542	32.4050
1397776801.998	n	10.9080	3.63517	5.528	32.4049
1397776802.061	n	10.9082	3.63517	5.512	32.4046
1397776802.123	n	10.9085	3.63518	5.497	32.4045
1397776802.187	n	10.9086	3.63518	5.481	32.4045
1397776802.249	n	10.9084	3.63518	5.470	32.4046
1397776802.311	n	10.9082	3.63519	5.457	32.4049
1397776802.374	n	10.9081	3.63519	5.441	32.4050
1397776802.437	n	10.9082	3.63518	5.428	32.4049
1397776802.499	n	10.9082	3.63518	5.415	32.4048
1397776802.562	n	10.9084	3.63516	5.404	32.4045
1397776802.623	n	10.9085	3.63516	5.393	32.4044
1397776802.686	n	10.9085	3.63516	5.379	32.4044
1397776802.748	y	10.9085	3.63517	5.371	32.4045
1397776802.893	n	10.9084	3.63518	5.358	32.4047
1397776802.900	n	10.9082	3.63518	5.349	32.4049
1397776802.936	n	10.9081	3.63518	5.337	32.4049
1397776802.998	n	10.9081	3.63517	5.329	32.4049
1397776803.061	n	10.9082	3.63517	5.319	32.4048
1397776803.122	n	10.9082	3.63517	5.307	32.4048
1397776803.186	n	10.9082	3.63517	5.303	32.4048
1397776803.248	n	10.9081	3.63517	5.293	32.4049
1397776803.310	n	10.9080	3.63517	5.283	32.4050
1397776803.373	n	10.9078	3.63517	5.273	32.4051
1397776803.436	n	10.9078	3.63517	5.264	32.4051
1397776803.498	n	10.9077	3.63516	5.256	32.4051
1397776803.560	n	10.9076	3.63516	5.247	32.4052
1397776803.623	n	10.9076	3.63516	5.242	32.4052
1397776803.686	n	10.9076	3.63516	5.230	32.4052
1397776803.749	n	10.9077	3.63516	5.222	32.4052
1397776803.810	n	10.9078	3.63516	5.212	32.4051
1397776803.873	n	10.9078	3.63516	5.202	32.4050
1397776803.937	n	10.9078	3.63515	5.200	32.4050
1397776803.998	n	10.9076	3.63515	5.188	32.4051
1397776804.061	n	10.9074	3.63514	5.181	32.4052
1397776804.124	n	10.9073	3.63514	5.172	32.4054
1397776804.186	n	10.9072	3.63514	5.165	32.4055
1397776804.295	y	10.9072	3.63515	5.153	32.4055
1397776804.310	n	10.9074	3.63515	5.144	32.4054
1397776804.373	n	10.9075	3.63515	5.135	32.4053
1397776804.436	n	10.9075	3.63514	5.128	32.4051
1397776804.497	n	10.9075	3.63513	5.117	32.4051
1397776804.560	n	10.9075	3.63514	5.106	32.4052
1397776804.622	n	10.9075	3.63516	5.093	32.4053
1397776804.687	n	10.9077	3.63518	5.081	32.4054
1397776804.749	n	10.9079	3.63520	5.066	32.4054
1397776804.811	n	10.9080	3.63520	5.052	32.4053
1397776804.874	n	10.9081	3.63519	5.045	32.4052
1397776804.935	n	10.9081	3.63517	5.032	32.4049
1397776804.997	n	10.9082	3.63515	5.016	32.4047
1397776805.060	n	10.9082	3.63514	5.002	32.4046
1397776805.123	n	10.9081	3.63514	4.988	32.4047
1397776805.187	n	10.9081	3.63515	4.974	32.4048
1397776805.248	n	10.9081	3.63516	4.958	32.4048
1397776805.310	n	10.9082	3.63515	4.945	32.4047
1397776805.373	n	10.9084	3.63514	4.932	32.4045
1397776805.435	n	10.9085	3.63515	4.919	32.4044
1397776805.498	n	10.9086	3.63516	4.904	32.4045
1397776805.561	n	10.9086	3.63517	4.889	32.4046
1397776805.623	n	10.9085	3.63517	4.872	32.4047
1397776805.685	n	10.9084	3.63516	4.863	32.4047
1397776805.749	n	10.9082	3.63514	4.849	32.4046
1397776805.811	n	10.9082	3.63514	4.838	32.4047
1397776805.873	n	10.9083	3.63515	4.825	32.4047
1397776805.935	n	10.9084	3.63512	4.812	32.4043
1397776805.999	n	10.9085	3.63509	4.800	32.4039
1397776806.061	n	10.9086	3.63508	4.789	32.4037
1397776806.122	n	10.9086	3.63509	4.777	32.4038
1397776806.186	n	10.9086	3.63512	4.764	32.4041
1397776806.248	n	10.9086	3.63517	4.755	32.4046
1397776806.310	n	10.9086	3.63517	4.744	32.4046
1397776806.373	n	10.9086	3.63516	4.735	32.4046
1397776806.436	n	10.9086	3.63515	4.727	32.4045
1397776806.498	n	10.9087	3.63514	4.717	32.4043
1397776806.562	n	10.9087	3.63514	4.708	32.4043
1397776806.624	n	10.9087	3.63515	4.697	32.4044
1397776806.686	n	10.9086	3.63515	4.687	32.4045
1397776806.748	n	10.9086	3.63515	4.680	32.4046
1397776806.810	n	10.9085	3.63515	4.671	32.4045
1397776806.873	n	10.9085	3.63514	4.663	32.4045
1397776806.936	n	10.9085	3.63514	4.654	32.4045
1397776806.998	y	10.9085	3.63514	4.646	32.4045
1397776807.224	n	10.9085	3.63514	4.638	32.4045
1397776807.231	n	10.9085	3.63514	4.632	32.4045
1397776807.236	n	10.9085	3.63514	4.624	32.4045
1397776807.247	n	10.9085	3.63514	4.615	32.4045
1397776807.310	n	10.9085	3.63514	4.611	32.4045
1397776807.372	n	10.9085	3.63514	4.601	32.4045
1397776807.438	n	10.9085	3.63514	4.594	32.4045
1397776807.499	n	10.9085	3.63513	4.587	32.4045
1397776807.561	n	10.9085	3.63513	4.575	32.4045
1397776807.622	n	10.9085	3.63513	4.567	32.4045
1397776807.686	n	10.9085	3.63513	4.560	32.4045
1397776807.749	n	10.9084	3.63513	4.553	32.4045
1397776807.811	n	10.9084	3.63513	4.543	32.4045
1397776807.875	y	10.9084	3.63513	4.534	32.4046
1397776807.937	n	10.9084	3.63513	4.528	32.4046
1397776807.999	n	10.9083	3.63513	4.516	32.4046
1397776808.061	n	10.9083	3.63512	4.506	32.4045
1397776808.124	n	10.9082	3.63512	4.496	32.4045
1397776808.186	n	10.9082	3.63511	4.489	32.4045
1397776808.248	n	10.9082	3.63512	4.478	32.4046
1397776808.310	n	10.9082	3.63511	4.466	32.4046
1397776808.373	n	10.9082	3.63512	4.458	32.4046
1397776808.437	n	10.9082	3.63510	4.443	32.4044
1397776808.498	n	10.9082	3.63509	4.434	32.4043
1397776808.561	n	10.9082	3.63508	4.424	32.4043
1397776808.623	n	10.9081	3.63509	4.412	32.4044
1397776808.686	n	10.9079	3.63509	4.399	32.4046
1397776808.749	n	10.9079	3.63511	4.387	32.4049
1397776808.811	n	10.9080	3.63512	4.376	32.4049
1397776808.874	n	10.9082	3.63513	4.363	32.4048
1397776808.938	n	10.9084	3.63513	4.349	32.4046
1397776808.997	n	10.9086	3.63513	4.340	32.4045
1397776809.062	n	10.9086	3.63513	4.327	32.4044
1397776809.123	n	10.9085	3.63512	4.314	32.4044
1397776809.187	n	10.9085	3.63513	4.300	32.4045
1397776809.248	n	10.9086	3.63512	4.291	32.4044
1397776809.311	n	10.9087	3.63513	4.281	32.4043
1397776809.372	n	10.9089	3.63513	4.268	32.4042
1397776809.436	n	10.9090	3.63513	4.255	32.4041
1397776809.498	n	10.9091	3.63513	4.243	32.4040
1397776809.561	n	10.9092	3.63510	4.230	32.4037
1397776809.624	n	10.9093	3.63509	4.213	32.4035
1397776809.685	n	10.9094	3.63508	4.198	32.4034
1397776809.749	n	10.9094	3.63509	4.184	32.4033
1397776809.811	n	10.9095	3.63511	4.170	32.4035
1397776809.873	n	10.9097	3.63514	4.153	32.4037
1397776809.940	n	10.9098	3.63515	4.136	32.4037
1397776809.998	n	10.9099	3.63517	4.117	32.4037
1397776810.060	n	10.9100	3.63518	4.105	32.4038
1397776810.123	n	10.9100	3.63518	4.090	32.4037
1397776810.185	n	10.9100	3.63517	4.078	32.4037
1397776810.249	n	10.9100	3.63516	4.061	32.4036
1397776810.311	n	10.9099	3.63517	4.041	32.4038
1397776810.374	n	10.9099	3.63518	4.028	32.4039
1397776810.437	n	10.9100	3.63519	4.013	32.4040
1397776810.498	n	10.9100	3.63519	3.998	32.4039
1397776810.560	n	10.9100	3.63518	3.982	32.4039
1397776810.623	n	10.9099	3.63516	3.968	32.4038
1397776810.686	n	10.9098	3.63515	3.951	32.4038
1397776810.748	n	10.9096	3.63514	3.935	32.4038
1397776810.811	n	10.9094	3.63514	3.920	32.4040
1397776810.873	n	10.9091	3.63512	3.905	32.4041
1397776810.936	n	10.9088	3.63512	3.889	32.4043
1397776810.998	n	10.9085	3.63511	3.872	32.4045
1397776811.060	n	10.9084	3.63510	3.854	32.4045
1397776811.123	n	10.9083	3.63510	3.837	32.4046
1397776811.187	n	10.9083	3.63510	3.819	32.4046
1397776811.396	y	10.9083	3.63511	3.803	32.4047
1397776811.402	n	10.9084	3.63511	3.781	32.4047
1397776811.408	n	10.9084	3.63511	3.767	32.4046
1397776811.436	n	10.9085	3.63511	3.749	32.4046
1397776811.498	n	10.9084	3.63511	3.732	32.4046
1397776811.560	y	10.9084	3.63511	3.714	32.4047
1397776811.623	n	10.9084	3.63511	3.691	32.4047
1397776811.686	n	10.9084	3.63511	3.670	32.4047
1397776811.748	n	10.9085	3.63512	3.653	32.4047
1397776811.812	n	10.9085	3.63512	3.639	32.4047
1397776811.875	n	10.9086	3.63513	3.620	32.4047
1397776811.938	n	10.9088	3.63514	3.599	32.4047
1397776811.998	n	10.9089	3.63515	3.582	32.4046
1397776812.061	n	10.9091	3.63515	3.562	32.4046
1397776812.124	n	10.9092	3.63515	3.540	32.4045
1397776812.186	n	10.9093	3.63514	3.519	32.4043
1397776812.248	n	10.9095	3.63514	3.498	32.4041
1397776812.311	n	10.9097	3.63513	3.480	32.4039
1397776812.373	n	10.9098	3.63514	3.462	32.4038
1397776812.437	n	10.9099	3.63514	3.447	32.4038
1397776812.498	n	10.9099	3.63514	3.426	32.4038
1397776812.561	n	10.9100	3.63514	3.408	32.4037
1397776812.623	n	10.9101	3.63514	3.390	32.4036
1397776812.687	n	10.9102	3.63514	3.378	32.4036
1397776812.748	n	10.9102	3.63514	3.369	32.4035
1397776812.811	n	10.9101	3.63513	3.357	32.4035
1397776812.873	n	10.9100	3.63513	3.346	32.4036
1397776812.936	n	10.9099	3.63513	3.337	32.4036
1397776812.998	n	10.9098	3.63513	3.326	32.4038
1397776813.061	n	10.9097	3.63513	3.319	32.4039
1397776813.123	n	10.9096	3.63513	3.309	32.4040
1397776813.187	n	10.9095	3.63513	3.301	32.4041
1397776813.248	n	10.9094	3.63513	3.293	32.4041
1397776813.310	n	10.9095	3.63513	3.288	32.4041
1397776813.372	n	10.9095	3.63514	3.286	32.4041
1397776813.435	n	10.9096	3.63515	3.279	32.4042
1397776813.499	n	10.9096	3.63515	3.272	32.4042
1397776813.561	n	10.9097	3.63514	3.269	32.4040
1397776813.623	n	10.9098	3.63513	3.259	32.4038
1397776813.687	n	10.9099	3.63513	3.251	32.4037
1397776813.748	n	10.9100	3.63514	3.245	32.4037
1397776813.811	n	10.9100	3.63515	3.239	32.4039
1397776813.873	n	10.9100	3.63515	3.230	32.4038
1397776813.935	n	10.9100	3.63514	3.224	32.4038
1397776813.999	n	10.9100	3.63513	3.214	32.4037
1397776814.061	n	10.9100	3.63514	3.202	32.4038
1397776814.124	n	10.9101	3.63515	3.194	32.4038
1397776814.186	n	10.9101	3.63518	3.190	32.4040
1397776814.248	n	10.9100	3.63518	3.183	32.4041
1397776814.310	n	10.9100	3.63516	3.175	32.4040
1397776814.373	n	10.9099	3.63514	3.166	32.4039
1397776814.437	n	10.9097	3.63512	3.160	32.4038
1397776814.499	n	10.9094	3.63509	3.149	32.4039
1397776814.561	n	10.9088	3.63507	3.143	32.4041
1397776814.624	n	10.9081	3.63505	3.136	32.4046
1397776814.687	n	10.9074	3.63503	3.128	32.4050
1397776814.749	n	10.9069	3.63501	3.121	32.4052
1397776814.811	n	10.9066	3.63500	3.110	32.4055
1397776814.873	n	10.9065	3.63500	3.103	32.4055
1397776814.936	n	10.9066	3.63501	3.095	32.4056
1397776814.999	n	10.9067	3.63503	3.085	32.4056
1397776815.061	n	10.9070	3.63503	3.076	32.4054
1397776815.124	n	10.9073	3.63503	3.069	32.4052
1397776815.224	y	10.9076	3.63505	3.057	32.4050
1397776815.248	n	10.9080	3.63507	3.043	32.4050
1397776815.311	n	10.9082	3.63509	3.034	32.4050
1397776815.375	n	10.9083	3.63511	3.023	32.4050
1397776815.438	n	10.9083	3.63511	3.012	32.4050
1397776815.604	y	10.9083	3.63510	2.999	32.4050
1397776815.609	n	10.9083	3.63510	2.989	32.4050
1397776815.623	n	10.9082	3.63509	2.973	32.4050
1397776815.687	n	10.9083	3.63509	2.965	32.4049
1397776815.748	n	10.9084	3.63510	2.949	32.4049
1397776815.811	n	10.9084	3.63509	2.937	32.4048
1397776815.873	n	10.9084	3.63507	2.927	32.4047
1397776815.937	n	10.9082	3.63507	2.913	32.4048
1397776815.999	n	10.9079	3.63506	2.897	32.4050
1397776816.061	n	10.9075	3.63505	2.883	32.4052
1397776816.124	n	10.9071	3.63504	2.870	32.4055
1397776816.187	n	10.9069	3.63502	2.857	32.4055
1397776816.248	n	10.9068	3.63501	2.843	32.4054
1397776816.310	n	10.9069	3.63501	2.828	32.4054
1397776816.373	n	10.9072	3.63502	2.814	32.4052
1397776816.437	n	10.9075	3.63504	2.799	32.4051
1397776816.500	n	10.9078	3.63505	2.787	32.4050
1397776816.562	n	10.9080	3.63505	2.772	32.4048
1397776816.679	y	10.9081	3.63505	2.760	32.4047
1397776816.685	n	10.9082	3.63504	2.747	32.4047
1397776816.748	n	10.9081	3.63504	2.736	32.4046
1397776816.810	n	10.9081	3.63504	2.724	32.4047
1397776816.872	n	10.9080	3.63504	2.714	32.4048
1397776816.936	n	10.9079	3.63504	2.703	32.4049
1397776816.998	n	10.9077	3.63503	2.688	32.4049
1397776817.060	n	10.9076	3.63503	2.680	32.4050
1397776817.123	n	10.9075	3.63501	2.672	32.4050
1397776817.186	n	10.9074	3.63500	2.661	32.4049
1397776817.249	n	10.9074	3.63501	2.646	32.4050
1397776817.311	n	10.9074	3.63501	2.635	32.4051
1397776817.374	n	10.9074	3.63501	2.625	32.4051
1397776817.436	n	10.9074	3.63501	2.614	32.4051
1397776817.499	n	10.9074	3.63501	2.605	32.4051
1397776817.561	n	10.9074	3.63501	2.595	32.4050
1397776817.624	n	10.9076	3.63502	2.582	32.4050
1397776817.687	n	10.9078	3.63502	2.575	32.4048
1397776817.750	n	10.9080	3.63503	2.568	32.4047
1397776817.810	n	10.9081	3.63503	2.561	32.4046
1397776817.873	n	10.9082	3.63503	2.549	32.4046
1397776817.937	n	10.9082	3.63504	2.544	32.4047
1397776817.998	n	10.9082	3.63505	2.535	32.4048
1397776818.061	n	10.9082	3.63506	2.526	32.4049
1397776818.124	n	10.9082	3.62749	2.521	32.3298
1397776818.186	n	10.9081	3.61080	2.512	32.1646
1397776818.247	n	10.9082	3.60062	2.506	32.0638
1397776818.312	n	10.9081	3.59965	2.503	32.0543
1397776818.374	n	10.9080	3.60817	2.494	32.1387
1397776818.436	n	10.9078	3.62389	2.489	32.2946
1397776818.499	n	10.9075	3.63501	2.483	32.4050
1397776818.561	n	10.9073	3.63501	2.473	32.4052
1397776818.624	n	10.9072	3.63502	2.464	32.4054
1397776818.685	n	10.9071	3.63502	2.453	32.4054
1397776818.749	n	10.9072	3.63502	2.442	32.4053
1397776818.811	n	10.9075	3.63502	2.431	32.4052
1397776818.872	y	10.9078	3.63504	2.417	32.4050
1397776818.953	n	10.9083	3.63507	2.405	32.4049
1397776818.998	n	10.9088	3.63511	2.389	32.4049
1397776819.061	n	10.9093	3.63513	2.374	32.4047
1397776819.123	n	10.9097	3.63516	2.360	32.4046
1397776819.187	n	10.9101	3.63517	2.344	32.4044
1397776819.247	n	10.9103	3.63518	2.328	32.4042
1397776819.310	n	10.9105	3.63518	2.311	32.4041
1397776819.372	n	10.9106	3.63518	2.293	32.4040
1397776819.437	n	10.9107	3.63517	2.274	32.4039
1397776819.499	n	10.9107	3.63517	2.258	32.4038
1397776819.562	n	10.9107	3.63517	2.238	32.4039
1397776819.623	n	10.9106	3.63517	2.220	32.4040
1397776819.686	n	10.9105	3.63518	2.201	32.4042
1397776819.896	y	10.9105	3.63519	2.184	32.4043
1397776819.902	n	10.9105	3.63519	2.165	32.4043
1397776819.907	n	10.9106	3.63520	2.150	32.4043
1397776819.937	n	10.9106	3.63519	2.130	32.4042
1397776819.999	n	10.9106	3.63519	2.115	32.4042
1397776820.061	n	10.9104	3.63519	2.097	32.4043
1397776820.124	n	10.9103	3.63518	2.074	32.4044
1397776820.185	n	10.9101	3.63517	2.061	32.4044
1397776820.248	n	10.9101	3.63516	2.042	32.4045
1397776820.311	n	10.9101	3.63515	2.025	32.4044
1397776820.373	n	10.9101	3.63514	2.004	32.4042
1397776820.437	n	10.9100	3.63513	1.991	32.4041
1397776820.498	n	10.9099	3.63512	1.973	32.4041
1397776820.561	n	10.9098	3.63512	1.955	32.4042
1397776820.623	n	10.9098	3.63513	1.939	32.4043
1397776820.687	n	10.9098	3.63513	1.923	32.4044
1397776820.748	n	10.9099	3.63514	1.906	32.4044
1397776820.811	n	10.9099	3.63514	1.891	32.4044
1397776820.873	n	10.9098	3.63513	1.881	32.4044
1397776820.937	n	10.9096	3.63512	1.864	32.4045
1397776820.999	n	10.9095	3.63511	1.845	32.4045
1397776821.062	n	10.9096	3.63511	1.833	32.4044
1397776821.123	n	10.9097	3.63511	1.824	32.4043
1397776821.187	n	10.9098	3.63511	1.810	32.4042
1397776821.249	n	10.9098	3.63511	1.798	32.4042
1397776821.311	n	10.9098	3.63511	1.783	32.4042
1397776821.374	n	10.9098	3.63511	1.770	32.4042
1397776821.435	n	10.9099	3.63511	1.754	32.4042
1397776821.499	n	10.9099	3.63512	1.740	32.4043
1397776821.561	n	10.9099	3.63512	1.725	32.4043
1397776821.623	n	10.9099	3.63513	1.712	32.4043
1397776821.688	n	10.9099	3.63512	1.698	32.4043
1397776821.750	n	10.9099	3.63511	1.688	32.4043
1397776821.811	n	10.9099	3.63511	1.671	32.4043
1397776821.873	n	10.9099	3.63512	1.654	32.4043
1397776821.936	n	10.9100	3.63511	1.640	32.4042
1397776821.999	n	10.9100	3.63512	1.634	32.4042
1397776822.060	n	10.9099	3.63511	1.623	32.4042
1397776822.123	n	10.9098	3.63510	1.610	32.4042
1397776822.186	n	10.9098	3.63510	1.597	32.4043
1397776822.248	n	10.9097	3.63510	1.585	32.4043
1397776822.311	n	10.9098	3.63511	1.580	32.4043
1397776822.374	n	10.9098	3.63512	1.571	32.4044
1397776822.437	n	10.9098	3.63511	1.565	32.4043
1397776822.570	y	10.9098	3.63511	1.561	32.4043
1397776822.576	n	10.9098	3.63510	1.558	32.4042
1397776822.623	n	10.9098	3.63510	1.551	32.4042
1397776822.688	n	10.9098	3.63510	1.550	32.4042
1397776822.749	n	10.9098	3.63511	1.546	32.4044
1397776822.811	n	10.9098	3.63511	1.544	32.4044
1397776822.873	n	10.9097	3.63511	1.547	32.4044
1397776822.937	n	10.9096	3.63511	1.546	32.4045
1397776822.998	n	10.9095	3.63509	1.544	32.4045
1397776823.061	n	10.9094	3.63509	1.544	32.4045
1397776823.124	n	10.9092	3.63509	1.545	32.4047
1397776823.187	n	10.9091	3.63509	1.546	32.4048
1397776823.248	n	10.9090	3.63509	1.547	32.4048
1397776823.310	n	10.9090	3.63509	1.546	32.4049
1397776823.373	n	10.9090	3.63508	1.545	32.4048
1397776823.438	n	10.9090	3.63507	1.543	32.4047
1397776823.498	n	10.9091	3.63507	1.539	32.4046
1397776823.561	n	10.9091	3.63507	1.537	32.4046
1397776823.624	n	10.9092	3.63508	1.528	32.4045
1397776823.688	n	10.9094	3.63508	1.522	32.4044
1397776823.748	n	10.9095	3.63509	1.515	32.4045
1397776823.811	n	10.9097	3.63511	1.509	32.4045
1397776823.873	n	10.9099	3.63513	1.500	32.4045
1397776823.937	n	10.9103	3.63516	1.490	32.4044
1397776824.136	y	10.9107	3.63517	1.482	32.4042
1397776824.143	n	10.9111	3.63517	1.474	32.4039
1397776824.148	n	10.9112	3.63517	1.461	32.4037
1397776824.186	n	10.9113	3.63517	1.442	32.4037
1397776824.249	n	10.9111	3.63516	1.430	32.4037
1397776824.311	n	10.9108	3.63514	1.411	32.4039
1397776824.373	n	10.9105	3.63513	1.388	32.4040
1397776824.436	n	10.9101	3.63511	1.369	32.4042
1397776824.499	n	10.9099	3.63510	1.350	32.4043
1397776824.561	n	10.9097	3.63509	1.328	32.4044
1397776824.624	n	10.9096	3.63509	1.304	32.4045
1397776824.687	n	10.9093	3.63509	1.284	32.4046
1397776824.748	n	10.9091	3.63507	1.257	32.4047
1397776824.810	n	10.9091	3.63506	1.233	32.4046
1397776824.873	n	10.9091	3.63505	1.213	32.4045
1397776824.937	n	10.9094	3.63505	1.189	32.4043
1397776824.999	n	10.9097	3.63506	1.164	32.4041
1397776825.061	n	10.9100	3.63508	1.141	32.4041
1397776825.123	n	10.9102	3.63511	1.118	32.4041
1397776825.186	n	10.9104	3.63512	1.096	32.4042
1397776825.249	n	10.9104	3.63513	1.072	32.4042
1397776825.312	n	10.9104	3.63511	1.053	32.4041
1397776825.374	n	10.9103	3.63509	1.035	32.4040
1397776825.436	n	10.9101	3.63509	1.012	32.4041
1397776825.499	n	10.9100	3.63508	0.993	32.4041
1397776825.561	n	10.9099	3.63508	0.975	32.4042
1397776825.624	n	10.9098	3.63508	0.956	32.4043
1397776825.685	n	10.9098	3.63507	0.939	32.4043
1397776825.750	n	10.9098	3.63507	0.922	32.4042
1397776825.811	n	10.9098	3.63507	0.908	32.4042
1397776825.874	n	10.9098	3.63506	0.895	32.4042
1397776825.936	n	10.9098	3.63507	0.885	32.4043
1397776825.998	n	10.9099	3.63508	0.877	32.4043
1397776826.061	n	10.9100	3.63508	0.866	32.4041
1397776826.123	n	10.9102	3.63507	0.862	32.4040
1397776826.192	y	10.9102	3.63507	0.858	32.4039
1397776826.250	n	10.9102	3.63507	0.849	32.4039
1397776826.310	n	10.9102	3.63509	0.845	32.4041
1397776826.373	n	10.9102	3.63511	0.843	32.4043
1397776826.436	n	10.9102	3.63512	0.839	32.4044
1397776826.498	n	10.9103	3.63513	0.837	32.4044
1397776826.560	n	10.9103	3.63512	0.833	32.4044
1397776826.623	n	10.9102	3.63512	0.835	32.4044
1397776826.686	n	10.9102	3.63511	0.834	32.4044
1397776826.749	n	10.9100	3.63509	0.834	32.4043
1397776826.812	n	10.9098	3.63507	0.835	32.4043
1397776826.874	n	10.9096	3.63506	0.833	32.4044
1397776826.936	n	10.9093	3.63506	0.833	32.4045
1397776826.999	n	10.9091	3.63505	0.830	32.4046
1397776827.062	n	10.9089	3.63504	0.828	32.4048
1397776827.124	n	10.9086	3.63502	0.827	32.4049
1397776827.187	n	10.9084	3.63501	0.821	32.4049
1397776827.248	n	10.9084	3.63502	0.819	32.4050
1397776827.312	n	10.9085	3.63502	0.817	32.4050
1397776827.374	n	10.9087	3.63504	0.815	32.4049
1397776827.435	n	10.9090	3.63505	0.811	32.4049
1397776827.498	n	10.9092	3.63506	0.806	32.4048
1397776827.561	n	10.9093	3.63507	0.799	32.4047
1397776827.623	n	10.9094	3.63509	0.793	32.4048
1397776827.685	n	10.9095	3.63509	0.785	32.4047
1397776827.748	n	10.9095	3.63508	0.778	32.4047
1397776827.812	n	10.9096	3.63507	0.770	32.4045
1397776827.873	n	10.9097	3.63506	0.760	32.4043
1397776827.937	n	10.9099	3.63507	0.753	32.4042
1397776827.999	n	10.9100	3.63507	0.750	32.4042
1397776828.060	n	10.9101	3.63509	0.747	32.4042
1397776828.123	n	10.9102	3.63509	0.738	32.4042
1397776828.185	n	10.9102	3.63509	0.735	32.4042
1397776828.407	y	10.9103	3.63509	0.734	32.4041
1397776828.413	n	10.9104	3.63511	0.725	32.4041
1397776828.419	n	10.9106	3.63513	0.723	32.4042
1397776828.437	n	10.9108	3.63515	0.715	32.4042
1397776828.499	n	10.9110	3.63516	0.707	32.4042
1397776828.560	n	10.9110	3.63516	0.702	32.4041
1397776828.623	n	10.9110	3.63514	0.697	32.4039
1397776828.687	n	10.9110	3.63513	0.692	32.4039
1397776828.750	n	10.9111	3.63513	0.687	32.4037
1397776828.811	n	10.9112	3.63513	0.683	32.4037
1397776828.873	n	10.9113	3.63513	0.678	32.4036
1397776828.937	n	10.9113	3.63513	0.669	32.4036
1397776828.999	n	10.9113	3.63514	0.664	32.4037
1397776829.062	n	10.9112	3.63514	0.656	32.4038
1397776829.124	n	10.9111	3.63514	0.648	32.4039
1397776829.187	n	10.9111	3.63514	0.642	32.4039
1397776829.249	n	10.9111	3.63513	0.633	32.4038
1397776829.311	n	10.9111	3.63513	0.628	32.4038
1397776829.374	n	10.9111	3.63514	0.621	32.4039
1397776829.444	n	10.9110	3.63514	0.613	32.4040
1397776829.498	y	10.9111	3.63514	0.613	32.4039
1397776829.562	n	10.9112	3.63513	0.609	32.4037
1397776829.623	n	10.9114	3.63511	0.601	32.4034
1397776829.686	n	10.9116	3.63510	0.595	32.4031
1397776829.748	n	10.9117	3.63510	0.593	32.4030
1397776829.810	n	10.9117	3.63512	0.580	32.4032
1397776829.875	y	10.9115	3.63514	0.570	32.4035
1397776829.937	n	10.9114	3.63513	0.562	32.4036
