Source File: D:\Storage\Programs\OOI\Group 5\Correspondence\07_18_14 sample files\files\11084583.PPB
Processed: 07/18/2014 12:27:42
Using Version: 1.11
Device: CTD
Start Date: 04/18/2014
Timestamp (s)	Suspect Timestamp	Temperature	Conductivity	Pressure	Salinity
1397818792.683	y	9.2808	3.56063	23.045	33.1161
1397818792.746	n	9.2811	3.56062	23.038	33.1157
1397818792.808	n	9.2814	3.56062	23.036	33.1154
1397818792.871	n	9.2811	3.56063	23.045	33.1158
1397818792.935	n	9.2814	3.56062	23.038	33.1154
1397818792.995	n	9.2821	3.56063	23.028	33.1149
1397818793.058	n	9.2822	3.56062	23.025	33.1147
1397818793.123	n	9.2816	3.56063	23.036	33.1152
1397818793.188	n	9.2819	3.56063	23.034	33.1151
1397818793.248	n	9.2820	3.56063	23.029	33.1149
1397818793.311	n	9.2821	3.56063	23.028	33.1148
1397818793.371	n	9.2822	3.56063	23.025	33.1148
1397818793.435	n	9.2822	3.56062	23.021	33.1147
1397818793.496	n	9.2823	3.56062	23.019	33.1145
1397818793.559	n	9.2825	3.56062	23.017	33.1144
1397818793.622	n	9.2826	3.56061	23.012	33.1142
1397818793.685	n	9.2827	3.56061	23.011	33.1141
1397818793.748	n	9.2828	3.56061	23.010	33.1141
1397818793.810	n	9.2828	3.56061	23.009	33.1140
1397818793.872	n	9.2829	3.56060	23.005	33.1139
1397818793.934	n	9.2830	3.56060	23.003	33.1137
1397818793.996	n	9.2832	3.56060	23.003	33.1136
1397818794.059	n	9.2833	3.56060	23.000	33.1134
1397818794.122	n	9.2834	3.56060	23.001	33.1134
1397818794.185	n	9.2835	3.56061	23.003	33.1134
1397818794.758	n	9.2835	3.56062	23.000	33.1134
1397818794.770	n	9.2836	3.56062	23.000	33.1134
1397818794.775	n	9.2836	3.56061	22.999	33.1133
1397818794.792	n	9.2837	3.56061	23.003	33.1132
1397818794.798	n	9.2837	3.56061	23.003	33.1132
1397818794.804	n	9.2838	3.56061	23.000	33.1131
1397818794.810	n	9.2839	3.56060	23.003	33.1129
1397818794.815	n	9.2840	3.56059	23.010	33.1127
1397818794.821	n	9.2841	3.56059	23.012	33.1126
1397818794.826	n	9.2842	3.56060	23.010	33.1126
1397818794.872	n	9.2843	3.56060	23.012	33.1126
1397818794.936	n	9.2843	3.56061	23.011	33.1126
1397818794.998	n	9.2844	3.56061	23.020	33.1125
1397818795.060	n	9.2844	3.56060	23.023	33.1124
1397818795.123	n	9.2845	3.56060	23.026	33.1124
1397818795.186	n	9.2845	3.56060	23.025	33.1123
1397818795.247	n	9.2845	3.56060	23.033	33.1123
1397818795.310	n	9.2846	3.56060	23.039	33.1123
1397818795.372	n	9.2846	3.56060	23.043	33.1122
1397818795.436	n	9.2846	3.56061	23.048	33.1123
1397818795.497	n	9.2846	3.56061	23.051	33.1123
1397818795.560	n	9.2846	3.56061	23.058	33.1123
1397818795.622	n	9.2846	3.56061	23.061	33.1123
1397818795.684	n	9.2846	3.56061	23.064	33.1123
1397818795.748	n	9.2847	3.56062	23.071	33.1123
1397818795.811	n	9.2847	3.56062	23.079	33.1123
1397818795.873	n	9.2847	3.56061	23.085	33.1122
1397818795.936	n	9.2848	3.56061	23.089	33.1121
1397818795.999	n	9.2849	3.56061	23.096	33.1120
1397818796.059	n	9.2849	3.56061	23.104	33.1120
1397818796.122	n	9.2849	3.56061	23.113	33.1120
1397818796.186	n	9.2849	3.56060	23.120	33.1120
1397818796.254	n	9.2848	3.56060	23.125	33.1120
1397818796.310	n	9.2847	3.56060	23.130	33.1120
1397818796.374	n	9.2847	3.56061	23.135	33.1121
1397818796.435	n	9.2847	3.56062	23.142	33.1122
1397818796.498	n	9.2847	3.56062	23.151	33.1122
1397818796.560	n	9.2847	3.56061	23.159	33.1122
1397818796.622	n	9.2847	3.56061	23.166	33.1123
1397818796.685	n	9.2847	3.56061	23.177	33.1122
1397818796.748	n	9.2847	3.56062	23.178	33.1123
1397818796.811	n	9.2847	3.56062	23.185	33.1124
1397818796.872	n	9.2847	3.56063	23.195	33.1124
1397818796.936	n	9.2846	3.56063	23.202	33.1124
1397818796.997	n	9.2846	3.56063	23.208	33.1125
1397818797.060	n	9.2845	3.56063	23.215	33.1125
1397818797.122	n	9.2845	3.56062	23.220	33.1125
1397818797.184	n	9.2844	3.56062	23.229	33.1125
1397818797.248	n	9.2844	3.56062	23.232	33.1125
1397818797.310	n	9.2844	3.56062	23.239	33.1126
1397818797.373	n	9.2843	3.56061	23.247	33.1125
1397818797.435	n	9.2843	3.56061	23.252	33.1125
1397818797.497	n	9.2843	3.56062	23.261	33.1126
1397818797.560	n	9.2842	3.56063	23.265	33.1127
1397818797.623	n	9.2842	3.56064	23.271	33.1129
1397818797.686	n	9.2841	3.56065	23.274	33.1131
1397818797.748	n	9.2840	3.56064	23.279	33.1131
1397818797.810	n	9.2839	3.56064	23.282	33.1132
1397818797.873	n	9.2838	3.56064	23.289	33.1132
1397818797.936	n	9.2837	3.56063	23.295	33.1132
1397818797.998	n	9.2837	3.56064	23.299	33.1134
1397818798.060	n	9.2835	3.56065	23.305	33.1136
1397818798.123	n	9.2834	3.56065	23.311	33.1138
1397818798.185	n	9.2832	3.56065	23.310	33.1139
1397818798.377	y	9.2831	3.56065	23.314	33.1140
1397818798.417	y	9.2830	3.56064	23.320	33.1139
1397818798.423	n	9.2829	3.56063	23.317	33.1139
1397818798.437	n	9.2828	3.56062	23.321	33.1140
1397818798.498	n	9.2827	3.56063	23.324	33.1142
1397818798.560	n	9.2826	3.56063	23.324	33.1143
1397818798.622	n	9.2825	3.56064	23.322	33.1145
1397818798.687	n	9.2824	3.56064	23.325	33.1145
1397818798.746	n	9.2823	3.56063	23.330	33.1146
1397818798.811	n	9.2823	3.56063	23.329	33.1146
1397818798.873	n	9.2822	3.56064	23.330	33.1147
1397818798.935	n	9.2821	3.56064	23.328	33.1148
1397818798.998	n	9.2820	3.56063	23.328	33.1149
1397818799.059	n	9.2819	3.56063	23.328	33.1149
1397818799.122	n	9.2819	3.56063	23.326	33.1149
1397818799.184	n	9.2818	3.56063	23.326	33.1150
1397818799.251	n	9.2817	3.56062	23.322	33.1150
1397818799.310	n	9.2817	3.56063	23.320	33.1151
1397818799.373	n	9.2816	3.56063	23.323	33.1152
1397818799.437	n	9.2816	3.56064	23.315	33.1153
1397818799.497	n	9.2815	3.56065	23.314	33.1154
1397818799.559	n	9.2815	3.56064	23.311	33.1154
1397818799.621	n	9.2815	3.56063	23.307	33.1154
1397818799.685	n	9.2815	3.56064	23.301	33.1154
1397818799.747	n	9.2815	3.56063	23.296	33.1154
1397818799.810	n	9.2815	3.56064	23.291	33.1155
1397818799.872	n	9.2814	3.56065	23.288	33.1155
1397818799.937	n	9.2813	3.56064	23.280	33.1156
1397818799.998	n	9.2812	3.56063	23.273	33.1155
1397818800.060	n	9.2811	3.56062	23.269	33.1155
1397818800.122	n	9.2810	3.56061	23.257	33.1155
1397818800.188	n	9.2809	3.56061	23.256	33.1156
1397818800.248	n	9.2808	3.56061	23.249	33.1158
1397818800.311	n	9.2806	3.56063	23.237	33.1162
1397818800.374	n	9.2803	3.56063	23.230	33.1165
1397818800.434	n	9.2800	3.56063	23.225	33.1168
1397818800.498	n	9.2797	3.56064	23.215	33.1171
1397818800.559	n	9.2795	3.56064	23.205	33.1173
1397818800.622	n	9.2793	3.56063	23.196	33.1174
1397818800.686	n	9.2792	3.56063	23.191	33.1174
1397818800.748	n	9.2791	3.56062	23.180	33.1175
1397818800.810	n	9.2789	3.56062	23.167	33.1176
1397818800.872	n	9.2786	3.56061	23.156	33.1178
1397818800.936	n	9.2782	3.56060	23.147	33.1181
1397818800.997	n	9.2778	3.56060	23.141	33.1185
1397818801.061	n	9.2774	3.56060	23.129	33.1188
1397818801.122	n	9.2772	3.56061	23.114	33.1191
1397818801.185	n	9.2770	3.56061	23.103	33.1194
1397818801.247	n	9.2769	3.56061	23.097	33.1194
1397818801.310	n	9.2769	3.56061	23.086	33.1195
1397818801.373	n	9.2769	3.56061	23.074	33.1195
1397818801.436	n	9.2768	3.56061	23.064	33.1196
1397818801.497	n	9.2767	3.56061	23.056	33.1197
1397818801.559	n	9.2765	3.56062	23.044	33.1199
1397818801.623	n	9.2763	3.56062	23.035	33.1202
1397818801.686	n	9.2760	3.56062	23.026	33.1204
1397818801.747	n	9.2758	3.56062	23.015	33.1206
1397818801.819	n	9.2756	3.56062	23.007	33.1208
1397818801.874	n	9.2754	3.56061	22.999	33.1209
1397818801.935	n	9.2751	3.56061	22.990	33.1211
1397818801.997	y	9.2749	3.56061	22.980	33.1213
1397818802.059	n	9.2747	3.56061	22.968	33.1216
1397818802.124	n	9.2745	3.56061	22.961	33.1217
1397818802.188	n	9.2743	3.56061	22.953	33.1219
1397818802.247	n	9.2741	3.56061	22.943	33.1221
1397818802.314	y	9.2739	3.56061	22.933	33.1222
1397818802.374	n	9.2738	3.56061	22.926	33.1224
1397818802.436	n	9.2736	3.56060	22.919	33.1225
1397818802.637	y	9.2735	3.56059	22.916	33.1225
1397818802.644	n	9.2734	3.56059	22.907	33.1226
1397818802.651	n	9.2734	3.56059	22.899	33.1226
1397818802.684	n	9.2733	3.56059	22.891	33.1227
1397818802.747	n	9.2733	3.56059	22.889	33.1227
1397818802.810	n	9.2733	3.56059	22.879	33.1227
1397818802.872	n	9.2733	3.56059	22.872	33.1227
1397818802.936	n	9.2734	3.56059	22.870	33.1227
1397818802.997	n	9.2734	3.56059	22.863	33.1226
1397818803.059	n	9.2735	3.56059	22.863	33.1225
1397818803.123	n	9.2735	3.56058	22.858	33.1224
1397818803.185	n	9.2735	3.56057	22.854	33.1223
1397818803.248	n	9.2736	3.56057	22.850	33.1222
1397818803.311	n	9.2736	3.56056	22.850	33.1221
1397818803.373	n	9.2735	3.56057	22.847	33.1222
1397818803.434	n	9.2735	3.56057	22.846	33.1223
1397818803.497	n	9.2735	3.56057	22.843	33.1223
1397818803.560	n	9.2735	3.56058	22.843	33.1224
1397818803.622	n	9.2735	3.56058	22.840	33.1225
1397818803.729	n	9.2736	3.56059	22.841	33.1225
1397818803.747	n	9.2736	3.56060	22.840	33.1224
1397818803.810	n	9.2737	3.56060	22.841	33.1224
1397818803.873	n	9.2736	3.56059	22.838	33.1224
1397818803.934	n	9.2735	3.56059	22.841	33.1225
1397818803.997	n	9.2734	3.56059	22.841	33.1226
1397818804.061	n	9.2734	3.56060	22.846	33.1227
1397818804.123	n	9.2734	3.56060	22.845	33.1228
1397818804.188	n	9.2734	3.56060	22.849	33.1228
1397818804.248	n	9.2734	3.56060	22.850	33.1227
1397818804.310	n	9.2734	3.56059	22.852	33.1226
1397818804.375	n	9.2733	3.56059	22.854	33.1226
1397818804.434	n	9.2733	3.56059	22.857	33.1227
1397818804.499	n	9.2733	3.56059	22.859	33.1227
1397818804.559	n	9.2733	3.56059	22.861	33.1227
1397818804.622	n	9.2733	3.56060	22.866	33.1228
1397818804.686	n	9.2733	3.56060	22.870	33.1228
1397818804.748	n	9.2733	3.56060	22.870	33.1228
1397818804.810	n	9.2733	3.56059	22.872	33.1227
1397818804.874	n	9.2734	3.56059	22.875	33.1225
1397818804.935	n	9.2734	3.56059	22.876	33.1225
1397818804.997	n	9.2735	3.56059	22.882	33.1225
1397818805.060	n	9.2735	3.56061	22.887	33.1226
1397818805.123	n	9.2735	3.56061	22.889	33.1227
1397818805.184	n	9.2734	3.56060	22.890	33.1227
1397818805.248	n	9.2734	3.56060	22.894	33.1226
1397818805.310	n	9.2735	3.56060	22.897	33.1226
1397818805.373	n	9.2735	3.56059	22.902	33.1225
1397818805.436	n	9.2735	3.56060	22.904	33.1225
1397818805.498	n	9.2736	3.56060	22.904	33.1225
1397818805.587	y	9.2736	3.56061	22.906	33.1226
1397818805.623	n	9.2737	3.56061	22.909	33.1225
1397818805.684	n	9.2738	3.56061	22.913	33.1225
1397818805.747	n	9.2739	3.56061	22.914	33.1224
1397818805.809	n	9.2739	3.56062	22.916	33.1224
1397818805.872	n	9.2739	3.56063	22.918	33.1224
1397818805.936	n	9.2740	3.56062	22.920	33.1223
1397818805.998	n	9.2741	3.56062	22.920	33.1222
1397818806.060	n	9.2741	3.56061	22.922	33.1221
1397818806.122	n	9.2742	3.56060	22.924	33.1220
1397818806.187	n	9.2742	3.56060	22.922	33.1219
1397818806.246	n	9.2743	3.56060	22.923	33.1219
1397818806.311	n	9.2744	3.56060	22.921	33.1218
1397818806.371	n	9.2745	3.56060	22.921	33.1216
1397818806.435	n	9.2746	3.56060	22.916	33.1215
1397818806.497	n	9.2747	3.56060	22.916	33.1214
1397818806.560	n	9.2749	3.56059	22.915	33.1212
1397818806.623	n	9.2750	3.56058	22.908	33.1210
1397818806.686	n	9.2751	3.56058	22.903	33.1209
1397818806.851	y	9.2753	3.56058	22.903	33.1207
1397818806.856	n	9.2754	3.56058	22.893	33.1206
1397818806.874	n	9.2756	3.56059	22.892	33.1205
1397818806.936	n	9.2758	3.56060	22.886	33.1205
1397818806.997	n	9.2760	3.56061	22.881	33.1203
1397818807.059	n	9.2761	3.56060	22.874	33.1202
1397818807.123	n	9.2763	3.56061	22.864	33.1201
1397818807.184	n	9.2766	3.56061	22.858	33.1199
1397818807.247	n	9.2769	3.56062	22.851	33.1197
1397818807.309	n	9.2771	3.56062	22.844	33.1195
1397818807.374	n	9.2775	3.56063	22.833	33.1192
1397818807.434	n	9.2778	3.56062	22.822	33.1189
1397818807.497	n	9.2781	3.56061	22.811	33.1185
1397818807.561	n	9.2784	3.56061	22.802	33.1181
1397818807.624	n	9.2787	3.56061	22.788	33.1179
1397818807.686	n	9.2790	3.56061	22.778	33.1177
1397818807.748	n	9.2794	3.56062	22.769	33.1174
1397818807.810	n	9.2798	3.56062	22.757	33.1170
1397818807.873	n	9.2802	3.56061	22.743	33.1165
1397818807.934	n	9.2807	3.56061	22.730	33.1160
1397818807.998	n	9.2811	3.56061	22.717	33.1157
1397818808.059	n	9.2816	3.56062	22.704	33.1154
1397818808.123	n	9.2821	3.56063	22.690	33.1150
1397818808.185	n	9.2826	3.56063	22.672	33.1146
1397818808.248	n	9.2831	3.56064	22.655	33.1142
1397818808.311	n	9.2837	3.56064	22.640	33.1137
1397818808.374	n	9.2842	3.56064	22.625	33.1132
1397818808.434	n	9.2848	3.56063	22.608	33.1126
1397818808.498	n	9.2853	3.56063	22.589	33.1121
1397818808.560	n	9.2859	3.56063	22.572	33.1116
1397818808.622	n	9.2864	3.56063	22.551	33.1111
1397818808.685	n	9.2869	3.56063	22.535	33.1106
1397818808.747	n	9.2874	3.56063	22.516	33.1101
1397818808.809	n	9.2880	3.56063	22.493	33.1096
1397818808.873	n	9.2886	3.56062	22.471	33.1090
1397818808.936	n	9.2892	3.56062	22.450	33.1084
1397818808.997	n	9.2898	3.56062	22.432	33.1079
1397818809.060	n	9.2904	3.56063	22.411	33.1074
1397818809.125	n	9.2910	3.56064	22.389	33.1069
1397818809.185	n	9.2917	3.56064	22.367	33.1064
1397818809.306	y	9.2923	3.56063	22.344	33.1057
1397818809.312	n	9.2930	3.56062	22.321	33.1050
1397818809.373	n	9.2936	3.56062	22.298	33.1045
1397818809.436	n	9.2942	3.56063	22.275	33.1040
1397818809.497	n	9.2948	3.56062	22.251	33.1033
1397818809.560	n	9.2954	3.56061	22.224	33.1026
1397818809.624	n	9.2961	3.56061	22.201	33.1020
1397818809.686	n	9.2968	3.56061	22.177	33.1014
1397818809.747	n	9.2974	3.56061	22.155	33.1009
1397818809.809	n	9.2981	3.56062	22.125	33.1003
1397818809.873	n	9.2987	3.56061	22.103	33.0997
1397818809.934	n	9.2994	3.56061	22.074	33.0990
1397818809.998	n	9.3001	3.56061	22.049	33.0984
1397818810.059	n	9.3008	3.56061	22.027	33.0977
1397818810.122	n	9.3015	3.56060	22.002	33.0970
1397818810.185	n	9.3022	3.56060	21.978	33.0964
1397818810.249	n	9.3029	3.56061	21.952	33.0958
1397818810.311	n	9.3037	3.56062	21.927	33.0952
1397818810.372	n	9.3044	3.56062	21.903	33.0946
1397818810.436	n	9.3052	3.56062	21.878	33.0939
1397818810.498	n	9.3059	3.56062	21.847	33.0932
1397818810.559	n	9.3067	3.56063	21.825	33.0926
1397818810.623	n	9.3074	3.56063	21.798	33.0920
1397818810.685	n	9.3081	3.56062	21.770	33.0913
1397818810.746	n	9.3089	3.56062	21.748	33.0905
1397818810.811	n	9.3096	3.56061	21.723	33.0897
1397818810.872	n	9.3104	3.56060	21.698	33.0890
1397818810.936	n	9.3112	3.56061	21.668	33.0883
1397818811.166	y	9.3119	3.56061	21.647	33.0876
1397818811.174	n	9.3126	3.56061	21.619	33.0870
1397818811.180	n	9.3134	3.56061	21.594	33.0863
1397818811.190	n	9.3141	3.56061	21.570	33.0857
1397818811.247	n	9.3148	3.56061	21.549	33.0850
1397818811.310	n	9.3156	3.56061	21.524	33.0843
1397818811.374	n	9.3163	3.56060	21.499	33.0836
1397818811.436	n	9.3170	3.56060	21.477	33.0829
1397818811.498	n	9.3177	3.56061	21.454	33.0824
1397818811.560	n	9.3185	3.56062	21.430	33.0818
1397818811.623	n	9.3192	3.56063	21.408	33.0812
1397818811.685	n	9.3200	3.56063	21.386	33.0805
1397818811.746	n	9.3207	3.56063	21.364	33.0799
1397818811.810	n	9.3213	3.56062	21.340	33.0792
1397818811.874	n	9.3219	3.56062	21.316	33.0787
1397818811.935	n	9.3226	3.56062	21.294	33.0781
1397818811.997	n	9.3233	3.56062	21.274	33.0774
1397818812.059	n	9.3240	3.56062	21.255	33.0767
1397818812.123	n	9.3247	3.56062	21.237	33.0760
1397818812.185	n	9.3254	3.56062	21.212	33.0754
1397818812.247	n	9.3261	3.56062	21.191	33.0748
1397818812.310	n	9.3268	3.56062	21.173	33.0742
1397818812.372	n	9.3275	3.56061	21.151	33.0735
1397818812.436	n	9.3283	3.56060	21.135	33.0727
1397818812.497	n	9.3289	3.56060	21.117	33.0721
1397818812.561	n	9.3297	3.56061	21.098	33.0714
1397818812.623	n	9.3304	3.56061	21.082	33.0707
1397818812.684	n	9.3312	3.56061	21.064	33.0701
1397818812.746	n	9.3320	3.56062	21.045	33.0694
1397818812.811	n	9.3328	3.56062	21.027	33.0686
1397818812.874	n	9.3336	3.56061	21.012	33.0679
1397818812.935	n	9.3344	3.56061	20.994	33.0671
1397818812.998	y	9.3352	3.56061	20.978	33.0664
1397818813.059	n	9.3360	3.56061	20.959	33.0657
1397818813.123	n	9.3368	3.56061	20.943	33.0650
1397818813.188	n	9.3376	3.56062	20.928	33.0643
1397818813.249	n	9.3384	3.56063	20.911	33.0636
1397818813.312	n	9.3393	3.56063	20.897	33.0629
1397818813.374	n	9.3401	3.56064	20.884	33.0622
1397818813.436	n	9.3410	3.56063	20.870	33.0613
1397818813.498	n	9.3418	3.56061	20.854	33.0603
1397818813.559	n	9.3427	3.56060	20.839	33.0594
1397818813.623	n	9.3436	3.56060	20.824	33.0586
1397818813.684	n	9.3444	3.56061	20.810	33.0580
1397818813.747	n	9.3452	3.56062	20.795	33.0573
1397818813.810	n	9.3460	3.56062	20.784	33.0566
1397818813.872	n	9.3469	3.56063	20.769	33.0559
1397818813.934	n	9.3477	3.56064	20.761	33.0552
1397818813.997	n	9.3486	3.56064	20.745	33.0544
1397818814.060	n	9.3495	3.56063	20.729	33.0535
1397818814.122	n	9.3503	3.56062	20.716	33.0526
1397818814.187	n	9.3512	3.56061	20.704	33.0518
1397818814.248	n	9.3520	3.56061	20.692	33.0510
1397818814.313	n	9.3527	3.56062	20.676	33.0504
1397818814.373	n	9.3535	3.56062	20.665	33.0498
1397818814.435	n	9.3543	3.56062	20.654	33.0490
1397818814.497	n	9.3551	3.56062	20.638	33.0482
1397818814.559	n	9.3559	3.56061	20.623	33.0474
1397818814.623	n	9.3567	3.56060	20.611	33.0465
1397818814.684	n	9.3576	3.56058	20.595	33.0456
1397818814.749	n	9.3584	3.56058	20.583	33.0449
1397818814.810	n	9.3592	3.56060	20.568	33.0443
1397818814.872	n	9.3599	3.56061	20.555	33.0437
1397818814.935	n	9.3607	3.56062	20.542	33.0432
1397818814.998	n	9.3614	3.56062	20.528	33.0425
1397818815.061	n	9.3622	3.56062	20.517	33.0418
1397818815.123	n	9.3629	3.56062	20.498	33.0411
1397818815.249	y	9.3637	3.56061	20.489	33.0403
1397818815.254	y	9.3644	3.56061	20.471	33.0396
1397818815.427	n	9.3652	3.56060	20.456	33.0388
1397818815.439	n	9.3661	3.56060	20.443	33.0380
1397818815.445	n	9.3669	3.56061	20.427	33.0373
1397818815.498	n	9.3677	3.56061	20.412	33.0367
1397818815.560	n	9.3684	3.56062	20.402	33.0360
1397818815.623	n	9.3692	3.56061	20.389	33.0353
1397818815.684	n	9.3699	3.56060	20.372	33.0344
1397818815.747	n	9.3707	3.56059	20.357	33.0337
1397818815.809	n	9.3715	3.56059	20.342	33.0329
1397818815.874	n	9.3723	3.56060	20.325	33.0323
1397818815.935	n	9.3732	3.56061	20.305	33.0316
1397818815.998	n	9.3740	3.56062	20.292	33.0309
1397818816.060	n	9.3749	3.56062	20.277	33.0301
1397818816.123	n	9.3758	3.56062	20.262	33.0293
1397818816.188	n	9.3767	3.56062	20.243	33.0285
1397818816.248	n	9.3776	3.56062	20.228	33.0277
1397818816.311	n	9.3784	3.56062	20.212	33.0269
1397818816.374	n	9.3793	3.56062	20.196	33.0261
1397818816.436	n	9.3802	3.56061	20.178	33.0252
1397818816.497	n	9.3810	3.56060	20.163	33.0243
1397818816.567	y	9.3820	3.56060	20.146	33.0235
1397818816.624	n	9.3829	3.56061	20.126	33.0227
1397818816.686	n	9.3839	3.56062	20.108	33.0218
1397818816.748	n	9.3850	3.56062	20.090	33.0208
1397818816.811	n	9.3862	3.56062	20.073	33.0198
1397818816.874	n	9.3872	3.56061	20.055	33.0187
1397818816.936	n	9.3883	3.56060	20.037	33.0176
1397818816.999	n	9.3894	3.56060	20.019	33.0167
1397818817.060	n	9.3905	3.56060	19.997	33.0157
1397818817.123	n	9.3916	3.56060	19.978	33.0146
1397818817.188	n	9.3928	3.56061	19.959	33.0136
1397818817.247	n	9.3941	3.56061	19.941	33.0125
1397818817.311	n	9.3953	3.56061	19.922	33.0113
1397818817.372	n	9.3966	3.56061	19.901	33.0102
1397818817.436	n	9.3979	3.56062	19.881	33.0091
1397818817.497	n	9.3992	3.56062	19.859	33.0079
1397818817.559	n	9.4005	3.56062	19.842	33.0067
1397818817.623	n	9.4018	3.56062	19.820	33.0055
1397818817.685	n	9.4031	3.56061	19.798	33.0042
1397818817.748	n	9.4044	3.56061	19.778	33.0030
1397818817.811	n	9.4057	3.56061	19.758	33.0018
1397818817.874	n	9.4071	3.56061	19.737	33.0006
1397818817.937	n	9.4085	3.56062	19.716	32.9994
1397818817.998	n	9.4099	3.56063	19.698	32.9981
1397818818.060	n	9.4114	3.56064	19.674	32.9969
1397818818.124	n	9.4130	3.56064	19.654	32.9954
1397818818.185	n	9.4146	3.56064	19.631	32.9940
1397818818.248	n	9.4161	3.56064	19.607	32.9926
1397818818.310	n	9.4177	3.56064	19.589	32.9911
1397818818.372	n	9.4193	3.56063	19.569	32.9896
1397818818.434	n	9.4210	3.56063	19.550	32.9880
1397818818.497	n	9.4228	3.56062	19.526	32.9863
1397818818.559	n	9.4246	3.56063	19.507	32.9847
1397818818.623	n	9.4264	3.56063	19.487	32.9830
1397818818.684	n	9.4283	3.56064	19.462	32.9814
1397818818.747	n	9.4301	3.56064	19.438	32.9798
1397818818.809	n	9.4320	3.56065	19.419	32.9782
1397818818.872	n	9.4337	3.56066	19.399	32.9767
1397818818.935	n	9.4355	3.56067	19.380	32.9752
1397818818.997	n	9.4372	3.56067	19.360	32.9736
1397818819.060	n	9.4389	3.56067	19.340	32.9720
1397818819.122	n	9.4406	3.56066	19.320	32.9704
1397818819.185	n	9.4423	3.56066	19.297	32.9688
1397818819.248	n	9.4439	3.56066	19.277	32.9673
1397818819.311	n	9.4456	3.56065	19.257	32.9658
1397818819.372	n	9.4471	3.56064	19.236	32.9642
1397818819.436	n	9.4487	3.56064	19.215	32.9628
1397818819.613	y	9.4502	3.56064	19.195	32.9614
1397818819.619	n	9.4517	3.56064	19.176	32.9601
1397818819.625	n	9.4531	3.56065	19.158	32.9588
1397818819.686	n	9.4546	3.56066	19.140	32.9576
1397818819.748	n	9.4560	3.56066	19.119	32.9563
1397818819.811	n	9.4575	3.56066	19.098	32.9549
1397818819.873	n	9.4588	3.56065	19.081	32.9536
1397818819.936	n	9.4601	3.56065	19.063	32.9524
1397818819.998	n	9.4614	3.56064	19.047	32.9512
1397818820.060	n	9.4626	3.56065	19.031	32.9502
1397818820.122	n	9.4637	3.56065	19.011	32.9492
1397818820.185	n	9.4649	3.56065	18.996	32.9481
1397818820.266	y	9.4660	3.56065	18.977	32.9470
1397818820.311	n	9.4672	3.56065	18.959	32.9459
1397818820.374	n	9.4684	3.56065	18.940	32.9449
1397818820.435	n	9.4695	3.56067	18.925	32.9440
1397818820.498	n	9.4705	3.56067	18.911	32.9431
1397818820.560	n	9.4716	3.56067	18.895	32.9421
1397818820.623	n	9.4727	3.56067	18.878	32.9411
1397818820.685	n	9.4737	3.56065	18.859	32.9400
1397818820.747	n	9.4747	3.56065	18.848	32.9391
1397818820.809	n	9.4756	3.56065	18.833	32.9382
1397818820.872	n	9.4765	3.56065	18.817	32.9374
1397818820.936	n	9.4774	3.56066	18.798	32.9367
1397818820.998	n	9.4783	3.56067	18.784	32.9360
1397818821.059	n	9.4792	3.56067	18.768	32.9352
1397818821.122	n	9.4801	3.56065	18.757	32.9342
1397818821.188	n	9.4810	3.56065	18.742	32.9334
1397818821.247	n	9.4818	3.56065	18.729	32.9325
1397818821.309	n	9.4827	3.56065	18.712	32.9318
1397818821.374	n	9.4836	3.56066	18.699	32.9311
1397818821.436	n	9.4845	3.56066	18.686	32.9303
1397818821.497	n	9.4854	3.56065	18.672	32.9294
1397818821.559	n	9.4862	3.56065	18.656	32.9286
1397818821.623	n	9.4871	3.56065	18.643	32.9277
1397818821.684	n	9.4879	3.56064	18.626	32.9269
1397818821.747	n	9.4887	3.56063	18.614	32.9261
1397818821.811	n	9.4896	3.56063	18.601	32.9254
1397818821.873	n	9.4904	3.56064	18.585	32.9247
1397818821.935	n	9.4912	3.56064	18.570	32.9239
1397818821.997	n	9.4921	3.56064	18.554	32.9232
1397818822.060	n	9.4929	3.56064	18.542	32.9224
1397818822.124	n	9.4937	3.56064	18.531	32.9216
1397818822.185	n	9.4947	3.56064	18.513	32.9208
1397818822.247	n	9.4956	3.56065	18.502	32.9200
1397818822.310	n	9.4966	3.56064	18.482	32.9191
1397818822.374	n	9.4976	3.56064	18.473	32.9181
1397818822.441	n	9.4986	3.56063	18.459	32.9172
1397818822.498	n	9.4995	3.56063	18.445	32.9162
1397818822.561	n	9.5005	3.56062	18.430	32.9153
1397818822.623	n	9.5014	3.56062	18.416	32.9144
1397818822.686	n	9.5024	3.56062	18.398	32.9136
1397818822.748	n	9.5034	3.56062	18.385	32.9126
1397818822.810	n	9.5044	3.56062	18.371	32.9117
1397818822.872	n	9.5055	3.56062	18.355	32.9107
1397818822.936	n	9.5065	3.56061	18.342	32.9097
1397818822.997	n	9.5075	3.56062	18.326	32.9088
1397818823.060	n	9.5086	3.56062	18.307	32.9079
1397818823.122	n	9.5097	3.56062	18.295	32.9069
1397818823.185	n	9.5107	3.56063	18.282	32.9060
1397818823.248	n	9.5118	3.56063	18.262	32.9050
1397818823.311	n	9.5129	3.56062	18.245	32.9040
1397818823.374	n	9.5140	3.56062	18.231	32.9029
1397818823.437	n	9.5151	3.56061	18.219	32.9019
1397818823.498	n	9.5163	3.56061	18.199	32.9008
1397818823.559	n	9.5174	3.56061	18.185	32.8998
1397818823.623	n	9.5186	3.56061	18.171	32.8987
1397818823.685	n	9.5199	3.56061	18.152	32.8975
1397818823.843	y	9.5212	3.56060	18.137	32.8962
1397818823.848	n	9.5225	3.56060	18.119	32.8950
1397818823.872	n	9.5239	3.56061	18.104	32.8938
1397818823.935	y	9.5253	3.56062	18.089	32.8927
1397818824.021	n	9.5268	3.56064	18.068	32.8915
1397818824.061	n	9.5283	3.56065	18.049	32.8902
1397818824.123	n	9.5297	3.56064	18.032	32.8889
1397818824.185	n	9.5311	3.56064	18.019	32.8875
1397818824.247	n	9.5325	3.56064	17.998	32.8863
1397818824.310	n	9.5339	3.56064	17.979	32.8850
1397818824.373	n	9.5354	3.56064	17.963	32.8836
1397818824.436	n	9.5369	3.56064	17.945	32.8822
1397818824.498	n	9.5385	3.56064	17.926	32.8808
1397818824.559	n	9.5400	3.56063	17.910	32.8794
1397818824.624	n	9.5416	3.56064	17.891	32.8779
1397818824.685	n	9.5432	3.56064	17.871	32.8765
1397818824.747	n	9.5447	3.56064	17.852	32.8751
1397818824.809	n	9.5462	3.56064	17.837	32.8738
1397818824.872	n	9.5477	3.56064	17.819	32.8725
1397818824.935	n	9.5491	3.56064	17.796	32.8712
1397818824.998	n	9.5505	3.56065	17.780	32.8700
1397818825.059	n	9.5518	3.56065	17.762	32.8688
1397818825.124	n	9.5532	3.56065	17.745	32.8675
1397818825.187	n	9.5548	3.56066	17.720	32.8662
1397818825.248	n	9.5564	3.56066	17.701	32.8647
1397818825.310	n	9.5583	3.56066	17.685	32.8630
1397818825.373	n	9.5605	3.56067	17.665	32.8611
1397818825.435	n	9.5627	3.56067	17.644	32.8591
1397818825.498	n	9.5651	3.56067	17.623	32.8569
1397818825.560	n	9.5674	3.56066	17.604	32.8547
1397818825.623	n	9.5696	3.56066	17.581	32.8526
1397818825.685	n	9.5717	3.56065	17.561	32.8507
1397818825.748	n	9.5736	3.56066	17.543	32.8490
1397818825.810	n	9.5755	3.56066	17.527	32.8473
1397818825.873	n	9.5774	3.56066	17.502	32.8455
1397818825.936	n	9.5796	3.56065	17.484	32.8436
1397818825.996	n	9.5820	3.56066	17.463	32.8414
1397818826.061	n	9.5847	3.56066	17.441	32.8389
1397818826.123	n	9.5877	3.56066	17.421	32.8362
1397818826.185	n	9.5910	3.56067	17.403	32.8333
1397818826.247	n	9.5944	3.56067	17.386	32.8302
1397818826.310	n	9.5980	3.56068	17.365	32.8270
1397818826.372	n	9.6016	3.56069	17.346	32.8238
1397818826.434	n	9.6051	3.56070	17.327	32.8206
1397818826.498	n	9.6085	3.56070	17.303	32.8176
1397818826.560	n	9.6118	3.56071	17.286	32.8147
1397818826.623	n	9.6149	3.56072	17.267	32.8120
1397818826.686	n	9.6178	3.56072	17.248	32.8093
1397818826.747	n	9.6206	3.56072	17.234	32.8069
1397818826.809	n	9.6231	3.56072	17.212	32.8046
1397818826.874	n	9.6254	3.56073	17.191	32.8025
1397818826.934	n	9.6274	3.56073	17.171	32.8007
1397818826.997	n	9.6292	3.56074	17.152	32.7991
1397818827.060	n	9.6308	3.56073	17.134	32.7977
1397818827.123	n	9.6321	3.56072	17.118	32.7964
1397818827.185	n	9.6332	3.56073	17.104	32.7954
1397818827.247	n	9.6342	3.56073	17.082	32.7946
1397818827.309	n	9.6349	3.56072	17.063	32.7939
1397818827.373	n	9.6354	3.56072	17.043	32.7933
1397818827.437	n	9.6359	3.56071	17.024	32.7928
1397818827.512	y	9.6364	3.56070	17.008	32.7923
1397818827.559	n	9.6368	3.56071	16.989	32.7920
1397818827.624	n	9.6373	3.56071	16.973	32.7916
1397818827.684	n	9.6378	3.56071	16.958	32.7911
1397818827.748	n	9.6383	3.56071	16.938	32.7907
1397818827.809	n	9.6390	3.56071	16.924	32.7901
1397818827.873	n	9.6397	3.56071	16.908	32.7895
1397818827.934	n	9.6405	3.56072	16.892	32.7888
1397818828.096	y	9.6413	3.56072	16.874	32.7880
1397818828.101	n	9.6423	3.56071	16.855	32.7871
1397818828.123	n	9.6433	3.56071	16.839	32.7862
1397818828.185	n	9.6444	3.56072	16.823	32.7852
1397818828.247	n	9.6456	3.56072	16.805	32.7842
1397818828.311	n	9.6468	3.56071	16.789	32.7831
1397818828.374	n	9.6480	3.56072	16.775	32.7819
1397818828.437	n	9.6493	3.56071	16.757	32.7807
1397818828.498	n	9.6507	3.56072	16.740	32.7796
1397818828.560	n	9.6521	3.56072	16.723	32.7783
1397818828.623	n	9.6536	3.56072	16.709	32.7770
1397818828.686	n	9.6551	3.56072	16.695	32.7755
1397818828.747	n	9.6568	3.56073	16.678	32.7741
1397818828.810	n	9.6586	3.56073	16.662	32.7725
1397818828.872	n	9.6604	3.56073	16.647	32.7708
1397818828.936	n	9.6623	3.56074	16.634	32.7692
1397818828.997	n	9.6643	3.56074	16.614	32.7674
1397818829.059	n	9.6664	3.56075	16.596	32.7656
1397818829.124	n	9.6686	3.56076	16.584	32.7637
1397818829.188	n	9.6708	3.56076	16.568	32.7616
1397818829.249	n	9.6732	3.56076	16.557	32.7594
1397818829.310	n	9.6757	3.56075	16.539	32.7571
1397818829.373	n	9.6783	3.56074	16.519	32.7547
1397818829.439	n	9.6810	3.56074	16.507	32.7522
1397818829.497	n	9.6838	3.56075	16.492	32.7497
1397818829.560	n	9.6867	3.56076	16.473	32.7472
1397818829.622	n	9.6898	3.56077	16.457	32.7445
1397818829.685	n	9.6929	3.56077	16.444	32.7418
1397818829.748	n	9.6961	3.56078	16.427	32.7389
1397818829.811	n	9.6993	3.56079	16.412	32.7360
1397818829.872	n	9.7028	3.56079	16.396	32.7330
1397818829.935	n	9.7064	3.56080	16.380	32.7298
1397818829.998	n	9.7101	3.56081	16.363	32.7265
1397818830.060	n	9.7140	3.56082	16.346	32.7230
1397818830.124	n	9.7181	3.56083	16.329	32.7194
1397818830.185	n	9.7225	3.56083	16.313	32.7155
1397818830.247	n	9.7272	3.56084	16.294	32.7113
1397818830.309	n	9.7322	3.56085	16.276	32.7068
1397818830.375	n	9.7375	3.56087	16.263	32.7023
1397818830.507	y	9.7428	3.56088	16.247	32.6975
1397818830.518	n	9.7479	3.56089	16.233	32.6929
1397818830.559	n	9.7528	3.56089	16.208	32.6885
1397818830.622	n	9.7574	3.56089	16.196	32.6844
1397818830.685	n	9.7617	3.56089	16.178	32.6805
1397818830.748	n	9.7659	3.56091	16.160	32.6768
1397818830.811	n	9.7704	3.56091	16.143	32.6728
1397818830.873	n	9.7754	3.56092	16.127	32.6684
1397818830.935	n	9.7808	3.56093	16.107	32.6636
1397818830.997	n	9.7865	3.56095	16.089	32.6586
1397818831.060	n	9.7920	3.56096	16.069	32.6537
1397818831.123	n	9.7973	3.56098	16.053	32.6491
1397818831.189	n	9.8022	3.56098	16.034	32.6447
1397818831.248	y	9.8069	3.56098	16.014	32.6405
1397818831.310	n	9.8114	3.56098	16.001	32.6364
1397818831.374	n	9.8156	3.56098	15.981	32.6326
1397818831.434	n	9.8195	3.56099	15.962	32.6292
1397818831.498	n	9.8230	3.56100	15.944	32.6261
1397818831.559	n	9.8266	3.56100	15.925	32.6229
1397818831.624	n	9.8303	3.56101	15.906	32.6197
1397818831.686	n	9.8342	3.56102	15.891	32.6162
1397818831.747	n	9.8382	3.56103	15.868	32.6126
1397818831.809	n	9.8423	3.56104	15.848	32.6091
1397818831.872	n	9.8464	3.56105	15.830	32.6056
1397818831.935	n	9.8504	3.56105	15.810	32.6019
1397818831.998	n	9.8545	3.56106	15.790	32.5983
1397818832.061	n	9.8586	3.56106	15.767	32.5946
1397818832.124	n	9.8627	3.56106	15.745	32.5909
1397818832.187	n	9.8666	3.56107	15.730	32.5874
1397818832.330	y	9.8703	3.56107	15.708	32.5842
1397818832.335	n	9.8735	3.56106	15.687	32.5812
1397818832.373	n	9.8762	3.56106	15.665	32.5788
1397818832.436	n	9.8783	3.56107	15.644	32.5769
1397818832.497	n	9.8801	3.56108	15.626	32.5754
1397818832.559	n	9.8816	3.56108	15.605	32.5741
1397818832.624	n	9.8828	3.56108	15.587	32.5730
1397818832.685	n	9.8837	3.56107	15.560	32.5721
1397818832.748	n	9.8841	3.56105	15.540	32.5716
1397818832.811	n	9.8841	3.56105	15.517	32.5715
1397818832.872	n	9.8838	3.56106	15.498	32.5720
1397818832.935	n	9.8830	3.56107	15.479	32.5727
1397818832.998	n	9.8818	3.56107	15.459	32.5739
1397818833.060	n	9.8801	3.56106	15.437	32.5753
1397818833.124	n	9.8780	3.56105	15.419	32.5771
1397818833.185	n	9.8755	3.56103	15.399	32.5791
1397818833.248	n	9.8727	3.56102	15.373	32.5815
1397818833.309	n	9.8698	3.56100	15.350	32.5841
1397818833.374	n	9.8667	3.56099	15.333	32.5868
1397818833.436	n	9.8633	3.56098	15.314	32.5897
1397818833.497	n	9.8598	3.56097	15.292	32.5928
1397818833.560	n	9.8561	3.56095	15.269	32.5960
1397818833.623	n	9.8523	3.56093	15.247	32.5992
1397818833.686	n	9.8485	3.56091	15.227	32.6025
1397818833.747	n	9.8446	3.56089	15.211	32.6058
1397818833.809	n	9.8407	3.56089	15.187	32.6093
1397818833.872	n	9.8367	3.56088	15.167	32.6128
1397818833.936	n	9.8327	3.56087	15.145	32.6164
1397818833.997	n	9.8287	3.56085	15.127	32.6198
1397818834.059	n	9.8248	3.56084	15.108	32.6232
1397818834.123	n	9.8209	3.56082	15.088	32.6266
1397818834.188	n	9.8170	3.56082	15.069	32.6300
1397818834.248	n	9.8133	3.56081	15.049	32.6333
1397818834.310	n	9.8098	3.56080	15.031	32.6364
1397818834.375	n	9.8064	3.56078	15.010	32.6394
1397818834.436	n	9.8033	3.56078	14.991	32.6421
1397818834.498	n	9.8005	3.56077	14.973	32.6446
1397818834.560	n	9.7981	3.56077	14.953	32.6467
1397818834.623	n	9.7963	3.56076	14.934	32.6483
1397818834.687	n	9.7951	3.56075	14.917	32.6492
1397818834.747	n	9.7948	3.56073	14.901	32.6494
1397818834.809	n	9.7953	3.56073	14.884	32.6490
1397818834.872	n	9.7967	3.56074	14.862	32.6478
1397818834.971	y	9.7989	3.56075	14.845	32.6458
1397818834.998	n	9.8019	3.56075	14.828	32.6432
1397818835.061	n	9.8055	3.56076	14.809	32.6400
1397818835.123	n	9.8096	3.56077	14.794	32.6364
1397818835.185	n	9.8141	3.56078	14.776	32.6325
1397818835.248	n	9.8188	3.56080	14.760	32.6284
1397818835.311	n	9.8237	3.56082	14.741	32.6242
1397818835.374	n	9.8287	3.56084	14.725	32.6199
1397818835.437	n	9.8337	3.56086	14.705	32.6155
1397818835.497	n	9.8388	3.56087	14.688	32.6110
1397818835.559	n	9.8439	3.56088	14.673	32.6065
1397818835.622	n	9.8490	3.56088	14.656	32.6020
1397818835.686	n	9.8540	3.56089	14.638	32.5976
1397818835.746	n	9.8589	3.56091	14.619	32.5933
1397818835.810	n	9.8635	3.56093	14.604	32.5893
1397818835.872	n	9.8680	3.56095	14.581	32.5855
1397818835.935	n	9.8724	3.56098	14.567	32.5818
1397818835.998	n	9.8766	3.56099	14.550	32.5782
1397818836.060	n	9.8806	3.56100	14.532	32.5746
1397818836.122	n	9.8846	3.56100	14.515	32.5711
1397818836.188	n	9.8884	3.56101	14.500	32.5677
1397818836.247	n	9.8922	3.56102	14.483	32.5644
1397818836.310	n	9.8958	3.56103	14.467	32.5613
1397818836.374	n	9.8993	3.56103	14.452	32.5581
1397818836.435	n	9.9027	3.56103	14.441	32.5550
1397818836.554	y	9.9059	3.56103	14.419	32.5522
1397818836.561	n	9.9091	3.56104	14.403	32.5494
1397818836.622	n	9.9121	3.56105	14.388	32.5467
1397818836.686	n	9.9151	3.56106	14.372	32.5441
1397818836.748	n	9.9181	3.56107	14.358	32.5416
1397818836.810	n	9.9210	3.56108	14.340	32.5391
1397818836.872	n	9.9238	3.56109	14.322	32.5366
1397818836.935	n	9.9266	3.56110	14.311	32.5343
1397818836.997	n	9.9293	3.56111	14.299	32.5319
1397818837.060	n	9.9320	3.56112	14.282	32.5296
1397818837.124	n	9.9346	3.56113	14.263	32.5273
1397818837.185	n	9.9373	3.56113	14.248	32.5249
1397818837.248	n	9.9399	3.56113	14.234	32.5226
1397818837.311	n	9.9425	3.56114	14.217	32.5203
1397818837.374	n	9.9451	3.56114	14.202	32.5180
1397818837.434	n	9.9476	3.56115	14.188	32.5158
1397818837.498	n	9.9502	3.56115	14.171	32.5136
1397818837.560	n	9.9527	3.56116	14.156	32.5114
1397818837.622	n	9.9552	3.56117	14.139	32.5092
1397818837.684	n	9.9576	3.56117	14.119	32.5071
1397818837.748	n	9.9600	3.56118	14.104	32.5050
1397818837.810	n	9.9625	3.56119	14.086	32.5029
1397818837.874	n	9.9649	3.56119	14.072	32.5007
1397818837.935	n	9.9674	3.56119	14.055	32.4985
1397818837.997	n	9.9699	3.56119	14.036	32.4963
1397818838.060	n	9.9724	3.56119	14.017	32.4941
1397818838.123	n	9.9748	3.56120	14.000	32.4919
1397818838.186	n	9.9772	3.56121	13.982	32.4899
1397818838.248	n	9.9796	3.56122	13.964	32.4878
1397818838.311	n	9.9820	3.56122	13.945	32.4857
1397818838.373	n	9.9843	3.56122	13.931	32.4837
1397818838.436	n	9.9866	3.56123	13.913	32.4817
1397818838.549	y	9.9889	3.56124	13.898	32.4797
1397818838.560	n	9.9912	3.56125	13.879	32.4778
1397818838.623	n	9.9935	3.56126	13.861	32.4758
1397818838.686	n	9.9959	3.56126	13.845	32.4737
1397818838.748	n	9.9983	3.56127	13.827	32.4716
1397818838.811	n	10.0006	3.56127	13.808	32.4695
1397818838.875	n	10.0029	3.56127	13.789	32.4675
1397818838.936	n	10.0052	3.56127	13.772	32.4654
1397818838.999	n	10.0075	3.56127	13.754	32.4634
1397818839.061	n	10.0099	3.56127	13.740	32.4613
1397818839.122	n	10.0122	3.56128	13.717	32.4593
1397818839.188	n	10.0146	3.56129	13.697	32.4573
1397818839.247	n	10.0169	3.56131	13.680	32.4553
1397818839.310	n	10.0192	3.56132	13.657	32.4534
1397818839.374	n	10.0216	3.56133	13.636	32.4514
1397818839.435	n	10.0239	3.56133	13.617	32.4493
1397818839.497	n	10.0263	3.56133	13.598	32.4472
1397818839.560	n	10.0287	3.56133	13.579	32.4450
1397818839.623	n	10.0312	3.56133	13.559	32.4427
1397818839.686	n	10.0337	3.56133	13.539	32.4406
1397818839.747	n	10.0363	3.56135	13.519	32.4385
1397818839.811	n	10.0388	3.56136	13.501	32.4363
1397818839.873	n	10.0413	3.56136	13.481	32.4341
1397818839.936	n	10.0437	3.56136	13.462	32.4319
1397818839.998	n	10.0463	3.56136	13.442	32.4297
1397818840.059	n	10.0489	3.56137	13.417	32.4274
1397818840.123	n	10.0516	3.56139	13.401	32.4252
1397818840.185	n	10.0543	3.56139	13.379	32.4228
1397818840.248	n	10.0570	3.56140	13.362	32.4204
1397818840.309	n	10.0598	3.56140	13.342	32.4180
1397818840.375	n	10.0625	3.56140	13.321	32.4156
1397818840.436	n	10.0653	3.56142	13.302	32.4132
1397818840.498	n	10.0681	3.56143	13.281	32.4108
1397818840.559	n	10.0710	3.56145	13.262	32.4084
1397818840.623	n	10.0738	3.56146	13.241	32.4061
1397818840.685	n	10.0766	3.56147	13.226	32.4037
1397818840.875	y	10.0794	3.56148	13.207	32.4013
1397818840.882	n	10.0821	3.56149	13.190	32.3989
1397818840.887	n	10.0848	3.56149	13.168	32.3965
1397818840.937	n	10.0876	3.56149	13.148	32.3941
1397818840.998	n	10.0903	3.56150	13.133	32.3918
1397818841.060	n	10.0929	3.56151	13.116	32.3896
1397818841.123	n	10.0953	3.56152	13.096	32.3875
1397818841.188	n	10.0976	3.56152	13.077	32.3854
1397818841.247	n	10.0999	3.56153	13.062	32.3835
1397818841.311	n	10.1022	3.56153	13.042	32.3815
1397818841.374	n	10.1044	3.56154	13.024	32.3796
1397818841.437	n	10.1065	3.56156	13.004	32.3779
1397818841.498	n	10.1086	3.56158	12.985	32.3762
1397818841.559	n	10.1106	3.56159	12.967	32.3745
1397818841.624	n	10.1124	3.56159	12.951	32.3729
1397818841.685	n	10.1142	3.56158	12.934	32.3713
1397818841.747	n	10.1158	3.56158	12.912	32.3698
1397818841.809	n	10.1173	3.56159	12.894	32.3686
1397818841.872	n	10.1188	3.56161	12.878	32.3675
1397818841.936	n	10.1202	3.56162	12.860	32.3664
1397818841.997	n	10.1215	3.56163	12.842	32.3652
1397818842.060	n	10.1229	3.56163	12.825	32.3640
1397818842.123	n	10.1243	3.56163	12.810	32.3627
1397818842.186	n	10.1256	3.56162	12.794	32.3616
1397818842.297	y	10.1268	3.56162	12.774	32.3604
1397818842.310	n	10.1281	3.56163	12.756	32.3594
1397818842.373	n	10.1292	3.56163	12.737	32.3583
1397818842.436	n	10.1304	3.56163	12.724	32.3574
1397818842.498	n	10.1316	3.56163	12.710	32.3563
1397818842.561	n	10.1327	3.56163	12.696	32.3553
1397818842.623	n	10.1338	3.56163	12.679	32.3543
1397818842.684	n	10.1350	3.56165	12.659	32.3534
1397818842.748	n	10.1361	3.56165	12.646	32.3525
1397818842.811	n	10.1372	3.56166	12.628	32.3516
1397818842.872	n	10.1382	3.56166	12.614	32.3507
1397818842.936	n	10.1393	3.56167	12.596	32.3498
1397818842.997	n	10.1403	3.56167	12.578	32.3490
1397818843.059	n	10.1413	3.56168	12.562	32.3483
1397818843.123	n	10.1423	3.56169	12.549	32.3475
1397818843.185	n	10.1433	3.56170	12.532	32.3466
1397818843.248	n	10.1444	3.56171	12.512	32.3457
1397818843.310	n	10.1455	3.56172	12.491	32.3449
1397818843.374	n	10.1465	3.56172	12.484	32.3440
1397818843.436	n	10.1475	3.56173	12.462	32.3432
1397818843.499	n	10.1486	3.56174	12.443	32.3423
1397818843.561	n	10.1497	3.56174	12.429	32.3414
1397818843.624	n	10.1507	3.56174	12.409	32.3404
1397818843.685	n	10.1518	3.56175	12.392	32.3395
1397818843.747	n	10.1529	3.56175	12.374	32.3386
1397818843.809	n	10.1540	3.56175	12.356	32.3376
1397818843.873	n	10.1551	3.56176	12.340	32.3367
1397818843.936	n	10.1562	3.56176	12.324	32.3358
1397818843.998	n	10.1573	3.56177	12.305	32.3349
1397818844.060	n	10.1583	3.56179	12.289	32.3342
1397818844.123	n	10.1593	3.56180	12.270	32.3334
1397818844.187	n	10.1603	3.56181	12.252	32.3327
1397818844.248	n	10.1613	3.56182	12.236	32.3319
1397818844.310	n	10.1623	3.56182	12.219	32.3310
1397818844.373	n	10.1633	3.56183	12.201	32.3302
1397818844.436	n	10.1643	3.56184	12.182	32.3294
1397818844.498	n	10.1653	3.56184	12.161	32.3285
1397818844.562	n	10.1664	3.56184	12.143	32.3276
1397818844.622	n	10.1674	3.56184	12.126	32.3266
1397818844.685	n	10.1685	3.56184	12.107	32.3257
1397818844.748	n	10.1696	3.56186	12.083	32.3249
1397818844.810	n	10.1708	3.56187	12.067	32.3240
1397818844.872	n	10.1720	3.56188	12.045	32.3230
1397818844.936	n	10.1732	3.56189	12.024	32.3220
1397818845.102	y	10.1745	3.56189	12.005	32.3209
1397818845.108	n	10.1757	3.56190	11.988	32.3199
1397818845.123	n	10.1769	3.56191	11.964	32.3190
1397818845.185	n	10.1781	3.56192	11.941	32.3180
1397818845.247	n	10.1793	3.56192	11.921	32.3170
1397818845.311	n	10.1803	3.56192	11.902	32.3161
1397818845.372	n	10.1812	3.56193	11.881	32.3154
1397818845.436	n	10.1821	3.56194	11.854	32.3147
1397818845.497	n	10.1831	3.56196	11.832	32.3140
1397818845.559	n	10.1842	3.56197	11.812	32.3132
1397818845.623	n	10.1854	3.56198	11.792	32.3122
1397818845.686	n	10.1868	3.56199	11.771	32.3111
1397818845.748	n	10.1882	3.56199	11.749	32.3098
1397818845.811	n	10.1898	3.56200	11.726	32.3085
1397818845.875	y	10.1915	3.56202	11.707	32.3072
1397818845.968	n	10.1932	3.56203	11.684	32.3058
1397818845.998	n	10.1950	3.56205	11.662	32.3044
1397818846.060	n	10.1968	3.56206	11.640	32.3029
1397818846.122	n	10.1987	3.56207	11.617	32.3014
1397818846.187	n	10.2006	3.56206	11.592	32.2996
1397818846.248	n	10.2027	3.56207	11.569	32.2978
1397818846.311	n	10.2048	3.56208	11.547	32.2960
1397818846.373	n	10.2069	3.56210	11.526	32.2943
1397818846.435	n	10.2091	3.56212	11.503	32.2926
1397818846.497	n	10.2112	3.56213	11.484	32.2908
1397818846.560	n	10.2133	3.56213	11.463	32.2890
1397818846.623	n	10.2154	3.56214	11.439	32.2872
1397818846.686	n	10.2176	3.56216	11.415	32.2854
1397818846.748	n	10.2199	3.56218	11.392	32.2837
1397818846.812	n	10.2221	3.56220	11.372	32.2819
1397818846.872	n	10.2243	3.56221	11.349	32.2801
1397818846.936	n	10.2263	3.56223	11.329	32.2785
1397818846.997	n	10.2281	3.56224	11.305	32.2769
1397818847.060	n	10.2299	3.56226	11.285	32.2755
1397818847.124	n	10.2317	3.56228	11.264	32.2741
1397818847.187	n	10.2335	3.56229	11.242	32.2727
1397818847.247	n	10.2352	3.56230	11.222	32.2713
1397818847.309	n	10.2368	3.56232	11.201	32.2701
1397818847.374	n	10.2382	3.56232	11.179	32.2688
1397818847.436	n	10.2396	3.56232	11.157	32.2676
1397818847.498	n	10.2408	3.56233	11.135	32.2667
1397818847.561	n	10.2420	3.56235	11.119	32.2658
1397818847.623	n	10.2431	3.56236	11.097	32.2650
1397818847.686	n	10.2440	3.56237	11.078	32.2642
1397818847.748	n	10.2449	3.56237	11.059	32.2634
1397818847.810	n	10.2458	3.56238	11.037	32.2628
1397818847.872	n	10.2466	3.56239	11.014	32.2622
1397818847.936	n	10.2473	3.56241	10.995	32.2617
1397818847.997	n	10.2481	3.56243	10.977	32.2612
1397818848.060	n	10.2488	3.56243	10.959	32.2606
1397818848.124	n	10.2495	3.56244	10.937	32.2601
1397818848.185	n	10.2501	3.56244	10.918	32.2596
1397818848.247	n	10.2508	3.56245	10.903	32.2591
1397818848.311	n	10.2514	3.56246	10.880	32.2586
1397818848.373	n	10.2520	3.56246	10.862	32.2581
1397818848.436	n	10.2526	3.56247	10.845	32.2577
1397818848.498	n	10.2532	3.56248	10.826	32.2573
1397818848.560	n	10.2538	3.56249	10.807	32.2569
1397818848.624	n	10.2544	3.56250	10.787	32.2564
1397818848.685	n	10.2549	3.56251	10.769	32.2560
1397818848.748	n	10.2555	3.56252	10.752	32.2557
1397818848.809	n	10.2560	3.56253	10.734	32.2553
1397818848.873	n	10.2565	3.56255	10.715	32.2550
1397818848.936	n	10.2571	3.56256	10.701	32.2547
1397818848.998	n	10.2576	3.56256	10.684	32.2542
1397818849.060	n	10.2582	3.56257	10.669	32.2538
1397818849.122	n	10.2588	3.56259	10.650	32.2535
1397818849.187	n	10.2594	3.56261	10.633	32.2531
1397818849.353	y	10.2600	3.56262	10.617	32.2527
1397818849.359	n	10.2606	3.56264	10.598	32.2523
1397818849.372	n	10.2613	3.56264	10.583	32.2517
1397818849.436	n	10.2621	3.56265	10.569	32.2512
1397818849.497	n	10.2629	3.56267	10.550	32.2507
1397818849.582	y	10.2636	3.56269	10.535	32.2503
1397818849.622	n	10.2644	3.56272	10.519	32.2498
1397818849.687	n	10.2651	3.56273	10.503	32.2493
1397818849.747	n	10.2659	3.56274	10.487	32.2487
1397818849.811	n	10.2667	3.56274	10.471	32.2481
1397818849.873	n	10.2675	3.56275	10.457	32.2474
1397818849.935	n	10.2683	3.56276	10.442	32.2469
1397818849.997	n	10.2692	3.56278	10.428	32.2462
1397818850.060	n	10.2701	3.56279	10.410	32.2455
1397818850.122	n	10.2711	3.56280	10.391	32.2448
1397818850.187	n	10.2721	3.56282	10.378	32.2441
1397818850.248	n	10.2732	3.56284	10.360	32.2434
1397818850.310	n	10.2742	3.56286	10.347	32.2426
1397818850.375	n	10.2753	3.56288	10.332	32.2418
1397818850.436	n	10.2763	3.56288	10.315	32.2410
1397818850.497	n	10.2773	3.56289	10.298	32.2402
1397818850.560	n	10.2783	3.56291	10.281	32.2394
1397818850.623	n	10.2793	3.56293	10.268	32.2388
1397818850.685	n	10.2802	3.56295	10.256	32.2382
1397818850.748	n	10.2811	3.56297	10.241	32.2377
1397818850.810	n	10.2818	3.56298	10.227	32.2371
1397818850.873	n	10.2826	3.56299	10.211	32.2365
1397818850.935	n	10.2834	3.56301	10.194	32.2360
1397818850.998	n	10.2842	3.56302	10.172	32.2355
1397818851.060	n	10.2849	3.56304	10.157	32.2350
1397818851.122	n	10.2856	3.56305	10.142	32.2345
1397818851.187	n	10.2862	3.56306	10.127	32.2341
1397818851.248	n	10.2868	3.56308	10.111	32.2337
1397818851.311	n	10.2873	3.56310	10.098	32.2334
1397818851.374	n	10.2878	3.56311	10.083	32.2331
1397818851.436	n	10.2883	3.56312	10.065	32.2328
1397818851.498	n	10.2888	3.56314	10.045	32.2326
1397818851.561	n	10.2893	3.56317	10.025	32.2324
1397818851.622	n	10.2899	3.56318	10.010	32.2321
1397818851.685	n	10.2904	3.56319	9.994	32.2317
1397818851.749	n	10.2910	3.56320	9.977	32.2313
1397818851.809	n	10.2915	3.56321	9.958	32.2310
1397818851.873	n	10.2920	3.56323	9.944	32.2307
1397818851.935	n	10.2925	3.56325	9.924	32.2304
1397818851.997	n	10.2931	3.56326	9.904	32.2300
1397818852.059	n	10.2937	3.56327	9.885	32.2296
1397818852.124	y	10.2943	3.56328	9.863	32.2292
1397818852.187	n	10.2950	3.56330	9.849	32.2289
1397818852.248	n	10.2956	3.56332	9.831	32.2285
1397818852.311	n	10.2962	3.56332	9.810	32.2280
1397818852.373	n	10.2968	3.56333	9.791	32.2276
1397818852.437	n	10.2974	3.56334	9.772	32.2271
1397818852.498	n	10.2980	3.56334	9.754	32.2265
1397818852.561	n	10.2987	3.56336	9.734	32.2261
1397818852.624	n	10.2994	3.56338	9.710	32.2257
1397818852.685	n	10.3001	3.56340	9.691	32.2253
1397818852.747	n	10.3008	3.56342	9.672	32.2249
1397818852.811	n	10.3015	3.56345	9.648	32.2245
1397818852.873	n	10.3023	3.56346	9.626	32.2240
1397818852.934	n	10.3033	3.56367	9.608	32.2252
1397818852.998	n	10.3063	3.56462	9.588	32.2321
1397818853.061	n	10.3132	3.56981	9.565	32.2782
1397818853.124	n	10.3240	3.57911	9.542	32.3620
1397818853.188	n	10.3369	3.59042	9.519	32.4641
1397818853.287	y	10.3487	3.60088	9.494	32.5587
1397818853.310	n	10.3568	3.60798	9.475	32.6229
1397818853.374	n	10.3607	3.61047	9.457	32.6444
1397818853.435	n	10.3623	3.61148	9.433	32.6531
1397818853.604	y	10.3627	3.61199	9.411	32.6579
1397818853.610	n	10.3628	3.61229	9.391	32.6609
1397818853.624	n	10.3625	3.61251	9.369	32.6633
1397818853.685	n	10.3619	3.61268	9.348	32.6656
1397818853.748	n	10.3615	3.61283	9.324	32.6675
1397818853.811	n	10.3617	3.61298	9.299	32.6688
1397818853.873	n	10.3621	3.61307	9.279	32.6693
1397818853.935	n	10.3627	3.61313	9.258	32.6694
1397818853.997	n	10.3632	3.61318	9.236	32.6695
1397818854.060	n	10.3626	3.61323	9.208	32.6706
1397818854.122	n	10.3613	3.61325	9.192	32.6720
1397818854.187	n	10.3603	3.61329	9.171	32.6733
1397818854.248	n	10.3594	3.61330	9.150	32.6741
1397818854.311	n	10.3590	3.61327	9.124	32.6743
1397818854.375	n	10.3582	3.61320	9.102	32.6743
1397818854.436	n	10.3565	3.61306	9.081	32.6744
1397818854.498	n	10.3549	3.61294	9.059	32.6746
1397818854.560	n	10.3543	3.61290	9.038	32.6748
1397818854.622	n	10.3550	3.61298	9.017	32.6750
1397818854.684	n	10.3564	3.61312	8.997	32.6751
1397818854.748	n	10.3574	3.61325	8.973	32.6755
1397818854.810	n	10.3577	3.61332	8.952	32.6760
1397818854.874	n	10.3578	3.61336	8.931	32.6763
1397818854.935	n	10.3579	3.61338	8.915	32.6764
1397818854.998	n	10.3580	3.61339	8.893	32.6764
1397818855.060	n	10.3583	3.61340	8.873	32.6763
1397818855.123	n	10.3588	3.61341	8.848	32.6760
1397818855.186	n	10.3593	3.61343	8.829	32.6757
1397818855.247	n	10.3599	3.61345	8.806	32.6753
1397818855.312	n	10.3607	3.61346	8.788	32.6748
1397818855.374	n	10.3618	3.61351	8.767	32.6742
1397818855.435	n	10.3630	3.61358	8.746	32.6739
1397818855.499	n	10.3643	3.61370	8.725	32.6740
1397818855.561	n	10.3655	3.61385	8.703	32.6744
1397818855.624	n	10.3667	3.61399	8.679	32.6748
1397818855.685	n	10.3676	3.61407	8.658	32.6748
1397818855.747	n	10.3684	3.61410	8.637	32.6743
1397818855.809	n	10.3695	3.61411	8.618	32.6734
1397818855.874	n	10.3716	3.61416	8.597	32.6720
1397818855.934	n	10.3756	3.61432	8.575	32.6700
1397818855.998	n	10.3814	3.61460	8.556	32.6677
1397818856.061	n	10.3877	3.61492	8.534	32.6653
1397818856.123	n	10.3929	3.61521	8.507	32.6636
1397818856.186	n	10.3962	3.61543	8.490	32.6628
1397818856.247	n	10.3975	3.61552	8.469	32.6625
1397818856.310	n	10.3983	3.61559	8.448	32.6625
1397818856.374	n	10.3999	3.61571	8.425	32.6623
1397818856.435	n	10.4030	3.61590	8.405	32.6614
1397818856.498	n	10.4069	3.61614	8.388	32.6603
1397818856.559	n	10.4107	3.61638	8.369	32.6593
1397818856.625	n	10.4133	3.61655	8.346	32.6586
1397818856.686	n	10.4142	3.61662	8.328	32.6586
1397818856.748	n	10.4140	3.61663	8.310	32.6589
1397818856.811	y	10.4135	3.61662	8.291	32.6593
1397818856.892	n	10.4130	3.61662	8.271	32.6598
1397818856.936	n	10.4129	3.61665	8.251	32.6601
1397818856.997	n	10.4140	3.61671	8.232	32.6597
1397818857.059	n	10.4159	3.61681	8.213	32.6590
1397818857.122	n	10.4184	3.61691	8.195	32.6579
1397818857.187	n	10.4210	3.61703	8.171	32.6567
1397818857.248	n	10.4228	3.61713	8.152	32.6561
1397818857.311	n	10.4234	3.61718	8.133	32.6561
1397818857.373	n	10.4230	3.61717	8.110	32.6564
1397818857.436	n	10.4225	3.61716	8.091	32.6567
1397818857.499	n	10.4224	3.61716	8.070	32.6568
1397818857.560	n	10.4230	3.61718	8.048	32.6564
1397818857.629	n	10.4244	3.61720	8.026	32.6555
1397818857.685	n	10.4261	3.61717	8.005	32.6536
1397818857.826	y	10.4280	3.61708	7.989	32.6509
1397818857.833	n	10.4296	3.61695	7.966	32.6482
1397818857.872	n	10.4307	3.61683	7.943	32.6461
1397818857.936	n	10.4313	3.61673	7.920	32.6446
1397818857.997	n	10.4314	3.61663	7.898	32.6435
1397818858.060	n	10.4312	3.61651	7.881	32.6424
1397818858.122	n	10.4309	3.61638	7.863	32.6414
1397818858.186	n	10.4305	3.61625	7.844	32.6406
1397818858.248	n	10.4300	3.61616	7.822	32.6400
1397818858.310	n	10.4296	3.61610	7.801	32.6398
1397818858.373	n	10.4294	3.61607	7.781	32.6396
1397818858.436	n	10.4294	3.61605	7.760	32.6396
1397818858.497	n	10.4294	3.61604	7.739	32.6395
1397818858.559	n	10.4294	3.61603	7.720	32.6394
1397818858.626	n	10.4294	3.61602	7.703	32.6393
1397818858.684	n	10.4295	3.61603	7.678	32.6392
1397818858.748	n	10.4298	3.61605	7.657	32.6392
1397818858.810	n	10.4302	3.61606	7.641	32.6389
1397818858.875	n	10.4308	3.61608	7.618	32.6386
1397818858.937	n	10.4315	3.61611	7.598	32.6383
1397818858.998	n	10.4322	3.61616	7.579	32.6381
1397818859.061	n	10.4329	3.61621	7.561	32.6380
1397818859.124	n	10.4335	3.61625	7.545	32.6379
1397818859.187	n	10.4339	3.61626	7.524	32.6377
1397818859.247	n	10.4342	3.61627	7.506	32.6375
1397818859.310	n	10.4344	3.61629	7.489	32.6375
1397818859.373	n	10.4346	3.61631	7.471	32.6375
1397818859.436	n	10.4349	3.61634	7.451	32.6376
1397818859.497	n	10.4352	3.61636	7.436	32.6376
1397818859.560	n	10.4356	3.61638	7.422	32.6375
1397818859.628	n	10.4359	3.61640	7.406	32.6373
1397818859.684	n	10.4363	3.61643	7.387	32.6372
1397818859.747	n	10.4367	3.61645	7.373	32.6371
1397818859.809	n	10.4372	3.61650	7.356	32.6372
1397818859.872	n	10.4377	3.61654	7.340	32.6371
1397818859.935	n	10.4382	3.61658	7.322	32.6371
1397818859.998	n	10.4387	3.61661	7.306	32.6370
1397818860.061	n	10.4388	3.61663	7.294	32.6370
1397818860.124	n	10.4388	3.61662	7.279	32.6370
1397818860.186	n	10.4391	3.61661	7.264	32.6367
1397818860.247	n	10.4399	3.61662	7.250	32.6360
1397818860.309	n	10.4413	3.61664	7.235	32.6350
1397818860.373	n	10.4431	3.61665	7.220	32.6335
1397818860.435	n	10.4447	3.61664	7.206	32.6319
1397818860.498	n	10.4460	3.61659	7.191	32.6303
1397818860.577	y	10.4469	3.61653	7.180	32.6289
1397818860.626	n	10.4474	3.61646	7.168	32.6278
1397818860.685	n	10.4478	3.61642	7.154	32.6270
1397818860.748	n	10.4480	3.61639	7.142	32.6265
1397818860.811	n	10.4481	3.61638	7.128	32.6263
1397818860.873	n	10.4482	3.61637	7.118	32.6261
1397818860.936	n	10.4483	3.61637	7.107	32.6261
1397818860.997	n	10.4483	3.61638	7.093	32.6261
1397818861.061	n	10.4483	3.61639	7.081	32.6262
1397818861.122	n	10.4483	3.61638	7.068	32.6262
1397818861.187	n	10.4482	3.61637	7.062	32.6262
1397818861.249	n	10.4481	3.61634	7.055	32.6259
1397818861.394	y	10.4481	3.61626	7.040	32.6252
1397818861.400	n	10.4480	3.61615	7.025	32.6242
1397818861.436	n	10.4479	3.61603	7.014	32.6230
1397818861.497	n	10.4478	3.61589	7.004	32.6217
1397818861.559	n	10.4478	3.61579	6.997	32.6207
1397818861.622	n	10.4477	3.61573	6.988	32.6202
1397818861.686	n	10.4477	3.61571	6.973	32.6201
1397818861.747	n	10.4477	3.61574	6.962	32.6204
1397818861.810	n	10.4477	3.61580	6.954	32.6209
1397818861.873	n	10.4476	3.61584	6.944	32.6213
1397818861.935	n	10.4477	3.61586	6.933	32.6215
1397818862.092	y	10.4477	3.61586	6.925	32.6215
1397818862.098	n	10.4478	3.61584	6.915	32.6212
1397818862.123	n	10.4478	3.61579	6.904	32.6207
1397818862.186	n	10.4478	3.61574	6.893	32.6202
1397818862.247	n	10.4478	3.61569	6.880	32.6198
1397818862.311	n	10.4477	3.61566	6.872	32.6195
1397818862.373	n	10.4477	3.61565	6.864	32.6194
1397818862.436	n	10.4476	3.61565	6.852	32.6195
1397818862.497	n	10.4475	3.61566	6.841	32.6197
1397818862.559	n	10.4475	3.61565	6.832	32.6197
1397818862.628	n	10.4474	3.61563	6.821	32.6195
1397818862.684	n	10.4474	3.61560	6.810	32.6192
1397818862.748	n	10.4475	3.61556	6.802	32.6188
1397818862.810	n	10.4475	3.61553	6.789	32.6184
1397818862.872	n	10.4476	3.61553	6.777	32.6184
1397818862.935	n	10.4477	3.61554	6.765	32.6184
1397818862.999	n	10.4478	3.61555	6.755	32.6184
1397818863.061	n	10.4478	3.61554	6.746	32.6184
1397818863.125	n	10.4477	3.61552	6.732	32.6182
1397818863.184	n	10.4477	3.61547	6.719	32.6177
1397818863.248	n	10.4477	3.61541	6.709	32.6171
1397818863.310	n	10.4476	3.61534	6.695	32.6165
1397818863.373	n	10.4476	3.61527	6.684	32.6158
1397818863.434	n	10.4476	3.61521	6.671	32.6152
1397818863.498	n	10.4479	3.61516	6.662	32.6145
1397818863.561	n	10.4485	3.61509	6.646	32.6132
1397818863.622	n	10.4493	3.61499	6.632	32.6115
1397818863.686	n	10.4502	3.61489	6.616	32.6097
1397818863.747	n	10.4510	3.61479	6.604	32.6080
1397818863.809	n	10.4515	3.61473	6.589	32.6069
1397818863.874	n	10.4518	3.61471	6.573	32.6065
1397818863.936	n	10.4520	3.61472	6.558	32.6064
1397818863.998	n	10.4523	3.61471	6.543	32.6061
1397818864.060	n	10.4526	3.61466	6.527	32.6053
1397818864.122	n	10.4533	3.61456	6.509	32.6036
1397818864.186	n	10.4543	3.61443	6.496	32.6014
1397818864.251	y	10.4554	3.61431	6.477	32.5993
1397818864.309	n	10.4561	3.61423	6.464	32.5978
1397818864.372	n	10.4566	3.61419	6.448	32.5970
1397818864.435	n	10.4568	3.61419	6.427	32.5968
1397818864.497	n	10.4570	3.61419	6.410	32.5967
1397818864.559	n	10.4571	3.61418	6.394	32.5965
1397818864.622	n	10.4571	3.61418	6.371	32.5964
1397818864.685	n	10.4570	3.61416	6.353	32.5964
1397818864.748	n	10.4566	3.61416	6.335	32.5968
1397818864.811	n	10.4560	3.61417	6.318	32.5974
1397818864.873	n	10.4556	3.61419	6.303	32.5980
1397818864.936	n	10.4554	3.61418	6.284	32.5980
1397818864.997	n	10.4557	3.61413	6.264	32.5973
1397818865.060	n	10.4564	3.61404	6.245	32.5958
1397818865.125	n	10.4574	3.61393	6.226	32.5938
1397818865.189	n	10.4584	3.61383	6.209	32.5919
1397818865.248	n	10.4593	3.61379	6.190	32.5907
1397818865.310	n	10.4596	3.61378	6.167	32.5904
1397818865.374	n	10.4595	3.61378	6.146	32.5904
1397818865.436	n	10.4596	3.61373	6.132	32.5899
1397818865.498	n	10.4602	3.61362	6.113	32.5882
1397818865.560	n	10.4615	3.61348	6.089	32.5856
1397818865.623	n	10.4634	3.61336	6.071	32.5828
1397818865.685	n	10.4651	3.61327	6.054	32.5804
1397818865.748	n	10.4660	3.61324	6.032	32.5792
1397818865.810	n	10.4660	3.61323	6.011	32.5792
1397818865.872	n	10.4660	3.61323	5.990	32.5792
1397818865.935	n	10.4667	3.61319	5.970	32.5781
1397818865.998	n	10.4687	3.61311	5.953	32.5755
1397818866.060	n	10.4719	3.61297	5.936	32.5713
1397818866.125	n	10.4754	3.61285	5.917	32.5670
1397818866.187	n	10.4781	3.61275	5.898	32.5636
1397818866.366	y	10.4800	3.61270	5.878	32.5614
1397818866.372	n	10.4813	3.61268	5.858	32.5600
1397818866.378	n	10.4825	3.61268	5.839	32.5590
1397818866.436	n	10.4833	3.61269	5.821	32.5584
1397818866.497	n	10.4838	3.61270	5.801	32.5580
1397818866.560	n	10.4839	3.61269	5.784	32.5579
1397818866.623	n	10.4837	3.61268	5.767	32.5579
1397818866.684	n	10.4834	3.61264	5.749	32.5579
1397818866.748	n	10.4832	3.61263	5.729	32.5579
1397818866.810	n	10.4831	3.61261	5.709	32.5578
1397818866.873	n	10.4830	3.61259	5.693	32.5577
1397818866.935	n	10.4830	3.61259	5.677	32.5577
1397818866.998	n	10.4834	3.61261	5.656	32.5575
1397818867.060	n	10.4843	3.61264	5.634	32.5570
1397818867.122	n	10.4853	3.61267	5.617	32.5565
1397818867.187	n	10.4857	3.61268	5.600	32.5562
1397818867.248	n	10.4856	3.61267	5.578	32.5562
1397818867.310	n	10.4855	3.61265	5.562	32.5561
1397818867.374	n	10.4865	3.61265	5.547	32.5552
1397818867.436	n	10.4885	3.61264	5.526	32.5534
1397818867.498	n	10.4905	3.61264	5.510	32.5516
1397818867.559	n	10.4915	3.61262	5.493	32.5505
1397818867.623	n	10.4915	3.61261	5.474	32.5504
1397818867.684	n	10.4910	3.61259	5.451	32.5506
1397818867.747	n	10.4913	3.61258	5.434	32.5503
1397818867.810	n	10.4921	3.61258	5.414	32.5495
1397818867.874	n	10.4930	3.61258	5.391	32.5487
1397818867.936	y	10.4936	3.61257	5.370	32.5482
1397818867.998	n	10.4939	3.61257	5.353	32.5479
1397818868.060	n	10.4939	3.61258	5.330	32.5480
1397818868.124	n	10.4940	3.61258	5.312	32.5479
1397818868.187	n	10.4941	3.61257	5.291	32.5477
1397818868.248	n	10.4943	3.61256	5.276	32.5474
1397818868.310	n	10.4947	3.61254	5.255	32.5469
1397818868.373	n	10.4950	3.61254	5.234	32.5466
1397818868.436	n	10.4953	3.61255	5.213	32.5465
1397818868.498	n	10.4959	3.61255	5.195	32.5460
1397818868.560	n	10.4971	3.61254	5.176	32.5449
1397818868.624	n	10.4986	3.61254	5.158	32.5435
1397818868.687	n	10.5001	3.61253	5.138	32.5420
1397818868.748	n	10.5009	3.61252	5.120	32.5412
1397818868.810	n	10.5007	3.61251	5.101	32.5413
1397818868.875	n	10.5003	3.61250	5.083	32.5416
1397818868.936	n	10.5004	3.61249	5.069	32.5414
1397818868.998	n	10.5007	3.61249	5.050	32.5411
1397818869.059	n	10.5011	3.61249	5.027	32.5408
1397818869.123	n	10.5021	3.61249	5.009	32.5398
1397818869.186	n	10.5035	3.61246	4.993	32.5384
1397818869.247	n	10.5050	3.61242	4.977	32.5366
1397818869.310	n	10.5064	3.61237	4.955	32.5349
1397818869.374	n	10.5073	3.61232	4.936	32.5336
1397818869.436	n	10.5082	3.61229	4.917	32.5325
1397818869.497	n	10.5103	3.61227	4.897	32.5304
1397818869.560	n	10.5135	3.61225	4.877	32.5273
1397818869.625	n	10.5171	3.61222	4.856	32.5239
1397818869.685	n	10.5200	3.61220	4.836	32.5211
1397818869.748	n	10.5216	3.61218	4.812	32.5195
1397818869.811	n	10.5223	3.61218	4.795	32.5189
1397818869.873	n	10.5226	3.61218	4.775	32.5186
1397818869.936	n	10.5228	3.61217	4.758	32.5183
1397818869.997	n	10.5230	3.61217	4.735	32.5181
1397818870.061	n	10.5231	3.61216	4.719	32.5179
1397818870.124	n	10.5234	3.61215	4.698	32.5176
1397818870.187	n	10.5237	3.61213	4.680	32.5171
1397818870.249	n	10.5244	3.61211	4.659	32.5164
1397818870.311	n	10.5252	3.61211	4.641	32.5156
1397818870.375	n	10.5259	3.61211	4.620	32.5150
1397818870.435	n	10.5264	3.61211	4.602	32.5146
1397818870.690	y	10.5266	3.61212	4.588	32.5145
1397818870.704	n	10.5265	3.61212	4.572	32.5146
1397818870.709	n	10.5261	3.61212	4.554	32.5150
1397818870.715	n	10.5255	3.61213	4.540	32.5156
1397818870.747	n	10.5247	3.61214	4.524	32.5164
1397818870.809	n	10.5241	3.61215	4.510	32.5171
1397818870.874	n	10.5238	3.61216	4.489	32.5174
1397818870.935	n	10.5238	3.61217	4.476	32.5176
1397818870.998	n	10.5240	3.61218	4.460	32.5175
1397818871.061	n	10.5241	3.61219	4.445	32.5174
1397818871.123	n	10.5245	3.61219	4.433	32.5171
1397818871.185	n	10.5253	3.61219	4.415	32.5165
1397818871.249	n	10.5260	3.61219	4.400	32.5158
1397818871.311	n	10.5262	3.61219	4.384	32.5157
1397818871.374	n	10.5259	3.61221	4.372	32.5161
1397818871.436	n	10.5265	3.61223	4.355	32.5158
1397818871.497	y	10.5294	3.61228	4.342	32.5137
1397818871.561	n	10.5338	3.61235	4.329	32.5104
1397818871.624	n	10.5379	3.61243	4.312	32.5076
1397818871.686	n	10.5397	3.61247	4.297	32.5065
1397818871.749	n	10.5385	3.61248	4.290	32.5077
1397818871.810	n	10.5356	3.61244	4.274	32.5098
1397818871.874	n	10.5327	3.61238	4.261	32.5118
1397818871.935	n	10.5304	3.61234	4.248	32.5134
1397818871.998	n	10.5287	3.61231	4.237	32.5146
1397818872.061	n	10.5286	3.61231	4.222	32.5147
1397818872.123	n	10.5302	3.61236	4.207	32.5139
1397818872.186	n	10.5329	3.61245	4.194	32.5124
1397818872.247	n	10.5363	3.61257	4.183	32.5104
1397818872.310	n	10.5404	3.61268	4.173	32.5080
1397818872.372	n	10.5444	3.61276	4.160	32.5052
1397818872.435	n	10.5483	3.61284	4.144	32.5025
1397818872.499	n	10.5514	3.61291	4.134	32.5004
1397818872.560	n	10.5528	3.61295	4.121	32.4996
1397818872.622	n	10.5527	3.61296	4.112	32.4998
1397818872.686	n	10.5510	3.61293	4.098	32.5011
1397818872.748	n	10.5476	3.61291	4.084	32.5039
1397818872.810	n	10.5435	3.61292	4.071	32.5076
1397818872.874	n	10.5416	3.61296	4.059	32.5097
1397818872.935	n	10.5448	3.61302	4.050	32.5074
1397818872.998	n	10.5534	3.61309	4.034	32.5004
1397818873.060	n	10.5647	3.61315	4.023	32.4910
1397818873.123	n	10.5738	3.61318	4.014	32.4833
1397818873.186	n	10.5777	3.61321	4.002	32.4800
1397818873.247	n	10.5778	3.61321	3.991	32.4800
1397818873.310	n	10.5775	3.61319	3.977	32.4800
1397818873.372	n	10.5789	3.61315	3.964	32.4784
1397818873.436	n	10.5818	3.61310	3.955	32.4754
1397818873.499	n	10.5822	3.61301	3.942	32.4741
1397818873.559	n	10.5763	3.61289	3.932	32.4782
1397818873.624	n	10.5644	3.61275	3.918	32.4874
1397818873.686	n	10.5507	3.61262	3.907	32.4983
1397818873.749	n	10.5394	3.61251	3.898	32.5073
1397818873.811	n	10.5328	3.61246	3.889	32.5127
1397818873.873	n	10.5307	3.61249	3.876	32.5148
1397818873.935	n	10.5322	3.61256	3.863	32.5143
1397818873.999	n	10.5364	3.61268	3.855	32.5117
1397818874.060	n	10.5435	3.61281	3.843	32.5067
1397818874.123	n	10.5520	3.61295	3.832	32.5005
1397818874.186	n	10.5591	3.61309	3.819	32.4955
1397818874.247	n	10.5643	3.61321	3.807	32.4921
1397818874.310	n	10.5688	3.61331	3.797	32.4892
1397818874.372	n	10.5740	3.61341	3.787	32.4855
1397818874.435	n	10.5801	3.61350	3.778	32.4809
1397818874.497	n	10.5865	3.61360	3.765	32.4762
1397818874.561	n	10.5915	3.61368	3.753	32.4726
1397818874.625	n	10.5948	3.61375	3.745	32.4703
1397818874.685	n	10.5968	3.61382	3.732	32.4693
1397818874.852	y	10.5982	3.61388	3.722	32.4686
1397818874.859	n	10.5993	3.61393	3.711	32.4682
1397818874.874	n	10.6001	3.61398	3.700	32.4680
1397818874.935	n	10.6005	3.61402	3.689	32.4680
1397818874.998	n	10.6006	3.61405	3.674	32.4682
1397818875.061	n	10.6007	3.61407	3.664	32.4683
1397818875.123	n	10.6012	3.61409	3.656	32.4681
1397818875.260	y	10.6017	3.61411	3.643	32.4678
1397818875.355	y	10.6018	3.61412	3.635	32.4678
1397818875.361	n	10.6014	3.61412	3.625	32.4682
1397818875.374	n	10.6008	3.61412	3.612	32.4688
1397818875.434	n	10.6001	3.61411	3.604	32.4693
1397818875.499	n	10.5996	3.61407	3.593	32.4693
1397818875.560	n	10.5993	3.61404	3.581	32.4693
1397818875.623	n	10.5990	3.61403	3.575	32.4695
1397818875.686	n	10.5987	3.61403	3.562	32.4698
1397818875.748	n	10.5985	3.61403	3.551	32.4700
1397818875.811	n	10.5984	3.61402	3.540	32.4699
1397818875.874	n	10.5984	3.61400	3.529	32.4698
1397818875.937	n	10.5986	3.61400	3.514	32.4696
1397818875.998	n	10.5994	3.61403	3.506	32.4692
1397818876.061	n	10.6010	3.61408	3.495	32.4683
1397818876.124	n	10.6027	3.61412	3.482	32.4671
1397818876.187	n	10.6040	3.61414	3.474	32.4662
1397818876.249	n	10.6044	3.61417	3.465	32.4661
1397818876.311	n	10.6040	3.61417	3.453	32.4665
1397818876.373	n	10.6035	3.61417	3.445	32.4669
1397818876.436	n	10.6032	3.61417	3.434	32.4671
1397818876.498	n	10.6032	3.61417	3.427	32.4672
1397818876.561	n	10.6032	3.61419	3.413	32.4674
1397818876.624	n	10.6027	3.61420	3.402	32.4679
1397818876.685	n	10.6018	3.61420	3.392	32.4687
1397818876.747	n	10.6008	3.61419	3.378	32.4696
1397818876.810	n	10.5999	3.61418	3.370	32.4703
1397818876.872	n	10.5995	3.61417	3.360	32.4705
1397818876.936	n	10.5996	3.61416	3.348	32.4703
1397818876.998	n	10.5998	3.61414	3.333	32.4700
1397818877.061	n	10.6002	3.61413	3.322	32.4695
1397818877.123	n	10.6008	3.61414	3.312	32.4690
1397818877.186	n	10.6016	3.61417	3.299	32.4687
1397818877.249	n	10.6028	3.61421	3.293	32.4681
1397818877.311	n	10.6045	3.61426	3.277	32.4670
1397818877.375	n	10.6066	3.61429	3.265	32.4654
1397818877.435	n	10.6081	3.61426	3.250	32.4638
1397818877.499	n	10.6083	3.61417	3.239	32.4628
1397818877.561	n	10.6068	3.61406	3.224	32.4630
1397818877.623	n	10.6051	3.61399	3.211	32.4637
1397818877.685	n	10.6056	3.61401	3.201	32.4636
1397818877.747	n	10.6093	3.61414	3.188	32.4616
1397818877.809	n	10.6158	3.61434	3.176	32.4578
1397818877.874	n	10.6228	3.61453	3.158	32.4535
1397818877.936	n	10.6282	3.61468	3.146	32.4502
1397818877.998	n	10.6312	3.61477	3.132	32.4484
1397818878.061	n	10.6325	3.61482	3.118	32.4477
1397818878.123	n	10.6330	3.61484	3.105	32.4475
1397818878.189	n	10.6333	3.61484	3.091	32.4473
1397818878.248	n	10.6336	3.61485	3.073	32.4470
1397818878.310	n	10.6337	3.61485	3.057	32.4470
1397818878.373	n	10.6335	3.61484	3.044	32.4472
1397818878.436	n	10.6334	3.61484	3.025	32.4472
1397818878.497	n	10.6340	3.61485	3.006	32.4468
1397818878.561	n	10.6353	3.61487	2.993	32.4459
1397818878.624	n	10.6367	3.61491	2.971	32.4450
1397818878.685	n	10.6377	3.61495	2.956	32.4444
1397818878.748	n	10.6380	3.61497	2.940	32.4444
1397818878.810	n	10.6380	3.61498	2.922	32.4445
1397818878.874	y	10.6380	3.61497	2.907	32.4445
1397818878.945	n	10.6381	3.61496	2.889	32.4443
1397818879.110	y	10.6383	3.61496	2.869	32.4441
1397818879.118	n	10.6389	3.61497	2.851	32.4437
1397818879.125	n	10.6404	3.61500	2.835	32.4427
1397818879.187	n	10.6428	3.61505	2.812	32.4411
1397818879.248	n	10.6457	3.61511	2.793	32.4391
1397818879.311	n	10.6483	3.61516	2.776	32.4373
1397818879.373	n	10.6501	3.61519	2.755	32.4359
1397818879.436	n	10.6513	3.61521	2.737	32.4351
1397818879.498	n	10.6523	3.61522	2.721	32.4344
1397818879.561	n	10.6532	3.61523	2.699	32.4337
1397818879.624	n	10.6540	3.61525	2.681	32.4332
1397818879.685	n	10.6548	3.61527	2.658	32.4327
1397818879.747	n	10.6555	3.61528	2.638	32.4321
1397818879.810	n	10.6563	3.61528	2.618	32.4315
1397818879.873	n	10.6569	3.61529	2.601	32.4311
1397818879.936	n	10.6571	3.61530	2.577	32.4310
1397818879.999	n	10.6569	3.61531	2.560	32.4313
1397818880.061	n	10.6565	3.61532	2.542	32.4317
1397818880.124	n	10.6562	3.61533	2.524	32.4321
1397818880.186	n	10.6561	3.61534	2.502	32.4322
1397818880.247	n	10.6562	3.61534	2.483	32.4322
1397818880.309	n	10.6564	3.61534	2.459	32.4320
1397818880.373	n	10.6566	3.61535	2.438	32.4320
1397818880.436	n	10.6568	3.61535	2.421	32.4318
1397818880.498	n	10.6571	3.61536	2.398	32.4316
1397818880.560	n	10.6573	3.61535	2.378	32.4313
1397818880.622	n	10.6573	3.61534	2.352	32.4312
1397818880.686	n	10.6572	3.61531	2.329	32.4310
1397818880.748	n	10.6569	3.61526	2.304	32.4308
1397818880.811	n	10.6569	3.61521	2.283	32.4303
1397818880.874	n	10.6569	3.61515	2.259	32.4298
1397818880.935	n	10.6567	3.61508	2.241	32.4292
1397818880.997	n	10.6564	3.61501	2.223	32.4289
1397818881.061	n	10.6559	3.61493	2.202	32.4285
1397818881.123	n	10.6554	3.61482	2.183	32.4278
1397818881.186	n	10.6550	3.61470	2.162	32.4270
1397818881.248	n	10.6548	3.61460	2.140	32.4261
1397818881.309	n	10.6546	3.61452	2.125	32.4255
1397818881.374	n	10.6545	3.61446	2.108	32.4251
1397818881.437	n	10.6543	3.61441	2.087	32.4248
1397818881.498	n	10.6540	3.61436	2.070	32.4245
1397818881.560	n	10.6538	3.61431	2.054	32.4242
1397818881.623	n	10.6537	3.61426	2.036	32.4238
1397818881.686	n	10.6536	3.61419	2.016	32.4232
1397818881.749	n	10.6534	3.61410	1.995	32.4225
1397818881.810	n	10.6530	3.61399	1.979	32.4217
1397818881.873	n	10.6525	3.61387	1.962	32.4210
1397818881.935	n	10.6519	3.61373	1.944	32.4201
1397818881.997	n	10.6513	3.61357	1.926	32.4191
1397818882.060	n	10.6508	3.61339	1.906	32.4177
1397818882.123	n	10.6506	3.61323	1.896	32.4162
1397818882.186	n	10.6508	3.61309	1.878	32.4148
1397818882.248	n	10.6511	3.61300	1.866	32.4136
1397818882.310	n	10.6513	3.61292	1.848	32.4127
1397818882.374	n	10.6504	3.61280	1.833	32.4123
1397818882.439	y	10.6480	3.61255	1.817	32.4119
1397818882.526	n	10.6449	3.61222	1.801	32.4114
1397818882.561	n	10.6420	3.61190	1.788	32.4108
1397818882.624	n	10.6401	3.61168	1.775	32.4103
1397818882.685	n	10.6394	3.61159	1.761	32.4100
1397818882.749	n	10.6392	3.61159	1.748	32.4102
1397818882.811	n	10.6388	3.61158	1.732	32.4104
1397818882.874	n	10.6381	3.61154	1.716	32.4106
1397818882.935	n	10.6374	3.61148	1.703	32.4106
1397818882.998	n	10.6370	3.61141	1.692	32.4104
1397818883.060	n	10.6368	3.61136	1.679	32.4100
1397818883.125	n	10.6369	3.61134	1.669	32.4097
1397818883.186	n	10.6370	3.61134	1.656	32.4096
1397818883.332	y	10.6371	3.61136	1.649	32.4098
1397818883.337	n	10.6373	3.61139	1.633	32.4099
1397818883.373	n	10.6380	3.61143	1.623	32.4097
1397818883.434	n	10.6391	3.61146	1.612	32.4090
1397818883.497	n	10.6403	3.61149	1.606	32.4083
1397818883.561	n	10.6413	3.61155	1.595	32.4080
1397818883.623	n	10.6422	3.61166	1.586	32.4082
1397818883.685	n	10.6433	3.61180	1.580	32.4087
1397818883.747	n	10.6445	3.61195	1.572	32.4091
1397818883.809	n	10.6456	3.61205	1.563	32.4092
1397818883.872	n	10.6459	3.61207	1.556	32.4091
1397818883.936	n	10.6451	3.61199	1.547	32.4090
1397818883.998	n	10.6438	3.61185	1.533	32.4088
1397818884.060	n	10.6427	3.61174	1.520	32.4087
1397818884.123	n	10.6422	3.61169	1.512	32.4086
1397818884.186	n	10.6426	3.61171	1.497	32.4084
1397818884.247	n	10.6432	3.61175	1.480	32.4084
1397818884.311	n	10.6430	3.61177	1.463	32.4087
1397818884.373	n	10.6419	3.61172	1.446	32.4092
1397818884.436	n	10.6397	3.61162	1.432	32.4101
1397818884.497	n	10.6371	3.61145	1.414	32.4107
1397818884.561	n	10.6347	3.61121	1.399	32.4105
1397818884.622	n	10.6328	3.61098	1.379	32.4100
1397818884.685	n	10.6312	3.61078	1.358	32.4094
1397818884.748	n	10.6296	3.61061	1.335	32.4091
1397818884.810	n	10.6275	3.61046	1.316	32.4095
1397818884.873	n	10.6252	3.61028	1.298	32.4098
1397818884.937	n	10.6232	3.61010	1.282	32.4097
1397818884.997	n	10.6228	3.61005	1.260	32.4096
1397818885.061	n	10.6243	3.61019	1.238	32.4097
1397818885.124	n	10.6268	3.61046	1.220	32.4102
1397818885.186	n	10.6291	3.61073	1.202	32.4109
1397818885.247	n	10.6304	3.61088	1.183	32.4112
1397818885.310	n	10.6306	3.61090	1.162	32.4112
1397818885.372	n	10.6305	3.61087	1.144	32.4110
1397818885.436	n	10.6307	3.61087	1.126	32.4108
1397818885.499	n	10.6314	3.61093	1.108	32.4107
1397818885.561	n	10.6319	3.61100	1.089	32.4111
1397818885.624	n	10.6317	3.61103	1.068	32.4116
1397818885.685	n	10.6307	3.61099	1.054	32.4121
1397818885.748	n	10.6294	3.61088	1.035	32.4122
1397818885.810	n	10.6287	3.61076	1.018	32.4114
1397818885.873	n	10.6290	3.61066	1.001	32.4102
1397818885.935	n	10.6295	3.61058	0.988	32.4091
1397818885.999	n	10.6293	3.61051	0.972	32.4085
1397818886.060	n	10.6281	3.61039	0.959	32.4084
1397818886.123	n	10.6259	3.61021	0.942	32.4086
1397818886.206	y	10.6233	3.61002	0.929	32.4090
1397818886.247	n	10.6208	3.60985	0.918	32.4095
1397818886.310	n	10.6186	3.60971	0.904	32.4101
1397818886.373	n	10.6165	3.60961	0.892	32.4109
1397818886.436	n	10.6145	3.60952	0.881	32.4118
1397818886.498	n	10.6127	3.60945	0.870	32.4128
1397818886.561	n	10.6112	3.60940	0.858	32.4136
1397818886.624	n	10.6103	3.60936	0.847	32.4140
1397818886.685	n	10.6104	3.60934	0.832	32.4137
1397818886.747	n	10.6112	3.60933	0.823	32.4128
1397818886.810	n	10.6119	3.60929	0.812	32.4118
1397818886.872	n	10.6115	3.60921	0.803	32.4115
1397818886.936	n	10.6092	3.60905	0.790	32.4119
1397818886.998	n	10.6053	3.60876	0.772	32.4125
1397818887.060	n	10.6005	3.60839	0.761	32.4130
1397818887.123	n	10.5956	3.60796	0.748	32.4130
1397818887.185	n	10.5917	3.60756	0.734	32.4126
1397818887.248	n	10.5892	3.60729	0.722	32.4121
1397818887.310	n	10.5876	3.60713	0.710	32.4120
1397818887.375	n	10.5864	3.60700	0.696	32.4117
1397818887.435	n	10.5855	3.60690	0.685	32.4115
1397818887.587	y	10.5852	3.60684	0.668	32.4111
1397818887.592	n	10.5850	3.60682	0.659	32.4111
1397818887.622	n	10.5839	3.60679	0.647	32.4119
1397818887.685	n	10.5816	3.60674	0.635	32.4134
1397818887.749	n	10.5783	3.60660	0.623	32.4149
1397818887.811	n	10.5760	3.60645	0.613	32.4155
1397818887.872	n	10.5760	3.60638	0.603	32.4148
1397818887.936	n	10.5777	3.60635	0.590	32.4130
1397818887.998	n	10.5801	3.60632	0.585	32.4106
1397818888.060	n	10.5821	3.60632	0.582	32.4087
1397818888.124	n	10.5831	3.60631	0.577	32.4078
1397818888.189	n	10.5818	3.60610	0.568	32.4069
1397818888.248	n	10.5745	3.34468	0.567	29.8162
1397818888.311	n	10.5568	2.81639	0.564	24.6721
1397818888.373	n	10.5268	2.16115	0.560	18.4681
1397818888.436	n	10.4853	1.55238	0.553	12.8953
1397818888.498	n	10.4366	1.13207	0.554	9.1740
1397818888.560	n	10.3880	1.00195	0.551	8.0525
1397818888.623	n	10.3466	0.92423	0.549	7.3902
1397818888.686	n	10.3166	0.83850	0.547	6.6609
