Source File: D:\Storage\Programs\OOI\Group 5\Correspondence\07_18_14 sample files\files\11087120.PPB
Processed: 07/18/2014 12:27:42
Using Version: 1.11
Device: CTD
Start Date: 04/18/2014
Timestamp (s)	Suspect Timestamp	Temperature	Conductivity	Pressure	Salinity
1397840704.683	y	9.9804	3.60034	20.669	32.8811
1397840704.748	n	9.9805	3.60032	20.651	32.8808
1397840704.810	n	9.9806	3.60036	20.647	32.8812
1397840704.873	n	9.9805	3.60034	20.669	32.8810
1397840704.935	n	9.9806	3.60032	20.651	32.8807
1397840704.996	n	9.9804	3.60032	20.629	32.8810
1397840705.059	n	9.9804	3.60032	20.620	32.8809
1397840705.123	n	9.9804	3.60032	20.647	32.8810
1397840705.188	n	9.9804	3.60032	20.645	32.8809
1397840705.248	n	9.9804	3.60031	20.638	32.8809
1397840705.310	n	9.9803	3.60031	20.629	32.8809
1397840705.374	n	9.9804	3.60031	20.620	32.8809
1397840705.435	n	9.9804	3.60032	20.610	32.8809
1397840705.498	n	9.9805	3.60031	20.607	32.8808
1397840705.562	n	9.9806	3.60031	20.597	32.8807
1397840705.624	n	9.9806	3.60030	20.595	32.8806
1397840705.686	n	9.9807	3.60031	20.587	32.8806
1397840705.750	n	9.9807	3.60030	20.582	32.8806
1397840705.811	n	9.9807	3.60030	20.578	32.8805
1397840705.875	n	9.9807	3.60029	20.573	32.8804
1397840705.936	n	9.9807	3.60029	20.566	32.8804
1397840705.999	n	9.9808	3.60028	20.559	32.8802
1397840706.060	n	9.9809	3.60027	20.558	32.8800
1397840706.124	n	9.9810	3.60027	20.557	32.8799
1397840706.186	n	9.9810	3.60026	20.554	32.8798
1397840706.857	n	9.9811	3.60025	20.551	32.8796
1397840706.871	n	9.9812	3.60025	20.547	32.8796
1397840706.895	n	9.9813	3.60024	20.544	32.8794
1397840706.903	n	9.9813	3.60023	20.542	32.8792
1397840706.911	n	9.9814	3.60023	20.543	32.8791
1397840706.917	n	9.9815	3.60022	20.544	32.8789
1397840706.924	n	9.9817	3.60022	20.539	32.8788
1397840706.931	n	9.9818	3.60022	20.535	32.8787
1397840706.939	n	9.9820	3.60022	20.539	32.8785
1397840706.947	n	9.9822	3.60022	20.537	32.8783
1397840706.955	n	9.9824	3.60022	20.540	32.8782
1397840706.963	n	9.9825	3.60022	20.539	32.8781
1397840706.999	n	9.9827	3.60023	20.543	32.8780
1397840707.062	n	9.9828	3.60022	20.543	32.8777
1397840707.123	n	9.9830	3.60021	20.544	32.8774
1397840707.187	n	9.9833	3.60020	20.546	32.8771
1397840707.248	n	9.9835	3.60019	20.550	32.8768
1397840707.317	n	9.9837	3.60018	20.553	32.8765
1397840707.372	n	9.9840	3.60018	20.556	32.8763
1397840707.437	n	9.9843	3.60017	20.561	32.8760
1397840707.501	n	9.9846	3.60016	20.567	32.8755
1397840707.562	n	9.9850	3.60016	20.568	32.8751
1397840707.623	n	9.9854	3.60016	20.575	32.8747
1397840707.687	n	9.9858	3.60015	20.584	32.8743
1397840707.750	n	9.9861	3.60015	20.588	32.8740
1397840707.812	n	9.9864	3.60015	20.593	32.8737
1397840707.873	n	9.9868	3.60015	20.602	32.8734
1397840707.937	n	9.9871	3.60015	20.606	32.8731
1397840707.999	n	9.9875	3.60016	20.614	32.8729
1397840708.060	n	9.9879	3.60016	20.621	32.8725
1397840708.125	n	9.9884	3.60016	20.632	32.8721
1397840708.186	n	9.9887	3.60016	20.639	32.8717
1397840708.261	n	9.9891	3.60015	20.648	32.8713
1397840708.312	n	9.9893	3.60013	20.655	32.8709
1397840708.373	n	9.9896	3.60014	20.669	32.8707
1397840708.435	n	9.9898	3.60014	20.678	32.8705
1397840708.501	n	9.9900	3.60014	20.690	32.8704
1397840708.562	n	9.9902	3.60015	20.698	32.8702
1397840708.625	n	9.9905	3.60015	20.710	32.8700
1397840708.687	n	9.9907	3.60015	20.721	32.8697
1397840708.751	n	9.9911	3.60015	20.738	32.8695
1397840708.813	n	9.9914	3.60015	20.747	32.8691
1397840708.874	n	9.9918	3.60015	20.760	32.8687
1397840708.937	n	9.9922	3.60014	20.780	32.8683
1397840709.000	n	9.9925	3.60014	20.794	32.8680
1397840709.061	n	9.9927	3.60013	20.804	32.8677
1397840709.124	n	9.9929	3.60012	20.821	32.8675
1397840709.186	n	9.9931	3.60011	20.837	32.8672
1397840709.258	n	9.9934	3.60011	20.854	32.8669
1397840709.311	n	9.9938	3.60011	20.868	32.8665
1397840709.374	n	9.9944	3.60013	20.884	32.8661
1397840709.436	n	9.9950	3.60013	20.901	32.8656
1397840709.501	n	9.9956	3.60013	20.917	32.8651
1397840709.562	n	9.9962	3.60012	20.934	32.8645
1397840709.623	n	9.9966	3.60011	20.952	32.8640
1397840709.685	n	9.9969	3.60011	20.969	32.8637
1397840709.750	n	9.9971	3.60012	20.985	32.8636
1397840709.813	n	9.9971	3.60013	21.004	32.8636
1397840709.873	n	9.9971	3.60013	21.016	32.8637
1397840709.935	n	9.9970	3.60013	21.034	32.8637
1397840709.999	n	9.9969	3.60013	21.051	32.8638
1397840710.063	n	9.9969	3.60013	21.073	32.8638
1397840710.122	n	9.9968	3.60013	21.085	32.8639
1397840710.190	n	9.9967	3.60013	21.104	32.8639
1397840710.262	y	9.9967	3.60013	21.121	32.8640
1397840710.451	y	9.9966	3.60013	21.137	32.8640
1397840710.464	n	9.9966	3.60011	21.153	32.8638
1397840710.472	n	9.9966	3.60011	21.172	32.8638
1397840710.502	n	9.9966	3.60011	21.189	32.8637
1397840710.562	n	9.9966	3.60010	21.206	32.8637
1397840710.625	n	9.9966	3.60009	21.223	32.8636
1397840710.689	n	9.9966	3.60010	21.229	32.8637
1397840710.749	n	9.9965	3.60010	21.247	32.8638
1397840710.813	n	9.9965	3.60012	21.262	32.8640
1397840710.875	n	9.9965	3.60012	21.279	32.8640
1397840710.939	n	9.9964	3.60012	21.292	32.8641
1397840711.002	n	9.9964	3.60011	21.305	32.8640
1397840711.063	n	9.9964	3.60010	21.317	32.8639
1397840711.122	n	9.9964	3.60011	21.331	32.8640
1397840711.190	n	9.9964	3.60011	21.345	32.8640
1397840711.251	n	9.9964	3.60012	21.361	32.8640
1397840711.313	n	9.9965	3.60012	21.373	32.8640
1397840711.375	n	9.9965	3.60012	21.380	32.8639
1397840711.440	n	9.9966	3.60011	21.392	32.8637
1397840711.500	n	9.9966	3.60011	21.404	32.8637
1397840711.561	n	9.9967	3.60011	21.411	32.8637
1397840711.623	n	9.9967	3.60010	21.423	32.8635
1397840711.685	n	9.9967	3.60009	21.431	32.8634
1397840711.750	n	9.9967	3.60009	21.435	32.8635
1397840711.811	n	9.9967	3.60009	21.444	32.8635
1397840711.873	n	9.9966	3.60009	21.450	32.8635
1397840711.937	n	9.9965	3.60010	21.455	32.8637
1397840712.001	n	9.9965	3.60010	21.460	32.8637
1397840712.061	n	9.9964	3.60010	21.463	32.8638
1397840712.123	n	9.9961	3.60010	21.466	32.8640
1397840712.188	n	9.9959	3.60009	21.468	32.8642
1397840712.248	n	9.9955	3.60009	21.469	32.8645
1397840712.311	n	9.9950	3.60008	21.467	32.8649
1397840712.373	n	9.9945	3.60008	21.469	32.8653
1397840712.437	n	9.9941	3.60009	21.469	32.8657
1397840712.505	n	9.9937	3.60009	21.468	32.8662
1397840712.564	n	9.9933	3.60009	21.463	32.8665
1397840712.625	n	9.9929	3.60008	21.459	32.8668
1397840712.689	n	9.9924	3.60007	21.457	32.8671
1397840712.749	n	9.9919	3.60006	21.453	32.8674
1397840712.812	n	9.9914	3.60005	21.450	32.8679
1397840712.875	n	9.9908	3.60005	21.444	32.8684
1397840712.939	n	9.9904	3.60006	21.439	32.8688
1397840712.998	n	9.9901	3.60006	21.431	32.8691
1397840713.061	n	9.9899	3.60005	21.423	32.8692
1397840713.122	n	9.9897	3.60004	21.417	32.8693
1397840713.189	n	9.9895	3.60003	21.407	32.8694
1397840713.250	n	9.9893	3.60003	21.396	32.8696
1397840713.311	n	9.9892	3.60004	21.388	32.8698
1397840713.373	n	9.9891	3.60004	21.377	32.8699
1397840713.438	n	9.9890	3.60004	21.364	32.8699
1397840713.501	n	9.9890	3.60003	21.355	32.8699
1397840713.561	n	9.9889	3.60003	21.343	32.8699
1397840713.623	n	9.9888	3.60002	21.328	32.8700
1397840713.685	n	9.9886	3.60002	21.313	32.8701
1397840713.748	n	9.9885	3.60002	21.299	32.8702
1397840713.811	n	9.9884	3.60002	21.283	32.8703
1397840713.873	n	9.9883	3.60001	21.266	32.8703
1397840713.937	n	9.9882	3.60000	21.250	32.8704
1397840714.012	y	9.9882	3.60000	21.230	32.8704
1397840714.060	n	9.9881	3.60001	21.211	32.8705
1397840714.124	n	9.9881	3.60001	21.192	32.8705
1397840714.187	n	9.9882	3.60001	21.176	32.8705
1397840714.249	n	9.9882	3.60001	21.154	32.8705
1397840714.311	n	9.9883	3.60002	21.133	32.8705
1397840714.374	n	9.9884	3.60001	21.116	32.8704
1397840714.436	n	9.9885	3.60001	21.092	32.8702
1397840714.500	n	9.9887	3.60001	21.069	32.8700
1397840714.696	y	9.9889	3.60000	21.047	32.8698
1397840714.704	n	9.9891	3.59999	21.023	32.8695
1397840714.710	n	9.9894	3.60000	21.001	32.8693
1397840714.749	n	9.9897	3.60001	20.976	32.8691
1397840714.845	n	9.9900	3.60001	20.953	32.8689
1397840714.872	n	9.9903	3.60001	20.931	32.8686
1397840714.936	n	9.9905	3.60001	20.908	32.8684
1397840715.000	n	9.9908	3.59999	20.879	32.8680
1397840715.062	n	9.9911	3.59998	20.851	32.8677
1397840715.123	n	9.9913	3.59997	20.826	32.8674
1397840715.186	n	9.9915	3.59996	20.799	32.8672
1397840715.248	n	9.9916	3.59997	20.776	32.8671
1397840715.311	n	9.9918	3.59998	20.749	32.8671
1397840715.375	n	9.9919	3.59998	20.722	32.8670
1397840715.436	n	9.9920	3.59998	20.697	32.8669
1397840715.499	n	9.9921	3.59998	20.671	32.8668
1397840715.561	n	9.9923	3.59996	20.649	32.8665
1397840715.624	n	9.9924	3.59994	20.624	32.8662
1397840715.687	n	9.9925	3.59994	20.594	32.8661
1397840715.748	n	9.9925	3.59994	20.568	32.8660
1397840715.812	n	9.9926	3.59994	20.545	32.8660
1397840715.874	n	9.9927	3.59995	20.520	32.8661
1397840715.936	n	9.9928	3.59996	20.500	32.8661
1397840715.999	n	9.9929	3.59996	20.475	32.8660
1397840716.125	n	9.9929	3.59995	20.456	32.8659
1397840716.130	n	9.9930	3.59995	20.434	32.8658
1397840716.188	n	9.9931	3.59994	20.411	32.8656
1397840716.249	n	9.9931	3.59994	20.392	32.8656
1397840716.311	n	9.9931	3.59993	20.373	32.8655
1397840716.374	n	9.9931	3.59993	20.357	32.8655
1397840716.436	n	9.9932	3.59993	20.340	32.8655
1397840716.500	n	9.9932	3.59993	20.321	32.8655
1397840716.560	n	9.9931	3.59993	20.308	32.8655
1397840716.623	n	9.9931	3.59993	20.292	32.8656
1397840716.685	n	9.9930	3.59992	20.280	32.8656
1397840716.748	n	9.9929	3.59990	20.267	32.8655
1397840716.810	n	9.9928	3.59989	20.255	32.8654
1397840716.874	n	9.9927	3.59988	20.243	32.8654
1397840716.936	n	9.9925	3.59986	20.232	32.8654
1397840717.000	n	9.9924	3.59986	20.223	32.8656
1397840717.062	n	9.9922	3.59987	20.214	32.8658
1397840717.123	n	9.9921	3.59988	20.207	32.8660
1397840717.188	n	9.9919	3.59988	20.200	32.8662
1397840717.249	n	9.9918	3.59988	20.190	32.8663
1397840717.310	n	9.9917	3.59988	20.185	32.8664
1397840717.374	n	9.9915	3.59987	20.186	32.8665
1397840717.436	n	9.9914	3.59987	20.180	32.8666
1397840717.499	n	9.9912	3.59988	20.175	32.8668
1397840717.597	y	9.9911	3.59987	20.171	32.8669
1397840717.624	n	9.9909	3.59986	20.168	32.8669
1397840717.686	n	9.9908	3.59986	20.171	32.8670
1397840717.749	n	9.9907	3.59985	20.168	32.8670
1397840717.810	n	9.9907	3.59984	20.170	32.8669
1397840717.873	n	9.9906	3.59985	20.171	32.8670
1397840717.937	n	9.9906	3.59985	20.173	32.8671
1397840717.998	n	9.9905	3.59985	20.175	32.8672
1397840718.062	n	9.9904	3.59986	20.174	32.8674
1397840718.123	n	9.9903	3.59986	20.178	32.8674
1397840718.188	n	9.9902	3.59985	20.180	32.8674
1397840718.250	n	9.9901	3.59984	20.181	32.8674
1397840718.310	n	9.9900	3.59984	20.185	32.8675
1397840718.374	n	9.9900	3.59984	20.189	32.8675
1397840718.437	n	9.9900	3.59984	20.191	32.8676
1397840718.500	n	9.9899	3.59984	20.193	32.8676
1397840718.562	n	9.9899	3.59983	20.197	32.8675
1397840718.624	n	9.9899	3.59982	20.202	32.8674
1397840718.687	n	9.9900	3.59982	20.206	32.8673
1397840718.748	n	9.9900	3.59982	20.209	32.8673
1397840718.915	y	9.9900	3.59981	20.210	32.8672
1397840718.921	n	9.9899	3.59980	20.216	32.8672
1397840718.937	n	9.9899	3.59981	20.218	32.8673
1397840718.997	n	9.9899	3.59982	20.223	32.8674
1397840719.061	n	9.9899	3.59982	20.227	32.8675
1397840719.124	n	9.9899	3.59983	20.231	32.8675
1397840719.188	n	9.9900	3.59982	20.232	32.8674
1397840719.250	n	9.9901	3.59982	20.234	32.8673
1397840719.312	n	9.9902	3.59982	20.236	32.8671
1397840719.372	n	9.9903	3.59982	20.238	32.8670
1397840719.437	n	9.9905	3.59982	20.238	32.8668
1397840719.500	n	9.9906	3.59981	20.240	32.8667
1397840719.561	n	9.9907	3.59981	20.241	32.8665
1397840719.625	n	9.9909	3.59981	20.243	32.8664
1397840719.686	n	9.9911	3.59982	20.242	32.8663
1397840719.750	n	9.9913	3.59983	20.239	32.8661
1397840719.810	n	9.9916	3.59984	20.240	32.8661
1397840719.873	n	9.9918	3.59984	20.241	32.8658
1397840719.936	n	9.9921	3.59983	20.236	32.8655
1397840719.999	n	9.9923	3.59983	20.234	32.8652
1397840720.062	n	9.9926	3.59982	20.227	32.8649
1397840720.124	n	9.9930	3.59981	20.224	32.8645
1397840720.185	n	9.9933	3.59981	20.224	32.8642
1397840720.249	n	9.9937	3.59981	20.218	32.8638
1397840720.310	n	9.9941	3.59980	20.213	32.8634
1397840720.373	n	9.9945	3.59980	20.207	32.8630
1397840720.436	n	9.9950	3.59981	20.203	32.8626
1397840720.499	n	9.9955	3.59981	20.196	32.8622
1397840720.560	n	9.9960	3.59982	20.189	32.8618
1397840720.623	n	9.9966	3.59981	20.183	32.8613
1397840720.685	n	9.9971	3.59981	20.174	32.8608
1397840720.749	n	9.9977	3.59981	20.161	32.8602
1397840720.811	n	9.9983	3.59981	20.153	32.8596
1397840720.873	n	9.9990	3.59981	20.141	32.8590
1397840720.935	n	9.9997	3.59981	20.132	32.8584
1397840720.999	n	10.0005	3.59980	20.120	32.8576
1397840721.060	n	10.0013	3.59980	20.105	32.8569
1397840721.125	n	10.0021	3.59981	20.092	32.8562
1397840721.188	n	10.0030	3.59981	20.076	32.8555
1397840721.309	y	10.0038	3.59981	20.060	32.8547
1397840721.316	n	10.0047	3.59981	20.051	32.8538
1397840721.373	n	10.0056	3.59981	20.035	32.8530
1397840721.436	n	10.0066	3.59981	20.019	32.8522
1397840721.499	n	10.0076	3.59982	20.002	32.8513
1397840721.560	n	10.0087	3.59982	19.984	32.8504
1397840721.622	n	10.0098	3.59981	19.966	32.8493
1397840721.688	n	10.0109	3.59980	19.948	32.8482
1397840721.749	n	10.0121	3.59979	19.926	32.8470
1397840721.811	n	10.0134	3.59979	19.905	32.8459
1397840721.873	n	10.0147	3.59979	19.883	32.8447
1397840721.936	n	10.0159	3.59980	19.863	32.8437
1397840721.998	n	10.0172	3.59980	19.841	32.8426
1397840722.061	n	10.0184	3.59981	19.817	32.8416
1397840722.124	n	10.0196	3.59980	19.794	32.8404
1397840722.187	n	10.0208	3.59980	19.767	32.8393
1397840722.248	n	10.0220	3.59980	19.742	32.8382
1397840722.311	n	10.0232	3.59980	19.716	32.8371
1397840722.374	n	10.0245	3.59980	19.685	32.8360
1397840722.437	n	10.0256	3.59980	19.662	32.8350
1397840722.499	n	10.0267	3.59980	19.635	32.8340
1397840722.561	n	10.0277	3.59980	19.604	32.8331
1397840722.623	n	10.0286	3.59979	19.573	32.8322
1397840722.686	n	10.0294	3.59978	19.543	32.8314
1397840722.747	n	10.0302	3.59977	19.513	32.8306
1397840722.811	n	10.0310	3.59976	19.482	32.8298
1397840722.874	n	10.0317	3.59976	19.452	32.8291
1397840722.937	n	10.0325	3.59976	19.422	32.8285
1397840722.998	n	10.0332	3.59978	19.390	32.8280
1397840723.236	y	10.0338	3.59978	19.357	32.8275
1397840723.244	n	10.0344	3.59978	19.327	32.8270
1397840723.250	n	10.0348	3.59978	19.293	32.8266
1397840723.255	n	10.0352	3.59977	19.263	32.8261
1397840723.311	n	10.0354	3.59976	19.230	32.8258
1397840723.374	n	10.0357	3.59976	19.193	32.8256
1397840723.436	n	10.0358	3.59977	19.162	32.8256
1397840723.498	n	10.0359	3.59978	19.129	32.8257
1397840723.561	n	10.0358	3.59978	19.098	32.8258
1397840723.623	n	10.0357	3.59978	19.061	32.8259
1397840723.686	n	10.0355	3.59977	19.032	32.8260
1397840723.748	n	10.0352	3.59976	18.999	32.8261
1397840723.810	n	10.0350	3.59975	18.968	32.8262
1397840723.874	n	10.0347	3.59974	18.934	32.8264
1397840723.935	n	10.0344	3.59973	18.902	32.8266
1397840723.999	n	10.0341	3.59972	18.872	32.8268
1397840724.061	n	10.0338	3.59972	18.842	32.8271
1397840724.123	n	10.0335	3.59971	18.808	32.8273
1397840724.187	n	10.0332	3.59970	18.777	32.8274
1397840724.248	n	10.0331	3.59969	18.743	32.8275
1397840724.311	n	10.0329	3.59968	18.714	32.8275
1397840724.373	n	10.0329	3.59968	18.685	32.8276
1397840724.437	n	10.0328	3.59969	18.652	32.8277
1397840724.500	n	10.0329	3.59969	18.623	32.8277
1397840724.560	n	10.0330	3.59969	18.593	32.8276
1397840724.623	n	10.0333	3.59968	18.563	32.8273
1397840724.687	n	10.0336	3.59968	18.530	32.8270
1397840724.748	n	10.0340	3.59967	18.501	32.8265
1397840724.810	n	10.0346	3.59967	18.474	32.8260
1397840724.873	n	10.0353	3.59967	18.448	32.8254
1397840724.936	n	10.0360	3.59968	18.421	32.8249
1397840724.998	y	10.0369	3.59968	18.393	32.8241
1397840725.060	n	10.0377	3.59968	18.369	32.8233
1397840725.123	n	10.0387	3.59966	18.343	32.8223
1397840725.186	n	10.0397	3.59966	18.315	32.8214
1397840725.250	n	10.0407	3.59967	18.291	32.8205
1397840725.312	n	10.0417	3.59967	18.270	32.8197
1397840725.374	n	10.0428	3.59967	18.243	32.8187
1397840725.437	n	10.0439	3.59967	18.217	32.8177
1397840725.498	n	10.0451	3.59966	18.194	32.8165
1397840725.561	n	10.0462	3.59966	18.171	32.8155
1397840725.623	n	10.0473	3.59967	18.152	32.8146
1397840725.685	n	10.0483	3.59967	18.131	32.8136
1397840725.750	n	10.0493	3.59966	18.109	32.8128
1397840725.810	n	10.0501	3.59966	18.091	32.8120
1397840725.873	n	10.0510	3.59965	18.069	32.8112
1397840725.935	n	10.0518	3.59965	18.048	32.8104
1397840725.998	n	10.0526	3.59965	18.032	32.8096
1397840726.061	n	10.0534	3.59965	18.013	32.8089
1397840726.123	n	10.0541	3.59965	17.994	32.8083
1397840726.186	n	10.0549	3.59966	17.979	32.8077
1397840726.250	n	10.0556	3.59966	17.964	32.8071
1397840726.314	n	10.0563	3.59966	17.946	32.8064
1397840726.373	n	10.0570	3.59965	17.930	32.8057
1397840726.437	n	10.0578	3.59964	17.912	32.8049
1397840726.500	n	10.0586	3.59962	17.898	32.8040
1397840726.562	n	10.0595	3.59962	17.884	32.8031
1397840726.624	n	10.0604	3.59962	17.866	32.8023
1397840726.685	n	10.0613	3.59962	17.854	32.8015
1397840726.748	n	10.0623	3.59962	17.843	32.8006
1397840726.810	n	10.0634	3.59961	17.829	32.7996
1397840726.874	n	10.0645	3.59961	17.817	32.7986
1397840726.936	n	10.0656	3.59961	17.801	32.7976
1397840727.047	y	10.0667	3.59961	17.790	32.7966
1397840727.062	n	10.0679	3.59962	17.777	32.7956
1397840727.124	n	10.0691	3.59962	17.769	32.7945
1397840727.188	n	10.0705	3.59963	17.761	32.7933
1397840727.249	n	10.0720	3.59963	17.747	32.7920
1397840727.445	y	10.0735	3.59963	17.737	32.7906
1397840727.460	n	10.0753	3.59963	17.731	32.7890
1397840727.465	n	10.0771	3.59963	17.721	32.7874
1397840727.499	n	10.0789	3.59963	17.711	32.7857
1397840727.561	n	10.0809	3.59964	17.699	32.7840
1397840727.624	n	10.0828	3.59964	17.694	32.7824
1397840727.685	n	10.0847	3.59964	17.681	32.7806
1397840727.749	n	10.0866	3.59963	17.674	32.7787
1397840727.812	n	10.0886	3.59962	17.668	32.7769
1397840727.874	n	10.0904	3.59961	17.659	32.7752
1397840727.936	n	10.0922	3.59961	17.648	32.7735
1397840727.999	n	10.0937	3.59961	17.640	32.7722
1397840728.060	n	10.0951	3.59961	17.631	32.7709
1397840728.124	n	10.0964	3.59962	17.626	32.7698
1397840728.188	n	10.0975	3.59962	17.615	32.7689
1397840728.249	n	10.0986	3.59963	17.610	32.7680
1397840728.310	n	10.0997	3.59962	17.601	32.7669
1397840728.373	n	10.1007	3.59962	17.595	32.7659
1397840728.435	n	10.1018	3.59961	17.589	32.7649
1397840728.499	n	10.1028	3.59961	17.583	32.7640
1397840728.567	y	10.1038	3.59962	17.577	32.7631
1397840728.624	n	10.1047	3.59962	17.569	32.7624
1397840728.686	n	10.1056	3.59962	17.564	32.7615
1397840728.749	n	10.1065	3.59963	17.557	32.7607
1397840728.811	n	10.1075	3.59962	17.550	32.7599
1397840728.873	n	10.1084	3.59961	17.540	32.7590
1397840728.936	n	10.1093	3.59960	17.536	32.7580
1397840728.999	n	10.1103	3.59960	17.532	32.7571
1397840729.060	n	10.1112	3.59959	17.524	32.7562
1397840729.123	n	10.1121	3.59959	17.520	32.7554
1397840729.187	n	10.1129	3.59959	17.510	32.7546
1397840729.248	n	10.1137	3.59958	17.504	32.7538
1397840729.312	n	10.1145	3.59958	17.497	32.7531
1397840729.374	n	10.1153	3.59959	17.490	32.7524
1397840729.437	n	10.1161	3.59959	17.481	32.7517
1397840729.498	n	10.1169	3.59960	17.474	32.7511
1397840729.560	n	10.1176	3.59960	17.468	32.7504
1397840729.624	n	10.1184	3.59960	17.460	32.7497
1397840729.687	n	10.1192	3.59959	17.453	32.7490
1397840729.748	n	10.1199	3.59958	17.445	32.7482
1397840729.812	n	10.1207	3.59957	17.439	32.7474
1397840729.874	n	10.1215	3.59957	17.435	32.7466
1397840729.938	n	10.1223	3.59956	17.426	32.7459
1397840730.000	n	10.1232	3.59957	17.416	32.7452
1397840730.061	n	10.1240	3.59957	17.409	32.7444
1397840730.123	n	10.1249	3.59957	17.400	32.7436
1397840730.187	n	10.1257	3.59956	17.389	32.7428
1397840730.248	n	10.1266	3.59956	17.381	32.7420
1397840730.310	n	10.1274	3.59956	17.371	32.7412
1397840730.374	n	10.1283	3.59957	17.357	32.7405
1397840730.436	n	10.1293	3.59957	17.347	32.7397
1397840730.498	n	10.1303	3.59957	17.343	32.7387
1397840730.561	n	10.1313	3.59956	17.331	32.7378
1397840730.624	n	10.1324	3.59956	17.321	32.7367
1397840730.686	n	10.1335	3.59956	17.307	32.7358
1397840730.749	n	10.1346	3.59956	17.294	32.7348
1397840730.811	n	10.1357	3.59955	17.285	32.7337
1397840730.874	n	10.1368	3.59954	17.275	32.7326
1397840730.938	n	10.1379	3.59954	17.263	32.7316
1397840730.999	n	10.1390	3.59954	17.250	32.7307
1397840731.061	n	10.1400	3.59955	17.237	32.7298
1397840731.123	n	10.1411	3.59955	17.222	32.7289
1397840731.186	n	10.1421	3.59955	17.208	32.7279
1397840731.250	n	10.1431	3.59954	17.195	32.7269
1397840731.311	n	10.1442	3.59953	17.181	32.7259
1397840731.373	n	10.1452	3.59953	17.166	32.7250
1397840731.436	n	10.1463	3.59954	17.152	32.7240
1397840731.499	n	10.1474	3.59953	17.140	32.7230
1397840731.631	y	10.1485	3.59952	17.124	32.7220
1397840731.636	n	10.1496	3.59951	17.112	32.7209
1397840731.688	n	10.1507	3.59951	17.090	32.7199
1397840731.749	n	10.1518	3.59952	17.074	32.7189
1397840731.812	n	10.1530	3.59952	17.061	32.7178
1397840731.873	n	10.1542	3.59953	17.045	32.7168
1397840731.938	n	10.1555	3.59953	17.029	32.7157
1397840731.998	n	10.1568	3.59953	17.009	32.7145
1397840732.061	n	10.1581	3.59952	16.990	32.7133
1397840732.124	n	10.1594	3.59952	16.975	32.7121
1397840732.188	n	10.1608	3.59952	16.956	32.7109
1397840732.312	y	10.1621	3.59951	16.935	32.7096
1397840732.318	n	10.1635	3.59951	16.917	32.7083
1397840732.373	n	10.1649	3.59950	16.896	32.7070
1397840732.435	n	10.1662	3.59949	16.879	32.7057
1397840732.499	n	10.1676	3.59949	16.857	32.7044
1397840732.560	n	10.1690	3.59948	16.838	32.7031
1397840732.624	n	10.1703	3.59948	16.818	32.7019
1397840732.685	n	10.1716	3.59948	16.795	32.7008
1397840732.749	n	10.1728	3.59949	16.773	32.6999
1397840732.812	n	10.1739	3.59950	16.753	32.6990
1397840732.873	n	10.1750	3.59950	16.732	32.6979
1397840732.937	n	10.1760	3.59949	16.713	32.6969
1397840732.998	n	10.1770	3.59948	16.690	32.6959
1397840733.061	n	10.1780	3.59948	16.669	32.6951
1397840733.124	n	10.1790	3.59949	16.644	32.6943
1397840733.187	n	10.1800	3.59949	16.622	32.6934
1397840733.250	n	10.1809	3.59948	16.595	32.6925
1397840733.310	n	10.1817	3.59948	16.572	32.6917
1397840733.373	n	10.1825	3.59948	16.551	32.6910
1397840733.435	n	10.1832	3.59948	16.525	32.6905
1397840733.499	n	10.1838	3.59947	16.497	32.6898
1397840733.560	n	10.1844	3.59946	16.472	32.6892
1397840733.623	n	10.1851	3.59945	16.452	32.6885
1397840733.687	n	10.1858	3.59945	16.425	32.6878
1397840733.749	n	10.1867	3.59945	16.399	32.6871
1397840733.811	n	10.1877	3.59946	16.369	32.6863
1397840733.875	n	10.1887	3.59947	16.345	32.6854
1397840733.936	n	10.1898	3.59948	16.322	32.6845
1397840734.000	n	10.1909	3.59947	16.293	32.6835
1397840734.062	n	10.1920	3.59946	16.273	32.6824
1397840734.123	n	10.1932	3.59945	16.243	32.6812
1397840734.187	n	10.1945	3.59944	16.215	32.6799
1397840734.248	n	10.1959	3.59943	16.190	32.6785
1397840734.311	n	10.1974	3.59942	16.162	32.6772
1397840734.373	n	10.1990	3.59942	16.138	32.6757
1397840734.437	n	10.2007	3.59942	16.109	32.6742
1397840734.498	n	10.2025	3.59942	16.080	32.6726
1397840734.562	n	10.2044	3.59942	16.049	32.6710
1397840734.623	n	10.2063	3.59943	16.021	32.6693
1397840734.688	n	10.2084	3.59943	15.995	32.6675
1397840734.749	n	10.2105	3.59944	15.964	32.6656
1397840734.811	n	10.2128	3.59944	15.938	32.6636
1397840734.874	n	10.2152	3.59944	15.908	32.6615
1397840734.937	n	10.2177	3.59944	15.880	32.6592
1397840734.998	n	10.2204	3.59943	15.854	32.6567
1397840735.061	n	10.2231	3.59943	15.826	32.6542
1397840735.124	n	10.2258	3.59943	15.795	32.6518
1397840735.188	n	10.2285	3.59944	15.766	32.6495
1397840735.250	n	10.2311	3.59944	15.739	32.6471
1397840735.312	n	10.2337	3.59943	15.711	32.6448
1397840735.374	n	10.2362	3.59944	15.686	32.6426
1397840735.436	n	10.2388	3.59944	15.659	32.6403
1397840735.499	n	10.2414	3.59944	15.630	32.6381
1397840735.561	n	10.2439	3.59945	15.598	32.6359
1397840735.623	n	10.2463	3.59945	15.570	32.6337
1397840735.687	n	10.2486	3.59945	15.545	32.6316
1397840735.749	n	10.2507	3.59945	15.512	32.6297
1397840735.899	y	10.2526	3.59944	15.488	32.6279
1397840735.963	y	10.2545	3.59944	15.461	32.6263
1397840735.970	n	10.2563	3.59945	15.438	32.6247
1397840736.000	n	10.2581	3.59945	15.406	32.6232
1397840736.062	n	10.2598	3.59946	15.378	32.6216
1397840736.123	n	10.2616	3.59945	15.350	32.6201
1397840736.187	n	10.2633	3.59944	15.320	32.6185
1397840736.248	n	10.2649	3.59944	15.290	32.6169
1397840736.311	n	10.2666	3.59943	15.264	32.6154
1397840736.375	n	10.2682	3.59943	15.242	32.6139
1397840736.438	n	10.2698	3.59942	15.210	32.6124
1397840736.498	n	10.2713	3.59942	15.187	32.6110
1397840736.561	n	10.2728	3.59942	15.160	32.6098
1397840736.623	n	10.2741	3.59942	15.133	32.6086
1397840736.687	n	10.2754	3.59942	15.105	32.6074
1397840736.748	n	10.2767	3.59943	15.081	32.6064
1397840736.810	n	10.2779	3.59943	15.053	32.6054
1397840736.873	n	10.2791	3.59944	15.026	32.6043
1397840736.937	n	10.2802	3.59944	14.999	32.6033
1397840736.998	n	10.2814	3.59944	14.976	32.6023
1397840737.061	n	10.2825	3.59944	14.948	32.6013
1397840737.123	n	10.2837	3.59944	14.918	32.6003
1397840737.186	n	10.2848	3.59944	14.896	32.5993
1397840737.249	n	10.2859	3.59943	14.873	32.5983
1397840737.312	n	10.2869	3.59942	14.848	32.5972
1397840737.374	n	10.2879	3.59941	14.820	32.5962
1397840737.437	n	10.2889	3.59940	14.798	32.5952
1397840737.498	n	10.2899	3.59939	14.775	32.5942
1397840737.562	n	10.2910	3.59939	14.750	32.5933
1397840737.623	n	10.2920	3.59939	14.726	32.5923
1397840737.686	n	10.2931	3.59939	14.706	32.5914
1397840737.748	n	10.2942	3.59939	14.682	32.5904
1397840737.812	n	10.2953	3.59939	14.660	32.5894
1397840737.874	n	10.2963	3.59938	14.635	32.5885
1397840737.936	n	10.2972	3.59937	14.614	32.5875
1397840737.998	n	10.2982	3.59936	14.591	32.5866
1397840738.060	n	10.2992	3.59935	14.572	32.5857
1397840738.124	n	10.3001	3.59936	14.551	32.5848
1397840738.186	n	10.3012	3.59936	14.531	32.5839
1397840738.249	n	10.3023	3.59936	14.504	32.5829
1397840738.311	n	10.3035	3.59935	14.490	32.5817
1397840738.374	n	10.3047	3.59935	14.472	32.5806
1397840738.436	n	10.3060	3.59935	14.448	32.5795
1397840738.499	n	10.3074	3.59936	14.430	32.5784
1397840738.560	n	10.3087	3.59936	14.414	32.5772
1397840738.624	n	10.3102	3.59936	14.393	32.5759
1397840738.686	n	10.3116	3.59935	14.375	32.5745
1397840738.748	n	10.3131	3.59935	14.359	32.5731
1397840738.812	n	10.3146	3.59934	14.351	32.5718
1397840738.874	n	10.3161	3.59934	14.325	32.5704
1397840738.935	n	10.3176	3.59934	14.315	32.5691
1397840738.999	n	10.3191	3.59934	14.295	32.5678
1397840739.061	n	10.3205	3.59934	14.280	32.5665
1397840739.124	n	10.3220	3.59934	14.263	32.5651
1397840739.185	n	10.3235	3.59933	14.248	32.5637
1397840739.249	n	10.3249	3.59932	14.233	32.5623
1397840739.311	n	10.3263	3.59932	14.219	32.5611
1397840739.373	n	10.3276	3.59933	14.204	32.5601
1397840739.437	n	10.3288	3.59934	14.190	32.5591
1397840739.498	y	10.3300	3.59934	14.176	32.5581
1397840739.561	n	10.3310	3.59934	14.163	32.5570
1397840739.624	n	10.3321	3.59933	14.143	32.5561
1397840739.685	n	10.3331	3.59933	14.132	32.5552
1397840739.748	n	10.3340	3.59933	14.119	32.5544
1397840739.812	n	10.3350	3.59933	14.105	32.5535
1397840739.875	n	10.3359	3.59933	14.094	32.5527
1397840739.936	n	10.3368	3.59933	14.082	32.5519
1397840739.999	n	10.3376	3.59933	14.068	32.5512
1397840740.189	y	10.3384	3.59933	14.056	32.5505
1397840740.197	n	10.3391	3.59933	14.044	32.5498
1397840740.204	n	10.3399	3.59932	14.032	32.5491
1397840740.248	n	10.3406	3.59932	14.023	32.5484
1397840740.311	n	10.3413	3.59933	14.013	32.5478
1397840740.373	n	10.3420	3.59933	14.001	32.5473
1397840740.436	n	10.3426	3.59933	13.993	32.5466
1397840740.498	n	10.3433	3.59931	13.981	32.5459
1397840740.561	n	10.3439	3.59930	13.970	32.5452
1397840740.623	n	10.3445	3.59929	13.962	32.5446
1397840740.687	n	10.3451	3.59929	13.952	32.5441
1397840740.748	n	10.3456	3.59929	13.940	32.5437
1397840740.812	n	10.3460	3.59930	13.931	32.5433
1397840740.873	n	10.3465	3.59930	13.924	32.5429
1397840740.936	n	10.3469	3.59929	13.915	32.5425
1397840741.000	n	10.3474	3.59929	13.904	32.5420
1397840741.062	n	10.3479	3.59928	13.897	32.5415
1397840741.123	n	10.3483	3.59927	13.890	32.5411
1397840741.186	n	10.3487	3.59927	13.883	32.5407
1397840741.249	n	10.3490	3.59927	13.871	32.5404
1397840741.311	n	10.3494	3.59927	13.861	32.5401
1397840741.374	n	10.3498	3.59927	13.854	32.5398
1397840741.437	n	10.3502	3.59928	13.845	32.5395
1397840741.498	n	10.3506	3.59928	13.838	32.5391
1397840741.561	n	10.3510	3.59927	13.828	32.5387
1397840741.623	n	10.3514	3.59927	13.818	32.5383
1397840741.686	n	10.3518	3.59927	13.809	32.5379
1397840741.748	n	10.3522	3.59926	13.800	32.5374
1397840741.812	n	10.3527	3.59926	13.793	32.5370
1397840741.874	n	10.3532	3.59925	13.781	32.5365
1397840741.936	n	10.3536	3.59925	13.772	32.5361
1397840741.999	n	10.3541	3.59925	13.765	32.5357
1397840742.061	n	10.3545	3.59925	13.758	32.5353
1397840742.125	n	10.3550	3.59925	13.747	32.5349
1397840742.186	n	10.3555	3.59924	13.736	32.5344
1397840742.333	y	10.3560	3.59923	13.728	32.5338
1397840742.339	n	10.3565	3.59923	13.719	32.5334
1397840742.374	n	10.3570	3.59923	13.712	32.5329
1397840742.437	n	10.3576	3.59923	13.701	32.5324
1397840742.498	n	10.3583	3.59924	13.688	32.5319
1397840742.562	n	10.3589	3.59924	13.683	32.5313
1397840742.624	n	10.3597	3.59924	13.675	32.5306
1397840742.686	n	10.3605	3.59923	13.666	32.5298
1397840742.749	n	10.3613	3.59922	13.657	32.5290
1397840742.811	n	10.3622	3.59921	13.645	32.5281
1397840742.873	n	10.3631	3.59921	13.638	32.5273
1397840742.935	n	10.3640	3.59923	13.626	32.5266
1397840742.999	n	10.3650	3.59924	13.615	32.5259
1397840743.061	n	10.3660	3.59923	13.605	32.5249
1397840743.123	n	10.3670	3.59922	13.599	32.5239
1397840743.186	n	10.3681	3.59922	13.591	32.5230
1397840743.249	y	10.3691	3.59922	13.581	32.5221
1397840743.312	n	10.3701	3.59923	13.571	32.5213
1397840743.374	n	10.3711	3.59924	13.560	32.5204
1397840743.436	n	10.3721	3.59923	13.548	32.5195
1397840743.498	n	10.3729	3.59922	13.534	32.5187
1397840743.560	n	10.3738	3.59922	13.527	32.5179
1397840743.623	n	10.3746	3.59922	13.517	32.5172
1397840743.686	n	10.3753	3.59922	13.501	32.5165
1397840743.749	n	10.3760	3.59923	13.493	32.5160
1397840743.811	n	10.3767	3.59923	13.477	32.5155
1397840743.873	n	10.3773	3.59923	13.465	32.5149
1397840743.937	n	10.3778	3.59923	13.453	32.5144
1397840743.998	n	10.3783	3.59923	13.441	32.5140
1397840744.060	n	10.3787	3.59923	13.425	32.5136
1397840744.123	n	10.3792	3.59923	13.411	32.5132
1397840744.186	n	10.3796	3.59923	13.399	32.5129
1397840744.249	n	10.3800	3.59923	13.385	32.5125
1397840744.408	y	10.3804	3.59923	13.368	32.5121
1397840744.413	n	10.3809	3.59924	13.352	32.5118
1397840744.436	n	10.3814	3.59924	13.334	32.5114
1397840744.501	n	10.3818	3.59923	13.317	32.5108
1397840744.562	n	10.3823	3.59921	13.304	32.5103
1397840744.623	n	10.3827	3.59920	13.288	32.5098
1397840744.686	n	10.3831	3.59920	13.272	32.5094
1397840744.748	n	10.3835	3.59921	13.252	32.5092
1397840744.812	n	10.3839	3.59921	13.235	32.5089
1397840744.873	n	10.3842	3.59921	13.215	32.5086
1397840744.937	n	10.3846	3.59920	13.196	32.5082
1397840744.998	n	10.3850	3.59920	13.178	32.5078
1397840745.062	n	10.3855	3.59921	13.161	32.5074
1397840745.123	n	10.3859	3.59921	13.140	32.5071
1397840745.185	n	10.3863	3.59921	13.117	32.5068
1397840745.251	n	10.3867	3.59921	13.099	32.5064
1397840745.311	n	10.3870	3.59921	13.077	32.5061
1397840745.373	n	10.3874	3.59922	13.058	32.5059
1397840745.435	n	10.3877	3.59922	13.036	32.5057
1397840745.499	n	10.3880	3.59923	13.017	32.5055
1397840745.560	n	10.3883	3.59924	12.992	32.5053
1397840745.624	n	10.3885	3.59922	12.970	32.5049
1397840745.686	n	10.3888	3.59921	12.950	32.5046
1397840745.749	n	10.3891	3.59920	12.928	32.5043
1397840745.811	n	10.3894	3.59919	12.902	32.5039
1397840745.873	n	10.3898	3.59919	12.881	32.5036
1397840745.937	n	10.3901	3.59920	12.864	32.5034
1397840746.000	n	10.3904	3.59920	12.841	32.5032
1397840746.061	n	10.3906	3.59921	12.818	32.5030
1397840746.124	n	10.3909	3.59921	12.792	32.5028
1397840746.187	n	10.3911	3.59920	12.768	32.5024
1397840746.249	n	10.3914	3.59919	12.744	32.5021
1397840746.310	n	10.3917	3.59919	12.719	32.5018
1397840746.373	n	10.3921	3.59918	12.695	32.5015
1397840746.437	n	10.3924	3.59918	12.671	32.5012
1397840746.498	n	10.3928	3.59919	12.648	32.5009
1397840746.562	n	10.3932	3.59918	12.626	32.5006
1397840746.625	n	10.3935	3.59918	12.601	32.5002
1397840746.686	n	10.3939	3.59918	12.575	32.4999
1397840746.748	n	10.3942	3.59919	12.554	32.4997
1397840746.884	y	10.3945	3.59919	12.525	32.4994
1397840746.890	n	10.3949	3.59920	12.499	32.4992
1397840746.935	n	10.3953	3.59921	12.476	32.4990
1397840746.999	n	10.3956	3.59920	12.451	32.4987
1397840747.062	n	10.3958	3.59920	12.428	32.4984
1397840747.124	n	10.3960	3.59920	12.405	32.4983
1397840747.187	n	10.3962	3.59919	12.382	32.4980
1397840747.248	n	10.3965	3.59919	12.358	32.4977
1397840747.310	n	10.3968	3.59919	12.332	32.4975
1397840747.374	n	10.3971	3.59920	12.307	32.4973
1397840747.436	n	10.3974	3.59920	12.286	32.4971
1397840747.499	n	10.3977	3.59920	12.264	32.4968
1397840747.561	n	10.3981	3.59920	12.240	32.4965
1397840747.624	n	10.3985	3.59919	12.215	32.4961
1397840747.686	n	10.3989	3.59919	12.192	32.4957
1397840747.750	n	10.3994	3.59919	12.170	32.4952
1397840747.811	n	10.3998	3.59919	12.149	32.4949
1397840747.873	n	10.4002	3.59920	12.123	32.4947
1397840747.937	n	10.4007	3.59921	12.100	32.4943
1397840747.998	n	10.4012	3.59921	12.075	32.4939
1397840748.060	n	10.4017	3.59920	12.054	32.4934
1397840748.123	n	10.4022	3.59920	12.030	32.4929
1397840748.187	n	10.4028	3.59920	12.008	32.4924
1397840748.248	n	10.4033	3.59921	11.988	32.4920
1397840748.310	n	10.4039	3.59922	11.962	32.4916
1397840748.375	n	10.4044	3.59921	11.945	32.4911
1397840748.436	n	10.4049	3.59920	11.923	32.4905
1397840748.499	n	10.4054	3.59919	11.898	32.4900
1397840748.609	y	10.4060	3.59919	11.875	32.4895
1397840748.624	n	10.4065	3.59920	11.856	32.4891
1397840748.686	n	10.4071	3.59920	11.836	32.4886
1397840748.749	n	10.4076	3.59920	11.815	32.4882
1397840748.812	n	10.4081	3.59921	11.795	32.4878
1397840748.873	n	10.4086	3.59921	11.778	32.4874
1397840748.937	n	10.4090	3.59921	11.757	32.4870
1397840748.998	n	10.4094	3.59921	11.737	32.4867
1397840749.062	n	10.4099	3.59921	11.719	32.4863
1397840749.124	n	10.4103	3.59922	11.695	32.4859
1397840749.186	n	10.4108	3.59922	11.675	32.4856
1397840749.249	n	10.4111	3.59922	11.654	32.4853
1397840749.310	n	10.4115	3.59922	11.636	32.4850
1397840749.374	n	10.4118	3.59923	11.615	32.4847
1397840749.436	n	10.4122	3.59923	11.592	32.4845
1397840749.505	n	10.4125	3.59923	11.575	32.4842
1397840749.562	n	10.4129	3.59923	11.556	32.4838
1397840749.624	n	10.4133	3.59922	11.536	32.4834
1397840749.686	n	10.4137	3.59922	11.522	32.4830
1397840749.749	n	10.4141	3.59922	11.501	32.4827
1397840749.811	n	10.4144	3.59922	11.482	32.4824
1397840749.873	n	10.4148	3.59923	11.465	32.4822
1397840749.937	n	10.4151	3.59924	11.449	32.4820
1397840749.999	n	10.4155	3.59925	11.429	32.4818
1397840750.060	n	10.4159	3.59926	11.411	32.4815
1397840750.123	n	10.4163	3.59927	11.393	32.4813
1397840750.189	n	10.4166	3.59927	11.377	32.4810
1397840750.249	n	10.4169	3.59927	11.359	32.4807
1397840750.311	n	10.4173	3.59927	11.343	32.4804
1397840750.373	n	10.4176	3.59927	11.321	32.4802
1397840750.436	n	10.4180	3.59928	11.307	32.4799
1397840750.533	y	10.4183	3.59928	11.289	32.4797
1397840750.561	n	10.4186	3.59928	11.272	32.4794
1397840750.623	n	10.4189	3.59928	11.256	32.4791
1397840750.687	n	10.4192	3.59928	11.240	32.4789
1397840750.750	n	10.4195	3.59929	11.225	32.4787
1397840750.811	n	10.4197	3.59929	11.211	32.4785
1397840750.873	n	10.4200	3.59930	11.193	32.4783
1397840750.938	n	10.4202	3.59930	11.176	32.4782
1397840751.000	n	10.4205	3.59931	11.164	32.4780
1397840751.060	n	10.4207	3.59931	11.146	32.4778
1397840751.123	n	10.4210	3.59931	11.127	32.4776
1397840751.186	n	10.4212	3.59931	11.107	32.4774
1397840751.249	n	10.4214	3.59932	11.095	32.4774
1397840751.311	n	10.4215	3.59933	11.082	32.4774
1397840751.374	n	10.4217	3.59933	11.063	32.4772
1397840751.436	n	10.4218	3.59933	11.050	32.4771
1397840751.499	n	10.4220	3.59933	11.031	32.4769
1397840751.560	n	10.4221	3.59933	11.016	32.4769
1397840751.623	n	10.4222	3.59934	11.001	32.4769
1397840751.687	n	10.4223	3.59935	10.983	32.4769
1397840751.749	n	10.4225	3.59935	10.968	32.4768
1397840751.810	n	10.4227	3.59935	10.953	32.4766
1397840751.875	n	10.4229	3.59935	10.931	32.4765
1397840751.936	n	10.4230	3.59935	10.916	32.4763
1397840752.000	n	10.4232	3.59934	10.901	32.4760
1397840752.061	n	10.4234	3.59934	10.886	32.4758
1397840752.123	n	10.4236	3.59933	10.871	32.4757
1397840752.187	n	10.4237	3.59934	10.854	32.4756
1397840752.249	n	10.4239	3.59936	10.838	32.4756
1397840752.312	n	10.4241	3.59936	10.824	32.4755
1397840752.374	n	10.4243	3.59936	10.806	32.4753
1397840752.436	n	10.4245	3.59935	10.789	32.4751
1397840752.499	n	10.4247	3.59936	10.773	32.4749
1397840752.561	n	10.4249	3.59936	10.758	32.4748
1397840752.623	n	10.4251	3.59937	10.743	32.4747
1397840752.686	n	10.4254	3.59937	10.727	32.4745
1397840752.749	n	10.4256	3.59936	10.709	32.4742
1397840752.880	y	10.4259	3.59936	10.690	32.4739
1397840752.885	n	10.4262	3.59936	10.672	32.4736
1397840752.936	n	10.4266	3.59936	10.658	32.4734
1397840752.999	n	10.4269	3.59937	10.644	32.4732
1397840753.061	n	10.4273	3.59939	10.628	32.4730
1397840753.123	n	10.4276	3.59940	10.610	32.4728
1397840753.187	n	10.4280	3.59940	10.593	32.4725
1397840753.248	n	10.4284	3.59940	10.577	32.4721
1397840753.311	n	10.4288	3.59940	10.562	32.4717
1397840753.374	n	10.4293	3.59939	10.547	32.4713
1397840753.436	n	10.4296	3.59939	10.533	32.4710
1397840753.500	n	10.4300	3.59940	10.512	32.4708
1397840753.561	n	10.4304	3.59942	10.500	32.4706
1397840753.623	n	10.4308	3.59942	10.484	32.4703
1397840753.687	n	10.4312	3.59942	10.465	32.4700
1397840753.748	n	10.4315	3.59943	10.449	32.4697
1397840753.812	n	10.4319	3.59944	10.431	32.4695
1397840753.874	n	10.4322	3.59946	10.414	32.4694
1397840753.935	n	10.4326	3.59947	10.397	32.4692
1397840753.999	n	10.4329	3.59947	10.379	32.4689
1397840754.061	n	10.4332	3.59947	10.362	32.4686
1397840754.124	n	10.4336	3.59947	10.343	32.4683
1397840754.238	y	10.4339	3.59947	10.326	32.4681
1397840754.250	n	10.4342	3.59948	10.309	32.4679
1397840754.311	n	10.4345	3.59949	10.288	32.4677
1397840754.373	n	10.4348	3.59949	10.268	32.4675
1397840754.436	n	10.4351	3.59950	10.253	32.4674
1397840754.498	n	10.4354	3.59952	10.234	32.4672
1397840754.560	n	10.4356	3.59953	10.214	32.4672
1397840754.624	n	10.4359	3.59955	10.197	32.4671
1397840754.687	n	10.4361	3.59957	10.179	32.4671
1397840754.748	n	10.4364	3.59958	10.162	32.4670
1397840754.811	n	10.4367	3.59959	10.137	32.4669
1397840754.874	n	10.4370	3.59960	10.118	32.4667
1397840754.935	n	10.4373	3.59961	10.103	32.4665
1397840754.998	n	10.4376	3.59961	10.084	32.4663
1397840755.062	n	10.4379	3.59962	10.065	32.4662
1397840755.124	n	10.4381	3.59964	10.042	32.4661
1397840755.186	n	10.4384	3.59965	10.025	32.4660
1397840755.249	n	10.4386	3.59968	10.007	32.4660
1397840755.310	n	10.4389	3.59970	9.989	32.4660
1397840755.373	n	10.4392	3.59970	9.971	32.4658
1397840755.436	n	10.4394	3.59969	9.951	32.4656
1397840755.499	n	10.4396	3.59969	9.929	32.4654
1397840755.561	n	10.4398	3.59969	9.916	32.4652
1397840755.623	n	10.4400	3.59970	9.902	32.4650
1397840755.685	n	10.4402	3.59971	9.883	32.4649
1397840755.749	n	10.4405	3.59971	9.868	32.4648
1397840755.810	n	10.4407	3.59972	9.852	32.4646
1397840755.874	n	10.4409	3.59972	9.834	32.4646
1397840755.936	n	10.4410	3.59973	9.813	32.4646
1397840755.998	n	10.4411	3.59974	9.795	32.4646
1397840756.061	n	10.4412	3.59975	9.782	32.4646
1397840756.124	n	10.4413	3.59977	9.768	32.4646
1397840756.187	n	10.4415	3.59978	9.751	32.4646
1397840756.248	n	10.4416	3.59978	9.731	32.4645
1397840756.311	n	10.4417	3.59978	9.710	32.4645
1397840756.374	n	10.4419	3.59980	9.692	32.4645
1397840756.437	n	10.4420	3.59981	9.678	32.4645
1397840756.498	n	10.4422	3.59983	9.660	32.4645
1397840756.562	n	10.4424	3.59984	9.639	32.4645
1397840756.624	n	10.4425	3.59985	9.626	32.4644
1397840756.687	n	10.4426	3.59984	9.607	32.4643
1397840756.748	n	10.4428	3.59983	9.587	32.4641
1397840756.811	n	10.4430	3.59982	9.570	32.4638
1397840756.873	n	10.4431	3.59982	9.554	32.4636
1397840756.935	n	10.4434	3.59983	9.533	32.4636
1397840757.000	n	10.4436	3.59985	9.517	32.4635
1397840757.149	y	10.4439	3.59986	9.501	32.4634
1397840757.154	n	10.4441	3.59987	9.482	32.4633
1397840757.185	n	10.4444	3.59987	9.467	32.4630
1397840757.248	n	10.4447	3.59987	9.450	32.4628
1397840757.310	n	10.4450	3.59987	9.432	32.4626
1397840757.373	n	10.4454	3.59988	9.417	32.4623
1397840757.438	n	10.4458	3.59989	9.403	32.4621
1397840757.498	n	10.4462	3.59990	9.384	32.4618
1397840757.561	n	10.4467	3.59990	9.369	32.4614
1397840757.623	n	10.4473	3.59990	9.354	32.4609
1397840757.742	y	10.4478	3.59991	9.338	32.4605
1397840757.768	y	10.4484	3.59992	9.322	32.4600
1397840757.810	n	10.4489	3.59993	9.305	32.4597
1397840757.873	n	10.4495	3.59995	9.294	32.4594
1397840757.938	n	10.4500	3.59996	9.273	32.4590
1397840757.999	n	10.4505	3.59997	9.254	32.4586
1397840758.060	n	10.4511	3.59999	9.239	32.4583
1397840758.123	n	10.4517	3.60000	9.223	32.4580
1397840758.187	n	10.4522	3.60001	9.207	32.4576
1397840758.248	n	10.4527	3.60001	9.190	32.4571
1397840758.311	n	10.4532	3.60001	9.177	32.4567
1397840758.373	n	10.4537	3.60000	9.158	32.4563
1397840758.438	n	10.4541	3.60001	9.143	32.4559
1397840758.498	n	10.4546	3.60002	9.126	32.4557
1397840758.561	n	10.4550	3.60005	9.107	32.4556
1397840758.624	n	10.4554	3.60006	9.090	32.4554
1397840758.686	n	10.4558	3.60008	9.076	32.4552
1397840758.751	n	10.4562	3.60010	9.059	32.4551
1397840758.811	n	10.4565	3.60011	9.047	32.4549
1397840758.873	n	10.4570	3.60013	9.030	32.4546
1397840758.935	n	10.4574	3.60014	9.013	32.4543
1397840759.000	n	10.4579	3.60015	8.995	32.4540
1397840759.060	n	10.4583	3.60016	8.976	32.4538
1397840759.123	n	10.4587	3.60018	8.965	32.4536
1397840759.187	n	10.4590	3.60019	8.948	32.4535
1397840759.249	n	10.4593	3.60021	8.929	32.4534
1397840759.311	n	10.4596	3.60023	8.914	32.4533
1397840759.374	n	10.4599	3.60024	8.894	32.4532
1397840759.437	n	10.4602	3.60026	8.880	32.4531
1397840759.499	n	10.4604	3.60027	8.863	32.4530
1397840759.562	n	10.4606	3.60027	8.850	32.4529
1397840759.624	n	10.4608	3.60028	8.833	32.4528
1397840759.687	n	10.4609	3.60029	8.815	32.4528
1397840759.748	n	10.4610	3.60029	8.801	32.4527
1397840759.811	n	10.4611	3.60030	8.786	32.4527
1397840759.873	n	10.4612	3.60031	8.771	32.4528
1397840759.937	n	10.4613	3.60033	8.754	32.4529
1397840760.000	n	10.4614	3.60034	8.738	32.4529
1397840760.061	n	10.4615	3.60035	8.726	32.4529
1397840760.124	n	10.4615	3.60035	8.710	32.4529
1397840760.187	n	10.4616	3.60036	8.695	32.4529
1397840760.249	n	10.4616	3.60037	8.682	32.4530
1397840760.312	n	10.4617	3.60039	8.669	32.4531
1397840760.374	n	10.4618	3.60041	8.657	32.4533
1397840760.437	n	10.4619	3.60043	8.646	32.4534
1397840760.498	n	10.4620	3.60043	8.631	32.4534
1397840760.561	n	10.4620	3.60044	8.617	32.4534
1397840760.623	n	10.4621	3.60044	8.605	32.4534
1397840760.687	n	10.4622	3.60045	8.592	32.4534
1397840760.749	n	10.4623	3.60046	8.579	32.4534
1397840760.811	n	10.4624	3.60046	8.568	32.4533
1397840760.874	n	10.4626	3.60047	8.556	32.4532
1397840760.936	n	10.4628	3.60048	8.540	32.4532
1397840760.998	n	10.4630	3.60049	8.528	32.4531
1397840761.061	n	10.4633	3.60051	8.517	32.4531
1397840761.123	n	10.4635	3.60052	8.507	32.4530
1397840761.186	n	10.4636	3.60053	8.495	32.4529
1397840761.249	n	10.4638	3.60054	8.481	32.4529
1397840761.484	y	10.4640	3.60055	8.473	32.4529
1397840761.494	n	10.4642	3.60056	8.460	32.4528
1397840761.575	y	10.4644	3.60057	8.448	32.4527
1397840761.582	n	10.4646	3.60057	8.434	32.4525
1397840761.590	n	10.4648	3.60058	8.423	32.4524
1397840761.623	n	10.4650	3.60058	8.413	32.4523
1397840761.687	n	10.4652	3.60059	8.403	32.4522
1397840761.750	n	10.4654	3.60059	8.392	32.4520
1397840761.811	n	10.4655	3.60059	8.379	32.4519
1397840761.875	n	10.4657	3.60060	8.370	32.4518
1397840761.935	n	10.4660	3.60061	8.358	32.4517
1397840761.999	n	10.4662	3.60062	8.344	32.4516
1397840762.062	n	10.4664	3.60063	8.335	32.4515
1397840762.123	n	10.4667	3.60063	8.328	32.4513
1397840762.187	n	10.4668	3.60064	8.310	32.4512
1397840762.248	n	10.4670	3.60064	8.301	32.4511
1397840762.311	n	10.4672	3.60065	8.291	32.4510
1397840762.374	n	10.4674	3.60066	8.278	32.4510
1397840762.436	n	10.4676	3.60066	8.267	32.4508
1397840762.499	n	10.4679	3.60066	8.258	32.4506
1397840762.560	n	10.4682	3.60066	8.245	32.4503
1397840762.623	n	10.4685	3.60067	8.234	32.4501
1397840762.687	n	10.4688	3.60068	8.224	32.4499
1397840762.751	n	10.4691	3.60069	8.214	32.4498
1397840762.810	n	10.4695	3.60070	8.204	32.4495
1397840762.874	n	10.4699	3.60071	8.196	32.4493
1397840762.938	n	10.4703	3.60072	8.184	32.4490
1397840763.000	n	10.4707	3.60073	8.174	32.4487
1397840763.062	n	10.4711	3.60074	8.160	32.4485
1397840763.123	n	10.4716	3.60074	8.150	32.4481
1397840763.187	n	10.4720	3.60074	8.137	32.4477
1397840763.249	n	10.4725	3.60074	8.127	32.4473
1397840763.311	n	10.4729	3.60075	8.116	32.4470
1397840763.374	n	10.4733	3.60078	8.108	32.4469
1397840763.437	n	10.4737	3.60080	8.095	32.4468
1397840763.500	n	10.4741	3.60082	8.083	32.4467
1397840763.561	n	10.4744	3.60083	8.071	32.4465
1397840763.623	n	10.4747	3.60082	8.057	32.4461
1397840763.688	n	10.4750	3.60082	8.046	32.4459
1397840763.749	n	10.4753	3.60082	8.038	32.4457
1397840763.812	n	10.4756	3.60083	8.027	32.4455
1397840763.874	n	10.4759	3.60085	8.014	32.4454
1397840763.937	n	10.4762	3.60086	7.999	32.4452
1397840764.000	n	10.4764	3.60086	7.984	32.4451
1397840764.062	n	10.4765	3.60088	7.971	32.4451
1397840764.123	y	10.4767	3.60090	7.960	32.4452
1397840764.186	n	10.4769	3.60092	7.949	32.4453
1397840764.249	n	10.4771	3.60095	7.932	32.4454
1397840764.310	n	10.4774	3.60097	7.920	32.4453
1397840764.374	n	10.4777	3.60098	7.908	32.4452
1397840764.437	n	10.4779	3.60098	7.891	32.4449
1397840764.500	n	10.4782	3.60098	7.876	32.4447
1397840764.562	n	10.4785	3.60100	7.861	32.4446
1397840764.623	n	10.4788	3.60101	7.844	32.4445
1397840764.688	n	10.4790	3.60104	7.832	32.4445
1397840764.750	n	10.4793	3.60105	7.817	32.4445
1397840764.812	n	10.4794	3.60106	7.800	32.4444
1397840764.874	n	10.4796	3.60107	7.784	32.4444
1397840764.937	n	10.4798	3.60114	7.769	32.4450
1397840764.999	n	10.4804	3.60165	7.750	32.4496
1397840765.061	n	10.4819	3.60336	7.736	32.4654
1397840765.181	y	10.4842	3.60599	7.718	32.4896
1397840765.190	n	10.4870	3.60889	7.701	32.5161
1397840765.249	n	10.4895	3.61130	7.686	32.5381
1397840765.310	n	10.4912	3.61268	7.669	32.5503
1397840765.374	n	10.4921	3.61306	7.650	32.5533
1397840765.437	n	10.4925	3.61323	7.633	32.5548
1397840765.500	n	10.4926	3.61334	7.615	32.5558
1397840765.615	y	10.4917	3.61341	7.597	32.5573
1397840765.628	n	10.4899	3.61344	7.574	32.5592
1397840765.686	n	10.4881	3.61347	7.557	32.5611
1397840765.749	n	10.4872	3.61349	7.541	32.5621
1397840765.812	n	10.4876	3.61352	7.516	32.5621
1397840765.874	n	10.4892	3.61355	7.498	32.5609
1397840765.938	n	10.4910	3.61358	7.481	32.5597
1397840765.998	n	10.4921	3.61361	7.462	32.5590
1397840766.061	n	10.4922	3.61363	7.441	32.5591
1397840766.124	n	10.4918	3.61363	7.421	32.5595
1397840766.187	n	10.4913	3.61362	7.401	32.5598
1397840766.249	n	10.4912	3.61361	7.380	32.5598
1397840766.311	n	10.4914	3.61360	7.358	32.5596
1397840766.373	n	10.4920	3.61363	7.339	32.5593
1397840766.437	n	10.4925	3.61366	7.320	32.5592
1397840766.500	n	10.4929	3.61367	7.299	32.5590
1397840766.561	n	10.4933	3.61367	7.278	32.5586
1397840766.624	n	10.4936	3.61364	7.256	32.5580
1397840766.688	n	10.4938	3.61359	7.233	32.5574
1397840766.749	n	10.4939	3.61357	7.212	32.5571
1397840766.812	n	10.4938	3.61357	7.191	32.5571
1397840766.874	n	10.4937	3.61357	7.172	32.5573
1397840766.937	n	10.4937	3.61360	7.151	32.5576
1397840767.000	n	10.4938	3.61363	7.127	32.5578
1397840767.061	n	10.4940	3.61366	7.101	32.5580
1397840767.124	n	10.4943	3.61368	7.081	32.5579
1397840767.186	n	10.4945	3.61368	7.058	32.5577
1397840767.249	n	10.4944	3.61367	7.035	32.5577
1397840767.312	n	10.4942	3.61367	7.014	32.5579
1397840767.374	n	10.4940	3.61368	6.991	32.5583
1397840767.438	n	10.4940	3.61371	6.968	32.5585
1397840767.501	n	10.4945	3.61374	6.944	32.5584
1397840767.561	n	10.4952	3.61378	6.925	32.5581
1397840767.623	n	10.4958	3.61381	6.902	32.5579
1397840767.686	n	10.4960	3.61385	6.881	32.5581
1397840767.750	n	10.4957	3.61386	6.856	32.5586
1397840767.810	n	10.4952	3.61386	6.831	32.5589
1397840767.873	n	10.4952	3.61386	6.810	32.5590
1397840767.937	n	10.4956	3.61388	6.788	32.5589
1397840767.999	n	10.4960	3.61390	6.768	32.5588
1397840768.062	n	10.4960	3.61393	6.744	32.5591
1397840768.125	n	10.4955	3.61394	6.721	32.5596
1397840768.187	n	10.4949	3.61393	6.700	32.5600
1397840768.250	n	10.4947	3.61392	6.682	32.5601
1397840768.312	n	10.4953	3.61394	6.659	32.5598
1397840768.373	n	10.4964	3.61397	6.635	32.5591
1397840768.436	n	10.4976	3.61400	6.617	32.5583
1397840768.499	n	10.4986	3.61400	6.592	32.5576
1397840768.561	n	10.4992	3.61400	6.573	32.5570
1397840768.625	n	10.4994	3.61400	6.551	32.5567
1397840768.757	y	10.4994	3.61400	6.532	32.5567
1397840768.763	n	10.4993	3.61401	6.514	32.5570
1397840768.813	n	10.4994	3.61403	6.495	32.5571
1397840768.874	n	10.4997	3.61405	6.477	32.5570
1397840768.937	n	10.5003	3.61407	6.455	32.5568
1397840768.998	n	10.5008	3.61410	6.430	32.5565
1397840769.061	n	10.5010	3.61411	6.413	32.5564
1397840769.124	n	10.5011	3.61411	6.394	32.5564
1397840769.186	n	10.5012	3.61412	6.375	32.5564
1397840769.250	n	10.5015	3.61414	6.353	32.5563
1397840769.310	n	10.5022	3.61416	6.332	32.5559
1397840769.373	n	10.5027	3.61417	6.316	32.5556
1397840769.436	n	10.5030	3.61418	6.298	32.5554
1397840769.500	n	10.5028	3.61416	6.280	32.5554
1397840769.562	n	10.5024	3.61415	6.262	32.5557
1397840769.623	n	10.5021	3.61413	6.247	32.5558
1397840769.687	n	10.5023	3.61412	6.230	32.5555
1397840769.748	n	10.5031	3.61411	6.209	32.5547
1397840769.894	y	10.5041	3.61411	6.190	32.5538
1397840769.900	n	10.5049	3.61414	6.176	32.5534
1397840769.935	n	10.5051	3.61419	6.157	32.5537
1397840769.999	n	10.5050	3.61425	6.140	32.5545
1397840770.062	n	10.5047	3.61430	6.125	32.5552
1397840770.124	n	10.5045	3.61431	6.108	32.5555
1397840770.185	n	10.5047	3.61430	6.090	32.5552
1397840770.250	n	10.5050	3.61426	6.074	32.5546
1397840770.311	n	10.5054	3.61424	6.059	32.5540
1397840770.373	n	10.5057	3.61422	6.044	32.5536
1397840770.436	n	10.5056	3.61421	6.027	32.5535
1397840770.499	n	10.5052	3.61420	6.014	32.5538
1397840770.562	n	10.5044	3.61418	6.001	32.5543
1397840770.624	n	10.5036	3.61417	5.982	32.5549
1397840770.687	n	10.5028	3.61416	5.967	32.5556
1397840770.749	n	10.5021	3.61417	5.954	32.5563
1397840770.811	n	10.5016	3.61418	5.940	32.5569
1397840770.876	n	10.5012	3.61420	5.929	32.5574
1397840770.936	n	10.5012	3.61420	5.912	32.5574
1397840770.999	n	10.5018	3.61420	5.898	32.5570
1397840771.062	n	10.5025	3.61421	5.885	32.5564
1397840771.124	n	10.5030	3.61421	5.870	32.5560
1397840771.187	n	10.5034	3.61422	5.856	32.5557
1397840771.250	n	10.5034	3.61423	5.844	32.5559
1397840771.311	n	10.5031	3.61425	5.831	32.5562
1397840771.373	n	10.5027	3.61425	5.817	32.5567
1397840771.437	n	10.5021	3.61425	5.805	32.5572
1397840771.499	n	10.5016	3.61425	5.792	32.5576
1397840771.561	n	10.5014	3.61423	5.778	32.5576
1397840771.624	n	10.5015	3.61422	5.763	32.5574
1397840771.688	n	10.5019	3.61422	5.749	32.5571
1397840771.749	n	10.5022	3.61421	5.736	32.5568
1397840771.811	n	10.5022	3.61421	5.722	32.5568
1397840771.873	n	10.5019	3.61421	5.708	32.5570
1397840771.936	n	10.5017	3.61421	5.692	32.5572
1397840772.000	n	10.5014	3.61423	5.680	32.5576
1397840772.062	n	10.5012	3.61424	5.665	32.5580
1397840772.124	n	10.5009	3.61425	5.651	32.5582
1397840772.187	n	10.5006	3.61424	5.635	32.5584
1397840772.248	n	10.5003	3.61422	5.624	32.5586
1397840772.311	n	10.4997	3.61420	5.608	32.5589
1397840772.374	y	10.4991	3.61418	5.592	32.5593
1397840772.456	n	10.4986	3.61417	5.575	32.5596
1397840772.499	n	10.4988	3.61419	5.561	32.5596
1397840772.561	n	10.4999	3.61423	5.550	32.5591
1397840772.625	n	10.5020	3.61430	5.532	32.5579
1397840772.688	n	10.5043	3.61437	5.516	32.5565
1397840772.749	n	10.5064	3.61443	5.498	32.5552
1397840772.811	n	10.5083	3.61447	5.483	32.5540
1397840772.873	n	10.5101	3.61451	5.469	32.5528
1397840772.936	n	10.5118	3.61454	5.451	32.5516
1397840772.999	n	10.5129	3.61456	5.435	32.5508
1397840773.062	n	10.5124	3.61455	5.417	32.5512
1397840773.123	n	10.5106	3.61453	5.402	32.5525
1397840773.186	n	10.5083	3.61448	5.389	32.5542
1397840773.250	n	10.5062	3.61444	5.368	32.5556
1397840773.311	y	10.5052	3.61442	5.353	32.5564
1397840773.397	n	10.5053	3.61444	5.338	32.5565
1397840773.437	n	10.5058	3.61447	5.324	32.5563
1397840773.498	n	10.5063	3.61451	5.311	32.5562
1397840773.561	n	10.5068	3.61453	5.291	32.5560
1397840773.626	n	10.5073	3.61457	5.277	32.5559
1397840773.686	n	10.5080	3.61460	5.260	32.5556
1397840773.749	n	10.5092	3.61465	5.241	32.5551
1397840773.812	n	10.5102	3.61467	5.226	32.5545
1397840773.874	n	10.5104	3.61466	5.212	32.5542
1397840773.937	n	10.5098	3.61463	5.192	32.5543
1397840773.999	n	10.5089	3.61458	5.176	32.5546
1397840774.209	y	10.5082	3.61455	5.157	32.5550
1397840774.218	n	10.5080	3.61454	5.139	32.5551
1397840774.223	n	10.5081	3.61454	5.127	32.5550
1397840774.250	n	10.5082	3.61455	5.113	32.5550
1397840774.311	n	10.5082	3.61456	5.096	32.5551
1397840774.375	n	10.5082	3.61458	5.083	32.5553
1397840774.436	n	10.5084	3.61460	5.071	32.5553
1397840774.500	n	10.5087	3.61462	5.054	32.5552
1397840774.561	n	10.5093	3.61464	5.042	32.5550
1397840774.623	n	10.5105	3.61468	5.028	32.5543
1397840774.685	n	10.5118	3.61471	5.017	32.5534
1397840774.750	n	10.5129	3.61472	5.003	32.5526
1397840774.811	n	10.5132	3.61472	4.983	32.5523
1397840774.874	n	10.5129	3.61471	4.971	32.5525
1397840774.937	n	10.5124	3.61470	4.962	32.5528
1397840774.998	n	10.5123	3.61471	4.948	32.5530
1397840775.061	n	10.5122	3.61470	4.928	32.5530
1397840775.123	n	10.5119	3.61469	4.918	32.5532
1397840775.186	n	10.5113	3.61467	4.903	32.5535
1397840775.250	n	10.5108	3.61465	4.885	32.5539
1397840775.312	n	10.5106	3.61464	4.874	32.5538
1397840775.374	n	10.5110	3.61463	4.860	32.5534
1397840775.435	n	10.5115	3.61463	4.840	32.5529
1397840775.500	n	10.5120	3.61464	4.829	32.5526
1397840775.561	n	10.5124	3.61464	4.817	32.5523
1397840775.623	n	10.5126	3.61466	4.802	32.5523
1397840775.687	n	10.5125	3.61467	4.789	32.5525
1397840775.748	n	10.5123	3.61468	4.775	32.5527
1397840775.811	n	10.5123	3.61469	4.760	32.5530
1397840775.875	n	10.5125	3.61471	4.746	32.5530
1397840775.936	n	10.5132	3.61474	4.733	32.5527
1397840775.999	n	10.5146	3.61479	4.720	32.5519
1397840776.061	n	10.5164	3.61486	4.704	32.5510
1397840776.124	y	10.5183	3.61492	4.691	32.5499
1397840776.186	n	10.5203	3.61497	4.677	32.5486
1397840776.248	n	10.5218	3.61500	4.661	32.5475
1397840776.312	n	10.5225	3.61502	4.648	32.5471
1397840776.373	n	10.5226	3.61504	4.638	32.5473
1397840776.436	n	10.5221	3.61506	4.625	32.5479
1397840776.499	n	10.5218	3.61507	4.612	32.5483
1397840776.562	n	10.5218	3.61507	4.597	32.5483
1397840776.624	n	10.5220	3.61506	4.581	32.5480
1397840776.685	n	10.5223	3.61504	4.566	32.5475
1397840776.749	n	10.5225	3.61501	4.554	32.5472
1397840776.811	n	10.5225	3.61500	4.539	32.5469
1397840776.873	n	10.5227	3.61499	4.524	32.5467
1397840776.937	n	10.5229	3.61500	4.510	32.5467
1397840776.998	n	10.5231	3.61501	4.493	32.5466
1397840777.061	n	10.5233	3.61501	4.477	32.5465
1397840777.123	n	10.5234	3.61502	4.465	32.5464
1397840777.185	n	10.5237	3.61502	4.445	32.5462
1397840777.249	n	10.5239	3.61504	4.430	32.5462
1397840777.311	n	10.5240	3.61505	4.414	32.5463
1397840777.374	n	10.5239	3.61505	4.397	32.5464
1397840777.436	n	10.5237	3.61504	4.378	32.5465
1397840777.501	n	10.5234	3.61503	4.362	32.5465
1397840777.561	n	10.5232	3.61501	4.344	32.5466
1397840777.624	n	10.5230	3.61500	4.325	32.5466
1397840777.686	n	10.5229	3.61499	4.310	32.5466
1397840777.750	n	10.5226	3.61497	4.289	32.5467
1397840777.811	n	10.5224	3.61494	4.273	32.5466
1397840777.874	n	10.5222	3.61492	4.257	32.5466
1397840777.937	n	10.5220	3.61491	4.242	32.5467
1397840778.000	n	10.5219	3.61491	4.223	32.5468
1397840778.061	n	10.5220	3.61492	4.203	32.5468
1397840778.123	n	10.5225	3.61495	4.184	32.5467
1397840778.185	n	10.5232	3.61500	4.168	32.5466
1397840778.249	n	10.5240	3.61506	4.149	32.5464
1397840778.430	y	10.5246	3.61511	4.133	32.5463
1397840778.440	n	10.5251	3.61514	4.117	32.5463
1397840778.447	n	10.5253	3.61516	4.100	32.5462
1397840778.500	n	10.5253	3.61515	4.078	32.5462
1397840778.561	n	10.5252	3.61513	4.062	32.5461
1397840778.623	n	10.5251	3.61511	4.047	32.5459
1397840778.688	n	10.5257	3.61512	4.026	32.5456
1397840778.749	n	10.5274	3.61521	4.010	32.5449
1397840778.811	n	10.5295	3.61536	3.994	32.5446
1397840778.874	n	10.5310	3.61552	3.977	32.5449
1397840778.937	n	10.5313	3.61560	3.960	32.5455
1397840778.999	n	10.5305	3.61557	3.943	32.5459
1397840779.061	n	10.5292	3.61547	3.928	32.5461
1397840779.124	n	10.5282	3.61537	3.915	32.5458
1397840779.186	n	10.5278	3.61532	3.896	32.5458
1397840779.248	n	10.5276	3.61533	3.875	32.5461
1397840779.312	n	10.5277	3.61536	3.862	32.5462
1397840779.373	n	10.5280	3.61537	3.847	32.5461
1397840779.436	n	10.5281	3.61536	3.830	32.5459
1397840779.503	n	10.5279	3.61533	3.818	32.5458
1397840779.561	n	10.5273	3.61530	3.804	32.5460
1397840779.624	n	10.5265	3.61528	3.781	32.5465
1397840779.686	n	10.5258	3.61526	3.770	32.5470
1397840779.750	y	10.5252	3.61524	3.756	32.5474
1397840779.812	n	10.5247	3.61521	3.744	32.5475
1397840779.874	n	10.5245	3.61517	3.732	32.5473
1397840779.935	n	10.5248	3.61514	3.714	32.5467
1397840779.998	n	10.5255	3.61515	3.699	32.5461
1397840780.060	n	10.5266	3.61522	3.685	32.5459
1397840780.123	n	10.5279	3.61533	3.668	32.5459
1397840780.186	n	10.5289	3.61543	3.657	32.5460
1397840780.249	n	10.5295	3.61548	3.642	32.5459
1397840780.311	n	10.5300	3.61547	3.628	32.5454
1397840780.374	n	10.5306	3.61546	3.615	32.5447
1397840780.437	n	10.5313	3.61547	3.599	32.5443
1397840780.500	n	10.5318	3.61551	3.585	32.5442
1397840780.560	n	10.5319	3.61555	3.573	32.5446
1397840780.624	n	10.5315	3.61559	3.558	32.5453
1397840780.686	n	10.5313	3.61565	3.544	32.5461
1397840780.750	n	10.5319	3.61574	3.531	32.5464
1397840780.812	n	10.5333	3.61586	3.515	32.5463
1397840780.874	n	10.5348	3.61597	3.502	32.5461
1397840780.938	n	10.5359	3.61607	3.488	32.5462
1397840780.998	n	10.5365	3.61618	3.473	32.5467
1397840781.061	n	10.5370	3.61629	3.461	32.5474
1397840781.123	n	10.5381	3.61641	3.443	32.5477
1397840781.188	n	10.5396	3.61651	3.430	32.5474
1397840781.249	n	10.5413	3.61659	3.413	32.5466
1397840781.311	n	10.5428	3.61663	3.398	32.5457
1397840781.373	n	10.5438	3.61665	3.384	32.5451
1397840781.437	n	10.5443	3.61665	3.366	32.5446
1397840781.499	n	10.5445	3.61664	3.349	32.5442
1397840781.562	n	10.5446	3.61662	3.333	32.5440
1397840781.625	n	10.5446	3.61662	3.317	32.5439
1397840781.688	n	10.5447	3.61662	3.299	32.5440
1397840781.751	n	10.5448	3.61663	3.285	32.5440
1397840781.811	n	10.5449	3.61666	3.263	32.5442
1397840781.874	n	10.5449	3.61667	3.246	32.5442
1397840781.935	n	10.5449	3.61668	3.229	32.5443
1397840781.999	n	10.5448	3.61666	3.214	32.5443
1397840782.061	n	10.5445	3.61665	3.194	32.5444
1397840782.124	n	10.5442	3.61663	3.175	32.5446
1397840782.186	n	10.5439	3.61663	3.158	32.5448
1397840782.250	n	10.5437	3.61662	3.138	32.5449
1397840782.311	n	10.5436	3.61661	3.120	32.5449
1397840782.373	n	10.5436	3.61660	3.103	32.5448
1397840782.437	n	10.5436	3.61659	3.084	32.5447
1397840782.499	n	10.5437	3.61659	3.064	32.5446
1397840782.660	y	10.5439	3.61661	3.042	32.5446
1397840782.673	n	10.5442	3.61663	3.025	32.5447
1397840782.686	n	10.5445	3.61668	3.005	32.5448
1397840782.749	n	10.5449	3.61674	2.987	32.5451
1397840782.811	n	10.5452	3.61679	2.966	32.5453
1397840782.873	n	10.5454	3.61682	2.949	32.5454
1397840782.938	n	10.5454	3.61682	2.931	32.5454
1397840783.001	n	10.5456	3.61682	2.912	32.5453
1397840783.061	n	10.5458	3.61682	2.896	32.5451
1397840783.123	n	10.5461	3.61685	2.876	32.5451
1397840783.188	n	10.5463	3.61689	2.858	32.5453
1397840783.249	n	10.5465	3.61694	2.844	32.5457
1397840783.311	n	10.5466	3.61699	2.828	32.5461
1397840783.374	y	10.5468	3.61703	2.808	32.5464
1397840783.436	n	10.5471	3.61705	2.797	32.5462
1397840783.499	n	10.5479	3.61705	2.778	32.5457
1397840783.562	n	10.5488	3.61707	2.760	32.5449
1397840783.624	n	10.5497	3.61709	2.743	32.5443
1397840783.687	n	10.5502	3.61712	2.729	32.5442
1397840783.750	n	10.5504	3.61714	2.712	32.5443
1397840783.810	n	10.5504	3.61715	2.695	32.5444
1397840783.874	n	10.5507	3.61715	2.679	32.5442
1397840783.936	n	10.5512	3.61716	2.664	32.5438
1397840783.999	n	10.5517	3.61718	2.652	32.5435
1397840784.062	n	10.5521	3.61720	2.639	32.5434
1397840784.123	n	10.5524	3.61723	2.625	32.5434
1397840784.186	n	10.5527	3.61726	2.612	32.5435
1397840784.249	n	10.5531	3.61730	2.598	32.5435
1397840784.311	n	10.5536	3.61733	2.587	32.5434
1397840784.374	n	10.5539	3.61736	2.573	32.5434
1397840784.437	n	10.5543	3.61738	2.560	32.5433
1397840784.501	n	10.5549	3.61740	2.550	32.5429
1397840784.561	n	10.5557	3.61741	2.537	32.5424
1397840784.624	n	10.5565	3.61743	2.527	32.5418
1397840784.687	n	10.5573	3.61744	2.513	32.5412
1397840784.749	n	10.5578	3.61747	2.497	32.5410
1397840784.812	n	10.5581	3.61749	2.485	32.5410
1397840784.874	n	10.5583	3.61751	2.479	32.5411
1397840784.935	n	10.5585	3.61754	2.463	32.5411
1397840784.999	n	10.5586	3.61756	2.445	32.5412
1397840785.061	n	10.5588	3.61757	2.432	32.5412
1397840785.123	n	10.5588	3.61757	2.417	32.5412
1397840785.187	n	10.5587	3.61757	2.401	32.5413
1397840785.250	n	10.5585	3.61756	2.386	32.5414
1397840785.310	n	10.5583	3.61756	2.370	32.5416
1397840785.374	n	10.5581	3.61755	2.352	32.5416
1397840785.437	n	10.5582	3.61754	2.332	32.5415
1397840785.499	n	10.5583	3.61752	2.316	32.5412
1397840785.562	n	10.5585	3.61751	2.301	32.5409
1397840785.624	n	10.5588	3.61749	2.287	32.5405
1397840785.686	n	10.5591	3.61746	2.271	32.5400
1397840785.749	n	10.5593	3.61744	2.251	32.5395
1397840785.812	n	10.5596	3.61743	2.236	32.5391
1397840785.875	n	10.5599	3.61743	2.217	32.5389
1397840785.937	n	10.5604	3.61743	2.201	32.5385
1397840786.000	n	10.5608	3.61744	2.179	32.5382
1397840786.061	n	10.5613	3.61743	2.163	32.5376
1397840786.124	n	10.5617	3.61742	2.144	32.5372
1397840786.187	n	10.5619	3.61740	2.128	32.5369
1397840786.249	n	10.5621	3.61739	2.111	32.5366
1397840786.311	n	10.5622	3.61736	2.091	32.5363
1397840786.373	n	10.5623	3.61734	2.074	32.5359
1397840786.436	n	10.5626	3.61733	2.053	32.5356
1397840786.499	n	10.5632	3.61734	2.037	32.5351
1397840786.561	n	10.5640	3.61734	2.017	32.5345
1397840786.624	n	10.5648	3.61735	2.001	32.5338
1397840786.687	n	10.5654	3.61734	1.983	32.5332
1397840786.750	n	10.5656	3.61734	1.962	32.5330
1397840786.908	y	10.5655	3.61735	1.947	32.5332
1397840786.915	n	10.5654	3.61735	1.935	32.5334
1397840786.937	n	10.5654	3.61736	1.918	32.5334
1397840786.998	n	10.5657	3.61736	1.902	32.5332
1397840787.085	y	10.5659	3.61736	1.889	32.5330
1397840787.123	n	10.5660	3.61735	1.869	32.5329
1397840787.187	n	10.5659	3.61734	1.853	32.5328
1397840787.250	n	10.5659	3.61733	1.839	32.5327
1397840787.311	n	10.5659	3.61733	1.824	32.5328
1397840787.374	n	10.5660	3.61735	1.808	32.5329
1397840787.436	n	10.5660	3.61737	1.789	32.5330
1397840787.499	n	10.5660	3.61738	1.778	32.5331
1397840787.562	n	10.5662	3.61738	1.765	32.5330
1397840787.624	n	10.5667	3.61738	1.752	32.5325
1397840787.737	y	10.5674	3.61739	1.736	32.5321
1397840787.751	n	10.5679	3.61739	1.718	32.5315
1397840787.810	n	10.5683	3.61739	1.706	32.5312
1397840787.875	n	10.5684	3.61739	1.690	32.5311
1397840787.937	n	10.5687	3.61739	1.678	32.5310
1397840787.998	n	10.5691	3.61740	1.660	32.5307
1397840788.061	n	10.5697	3.61741	1.645	32.5303
1397840788.123	n	10.5705	3.61741	1.630	32.5295
1397840788.186	n	10.5714	3.61740	1.614	32.5286
1397840788.249	n	10.5730	3.61742	1.602	32.5274
1397840788.312	n	10.5762	3.61752	1.586	32.5256
1397840788.374	n	10.5806	3.61770	1.569	32.5234
1397840788.435	n	10.5859	3.61793	1.553	32.5210
1397840788.498	n	10.5909	3.61814	1.535	32.5187
1397840788.561	n	10.5946	3.61829	1.519	32.5168
1397840788.623	n	10.5969	3.61837	1.500	32.5155
1397840788.687	n	10.5984	3.61843	1.483	32.5149
1397840788.748	n	10.5995	3.61849	1.463	32.5145
1397840788.812	n	10.6009	3.61859	1.446	32.5143
1397840788.874	n	10.6026	3.61869	1.429	32.5137
1397840788.937	n	10.6043	3.61877	1.411	32.5130
1397840788.999	n	10.6056	3.61883	1.392	32.5124
1397840789.061	n	10.6061	3.61888	1.373	32.5126
1397840789.124	n	10.6060	3.61893	1.356	32.5132
1397840789.187	n	10.6061	3.61898	1.337	32.5136
1397840789.249	n	10.6068	3.61900	1.322	32.5131
1397840789.310	n	10.6078	3.61897	1.305	32.5119
1397840789.373	n	10.6081	3.61890	1.290	32.5111
1397840789.436	n	10.6070	3.61883	1.271	32.5113
1397840789.499	n	10.6053	3.61877	1.251	32.5122
1397840789.562	n	10.6046	3.61878	1.232	32.5129
1397840789.624	n	10.6061	3.61889	1.217	32.5127
1397840789.686	n	10.6094	3.61905	1.203	32.5114
1397840789.750	n	10.6131	3.61924	1.184	32.5100
1397840789.812	n	10.6169	3.61947	1.170	32.5089
1397840789.873	n	10.6202	3.61966	1.157	32.5079
1397840789.939	n	10.6231	3.61984	1.139	32.5071
1397840790.000	n	10.6264	3.62003	1.123	32.5060
1397840790.062	n	10.6302	3.62022	1.107	32.5045
1397840790.124	n	10.6343	3.62041	1.091	32.5028
1397840790.186	n	10.6386	3.62063	1.072	32.5011
1397840790.250	n	10.6425	3.62082	1.059	32.4996
1397840790.311	n	10.6446	3.62093	1.043	32.4988
1397840790.374	n	10.6455	3.62097	1.029	32.4985
1397840790.436	n	10.6457	3.62096	1.015	32.4982
1397840790.498	n	10.6456	3.62092	0.998	32.4979
1397840790.561	n	10.6449	3.62085	0.982	32.4978
1397840790.646	y	10.6435	3.62077	0.970	32.4983
1397840790.687	n	10.6419	3.62069	0.955	32.4989
1397840790.754	n	10.6419	3.62073	0.940	32.4993
1397840790.811	n	10.6449	3.62095	0.929	32.4988
1397840790.875	n	10.6496	3.62125	0.914	32.4977
1397840790.937	n	10.6539	3.62151	0.897	32.4964
1397840791.000	n	10.6563	3.62164	0.885	32.4956
1397840791.144	y	10.6562	3.62167	0.873	32.4959
1397840791.154	y	10.6548	3.62164	0.856	32.4969
1397840791.188	n	10.6540	3.62165	0.843	32.4977
1397840791.249	n	10.6543	3.62170	0.831	32.4979
1397840791.311	n	10.6558	3.62174	0.816	32.4970
1397840791.373	n	10.6573	3.62175	0.804	32.4958
1397840791.436	n	10.6576	3.62174	0.792	32.4954
1397840791.499	n	10.6572	3.62170	0.778	32.4955
1397840791.561	n	10.6566	3.62165	0.766	32.4955
1397840791.624	n	10.6556	3.62164	0.747	32.4962
1397840791.688	n	10.6544	3.62171	0.735	32.4980
1397840791.755	n	10.6525	3.62182	0.725	32.5008
1397840791.811	n	10.6495	3.62188	0.712	32.5041
1397840791.874	n	10.6468	3.62187	0.703	32.5065
1397840791.936	n	10.6455	3.62181	0.690	32.5070
1397840791.999	n	10.6468	3.62181	0.679	32.5059
1397840792.066	n	10.6499	3.62195	0.668	32.5044
1397840792.125	n	10.6533	3.62216	0.656	32.5036
1397840792.185	n	10.6560	3.62238	0.647	32.5034
1397840792.249	n	10.6578	3.62251	0.635	32.5031
1397840792.311	n	10.6588	3.62253	0.625	32.5023
1397840792.373	n	10.6608	3.62251	0.616	32.5004
1397840792.438	n	10.6637	3.62253	0.605	32.4980
1397840792.501	n	10.6663	3.62259	0.594	32.4964
1397840792.562	n	10.6676	3.62269	0.590	32.4961
1397840792.624	n	10.6653	3.40233	0.580	30.3109
1397840792.686	n	10.6544	2.89479	0.572	25.3619
