Source File: D:\Storage\Programs\OOI\Group 5\Correspondence\07_18_14 sample files\files\11089584.PPB
Processed: 07/18/2014 12:27:42
Using Version: 1.11
Device: CTD
Start Date: 04/18/2014
Timestamp (s)	Suspect Timestamp	Temperature	Conductivity	Pressure	Salinity
1397861994.685	y	10.4081	3.62728	23.015	32.7647
1397861994.748	n	10.4081	3.62729	23.034	32.7649
1397861994.809	n	10.4080	3.62733	23.046	32.7654
1397861994.871	n	10.4081	3.62728	23.015	32.7648
1397861994.935	n	10.4080	3.62729	23.034	32.7649
1397861994.997	n	10.4077	3.62733	23.073	32.7656
1397861995.058	n	10.4080	3.62738	23.085	32.7659
1397861995.124	n	10.4080	3.62731	23.046	32.7652
1397861995.188	n	10.4080	3.62733	23.057	32.7654
1397861995.248	n	10.4079	3.62734	23.065	32.7655
1397861995.309	n	10.4079	3.62735	23.073	32.7656
1397861995.372	n	10.4080	3.62736	23.085	32.7657
1397861995.436	n	10.4080	3.62738	23.095	32.7658
1397861995.497	n	10.4080	3.62739	23.104	32.7659
1397861995.562	n	10.4080	3.62740	23.114	32.7661
1397861995.623	n	10.4080	3.62742	23.120	32.7663
1397861995.688	n	10.4079	3.62744	23.128	32.7665
1397861995.747	n	10.4079	3.62745	23.137	32.7667
1397861995.811	n	10.4079	3.62746	23.145	32.7667
1397861995.874	n	10.4080	3.62747	23.154	32.7667
1397861995.938	n	10.4080	3.62747	23.165	32.7668
1397861995.999	n	10.4080	3.62748	23.168	32.7669
1397861996.060	n	10.4080	3.62750	23.177	32.7670
1397861996.123	n	10.4079	3.62752	23.186	32.7672
1397861996.186	n	10.4079	3.62753	23.194	32.7674
1397861996.872	n	10.4079	3.62753	23.201	32.7675
1397861996.889	n	10.4079	3.62754	23.205	32.7676
1397861996.914	n	10.4079	3.62755	23.214	32.7676
1397861996.926	n	10.4079	3.62756	23.221	32.7677
1397861996.934	n	10.4079	3.62758	23.228	32.7679
1397861996.942	n	10.4079	3.62759	23.230	32.7680
1397861996.950	n	10.4079	3.62760	23.238	32.7681
1397861996.957	n	10.4079	3.62761	23.246	32.7682
1397861996.964	n	10.4078	3.62762	23.247	32.7684
1397861996.970	n	10.4078	3.62764	23.256	32.7685
1397861996.977	n	10.4078	3.62764	23.258	32.7686
1397861996.983	n	10.4079	3.62764	23.262	32.7686
1397861996.998	n	10.4079	3.62765	23.267	32.7686
1397861997.062	n	10.4079	3.62766	23.271	32.7687
1397861997.122	n	10.4079	3.62767	23.274	32.7688
1397861997.188	n	10.4079	3.62768	23.279	32.7689
1397861997.248	n	10.4079	3.62769	23.279	32.7690
1397861997.311	n	10.4079	3.62770	23.288	32.7690
1397861997.372	n	10.4080	3.62770	23.288	32.7691
1397861997.435	n	10.4080	3.62770	23.291	32.7691
1397861997.499	n	10.4080	3.62771	23.294	32.7691
1397861997.561	n	10.4080	3.62772	23.296	32.7692
1397861997.623	n	10.4080	3.62772	23.298	32.7692
1397861997.686	n	10.4080	3.62773	23.300	32.7692
1397861997.747	n	10.4081	3.62773	23.297	32.7693
1397861997.811	n	10.4081	3.62773	23.300	32.7692
1397861997.875	n	10.4081	3.62774	23.297	32.7693
1397861997.938	n	10.4081	3.62775	23.298	32.7693
1397861997.998	n	10.4081	3.62775	23.303	32.7694
1397861998.060	n	10.4081	3.62775	23.302	32.7694
1397861998.124	n	10.4081	3.62775	23.300	32.7694
1397861998.186	n	10.4081	3.62775	23.298	32.7694
1397861998.259	n	10.4081	3.62776	23.299	32.7695
1397861998.312	n	10.4081	3.62776	23.303	32.7695
1397861998.375	n	10.4081	3.62777	23.302	32.7695
1397861998.439	n	10.4081	3.62777	23.298	32.7696
1397861998.497	n	10.4080	3.62778	23.297	32.7697
1397861998.560	n	10.4080	3.62779	23.297	32.7699
1397861998.623	n	10.4080	3.62781	23.297	32.7700
1397861998.687	n	10.4080	3.62781	23.294	32.7701
1397861998.749	n	10.4080	3.62781	23.292	32.7702
1397861998.813	n	10.4079	3.62781	23.286	32.7701
1397861998.873	n	10.4079	3.62780	23.286	32.7701
1397861998.937	n	10.4079	3.62781	23.281	32.7702
1397861998.998	n	10.4078	3.62781	23.282	32.7703
1397861999.061	n	10.4078	3.62782	23.280	32.7704
1397861999.123	n	10.4077	3.62784	23.273	32.7706
1397861999.190	n	10.4076	3.62784	23.271	32.7708
1397861999.252	n	10.4076	3.62784	23.273	32.7708
1397861999.312	n	10.4075	3.62785	23.269	32.7709
1397861999.373	n	10.4075	3.62784	23.265	32.7709
1397861999.437	n	10.4074	3.62784	23.260	32.7710
1397861999.497	n	10.4074	3.62786	23.260	32.7711
1397861999.561	n	10.4073	3.62787	23.255	32.7713
1397861999.623	n	10.4073	3.62788	23.252	32.7715
1397861999.686	n	10.4072	3.62789	23.246	32.7717
1397861999.748	n	10.4071	3.62790	23.240	32.7718
1397861999.810	n	10.4071	3.62790	23.233	32.7718
1397861999.875	n	10.4071	3.62789	23.231	32.7717
1397861999.935	n	10.4071	3.62789	23.224	32.7717
1397861999.997	n	10.4071	3.62788	23.220	32.7717
1397862000.060	n	10.4071	3.62788	23.214	32.7716
1397862000.126	n	10.4072	3.62787	23.211	32.7715
1397862000.188	n	10.4073	3.62787	23.204	32.7713
1397862000.251	n	10.4074	3.62786	23.195	32.7712
1397862000.313	n	10.4074	3.62786	23.190	32.7711
1397862000.373	y	10.4074	3.62786	23.185	32.7712
1397862000.435	n	10.4074	3.62787	23.181	32.7713
1397862000.592	y	10.4074	3.62787	23.176	32.7713
1397862000.603	n	10.4073	3.62786	23.170	32.7713
1397862000.624	n	10.4073	3.62785	23.166	32.7711
1397862000.688	n	10.4073	3.62784	23.155	32.7710
1397862000.747	n	10.4074	3.62782	23.153	32.7708
1397862000.810	n	10.4074	3.62781	23.146	32.7707
1397862000.875	n	10.4074	3.62781	23.142	32.7708
1397862000.935	n	10.4074	3.62781	23.133	32.7708
1397862000.998	n	10.4073	3.62782	23.129	32.7709
1397862001.062	n	10.4073	3.62782	23.122	32.7709
1397862001.125	n	10.4073	3.62781	23.115	32.7708
1397862001.189	n	10.4072	3.62779	23.109	32.7707
1397862001.251	n	10.4072	3.62778	23.104	32.7705
1397862001.310	n	10.4072	3.62776	23.096	32.7704
1397862001.372	n	10.4072	3.62776	23.088	32.7704
1397862001.438	n	10.4071	3.62775	23.083	32.7704
1397862001.499	n	10.4071	3.62775	23.076	32.7703
1397862001.561	n	10.4071	3.62774	23.069	32.7703
1397862001.622	n	10.4070	3.62773	23.061	32.7702
1397862001.689	n	10.4070	3.62771	23.056	32.7701
1397862001.747	n	10.4070	3.62770	23.052	32.7700
1397862001.810	n	10.4070	3.62770	23.047	32.7700
1397862001.872	n	10.4069	3.62770	23.037	32.7700
1397862001.937	n	10.4069	3.62770	23.032	32.7701
1397862001.998	n	10.4069	3.62770	23.029	32.7701
1397862002.061	n	10.4069	3.62770	23.025	32.7701
1397862002.122	n	10.4069	3.62768	23.018	32.7699
1397862002.185	n	10.4069	3.62767	23.003	32.7697
1397862002.247	n	10.4069	3.62765	23.005	32.7696
1397862002.311	n	10.4069	3.62763	22.995	32.7694
1397862002.373	n	10.4069	3.62763	22.990	32.7694
1397862002.437	n	10.4069	3.62763	22.984	32.7694
1397862002.500	n	10.4069	3.62762	22.977	32.7693
1397862002.561	n	10.4070	3.62762	22.974	32.7692
1397862002.625	n	10.4070	3.62761	22.969	32.7691
1397862002.690	n	10.4070	3.62761	22.964	32.7691
1397862002.750	n	10.4071	3.62761	22.960	32.7691
1397862002.810	n	10.4071	3.62761	22.953	32.7690
1397862002.875	n	10.4071	3.62761	22.948	32.7690
1397862002.935	n	10.4072	3.62760	22.946	32.7689
1397862002.999	n	10.4072	3.62759	22.939	32.7688
1397862003.060	n	10.4072	3.62759	22.936	32.7687
1397862003.124	n	10.4072	3.62758	22.931	32.7686
1397862003.184	n	10.4072	3.62757	22.928	32.7685
1397862003.249	n	10.4072	3.62756	22.925	32.7684
1397862003.311	n	10.4072	3.62755	22.923	32.7683
1397862003.373	n	10.4072	3.62754	22.917	32.7682
1397862003.437	n	10.4072	3.62753	22.916	32.7682
1397862003.498	n	10.4071	3.62753	22.913	32.7682
1397862003.561	n	10.4071	3.62753	22.911	32.7682
1397862003.624	n	10.4071	3.62753	22.907	32.7683
1397862003.686	n	10.4070	3.62753	22.904	32.7683
1397862003.747	n	10.4071	3.62753	22.901	32.7683
1397862003.810	n	10.4071	3.62752	22.896	32.7682
1397862003.873	n	10.4071	3.62752	22.892	32.7682
1397862003.935	n	10.4071	3.62751	22.889	32.7681
1397862004.019	y	10.4071	3.62751	22.885	32.7680
1397862004.060	n	10.4071	3.62751	22.883	32.7680
1397862004.122	n	10.4071	3.62751	22.880	32.7681
1397862004.184	n	10.4071	3.62751	22.880	32.7680
1397862004.252	n	10.4070	3.62750	22.876	32.7680
1397862004.310	n	10.4070	3.62750	22.872	32.7680
1397862004.374	n	10.4070	3.62749	22.870	32.7679
1397862004.435	n	10.4070	3.62748	22.862	32.7678
1397862004.497	n	10.4070	3.62748	22.863	32.7678
1397862004.560	y	10.4070	3.62748	22.857	32.7678
1397862004.622	n	10.4071	3.62747	22.855	32.7677
1397862004.685	y	10.4071	3.62746	22.849	32.7676
1397862004.882	n	10.4072	3.62745	22.847	32.7675
1397862004.887	n	10.4072	3.62745	22.847	32.7674
1397862004.893	n	10.4071	3.62745	22.841	32.7674
1397862004.936	n	10.4071	3.62744	22.836	32.7673
1397862004.998	n	10.4071	3.62742	22.830	32.7672
1397862005.060	n	10.4071	3.62740	22.827	32.7670
1397862005.122	n	10.4071	3.62739	22.821	32.7668
1397862005.189	n	10.4072	3.62737	22.818	32.7667
1397862005.248	n	10.4072	3.62736	22.811	32.7665
1397862005.327	n	10.4071	3.62734	22.807	32.7663
1397862005.374	n	10.4071	3.62733	22.802	32.7663
1397862005.436	n	10.4071	3.62733	22.799	32.7663
1397862005.498	n	10.4071	3.62733	22.790	32.7662
1397862005.560	n	10.4072	3.62731	22.784	32.7661
1397862005.623	n	10.4072	3.62730	22.778	32.7659
1397862005.687	n	10.4072	3.62728	22.770	32.7657
1397862005.747	n	10.4072	3.62727	22.764	32.7656
1397862005.810	n	10.4072	3.62727	22.758	32.7656
1397862005.874	n	10.4072	3.62727	22.752	32.7656
1397862005.936	n	10.4072	3.62726	22.746	32.7656
1397862005.997	n	10.4071	3.62726	22.738	32.7657
1397862006.060	n	10.4071	3.62725	22.730	32.7656
1397862006.124	n	10.4071	3.62724	22.722	32.7654
1397862006.185	n	10.4072	3.62723	22.715	32.7652
1397862006.247	n	10.4072	3.62722	22.707	32.7651
1397862006.310	n	10.4072	3.62722	22.697	32.7651
1397862006.372	n	10.4071	3.62721	22.688	32.7651
1397862006.437	n	10.4071	3.62720	22.681	32.7651
1397862006.498	n	10.4071	3.62720	22.671	32.7651
1397862006.639	n	10.4071	3.62720	22.661	32.7651
1397862006.648	n	10.4070	3.62721	22.647	32.7653
1397862006.688	n	10.4070	3.62722	22.640	32.7653
1397862006.748	n	10.4071	3.62722	22.630	32.7652
1397862006.811	n	10.4072	3.62721	22.617	32.7651
1397862006.873	n	10.4073	3.62721	22.609	32.7650
1397862006.937	n	10.4073	3.62722	22.598	32.7651
1397862006.997	n	10.4073	3.62722	22.586	32.7651
1397862007.061	n	10.4073	3.62722	22.580	32.7651
1397862007.123	n	10.4073	3.62721	22.561	32.7651
1397862007.188	n	10.4073	3.62721	22.546	32.7650
1397862007.248	n	10.4073	3.62721	22.539	32.7650
1397862007.311	n	10.4073	3.62721	22.519	32.7651
1397862007.374	n	10.4072	3.62722	22.509	32.7652
1397862007.438	n	10.4072	3.62723	22.498	32.7653
1397862007.498	n	10.4072	3.62723	22.482	32.7654
1397862007.561	n	10.4072	3.62723	22.470	32.7653
1397862007.622	y	10.4072	3.62722	22.457	32.7653
1397862007.686	n	10.4072	3.62722	22.444	32.7653
1397862007.748	n	10.4072	3.62723	22.427	32.7653
1397862007.809	n	10.4072	3.62723	22.414	32.7654
1397862007.872	n	10.4072	3.62723	22.402	32.7654
1397862007.936	n	10.4072	3.62723	22.387	32.7654
1397862007.997	n	10.4072	3.62723	22.374	32.7653
1397862008.059	n	10.4072	3.62722	22.357	32.7653
1397862008.122	n	10.4072	3.62721	22.345	32.7652
1397862008.187	n	10.4073	3.62721	22.326	32.7652
1397862008.247	n	10.4073	3.62722	22.312	32.7652
1397862008.310	n	10.4073	3.62723	22.297	32.7653
1397862008.373	n	10.4073	3.62723	22.280	32.7653
1397862008.435	n	10.4073	3.62722	22.266	32.7652
1397862008.497	n	10.4073	3.62721	22.252	32.7651
1397862008.560	n	10.4073	3.62719	22.234	32.7650
1397862008.622	n	10.4073	3.62719	22.216	32.7650
1397862008.684	n	10.4073	3.62720	22.204	32.7651
1397862008.748	n	10.4073	3.62722	22.184	32.7652
1397862008.810	n	10.4073	3.62723	22.170	32.7654
1397862008.872	n	10.4072	3.62723	22.154	32.7654
1397862008.935	y	10.4072	3.62723	22.140	32.7655
1397862009.063	n	10.4073	3.62724	22.124	32.7655
1397862009.069	n	10.4073	3.62725	22.111	32.7656
1397862009.122	n	10.4074	3.62725	22.095	32.7655
1397862009.187	n	10.4074	3.62724	22.080	32.7654
1397862009.247	n	10.4074	3.62722	22.063	32.7652
1397862009.310	n	10.4074	3.62721	22.049	32.7651
1397862009.373	n	10.4075	3.62722	22.032	32.7652
1397862009.435	n	10.4075	3.62723	22.018	32.7652
1397862009.498	n	10.4075	3.62724	22.001	32.7654
1397862009.560	n	10.4076	3.62725	21.985	32.7654
1397862009.624	n	10.4076	3.62725	21.969	32.7654
1397862009.686	n	10.4077	3.62726	21.956	32.7654
1397862009.748	n	10.4077	3.62726	21.944	32.7654
1397862009.810	n	10.4077	3.62727	21.928	32.7655
1397862009.873	n	10.4077	3.62727	21.912	32.7655
1397862009.935	n	10.4078	3.62727	21.896	32.7655
1397862009.998	n	10.4078	3.62725	21.880	32.7653
1397862010.062	n	10.4078	3.62724	21.867	32.7652
1397862010.124	n	10.4079	3.62724	21.850	32.7651
1397862010.185	n	10.4079	3.62724	21.839	32.7650
1397862010.247	n	10.4080	3.62724	21.826	32.7650
1397862010.310	n	10.4081	3.62725	21.808	32.7650
1397862010.373	n	10.4082	3.62726	21.796	32.7650
1397862010.435	n	10.4082	3.62726	21.782	32.7650
1397862010.498	n	10.4083	3.62726	21.769	32.7650
1397862010.561	n	10.4084	3.62726	21.753	32.7648
1397862010.623	n	10.4085	3.62725	21.741	32.7647
1397862010.686	n	10.4085	3.62724	21.730	32.7645
1397862010.749	n	10.4086	3.62724	21.716	32.7645
1397862010.811	n	10.4087	3.62724	21.700	32.7644
1397862010.874	n	10.4088	3.62725	21.692	32.7644
1397862010.936	n	10.4089	3.62726	21.679	32.7645
1397862010.999	n	10.4089	3.62727	21.663	32.7645
1397862011.061	n	10.4090	3.62726	21.650	32.7644
1397862011.122	n	10.4090	3.62726	21.638	32.7644
1397862011.187	n	10.4091	3.62725	21.624	32.7642
1397862011.314	y	10.4091	3.62725	21.613	32.7642
1397862011.321	n	10.4092	3.62725	21.601	32.7642
1397862011.373	n	10.4092	3.62726	21.589	32.7642
1397862011.435	n	10.4093	3.62726	21.574	32.7642
1397862011.497	n	10.4094	3.62726	21.560	32.7641
1397862011.560	n	10.4095	3.62725	21.549	32.7639
1397862011.623	n	10.4095	3.62725	21.537	32.7638
1397862011.685	n	10.4096	3.62724	21.524	32.7636
1397862011.747	n	10.4096	3.62724	21.511	32.7636
1397862011.809	n	10.4096	3.62724	21.501	32.7637
1397862011.872	n	10.4097	3.62725	21.485	32.7637
1397862011.935	n	10.4097	3.62725	21.474	32.7636
1397862011.998	n	10.4098	3.62724	21.460	32.7635
1397862012.060	n	10.4099	3.62723	21.452	32.7634
1397862012.124	n	10.4099	3.62722	21.440	32.7632
1397862012.185	n	10.4100	3.62722	21.424	32.7632
1397862012.248	n	10.4101	3.62722	21.409	32.7631
1397862012.311	n	10.4102	3.62723	21.401	32.7632
1397862012.375	n	10.4102	3.62723	21.389	32.7631
1397862012.436	n	10.4103	3.62722	21.372	32.7630
1397862012.499	n	10.4103	3.62721	21.357	32.7628
1397862012.560	n	10.4104	3.62721	21.349	32.7627
1397862012.624	n	10.4104	3.62721	21.337	32.7628
1397862012.685	n	10.4104	3.62722	21.326	32.7629
1397862012.747	n	10.4104	3.62723	21.313	32.7629
1397862012.810	n	10.4105	3.62722	21.297	32.7628
1397862012.873	n	10.4105	3.62721	21.285	32.7627
1397862012.934	n	10.4105	3.62721	21.270	32.7626
1397862012.998	n	10.4106	3.62721	21.257	32.7626
1397862013.061	n	10.4106	3.62723	21.244	32.7628
1397862013.123	n	10.4106	3.62723	21.230	32.7628
1397862013.376	y	10.4106	3.62722	21.216	32.7628
1397862013.388	n	10.4106	3.62721	21.201	32.7626
1397862013.394	n	10.4107	3.62720	21.189	32.7625
1397862013.399	n	10.4107	3.62720	21.173	32.7625
1397862013.436	n	10.4107	3.62721	21.156	32.7626
1397862013.498	n	10.4106	3.62722	21.142	32.7627
1397862013.560	n	10.4106	3.62722	21.126	32.7627
1397862013.622	n	10.4106	3.62722	21.114	32.7628
1397862013.685	n	10.4106	3.62722	21.098	32.7628
1397862013.748	n	10.4105	3.62722	21.078	32.7628
1397862013.810	n	10.4105	3.62722	21.060	32.7629
1397862013.872	n	10.4104	3.62722	21.044	32.7630
1397862013.936	n	10.4103	3.62721	21.030	32.7630
1397862013.998	n	10.4102	3.62721	21.013	32.7631
1397862014.061	n	10.4101	3.62721	20.993	32.7632
1397862014.122	n	10.4100	3.62720	20.977	32.7632
1397862014.187	n	10.4100	3.62720	20.955	32.7632
1397862014.247	n	10.4099	3.62720	20.941	32.7633
1397862014.310	n	10.4098	3.62720	20.919	32.7633
1397862014.373	n	10.4098	3.62721	20.903	32.7635
1397862014.435	n	10.4097	3.62722	20.881	32.7637
1397862014.497	n	10.4096	3.62721	20.862	32.7638
1397862014.559	n	10.4095	3.62721	20.840	32.7638
1397862014.624	n	10.4094	3.62721	20.820	32.7640
1397862014.686	n	10.4093	3.62722	20.805	32.7641
1397862014.748	n	10.4092	3.62723	20.784	32.7642
1397862014.810	n	10.4091	3.62724	20.761	32.7644
1397862014.872	y	10.4090	3.62723	20.742	32.7645
1397862014.935	n	10.4088	3.62723	20.721	32.7646
1397862014.998	n	10.4087	3.62723	20.697	32.7648
1397862015.060	n	10.4086	3.62723	20.673	32.7649
1397862015.122	n	10.4085	3.62724	20.648	32.7651
1397862015.186	n	10.4084	3.62724	20.628	32.7652
1397862015.249	n	10.4083	3.62724	20.604	32.7653
1397862015.309	n	10.4082	3.62723	20.580	32.7653
1397862015.375	n	10.4081	3.62724	20.557	32.7655
1397862015.435	n	10.4080	3.62725	20.536	32.7657
1397862015.497	n	10.4079	3.62726	20.509	32.7659
1397862015.561	n	10.4078	3.62726	20.487	32.7660
1397862015.623	n	10.4076	3.62725	20.461	32.7660
1397862015.685	n	10.4074	3.62724	20.437	32.7661
1397862015.747	n	10.4073	3.62723	20.414	32.7662
1397862015.810	n	10.4071	3.62723	20.391	32.7663
1397862015.873	n	10.4070	3.62724	20.363	32.7665
1397862015.935	n	10.4069	3.62725	20.338	32.7667
1397862015.999	n	10.4068	3.62726	20.310	32.7669
1397862016.060	n	10.4067	3.62726	20.286	32.7671
1397862016.124	n	10.4066	3.62727	20.258	32.7672
1397862016.188	n	10.4064	3.62727	20.233	32.7674
1397862016.247	n	10.4063	3.62727	20.208	32.7676
1397862016.310	n	10.4061	3.62728	20.182	32.7678
1397862016.374	n	10.4060	3.62728	20.157	32.7679
1397862016.434	n	10.4058	3.62728	20.128	32.7680
1397862016.497	n	10.4057	3.62728	20.106	32.7682
1397862016.559	n	10.4056	3.62728	20.079	32.7683
1397862016.623	n	10.4055	3.62728	20.052	32.7683
1397862016.685	n	10.4055	3.62728	20.026	32.7685
1397862016.748	n	10.4054	3.62729	20.002	32.7687
1397862016.810	n	10.4053	3.62731	19.975	32.7689
1397862016.873	n	10.4052	3.62732	19.949	32.7691
1397862016.936	n	10.4051	3.62732	19.924	32.7692
1397862016.998	n	10.4051	3.62732	19.897	32.7693
1397862017.060	n	10.4050	3.62732	19.869	32.7693
1397862017.123	n	10.4049	3.62731	19.839	32.7693
1397862017.260	y	10.4048	3.62730	19.816	32.7694
1397862017.266	n	10.4047	3.62730	19.789	32.7694
1397862017.310	n	10.4047	3.62730	19.763	32.7695
1397862017.372	n	10.4046	3.62731	19.738	32.7696
1397862017.637	y	10.4046	3.62731	19.713	32.7697
1397862017.644	n	10.4046	3.62732	19.687	32.7699
1397862017.650	n	10.4045	3.62733	19.663	32.7700
1397862017.655	n	10.4044	3.62733	19.637	32.7701
1397862017.684	n	10.4043	3.62732	19.614	32.7701
1397862017.748	n	10.4043	3.62732	19.590	32.7701
1397862017.810	n	10.4043	3.62732	19.560	32.7702
1397862017.873	n	10.4043	3.62732	19.539	32.7702
1397862017.935	n	10.4043	3.62732	19.517	32.7702
1397862017.997	n	10.4042	3.62732	19.491	32.7702
1397862018.061	n	10.4042	3.62733	19.468	32.7703
1397862018.124	n	10.4042	3.62733	19.446	32.7703
1397862018.187	n	10.4042	3.62732	19.424	32.7703
1397862018.248	n	10.4042	3.62732	19.399	32.7703
1397862018.310	n	10.4042	3.62732	19.377	32.7704
1397862018.374	n	10.4041	3.62733	19.356	32.7705
1397862018.436	n	10.4041	3.62734	19.331	32.7706
1397862018.498	n	10.4040	3.62733	19.313	32.7706
1397862018.572	y	10.4041	3.62732	19.290	32.7705
1397862018.623	n	10.4041	3.62732	19.270	32.7704
1397862018.686	n	10.4041	3.62732	19.246	32.7704
1397862018.748	n	10.4041	3.62733	19.228	32.7705
1397862018.810	n	10.4040	3.62734	19.207	32.7707
1397862018.872	n	10.4040	3.62734	19.186	32.7708
1397862018.936	n	10.4040	3.62733	19.167	32.7707
1397862018.998	n	10.4039	3.62732	19.148	32.7707
1397862019.061	n	10.4039	3.62732	19.129	32.7706
1397862019.124	n	10.4039	3.62731	19.111	32.7705
1397862019.187	n	10.4039	3.62730	19.096	32.7705
1397862019.248	n	10.4040	3.62731	19.074	32.7705
1397862019.310	n	10.4040	3.62731	19.059	32.7705
1397862019.374	n	10.4040	3.62732	19.039	32.7707
1397862019.436	n	10.4040	3.62733	19.016	32.7707
1397862019.499	n	10.4040	3.62733	18.999	32.7708
1397862019.561	n	10.4040	3.62733	18.982	32.7707
1397862019.624	n	10.4041	3.62732	18.966	32.7706
1397862019.685	n	10.4041	3.62732	18.950	32.7705
1397862019.747	n	10.4041	3.62732	18.933	32.7706
1397862019.810	n	10.4041	3.62731	18.912	32.7705
1397862019.873	n	10.4040	3.62731	18.894	32.7706
1397862019.936	n	10.4040	3.62731	18.878	32.7706
1397862019.999	n	10.4041	3.62731	18.863	32.7706
1397862020.061	n	10.4041	3.62731	18.845	32.7705
1397862020.123	n	10.4042	3.62731	18.831	32.7705
1397862020.187	n	10.4042	3.62730	18.816	32.7704
1397862020.247	n	10.4042	3.62730	18.798	32.7703
1397862020.311	n	10.4042	3.62730	18.783	32.7704
1397862020.376	n	10.4042	3.62731	18.767	32.7704
1397862020.436	n	10.4042	3.62731	18.747	32.7705
1397862020.498	n	10.4042	3.62731	18.729	32.7705
1397862020.560	n	10.4042	3.62731	18.717	32.7705
1397862020.623	n	10.4042	3.62731	18.698	32.7705
1397862020.685	n	10.4042	3.62731	18.686	32.7705
1397862020.748	n	10.4042	3.62730	18.669	32.7704
1397862020.810	n	10.4042	3.62728	18.653	32.7702
1397862020.872	n	10.4042	3.62727	18.637	32.7701
1397862020.936	n	10.4042	3.62725	18.620	32.7699
1397862020.999	n	10.4042	3.62725	18.604	32.7699
1397862021.060	n	10.4043	3.62726	18.590	32.7700
1397862021.122	n	10.4043	3.62726	18.573	32.7700
1397862021.187	n	10.4043	3.62725	18.559	32.7699
1397862021.248	n	10.4043	3.62725	18.540	32.7699
1397862021.310	n	10.4043	3.62725	18.524	32.7699
1397862021.376	n	10.4043	3.62726	18.508	32.7700
1397862021.436	n	10.4043	3.62726	18.492	32.7700
1397862021.498	n	10.4043	3.62726	18.474	32.7700
1397862021.561	n	10.4043	3.62725	18.457	32.7699
1397862021.623	n	10.4044	3.62725	18.441	32.7698
1397862021.819	y	10.4044	3.62724	18.425	32.7698
1397862021.827	n	10.4044	3.62724	18.405	32.7697
1397862021.832	n	10.4045	3.62724	18.387	32.7697
1397862021.874	n	10.4045	3.62723	18.372	32.7696
1397862021.935	n	10.4045	3.62723	18.355	32.7696
1397862021.998	n	10.4045	3.62723	18.338	32.7696
1397862022.060	n	10.4045	3.62723	18.319	32.7695
1397862022.125	n	10.4046	3.62722	18.303	32.7694
1397862022.186	n	10.4046	3.62722	18.283	32.7694
1397862022.270	y	10.4046	3.62722	18.267	32.7694
1397862022.311	n	10.4045	3.62722	18.247	32.7695
1397862022.377	n	10.4045	3.62723	18.231	32.7696
1397862022.436	n	10.4045	3.62724	18.215	32.7697
1397862022.498	n	10.4046	3.62724	18.194	32.7697
1397862022.561	n	10.4047	3.62724	18.172	32.7696
1397862022.623	n	10.4047	3.62725	18.158	32.7696
1397862022.685	n	10.4048	3.62725	18.138	32.7696
1397862022.747	n	10.4048	3.62724	18.118	32.7696
1397862022.810	n	10.4048	3.62725	18.102	32.7696
1397862022.872	n	10.4048	3.62725	18.078	32.7696
1397862022.936	n	10.4049	3.62725	18.059	32.7696
1397862022.998	n	10.4049	3.62726	18.039	32.7697
1397862023.061	n	10.4049	3.62726	18.020	32.7697
1397862023.124	n	10.4049	3.62726	18.000	32.7697
1397862023.184	n	10.4049	3.62727	17.980	32.7697
1397862023.249	n	10.4050	3.62727	17.963	32.7697
1397862023.311	n	10.4050	3.62727	17.941	32.7697
1397862023.372	n	10.4050	3.62728	17.923	32.7698
1397862023.436	n	10.4051	3.62728	17.905	32.7697
1397862023.499	n	10.4052	3.62727	17.883	32.7696
1397862023.561	n	10.4052	3.62727	17.858	32.7695
1397862023.623	n	10.4052	3.62726	17.836	32.7695
1397862023.685	n	10.4052	3.62726	17.823	32.7694
1397862023.747	n	10.4052	3.62726	17.802	32.7694
1397862023.810	n	10.4052	3.62726	17.782	32.7694
1397862023.873	n	10.4053	3.62726	17.757	32.7694
1397862023.936	n	10.4054	3.62727	17.735	32.7694
1397862023.998	n	10.4055	3.62728	17.717	32.7695
1397862024.061	n	10.4055	3.62730	17.698	32.7696
1397862024.124	n	10.4055	3.62730	17.675	32.7697
1397862024.187	n	10.4055	3.62730	17.654	32.7697
1397862024.247	n	10.4054	3.62729	17.632	32.7696
1397862024.310	n	10.4054	3.62728	17.616	32.7695
1397862024.374	n	10.4055	3.62728	17.594	32.7695
1397862024.436	n	10.4055	3.62729	17.568	32.7696
1397862024.499	n	10.4056	3.62729	17.553	32.7695
1397862024.561	n	10.4057	3.62730	17.532	32.7695
1397862024.623	n	10.4058	3.62730	17.512	32.7695
1397862024.685	n	10.4058	3.62729	17.493	32.7694
1397862024.747	n	10.4058	3.62729	17.470	32.7694
1397862024.809	n	10.4058	3.62729	17.449	32.7693
1397862024.873	n	10.4059	3.62729	17.433	32.7693
1397862024.936	n	10.4060	3.62729	17.413	32.7692
1397862024.998	n	10.4061	3.62729	17.396	32.7692
1397862025.061	n	10.4061	3.62730	17.375	32.7692
1397862025.125	n	10.4061	3.62730	17.352	32.7693
1397862025.187	n	10.4061	3.62731	17.331	32.7693
1397862025.247	n	10.4061	3.62730	17.314	32.7693
1397862025.310	n	10.4062	3.62729	17.293	32.7691
1397862025.374	n	10.4063	3.62728	17.274	32.7689
1397862025.434	n	10.4063	3.62727	17.254	32.7688
1397862025.498	n	10.4063	3.62727	17.234	32.7688
1397862025.560	n	10.4064	3.62728	17.216	32.7688
1397862025.625	n	10.4064	3.62728	17.198	32.7689
1397862025.686	n	10.4064	3.62728	17.179	32.7688
1397862025.747	n	10.4064	3.62727	17.159	32.7687
1397862025.879	y	10.4065	3.62726	17.140	32.7686
1397862025.884	n	10.4066	3.62727	17.126	32.7686
1397862026.090	y	10.4066	3.62728	17.108	32.7687
1397862026.097	n	10.4067	3.62729	17.090	32.7687
1397862026.103	n	10.4067	3.62729	17.071	32.7687
1397862026.123	n	10.4067	3.62729	17.052	32.7687
1397862026.185	n	10.4068	3.62728	17.033	32.7686
1397862026.249	n	10.4068	3.62728	17.019	32.7685
1397862026.311	n	10.4068	3.62727	17.000	32.7684
1397862026.372	n	10.4069	3.62726	16.982	32.7683
1397862026.435	n	10.4069	3.62724	16.965	32.7682
1397862026.498	n	10.4069	3.62724	16.950	32.7681
1397862026.560	n	10.4069	3.62724	16.934	32.7680
1397862026.623	n	10.4070	3.62724	16.915	32.7680
1397862026.685	n	10.4071	3.62724	16.899	32.7680
1397862026.748	n	10.4071	3.62725	16.883	32.7680
1397862026.810	n	10.4072	3.62725	16.868	32.7679
1397862026.872	n	10.4073	3.62726	16.851	32.7679
1397862026.936	n	10.4074	3.62726	16.835	32.7678
1397862026.998	n	10.4075	3.62725	16.819	32.7677
1397862027.061	n	10.4076	3.62724	16.801	32.7676
1397862027.124	n	10.4077	3.62723	16.787	32.7674
1397862027.187	n	10.4077	3.62722	16.770	32.7673
1397862027.247	n	10.4078	3.62722	16.756	32.7672
1397862027.310	n	10.4078	3.62723	16.736	32.7673
1397862027.373	n	10.4077	3.62722	16.721	32.7673
1397862027.437	n	10.4077	3.62722	16.705	32.7673
1397862027.498	n	10.4078	3.62722	16.690	32.7672
1397862027.560	n	10.4078	3.62722	16.668	32.7672
1397862027.623	n	10.4079	3.62721	16.652	32.7670
1397862027.685	n	10.4081	3.62722	16.642	32.7670
1397862027.748	n	10.4082	3.62722	16.619	32.7669
1397862027.810	n	10.4083	3.62723	16.602	32.7669
1397862027.873	n	10.4083	3.62723	16.587	32.7669
1397862027.935	n	10.4084	3.62723	16.572	32.7668
1397862027.997	n	10.4085	3.62723	16.556	32.7667
1397862028.060	n	10.4086	3.62723	16.537	32.7667
1397862028.123	n	10.4087	3.62723	16.519	32.7666
1397862028.187	n	10.4089	3.62724	16.500	32.7665
1397862028.247	n	10.4090	3.62724	16.480	32.7665
1397862028.310	n	10.4090	3.62724	16.464	32.7664
1397862028.373	n	10.4091	3.62724	16.448	32.7663
1397862028.435	n	10.4093	3.62724	16.427	32.7662
1397862028.498	n	10.4094	3.62724	16.411	32.7661
1397862028.560	n	10.4096	3.62724	16.395	32.7659
1397862028.623	n	10.4097	3.62723	16.376	32.7658
1397862028.685	n	10.4098	3.62722	16.357	32.7656
1397862028.747	n	10.4100	3.62722	16.339	32.7654
1397862028.811	n	10.4101	3.62721	16.317	32.7652
1397862028.872	n	10.4103	3.62721	16.299	32.7651
1397862028.936	n	10.4105	3.62721	16.282	32.7648
1397862028.998	n	10.4107	3.62721	16.261	32.7647
1397862029.060	n	10.4108	3.62721	16.240	32.7646
1397862029.122	n	10.4109	3.62721	16.221	32.7645
1397862029.187	n	10.4111	3.62721	16.200	32.7644
1397862029.247	n	10.4112	3.62721	16.180	32.7643
1397862029.309	n	10.4114	3.62721	16.162	32.7641
1397862029.373	n	10.4117	3.62720	16.143	32.7638
1397862029.435	n	10.4119	3.62720	16.122	32.7636
1397862029.497	y	10.4122	3.62720	16.102	32.7633
1397862029.560	n	10.4124	3.62720	16.079	32.7631
1397862029.623	n	10.4125	3.62720	16.060	32.7630
1397862029.686	n	10.4127	3.62721	16.034	32.7630
1397862029.748	n	10.4129	3.62721	16.007	32.7628
1397862029.811	n	10.4132	3.62720	15.993	32.7625
1397862029.874	n	10.4134	3.62720	15.973	32.7622
1397862029.935	n	10.4137	3.62719	15.947	32.7620
1397862029.997	n	10.4138	3.62720	15.924	32.7619
1397862030.060	n	10.4140	3.62720	15.898	32.7617
1397862030.124	n	10.4143	3.62719	15.877	32.7615
1397862030.313	y	10.4145	3.62719	15.856	32.7612
1397862030.323	y	10.4148	3.62718	15.833	32.7609
1397862030.329	n	10.4150	3.62718	15.807	32.7608
1397862030.372	n	10.4152	3.62719	15.780	32.7606
1397862030.434	n	10.4154	3.62719	15.753	32.7605
1397862030.499	n	10.4155	3.62719	15.726	32.7604
1397862030.561	n	10.4157	3.62720	15.701	32.7603
1397862030.622	n	10.4159	3.62720	15.678	32.7601
1397862030.685	n	10.4161	3.62720	15.656	32.7600
1397862030.748	n	10.4163	3.62720	15.629	32.7598
1397862030.810	n	10.4164	3.62720	15.602	32.7597
1397862030.874	n	10.4166	3.62720	15.574	32.7596
1397862030.935	n	10.4167	3.62720	15.549	32.7595
1397862030.998	n	10.4168	3.62720	15.521	32.7594
1397862031.061	n	10.4169	3.62719	15.493	32.7592
1397862031.123	n	10.4170	3.62719	15.461	32.7591
1397862031.187	n	10.4172	3.62718	15.436	32.7589
1397862031.247	n	10.4173	3.62718	15.409	32.7588
1397862031.310	n	10.4174	3.62718	15.379	32.7587
1397862031.373	n	10.4175	3.62719	15.351	32.7587
1397862031.436	n	10.4176	3.62720	15.323	32.7587
1397862031.498	n	10.4177	3.62721	15.292	32.7588
1397862031.560	n	10.4178	3.62721	15.265	32.7587
1397862031.624	n	10.4179	3.62720	15.236	32.7585
1397862031.686	n	10.4181	3.62719	15.203	32.7583
1397862031.747	n	10.4183	3.62720	15.175	32.7582
1397862031.811	n	10.4185	3.62720	15.149	32.7580
1397862031.872	n	10.4187	3.62720	15.120	32.7579
1397862031.935	n	10.4189	3.62721	15.090	32.7578
1397862031.998	n	10.4191	3.62721	15.060	32.7577
1397862032.060	n	10.4193	3.62721	15.029	32.7575
1397862032.124	n	10.4194	3.62722	14.998	32.7575
1397862032.186	n	10.4195	3.62722	14.966	32.7575
1397862032.247	n	10.4196	3.62722	14.936	32.7573
1397862032.311	n	10.4198	3.62722	14.910	32.7572
1397862032.373	n	10.4199	3.62722	14.878	32.7571
1397862032.435	n	10.4200	3.62721	14.845	32.7569
1397862032.498	n	10.4201	3.62721	14.818	32.7568
1397862032.561	n	10.4202	3.62721	14.789	32.7568
1397862032.690	y	10.4204	3.62722	14.757	32.7567
1397862032.695	n	10.4205	3.62722	14.726	32.7566
1397862032.747	n	10.4207	3.62723	14.695	32.7565
1397862032.810	n	10.4209	3.62724	14.664	32.7564
1397862032.873	n	10.4211	3.62724	14.629	32.7564
1397862032.936	n	10.4212	3.62724	14.600	32.7563
1397862032.998	n	10.4213	3.62725	14.578	32.7563
1397862033.061	n	10.4214	3.62726	14.547	32.7563
1397862033.123	n	10.4215	3.62726	14.516	32.7562
1397862033.187	n	10.4216	3.62725	14.487	32.7560
1397862033.278	y	10.4217	3.62724	14.457	32.7559
1397862033.311	n	10.4218	3.62723	14.428	32.7557
1397862033.374	n	10.4218	3.62723	14.400	32.7556
1397862033.435	n	10.4219	3.62722	14.366	32.7555
1397862033.498	n	10.4220	3.62721	14.339	32.7554
1397862033.560	n	10.4221	3.62722	14.313	32.7554
1397862033.624	n	10.4222	3.62723	14.283	32.7554
1397862033.685	n	10.4222	3.62724	14.251	32.7555
1397862033.749	n	10.4223	3.62725	14.224	32.7555
1397862033.811	n	10.4225	3.62725	14.198	32.7554
1397862033.875	n	10.4225	3.62724	14.168	32.7552
1397862033.935	n	10.4226	3.62724	14.140	32.7552
1397862033.997	n	10.4226	3.62723	14.109	32.7551
1397862034.060	n	10.4227	3.62723	14.086	32.7551
1397862034.124	n	10.4227	3.62723	14.059	32.7551
1397862034.185	n	10.4227	3.62724	14.032	32.7551
1397862034.249	n	10.4228	3.62724	14.000	32.7551
1397862034.309	n	10.4228	3.62726	13.973	32.7553
1397862034.374	n	10.4229	3.62727	13.954	32.7553
1397862034.550	y	10.4229	3.62726	13.927	32.7552
1397862034.559	n	10.4230	3.62725	13.901	32.7551
1397862034.566	n	10.4230	3.62724	13.873	32.7549
1397862034.623	n	10.4231	3.62723	13.852	32.7548
1397862034.686	n	10.4231	3.62723	13.823	32.7547
1397862034.748	n	10.4232	3.62723	13.797	32.7547
1397862034.811	n	10.4232	3.62723	13.774	32.7547
1397862034.874	n	10.4232	3.62724	13.752	32.7548
1397862034.936	n	10.4232	3.62724	13.730	32.7548
1397862034.998	n	10.4232	3.62724	13.705	32.7548
1397862035.061	n	10.4233	3.62725	13.688	32.7548
1397862035.123	n	10.4234	3.62724	13.662	32.7547
1397862035.187	n	10.4234	3.62724	13.636	32.7546
1397862035.249	n	10.4235	3.62724	13.615	32.7546
1397862035.310	n	10.4235	3.62725	13.594	32.7546
1397862035.372	n	10.4235	3.62725	13.569	32.7547
1397862035.436	n	10.4235	3.62726	13.549	32.7548
1397862035.498	n	10.4235	3.62727	13.528	32.7549
1397862035.561	n	10.4236	3.62727	13.506	32.7549
1397862035.622	n	10.4236	3.62727	13.485	32.7549
1397862035.685	n	10.4237	3.62727	13.465	32.7548
1397862035.748	n	10.4238	3.62726	13.450	32.7546
1397862035.810	n	10.4238	3.62725	13.432	32.7545
1397862035.874	n	10.4238	3.62724	13.413	32.7544
1397862035.935	n	10.4239	3.62724	13.394	32.7544
1397862035.998	n	10.4239	3.62724	13.373	32.7544
1397862036.060	n	10.4239	3.62724	13.357	32.7543
1397862036.122	n	10.4240	3.62724	13.339	32.7543
1397862036.185	n	10.4240	3.62724	13.321	32.7543
1397862036.247	n	10.4240	3.62724	13.304	32.7543
1397862036.309	n	10.4240	3.62723	13.288	32.7542
1397862036.374	n	10.4241	3.62723	13.273	32.7542
1397862036.436	n	10.4241	3.62723	13.252	32.7542
1397862036.498	n	10.4241	3.62724	13.236	32.7542
1397862036.561	n	10.4242	3.62725	13.222	32.7542
1397862036.625	n	10.4243	3.62726	13.205	32.7542
1397862036.685	n	10.4243	3.62726	13.189	32.7542
1397862036.747	n	10.4244	3.62726	13.173	32.7542
1397862036.817	y	10.4244	3.62726	13.157	32.7541
1397862036.873	n	10.4244	3.62726	13.146	32.7541
1397862036.936	n	10.4244	3.62726	13.130	32.7542
1397862036.998	n	10.4244	3.62726	13.113	32.7542
1397862037.063	n	10.4244	3.62725	13.097	32.7541
1397862037.124	n	10.4244	3.62724	13.083	32.7539
1397862037.186	n	10.4245	3.62723	13.069	32.7538
1397862037.248	n	10.4246	3.62722	13.056	32.7537
1397862037.312	n	10.4247	3.62723	13.045	32.7537
1397862037.373	n	10.4247	3.62723	13.030	32.7536
1397862037.435	n	10.4247	3.62723	13.016	32.7536
1397862037.497	n	10.4247	3.62722	13.006	32.7536
1397862037.561	n	10.4248	3.62722	12.990	32.7536
1397862037.623	n	10.4248	3.62722	12.977	32.7535
1397862037.685	n	10.4249	3.62722	12.961	32.7534
1397862037.748	n	10.4249	3.62721	12.951	32.7533
1397862037.811	n	10.4249	3.62721	12.937	32.7533
1397862037.872	n	10.4249	3.62720	12.922	32.7533
1397862037.935	n	10.4250	3.62720	12.913	32.7532
1397862037.997	n	10.4251	3.62720	12.899	32.7531
1397862038.062	n	10.4252	3.62720	12.887	32.7530
1397862038.125	n	10.4253	3.62720	12.872	32.7529
1397862038.185	n	10.4253	3.62719	12.861	32.7528
1397862038.249	n	10.4254	3.62719	12.845	32.7527
1397862038.310	n	10.4254	3.62719	12.828	32.7527
1397862038.374	n	10.4255	3.62720	12.813	32.7527
1397862038.436	n	10.4256	3.62720	12.803	32.7527
1397862038.498	n	10.4257	3.62720	12.795	32.7526
1397862038.561	n	10.4258	3.62720	12.782	32.7525
1397862038.624	n	10.4259	3.62720	12.766	32.7524
1397862038.764	y	10.4260	3.62721	12.752	32.7524
1397862038.770	n	10.4260	3.62720	12.739	32.7523
1397862038.811	n	10.4262	3.62719	12.726	32.7521
1397862038.873	n	10.4263	3.62718	12.712	32.7519
1397862038.935	n	10.4264	3.62718	12.701	32.7518
1397862038.998	n	10.4265	3.62718	12.686	32.7517
1397862039.060	n	10.4266	3.62719	12.672	32.7516
1397862039.122	n	10.4267	3.62719	12.659	32.7516
1397862039.186	n	10.4268	3.62719	12.650	32.7515
1397862039.249	n	10.4269	3.62718	12.638	32.7514
1397862039.312	n	10.4270	3.62717	12.618	32.7512
1397862039.372	n	10.4271	3.62716	12.605	32.7510
1397862039.436	n	10.4272	3.62716	12.589	32.7509
1397862039.498	n	10.4273	3.62715	12.577	32.7508
1397862039.562	n	10.4273	3.62714	12.563	32.7506
1397862039.622	n	10.4274	3.62713	12.546	32.7504
1397862039.685	n	10.4274	3.62712	12.528	32.7503
1397862039.747	n	10.4274	3.62711	12.519	32.7503
1397862039.810	n	10.4274	3.62711	12.506	32.7502
1397862039.872	n	10.4275	3.62711	12.488	32.7502
1397862039.937	n	10.4275	3.62711	12.473	32.7502
1397862039.999	n	10.4275	3.62710	12.457	32.7501
1397862040.060	n	10.4276	3.62709	12.446	32.7499
1397862040.124	n	10.4277	3.62708	12.427	32.7498
1397862040.185	n	10.4277	3.62707	12.412	32.7497
1397862040.248	n	10.4277	3.62706	12.392	32.7496
1397862040.312	n	10.4277	3.62705	12.373	32.7495
1397862040.373	n	10.4277	3.62704	12.355	32.7493
1397862040.435	n	10.4278	3.62702	12.340	32.7491
1397862040.528	y	10.4279	3.62702	12.327	32.7490
1397862040.560	n	10.4280	3.62701	12.308	32.7488
1397862040.624	n	10.4282	3.62701	12.290	32.7486
1397862040.686	n	10.4283	3.62700	12.270	32.7484
1397862040.749	n	10.4286	3.62700	12.253	32.7482
1397862040.812	n	10.4288	3.62699	12.233	32.7479
1397862040.873	n	10.4291	3.62699	12.214	32.7477
1397862040.935	n	10.4294	3.62698	12.197	32.7473
1397862040.999	n	10.4297	3.62697	12.175	32.7470
1397862041.060	n	10.4300	3.62696	12.159	32.7467
1397862041.123	n	10.4302	3.62695	12.141	32.7463
1397862041.187	n	10.4305	3.62694	12.118	32.7459
1397862041.247	n	10.4308	3.62692	12.098	32.7454
1397862041.311	n	10.4311	3.62689	12.077	32.7449
1397862041.374	n	10.4314	3.62688	12.057	32.7446
1397862041.436	n	10.4317	3.62688	12.035	32.7443
1397862041.498	n	10.4320	3.62688	12.013	32.7441
1397862041.562	n	10.4323	3.62688	11.991	32.7439
1397862041.623	n	10.4326	3.62688	11.970	32.7435
1397862041.685	n	10.4329	3.62688	11.950	32.7433
1397862041.748	n	10.4332	3.62688	11.929	32.7430
1397862041.812	n	10.4335	3.62686	11.907	32.7426
1397862041.873	n	10.4338	3.62685	11.885	32.7422
1397862041.935	n	10.4341	3.62684	11.865	32.7418
1397862041.998	n	10.4344	3.62684	11.843	32.7415
1397862042.061	n	10.4347	3.62684	11.822	32.7413
1397862042.123	n	10.4350	3.62684	11.796	32.7411
1397862042.187	n	10.4353	3.62684	11.779	32.7408
1397862042.247	n	10.4356	3.62684	11.754	32.7405
1397862042.311	n	10.4359	3.62685	11.734	32.7404
1397862042.375	n	10.4362	3.62687	11.713	32.7403
1397862042.435	n	10.4365	3.62689	11.690	32.7402
1397862042.499	n	10.4368	3.62689	11.662	32.7400
1397862042.560	n	10.4371	3.62688	11.638	32.7396
1397862042.623	n	10.4374	3.62688	11.615	32.7393
1397862042.686	n	10.4377	3.62688	11.589	32.7390
1397862042.747	n	10.4380	3.62688	11.563	32.7388
1397862042.810	n	10.4384	3.62688	11.539	32.7385
1397862042.874	n	10.4387	3.62687	11.517	32.7381
1397862043.026	y	10.4390	3.62686	11.492	32.7377
1397862043.031	n	10.4394	3.62685	11.465	32.7374
1397862043.061	n	10.4397	3.62686	11.442	32.7371
1397862043.123	n	10.4400	3.62686	11.419	32.7369
1397862043.187	n	10.4403	3.62687	11.397	32.7367
1397862043.247	n	10.4406	3.62688	11.375	32.7366
1397862043.310	n	10.4408	3.62689	11.350	32.7365
1397862043.373	n	10.4411	3.62688	11.325	32.7362
1397862043.436	n	10.4414	3.62689	11.299	32.7360
1397862043.499	n	10.4417	3.62690	11.275	32.7358
1397862043.562	n	10.4419	3.62692	11.250	32.7358
1397862043.623	n	10.4422	3.62692	11.227	32.7356
1397862043.685	n	10.4425	3.62691	11.201	32.7353
1397862043.747	n	10.4428	3.62690	11.168	32.7349
1397862043.811	n	10.4430	3.62689	11.149	32.7346
1397862043.873	n	10.4433	3.62689	11.128	32.7343
1397862043.936	n	10.4436	3.62690	11.099	32.7341
1397862043.997	n	10.4439	3.62690	11.073	32.7339
1397862044.061	n	10.4442	3.62689	11.044	32.7336
1397862044.122	n	10.4445	3.62689	11.018	32.7333
1397862044.285	y	10.4448	3.62688	10.990	32.7330
1397862044.290	n	10.4451	3.62688	10.967	32.7327
1397862044.310	n	10.4454	3.62688	10.942	32.7325
1397862044.374	n	10.4457	3.62688	10.914	32.7322
1397862044.436	n	10.4460	3.62688	10.888	32.7319
1397862044.497	n	10.4463	3.62687	10.861	32.7316
1397862044.564	n	10.4467	3.62687	10.838	32.7312
1397862044.623	n	10.4471	3.62686	10.814	32.7308
1397862044.686	n	10.4474	3.62686	10.785	32.7305
1397862044.748	n	10.4477	3.62687	10.760	32.7303
1397862044.811	n	10.4481	3.62687	10.731	32.7300
1397862044.872	n	10.4485	3.62687	10.706	32.7296
1397862044.936	n	10.4489	3.62687	10.681	32.7293
1397862044.999	n	10.4493	3.62687	10.656	32.7289
1397862045.061	n	10.4497	3.62687	10.632	32.7286
1397862045.123	n	10.4501	3.62688	10.604	32.7283
1397862045.186	n	10.4505	3.62688	10.580	32.7280
1397862045.247	n	10.4509	3.62689	10.550	32.7278
1397862045.312	n	10.4512	3.62690	10.526	32.7276
1397862045.374	n	10.4515	3.62692	10.501	32.7275
1397862045.437	n	10.4518	3.62692	10.479	32.7273
1397862045.498	n	10.4521	3.62694	10.456	32.7272
1397862045.561	n	10.4524	3.62695	10.431	32.7271
1397862045.623	n	10.4526	3.62697	10.403	32.7270
1397862045.685	n	10.4528	3.62698	10.380	32.7270
1397862045.748	n	10.4530	3.62701	10.355	32.7271
1397862045.811	n	10.4532	3.62703	10.329	32.7272
1397862045.873	n	10.4533	3.62706	10.305	32.7275
1397862045.936	n	10.4532	3.62710	10.280	32.7279
1397862045.997	n	10.4532	3.62714	10.253	32.7284
1397862046.060	n	10.4532	3.62719	10.230	32.7288
1397862046.124	n	10.4533	3.62723	10.208	32.7291
1397862046.187	n	10.4541	3.62727	10.182	32.7289
1397862046.248	n	10.4556	3.62731	10.160	32.7279
1397862046.310	n	10.4578	3.62735	10.137	32.7263
1397862046.374	n	10.4603	3.62738	10.111	32.7244
1397862046.436	n	10.4625	3.62740	10.091	32.7226
1397862046.498	n	10.4639	3.62741	10.067	32.7216
1397862046.562	n	10.4644	3.62743	10.046	32.7213
1397862046.625	n	10.4642	3.62744	10.025	32.7216
1397862046.685	n	10.4636	3.62745	10.001	32.7222
1397862046.747	n	10.4628	3.62746	9.980	32.7230
1397862046.812	n	10.4620	3.62747	9.958	32.7238
1397862046.875	n	10.4613	3.62749	9.935	32.7247
1397862046.935	n	10.4606	3.62751	9.916	32.7255
1397862046.998	n	10.4599	3.62753	9.900	32.7264
1397862047.060	n	10.4591	3.62754	9.874	32.7272
1397862047.123	n	10.4583	3.62755	9.854	32.7280
1397862047.309	y	10.4575	3.62756	9.837	32.7288
1397862047.318	n	10.4567	3.62756	9.817	32.7296
1397862047.323	n	10.4559	3.62756	9.795	32.7303
1397862047.372	n	10.4552	3.62756	9.776	32.7309
1397862047.436	n	10.4545	3.62756	9.755	32.7316
1397862047.498	n	10.4537	3.62756	9.735	32.7324
1397862047.562	n	10.4529	3.62757	9.715	32.7332
1397862047.623	n	10.4520	3.62759	9.692	32.7341
1397862047.685	n	10.4512	3.62760	9.673	32.7350
1397862047.747	y	10.4504	3.62761	9.652	32.7358
1397862047.811	n	10.4499	3.62762	9.637	32.7364
1397862047.874	n	10.4494	3.62762	9.615	32.7368
1397862047.936	n	10.4490	3.62763	9.594	32.7373
1397862047.999	n	10.4486	3.62763	9.576	32.7378
1397862048.132	y	10.4482	3.62764	9.559	32.7381
1397862048.140	n	10.4479	3.62765	9.542	32.7385
1397862048.186	n	10.4478	3.62765	9.523	32.7386
1397862048.249	n	10.4480	3.62766	9.502	32.7385
1397862048.311	n	10.4485	3.62767	9.483	32.7383
1397862048.374	n	10.4490	3.62768	9.466	32.7379
1397862048.438	n	10.4496	3.62768	9.448	32.7373
1397862048.498	n	10.4502	3.62768	9.432	32.7367
1397862048.561	n	10.4509	3.62767	9.411	32.7361
1397862048.624	n	10.4515	3.62766	9.396	32.7355
1397862048.685	n	10.4521	3.62766	9.382	32.7350
1397862048.749	n	10.4526	3.62767	9.363	32.7346
1397862048.811	n	10.4532	3.62768	9.349	32.7342
1397862048.874	n	10.4537	3.62769	9.330	32.7339
1397862048.935	n	10.4541	3.62769	9.309	32.7335
1397862048.998	n	10.4544	3.62768	9.297	32.7331
1397862049.061	n	10.4547	3.62769	9.280	32.7329
1397862049.123	n	10.4549	3.62770	9.263	32.7328
1397862049.186	n	10.4550	3.62771	9.248	32.7329
1397862049.247	n	10.4551	3.62773	9.230	32.7330
1397862049.311	n	10.4550	3.62774	9.215	32.7332
1397862049.372	n	10.4548	3.62775	9.202	32.7334
1397862049.436	n	10.4546	3.62775	9.177	32.7337
1397862049.498	n	10.4542	3.62775	9.167	32.7340
1397862049.561	n	10.4537	3.62775	9.151	32.7345
1397862049.622	n	10.4532	3.62776	9.137	32.7350
1397862049.686	n	10.4527	3.62776	9.120	32.7355
1397862049.749	n	10.4521	3.62777	9.106	32.7361
1397862049.811	n	10.4516	3.62778	9.091	32.7367
1397862049.873	n	10.4511	3.62779	9.075	32.7373
1397862049.936	n	10.4506	3.62782	9.059	32.7380
1397862049.998	n	10.4501	3.62784	9.046	32.7387
1397862050.060	n	10.4498	3.62787	9.032	32.7393
1397862050.124	n	10.4495	3.62789	9.018	32.7397
1397862050.187	n	10.4494	3.62791	9.000	32.7400
1397862050.248	n	10.4494	3.62793	8.987	32.7402
1397862050.311	n	10.4494	3.62795	8.974	32.7404
1397862050.374	n	10.4495	3.62798	8.956	32.7406
1397862050.436	n	10.4497	3.62800	8.946	32.7406
1397862050.499	n	10.4500	3.62802	8.933	32.7406
1397862050.560	n	10.4503	3.62804	8.920	32.7406
1397862050.624	n	10.4505	3.62806	8.905	32.7406
1397862050.685	n	10.4507	3.62809	8.889	32.7407
1397862050.747	n	10.4509	3.62810	8.876	32.7407
1397862050.813	n	10.4510	3.62812	8.864	32.7407
1397862050.876	n	10.4511	3.62813	8.846	32.7408
1397862050.936	n	10.4512	3.62814	8.835	32.7408
1397862050.999	n	10.4513	3.62816	8.820	32.7409
1397862051.060	n	10.4514	3.62817	8.808	32.7409
1397862051.124	n	10.4514	3.62819	8.793	32.7410
1397862051.187	n	10.4514	3.62819	8.778	32.7411
1397862051.248	n	10.4513	3.62819	8.763	32.7412
1397862051.310	n	10.4511	3.62820	8.751	32.7414
1397862051.374	n	10.4509	3.62820	8.735	32.7417
1397862051.561	y	10.4508	3.62821	8.719	32.7419
1397862051.656	y	10.4506	3.62821	8.705	32.7421
1397862051.662	n	10.4504	3.62821	8.689	32.7422
1397862051.667	n	10.4502	3.62821	8.676	32.7424
1397862051.685	n	10.4500	3.62821	8.658	32.7426
1397862051.747	n	10.4498	3.62822	8.644	32.7429
1397862051.810	n	10.4495	3.62822	8.628	32.7432
1397862051.875	n	10.4492	3.62822	8.612	32.7435
1397862051.935	n	10.4490	3.62822	8.599	32.7437
1397862051.998	n	10.4488	3.62822	8.580	32.7438
1397862052.062	n	10.4487	3.62822	8.563	32.7440
1397862052.123	n	10.4486	3.62822	8.544	32.7441
1397862052.186	n	10.4483	3.62822	8.529	32.7443
1397862052.247	n	10.4481	3.62822	8.513	32.7444
1397862052.311	n	10.4479	3.62822	8.497	32.7446
1397862052.373	n	10.4478	3.62822	8.479	32.7448
1397862052.436	n	10.4476	3.62823	8.460	32.7451
1397862052.499	n	10.4474	3.62823	8.445	32.7452
1397862052.562	n	10.4473	3.62822	8.423	32.7453
1397862052.623	n	10.4472	3.62821	8.407	32.7453
1397862052.685	n	10.4471	3.62821	8.390	32.7454
1397862052.747	n	10.4470	3.62821	8.369	32.7455
1397862052.811	n	10.4469	3.62822	8.351	32.7456
1397862052.874	n	10.4468	3.62822	8.335	32.7458
1397862052.936	n	10.4466	3.62822	8.312	32.7460
1397862052.998	n	10.4465	3.62822	8.296	32.7461
1397862053.061	n	10.4464	3.62822	8.277	32.7461
1397862053.123	n	10.4464	3.62822	8.256	32.7462
1397862053.186	n	10.4464	3.62822	8.236	32.7461
1397862053.249	n	10.4464	3.62821	8.217	32.7461
1397862053.310	n	10.4464	3.62821	8.198	32.7461
1397862053.375	n	10.4464	3.62821	8.177	32.7461
1397862053.436	n	10.4465	3.62822	8.158	32.7461
1397862053.497	n	10.4466	3.62822	8.136	32.7461
1397862053.564	n	10.4468	3.62822	8.117	32.7459
1397862053.623	n	10.4471	3.62822	8.097	32.7456
1397862053.685	n	10.4474	3.62821	8.077	32.7453
1397862053.749	n	10.4477	3.62821	8.055	32.7450
1397862053.810	n	10.4481	3.62822	8.033	32.7446
1397862053.874	n	10.4486	3.62822	8.011	32.7443
1397862053.936	n	10.4491	3.62821	7.989	32.7438
1397862053.998	n	10.4496	3.62820	7.966	32.7432
1397862054.062	n	10.4502	3.62819	7.945	32.7425
1397862054.124	n	10.4508	3.62818	7.923	32.7420
1397862054.187	y	10.4514	3.62819	7.904	32.7415
1397862054.247	n	10.4521	3.62820	7.881	32.7409
1397862054.311	n	10.4528	3.62820	7.859	32.7403
1397862054.372	n	10.4535	3.62819	7.837	32.7396
1397862054.437	n	10.4542	3.62818	7.816	32.7389
1397862054.499	n	10.4549	3.62817	7.795	32.7382
1397862054.560	n	10.4555	3.62817	7.774	32.7376
1397862054.622	n	10.4562	3.62818	7.755	32.7372
1397862054.686	n	10.4568	3.62819	7.734	32.7367
1397862054.749	n	10.4573	3.62819	7.709	32.7362
1397862054.810	n	10.4579	3.62820	7.691	32.7358
1397862054.874	n	10.4584	3.62820	7.668	32.7353
1397862054.936	n	10.4606	3.62810	7.652	32.7324
1397862054.998	n	10.4766	3.62724	7.628	32.7095
1397862055.062	n	10.5191	3.62700	7.604	32.6688
1397862055.183	y	10.5871	3.62838	7.583	32.6218
1397862055.190	n	10.6671	3.63134	7.561	32.5799
1397862055.248	n	10.7404	3.63522	7.542	32.5532
1397862055.313	n	10.7901	3.63895	7.520	32.5461
1397862055.376	n	10.8158	3.64076	7.500	32.5413
1397862055.435	n	10.8275	3.64125	7.479	32.5358
1397862055.497	n	10.8320	3.64126	7.458	32.5318
1397862055.561	n	10.8337	3.64120	7.436	32.5298
1397862055.624	n	10.8353	3.64133	7.415	32.5296
1397862055.759	y	10.8374	3.64168	7.396	32.5312
1397862055.764	n	10.8396	3.64207	7.374	32.5332
1397862055.811	n	10.8414	3.64237	7.354	32.5346
1397862055.874	n	10.8422	3.64255	7.330	32.5356
1397862055.936	n	10.8431	3.64270	7.310	32.5364
1397862055.998	n	10.8440	3.64282	7.288	32.5367
1397862056.060	n	10.8431	3.64281	7.267	32.5375
1397862056.123	n	10.8387	3.64259	7.248	32.5392
1397862056.186	n	10.8316	3.64218	7.226	32.5414
1397862056.247	n	10.8241	3.64177	7.206	32.5439
1397862056.311	n	10.8187	3.64148	7.182	32.5460
1397862056.373	n	10.8171	3.64139	7.165	32.5464
1397862056.436	n	10.8202	3.64145	7.143	32.5443
1397862056.498	n	10.8273	3.64171	7.121	32.5406
1397862056.562	n	10.8362	3.64209	7.103	32.5365
1397862056.624	n	10.8441	3.64249	7.082	32.5335
1397862056.686	n	10.8482	3.64283	7.060	32.5332
1397862056.749	n	10.8475	3.64304	7.043	32.5359
1397862056.811	n	10.8443	3.64310	7.023	32.5394
1397862056.874	n	10.8419	3.64324	7.000	32.5429
1397862056.936	n	10.8417	3.64343	6.983	32.5450
1397862056.998	n	10.8430	3.64359	6.956	32.5454
1397862057.060	n	10.8437	3.64360	6.939	32.5449
1397862057.123	n	10.8380	3.64328	6.919	32.5468
1397862057.185	n	10.8264	3.64257	6.901	32.5501
1397862057.247	n	10.8173	3.64189	6.883	32.5514
1397862057.310	n	10.8175	3.64174	6.864	32.5498
1397862057.372	n	10.8279	3.64227	6.846	32.5458
1397862057.436	n	10.8445	3.64321	6.822	32.5404
1397862057.497	n	10.8574	3.64412	6.803	32.5379
1397862057.562	n	10.8609	3.64449	6.783	32.5385
1397862057.623	n	10.8580	3.64430	6.763	32.5392
1397862057.686	n	10.8534	3.64395	6.745	32.5399
1397862057.749	n	10.8507	3.64376	6.727	32.5404
1397862057.810	n	10.8520	3.64388	6.709	32.5403
1397862057.874	n	10.8566	3.64427	6.688	32.5402
1397862057.935	n	10.8625	3.64475	6.666	32.5398
1397862057.997	n	10.8690	3.64521	6.652	32.5386
1397862058.062	n	10.8763	3.64571	6.632	32.5370
1397862058.123	n	10.8846	3.64640	6.618	32.5366
1397862058.186	n	10.8937	3.64723	6.598	32.5367
1397862058.249	n	10.9027	3.64805	6.581	32.5368
1397862058.311	n	10.9096	3.64865	6.564	32.5367
1397862058.374	n	10.9139	3.64884	6.546	32.5348
1397862058.436	n	10.9165	3.64869	6.528	32.5309
1397862058.499	n	10.9178	3.64837	6.510	32.5266
1397862058.561	n	10.9172	3.64796	6.492	32.5231
1397862058.623	n	10.9145	3.64754	6.474	32.5213
1397862058.805	y	10.9089	3.64737	6.458	32.5246
1397862058.815	n	10.9006	3.64732	6.443	32.5314
1397862058.824	n	10.8914	3.64715	6.419	32.5379
1397862058.874	n	10.8842	3.64685	6.401	32.5414
1397862058.936	n	10.8803	3.64653	6.387	32.5418
1397862058.998	n	10.8788	3.64623	6.370	32.5401
1397862059.060	n	10.8769	3.64606	6.349	32.5401
1397862059.124	n	10.8719	3.64573	6.330	32.5413
1397862059.185	n	10.8632	3.64505	6.315	32.5422
1397862059.248	n	10.8528	3.64406	6.297	32.5417
1397862059.311	n	10.8433	3.64307	6.280	32.5403
1397862059.374	n	10.8372	3.64238	6.260	32.5389
1397862059.435	n	10.8345	3.64210	6.240	32.5384
1397862059.499	n	10.8340	3.64204	6.223	32.5384
1397862059.562	n	10.8342	3.64209	6.206	32.5387
1397862059.624	n	10.8342	3.64212	6.191	32.5390
1397862059.686	n	10.8335	3.64207	6.173	32.5391
1397862059.748	n	10.8321	3.64197	6.155	32.5394
1397862059.810	n	10.8304	3.64189	6.141	32.5400
1397862059.874	n	10.8291	3.64185	6.125	32.5408
1397862060.036	y	10.8285	3.64185	6.109	32.5413
1397862060.042	n	10.8286	3.64186	6.092	32.5414
1397862060.062	n	10.8291	3.64185	6.078	32.5408
1397862060.123	n	10.8295	3.64179	6.065	32.5399
1397862060.185	n	10.8294	3.64169	6.046	32.5390
1397862060.249	n	10.8289	3.64159	6.031	32.5384
1397862060.310	n	10.8278	3.64145	6.018	32.5381
1397862060.375	n	10.8263	3.64130	6.005	32.5379
1397862060.436	n	10.8249	3.64115	5.992	32.5377
1397862060.499	n	10.8236	3.64100	5.978	32.5373
1397862060.560	n	10.8226	3.64087	5.965	32.5370
1397862060.623	n	10.8218	3.64080	5.949	32.5370
1397862060.686	n	10.8211	3.64076	5.938	32.5372
1397862060.749	n	10.8206	3.64075	5.925	32.5376
1397862060.811	n	10.8205	3.64079	5.915	32.5380
1397862060.874	n	10.8208	3.64086	5.897	32.5385
1397862060.936	n	10.8212	3.64094	5.886	32.5389
1397862060.999	n	10.8222	3.64105	5.871	32.5391
1397862061.062	n	10.8232	3.64114	5.857	32.5392
1397862061.124	n	10.8243	3.64120	5.843	32.5388
1397862061.185	n	10.8254	3.64124	5.826	32.5382
1397862061.248	n	10.8261	3.64127	5.815	32.5378
1397862061.310	n	10.8266	3.64129	5.801	32.5377
1397862061.374	n	10.8266	3.64130	5.790	32.5378
1397862061.435	n	10.8259	3.64131	5.776	32.5384
1397862061.498	n	10.8249	3.64129	5.762	32.5391
1397862061.562	n	10.8242	3.64125	5.751	32.5395
1397862061.624	n	10.8241	3.64124	5.734	32.5393
1397862061.686	n	10.8247	3.64125	5.719	32.5389
1397862061.749	n	10.8256	3.64128	5.706	32.5384
1397862061.812	n	10.8264	3.64131	5.695	32.5380
1397862061.874	n	10.8268	3.64133	5.682	32.5380
1397862061.935	n	10.8272	3.64136	5.666	32.5379
1397862061.997	n	10.8283	3.64142	5.652	32.5375
1397862062.061	n	10.8302	3.64155	5.638	32.5371
1397862062.122	n	10.8325	3.64172	5.624	32.5367
1397862062.185	n	10.8348	3.64193	5.611	32.5368
1397862062.248	n	10.8370	3.64217	5.595	32.5372
1397862062.312	n	10.8387	3.64239	5.584	32.5378
1397862062.375	y	10.8404	3.64256	5.571	32.5382
1397862062.459	n	10.8416	3.64267	5.555	32.5381
1397862062.498	n	10.8427	3.64270	5.537	32.5374
1397862062.560	n	10.8443	3.64270	5.523	32.5360
1397862062.624	n	10.8457	3.64273	5.512	32.5351
1397862062.686	n	10.8462	3.64275	5.499	32.5349
1397862062.748	n	10.8455	3.64276	5.480	32.5355
1397862062.810	n	10.8437	3.64273	5.465	32.5369
1397862062.873	n	10.8426	3.64269	5.449	32.5375
1397862062.935	n	10.8466	3.64281	5.434	32.5351
1397862062.997	n	10.8557	3.64322	5.422	32.5312
1397862063.060	n	10.8688	3.64381	5.402	32.5254
1397862063.123	n	10.8831	3.64439	5.388	32.5184
1397862063.187	n	10.8935	3.64471	5.370	32.5123
1397862063.248	n	10.8964	3.64478	5.354	32.5105
1397862063.312	n	10.8953	3.64487	5.338	32.5124
1397862063.373	n	10.8929	3.64516	5.318	32.5174
1397862063.435	n	10.8920	3.64560	5.303	32.5226
1397862063.498	n	10.8928	3.64602	5.282	32.5260
1397862063.561	n	10.8948	3.64623	5.263	32.5263
1397862063.624	n	10.8981	3.64645	5.241	32.5256
1397862063.685	n	10.9044	3.64699	5.220	32.5254
1397862063.749	n	10.9130	3.64780	5.201	32.5258
1397862063.811	n	10.9216	3.64860	5.185	32.5261
1397862063.872	n	10.9282	3.64921	5.160	32.5263
1397862063.936	n	10.9323	3.64959	5.139	32.5265
1397862063.998	n	10.9348	3.64984	5.114	32.5267
1397862064.060	n	10.9360	3.65006	5.094	32.5278
1397862064.124	n	10.9354	3.65020	5.074	32.5297
1397862064.308	y	10.9333	3.65020	5.052	32.5316
1397862064.411	y	10.9303	3.65013	5.027	32.5336
1397862064.416	n	10.9272	3.65005	5.001	32.5356
1397862064.421	n	10.9240	3.64995	4.983	32.5375
1397862064.437	n	10.9208	3.64976	4.958	32.5384
1397862064.497	n	10.9180	3.64945	4.934	32.5378
1397862064.561	n	10.9160	3.64909	4.911	32.5359
1397862064.623	n	10.9157	3.64883	4.885	32.5337
1397862064.685	n	10.9184	3.64889	4.860	32.5319
1397862064.747	n	10.9245	3.64939	4.839	32.5314
1397862064.811	n	10.9331	3.65021	4.814	32.5320
1397862064.873	n	10.9415	3.65107	4.790	32.5331
1397862064.936	n	10.9478	3.65167	4.764	32.5335
1397862064.999	n	10.9515	3.65190	4.739	32.5325
1397862065.061	n	10.9531	3.65190	4.716	32.5311
1397862065.125	n	10.9522	3.65182	4.693	32.5310
1397862065.188	n	10.9465	3.65160	4.664	32.5339
1397862065.250	n	10.9351	3.65118	4.643	32.5399
1397862065.311	n	10.9191	3.65044	4.619	32.5467
1397862065.374	n	10.9027	3.64945	4.593	32.5516
1397862065.436	n	10.8909	3.64847	4.569	32.5523
1397862065.497	n	10.8870	3.64778	4.544	32.5489
1397862065.562	n	10.8920	3.64742	4.519	32.5410
1397862065.624	n	10.9046	3.64760	4.496	32.5315
1397862065.686	n	10.9206	3.64824	4.474	32.5238
1397862065.748	n	10.9357	3.64921	4.449	32.5199
1397862065.810	n	10.9470	3.65026	4.427	32.5203
1397862065.873	n	10.9533	3.65121	4.402	32.5242
1397862065.935	n	10.9561	3.65184	4.381	32.5279
1397862065.999	n	10.9575	3.65222	4.354	32.5305
1397862066.061	n	10.9584	3.65242	4.332	32.5317
1397862066.125	y	10.9591	3.65254	4.308	32.5322
1397862066.185	n	10.9596	3.65262	4.286	32.5326
1397862066.248	n	10.9598	3.65266	4.260	32.5328
1397862066.311	n	10.9597	3.65264	4.239	32.5327
1397862066.374	n	10.9596	3.65261	4.213	32.5326
1397862066.435	n	10.9594	3.65259	4.190	32.5325
1397862066.498	n	10.9595	3.65259	4.169	32.5324
1397862066.560	n	10.9595	3.65260	4.146	32.5325
1397862066.626	n	10.9596	3.65261	4.123	32.5326
1397862066.686	n	10.9596	3.65262	4.103	32.5327
1397862066.748	n	10.9597	3.65264	4.079	32.5327
1397862066.810	n	10.9598	3.65266	4.059	32.5329
1397862066.874	n	10.9599	3.65268	4.041	32.5331
1397862066.935	n	10.9598	3.65270	4.017	32.5333
1397862066.999	n	10.9598	3.65272	3.997	32.5335
1397862067.062	n	10.9598	3.65273	3.978	32.5337
1397862067.123	n	10.9597	3.65273	3.958	32.5337
1397862067.186	n	10.9595	3.65271	3.940	32.5337
1397862067.249	n	10.9593	3.65268	3.920	32.5336
1397862067.313	n	10.9590	3.65266	3.904	32.5336
1397862067.375	n	10.9588	3.65265	3.886	32.5338
1397862067.435	n	10.9586	3.65265	3.870	32.5339
1397862067.499	n	10.9584	3.65262	3.856	32.5339
1397862067.562	n	10.9581	3.65260	3.841	32.5339
1397862067.624	n	10.9581	3.65260	3.831	32.5339
1397862067.685	n	10.9584	3.65262	3.815	32.5338
1397862067.748	n	10.9591	3.65266	3.802	32.5336
1397862067.811	n	10.9599	3.65269	3.790	32.5332
1397862067.875	n	10.9607	3.65270	3.780	32.5326
1397862067.936	n	10.9614	3.65272	3.768	32.5322
1397862068.000	n	10.9621	3.65275	3.755	32.5319
1397862068.060	n	10.9626	3.65278	3.741	32.5318
1397862068.124	n	10.9629	3.65281	3.731	32.5318
1397862068.187	n	10.9629	3.65282	3.722	32.5319
1397862068.249	n	10.9626	3.65283	3.710	32.5323
1397862068.312	n	10.9621	3.65285	3.696	32.5329
1397862068.373	n	10.9618	3.65285	3.684	32.5332
1397862068.569	y	10.9618	3.65285	3.672	32.5332
1397862068.576	n	10.9620	3.65285	3.661	32.5330
1397862068.582	n	10.9624	3.65287	3.651	32.5328
1397862068.625	n	10.9627	3.65289	3.641	32.5328
1397862068.688	n	10.9629	3.65291	3.635	32.5328
1397862068.747	n	10.9630	3.65292	3.623	32.5329
1397862068.812	n	10.9629	3.65291	3.613	32.5328
1397862068.874	n	10.9628	3.65290	3.602	32.5329
1397862068.935	n	10.9627	3.65290	3.594	32.5329
1397862068.997	n	10.9628	3.65289	3.583	32.5328
1397862069.062	n	10.9628	3.65289	3.574	32.5327
1397862069.123	n	10.9629	3.65288	3.570	32.5326
1397862069.186	n	10.9628	3.65287	3.554	32.5325
1397862069.249	n	10.9628	3.65287	3.544	32.5325
1397862069.311	n	10.9627	3.65287	3.536	32.5326
1397862069.375	n	10.9626	3.65287	3.527	32.5327
1397862069.436	n	10.9625	3.65286	3.518	32.5328
1397862069.499	n	10.9625	3.65286	3.505	32.5327
1397862069.560	n	10.9626	3.65286	3.495	32.5326
1397862069.623	n	10.9628	3.65286	3.485	32.5325
1397862069.686	y	10.9629	3.65285	3.477	32.5323
1397862069.748	n	10.9629	3.65285	3.468	32.5323
1397862069.813	n	10.9628	3.65283	3.463	32.5322
1397862069.873	n	10.9627	3.65282	3.457	32.5322
1397862069.936	n	10.9626	3.65281	3.450	32.5322
1397862069.999	n	10.9626	3.65280	3.443	32.5321
1397862070.062	n	10.9625	3.65280	3.440	32.5321
1397862070.123	n	10.9623	3.65278	3.436	32.5322
1397862070.186	n	10.9620	3.65277	3.432	32.5324
1397862070.248	n	10.9617	3.65276	3.425	32.5326
1397862070.310	n	10.9614	3.65275	3.424	32.5327
1397862070.374	n	10.9613	3.65273	3.422	32.5325
1397862070.437	n	10.9613	3.65270	3.418	32.5322
1397862070.497	n	10.9613	3.65267	3.413	32.5319
1397862070.562	n	10.9612	3.65265	3.409	32.5318
1397862070.625	n	10.9609	3.65263	3.407	32.5318
1397862070.685	n	10.9607	3.65262	3.403	32.5320
1397862070.748	n	10.9604	3.65261	3.399	32.5321
1397862070.812	n	10.9603	3.65261	3.395	32.5322
1397862070.875	n	10.9602	3.65257	3.394	32.5319
1397862070.936	n	10.9598	3.65245	3.385	32.5311
1397862070.998	n	10.9585	3.65223	3.381	32.5301
1397862071.062	n	10.9565	3.65196	3.374	32.5292
1397862071.123	n	10.9547	3.65167	3.370	32.5279
1397862071.185	n	10.9534	3.65131	3.368	32.5255
1397862071.247	n	10.9531	3.65089	3.362	32.5216
1397862071.310	n	10.9539	3.65060	3.356	32.5180
1397862071.374	n	10.9554	3.65060	3.350	32.5168
1397862071.435	n	10.9572	3.65094	3.346	32.5184
1397862071.499	n	10.9593	3.65152	3.339	32.5224
1397862071.561	n	10.9608	3.65207	3.328	32.5265
1397862071.624	n	10.9616	3.65241	3.323	32.5291
1397862071.685	n	10.9619	3.65259	3.315	32.5307
1397862071.747	n	10.9620	3.65267	3.306	32.5314
1397862071.812	n	10.9621	3.65271	3.300	32.5317
1397862071.873	n	10.9622	3.65272	3.293	32.5317
1397862071.935	n	10.9623	3.65272	3.284	32.5317
1397862071.999	n	10.9622	3.65271	3.267	32.5316
1397862072.060	n	10.9620	3.65270	3.254	32.5317
1397862072.124	n	10.9619	3.65270	3.243	32.5318
1397862072.185	n	10.9620	3.65271	3.233	32.5318
1397862072.248	n	10.9623	3.65273	3.219	32.5318
1397862072.310	n	10.9626	3.65274	3.204	32.5316
1397862072.372	n	10.9627	3.65274	3.193	32.5314
1397862072.435	n	10.9627	3.65273	3.178	32.5314
1397862072.498	n	10.9626	3.65273	3.164	32.5315
1397862072.560	n	10.9625	3.65273	3.149	32.5317
1397862072.623	n	10.9624	3.65274	3.137	32.5317
1397862072.841	y	10.9624	3.65273	3.125	32.5317
1397862072.847	n	10.9625	3.65274	3.113	32.5317
1397862072.853	n	10.9625	3.65274	3.097	32.5317
1397862072.873	n	10.9626	3.65274	3.092	32.5316
1397862072.936	n	10.9626	3.65274	3.077	32.5316
1397862072.998	n	10.9626	3.65273	3.067	32.5316
1397862073.062	n	10.9623	3.65272	3.058	32.5317
1397862073.123	n	10.9618	3.65270	3.047	32.5320
1397862073.185	n	10.9610	3.65267	3.038	32.5323
1397862073.249	n	10.9601	3.65262	3.026	32.5327
1397862073.313	n	10.9594	3.65257	3.011	32.5328
1397862073.373	y	10.9589	3.65252	2.998	32.5328
1397862073.436	n	10.9586	3.65248	2.988	32.5326
1397862073.498	n	10.9585	3.65244	2.978	32.5324
1397862073.560	n	10.9585	3.65243	2.965	32.5323
1397862073.622	n	10.9588	3.65245	2.949	32.5322
1397862073.685	n	10.9593	3.65248	2.937	32.5320
1397862073.748	n	10.9599	3.65251	2.929	32.5318
1397862073.812	n	10.9604	3.65254	2.918	32.5317
1397862073.873	n	10.9607	3.65256	2.901	32.5316
1397862073.936	n	10.9608	3.65257	2.889	32.5316
1397862073.998	n	10.9610	3.65260	2.874	32.5318
1397862074.061	n	10.9611	3.65261	2.859	32.5318
1397862074.123	n	10.9613	3.65262	2.845	32.5318
1397862074.186	n	10.9613	3.65262	2.831	32.5317
1397862074.248	n	10.9612	3.65261	2.817	32.5317
1397862074.311	n	10.9610	3.65259	2.799	32.5317
1397862074.374	n	10.9608	3.65259	2.781	32.5318
1397862074.437	n	10.9609	3.65260	2.768	32.5319
1397862074.498	n	10.9612	3.65262	2.752	32.5319
1397862074.560	n	10.9615	3.65265	2.730	32.5318
1397862074.623	n	10.9618	3.65267	2.712	32.5318
1397862074.685	n	10.9621	3.65269	2.695	32.5318
1397862074.748	n	10.9623	3.65270	2.678	32.5317
1397862074.812	n	10.9624	3.65270	2.660	32.5316
1397862074.874	n	10.9625	3.65270	2.642	32.5315
1397862074.936	n	10.9625	3.65268	2.628	32.5313
1397862074.999	n	10.9625	3.65267	2.611	32.5313
1397862075.061	n	10.9623	3.65266	2.592	32.5313
1397862075.125	n	10.9622	3.65263	2.576	32.5311
1397862075.185	n	10.9622	3.65262	2.560	32.5310
1397862075.248	n	10.9623	3.65261	2.542	32.5308
1397862075.311	n	10.9626	3.65262	2.524	32.5307
1397862075.374	n	10.9630	3.65266	2.508	32.5308
1397862075.435	n	10.9632	3.65269	2.487	32.5309
1397862075.498	n	10.9633	3.65271	2.468	32.5310
1397862075.561	n	10.9634	3.65273	2.450	32.5311
1397862075.626	n	10.9633	3.65274	2.429	32.5313
1397862075.686	n	10.9631	3.65273	2.412	32.5314
1397862075.747	n	10.9629	3.65273	2.391	32.5315
1397862075.813	n	10.9629	3.65273	2.370	32.5316
1397862075.874	n	10.9630	3.65272	2.348	32.5314
1397862075.936	n	10.9633	3.65273	2.324	32.5312
1397862075.998	n	10.9638	3.65276	2.307	32.5311
1397862076.061	n	10.9641	3.65279	2.287	32.5311
1397862076.124	n	10.9642	3.65280	2.259	32.5312
1397862076.185	n	10.9639	3.65278	2.236	32.5312
1397862076.248	n	10.9635	3.65275	2.217	32.5313
1397862076.311	n	10.9631	3.65270	2.191	32.5312
1397862076.373	n	10.9626	3.65267	2.164	32.5313
1397862076.435	n	10.9622	3.65262	2.140	32.5313
1397862076.498	n	10.9617	3.65258	2.118	32.5313
1397862076.560	n	10.9613	3.65253	2.094	32.5311
1397862076.626	n	10.9610	3.65250	2.069	32.5311
1397862076.686	n	10.9609	3.65248	2.041	32.5310
1397862076.748	n	10.9608	3.65248	2.014	32.5311
1397862076.811	n	10.9606	3.65247	1.994	32.5311
1397862076.872	n	10.9605	3.65246	1.972	32.5312
1397862077.096	y	10.9603	3.65245	1.949	32.5312
1397862077.180	y	10.9602	3.65244	1.925	32.5313
1397862077.187	n	10.9600	3.65244	1.902	32.5314
1397862077.193	n	10.9599	3.65244	1.884	32.5316
1397862077.198	n	10.9599	3.65245	1.864	32.5318
1397862077.248	n	10.9600	3.65247	1.843	32.5318
1397862077.313	n	10.9602	3.65248	1.828	32.5317
1397862077.373	n	10.9605	3.65248	1.809	32.5315
1397862077.435	n	10.9607	3.65249	1.794	32.5314
1397862077.498	n	10.9607	3.65249	1.778	32.5314
1397862077.561	n	10.9606	3.65248	1.762	32.5314
1397862077.626	n	10.9606	3.65249	1.749	32.5314
1397862077.687	n	10.9608	3.65249	1.730	32.5313
1397862077.749	n	10.9608	3.65248	1.716	32.5312
1397862077.812	n	10.9608	3.65247	1.699	32.5311
1397862077.873	n	10.9604	3.65243	1.683	32.5312
1397862077.936	n	10.9599	3.65240	1.667	32.5312
1397862078.078	y	10.9594	3.65234	1.655	32.5311
1397862078.084	n	10.9591	3.65229	1.635	32.5310
1397862078.124	n	10.9588	3.65226	1.617	32.5309
1397862078.186	n	10.9586	3.65224	1.599	32.5309
1397862078.248	n	10.9585	3.65224	1.575	32.5310
1397862078.311	n	10.9583	3.65224	1.555	32.5312
1397862078.375	n	10.9583	3.65225	1.533	32.5312
1397862078.436	n	10.9584	3.65227	1.511	32.5313
1397862078.498	n	10.9586	3.65229	1.485	32.5314
1397862078.561	n	10.9588	3.65230	1.463	32.5314
1397862078.626	n	10.9590	3.65230	1.438	32.5312
1397862078.686	n	10.9592	3.65229	1.413	32.5309
1397862078.749	n	10.9595	3.65229	1.389	32.5307
1397862078.811	n	10.9597	3.65230	1.364	32.5306
1397862078.875	n	10.9598	3.65232	1.342	32.5307
1397862078.935	n	10.9597	3.65232	1.317	32.5308
1397862078.997	n	10.9595	3.65230	1.298	32.5308
1397862079.062	n	10.9592	3.65227	1.274	32.5307
1397862079.123	n	10.9588	3.65222	1.256	32.5307
1397862079.185	n	10.9585	3.65220	1.236	32.5307
1397862079.248	n	10.9586	3.65221	1.215	32.5307
1397862079.310	n	10.9592	3.65224	1.201	32.5306
1397862079.374	n	10.9598	3.65229	1.181	32.5304
1397862079.437	n	10.9603	3.65232	1.164	32.5303
1397862079.497	n	10.9604	3.65232	1.147	32.5302
1397862079.562	n	10.9601	3.65230	1.131	32.5303
1397862079.627	n	10.9598	3.65228	1.117	32.5304
1397862079.685	n	10.9596	3.65227	1.101	32.5305
1397862079.748	n	10.9596	3.65228	1.083	32.5306
1397862079.811	n	10.9597	3.65229	1.070	32.5306
1397862079.874	n	10.9598	3.65231	1.054	32.5307
1397862079.935	n	10.9599	3.65230	1.037	32.5306
1397862079.999	n	10.9598	3.65228	1.024	32.5305
1397862080.063	n	10.9597	3.65227	1.009	32.5304
1397862080.124	n	10.9598	3.65227	1.000	32.5304
1397862080.187	n	10.9599	3.65227	0.984	32.5303
1397862080.248	n	10.9600	3.65228	0.972	32.5303
1397862080.312	n	10.9601	3.65229	0.961	32.5303
1397862080.374	n	10.9601	3.65229	0.950	32.5303
1397862080.436	n	10.9601	3.65229	0.940	32.5303
1397862080.499	n	10.9600	3.65229	0.930	32.5304
1397862080.562	n	10.9598	3.65229	0.919	32.5305
1397862080.624	y	10.9597	3.65229	0.907	32.5307
1397862080.695	n	10.9597	3.65230	0.898	32.5308
1397862080.750	n	10.9596	3.65230	0.887	32.5309
1397862080.810	n	10.9596	3.65230	0.879	32.5309
1397862080.876	n	10.9596	3.65231	0.869	32.5310
1397862080.936	n	10.9597	3.65232	0.861	32.5310
1397862080.998	n	10.9598	3.65233	0.858	32.5310
1397862081.062	n	10.9599	3.65233	0.848	32.5310
1397862081.123	n	10.9599	3.65233	0.837	32.5309
1397862081.326	y	10.9599	3.65233	0.834	32.5309
1397862081.332	n	10.9598	3.65231	0.825	32.5308
1397862081.338	n	10.9598	3.65230	0.818	32.5308
1397862081.375	n	10.9597	3.65228	0.808	32.5306
1397862081.435	n	10.9595	3.65224	0.799	32.5304
1397862081.499	n	10.9591	3.65219	0.787	32.5303
1397862081.562	n	10.9587	3.65216	0.776	32.5304
1397862081.627	n	10.9584	3.65215	0.764	32.5305
1397862081.685	n	10.9584	3.65216	0.752	32.5306
1397862081.748	n	10.9588	3.65218	0.733	32.5305
1397862081.810	n	10.9594	3.65220	0.720	32.5302
1397862081.872	n	10.9601	3.65222	0.704	32.5298
1397862081.936	n	10.9607	3.65224	0.689	32.5293
1397862081.999	n	10.9611	3.65224	0.674	32.5290
1397862082.066	n	10.9611	3.65222	0.661	32.5288
1397862082.124	n	10.9610	3.65217	0.648	32.5285
1397862082.186	n	10.9607	3.65214	0.635	32.5284
1397862082.247	n	10.9603	3.65209	0.625	32.5283
1397862082.312	n	10.9600	3.65205	0.612	32.5281
1397862082.373	n	10.9597	3.65202	0.599	32.5282
1397862082.436	n	10.9592	3.65203	0.592	32.5286
1397862082.499	n	10.9586	3.65203	0.584	32.5293
1397862082.560	n	10.9580	3.65206	0.572	32.5300
