Source File: D:\Storage\Programs\OOI\Group 5\Correspondence\07_18_14 sample files\files\11094594.PPB
Processed: 07/18/2014 12:27:43
Using Version: 1.11
Device: CTD
Start Date: 04/19/2014
Timestamp (s)	Suspect Timestamp	Temperature	Conductivity	Pressure	Salinity
1397905281.682	y	9.9425	3.59475	23.609	32.8576
1397905281.747	n	9.9425	3.59475	23.581	32.8576
1397905281.808	n	9.9427	3.59479	23.561	32.8578
1397905281.872	n	9.9425	3.59475	23.609	32.8576
1397905281.933	n	9.9427	3.59475	23.581	32.8574
1397905281.999	n	9.9427	3.59470	23.519	32.8569
1397905282.059	n	9.9426	3.59475	23.505	32.8575
1397905282.122	n	9.9427	3.59477	23.561	32.8576
1397905282.187	n	9.9427	3.59477	23.546	32.8576
1397905282.247	n	9.9426	3.59476	23.534	32.8575
1397905282.311	n	9.9426	3.59474	23.519	32.8574
1397905282.374	n	9.9426	3.59472	23.505	32.8572
1397905282.435	n	9.9426	3.59472	23.491	32.8572
1397905282.500	n	9.9426	3.59472	23.475	32.8573
1397905282.563	n	9.9426	3.59472	23.458	32.8573
1397905282.622	n	9.9426	3.59473	23.445	32.8573
1397905282.684	n	9.9426	3.59474	23.437	32.8574
1397905282.748	n	9.9426	3.59473	23.419	32.8573
1397905282.811	n	9.9426	3.59473	23.400	32.8573
1397905282.875	n	9.9426	3.59474	23.390	32.8574
1397905282.936	n	9.9426	3.59473	23.375	32.8574
1397905282.999	n	9.9425	3.59472	23.363	32.8573
1397905283.060	n	9.9426	3.59472	23.347	32.8573
1397905283.122	n	9.9426	3.59471	23.331	32.8571
1397905283.187	n	9.9426	3.59470	23.320	32.8571
1397905283.989	n	9.9426	3.59470	23.308	32.8571
1397905284.009	n	9.9425	3.59470	23.291	32.8571
1397905284.031	n	9.9425	3.59471	23.277	32.8572
1397905284.042	n	9.9425	3.59471	23.262	32.8573
1397905284.050	n	9.9425	3.59471	23.247	32.8574
1397905284.058	n	9.9424	3.59471	23.235	32.8574
1397905284.065	n	9.9424	3.59471	23.225	32.8574
1397905284.072	n	9.9424	3.59471	23.206	32.8574
1397905284.078	n	9.9424	3.59471	23.196	32.8574
1397905284.085	n	9.9424	3.59471	23.180	32.8575
1397905284.092	n	9.9424	3.59471	23.164	32.8575
1397905284.098	n	9.9424	3.59471	23.157	32.8574
1397905284.105	n	9.9423	3.59471	23.144	32.8575
1397905284.111	n	9.9423	3.59471	23.132	32.8575
1397905284.123	n	9.9423	3.59471	23.117	32.8575
1397905284.187	n	9.9424	3.59471	23.104	32.8575
1397905284.249	n	9.9424	3.59471	23.094	32.8574
1397905284.313	n	9.9424	3.59470	23.083	32.8574
1397905284.373	n	9.9424	3.59470	23.073	32.8574
1397905284.434	n	9.9423	3.59470	23.060	32.8574
1397905284.499	n	9.9424	3.59470	23.050	32.8574
1397905284.563	n	9.9424	3.59470	23.040	32.8574
1397905284.624	n	9.9424	3.59470	23.032	32.8574
1397905284.685	n	9.9424	3.59469	23.024	32.8573
1397905284.749	n	9.9424	3.59469	23.015	32.8573
1397905284.810	n	9.9423	3.59468	23.001	32.8572
1397905284.872	n	9.9423	3.59467	22.990	32.8571
1397905284.936	n	9.9423	3.59466	22.981	32.8571
1397905284.997	n	9.9423	3.59466	22.972	32.8571
1397905285.060	n	9.9423	3.59467	22.966	32.8572
1397905285.124	n	9.9423	3.59468	22.958	32.8573
1397905285.185	n	9.9423	3.59469	22.949	32.8574
1397905285.262	n	9.9423	3.59470	22.945	32.8575
1397905285.312	n	9.9423	3.59470	22.936	32.8575
1397905285.373	n	9.9423	3.59469	22.928	32.8575
1397905285.435	n	9.9423	3.59469	22.922	32.8574
1397905285.499	n	9.9423	3.59468	22.914	32.8573
1397905285.560	n	9.9423	3.59468	22.907	32.8573
1397905285.623	n	9.9423	3.59468	22.901	32.8573
1397905285.684	n	9.9423	3.59469	22.895	32.8574
1397905285.749	n	9.9423	3.59469	22.889	32.8575
1397905285.812	n	9.9423	3.59469	22.884	32.8574
1397905285.874	n	9.9424	3.59469	22.880	32.8574
1397905285.937	n	9.9424	3.59469	22.873	32.8574
1397905285.998	n	9.9424	3.59469	22.869	32.8574
1397905286.062	n	9.9423	3.59469	22.866	32.8574
1397905286.124	n	9.9423	3.59470	22.861	32.8576
1397905286.187	n	9.9422	3.59470	22.859	32.8576
1397905286.256	n	9.9422	3.59470	22.856	32.8576
1397905286.312	n	9.9423	3.59470	22.857	32.8576
1397905286.374	n	9.9423	3.59470	22.856	32.8576
1397905286.437	n	9.9423	3.59469	22.851	32.8575
1397905286.501	n	9.9423	3.59469	22.854	32.8575
1397905286.561	n	9.9422	3.59468	22.852	32.8574
1397905286.622	n	9.9423	3.59468	22.855	32.8574
1397905286.685	n	9.9423	3.59468	22.853	32.8574
1397905286.749	n	9.9423	3.59469	22.855	32.8574
1397905286.810	n	9.9423	3.59469	22.858	32.8574
1397905286.874	n	9.9423	3.59469	22.861	32.8574
1397905286.936	n	9.9424	3.59469	22.862	32.8574
1397905286.997	n	9.9424	3.59469	22.868	32.8574
1397905287.061	n	9.9424	3.59469	22.868	32.8573
1397905287.124	n	9.9424	3.59469	22.875	32.8573
1397905287.187	n	9.9424	3.59468	22.875	32.8572
1397905287.257	n	9.9425	3.59468	22.876	32.8572
1397905287.311	y	9.9425	3.59467	22.882	32.8571
1397905287.385	n	9.9425	3.59467	22.888	32.8571
1397905287.435	n	9.9425	3.59467	22.893	32.8571
1397905287.499	n	9.9425	3.59468	22.898	32.8571
1397905287.695	y	9.9425	3.59468	22.903	32.8571
1397905287.705	n	9.9425	3.59469	22.908	32.8572
1397905287.713	n	9.9426	3.59469	22.914	32.8572
1397905287.748	n	9.9426	3.59470	22.921	32.8573
1397905287.809	n	9.9426	3.59470	22.930	32.8573
1397905287.873	n	9.9425	3.59470	22.940	32.8573
1397905287.935	n	9.9425	3.59469	22.949	32.8572
1397905287.998	n	9.9425	3.59469	22.955	32.8572
1397905288.060	n	9.9425	3.59469	22.968	32.8572
1397905288.123	n	9.9425	3.59470	22.976	32.8573
1397905288.185	n	9.9425	3.59471	22.985	32.8574
1397905288.250	n	9.9425	3.59472	22.996	32.8576
1397905288.311	n	9.9425	3.59471	23.012	32.8575
1397905288.373	n	9.9425	3.59470	23.020	32.8573
1397905288.436	n	9.9425	3.59469	23.032	32.8572
1397905288.500	n	9.9425	3.59468	23.042	32.8570
1397905288.560	n	9.9426	3.59468	23.053	32.8570
1397905288.623	n	9.9427	3.59469	23.068	32.8571
1397905288.688	n	9.9428	3.59471	23.083	32.8571
1397905288.752	n	9.9428	3.59472	23.095	32.8572
1397905288.809	n	9.9429	3.59472	23.106	32.8571
1397905288.872	n	9.9430	3.59471	23.120	32.8569
1397905288.936	n	9.9431	3.59469	23.137	32.8567
1397905288.997	n	9.9432	3.59469	23.150	32.8565
1397905289.061	n	9.9432	3.59469	23.161	32.8565
1397905289.123	n	9.9432	3.59469	23.177	32.8565
1397905289.187	n	9.9432	3.59469	23.196	32.8564
1397905289.250	n	9.9433	3.59469	23.211	32.8564
1397905289.311	n	9.9433	3.59469	23.229	32.8564
1397905289.374	n	9.9432	3.59469	23.244	32.8565
1397905289.437	n	9.9432	3.59471	23.255	32.8566
1397905289.502	n	9.9433	3.59471	23.272	32.8566
1397905289.560	n	9.9433	3.59471	23.289	32.8566
1397905289.624	n	9.9433	3.59471	23.302	32.8566
1397905289.686	n	9.9433	3.59471	23.323	32.8565
1397905289.748	n	9.9434	3.59470	23.338	32.8564
1397905289.812	n	9.9433	3.59470	23.356	32.8564
1397905289.872	n	9.9433	3.59470	23.371	32.8564
1397905289.934	n	9.9434	3.59471	23.388	32.8564
1397905289.999	n	9.9434	3.59471	23.404	32.8565
1397905290.061	n	9.9434	3.59472	23.423	32.8565
1397905290.123	n	9.9434	3.59472	23.441	32.8565
1397905290.188	n	9.9434	3.59472	23.455	32.8565
1397905290.249	n	9.9434	3.59471	23.473	32.8564
1397905290.310	n	9.9434	3.59471	23.492	32.8564
1397905290.374	n	9.9434	3.59471	23.507	32.8564
1397905290.435	n	9.9434	3.59471	23.524	32.8564
1397905290.497	n	9.9435	3.59472	23.540	32.8564
1397905290.559	n	9.9435	3.59472	23.553	32.8564
1397905290.622	n	9.9435	3.59472	23.570	32.8564
1397905290.686	n	9.9435	3.59474	23.588	32.8565
1397905290.749	n	9.9435	3.59474	23.601	32.8566
1397905290.842	n	9.9435	3.59474	23.622	32.8565
1397905290.873	n	9.9436	3.59473	23.634	32.8563
1397905290.935	n	9.9436	3.59472	23.648	32.8562
1397905290.997	y	9.9436	3.59471	23.663	32.8562
1397905291.060	n	9.9435	3.59472	23.677	32.8563
1397905291.124	n	9.9435	3.59472	23.687	32.8563
1397905291.187	n	9.9435	3.59473	23.706	32.8564
1397905291.247	n	9.9436	3.59473	23.720	32.8563
1397905291.325	n	9.9436	3.59472	23.730	32.8562
1397905291.372	y	9.9436	3.59471	23.745	32.8561
1397905291.436	n	9.9436	3.59472	23.755	32.8561
1397905291.498	n	9.9436	3.59472	23.765	32.8562
1397905291.561	n	9.9436	3.59473	23.777	32.8563
1397905291.622	n	9.9437	3.59474	23.786	32.8563
1397905291.685	n	9.9437	3.59473	23.798	32.8562
1397905291.749	n	9.9437	3.59472	23.807	32.8560
1397905292.015	y	9.9438	3.59472	23.815	32.8560
1397905292.025	n	9.9437	3.59472	23.822	32.8560
1397905292.030	n	9.9437	3.59473	23.833	32.8562
1397905292.050	n	9.9437	3.59474	23.839	32.8563
1397905292.060	n	9.9436	3.59475	23.846	32.8564
1397905292.122	n	9.9436	3.59475	23.854	32.8564
1397905292.185	n	9.9436	3.59474	23.858	32.8563
1397905292.249	n	9.9437	3.59473	23.862	32.8562
1397905292.310	n	9.9437	3.59472	23.866	32.8561
1397905292.374	n	9.9437	3.59472	23.870	32.8560
1397905292.435	n	9.9437	3.59472	23.874	32.8561
1397905292.498	n	9.9436	3.59473	23.878	32.8561
1397905292.636	n	9.9436	3.59473	23.881	32.8562
1397905292.641	n	9.9436	3.59472	23.882	32.8561
1397905292.686	n	9.9436	3.59471	23.885	32.8560
1397905292.747	n	9.9437	3.59470	23.884	32.8559
1397905292.811	n	9.9437	3.59471	23.882	32.8559
1397905292.872	n	9.9437	3.59472	23.879	32.8560
1397905292.935	n	9.9437	3.59473	23.879	32.8562
1397905292.999	n	9.9437	3.59474	23.875	32.8563
1397905293.060	n	9.9436	3.59475	23.876	32.8564
1397905293.122	n	9.9437	3.59475	23.872	32.8564
1397905293.186	n	9.9437	3.59474	23.866	32.8563
1397905293.247	n	9.9437	3.59474	23.863	32.8562
1397905293.310	n	9.9437	3.59473	23.858	32.8562
1397905293.373	n	9.9437	3.59473	23.853	32.8561
1397905293.435	n	9.9437	3.59473	23.849	32.8561
1397905293.499	n	9.9438	3.59474	23.834	32.8562
1397905293.561	n	9.9438	3.59473	23.826	32.8561
1397905293.623	n	9.9438	3.59473	23.825	32.8561
1397905293.685	n	9.9437	3.59472	23.815	32.8561
1397905293.750	n	9.9437	3.59472	23.807	32.8561
1397905293.811	n	9.9437	3.59472	23.798	32.8561
1397905293.874	n	9.9437	3.59472	23.787	32.8561
1397905293.936	n	9.9436	3.59471	23.778	32.8560
1397905293.998	n	9.9436	3.59471	23.764	32.8560
1397905294.061	n	9.9436	3.59471	23.755	32.8561
1397905294.122	n	9.9436	3.59471	23.743	32.8561
1397905294.187	n	9.9436	3.59472	23.730	32.8562
1397905294.248	n	9.9436	3.59472	23.712	32.8562
1397905294.311	n	9.9436	3.59472	23.700	32.8562
1397905294.373	n	9.9436	3.59473	23.685	32.8563
1397905294.435	n	9.9436	3.59474	23.666	32.8564
1397905294.498	n	9.9436	3.59474	23.650	32.8565
1397905294.562	n	9.9436	3.59474	23.634	32.8565
1397905294.623	y	9.9436	3.59473	23.619	32.8564
1397905294.685	n	9.9436	3.59473	23.603	32.8563
1397905294.747	n	9.9435	3.59472	23.584	32.8563
1397905294.810	n	9.9435	3.59471	23.564	32.8563
1397905294.873	n	9.9435	3.59471	23.546	32.8562
1397905294.935	n	9.9435	3.59471	23.527	32.8562
1397905294.998	n	9.9435	3.59471	23.507	32.8562
1397905295.060	n	9.9435	3.59472	23.485	32.8563
1397905295.123	n	9.9436	3.59473	23.462	32.8564
1397905295.187	n	9.9436	3.59473	23.441	32.8564
1397905295.248	n	9.9436	3.59474	23.421	32.8565
1397905295.310	n	9.9436	3.59473	23.400	32.8564
1397905295.372	n	9.9436	3.59473	23.375	32.8564
1397905295.435	n	9.9435	3.59472	23.351	32.8564
1397905295.500	n	9.9435	3.59471	23.326	32.8563
1397905295.560	n	9.9435	3.59470	23.301	32.8563
1397905295.622	n	9.9435	3.59470	23.279	32.8563
1397905295.685	n	9.9435	3.59470	23.252	32.8563
1397905295.748	n	9.9435	3.59470	23.227	32.8563
1397905295.810	n	9.9435	3.59470	23.201	32.8563
1397905295.872	n	9.9435	3.59470	23.175	32.8563
1397905295.935	n	9.9436	3.59470	23.150	32.8563
1397905295.998	n	9.9436	3.59470	23.126	32.8563
1397905296.177	y	9.9436	3.59469	23.096	32.8562
1397905296.182	n	9.9436	3.59469	23.068	32.8562
1397905296.188	n	9.9435	3.59469	23.038	32.8562
1397905296.248	n	9.9435	3.59469	23.010	32.8563
1397905296.310	n	9.9435	3.59469	22.981	32.8563
1397905296.373	n	9.9435	3.59469	22.955	32.8563
1397905296.435	n	9.9435	3.59468	22.928	32.8562
1397905296.497	n	9.9435	3.59468	22.896	32.8562
1397905296.560	n	9.9435	3.59468	22.868	32.8563
1397905296.623	n	9.9434	3.59469	22.837	32.8564
1397905296.684	n	9.9434	3.59469	22.811	32.8565
1397905296.749	n	9.9434	3.59469	22.780	32.8565
1397905296.810	n	9.9434	3.59469	22.749	32.8565
1397905296.872	n	9.9434	3.59469	22.715	32.8565
1397905296.936	n	9.9434	3.59468	22.690	32.8564
1397905296.998	n	9.9434	3.59468	22.656	32.8564
1397905297.060	n	9.9434	3.59469	22.626	32.8565
1397905297.123	n	9.9434	3.59468	22.596	32.8565
1397905297.187	n	9.9434	3.59468	22.568	32.8564
1397905297.248	n	9.9435	3.59467	22.536	32.8563
1397905297.309	n	9.9435	3.59466	22.506	32.8562
1397905297.373	n	9.9435	3.59465	22.472	32.8561
1397905297.435	n	9.9434	3.59465	22.447	32.8562
1397905297.498	n	9.9434	3.59465	22.414	32.8562
1397905297.559	n	9.9435	3.59466	22.383	32.8563
1397905297.622	n	9.9435	3.59467	22.353	32.8564
1397905297.686	n	9.9435	3.59468	22.320	32.8565
1397905297.747	n	9.9435	3.59467	22.291	32.8565
1397905297.810	n	9.9434	3.59467	22.261	32.8565
1397905297.873	n	9.9434	3.59467	22.230	32.8566
1397905297.936	n	9.9434	3.59467	22.199	32.8565
1397905297.999	n	9.9434	3.59467	22.171	32.8565
1397905298.060	n	9.9434	3.59466	22.141	32.8564
1397905298.122	n	9.9434	3.59465	22.114	32.8564
1397905298.186	n	9.9435	3.59465	22.086	32.8563
1397905298.304	y	9.9435	3.59465	22.057	32.8564
1397905298.310	n	9.9434	3.59465	22.028	32.8564
1397905298.374	n	9.9434	3.59465	21.999	32.8563
1397905298.434	n	9.9434	3.59464	21.968	32.8563
1397905298.497	n	9.9434	3.59464	21.941	32.8563
1397905298.561	n	9.9435	3.59463	21.915	32.8562
1397905298.623	n	9.9435	3.59463	21.887	32.8562
1397905298.686	n	9.9435	3.59463	21.861	32.8562
1397905298.749	n	9.9435	3.59464	21.836	32.8563
1397905298.809	n	9.9436	3.59464	21.810	32.8563
1397905298.872	n	9.9436	3.59464	21.784	32.8563
1397905298.936	n	9.9436	3.59464	21.758	32.8563
1397905298.997	n	9.9435	3.59464	21.735	32.8563
1397905299.060	n	9.9435	3.59463	21.716	32.8562
1397905299.123	n	9.9435	3.59462	21.691	32.8562
1397905299.187	n	9.9435	3.59462	21.665	32.8561
1397905299.249	n	9.9435	3.59461	21.644	32.8561
1397905299.310	n	9.9435	3.59461	21.624	32.8561
1397905299.374	n	9.9435	3.59461	21.603	32.8561
1397905299.436	n	9.9435	3.59461	21.580	32.8561
1397905299.498	n	9.9436	3.59461	21.564	32.8561
1397905299.561	n	9.9436	3.59461	21.542	32.8560
1397905299.623	n	9.9437	3.59460	21.527	32.8559
1397905299.685	n	9.9437	3.59461	21.510	32.8560
1397905299.748	n	9.9436	3.59461	21.490	32.8561
1397905299.810	n	9.9437	3.59462	21.475	32.8561
1397905299.873	n	9.9437	3.59462	21.461	32.8561
1397905299.936	n	9.9437	3.59461	21.442	32.8560
1397905299.999	n	9.9437	3.59460	21.431	32.8559
1397905300.061	n	9.9437	3.59460	21.416	32.8559
1397905300.123	n	9.9437	3.59460	21.398	32.8559
1397905300.186	n	9.9437	3.59460	21.388	32.8559
1397905300.247	n	9.9437	3.59460	21.374	32.8559
1397905300.448	y	9.9437	3.59460	21.360	32.8559
1397905300.465	n	9.9437	3.59460	21.353	32.8559
1397905300.473	n	9.9437	3.59460	21.340	32.8559
1397905300.498	n	9.9438	3.59461	21.328	32.8560
1397905300.560	n	9.9438	3.59462	21.322	32.8560
1397905300.623	n	9.9438	3.59462	21.311	32.8560
1397905300.685	n	9.9438	3.59461	21.304	32.8560
1397905300.748	n	9.9438	3.59461	21.296	32.8560
1397905300.810	n	9.9438	3.59460	21.289	32.8559
1397905300.873	n	9.9439	3.59460	21.283	32.8558
1397905300.936	n	9.9439	3.59460	21.277	32.8558
1397905300.998	n	9.9440	3.59460	21.269	32.8557
1397905301.060	n	9.9440	3.59460	21.258	32.8557
1397905301.123	n	9.9440	3.59460	21.254	32.8557
1397905301.187	n	9.9440	3.59460	21.251	32.8557
1397905301.248	n	9.9440	3.59459	21.245	32.8556
1397905301.310	n	9.9440	3.59457	21.239	32.8554
1397905301.373	n	9.9441	3.59457	21.233	32.8553
1397905301.435	n	9.9441	3.59457	21.227	32.8553
1397905301.497	n	9.9442	3.59458	21.223	32.8554
1397905301.561	n	9.9442	3.59459	21.219	32.8554
1397905301.623	n	9.9443	3.59459	21.215	32.8554
1397905301.685	n	9.9444	3.59459	21.215	32.8552
1397905301.748	n	9.9444	3.59459	21.209	32.8552
1397905301.810	n	9.9445	3.59458	21.209	32.8551
1397905301.873	n	9.9445	3.59458	21.201	32.8551
1397905301.935	n	9.9445	3.59459	21.196	32.8551
1397905301.999	y	9.9445	3.59459	21.195	32.8551
1397905302.060	n	9.9445	3.59459	21.190	32.8551
1397905302.123	n	9.9446	3.59458	21.185	32.8551
1397905302.186	n	9.9446	3.59458	21.182	32.8550
1397905302.247	n	9.9447	3.59458	21.180	32.8549
1397905302.311	n	9.9447	3.59458	21.174	32.8548
1397905302.374	n	9.9448	3.59457	21.171	32.8547
1397905302.436	n	9.9448	3.59458	21.166	32.8548
1397905302.497	n	9.9448	3.59459	21.161	32.8548
1397905302.561	n	9.9448	3.59460	21.154	32.8549
1397905302.623	n	9.9448	3.59460	21.145	32.8550
1397905302.686	n	9.9448	3.59459	21.139	32.8549
1397905302.749	n	9.9448	3.59458	21.135	32.8548
1397905302.810	n	9.9448	3.59458	21.130	32.8548
1397905302.873	n	9.9448	3.59459	21.124	32.8549
1397905302.935	n	9.9448	3.59459	21.120	32.8549
1397905302.998	n	9.9448	3.59459	21.113	32.8549
1397905303.060	n	9.9448	3.59459	21.104	32.8549
1397905303.122	n	9.9448	3.59459	21.098	32.8549
1397905303.186	n	9.9449	3.59460	21.086	32.8549
1397905303.248	n	9.9450	3.59460	21.078	32.8550
1397905303.311	n	9.9450	3.59460	21.071	32.8549
1397905303.373	n	9.9450	3.59460	21.064	32.8549
1397905303.436	n	9.9450	3.59459	21.057	32.8548
1397905303.499	n	9.9449	3.59457	21.045	32.8547
1397905303.559	n	9.9449	3.59457	21.035	32.8547
1397905303.622	n	9.9449	3.59457	21.025	32.8546
1397905303.685	n	9.9450	3.59457	21.019	32.8546
1397905303.747	n	9.9450	3.59458	21.008	32.8547
1397905303.811	n	9.9450	3.59458	21.000	32.8546
1397905303.873	n	9.9450	3.59458	20.988	32.8546
1397905303.936	n	9.9451	3.59458	20.977	32.8546
1397905303.998	y	9.9451	3.59458	20.964	32.8546
1397905304.086	n	9.9451	3.59457	20.949	32.8545
1397905304.123	n	9.9451	3.59456	20.936	32.8544
1397905304.184	n	9.9451	3.59455	20.923	32.8543
1397905304.247	n	9.9451	3.59455	20.909	32.8543
1397905304.310	n	9.9452	3.59455	20.896	32.8543
1397905304.373	n	9.9452	3.59456	20.885	32.8544
1397905304.437	n	9.9452	3.59457	20.870	32.8545
1397905304.498	n	9.9452	3.59457	20.853	32.8545
1397905304.707	y	9.9451	3.59457	20.838	32.8545
1397905304.715	n	9.9451	3.59457	20.822	32.8545
1397905304.721	n	9.9452	3.59457	20.805	32.8545
1397905304.748	n	9.9453	3.59457	20.787	32.8544
1397905304.809	n	9.9453	3.59456	20.772	32.8543
1397905304.873	n	9.9453	3.59456	20.755	32.8543
1397905304.935	n	9.9453	3.59456	20.738	32.8543
1397905304.998	n	9.9452	3.59455	20.723	32.8544
1397905305.061	n	9.9452	3.59455	20.703	32.8543
1397905305.122	n	9.9453	3.59455	20.684	32.8543
1397905305.186	n	9.9453	3.59454	20.669	32.8542
1397905305.248	n	9.9454	3.59454	20.649	32.8541
1397905305.311	n	9.9454	3.59454	20.631	32.8540
1397905305.373	n	9.9454	3.59454	20.612	32.8541
1397905305.436	n	9.9454	3.59455	20.594	32.8541
1397905305.499	n	9.9454	3.59455	20.576	32.8542
1397905305.570	y	9.9454	3.59456	20.556	32.8543
1397905305.623	n	9.9454	3.59455	20.536	32.8543
1397905305.686	n	9.9454	3.59455	20.520	32.8542
1397905305.747	n	9.9454	3.59455	20.500	32.8542
1397905305.811	n	9.9454	3.59454	20.483	32.8542
1397905305.873	n	9.9454	3.59455	20.460	32.8542
1397905305.936	n	9.9454	3.59455	20.438	32.8543
1397905305.999	n	9.9454	3.59456	20.419	32.8544
1397905306.060	n	9.9453	3.59456	20.395	32.8544
1397905306.122	n	9.9453	3.59455	20.377	32.8544
1397905306.186	n	9.9453	3.59454	20.355	32.8543
1397905306.248	n	9.9454	3.59452	20.333	32.8541
1397905306.310	n	9.9454	3.59452	20.309	32.8540
1397905306.373	n	9.9454	3.59453	20.291	32.8541
1397905306.436	n	9.9454	3.59454	20.270	32.8542
1397905306.499	n	9.9454	3.59455	20.245	32.8544
1397905306.559	n	9.9454	3.59455	20.225	32.8544
1397905306.622	n	9.9454	3.59455	20.207	32.8543
1397905306.686	n	9.9455	3.59454	20.187	32.8542
1397905306.748	n	9.9455	3.59454	20.168	32.8542
1397905306.810	n	9.9456	3.59454	20.141	32.8541
1397905306.872	n	9.9455	3.59454	20.121	32.8541
1397905306.936	n	9.9455	3.59453	20.099	32.8541
1397905306.999	n	9.9455	3.59452	20.079	32.8540
1397905307.059	n	9.9455	3.59452	20.058	32.8540
1397905307.124	n	9.9455	3.59451	20.037	32.8539
1397905307.186	n	9.9456	3.59451	20.014	32.8539
1397905307.248	n	9.9456	3.59451	19.999	32.8539
1397905307.311	n	9.9456	3.59451	19.975	32.8539
1397905307.373	n	9.9456	3.59451	19.955	32.8539
1397905307.436	n	9.9456	3.59452	19.931	32.8540
1397905307.499	n	9.9456	3.59453	19.913	32.8540
1397905307.561	n	9.9456	3.59453	19.892	32.8541
1397905307.624	n	9.9456	3.59452	19.871	32.8541
1397905307.687	n	9.9456	3.59452	19.849	32.8540
1397905307.750	n	9.9457	3.59450	19.833	32.8538
1397905307.809	n	9.9457	3.59450	19.812	32.8537
1397905307.873	n	9.9457	3.59450	19.794	32.8538
1397905307.936	n	9.9457	3.59451	19.769	32.8539
1397905307.998	n	9.9457	3.59450	19.752	32.8538
1397905308.060	n	9.9457	3.59449	19.734	32.8537
1397905308.122	n	9.9457	3.59448	19.715	32.8537
1397905308.188	n	9.9457	3.59448	19.695	32.8536
1397905308.249	n	9.9457	3.59449	19.672	32.8537
1397905308.311	n	9.9457	3.59450	19.653	32.8539
1397905308.373	n	9.9457	3.59451	19.634	32.8540
1397905308.437	n	9.9457	3.59450	19.614	32.8539
1397905308.497	n	9.9457	3.59449	19.596	32.8538
1397905308.560	n	9.9457	3.59448	19.576	32.8537
1397905308.624	n	9.9458	3.59448	19.554	32.8535
1397905308.687	n	9.9459	3.59448	19.533	32.8535
1397905308.748	n	9.9459	3.59448	19.515	32.8535
1397905308.991	y	9.9459	3.59449	19.495	32.8535
1397905309.001	n	9.9459	3.59448	19.477	32.8535
1397905309.008	n	9.9459	3.59449	19.458	32.8536
1397905309.014	n	9.9459	3.59449	19.440	32.8536
1397905309.060	n	9.9459	3.59448	19.418	32.8536
1397905309.123	n	9.9459	3.59448	19.399	32.8536
1397905309.185	n	9.9459	3.59448	19.376	32.8536
1397905309.274	y	9.9458	3.59447	19.362	32.8535
1397905309.310	n	9.9458	3.59447	19.344	32.8536
1397905309.373	n	9.9458	3.59448	19.325	32.8537
1397905309.437	n	9.9458	3.59447	19.304	32.8536
1397905309.500	n	9.9458	3.59448	19.286	32.8537
1397905309.561	n	9.9458	3.59448	19.266	32.8537
1397905309.623	n	9.9458	3.59447	19.244	32.8536
1397905309.687	n	9.9459	3.59446	19.225	32.8535
1397905309.748	n	9.9459	3.59446	19.209	32.8535
1397905309.810	n	9.9459	3.59446	19.186	32.8534
1397905309.872	n	9.9459	3.59446	19.169	32.8534
1397905309.935	n	9.9459	3.59446	19.151	32.8534
1397905309.997	n	9.9460	3.59445	19.130	32.8533
1397905310.060	n	9.9460	3.59444	19.111	32.8532
1397905310.122	n	9.9460	3.59444	19.091	32.8532
1397905310.188	n	9.9460	3.59444	19.070	32.8533
1397905310.248	n	9.9459	3.59444	19.047	32.8533
1397905310.310	n	9.9459	3.59445	19.028	32.8534
1397905310.373	n	9.9459	3.59445	19.008	32.8534
1397905310.436	n	9.9459	3.59445	18.987	32.8534
1397905310.498	n	9.9459	3.59445	18.964	32.8535
1397905310.560	n	9.9459	3.59445	18.942	32.8534
1397905310.623	n	9.9460	3.59445	18.919	32.8534
1397905310.686	n	9.9460	3.59445	18.900	32.8534
1397905310.747	n	9.9460	3.59444	18.881	32.8533
1397905310.810	n	9.9460	3.59444	18.856	32.8533
1397905310.872	n	9.9460	3.59445	18.831	32.8534
1397905310.937	n	9.9460	3.59444	18.810	32.8534
1397905310.998	n	9.9460	3.59444	18.787	32.8533
1397905311.060	n	9.9460	3.59443	18.763	32.8532
1397905311.124	n	9.9460	3.59442	18.742	32.8531
1397905311.187	n	9.9460	3.59441	18.717	32.8531
1397905311.248	n	9.9460	3.59441	18.696	32.8531
1397905311.311	n	9.9460	3.59441	18.669	32.8531
1397905311.373	n	9.9461	3.59441	18.642	32.8531
1397905311.435	n	9.9461	3.59441	18.624	32.8530
1397905311.497	n	9.9461	3.59441	18.601	32.8530
1397905311.562	n	9.9462	3.59441	18.576	32.8530
1397905311.623	n	9.9462	3.59442	18.551	32.8531
1397905311.686	n	9.9461	3.59442	18.525	32.8531
1397905311.747	n	9.9461	3.59441	18.499	32.8531
1397905311.810	n	9.9460	3.59441	18.474	32.8531
1397905311.874	n	9.9460	3.59440	18.451	32.8531
1397905311.937	n	9.9460	3.59439	18.425	32.8530
1397905311.999	n	9.9460	3.59439	18.393	32.8530
1397905312.061	n	9.9460	3.59439	18.369	32.8530
1397905312.123	n	9.9460	3.59439	18.344	32.8530
1397905312.189	n	9.9461	3.59439	18.319	32.8530
1397905312.248	n	9.9461	3.59439	18.292	32.8530
1397905312.309	n	9.9461	3.59440	18.266	32.8531
1397905312.374	n	9.9461	3.59440	18.243	32.8531
1397905312.436	n	9.9461	3.59439	18.214	32.8531
1397905312.498	n	9.9461	3.59439	18.187	32.8531
1397905312.560	n	9.9461	3.59438	18.157	32.8529
1397905312.623	n	9.9461	3.59437	18.131	32.8528
1397905312.687	n	9.9461	3.59437	18.105	32.8528
1397905312.747	n	9.9462	3.59438	18.076	32.8528
1397905312.811	n	9.9462	3.59439	18.047	32.8529
1397905312.873	n	9.9462	3.59439	18.021	32.8530
1397905312.937	y	9.9462	3.59438	17.993	32.8529
1397905313.018	n	9.9462	3.59437	17.964	32.8529
1397905313.171	y	9.9462	3.59438	17.934	32.8529
1397905313.176	n	9.9463	3.59439	17.908	32.8529
1397905313.188	n	9.9464	3.59439	17.877	32.8529
1397905313.249	n	9.9464	3.59439	17.844	32.8529
1397905313.311	n	9.9464	3.59438	17.815	32.8528
1397905313.372	n	9.9463	3.59437	17.788	32.8528
1397905313.435	n	9.9463	3.59436	17.758	32.8527
1397905313.499	n	9.9464	3.59436	17.733	32.8526
1397905313.560	n	9.9464	3.59436	17.701	32.8527
1397905313.623	n	9.9464	3.59436	17.671	32.8526
1397905313.684	n	9.9465	3.59435	17.646	32.8525
1397905313.749	n	9.9465	3.59435	17.618	32.8524
1397905313.811	n	9.9465	3.59434	17.588	32.8524
1397905313.873	n	9.9465	3.59434	17.559	32.8524
1397905313.937	n	9.9465	3.59434	17.533	32.8524
1397905313.998	n	9.9465	3.59434	17.503	32.8524
1397905314.060	n	9.9465	3.59434	17.474	32.8525
1397905314.122	n	9.9466	3.59435	17.445	32.8525
1397905314.188	n	9.9466	3.59435	17.417	32.8525
1397905314.249	n	9.9466	3.59435	17.390	32.8525
1397905314.311	n	9.9466	3.59434	17.363	32.8524
1397905314.373	n	9.9467	3.59435	17.330	32.8524
1397905314.436	n	9.9467	3.59435	17.308	32.8524
1397905314.498	n	9.9467	3.59435	17.283	32.8524
1397905314.560	n	9.9468	3.59434	17.256	32.8523
1397905314.624	n	9.9468	3.59434	17.228	32.8523
1397905314.685	n	9.9468	3.59433	17.199	32.8522
1397905314.749	n	9.9468	3.59432	17.175	32.8520
1397905314.809	n	9.9469	3.59431	17.150	32.8520
1397905314.873	n	9.9469	3.59431	17.125	32.8519
1397905314.936	n	9.9470	3.59431	17.099	32.8519
1397905314.999	n	9.9470	3.59432	17.072	32.8519
1397905315.060	n	9.9471	3.59432	17.052	32.8520
1397905315.124	n	9.9471	3.59432	17.031	32.8519
1397905315.186	n	9.9471	3.59431	17.001	32.8518
1397905315.250	n	9.9472	3.59430	16.973	32.8517
1397905315.311	n	9.9473	3.59430	16.952	32.8516
1397905315.373	n	9.9473	3.59430	16.928	32.8515
1397905315.436	n	9.9474	3.59431	16.908	32.8516
1397905315.498	n	9.9474	3.59431	16.884	32.8516
1397905315.560	n	9.9474	3.59431	16.862	32.8516
1397905315.622	n	9.9475	3.59430	16.842	32.8514
1397905315.688	n	9.9475	3.59430	16.826	32.8514
1397905315.747	n	9.9476	3.59430	16.804	32.8513
1397905315.811	n	9.9476	3.59430	16.786	32.8513
1397905315.872	n	9.9477	3.59429	16.767	32.8512
1397905315.936	n	9.9477	3.59428	16.751	32.8511
1397905315.999	n	9.9477	3.59427	16.730	32.8510
1397905316.061	n	9.9478	3.59428	16.712	32.8510
1397905316.124	n	9.9478	3.59429	16.694	32.8511
1397905316.188	n	9.9478	3.59430	16.678	32.8511
1397905316.247	n	9.9479	3.59430	16.662	32.8511
1397905316.311	n	9.9480	3.59430	16.646	32.8510
1397905316.374	n	9.9481	3.59429	16.629	32.8509
1397905316.436	n	9.9482	3.59428	16.616	32.8507
1397905316.498	n	9.9483	3.59428	16.599	32.8506
1397905316.560	n	9.9484	3.59427	16.585	32.8504
1397905316.624	n	9.9485	3.59427	16.573	32.8503
1397905316.706	y	9.9486	3.59427	16.558	32.8503
1397905316.749	n	9.9487	3.59428	16.552	32.8503
1397905316.811	n	9.9487	3.59428	16.531	32.8502
1397905316.872	n	9.9488	3.59428	16.517	32.8502
1397905316.936	n	9.9489	3.59428	16.506	32.8500
1397905316.998	n	9.9490	3.59428	16.492	32.8500
1397905317.060	n	9.9491	3.59428	16.481	32.8499
1397905317.122	n	9.9491	3.59428	16.471	32.8499
1397905317.188	n	9.9492	3.59429	16.459	32.8500
1397905317.249	n	9.9493	3.59429	16.448	32.8499
1397905317.438	y	9.9494	3.59428	16.439	32.8497
1397905317.444	n	9.9495	3.59429	16.428	32.8496
1397905317.450	n	9.9496	3.59428	16.420	32.8494
1397905317.497	n	9.9498	3.59428	16.406	32.8493
1397905317.561	n	9.9499	3.59428	16.403	32.8492
1397905317.623	n	9.9500	3.59428	16.392	32.8491
1397905317.685	n	9.9502	3.59427	16.378	32.8489
1397905317.749	n	9.9503	3.59428	16.371	32.8489
1397905317.811	n	9.9504	3.59429	16.361	32.8488
1397905317.872	n	9.9506	3.59429	16.351	32.8487
1397905317.936	n	9.9507	3.59428	16.339	32.8485
1397905317.999	n	9.9508	3.59428	16.338	32.8484
1397905318.060	n	9.9510	3.59428	16.329	32.8483
1397905318.124	n	9.9511	3.59429	16.319	32.8483
1397905318.186	n	9.9512	3.59428	16.312	32.8481
1397905318.249	n	9.9514	3.59427	16.300	32.8478
1397905318.311	n	9.9516	3.59426	16.293	32.8475
1397905318.372	n	9.9518	3.59425	16.286	32.8472
1397905318.436	n	9.9521	3.59426	16.277	32.8471
1397905318.499	n	9.9523	3.59427	16.271	32.8470
1397905318.561	n	9.9525	3.59427	16.264	32.8468
1397905318.623	n	9.9526	3.59427	16.253	32.8467
1397905318.686	n	9.9528	3.59427	16.248	32.8465
1397905318.748	n	9.9529	3.59426	16.240	32.8464
1397905318.810	n	9.9531	3.59427	16.231	32.8463
1397905318.873	n	9.9533	3.59427	16.225	32.8461
1397905318.935	n	9.9535	3.59427	16.219	32.8460
1397905318.999	n	9.9536	3.59427	16.211	32.8458
1397905319.060	n	9.9538	3.59427	16.205	32.8457
1397905319.123	n	9.9539	3.59427	16.196	32.8455
1397905319.186	n	9.9541	3.59427	16.188	32.8454
1397905319.249	n	9.9543	3.59428	16.175	32.8453
1397905319.365	y	9.9545	3.59428	16.170	32.8452
1397905319.373	n	9.9546	3.59428	16.163	32.8450
1397905319.436	n	9.9548	3.59428	16.154	32.8449
1397905319.502	n	9.9550	3.59428	16.144	32.8447
1397905319.561	n	9.9552	3.59429	16.129	32.8446
1397905319.623	n	9.9554	3.59429	16.123	32.8445
1397905319.685	n	9.9556	3.59429	16.115	32.8442
1397905319.749	n	9.9557	3.59428	16.108	32.8440
1397905319.811	n	9.9559	3.59427	16.097	32.8438
1397905319.872	n	9.9562	3.59427	16.086	32.8436
1397905319.936	n	9.9564	3.59428	16.075	32.8435
1397905319.997	n	9.9567	3.59429	16.062	32.8433
1397905320.061	n	9.9569	3.59428	16.048	32.8430
1397905320.124	n	9.9571	3.59428	16.037	32.8428
1397905320.188	n	9.9574	3.59428	16.028	32.8426
1397905320.249	y	9.9576	3.59428	16.017	32.8424
1397905320.311	n	9.9578	3.59428	16.005	32.8422
1397905320.374	n	9.9580	3.59428	15.990	32.8420
1397905320.435	n	9.9583	3.59427	15.975	32.8417
1397905320.501	n	9.9586	3.59427	15.966	32.8414
1397905320.560	n	9.9589	3.59426	15.954	32.8410
1397905320.622	n	9.9593	3.59426	15.939	32.8407
1397905320.685	n	9.9597	3.59427	15.924	32.8404
1397905320.749	n	9.9601	3.59427	15.910	32.8401
1397905320.811	n	9.9606	3.59428	15.900	32.8397
1397905320.872	n	9.9612	3.59428	15.883	32.8392
1397905320.937	n	9.9618	3.59427	15.866	32.8385
1397905321.000	n	9.9625	3.59427	15.853	32.8379
1397905321.061	n	9.9632	3.59428	15.838	32.8373
1397905321.123	n	9.9640	3.59429	15.820	32.8367
1397905321.188	n	9.9648	3.59429	15.805	32.8360
1397905321.248	n	9.9658	3.59430	15.788	32.8352
1397905321.310	n	9.9668	3.59429	15.772	32.8342
1397905321.374	n	9.9680	3.59429	15.757	32.8332
1397905321.435	n	9.9692	3.59429	15.739	32.8321
1397905321.502	n	9.9705	3.59429	15.715	32.8308
1397905321.714	y	9.9720	3.59429	15.696	32.8296
1397905321.722	n	9.9735	3.59429	15.686	32.8282
1397905321.729	n	9.9750	3.59429	15.659	32.8268
1397905321.749	n	9.9766	3.59429	15.643	32.8254
1397905321.810	n	9.9782	3.59429	15.627	32.8239
1397905321.874	n	9.9800	3.59431	15.607	32.8225
1397905321.935	n	9.9817	3.59433	15.583	32.8211
1397905321.999	n	9.9836	3.59433	15.565	32.8195
1397905322.060	n	9.9854	3.59433	15.542	32.8178
1397905322.123	n	9.9873	3.59433	15.518	32.8161
1397905322.187	n	9.9892	3.59433	15.499	32.8144
1397905322.250	n	9.9912	3.59434	15.480	32.8127
1397905322.311	n	9.9930	3.59434	15.456	32.8110
1397905322.374	n	9.9948	3.59434	15.433	32.8094
1397905322.437	n	9.9965	3.59435	15.409	32.8080
1397905322.502	n	9.9981	3.59435	15.388	32.8065
1397905322.560	n	9.9996	3.59434	15.367	32.8051
1397905322.622	n	10.0011	3.59433	15.343	32.8036
1397905322.685	n	10.0026	3.59433	15.316	32.8023
1397905322.748	n	10.0040	3.59434	15.296	32.8011
1397905322.811	n	10.0054	3.59434	15.272	32.7999
1397905322.874	n	10.0067	3.59434	15.250	32.7987
1397905322.935	n	10.0082	3.59434	15.226	32.7974
1397905322.998	n	10.0096	3.59434	15.199	32.7961
1397905323.060	n	10.0110	3.59435	15.172	32.7949
1397905323.122	n	10.0124	3.59436	15.146	32.7937
1397905323.188	n	10.0139	3.59435	15.123	32.7924
1397905323.249	n	10.0153	3.59436	15.096	32.7911
1397905323.310	n	10.0166	3.59436	15.071	32.7900
1397905323.372	n	10.0180	3.59437	15.044	32.7888
1397905323.436	n	10.0192	3.59436	15.017	32.7877
1397905323.501	n	10.0205	3.59435	14.991	32.7864
1397905323.560	n	10.0218	3.59434	14.961	32.7852
1397905323.622	n	10.0231	3.59434	14.936	32.7839
1397905323.686	n	10.0245	3.59435	14.910	32.7828
1397905323.747	n	10.0259	3.59435	14.882	32.7815
1397905323.810	n	10.0273	3.59435	14.857	32.7802
1397905323.873	n	10.0287	3.59434	14.829	32.7789
1397905323.978	y	10.0301	3.59434	14.802	32.7777
1397905323.998	n	10.0315	3.59434	14.776	32.7764
1397905324.061	n	10.0329	3.59434	14.753	32.7752
1397905324.123	n	10.0343	3.59435	14.720	32.7740
1397905324.187	n	10.0358	3.59436	14.689	32.7728
1397905324.248	n	10.0373	3.59436	14.662	32.7715
1397905324.310	n	10.0388	3.59436	14.632	32.7701
1397905324.374	n	10.0402	3.59436	14.607	32.7687
1397905324.436	n	10.0417	3.59436	14.579	32.7674
1397905324.498	n	10.0432	3.59437	14.546	32.7661
1397905324.560	n	10.0448	3.59438	14.518	32.7649
1397905324.623	n	10.0466	3.59438	14.491	32.7633
1397905324.685	n	10.0484	3.59438	14.465	32.7616
1397905324.749	n	10.0502	3.59437	14.434	32.7599
1397905324.811	n	10.0520	3.59436	14.410	32.7581
1397905324.872	n	10.0538	3.59435	14.374	32.7565
1397905324.936	n	10.0556	3.59436	14.347	32.7550
1397905324.998	n	10.0573	3.59437	14.323	32.7535
1397905325.061	n	10.0591	3.59438	14.292	32.7520
1397905325.122	n	10.0609	3.59437	14.268	32.7503
1397905325.187	n	10.0628	3.59436	14.233	32.7485
1397905325.247	n	10.0647	3.59436	14.210	32.7468
1397905325.311	n	10.0666	3.59436	14.181	32.7451
1397905325.372	n	10.0685	3.59436	14.148	32.7434
1397905325.437	n	10.0705	3.59438	14.124	32.7418
1397905325.501	n	10.0725	3.59439	14.094	32.7400
1397905325.686	y	10.0747	3.59439	14.067	32.7381
1397905325.693	n	10.0770	3.59439	14.038	32.7360
1397905325.699	n	10.0792	3.59439	14.010	32.7340
1397905325.748	n	10.0816	3.59438	13.984	32.7318
1397905325.809	n	10.0839	3.59439	13.957	32.7297
1397905325.873	n	10.0863	3.59438	13.926	32.7276
1397905325.935	n	10.0886	3.59438	13.900	32.7254
1397905325.998	n	10.0910	3.59437	13.877	32.7232
1397905326.060	n	10.0933	3.59437	13.851	32.7212
1397905326.122	n	10.0956	3.59438	13.823	32.7192
1397905326.186	n	10.0978	3.59438	13.798	32.7172
1397905326.247	n	10.0999	3.59438	13.772	32.7154
1397905326.311	n	10.1018	3.59439	13.744	32.7136
1397905326.372	n	10.1038	3.59439	13.719	32.7120
1397905326.437	n	10.1056	3.59439	13.693	32.7103
1397905326.499	n	10.1074	3.59439	13.666	32.7087
1397905326.560	n	10.1091	3.59440	13.645	32.7072
1397905326.624	n	10.1108	3.59440	13.620	32.7057
1397905326.686	n	10.1123	3.59439	13.591	32.7043
1397905326.749	n	10.1138	3.59440	13.566	32.7030
1397905326.809	n	10.1153	3.59440	13.541	32.7018
1397905326.872	n	10.1166	3.59441	13.520	32.7006
1397905326.937	n	10.1180	3.59441	13.495	32.6994
1397905326.998	n	10.1191	3.59441	13.469	32.6984
1397905327.061	n	10.1203	3.59441	13.446	32.6973
1397905327.123	n	10.1213	3.59440	13.421	32.6963
1397905327.188	n	10.1224	3.59440	13.399	32.6954
1397905327.249	n	10.1234	3.59440	13.378	32.6944
1397905327.310	n	10.1244	3.59439	13.357	32.6935
1397905327.372	n	10.1253	3.59439	13.334	32.6927
1397905327.437	n	10.1262	3.59439	13.311	32.6919
1397905327.499	n	10.1270	3.59439	13.290	32.6911
1397905327.560	n	10.1278	3.59439	13.270	32.6904
1397905327.628	y	10.1286	3.59439	13.246	32.6897
1397905327.687	n	10.1293	3.59437	13.225	32.6889
1397905327.749	n	10.1300	3.59436	13.209	32.6882
1397905327.811	n	10.1306	3.59435	13.187	32.6875
1397905327.872	n	10.1312	3.59435	13.165	32.6870
1397905327.937	n	10.1317	3.59435	13.147	32.6865
1397905327.998	n	10.1322	3.59435	13.129	32.6861
1397905328.061	n	10.1326	3.59435	13.105	32.6857
1397905328.123	n	10.1330	3.59435	13.086	32.6854
1397905328.188	n	10.1332	3.59435	13.067	32.6852
1397905328.249	n	10.1334	3.59435	13.049	32.6850
1397905328.310	n	10.1336	3.59434	13.031	32.6848
1397905328.373	n	10.1337	3.59433	13.012	32.6846
1397905328.435	n	10.1338	3.59432	12.995	32.6844
1397905328.497	n	10.1339	3.59432	12.977	32.6843
1397905328.561	n	10.1339	3.59431	12.960	32.6842
1397905328.622	n	10.1339	3.59431	12.946	32.6843
1397905328.686	n	10.1338	3.59431	12.927	32.6843
1397905328.748	n	10.1339	3.59431	12.913	32.6843
1397905328.810	n	10.1341	3.59431	12.897	32.6840
1397905328.872	n	10.1345	3.59430	12.882	32.6836
1397905328.936	n	10.1348	3.59429	12.865	32.6833
1397905328.998	n	10.1351	3.59430	12.845	32.6831
1397905329.061	n	10.1351	3.59431	12.835	32.6832
1397905329.124	n	10.1349	3.59431	12.820	32.6834
1397905329.185	n	10.1346	3.59430	12.806	32.6836
1397905329.249	n	10.1341	3.59428	12.789	32.6838
1397905329.311	n	10.1336	3.59427	12.778	32.6842
1397905329.374	n	10.1331	3.59427	12.761	32.6847
1397905329.437	n	10.1326	3.59427	12.747	32.6851
1397905329.499	n	10.1321	3.59427	12.735	32.6856
1397905329.560	n	10.1316	3.59426	12.722	32.6859
1397905329.623	n	10.1312	3.59425	12.708	32.6862
1397905329.686	n	10.1309	3.59425	12.696	32.6864
1397905329.747	n	10.1307	3.59425	12.681	32.6867
1397905329.907	y	10.1305	3.59425	12.669	32.6868
1397905329.912	n	10.1304	3.59425	12.657	32.6869
1397905329.936	n	10.1303	3.59424	12.646	32.6869
1397905329.999	n	10.1301	3.59422	12.635	32.6869
1397905330.061	n	10.1300	3.59421	12.622	32.6870
1397905330.123	n	10.1298	3.59421	12.607	32.6871
1397905330.185	n	10.1296	3.59422	12.594	32.6874
1397905330.249	n	10.1294	3.59423	12.585	32.6877
1397905330.310	n	10.1292	3.59423	12.571	32.6878
1397905330.372	n	10.1291	3.59422	12.558	32.6879
1397905330.435	n	10.1289	3.59420	12.549	32.6879
1397905330.499	n	10.1287	3.59419	12.536	32.6879
1397905330.560	n	10.1286	3.59420	12.527	32.6881
1397905330.623	n	10.1286	3.59420	12.515	32.6882
1397905330.685	n	10.1285	3.59420	12.504	32.6882
1397905330.749	n	10.1286	3.59421	12.493	32.6882
1397905330.811	n	10.1286	3.59420	12.482	32.6881
1397905330.874	n	10.1288	3.59420	12.471	32.6880
1397905330.935	n	10.1290	3.59420	12.458	32.6879
1397905330.999	n	10.1292	3.59420	12.450	32.6877
1397905331.060	n	10.1294	3.59420	12.439	32.6874
1397905331.122	n	10.1297	3.59419	12.430	32.6871
1397905331.188	n	10.1300	3.59419	12.419	32.6868
1397905331.295	y	10.1303	3.59418	12.405	32.6864
1397905331.311	n	10.1307	3.59418	12.396	32.6861
1397905331.373	n	10.1310	3.59419	12.385	32.6859
1397905331.436	n	10.1313	3.59418	12.375	32.6855
1397905331.498	n	10.1317	3.59418	12.369	32.6852
1397905331.560	n	10.1322	3.59418	12.356	32.6847
1397905331.623	n	10.1326	3.59417	12.343	32.6842
1397905331.686	n	10.1331	3.59415	12.330	32.6836
1397905331.748	n	10.1336	3.59415	12.319	32.6831
1397905331.810	n	10.1341	3.59414	12.308	32.6826
1397905331.873	n	10.1347	3.59415	12.294	32.6822
1397905331.935	n	10.1353	3.59416	12.287	32.6817
1397905332.000	n	10.1360	3.59416	12.276	32.6811
1397905332.061	n	10.1368	3.59416	12.263	32.6804
1397905332.123	n	10.1377	3.59416	12.251	32.6796
1397905332.185	n	10.1385	3.59416	12.239	32.6788
1397905332.250	n	10.1393	3.59415	12.228	32.6781
1397905332.311	n	10.1401	3.59416	12.217	32.6775
1397905332.373	n	10.1407	3.59417	12.204	32.6770
1397905332.437	n	10.1414	3.59417	12.190	32.6764
1397905332.501	n	10.1421	3.59416	12.178	32.6756
1397905332.560	n	10.1430	3.59415	12.168	32.6748
1397905332.624	n	10.1440	3.59415	12.153	32.6738
1397905332.685	n	10.1451	3.59415	12.143	32.6729
1397905332.748	n	10.1463	3.59417	12.127	32.6719
1397905332.810	n	10.1476	3.59418	12.115	32.6709
1397905332.873	n	10.1490	3.59419	12.105	32.6697
1397905332.937	n	10.1506	3.59419	12.089	32.6684
1397905332.999	n	10.1523	3.59419	12.076	32.6669
1397905333.060	n	10.1541	3.59420	12.063	32.6653
1397905333.122	n	10.1560	3.59420	12.044	32.6636
1397905333.185	n	10.1580	3.59420	12.033	32.6618
1397905333.249	n	10.1601	3.59421	12.017	32.6600
1397905333.310	n	10.1624	3.59421	12.000	32.6579
1397905333.372	n	10.1648	3.59421	11.985	32.6558
1397905333.435	n	10.1672	3.59420	11.973	32.6535
1397905333.503	n	10.1697	3.59420	11.956	32.6512
1397905333.562	n	10.1723	3.59420	11.943	32.6490
1397905333.624	n	10.1748	3.59421	11.926	32.6468
1397905333.685	n	10.1771	3.59420	11.908	32.6446
1397905333.749	n	10.1794	3.59420	11.894	32.6426
1397905333.811	n	10.1816	3.59421	11.876	32.6407
1397905333.873	n	10.1836	3.59421	11.857	32.6389
1397905333.936	n	10.1856	3.59422	11.843	32.6372
1397905333.999	n	10.1875	3.59422	11.829	32.6355
1397905334.171	y	10.1894	3.59423	11.810	32.6338
1397905334.177	n	10.1913	3.59424	11.793	32.6323
1397905334.187	n	10.1932	3.59425	11.777	32.6307
1397905334.248	n	10.1950	3.59425	11.758	32.6291
1397905334.310	n	10.1968	3.59425	11.743	32.6274
1397905334.373	n	10.1986	3.59423	11.727	32.6257
1397905334.436	n	10.2003	3.59423	11.706	32.6241
1397905334.503	n	10.2020	3.59424	11.687	32.6227
1397905334.560	n	10.2037	3.59425	11.666	32.6212
1397905334.623	n	10.2054	3.59424	11.650	32.6197
1397905334.686	n	10.2071	3.59424	11.633	32.6181
1397905334.749	y	10.2086	3.59422	11.612	32.6166
1397905334.893	n	10.2101	3.59422	11.591	32.6152
1397905334.897	n	10.2116	3.59422	11.571	32.6140
1397905334.935	y	10.2130	3.59423	11.552	32.6128
1397905334.998	n	10.2143	3.59423	11.532	32.6116
1397905335.061	n	10.2157	3.59423	11.506	32.6104
1397905335.124	n	10.2170	3.59424	11.488	32.6093
1397905335.186	n	10.2183	3.59423	11.466	32.6081
1397905335.247	n	10.2196	3.59423	11.446	32.6069
1397905335.310	n	10.2209	3.59423	11.425	32.6057
1397905335.372	n	10.2221	3.59424	11.403	32.6047
1397905335.437	n	10.2234	3.59424	11.382	32.6036
1397905335.498	n	10.2246	3.59425	11.363	32.6026
1397905335.560	n	10.2258	3.59424	11.341	32.6015
1397905335.622	n	10.2270	3.59425	11.320	32.6005
1397905335.685	n	10.2281	3.59424	11.302	32.5994
1397905335.749	n	10.2293	3.59424	11.279	32.5984
1397905335.811	n	10.2304	3.59424	11.253	32.5973
1397905335.873	n	10.2314	3.59423	11.231	32.5963
1397905335.935	n	10.2324	3.59422	11.212	32.5954
1397905335.999	n	10.2334	3.59422	11.190	32.5945
1397905336.061	n	10.2343	3.59421	11.168	32.5936
1397905336.122	n	10.2353	3.59421	11.142	32.5927
1397905336.186	n	10.2362	3.59421	11.122	32.5919
1397905336.248	n	10.2371	3.59422	11.101	32.5912
1397905336.310	n	10.2379	3.59422	11.077	32.5905
1397905336.373	n	10.2387	3.59422	11.056	32.5898
1397905336.436	n	10.2395	3.59423	11.031	32.5892
1397905336.499	n	10.2403	3.59423	11.017	32.5885
1397905336.561	n	10.2411	3.59424	10.995	32.5878
1397905336.622	n	10.2418	3.59423	10.968	32.5871
1397905336.685	n	10.2425	3.59421	10.941	32.5863
1397905336.749	n	10.2432	3.59420	10.922	32.5856
1397905336.810	n	10.2438	3.59421	10.898	32.5851
1397905336.873	n	10.2444	3.59421	10.874	32.5846
1397905336.937	n	10.2451	3.59422	10.853	32.5841
1397905336.999	n	10.2457	3.59421	10.832	32.5835
1397905337.061	n	10.2463	3.59421	10.808	32.5830
1397905337.124	n	10.2468	3.59422	10.782	32.5826
1397905337.186	n	10.2473	3.59423	10.760	32.5822
1397905337.247	n	10.2478	3.59424	10.739	32.5819
1397905337.310	n	10.2483	3.59425	10.717	32.5815
1397905337.372	n	10.2489	3.59426	10.695	32.5811
1397905337.436	n	10.2495	3.59425	10.672	32.5805
1397905337.497	n	10.2500	3.59424	10.653	32.5799
1397905337.561	n	10.2505	3.59422	10.630	32.5794
1397905337.623	n	10.2509	3.59421	10.607	32.5789
1397905337.686	n	10.2514	3.59421	10.589	32.5785
1397905337.747	n	10.2519	3.59422	10.562	32.5781
1397905337.811	n	10.2524	3.59422	10.542	32.5777
1397905337.872	n	10.2528	3.59422	10.522	32.5773
1397905337.935	n	10.2533	3.59422	10.499	32.5769
1397905337.999	n	10.2537	3.59421	10.478	32.5765
1397905338.061	n	10.2541	3.59421	10.456	32.5761
1397905338.123	n	10.2544	3.59420	10.434	32.5756
1397905338.186	n	10.2548	3.59419	10.412	32.5752
1397905338.249	n	10.2552	3.59418	10.393	32.5748
1397905338.430	y	10.2556	3.59418	10.370	32.5744
1397905338.438	n	10.2559	3.59418	10.347	32.5742
1397905338.444	n	10.2562	3.59418	10.325	32.5739
1397905338.497	n	10.2565	3.59417	10.303	32.5736
1397905338.641	y	10.2569	3.59417	10.283	32.5733
1397905338.645	n	10.2572	3.59417	10.258	32.5730
1397905338.686	n	10.2576	3.59417	10.242	32.5727
1397905338.749	n	10.2579	3.59418	10.220	32.5725
1397905338.811	n	10.2582	3.59418	10.202	32.5722
1397905338.874	n	10.2584	3.59417	10.180	32.5719
1397905338.936	n	10.2587	3.59417	10.158	32.5717
1397905338.998	n	10.2589	3.59418	10.138	32.5716
1397905339.060	n	10.2591	3.59419	10.121	32.5715
1397905339.123	n	10.2593	3.59420	10.101	32.5715
1397905339.185	n	10.2595	3.59420	10.083	32.5713
1397905339.249	n	10.2597	3.59419	10.060	32.5711
1397905339.311	n	10.2598	3.59418	10.041	32.5708
1397905339.373	n	10.2600	3.59417	10.022	32.5705
1397905339.435	n	10.2602	3.59416	10.002	32.5703
1397905339.499	n	10.2604	3.59416	9.983	32.5701
1397905339.560	n	10.2606	3.59415	9.962	32.5699
1397905339.622	n	10.2608	3.59415	9.944	32.5697
1397905339.686	n	10.2610	3.59415	9.925	32.5696
1397905339.749	n	10.2612	3.59417	9.907	32.5695
1397905339.811	n	10.2615	3.59418	9.888	32.5694
1397905339.873	n	10.2617	3.59418	9.866	32.5692
1397905339.937	n	10.2620	3.59416	9.849	32.5687
1397905339.999	n	10.2624	3.59415	9.829	32.5684
1397905340.061	n	10.2627	3.59414	9.809	32.5680
1397905340.124	n	10.2632	3.59415	9.790	32.5676
1397905340.187	n	10.2637	3.59416	9.774	32.5673
1397905340.248	n	10.2643	3.59417	9.758	32.5668
1397905340.310	n	10.2650	3.59417	9.737	32.5662
1397905340.373	n	10.2657	3.59417	9.718	32.5656
1397905340.436	n	10.2664	3.59417	9.700	32.5649
1397905340.498	n	10.2670	3.59417	9.685	32.5644
1397905340.561	n	10.2676	3.59418	9.667	32.5640
1397905340.624	n	10.2682	3.59419	9.644	32.5636
1397905340.687	n	10.2688	3.59419	9.628	32.5630
1397905340.748	n	10.2694	3.59419	9.611	32.5625
1397905340.811	n	10.2700	3.59419	9.596	32.5620
1397905340.874	n	10.2706	3.59419	9.578	32.5614
1397905340.935	n	10.2712	3.59419	9.561	32.5609
1397905340.998	n	10.2719	3.59419	9.547	32.5603
1397905341.060	n	10.2726	3.59419	9.524	32.5596
1397905341.122	y	10.2734	3.59419	9.507	32.5589
1397905341.185	n	10.2742	3.59419	9.490	32.5582
1397905341.249	n	10.2750	3.59419	9.472	32.5576
1397905341.311	n	10.2757	3.59419	9.453	32.5570
1397905341.373	n	10.2764	3.59420	9.436	32.5564
1397905341.437	n	10.2770	3.59420	9.422	32.5559
1397905341.498	n	10.2776	3.59420	9.405	32.5553
1397905341.562	n	10.2781	3.59419	9.382	32.5548
1397905341.622	n	10.2786	3.59418	9.362	32.5543
1397905341.686	n	10.2789	3.59418	9.356	32.5539
1397905341.747	n	10.2793	3.59417	9.337	32.5535
1397905341.811	n	10.2797	3.59417	9.318	32.5533
1397905341.873	n	10.2800	3.59418	9.300	32.5531
1397905341.937	n	10.2807	3.59423	9.283	32.5530
1397905341.998	n	10.2845	3.59451	9.264	32.5523
1397905342.061	n	10.2943	3.59627	9.248	32.5613
1397905342.124	n	10.3093	3.59957	9.232	32.5810
1397905342.187	n	10.3267	3.60370	9.213	32.6070
1397905342.325	y	10.3422	3.60760	9.195	32.6323
1397905342.332	n	10.3525	3.61030	9.176	32.6502
1397905342.373	n	10.3576	3.61127	9.161	32.6554
1397905342.437	n	10.3597	3.61161	9.142	32.6569
1397905342.498	n	10.3601	3.61175	9.127	32.6580
1397905342.635	y	10.3597	3.61182	9.110	32.6590
1397905342.639	n	10.3591	3.61187	9.089	32.6601
1397905342.686	n	10.3584	3.61191	9.076	32.6612
1397905342.747	n	10.3582	3.61199	9.060	32.6621
1397905342.810	n	10.3585	3.61208	9.041	32.6628
1397905342.873	n	10.3592	3.61217	9.022	32.6630
1397905342.937	n	10.3602	3.61221	9.005	32.6626
1397905342.999	n	10.3612	3.61223	8.984	32.6619
1397905343.060	n	10.3617	3.61222	8.969	32.6614
1397905343.123	n	10.3618	3.61221	8.950	32.6612
1397905343.187	n	10.3618	3.61222	8.932	32.6613
1397905343.250	n	10.3620	3.61224	8.917	32.6613
1397905343.311	n	10.3628	3.61226	8.899	32.6608
1397905343.374	n	10.3638	3.61228	8.879	32.6601
1397905343.436	n	10.3643	3.61228	8.860	32.6596
1397905343.498	n	10.3648	3.61228	8.841	32.6592
1397905343.561	n	10.3658	3.61230	8.823	32.6585
1397905343.623	n	10.3681	3.61238	8.805	32.6573
1397905343.687	n	10.3714	3.61250	8.791	32.6555
1397905343.748	n	10.3748	3.61263	8.771	32.6537
1397905343.811	n	10.3771	3.61272	8.752	32.6525
1397905343.874	n	10.3784	3.61277	8.733	32.6519
1397905343.936	n	10.3791	3.61279	8.718	32.6515
1397905343.997	n	10.3795	3.61281	8.695	32.6513
1397905344.060	n	10.3801	3.61282	8.675	32.6510
1397905344.124	n	10.3804	3.61283	8.656	32.6508
1397905344.185	n	10.3805	3.61285	8.636	32.6509
1397905344.248	n	10.3810	3.61289	8.620	32.6508
1397905344.310	n	10.3818	3.61293	8.599	32.6505
1397905344.373	n	10.3828	3.61297	8.582	32.6501
1397905344.436	n	10.3836	3.61299	8.559	32.6496
1397905344.499	n	10.3838	3.61299	8.541	32.6494
1397905344.561	n	10.3837	3.61298	8.525	32.6494
1397905344.624	n	10.3835	3.61297	8.507	32.6494
1397905344.685	n	10.3836	3.61296	8.485	32.6492
1397905344.749	n	10.3843	3.61297	8.466	32.6488
1397905344.810	n	10.3852	3.61301	8.447	32.6483
1397905344.873	n	10.3860	3.61305	8.426	32.6481
1397905344.937	n	10.3868	3.61309	8.405	32.6478
1397905344.998	n	10.3873	3.61312	8.387	32.6476
1397905345.060	n	10.3876	3.61313	8.368	32.6474
1397905345.123	n	10.3882	3.61313	8.350	32.6470
1397905345.186	n	10.3891	3.61314	8.334	32.6462
1397905345.249	n	10.3902	3.61314	8.316	32.6453
1397905345.311	n	10.3912	3.61316	8.296	32.6445
1397905345.373	n	10.3920	3.61317	8.276	32.6440
1397905345.435	n	10.3924	3.61318	8.260	32.6437
1397905345.499	n	10.3926	3.61316	8.242	32.6433
1397905345.560	n	10.3929	3.61315	8.222	32.6429
1397905345.623	n	10.3933	3.61314	8.205	32.6426
1397905345.685	n	10.3935	3.61316	8.187	32.6425
1397905345.749	n	10.3933	3.61318	8.170	32.6429
1397905345.810	y	10.3922	3.61319	8.151	32.6440
1397905345.885	n	10.3907	3.61319	8.135	32.6453
1397905345.935	n	10.3893	3.61318	8.117	32.6465
1397905345.999	n	10.3887	3.61316	8.097	32.6469
1397905346.060	n	10.3890	3.61317	8.079	32.6467
1397905346.123	n	10.3895	3.61318	8.062	32.6463
1397905346.187	n	10.3898	3.61318	8.047	32.6461
1397905346.248	n	10.3898	3.61317	8.030	32.6460
1397905346.311	n	10.3900	3.61317	8.012	32.6458
1397905346.372	n	10.3906	3.61316	7.991	32.6453
1397905346.436	n	10.3913	3.61317	7.973	32.6447
1397905346.498	n	10.3918	3.61319	7.958	32.6444
1397905346.560	n	10.3917	3.61319	7.942	32.6445
1397905346.623	n	10.3913	3.61317	7.924	32.6447
1397905346.688	n	10.3910	3.61316	7.907	32.6449
1397905346.749	n	10.3909	3.61316	7.899	32.6450
1397905346.904	y	10.3911	3.61317	7.879	32.6449
1397905346.908	n	10.3914	3.61318	7.861	32.6448
1397905346.935	n	10.3916	3.61318	7.842	32.6446
1397905346.999	n	10.3916	3.61317	7.829	32.6444
1397905347.061	n	10.3916	3.61316	7.813	32.6443
1397905347.123	n	10.3916	3.61315	7.794	32.6443
1397905347.185	n	10.3915	3.61316	7.781	32.6445
1397905347.250	n	10.3914	3.61316	7.769	32.6446
1397905347.311	n	10.3912	3.61316	7.750	32.6448
1397905347.374	n	10.3912	3.61316	7.735	32.6448
1397905347.436	n	10.3912	3.61315	7.718	32.6448
1397905347.499	n	10.3913	3.61315	7.705	32.6446
1397905347.560	n	10.3914	3.61315	7.685	32.6446
1397905347.623	n	10.3914	3.61315	7.672	32.6446
1397905347.687	n	10.3913	3.61316	7.656	32.6447
1397905347.748	n	10.3911	3.61315	7.636	32.6448
1397905347.811	n	10.3909	3.61313	7.623	32.6448
1397905347.873	n	10.3905	3.61310	7.607	32.6448
1397905347.935	n	10.3901	3.61308	7.589	32.6450
1397905347.999	n	10.3897	3.61306	7.572	32.6452
1397905348.060	n	10.3894	3.61305	7.555	32.6453
1397905348.123	n	10.3893	3.61304	7.539	32.6454
1397905348.186	n	10.3894	3.61304	7.521	32.6453
1397905348.250	n	10.3896	3.61304	7.505	32.6451
1397905348.311	n	10.3899	3.61306	7.482	32.6451
1397905348.374	n	10.3899	3.61307	7.467	32.6451
1397905348.436	n	10.3900	3.61307	7.449	32.6451
1397905348.499	n	10.3900	3.61307	7.433	32.6451
1397905348.561	n	10.3903	3.61308	7.411	32.6450
1397905348.623	n	10.3907	3.61310	7.392	32.6448
1397905348.687	n	10.3911	3.61313	7.373	32.6447
1397905348.748	n	10.3915	3.61315	7.356	32.6446
1397905348.810	n	10.3917	3.61316	7.337	32.6445
1397905348.874	n	10.3917	3.61315	7.319	32.6444
1397905348.935	n	10.3917	3.61315	7.300	32.6444
1397905349.000	n	10.3916	3.61314	7.281	32.6444
1397905349.062	n	10.3914	3.61314	7.265	32.6445
1397905349.123	n	10.3912	3.61313	7.246	32.6447
1397905349.186	n	10.3909	3.61312	7.225	32.6450
1397905349.249	n	10.3904	3.61311	7.207	32.6452
1397905349.311	n	10.3898	3.61309	7.192	32.6455
1397905349.374	n	10.3891	3.61306	7.172	32.6459
1397905349.435	n	10.3886	3.61305	7.150	32.6463
1397905349.499	n	10.3885	3.61306	7.131	32.6464
1397905349.587	y	10.3889	3.61308	7.112	32.6463
1397905349.623	n	10.3897	3.61310	7.093	32.6458
1397905349.685	n	10.3905	3.61311	7.072	32.6453
1397905349.750	n	10.3911	3.61311	7.051	32.6448
1397905349.811	n	10.3914	3.61311	7.033	32.6444
1397905349.872	n	10.3917	3.61311	7.011	32.6441
1397905349.937	n	10.3917	3.61309	6.996	32.6439
1397905349.998	n	10.3914	3.61306	6.975	32.6440
1397905350.061	n	10.3906	3.61303	6.955	32.6444
1397905350.123	n	10.3895	3.61300	6.931	32.6450
1397905350.187	y	10.3886	3.61299	6.912	32.6457
1397905350.316	n	10.3881	3.61298	6.892	32.6461
1397905350.322	n	10.3880	3.61298	6.874	32.6463
1397905350.373	n	10.3883	3.61300	6.852	32.6462
1397905350.435	n	10.3888	3.61302	6.833	32.6460
1397905350.499	n	10.3895	3.61304	6.811	32.6455
1397905350.560	n	10.3904	3.61306	6.792	32.6450
1397905350.622	n	10.3911	3.61307	6.773	32.6443
1397905350.686	n	10.3915	3.61306	6.751	32.6440
1397905350.750	n	10.3913	3.61305	6.732	32.6441
1397905350.810	n	10.3903	3.61303	6.709	32.6447
1397905350.873	n	10.3891	3.61300	6.693	32.6455
1397905350.935	n	10.3883	3.61299	6.672	32.6462
1397905350.998	n	10.3881	3.61300	6.652	32.6464
1397905351.174	y	10.3885	3.61302	6.630	32.6463
1397905351.180	n	10.3890	3.61303	6.611	32.6460
1397905351.187	n	10.3890	3.61303	6.593	32.6459
1397905351.248	n	10.3887	3.61301	6.572	32.6460
1397905351.311	n	10.3882	3.61298	6.554	32.6462
1397905351.374	n	10.3879	3.61296	6.537	32.6463
1397905351.437	n	10.3878	3.61296	6.516	32.6464
1397905351.498	n	10.3878	3.61297	6.499	32.6464
1397905351.560	n	10.3878	3.61297	6.479	32.6465
1397905351.624	n	10.3877	3.61297	6.460	32.6466
1397905351.686	n	10.3875	3.61297	6.440	32.6467
1397905351.747	n	10.3872	3.61295	6.420	32.6468
1397905351.812	n	10.3868	3.61294	6.401	32.6471
1397905351.873	n	10.3858	3.61291	6.382	32.6477
1397905351.937	n	10.3843	3.61289	6.365	32.6488
1397905351.998	n	10.3826	3.61285	6.343	32.6500
1397905352.061	n	10.3809	3.61280	6.323	32.6510
1397905352.124	n	10.3795	3.61276	6.301	32.6519
1397905352.186	n	10.3786	3.61273	6.282	32.6524
1397905352.250	n	10.3779	3.61272	6.267	32.6529
1397905352.311	n	10.3775	3.61271	6.245	32.6533
1397905352.373	n	10.3771	3.61270	6.223	32.6535
1397905352.438	n	10.3768	3.61270	6.202	32.6537
1397905352.499	n	10.3766	3.61268	6.180	32.6538
1397905352.560	n	10.3766	3.61269	6.161	32.6539
1397905352.623	n	10.3770	3.61271	6.144	32.6538
1397905352.686	n	10.3781	3.61275	6.123	32.6531
1397905352.747	n	10.3802	3.61279	6.102	32.6517
1397905352.810	n	10.3828	3.61284	6.082	32.6498
1397905352.873	n	10.3853	3.61287	6.061	32.6479
1397905352.935	n	10.3871	3.61289	6.041	32.6464
1397905352.998	n	10.3880	3.61289	6.020	32.6457
1397905353.061	n	10.3877	3.61286	5.997	32.6457
1397905353.122	n	10.3862	3.61283	5.977	32.6466
1397905353.186	n	10.3844	3.61279	5.958	32.6479
1397905353.259	y	10.3830	3.61277	5.939	32.6490
1397905353.310	n	10.3824	3.61277	5.920	32.6496
1397905353.373	n	10.3827	3.61279	5.901	32.6495
1397905353.435	n	10.3833	3.61281	5.883	32.6492
1397905353.499	n	10.3832	3.61282	5.864	32.6493
1397905353.560	n	10.3828	3.61281	5.844	32.6497
1397905353.624	n	10.3828	3.61282	5.825	32.6497
1397905353.685	n	10.3834	3.61283	5.810	32.6492
1397905353.748	n	10.3844	3.61283	5.789	32.6484
1397905353.811	n	10.3854	3.61284	5.771	32.6476
1397905353.874	n	10.3856	3.61283	5.755	32.6474
1397905353.936	n	10.3848	3.61282	5.732	32.6479
1397905353.997	n	10.3835	3.61281	5.714	32.6491
1397905354.062	n	10.3822	3.61280	5.696	32.6501
1397905354.124	n	10.3813	3.61279	5.681	32.6509
1397905354.186	n	10.3806	3.61278	5.661	32.6513
1397905354.249	n	10.3800	3.61276	5.644	32.6517
1397905354.311	n	10.3797	3.61274	5.623	32.6519
1397905354.373	n	10.3799	3.61273	5.606	32.6516
1397905354.436	n	10.3810	3.61273	5.590	32.6506
1397905354.498	n	10.3827	3.61273	5.573	32.6490
1397905354.561	n	10.3844	3.61273	5.556	32.6475
1397905354.623	n	10.3854	3.61273	5.538	32.6466
1397905354.685	n	10.3854	3.61273	5.523	32.6466
1397905354.748	n	10.3848	3.61274	5.508	32.6472
1397905354.810	n	10.3839	3.61275	5.493	32.6481
1397905354.874	n	10.3831	3.61275	5.479	32.6489
1397905354.936	n	10.3824	3.61274	5.465	32.6495
1397905354.999	n	10.3821	3.61273	5.448	32.6497
1397905355.061	n	10.3821	3.61273	5.432	32.6497
1397905355.123	n	10.3824	3.61274	5.419	32.6494
1397905355.187	n	10.3827	3.61275	5.404	32.6493
1397905355.248	n	10.3825	3.61276	5.393	32.6496
1397905355.475	y	10.3821	3.61276	5.372	32.6500
1397905355.484	n	10.3816	3.61276	5.362	32.6504
1397905355.490	n	10.3815	3.61277	5.348	32.6506
1397905355.499	n	10.3816	3.61278	5.336	32.6506
1397905355.561	n	10.3816	3.61279	5.323	32.6507
1397905355.622	n	10.3815	3.61279	5.310	32.6509
1397905355.687	n	10.3814	3.61279	5.296	32.6510
1397905355.748	n	10.3814	3.61278	5.282	32.6509
1397905355.811	n	10.3816	3.61277	5.269	32.6506
1397905355.873	n	10.3822	3.61277	5.252	32.6501
1397905355.937	n	10.3831	3.61278	5.238	32.6493
1397905355.998	n	10.3840	3.61279	5.227	32.6486
1397905356.061	n	10.3845	3.61280	5.212	32.6482
1397905356.122	n	10.3847	3.61281	5.199	32.6482
1397905356.186	n	10.3843	3.61282	5.184	32.6487
1397905356.247	n	10.3837	3.61283	5.168	32.6493
1397905356.310	n	10.3833	3.61283	5.154	32.6496
1397905356.374	n	10.3830	3.61281	5.140	32.6497
1397905356.437	n	10.3831	3.61281	5.127	32.6497
1397905356.499	n	10.3833	3.61281	5.110	32.6495
1397905356.560	n	10.3837	3.61283	5.100	32.6493
1397905356.623	n	10.3841	3.61284	5.082	32.6490
1397905356.685	n	10.3845	3.61285	5.069	32.6488
1397905356.749	n	10.3852	3.61285	5.054	32.6483
1397905356.811	n	10.3868	3.61288	5.038	32.6471
1397905356.874	n	10.3894	3.61293	5.019	32.6453
1397905356.941	y	10.3922	3.61299	5.005	32.6433
1397905356.998	n	10.3946	3.61304	4.989	32.6418
1397905357.061	n	10.3959	3.61309	4.972	32.6411
1397905357.123	n	10.3960	3.61312	4.957	32.6413
1397905357.186	n	10.3957	3.61313	4.943	32.6417
1397905357.248	n	10.3954	3.61313	4.927	32.6419
1397905357.311	n	10.3953	3.61313	4.909	32.6420
1397905357.374	n	10.3953	3.61312	4.888	32.6420
1397905357.436	n	10.3954	3.61312	4.873	32.6419
1397905357.501	n	10.3955	3.61312	4.856	32.6418
1397905357.562	n	10.3955	3.61311	4.837	32.6417
1397905357.623	n	10.3953	3.61311	4.817	32.6418
1397905357.686	n	10.3950	3.61311	4.798	32.6421
1397905357.749	n	10.3946	3.61310	4.777	32.6423
1397905357.811	n	10.3944	3.61308	4.760	32.6424
1397905357.874	n	10.3944	3.61308	4.742	32.6423
1397905357.937	n	10.3946	3.61307	4.720	32.6421
1397905357.998	n	10.3950	3.61307	4.701	32.6418
1397905358.061	n	10.3955	3.61306	4.685	32.6413
1397905358.123	n	10.3958	3.61306	4.664	32.6410
1397905358.185	n	10.3958	3.61306	4.649	32.6410
1397905358.248	n	10.3954	3.61306	4.629	32.6414
1397905358.311	n	10.3947	3.61306	4.609	32.6420
1397905358.374	n	10.3937	3.61304	4.590	32.6427
1397905358.437	n	10.3930	3.61304	4.569	32.6433
1397905358.498	n	10.3926	3.61303	4.547	32.6436
1397905358.561	n	10.3927	3.61304	4.528	32.6436
1397905358.623	n	10.3932	3.61304	4.510	32.6432
1397905358.685	n	10.3939	3.61304	4.489	32.6426
1397905358.748	n	10.3943	3.61304	4.471	32.6423
1397905358.811	n	10.3944	3.61305	4.449	32.6423
1397905358.873	n	10.3941	3.61305	4.429	32.6425
1397905358.937	n	10.3939	3.61306	4.407	32.6429
1397905358.999	n	10.3937	3.61307	4.387	32.6431
1397905359.061	n	10.3936	3.61307	4.366	32.6432
1397905359.122	n	10.3936	3.61306	4.347	32.6431
1397905359.186	n	10.3938	3.61304	4.326	32.6427
1397905359.249	n	10.3941	3.61301	4.306	32.6422
1397905359.311	n	10.3943	3.61300	4.286	32.6418
1397905359.374	n	10.3947	3.61301	4.271	32.6416
1397905359.436	n	10.3953	3.61304	4.247	32.6414
1397905359.498	n	10.3958	3.61307	4.228	32.6413
1397905359.671	y	10.3964	3.61309	4.205	32.6410
1397905359.678	n	10.3969	3.61310	4.189	32.6405
1397905359.689	n	10.3974	3.61310	4.167	32.6402
1397905359.748	n	10.3977	3.61311	4.147	32.6400
1397905359.810	n	10.3980	3.61313	4.129	32.6400
1397905359.873	n	10.3981	3.61314	4.106	32.6399
1397905359.937	n	10.3982	3.61316	4.085	32.6400
1397905360.000	n	10.3982	3.61316	4.064	32.6401
1397905360.062	n	10.3981	3.61315	4.044	32.6401
1397905360.123	n	10.3981	3.61314	4.022	32.6400
1397905360.187	n	10.3983	3.61315	3.998	32.6399
1397905360.248	n	10.3987	3.61317	3.975	32.6397
1397905360.311	n	10.3992	3.61319	3.956	32.6395
1397905360.374	n	10.3995	3.61319	3.935	32.6393
1397905360.435	n	10.3996	3.61319	3.914	32.6392
1397905360.498	y	10.3995	3.61318	3.892	32.6391
1397905360.561	n	10.3993	3.61316	3.875	32.6392
1397905360.623	n	10.3990	3.61315	3.850	32.6394
1397905360.687	n	10.3985	3.61313	3.827	32.6397
1397905360.747	n	10.3980	3.61312	3.808	32.6400
1397905360.810	n	10.3975	3.61311	3.791	32.6403
1397905360.873	n	10.3973	3.61310	3.767	32.6404
1397905360.936	n	10.3973	3.61309	3.748	32.6403
1397905361.001	n	10.3976	3.61310	3.726	32.6402
1397905361.060	n	10.3978	3.61311	3.707	32.6400
1397905361.123	n	10.3980	3.61311	3.689	32.6399
1397905361.185	n	10.3978	3.61310	3.666	32.6400
1397905361.248	n	10.3973	3.61308	3.646	32.6402
1397905361.312	n	10.3966	3.61305	3.625	32.6407
1397905361.374	n	10.3956	3.61303	3.607	32.6413
1397905361.436	n	10.3947	3.61302	3.585	32.6420
1397905361.498	n	10.3941	3.61303	3.566	32.6426
1397905361.560	n	10.3939	3.61304	3.546	32.6429
1397905361.623	n	10.3943	3.61305	3.526	32.6427
1397905361.688	n	10.3947	3.61306	3.508	32.6425
1397905361.748	n	10.3952	3.61307	3.493	32.6421
1397905361.811	n	10.3958	3.61307	3.474	32.6416
1397905361.873	n	10.3966	3.61308	3.457	32.6411
1397905361.935	n	10.3973	3.61309	3.445	32.6405
1397905361.998	n	10.3978	3.61310	3.429	32.6400
1397905362.061	n	10.3980	3.61310	3.411	32.6399
1397905362.124	n	10.3979	3.61310	3.401	32.6400
1397905362.186	n	10.3977	3.61311	3.386	32.6403
1397905362.247	n	10.3975	3.61311	3.372	32.6406
1397905362.310	n	10.3973	3.61312	3.362	32.6408
1397905362.373	n	10.3972	3.61311	3.349	32.6408
1397905362.435	n	10.3971	3.61311	3.336	32.6408
1397905362.499	n	10.3971	3.61310	3.327	32.6408
1397905362.560	n	10.3971	3.61311	3.320	32.6409
1397905362.624	n	10.3971	3.61312	3.313	32.6410
1397905362.689	n	10.3973	3.61311	3.299	32.6408
1397905362.749	n	10.3973	3.61310	3.288	32.6406
1397905362.811	n	10.3972	3.61307	3.283	32.6405
1397905362.874	n	10.3969	3.61305	3.272	32.6405
1397905362.937	n	10.3967	3.61304	3.264	32.6406
1397905362.998	n	10.3965	3.61303	3.255	32.6407
1397905363.061	n	10.3965	3.61303	3.246	32.6406
1397905363.124	n	10.3965	3.61303	3.238	32.6406
1397905363.185	n	10.3965	3.61302	3.226	32.6406
1397905363.249	n	10.3964	3.61301	3.219	32.6406
1397905363.310	n	10.3963	3.61300	3.212	32.6405
1397905363.374	n	10.3964	3.61299	3.206	32.6404
1397905363.436	n	10.3965	3.61299	3.198	32.6403
1397905363.498	n	10.3965	3.61300	3.191	32.6404
1397905363.561	n	10.3964	3.61301	3.182	32.6406
1397905363.624	n	10.3964	3.61302	3.174	32.6407
1397905363.690	n	10.3964	3.61302	3.167	32.6407
1397905363.748	n	10.3965	3.61302	3.162	32.6406
1397905363.928	y	10.3965	3.61302	3.154	32.6405
1397905363.934	n	10.3965	3.61301	3.147	32.6405
1397905363.940	n	10.3964	3.61301	3.139	32.6406
1397905363.998	n	10.3963	3.61301	3.131	32.6407
1397905364.061	n	10.3963	3.61301	3.125	32.6408
1397905364.124	n	10.3963	3.61303	3.117	32.6409
1397905364.257	y	10.3964	3.61304	3.106	32.6409
1397905364.262	n	10.3966	3.61305	3.099	32.6409
1397905364.310	n	10.3968	3.61306	3.089	32.6408
1397905364.373	n	10.3970	3.61306	3.076	32.6406
1397905364.436	n	10.3973	3.61306	3.066	32.6403
1397905364.499	n	10.3975	3.61306	3.053	32.6401
1397905364.616	y	10.3978	3.61306	3.043	32.6399
1397905364.623	n	10.3980	3.61306	3.032	32.6398
1397905364.687	n	10.3980	3.61306	3.019	32.6397
1397905364.748	n	10.3981	3.61307	3.000	32.6397
1397905364.810	n	10.3983	3.61307	2.994	32.6396
1397905364.873	n	10.3984	3.61308	2.980	32.6396
1397905364.937	n	10.3984	3.61308	2.964	32.6396
1397905365.000	n	10.3979	3.61306	2.952	32.6398
1397905365.061	n	10.3969	3.61300	2.939	32.6401
1397905365.123	n	10.3959	3.61293	2.924	32.6404
1397905365.185	n	10.3952	3.61289	2.907	32.6406
1397905365.249	n	10.3951	3.61287	2.895	32.6405
1397905365.310	n	10.3958	3.61290	2.880	32.6402
1397905365.372	n	10.3967	3.61295	2.865	32.6399
1397905365.435	n	10.3975	3.61301	2.848	32.6397
1397905365.499	n	10.3981	3.61304	2.831	32.6395
1397905365.560	n	10.3985	3.61307	2.818	32.6395
1397905365.623	n	10.3986	3.61308	2.802	32.6395
1397905365.687	n	10.3986	3.61308	2.786	32.6395
1397905365.748	n	10.3986	3.61306	2.770	32.6394
1397905365.810	n	10.3986	3.61306	2.752	32.6393
1397905365.873	n	10.3986	3.61305	2.736	32.6392
1397905365.935	n	10.3987	3.61305	2.717	32.6391
1397905365.999	n	10.3989	3.61306	2.703	32.6390
1397905366.062	n	10.3990	3.61307	2.682	32.6390
1397905366.123	n	10.3991	3.61307	2.664	32.6390
1397905366.185	n	10.3991	3.61307	2.646	32.6390
1397905366.249	n	10.3992	3.61308	2.625	32.6390
1397905366.311	n	10.3994	3.61309	2.611	32.6389
1397905366.372	n	10.3997	3.61309	2.591	32.6386
1397905366.437	n	10.4000	3.61309	2.574	32.6384
1397905366.500	n	10.4002	3.61309	2.552	32.6383
1397905366.561	n	10.4002	3.61310	2.533	32.6384
1397905366.624	n	10.4002	3.61312	2.513	32.6386
1397905366.685	n	10.4001	3.61313	2.492	32.6387
1397905366.750	n	10.4001	3.61313	2.473	32.6387
1397905366.810	n	10.4001	3.61311	2.453	32.6386
1397905366.874	n	10.4000	3.61310	2.431	32.6386
1397905366.937	n	10.3999	3.61310	2.406	32.6386
1397905366.998	n	10.4000	3.61309	2.384	32.6385
1397905367.061	n	10.4002	3.61309	2.361	32.6384
1397905367.124	n	10.4005	3.61308	2.343	32.6380
1397905367.187	n	10.4011	3.61308	2.318	32.6375
1397905367.249	n	10.4019	3.61309	2.299	32.6369
1397905367.311	n	10.4030	3.61311	2.274	32.6361
1397905367.374	n	10.4043	3.61312	2.251	32.6350
1397905367.437	n	10.4056	3.61313	2.230	32.6340
1397905367.498	n	10.4067	3.61314	2.209	32.6331
1397905367.561	n	10.4073	3.61314	2.184	32.6325
1397905367.623	n	10.4078	3.61315	2.162	32.6322
1397905367.687	n	10.4080	3.61315	2.139	32.6320
1397905367.749	n	10.4082	3.61314	2.120	32.6318
1397905367.810	n	10.4083	3.61315	2.095	32.6318
1397905367.874	y	10.4085	3.61316	2.074	32.6318
1397905367.947	n	10.4086	3.61317	2.051	32.6317
1397905367.999	n	10.4088	3.61318	2.026	32.6317
1397905368.240	y	10.4087	3.61318	2.005	32.6318
1397905368.247	n	10.4082	3.61317	1.988	32.6321
1397905368.253	n	10.4074	3.61316	1.966	32.6327
1397905368.258	n	10.4064	3.61314	1.944	32.6334
1397905368.310	n	10.4058	3.61312	1.923	32.6339
1397905368.373	n	10.4054	3.61311	1.899	32.6341
1397905368.436	n	10.4056	3.61311	1.879	32.6339
1397905368.499	n	10.4059	3.61312	1.858	32.6337
1397905368.562	n	10.4062	3.61312	1.836	32.6335
1397905368.622	n	10.4063	3.61313	1.815	32.6336
1397905368.688	n	10.4061	3.61313	1.794	32.6337
1397905368.749	n	10.4058	3.61312	1.770	32.6339
1397905368.811	n	10.4054	3.61311	1.751	32.6341
1397905368.872	n	10.4052	3.61311	1.732	32.6343
1397905368.936	n	10.4053	3.61310	1.711	32.6341
1397905368.998	n	10.4057	3.61310	1.692	32.6338
1397905369.061	n	10.4061	3.61310	1.676	32.6334
1397905369.124	n	10.4065	3.61310	1.654	32.6330
1397905369.185	n	10.4068	3.61311	1.637	32.6329
1397905369.249	n	10.4069	3.61311	1.621	32.6329
1397905369.310	n	10.4069	3.61311	1.599	32.6328
1397905369.373	n	10.4070	3.61311	1.586	32.6327
1397905369.437	n	10.4072	3.61311	1.570	32.6325
1397905369.499	n	10.4075	3.61310	1.553	32.6322
1397905369.561	n	10.4077	3.61310	1.539	32.6320
1397905369.623	n	10.4079	3.61310	1.524	32.6319
1397905369.689	n	10.4079	3.61310	1.504	32.6318
1397905369.748	n	10.4080	3.61310	1.490	32.6319
1397905369.812	n	10.4080	3.61311	1.481	32.6319
1397905369.874	n	10.4080	3.61311	1.464	32.6319
1397905369.936	n	10.4080	3.61311	1.450	32.6319
1397905369.999	n	10.4080	3.61311	1.439	32.6319
1397905370.061	n	10.4081	3.61311	1.427	32.6318
1397905370.123	n	10.4082	3.61311	1.408	32.6318
1397905370.186	n	10.4082	3.61311	1.401	32.6317
1397905370.248	n	10.4082	3.61311	1.384	32.6317
1397905370.311	n	10.4083	3.61311	1.371	32.6317
1397905370.374	n	10.4083	3.61310	1.357	32.6316
1397905370.437	n	10.4084	3.61310	1.342	32.6315
1397905370.498	n	10.4084	3.61310	1.332	32.6315
1397905370.561	n	10.4085	3.61311	1.322	32.6315
1397905370.624	n	10.4085	3.61312	1.307	32.6316
1397905370.685	n	10.4083	3.61310	1.299	32.6316
1397905370.750	n	10.4081	3.61307	1.288	32.6315
1397905370.811	n	10.4078	3.61305	1.281	32.6316
1397905370.873	n	10.4074	3.61305	1.269	32.6319
1397905370.936	n	10.4071	3.61306	1.259	32.6324
1397905370.999	n	10.4069	3.61310	1.251	32.6328
1397905371.060	n	10.4068	3.61310	1.243	32.6330
1397905371.123	n	10.4068	3.61310	1.237	32.6329
1397905371.185	n	10.4069	3.61309	1.227	32.6328
1397905371.249	n	10.4069	3.61308	1.214	32.6327
1397905371.312	n	10.4069	3.61308	1.204	32.6327
1397905371.374	n	10.4070	3.61309	1.197	32.6327
1397905371.436	n	10.4070	3.61309	1.192	32.6328
1397905371.498	n	10.4070	3.61306	1.187	32.6325
1397905371.560	y	10.4070	3.61303	1.185	32.6322
1397905371.623	n	10.4070	3.61302	1.179	32.6321
1397905371.685	n	10.4070	3.61303	1.175	32.6321
1397905371.750	n	10.4070	3.61305	1.174	32.6323
1397905371.811	n	10.4070	3.61308	1.171	32.6327
1397905371.872	n	10.4069	3.61308	1.169	32.6327
1397905371.936	n	10.4068	3.61308	1.163	32.6328
1397905372.000	n	10.4066	3.61308	1.158	32.6330
1397905372.060	n	10.4065	3.61308	1.150	32.6331
1397905372.124	n	10.4064	3.61308	1.144	32.6332
1397905372.187	n	10.4063	3.61307	1.134	32.6332
1397905372.248	n	10.4061	3.61307	1.130	32.6334
1397905372.492	y	10.4060	3.61307	1.123	32.6335
1397905372.501	n	10.4059	3.61307	1.114	32.6336
1397905372.507	n	10.4058	3.61307	1.105	32.6336
1397905372.512	n	10.4058	3.61306	1.100	32.6336
1397905372.561	n	10.4058	3.61305	1.091	32.6335
1397905372.623	n	10.4058	3.61305	1.080	32.6335
1397905372.687	n	10.4058	3.61305	1.074	32.6335
1397905372.749	n	10.4058	3.61305	1.065	32.6335
1397905372.811	n	10.4058	3.61304	1.060	32.6334
1397905372.874	n	10.4058	3.61303	1.053	32.6333
1397905372.936	n	10.4057	3.61302	1.043	32.6332
1397905372.998	n	10.4057	3.61301	1.031	32.6332
1397905373.060	n	10.4056	3.61300	1.025	32.6331
1397905373.123	n	10.4056	3.61300	1.016	32.6331
1397905373.187	n	10.4056	3.61300	1.008	32.6332
1397905373.248	n	10.4058	3.61301	0.998	32.6331
1397905373.311	n	10.4061	3.61303	0.990	32.6330
1397905373.373	n	10.4066	3.61305	0.982	32.6328
1397905373.436	n	10.4070	3.61306	0.968	32.6325
1397905373.498	n	10.4075	3.61305	0.963	32.6320
1397905373.561	n	10.4080	3.61303	0.948	32.6314
1397905373.624	n	10.4085	3.61300	0.933	32.6307
1397905373.685	n	10.4089	3.61297	0.925	32.6299
1397905373.748	n	10.4091	3.61294	0.913	32.6294
1397905373.810	n	10.4091	3.61293	0.903	32.6293
1397905373.873	n	10.4089	3.61293	0.891	32.6295
1397905373.935	n	10.4087	3.61293	0.878	32.6297
1397905373.998	n	10.4085	3.61294	0.868	32.6301
1397905374.061	n	10.4082	3.61295	0.857	32.6304
1397905374.124	n	10.4081	3.61297	0.839	32.6307
1397905374.188	n	10.4081	3.61299	0.828	32.6309
1397905374.249	n	10.4082	3.61302	0.811	32.6311
1397905374.311	n	10.4083	3.61304	0.801	32.6312
1397905374.372	n	10.4084	3.61305	0.786	32.6312
1397905374.435	n	10.4084	3.61304	0.770	32.6312
1397905374.499	n	10.4083	3.61304	0.757	32.6312
1397905374.562	n	10.4083	3.61303	0.743	32.6311
1397905374.624	n	10.4084	3.61301	0.729	32.6308
1397905374.687	n	10.4084	3.61298	0.712	32.6306
1397905374.748	n	10.4085	3.61296	0.702	32.6303
1397905374.811	n	10.4085	3.61295	0.687	32.6302
1397905374.876	n	10.4085	3.61294	0.676	32.6301
1397905374.936	n	10.4084	3.61293	0.660	32.6301
1397905374.998	n	10.4082	3.61291	0.646	32.6301
1397905375.060	n	10.4081	3.61290	0.631	32.6301
1397905375.124	n	10.4080	3.61288	0.616	32.6299
1397905375.186	y	10.4080	3.61286	0.603	32.6299
1397905375.248	n	10.4079	3.61286	0.589	32.6299
1397905375.311	n	10.4079	3.61286	0.577	32.6298
1397905375.373	n	10.4078	3.61286	0.564	32.6299
1397905375.436	n	10.4077	3.61285	0.551	32.6300
1397905375.498	n	10.4074	3.61284	0.541	32.6302
1397905375.561	n	10.4069	3.61281	0.528	32.6303
1397905375.623	n	10.4064	3.61277	0.517	32.6303
1397905375.686	n	10.4058	3.61271	0.507	32.6303
