Source File: D:\Storage\Programs\OOI\Group 5\Correspondence\07_18_14 sample files\files\11097083.PPB
Processed: 07/18/2014 12:27:44
Using Version: 1.11
Device: CTD
Start Date: 04/19/2014
Timestamp (s)	Suspect Timestamp	Temperature	Conductivity	Pressure	Salinity
1397926784.683	y	10.1971	3.60377	20.491	32.7195
1397926784.745	n	10.1969	3.60378	20.502	32.7197
1397926784.809	n	10.1970	3.60375	20.509	32.7194
1397926784.870	n	10.1969	3.60377	20.491	32.7196
1397926784.933	n	10.1970	3.60378	20.502	32.7197
1397926784.996	n	10.1972	3.60375	20.530	32.7192
1397926785.060	n	10.1972	3.60380	20.540	32.7197
1397926785.124	n	10.1971	3.60376	20.509	32.7194
1397926785.185	n	10.1971	3.60376	20.514	32.7193
1397926785.247	n	10.1972	3.60377	20.522	32.7194
1397926785.311	n	10.1971	3.60377	20.530	32.7194
1397926785.373	n	10.1971	3.60377	20.540	32.7195
1397926785.435	n	10.1971	3.60378	20.545	32.7196
1397926785.499	n	10.1971	3.60379	20.555	32.7196
1397926785.561	n	10.1972	3.60379	20.560	32.7196
1397926785.623	n	10.1972	3.60379	20.565	32.7195
1397926785.687	n	10.1974	3.60378	20.573	32.7193
1397926785.747	n	10.1975	3.60378	20.587	32.7192
1397926785.810	n	10.1975	3.60379	20.595	32.7192
1397926785.872	n	10.1976	3.60379	20.601	32.7192
1397926785.935	n	10.1977	3.60379	20.610	32.7191
1397926785.997	n	10.1978	3.60378	20.618	32.7189
1397926786.061	n	10.1979	3.60378	20.630	32.7187
1397926786.123	n	10.1981	3.60379	20.635	32.7186
1397926786.187	n	10.1984	3.60379	20.648	32.7184
1397926786.936	n	10.1987	3.60379	20.651	32.7182
1397926786.956	n	10.1991	3.60379	20.662	32.7178
1397926786.980	n	10.1995	3.60379	20.671	32.7174
1397926786.988	n	10.2001	3.60379	20.680	32.7168
1397926786.994	n	10.2009	3.60379	20.686	32.7162
1397926787.002	n	10.2018	3.60379	20.696	32.7153
1397926787.008	n	10.2030	3.60380	20.702	32.7143
1397926787.015	n	10.2043	3.60381	20.714	32.7132
1397926787.022	n	10.2057	3.60382	20.724	32.7121
1397926787.028	n	10.2069	3.60382	20.730	32.7110
1397926787.035	n	10.2079	3.60383	20.736	32.7102
1397926787.041	n	10.2086	3.60383	20.742	32.7096
1397926787.047	n	10.2092	3.60384	20.751	32.7091
1397926787.059	n	10.2097	3.60384	20.757	32.7086
1397926787.124	n	10.2101	3.60383	20.763	32.7082
1397926787.187	n	10.2105	3.60382	20.769	32.7077
1397926787.249	n	10.2108	3.60382	20.774	32.7075
1397926787.311	n	10.2111	3.60383	20.781	32.7073
1397926787.374	n	10.2115	3.60383	20.790	32.7070
1397926787.448	n	10.2118	3.60384	20.797	32.7068
1397926787.497	n	10.2122	3.60384	20.798	32.7064
1397926787.561	n	10.2126	3.60384	20.800	32.7061
1397926787.622	n	10.2129	3.60384	20.805	32.7058
1397926787.688	n	10.2133	3.60384	20.810	32.7054
1397926787.748	n	10.2137	3.60383	20.814	32.7050
1397926787.809	n	10.2140	3.60383	20.821	32.7047
1397926787.873	n	10.2143	3.60383	20.822	32.7044
1397926787.935	n	10.2146	3.60384	20.825	32.7042
1397926787.998	n	10.2149	3.60385	20.828	32.7041
1397926788.060	n	10.2151	3.60385	20.836	32.7039
1397926788.125	n	10.2153	3.60385	20.837	32.7037
1397926788.185	n	10.2155	3.60385	20.837	32.7035
1397926788.256	n	10.2157	3.60385	20.841	32.7033
1397926788.311	n	10.2159	3.60385	20.845	32.7032
1397926788.372	n	10.2161	3.60386	20.845	32.7031
1397926788.435	n	10.2163	3.60386	20.844	32.7029
1397926788.497	n	10.2165	3.60387	20.849	32.7028
1397926788.559	n	10.2166	3.60387	20.850	32.7026
1397926788.622	n	10.2168	3.60386	20.848	32.7025
1397926788.688	n	10.2169	3.60386	20.848	32.7024
1397926788.749	n	10.2171	3.60387	20.848	32.7023
1397926788.809	n	10.2172	3.60387	20.849	32.7022
1397926788.874	n	10.2173	3.60387	20.845	32.7021
1397926788.937	n	10.2174	3.60387	20.843	32.7020
1397926788.997	n	10.2175	3.60387	20.845	32.7019
1397926789.060	n	10.2175	3.60387	20.843	32.7019
1397926789.123	n	10.2176	3.60387	20.843	32.7018
1397926789.188	n	10.2177	3.60387	20.841	32.7018
1397926789.251	n	10.2177	3.60388	20.838	32.7018
1397926789.310	n	10.2178	3.60388	20.835	32.7017
1397926789.373	n	10.2179	3.60387	20.832	32.7016
1397926789.437	n	10.2179	3.60387	20.829	32.7015
1397926789.500	n	10.2180	3.60387	20.827	32.7015
1397926789.560	n	10.2181	3.60388	20.824	32.7015
1397926789.624	n	10.2181	3.60388	20.823	32.7015
1397926789.687	n	10.2180	3.60387	20.817	32.7015
1397926789.748	n	10.2180	3.60387	20.814	32.7014
1397926789.810	n	10.2181	3.60387	20.810	32.7014
1397926789.873	n	10.2181	3.60387	20.810	32.7014
1397926789.935	n	10.2181	3.60388	20.808	32.7014
1397926790.000	n	10.2182	3.60389	20.803	32.7015
1397926790.062	n	10.2183	3.60389	20.797	32.7015
1397926790.122	n	10.2184	3.60388	20.789	32.7013
1397926790.187	n	10.2184	3.60388	20.790	32.7012
1397926790.402	y	10.2185	3.60387	20.789	32.7010
1397926790.472	y	10.2184	3.60387	20.786	32.7011
1397926790.481	n	10.2182	3.60387	20.784	32.7013
1397926790.489	n	10.2180	3.60388	20.780	32.7015
1397926790.499	n	10.2177	3.60388	20.774	32.7018
1397926790.561	n	10.2175	3.60388	20.775	32.7020
1397926790.624	n	10.2173	3.60387	20.776	32.7022
1397926790.688	n	10.2171	3.60388	20.774	32.7024
1397926790.750	n	10.2170	3.60388	20.766	32.7025
1397926790.809	n	10.2168	3.60387	20.765	32.7026
1397926790.872	n	10.2167	3.60388	20.764	32.7027
1397926790.937	n	10.2167	3.60388	20.762	32.7028
1397926791.000	n	10.2166	3.60388	20.757	32.7029
1397926791.061	n	10.2166	3.60389	20.755	32.7030
1397926791.124	n	10.2166	3.60390	20.756	32.7031
1397926791.185	n	10.2166	3.60389	20.755	32.7030
1397926791.247	n	10.2166	3.60389	20.750	32.7029
1397926791.309	n	10.2167	3.60388	20.744	32.7028
1397926791.372	n	10.2168	3.60387	20.744	32.7026
1397926791.438	n	10.2169	3.60385	20.747	32.7024
1397926791.498	n	10.2169	3.60385	20.738	32.7022
1397926791.560	n	10.2169	3.60385	20.735	32.7023
1397926791.623	n	10.2169	3.60386	20.734	32.7024
1397926791.686	n	10.2169	3.60387	20.731	32.7025
1397926791.748	n	10.2170	3.60389	20.725	32.7026
1397926791.811	n	10.2170	3.60389	20.724	32.7026
1397926791.873	n	10.2170	3.60389	20.719	32.7026
1397926791.936	n	10.2170	3.60389	20.716	32.7027
1397926791.997	n	10.2169	3.60389	20.715	32.7026
1397926792.060	n	10.2169	3.60388	20.710	32.7026
1397926792.123	n	10.2169	3.60387	20.706	32.7025
1397926792.185	n	10.2169	3.60387	20.702	32.7026
1397926792.249	n	10.2168	3.60387	20.696	32.7026
1397926792.312	n	10.2168	3.60387	20.694	32.7026
1397926792.375	n	10.2168	3.60386	20.691	32.7025
1397926792.437	n	10.2168	3.60387	20.687	32.7026
1397926792.501	n	10.2167	3.60387	20.683	32.7027
1397926792.561	n	10.2167	3.60388	20.681	32.7029
1397926792.625	n	10.2167	3.60389	20.679	32.7030
1397926792.684	n	10.2166	3.60389	20.672	32.7030
1397926792.748	n	10.2166	3.60389	20.670	32.7030
1397926792.811	n	10.2165	3.60389	20.667	32.7030
1397926792.874	n	10.2164	3.60389	20.665	32.7031
1397926792.935	n	10.2164	3.60389	20.661	32.7032
1397926792.999	n	10.2163	3.60390	20.660	32.7034
1397926793.067	n	10.2164	3.60391	20.658	32.7034
1397926793.122	n	10.2164	3.60391	20.655	32.7034
1397926793.184	n	10.2164	3.60390	20.651	32.7033
1397926793.247	n	10.2164	3.60390	20.649	32.7033
1397926793.311	n	10.2164	3.60390	20.649	32.7033
1397926793.373	n	10.2163	3.60389	20.646	32.7033
1397926793.436	n	10.2163	3.60389	20.642	32.7033
1397926793.497	n	10.2163	3.60389	20.641	32.7032
1397926793.560	n	10.2164	3.60389	20.642	32.7032
1397926793.624	n	10.2164	3.60389	20.638	32.7032
1397926793.686	n	10.2164	3.60389	20.638	32.7032
1397926793.748	n	10.2164	3.60388	20.632	32.7031
1397926793.810	n	10.2164	3.60388	20.632	32.7031
1397926793.874	n	10.2163	3.60388	20.628	32.7032
1397926793.934	y	10.2163	3.60388	20.627	32.7032
1397926793.999	n	10.2164	3.60389	20.620	32.7032
1397926794.060	n	10.2165	3.60389	20.619	32.7032
1397926794.124	n	10.2165	3.60390	20.618	32.7032
1397926794.186	n	10.2165	3.60390	20.611	32.7032
1397926794.248	n	10.2165	3.60391	20.608	32.7033
1397926794.310	n	10.2165	3.60391	20.601	32.7033
1397926794.373	n	10.2165	3.60391	20.599	32.7033
1397926794.435	n	10.2166	3.60391	20.595	32.7032
1397926794.661	y	10.2166	3.60391	20.588	32.7032
1397926794.669	y	10.2166	3.60391	20.584	32.7032
1397926794.676	n	10.2167	3.60391	20.580	32.7032
1397926794.685	n	10.2167	3.60391	20.575	32.7031
1397926794.746	n	10.2167	3.60391	20.571	32.7032
1397926794.810	n	10.2166	3.60391	20.563	32.7032
1397926794.872	n	10.2166	3.60390	20.551	32.7032
1397926794.961	n	10.2167	3.60390	20.548	32.7030
1397926794.997	n	10.2169	3.60389	20.547	32.7028
1397926795.060	n	10.2170	3.60388	20.537	32.7025
1397926795.124	n	10.2172	3.60387	20.534	32.7024
1397926795.184	n	10.2173	3.60387	20.527	32.7022
1397926795.249	n	10.2174	3.60388	20.522	32.7022
1397926795.309	n	10.2175	3.60388	20.515	32.7022
1397926795.374	n	10.2176	3.60388	20.510	32.7020
1397926795.453	n	10.2178	3.60387	20.506	32.7018
1397926795.498	n	10.2180	3.60387	20.500	32.7016
1397926795.559	n	10.2182	3.60387	20.495	32.7015
1397926795.622	n	10.2183	3.60388	20.487	32.7014
1397926795.685	n	10.2185	3.60388	20.482	32.7013
1397926795.748	n	10.2187	3.60387	20.478	32.7011
1397926795.810	n	10.2188	3.60386	20.471	32.7008
1397926795.874	n	10.2190	3.60386	20.468	32.7006
1397926795.935	n	10.2192	3.60386	20.460	32.7004
1397926795.998	n	10.2194	3.60387	20.454	32.7003
1397926796.061	n	10.2196	3.60388	20.454	32.7002
1397926796.124	n	10.2198	3.60389	20.445	32.7002
1397926796.186	n	10.2200	3.60389	20.442	32.7000
1397926796.248	n	10.2201	3.60389	20.436	32.7000
1397926796.310	n	10.2203	3.60389	20.431	32.6998
1397926796.372	n	10.2204	3.60388	20.425	32.6996
1397926796.436	n	10.2206	3.60388	20.419	32.6994
1397926796.497	n	10.2208	3.60388	20.414	32.6993
1397926796.559	n	10.2209	3.60388	20.408	32.6991
1397926796.623	n	10.2211	3.60388	20.401	32.6989
1397926796.769	n	10.2212	3.60387	20.397	32.6988
1397926796.775	n	10.2214	3.60387	20.392	32.6986
1397926796.811	n	10.2216	3.60387	20.385	32.6984
1397926796.872	n	10.2217	3.60387	20.377	32.6983
1397926796.935	n	10.2219	3.60387	20.366	32.6982
1397926796.997	n	10.2221	3.60388	20.362	32.6981
1397926797.060	n	10.2222	3.60390	20.354	32.6981
1397926797.122	n	10.2224	3.60391	20.346	32.6981
1397926797.185	n	10.2226	3.60391	20.339	32.6979
1397926797.248	n	10.2227	3.60390	20.330	32.6977
1397926797.309	n	10.2229	3.60389	20.321	32.6974
1397926797.372	n	10.2232	3.60387	20.309	32.6970
1397926797.436	n	10.2234	3.60387	20.301	32.6968
1397926797.497	n	10.2237	3.60387	20.288	32.6966
1397926797.561	n	10.2238	3.60388	20.279	32.6965
1397926797.622	y	10.2240	3.60388	20.270	32.6964
1397926797.686	n	10.2243	3.60389	20.257	32.6963
1397926797.748	n	10.2245	3.60389	20.243	32.6960
1397926797.810	n	10.2247	3.60389	20.236	32.6959
1397926797.872	n	10.2248	3.60388	20.221	32.6957
1397926797.935	n	10.2250	3.60388	20.205	32.6955
1397926797.997	n	10.2252	3.60387	20.193	32.6953
1397926798.059	n	10.2254	3.60388	20.182	32.6951
1397926798.124	n	10.2256	3.60386	20.166	32.6948
1397926798.185	n	10.2258	3.60386	20.156	32.6946
1397926798.248	n	10.2260	3.60385	20.142	32.6944
1397926798.310	n	10.2262	3.60384	20.125	32.6941
1397926798.372	n	10.2264	3.60384	20.112	32.6939
1397926798.436	n	10.2266	3.60385	20.097	32.6938
1397926798.497	n	10.2268	3.60385	20.084	32.6937
1397926798.559	n	10.2269	3.60387	20.069	32.6937
1397926798.623	n	10.2271	3.60387	20.049	32.6936
1397926798.687	n	10.2274	3.60387	20.038	32.6934
1397926798.846	y	10.2276	3.60387	20.018	32.6932
1397926798.852	n	10.2279	3.60387	20.005	32.6930
1397926798.873	n	10.2281	3.60387	19.989	32.6928
1397926798.935	n	10.2283	3.60387	19.971	32.6926
1397926798.998	n	10.2285	3.60387	19.954	32.6924
1397926799.060	n	10.2287	3.60387	19.940	32.6922
1397926799.123	n	10.2290	3.60386	19.922	32.6919
1397926799.186	n	10.2293	3.60385	19.905	32.6915
1397926799.247	n	10.2296	3.60384	19.889	32.6911
1397926799.310	n	10.2300	3.60384	19.873	32.6908
1397926799.372	n	10.2303	3.60385	19.853	32.6906
1397926799.436	n	10.2306	3.60386	19.840	32.6904
1397926799.497	n	10.2309	3.60386	19.822	32.6902
1397926799.559	n	10.2313	3.60386	19.801	32.6898
1397926799.624	n	10.2316	3.60384	19.783	32.6894
1397926799.684	n	10.2320	3.60384	19.765	32.6890
1397926799.748	n	10.2323	3.60384	19.745	32.6887
1397926799.810	n	10.2327	3.60384	19.729	32.6884
1397926799.873	n	10.2331	3.60383	19.708	32.6880
1397926799.936	n	10.2335	3.60382	19.690	32.6876
1397926799.998	n	10.2338	3.60382	19.671	32.6872
1397926800.061	n	10.2342	3.60382	19.648	32.6869
1397926800.123	n	10.2346	3.60383	19.630	32.6866
1397926800.184	n	10.2350	3.60384	19.609	32.6864
1397926800.247	n	10.2353	3.60384	19.591	32.6861
1397926800.309	n	10.2356	3.60384	19.573	32.6858
1397926800.374	n	10.2359	3.60384	19.553	32.6856
1397926800.435	n	10.2362	3.60385	19.530	32.6854
1397926800.498	n	10.2365	3.60385	19.509	32.6851
1397926800.560	n	10.2368	3.60384	19.488	32.6848
1397926800.622	n	10.2370	3.60384	19.469	32.6846
1397926800.686	n	10.2373	3.60383	19.448	32.6843
1397926800.748	n	10.2375	3.60382	19.423	32.6840
1397926800.810	n	10.2377	3.60382	19.405	32.6838
1397926800.874	n	10.2380	3.60382	19.390	32.6835
1397926800.936	n	10.2382	3.60381	19.363	32.6833
1397926800.997	n	10.2385	3.60382	19.342	32.6831
1397926801.061	n	10.2387	3.60382	19.321	32.6829
1397926801.123	n	10.2390	3.60381	19.300	32.6826
1397926801.186	n	10.2393	3.60381	19.279	32.6824
1397926801.308	y	10.2396	3.60382	19.260	32.6821
1397926801.313	n	10.2399	3.60381	19.243	32.6818
1397926801.373	n	10.2403	3.60381	19.222	32.6815
1397926801.435	n	10.2407	3.60382	19.203	32.6812
1397926801.498	n	10.2411	3.60382	19.187	32.6809
1397926801.560	n	10.2415	3.60382	19.168	32.6805
1397926801.622	n	10.2420	3.60382	19.151	32.6801
1397926801.686	n	10.2424	3.60382	19.133	32.6797
1397926801.747	n	10.2428	3.60382	19.116	32.6793
1397926801.810	n	10.2433	3.60382	19.099	32.6789
1397926801.874	n	10.2436	3.60381	19.084	32.6786
1397926801.934	n	10.2439	3.60381	19.066	32.6782
1397926801.998	n	10.2443	3.60380	19.049	32.6779
1397926802.059	n	10.2446	3.60379	19.037	32.6775
1397926802.122	n	10.2449	3.60379	19.019	32.6772
1397926802.186	n	10.2451	3.60378	19.005	32.6769
1397926802.248	n	10.2454	3.60378	18.991	32.6767
1397926802.310	n	10.2456	3.60378	18.977	32.6765
1397926802.372	n	10.2459	3.60379	18.964	32.6763
1397926802.435	n	10.2461	3.60379	18.951	32.6761
1397926802.497	n	10.2463	3.60379	18.939	32.6760
1397926802.561	n	10.2464	3.60378	18.924	32.6758
1397926802.623	n	10.2466	3.60378	18.911	32.6757
1397926802.685	n	10.2467	3.60378	18.902	32.6756
1397926802.748	n	10.2468	3.60378	18.890	32.6755
1397926802.811	n	10.2469	3.60379	18.876	32.6754
1397926802.873	n	10.2470	3.60379	18.864	32.6753
1397926802.936	n	10.2471	3.60379	18.848	32.6753
1397926803.108	y	10.2472	3.60379	18.835	32.6752
1397926803.113	n	10.2473	3.60378	18.825	32.6750
1397926803.124	n	10.2475	3.60378	18.813	32.6748
1397926803.187	n	10.2477	3.60378	18.797	32.6746
1397926803.247	n	10.2479	3.60378	18.785	32.6745
1397926803.309	n	10.2480	3.60379	18.773	32.6745
1397926803.372	n	10.2481	3.60378	18.757	32.6744
1397926803.436	n	10.2482	3.60378	18.744	32.6742
1397926803.498	n	10.2483	3.60377	18.730	32.6741
1397926803.560	n	10.2484	3.60377	18.714	32.6740
1397926803.623	n	10.2485	3.60376	18.699	32.6738
1397926803.684	n	10.2487	3.60376	18.686	32.6737
1397926803.748	n	10.2489	3.60377	18.674	32.6735
1397926803.810	n	10.2491	3.60377	18.656	32.6734
1397926803.874	n	10.2493	3.60377	18.639	32.6733
1397926803.935	n	10.2495	3.60378	18.625	32.6731
1397926803.998	n	10.2496	3.60378	18.607	32.6730
1397926804.061	n	10.2498	3.60378	18.592	32.6728
1397926804.123	n	10.2500	3.60379	18.576	32.6727
1397926804.185	n	10.2502	3.60378	18.561	32.6726
1397926804.247	n	10.2503	3.60377	18.540	32.6724
1397926804.310	n	10.2504	3.60375	18.526	32.6721
1397926804.373	n	10.2505	3.60374	18.511	32.6719
1397926804.435	n	10.2507	3.60374	18.493	32.6717
1397926804.497	n	10.2508	3.60373	18.474	32.6715
1397926804.561	n	10.2510	3.60373	18.459	32.6714
1397926804.623	n	10.2511	3.60373	18.445	32.6712
1397926804.684	n	10.2513	3.60373	18.426	32.6711
1397926804.747	n	10.2514	3.60373	18.407	32.6710
1397926804.809	n	10.2516	3.60374	18.388	32.6709
1397926804.872	n	10.2517	3.60375	18.371	32.6709
1397926804.935	y	10.2519	3.60375	18.355	32.6708
1397926804.997	n	10.2521	3.60375	18.339	32.6707
1397926805.059	n	10.2522	3.60375	18.319	32.6705
1397926805.122	n	10.2523	3.60374	18.302	32.6703
1397926805.185	n	10.2525	3.60373	18.280	32.6701
1397926805.248	n	10.2526	3.60373	18.261	32.6700
1397926805.310	n	10.2528	3.60372	18.244	32.6698
1397926805.373	n	10.2529	3.60372	18.226	32.6696
1397926805.434	n	10.2531	3.60372	18.207	32.6695
1397926805.498	n	10.2532	3.60371	18.185	32.6693
1397926805.561	n	10.2534	3.60371	18.167	32.6691
1397926805.623	n	10.2535	3.60371	18.148	32.6689
1397926805.685	n	10.2537	3.60371	18.134	32.6688
1397926805.747	n	10.2539	3.60371	18.112	32.6687
1397926805.810	n	10.2541	3.60371	18.090	32.6686
1397926805.874	n	10.2543	3.60371	18.071	32.6684
1397926805.935	n	10.2544	3.60371	18.048	32.6682
1397926805.997	n	10.2546	3.60371	18.027	32.6680
1397926806.061	n	10.2548	3.60371	18.007	32.6680
1397926806.123	n	10.2549	3.60372	17.984	32.6679
1397926806.184	n	10.2550	3.60372	17.963	32.6678
1397926806.247	n	10.2552	3.60372	17.941	32.6677
1397926806.309	n	10.2553	3.60371	17.918	32.6675
1397926806.372	n	10.2555	3.60371	17.902	32.6673
1397926806.436	n	10.2556	3.60370	17.882	32.6672
1397926806.498	n	10.2558	3.60371	17.862	32.6670
1397926806.561	n	10.2560	3.60371	17.840	32.6669
1397926806.624	n	10.2561	3.60372	17.819	32.6669
1397926806.685	n	10.2562	3.60371	17.795	32.6667
1397926806.749	n	10.2563	3.60370	17.775	32.6666
1397926806.810	n	10.2564	3.60369	17.755	32.6663
1397926806.872	n	10.2566	3.60368	17.732	32.6661
1397926806.937	n	10.2567	3.60367	17.710	32.6659
1397926807.107	y	10.2569	3.60367	17.690	32.6657
1397926807.113	n	10.2571	3.60368	17.668	32.6657
1397926807.123	n	10.2572	3.60369	17.646	32.6657
1397926807.185	n	10.2574	3.60369	17.625	32.6656
1397926807.390	y	10.2575	3.60370	17.606	32.6655
1397926807.398	n	10.2577	3.60371	17.580	32.6655
1397926807.403	n	10.2578	3.60370	17.562	32.6653
1397926807.435	n	10.2580	3.60369	17.540	32.6651
1397926807.501	n	10.2581	3.60369	17.521	32.6649
1397926807.560	n	10.2583	3.60368	17.497	32.6647
1397926807.623	n	10.2585	3.60369	17.480	32.6646
1397926807.684	n	10.2588	3.60369	17.463	32.6644
1397926807.748	n	10.2590	3.60370	17.445	32.6643
1397926807.810	n	10.2593	3.60370	17.422	32.6640
1397926807.874	n	10.2597	3.60369	17.403	32.6636
1397926807.934	n	10.2600	3.60368	17.384	32.6633
1397926807.997	n	10.2603	3.60368	17.367	32.6629
1397926808.060	n	10.2606	3.60367	17.350	32.6626
1397926808.123	n	10.2610	3.60367	17.332	32.6623
1397926808.186	n	10.2613	3.60368	17.310	32.6621
1397926808.248	n	10.2616	3.60369	17.297	32.6619
1397926808.310	n	10.2619	3.60369	17.284	32.6616
1397926808.374	n	10.2622	3.60368	17.267	32.6613
1397926808.435	n	10.2625	3.60367	17.248	32.6610
1397926808.499	n	10.2628	3.60366	17.232	32.6606
1397926808.567	y	10.2632	3.60366	17.216	32.6602
1397926808.622	n	10.2635	3.60367	17.206	32.6599
1397926808.686	n	10.2639	3.60367	17.187	32.6597
1397926808.748	n	10.2642	3.60368	17.172	32.6595
1397926808.811	n	10.2644	3.60368	17.153	32.6593
1397926808.874	n	10.2646	3.60368	17.141	32.6591
1397926808.937	n	10.2648	3.60368	17.128	32.6589
1397926808.998	n	10.2651	3.60368	17.112	32.6587
1397926809.061	n	10.2654	3.60368	17.101	32.6584
1397926809.122	n	10.2658	3.60367	17.083	32.6581
1397926809.186	n	10.2662	3.60367	17.070	32.6577
1397926809.247	n	10.2666	3.60368	17.051	32.6573
1397926809.310	n	10.2672	3.60368	17.038	32.6569
1397926809.373	n	10.2678	3.60368	17.024	32.6564
1397926809.434	n	10.2684	3.60367	17.009	32.6557
1397926809.501	n	10.2690	3.60365	16.991	32.6550
1397926809.559	n	10.2697	3.60365	16.979	32.6543
1397926809.623	n	10.2705	3.60366	16.961	32.6537
1397926809.686	n	10.2712	3.60368	16.946	32.6532
1397926809.748	n	10.2719	3.60369	16.929	32.6528
1397926809.810	n	10.2726	3.60370	16.913	32.6522
1397926809.873	n	10.2732	3.60369	16.895	32.6516
1397926809.934	n	10.2737	3.60368	16.882	32.6510
1397926809.998	n	10.2742	3.60366	16.860	32.6505
1397926810.059	n	10.2747	3.60366	16.844	32.6500
1397926810.123	n	10.2752	3.60366	16.824	32.6495
1397926810.186	n	10.2758	3.60365	16.809	32.6490
1397926810.248	n	10.2764	3.60366	16.792	32.6485
1397926810.309	n	10.2769	3.60366	16.769	32.6480
1397926810.374	n	10.2775	3.60366	16.752	32.6475
1397926810.435	n	10.2781	3.60367	16.742	32.6470
1397926810.497	n	10.2787	3.60366	16.718	32.6465
1397926810.559	n	10.2793	3.60367	16.691	32.6461
1397926810.623	n	10.2799	3.60367	16.677	32.6456
1397926810.684	n	10.2804	3.60367	16.655	32.6450
1397926810.747	n	10.2810	3.60367	16.637	32.6445
1397926810.811	n	10.2816	3.60367	16.616	32.6440
1397926810.873	n	10.2821	3.60366	16.598	32.6434
1397926810.935	n	10.2827	3.60366	16.577	32.6429
1397926810.997	n	10.2833	3.60366	16.556	32.6424
1397926811.060	n	10.2840	3.60367	16.536	32.6419
1397926811.123	n	10.2847	3.60367	16.516	32.6413
1397926811.186	n	10.2854	3.60368	16.496	32.6407
1397926811.247	n	10.2861	3.60368	16.476	32.6401
1397926811.310	n	10.2868	3.60368	16.455	32.6395
1397926811.373	n	10.2874	3.60368	16.437	32.6389
1397926811.434	n	10.2880	3.60367	16.412	32.6384
1397926811.687	y	10.2885	3.60367	16.390	32.6378
1397926811.696	n	10.2890	3.60367	16.371	32.6374
1397926811.706	n	10.2895	3.60367	16.349	32.6369
1397926811.712	n	10.2900	3.60367	16.325	32.6365
1397926811.747	n	10.2904	3.60367	16.302	32.6362
1397926811.811	n	10.2908	3.60368	16.279	32.6360
1397926811.873	n	10.2911	3.60368	16.257	32.6357
1397926811.935	n	10.2914	3.60368	16.235	32.6354
1397926811.998	n	10.2917	3.60367	16.209	32.6351
1397926812.060	n	10.2920	3.60366	16.184	32.6347
1397926812.122	n	10.2923	3.60366	16.163	32.6344
1397926812.185	n	10.2926	3.60365	16.136	32.6341
1397926812.266	y	10.2929	3.60364	16.109	32.6338
1397926812.311	n	10.2932	3.60364	16.085	32.6335
1397926812.374	n	10.2935	3.60364	16.059	32.6333
1397926812.435	n	10.2938	3.60365	16.038	32.6331
1397926812.497	n	10.2941	3.60366	16.014	32.6328
1397926812.560	n	10.2945	3.60366	15.985	32.6326
1397926812.623	n	10.2948	3.60367	15.958	32.6323
1397926812.688	n	10.2952	3.60367	15.932	32.6320
1397926812.748	n	10.2955	3.60367	15.906	32.6317
1397926812.810	n	10.2958	3.60367	15.879	32.6315
1397926812.873	n	10.2960	3.60367	15.856	32.6314
1397926812.935	n	10.2963	3.60367	15.824	32.6311
1397926812.998	n	10.2965	3.60367	15.803	32.6309
1397926813.061	n	10.2969	3.60366	15.777	32.6305
1397926813.122	n	10.2972	3.60365	15.746	32.6301
1397926813.187	n	10.2975	3.60365	15.725	32.6298
1397926813.247	n	10.2978	3.60366	15.694	32.6297
1397926813.310	n	10.2981	3.60366	15.667	32.6295
1397926813.374	n	10.2983	3.60366	15.643	32.6293
1397926813.437	n	10.2986	3.60365	15.616	32.6289
1397926813.498	n	10.2989	3.60364	15.592	32.6286
1397926813.560	n	10.2992	3.60364	15.566	32.6284
1397926813.622	n	10.2995	3.60365	15.538	32.6282
1397926813.689	n	10.2997	3.60365	15.512	32.6280
1397926813.747	n	10.3000	3.60365	15.488	32.6278
1397926813.809	n	10.3002	3.60365	15.462	32.6276
1397926813.874	n	10.3004	3.60365	15.439	32.6274
1397926813.936	n	10.3006	3.60365	15.418	32.6272
1397926813.997	n	10.3008	3.60365	15.393	32.6271
1397926814.060	n	10.3010	3.60365	15.372	32.6269
1397926814.122	n	10.3012	3.60365	15.348	32.6267
1397926814.185	n	10.3014	3.60365	15.327	32.6266
1397926814.247	n	10.3016	3.60365	15.305	32.6264
1397926814.310	n	10.3018	3.60364	15.283	32.6262
1397926814.374	n	10.3020	3.60364	15.265	32.6260
1397926814.435	n	10.3021	3.60365	15.246	32.6259
1397926814.497	n	10.3023	3.60364	15.223	32.6257
1397926814.560	n	10.3026	3.60364	15.205	32.6254
1397926814.623	n	10.3028	3.60364	15.188	32.6252
1397926814.689	n	10.3031	3.60363	15.167	32.6249
1397926814.747	n	10.3033	3.60363	15.152	32.6247
1397926814.809	n	10.3035	3.60364	15.136	32.6246
1397926814.873	n	10.3037	3.60365	15.116	32.6245
1397926814.936	n	10.3039	3.60365	15.103	32.6244
1397926814.998	n	10.3041	3.60365	15.088	32.6242
1397926815.060	n	10.3044	3.60364	15.072	32.6239
1397926815.122	n	10.3046	3.60363	15.053	32.6236
1397926815.184	n	10.3048	3.60362	15.039	32.6232
1397926815.247	n	10.3050	3.60362	15.026	32.6231
1397926815.309	n	10.3052	3.60363	15.012	32.6230
1397926815.373	n	10.3054	3.60363	15.002	32.6229
1397926815.435	n	10.3057	3.60363	14.979	32.6227
1397926815.498	n	10.3059	3.60363	14.959	32.6225
1397926815.559	n	10.3061	3.60363	14.949	32.6223
1397926815.623	n	10.3063	3.60362	14.931	32.6220
1397926815.685	n	10.3065	3.60362	14.915	32.6218
1397926815.860	y	10.3067	3.60361	14.900	32.6216
1397926815.866	n	10.3069	3.60361	14.887	32.6215
1397926815.872	n	10.3071	3.60363	14.868	32.6214
1397926815.958	y	10.3073	3.60364	14.846	32.6213
1397926815.997	n	10.3075	3.60365	14.829	32.6213
1397926816.060	n	10.3077	3.60365	14.814	32.6211
1397926816.122	n	10.3079	3.60364	14.798	32.6208
1397926816.185	n	10.3081	3.60363	14.781	32.6206
1397926816.248	n	10.3082	3.60363	14.763	32.6205
1397926816.311	n	10.3083	3.60363	14.745	32.6203
1397926816.375	n	10.3084	3.60362	14.727	32.6203
1397926816.437	n	10.3084	3.60361	14.712	32.6202
1397926816.496	n	10.3084	3.60362	14.696	32.6202
1397926816.561	n	10.3085	3.60361	14.678	32.6201
1397926816.623	n	10.3086	3.60362	14.664	32.6201
1397926816.686	n	10.3087	3.60362	14.643	32.6200
1397926816.748	n	10.3087	3.60362	14.627	32.6199
1397926816.810	n	10.3088	3.60362	14.613	32.6199
1397926816.872	n	10.3088	3.60363	14.599	32.6200
1397926816.936	n	10.3088	3.60364	14.582	32.6201
1397926816.997	n	10.3089	3.60364	14.561	32.6201
1397926817.060	n	10.3089	3.60365	14.546	32.6201
1397926817.124	n	10.3090	3.60364	14.528	32.6200
1397926817.185	n	10.3090	3.60363	14.514	32.6198
1397926817.248	n	10.3090	3.60362	14.501	32.6198
1397926817.310	n	10.3090	3.60362	14.480	32.6197
1397926817.372	n	10.3090	3.60363	14.464	32.6198
1397926817.434	n	10.3091	3.60364	14.446	32.6199
1397926817.499	n	10.3091	3.60364	14.432	32.6199
1397926817.560	n	10.3092	3.60364	14.414	32.6199
1397926817.623	n	10.3092	3.60365	14.396	32.6199
1397926817.686	n	10.3092	3.60365	14.378	32.6199
1397926817.747	n	10.3092	3.60363	14.360	32.6198
1397926817.809	n	10.3092	3.60362	14.342	32.6197
1397926817.873	n	10.3092	3.60361	14.322	32.6195
1397926817.936	n	10.3093	3.60361	14.302	32.6195
1397926817.997	n	10.3093	3.60362	14.281	32.6196
1397926818.059	n	10.3093	3.60363	14.262	32.6197
1397926818.123	n	10.3093	3.60364	14.242	32.6198
1397926818.186	n	10.3092	3.60363	14.219	32.6198
1397926818.247	n	10.3092	3.60363	14.197	32.6198
1397926818.310	n	10.3092	3.60363	14.178	32.6199
1397926818.372	n	10.3091	3.60363	14.157	32.6199
1397926818.436	n	10.3091	3.60363	14.134	32.6199
1397926818.497	n	10.3092	3.60362	14.110	32.6198
1397926818.560	n	10.3092	3.60362	14.089	32.6198
1397926818.622	n	10.3092	3.60362	14.069	32.6198
1397926818.686	n	10.3092	3.60362	14.045	32.6198
1397926818.749	n	10.3092	3.60362	14.023	32.6198
1397926818.811	n	10.3092	3.60361	13.999	32.6197
1397926818.873	n	10.3091	3.60361	13.976	32.6198
1397926818.936	n	10.3090	3.60361	13.956	32.6199
1397926818.997	n	10.3089	3.60361	13.932	32.6200
1397926819.060	n	10.3089	3.60361	13.913	32.6200
1397926819.122	n	10.3090	3.60361	13.891	32.6200
1397926819.187	n	10.3090	3.60361	13.867	32.6199
1397926819.248	n	10.3091	3.60361	13.844	32.6199
1397926819.310	n	10.3091	3.60361	13.823	32.6199
1397926819.372	n	10.3091	3.60361	13.799	32.6199
1397926819.435	n	10.3091	3.60362	13.778	32.6200
1397926819.512	y	10.3090	3.60363	13.753	32.6201
1397926819.560	n	10.3090	3.60363	13.732	32.6202
1397926819.622	n	10.3090	3.60362	13.711	32.6201
1397926819.686	n	10.3090	3.60361	13.690	32.6200
1397926819.748	n	10.3090	3.60360	13.664	32.6199
1397926819.810	n	10.3090	3.60359	13.641	32.6199
1397926819.873	n	10.3090	3.60359	13.619	32.6199
1397926819.937	n	10.3090	3.60358	13.597	32.6198
1397926820.143	y	10.3090	3.60358	13.573	32.6198
1397926820.149	n	10.3090	3.60359	13.550	32.6199
1397926820.154	n	10.3090	3.60360	13.527	32.6200
1397926820.184	n	10.3090	3.60361	13.502	32.6201
1397926820.248	n	10.3090	3.60362	13.482	32.6202
1397926820.311	n	10.3090	3.60362	13.459	32.6202
1397926820.373	n	10.3089	3.60361	13.438	32.6202
1397926820.436	n	10.3089	3.60361	13.416	32.6202
1397926820.497	n	10.3089	3.60361	13.391	32.6202
1397926820.560	n	10.3090	3.60360	13.364	32.6201
1397926820.622	n	10.3090	3.60361	13.343	32.6202
1397926820.686	n	10.3090	3.60361	13.319	32.6202
1397926820.748	n	10.3090	3.60360	13.292	32.6201
1397926820.810	n	10.3091	3.60361	13.272	32.6201
1397926820.873	n	10.3091	3.60361	13.254	32.6201
1397926820.936	n	10.3091	3.60362	13.229	32.6202
1397926820.998	n	10.3091	3.60362	13.207	32.6203
1397926821.061	n	10.3091	3.60362	13.184	32.6203
1397926821.123	n	10.3090	3.60362	13.162	32.6203
1397926821.186	n	10.3091	3.60362	13.144	32.6203
1397926821.247	n	10.3091	3.60361	13.122	32.6202
1397926821.309	n	10.3091	3.60361	13.101	32.6201
1397926821.373	n	10.3092	3.60361	13.081	32.6201
1397926821.434	n	10.3092	3.60360	13.063	32.6200
1397926821.498	n	10.3092	3.60360	13.043	32.6200
1397926821.560	n	10.3091	3.60359	13.019	32.6200
1397926821.623	n	10.3091	3.60360	12.998	32.6201
1397926821.686	n	10.3090	3.60360	12.979	32.6202
1397926821.747	n	10.3090	3.60361	12.962	32.6203
1397926821.811	n	10.3091	3.60361	12.935	32.6202
1397926821.873	n	10.3091	3.60361	12.913	32.6202
1397926821.936	n	10.3092	3.60361	12.894	32.6201
1397926821.997	n	10.3093	3.60361	12.875	32.6201
1397926822.060	n	10.3093	3.60362	12.853	32.6202
1397926822.123	n	10.3093	3.60363	12.829	32.6203
1397926822.186	n	10.3093	3.60363	12.807	32.6203
1397926822.309	y	10.3092	3.60363	12.785	32.6204
1397926822.314	n	10.3092	3.60362	12.762	32.6204
1397926822.375	n	10.3092	3.60362	12.741	32.6204
1397926822.436	n	10.3092	3.60363	12.719	32.6205
1397926822.497	n	10.3092	3.60363	12.702	32.6205
1397926822.561	n	10.3092	3.60363	12.682	32.6204
1397926822.623	n	10.3092	3.60362	12.657	32.6204
1397926822.685	n	10.3093	3.60361	12.638	32.6203
1397926822.747	n	10.3093	3.60362	12.617	32.6203
1397926822.810	n	10.3093	3.60363	12.591	32.6204
1397926822.874	n	10.3093	3.60364	12.575	32.6205
1397926822.935	n	10.3094	3.60364	12.556	32.6205
1397926822.998	n	10.3093	3.60363	12.534	32.6205
1397926823.061	n	10.3093	3.60363	12.511	32.6205
1397926823.123	n	10.3093	3.60362	12.492	32.6205
1397926823.187	n	10.3092	3.60362	12.472	32.6205
1397926823.247	y	10.3092	3.60362	12.451	32.6205
1397926823.311	n	10.3092	3.60362	12.429	32.6205
1397926823.373	n	10.3092	3.60362	12.410	32.6205
1397926823.436	n	10.3092	3.60362	12.389	32.6205
1397926823.497	n	10.3092	3.60361	12.369	32.6205
1397926823.559	n	10.3092	3.60361	12.347	32.6204
1397926823.622	n	10.3092	3.60361	12.329	32.6204
1397926823.684	n	10.3092	3.60360	12.307	32.6204
1397926823.747	n	10.3092	3.60360	12.287	32.6204
1397926823.809	n	10.3092	3.60361	12.270	32.6205
1397926823.875	n	10.3092	3.60363	12.249	32.6206
1397926823.934	n	10.3092	3.60363	12.229	32.6207
1397926823.997	n	10.3093	3.60363	12.207	32.6206
1397926824.060	n	10.3093	3.60363	12.187	32.6206
1397926824.123	n	10.3093	3.60363	12.167	32.6206
1397926824.184	n	10.3093	3.60363	12.149	32.6206
1397926824.381	y	10.3093	3.60363	12.125	32.6206
1397926824.387	n	10.3093	3.60362	12.103	32.6205
1397926824.393	n	10.3093	3.60362	12.084	32.6205
1397926824.437	n	10.3094	3.60363	12.064	32.6206
1397926824.498	n	10.3094	3.60365	12.041	32.6208
1397926824.561	n	10.3094	3.60367	12.018	32.6210
1397926824.622	n	10.3094	3.60366	11.998	32.6209
1397926824.686	n	10.3094	3.60365	11.978	32.6208
1397926824.748	n	10.3094	3.60363	11.959	32.6207
1397926824.811	n	10.3094	3.60363	11.940	32.6206
1397926824.874	n	10.3094	3.60363	11.917	32.6206
1397926824.935	n	10.3095	3.60364	11.898	32.6207
1397926824.998	n	10.3095	3.60364	11.876	32.6206
1397926825.060	n	10.3095	3.60365	11.859	32.6208
1397926825.123	n	10.3094	3.60365	11.840	32.6209
1397926825.187	n	10.3094	3.60366	11.821	32.6210
1397926825.247	n	10.3094	3.60367	11.802	32.6210
1397926825.311	n	10.3095	3.60367	11.777	32.6210
1397926825.374	n	10.3095	3.60366	11.756	32.6209
1397926825.436	n	10.3095	3.60366	11.737	32.6209
1397926825.498	n	10.3096	3.60365	11.712	32.6208
1397926825.561	n	10.3096	3.60365	11.694	32.6207
1397926825.624	n	10.3097	3.60365	11.676	32.6207
1397926825.685	n	10.3097	3.60365	11.656	32.6207
1397926825.747	n	10.3097	3.60365	11.638	32.6206
1397926825.810	n	10.3097	3.60364	11.618	32.6206
1397926825.872	n	10.3098	3.60366	11.597	32.6207
1397926825.936	n	10.3098	3.60367	11.574	32.6208
1397926825.998	n	10.3099	3.60367	11.556	32.6208
1397926826.060	n	10.3099	3.60368	11.535	32.6208
1397926826.123	n	10.3100	3.60368	11.515	32.6208
1397926826.184	n	10.3100	3.60368	11.497	32.6208
1397926826.247	n	10.3100	3.60368	11.476	32.6207
1397926826.309	n	10.3101	3.60368	11.458	32.6207
1397926826.374	n	10.3101	3.60367	11.435	32.6206
1397926826.434	n	10.3101	3.60366	11.416	32.6205
1397926826.498	n	10.3101	3.60365	11.396	32.6204
1397926826.560	n	10.3102	3.60365	11.375	32.6204
1397926826.623	n	10.3102	3.60366	11.357	32.6205
1397926826.684	n	10.3102	3.60368	11.338	32.6206
1397926826.749	n	10.3103	3.60369	11.319	32.6207
1397926826.811	n	10.3103	3.60369	11.298	32.6207
1397926826.874	n	10.3103	3.60368	11.277	32.6206
1397926826.999	y	10.3103	3.60367	11.259	32.6205
1397926827.004	n	10.3102	3.60367	11.243	32.6206
1397926827.061	n	10.3102	3.60368	11.223	32.6207
1397926827.123	n	10.3103	3.60368	11.201	32.6207
1397926827.186	n	10.3103	3.60368	11.182	32.6206
1397926827.248	n	10.3103	3.60367	11.165	32.6205
1397926827.310	n	10.3104	3.60366	11.147	32.6204
1397926827.374	n	10.3104	3.60367	11.128	32.6204
1397926827.436	n	10.3104	3.60367	11.108	32.6205
1397926827.498	n	10.3104	3.60367	11.090	32.6205
1397926827.560	n	10.3104	3.60368	11.069	32.6206
1397926827.624	n	10.3104	3.60369	11.052	32.6206
1397926827.685	n	10.3105	3.60369	11.039	32.6206
1397926827.748	n	10.3105	3.60369	11.023	32.6206
1397926827.810	n	10.3106	3.60370	11.004	32.6207
1397926827.872	n	10.3106	3.60369	10.987	32.6206
1397926827.935	n	10.3105	3.60369	10.967	32.6207
1397926827.999	n	10.3105	3.60370	10.949	32.6208
1397926828.061	n	10.3105	3.60370	10.931	32.6208
1397926828.123	n	10.3105	3.60371	10.918	32.6209
1397926828.186	n	10.3105	3.60372	10.903	32.6209
1397926828.248	n	10.3106	3.60372	10.885	32.6209
1397926828.311	n	10.3106	3.60371	10.865	32.6208
1397926828.373	n	10.3106	3.60371	10.851	32.6208
1397926828.436	n	10.3107	3.60370	10.833	32.6207
1397926828.561	y	10.3108	3.60370	10.816	32.6206
1397926828.566	n	10.3108	3.60371	10.796	32.6206
1397926828.623	n	10.3109	3.60371	10.778	32.6206
1397926828.686	n	10.3109	3.60371	10.760	32.6206
1397926828.748	n	10.3110	3.60372	10.742	32.6206
1397926828.810	n	10.3110	3.60372	10.723	32.6206
1397926828.873	n	10.3110	3.60372	10.708	32.6206
1397926828.936	n	10.3110	3.60372	10.689	32.6206
1397926828.998	n	10.3110	3.60371	10.671	32.6206
1397926829.061	n	10.3110	3.60372	10.652	32.6206
1397926829.122	n	10.3110	3.60372	10.631	32.6207
1397926829.186	n	10.3111	3.60373	10.617	32.6206
1397926829.248	n	10.3113	3.60373	10.596	32.6205
1397926829.310	n	10.3114	3.60373	10.573	32.6205
1397926829.372	n	10.3114	3.60374	10.556	32.6205
1397926829.436	n	10.3115	3.60375	10.540	32.6205
1397926829.497	n	10.3115	3.60374	10.519	32.6205
1397926829.559	n	10.3115	3.60374	10.497	32.6205
1397926829.622	n	10.3115	3.60374	10.481	32.6205
1397926829.686	n	10.3116	3.60375	10.462	32.6205
1397926829.748	n	10.3116	3.60376	10.441	32.6206
1397926829.810	n	10.3117	3.60377	10.422	32.6207
1397926829.873	n	10.3117	3.60377	10.403	32.6206
1397926829.936	n	10.3118	3.60376	10.382	32.6205
1397926829.998	n	10.3118	3.60376	10.366	32.6204
1397926830.059	n	10.3118	3.60375	10.347	32.6204
1397926830.122	n	10.3119	3.60375	10.323	32.6204
1397926830.186	n	10.3119	3.60376	10.305	32.6205
1397926830.248	n	10.3119	3.60377	10.286	32.6205
1397926830.311	n	10.3119	3.60378	10.264	32.6205
1397926830.374	n	10.3120	3.60378	10.244	32.6205
1397926830.435	n	10.3121	3.60378	10.223	32.6205
1397926830.521	y	10.3122	3.60379	10.202	32.6205
1397926830.560	n	10.3122	3.60379	10.188	32.6205
1397926830.624	n	10.3121	3.60380	10.165	32.6206
1397926830.687	n	10.3121	3.60380	10.141	32.6207
1397926830.747	n	10.3121	3.60380	10.115	32.6207
1397926830.809	n	10.3121	3.60380	10.092	32.6207
1397926830.872	n	10.3122	3.60380	10.071	32.6207
1397926830.935	n	10.3122	3.60380	10.045	32.6207
1397926830.998	n	10.3122	3.60380	10.021	32.6206
1397926831.060	n	10.3123	3.60381	9.996	32.6207
1397926831.122	n	10.3123	3.60382	9.973	32.6208
1397926831.185	n	10.3123	3.60383	9.949	32.6208
1397926831.248	n	10.3123	3.60383	9.925	32.6208
1397926831.310	n	10.3124	3.60382	9.900	32.6208
1397926831.373	n	10.3124	3.60382	9.876	32.6207
1397926831.435	n	10.3124	3.60382	9.848	32.6207
1397926831.497	n	10.3125	3.60383	9.819	32.6208
1397926831.560	n	10.3125	3.60383	9.797	32.6208
1397926831.624	n	10.3126	3.60383	9.770	32.6207
1397926831.687	n	10.3126	3.60383	9.743	32.6207
1397926831.747	n	10.3127	3.60383	9.715	32.6206
1397926831.809	n	10.3127	3.60382	9.693	32.6206
1397926831.872	n	10.3127	3.60383	9.666	32.6206
1397926831.936	n	10.3127	3.60382	9.639	32.6206
1397926831.998	n	10.3127	3.60382	9.615	32.6206
1397926832.061	n	10.3127	3.60381	9.588	32.6205
1397926832.123	n	10.3127	3.60381	9.563	32.6205
1397926832.186	n	10.3126	3.60380	9.537	32.6205
1397926832.248	n	10.3126	3.60380	9.511	32.6205
1397926832.310	n	10.3126	3.60380	9.485	32.6205
1397926832.374	n	10.3126	3.60381	9.462	32.6206
1397926832.435	n	10.3127	3.60381	9.439	32.6206
1397926832.498	n	10.3127	3.60382	9.414	32.6207
1397926832.560	n	10.3127	3.60383	9.392	32.6208
1397926832.624	n	10.3126	3.60383	9.367	32.6209
1397926832.685	n	10.3126	3.60384	9.344	32.6210
1397926832.823	y	10.3126	3.60385	9.325	32.6211
1397926832.828	n	10.3125	3.60385	9.302	32.6212
1397926832.873	n	10.3125	3.60385	9.277	32.6212
1397926832.937	n	10.3125	3.60385	9.256	32.6212
1397926832.998	n	10.3126	3.60384	9.239	32.6211
1397926833.061	n	10.3126	3.60384	9.218	32.6210
1397926833.122	n	10.3126	3.60384	9.198	32.6210
1397926833.186	n	10.3126	3.60385	9.180	32.6212
1397926833.248	n	10.3126	3.60386	9.159	32.6213
1397926833.310	n	10.3125	3.60386	9.139	32.6213
1397926833.374	n	10.3125	3.60387	9.118	32.6214
1397926833.435	n	10.3125	3.60387	9.104	32.6215
1397926833.498	n	10.3124	3.60387	9.082	32.6215
1397926833.560	n	10.3125	3.60388	9.064	32.6216
1397926833.624	n	10.3125	3.60388	9.048	32.6216
1397926833.685	n	10.3126	3.60387	9.030	32.6215
1397926833.747	n	10.3126	3.60386	9.013	32.6214
1397926833.809	n	10.3126	3.60385	8.996	32.6213
1397926833.874	n	10.3126	3.60384	8.982	32.6212
1397926833.936	n	10.3126	3.60385	8.964	32.6212
1397926833.998	n	10.3126	3.60385	8.950	32.6213
1397926834.061	n	10.3127	3.60386	8.928	32.6213
1397926834.124	n	10.3127	3.60387	8.912	32.6214
1397926834.227	y	10.3127	3.60389	8.895	32.6216
1397926834.248	n	10.3127	3.60389	8.878	32.6216
1397926834.311	n	10.3127	3.60389	8.859	32.6216
1397926834.372	n	10.3128	3.60388	8.844	32.6215
1397926834.436	n	10.3129	3.60387	8.832	32.6213
1397926834.498	n	10.3129	3.60387	8.813	32.6213
1397926834.561	n	10.3129	3.60388	8.792	32.6214
1397926834.624	n	10.3128	3.60389	8.775	32.6216
1397926834.685	n	10.3128	3.60391	8.758	32.6218
1397926834.747	n	10.3128	3.60390	8.742	32.6217
1397926834.809	n	10.3129	3.60389	8.726	32.6216
1397926834.873	n	10.3130	3.60389	8.705	32.6214
1397926834.936	n	10.3131	3.60389	8.688	32.6213
1397926834.998	n	10.3131	3.60391	8.668	32.6215
1397926835.061	n	10.3131	3.60393	8.649	32.6217
1397926835.123	n	10.3131	3.60393	8.632	32.6217
1397926835.186	n	10.3131	3.60393	8.614	32.6217
1397926835.248	n	10.3131	3.60391	8.594	32.6216
1397926835.309	n	10.3131	3.60390	8.574	32.6215
1397926835.373	n	10.3131	3.60389	8.556	32.6215
1397926835.435	n	10.3131	3.60390	8.539	32.6215
1397926835.498	n	10.3131	3.60391	8.519	32.6216
1397926835.561	n	10.3131	3.60393	8.501	32.6218
1397926835.623	n	10.3131	3.60395	8.483	32.6220
1397926835.687	n	10.3131	3.60397	8.464	32.6222
1397926835.748	n	10.3131	3.60397	8.445	32.6222
1397926835.810	n	10.3131	3.60397	8.432	32.6222
1397926835.874	n	10.3131	3.60396	8.413	32.6221
1397926835.936	n	10.3131	3.60396	8.393	32.6221
1397926835.998	n	10.3132	3.60397	8.371	32.6222
1397926836.061	n	10.3132	3.60398	8.353	32.6222
1397926836.123	n	10.3133	3.60398	8.333	32.6222
1397926836.185	n	10.3134	3.60399	8.319	32.6222
1397926836.248	n	10.3134	3.60400	8.299	32.6223
1397926836.311	n	10.3133	3.60401	8.281	32.6225
1397926836.373	n	10.3133	3.60401	8.264	32.6225
1397926836.435	n	10.3133	3.60402	8.244	32.6226
1397926836.499	n	10.3134	3.60402	8.222	32.6226
1397926836.561	n	10.3135	3.60403	8.209	32.6226
1397926836.622	n	10.3135	3.60404	8.190	32.6227
1397926836.686	n	10.3136	3.60405	8.173	32.6227
1397926836.748	n	10.3136	3.60405	8.152	32.6227
1397926836.810	n	10.3137	3.60405	8.137	32.6227
1397926836.873	n	10.3138	3.60404	8.119	32.6225
1397926836.935	n	10.3139	3.60404	8.102	32.6224
1397926837.085	y	10.3139	3.60404	8.081	32.6223
1397926837.090	n	10.3140	3.60404	8.058	32.6223
1397926837.123	n	10.3141	3.60404	8.042	32.6222
1397926837.187	n	10.3142	3.60404	8.023	32.6221
1397926837.248	n	10.3144	3.60404	8.001	32.6220
1397926837.311	n	10.3145	3.60404	7.982	32.6218
1397926837.373	n	10.3147	3.60404	7.964	32.6217
1397926837.437	n	10.3148	3.60404	7.945	32.6216
1397926837.498	n	10.3149	3.60404	7.923	32.6215
1397926837.561	n	10.3150	3.60404	7.905	32.6215
1397926837.622	n	10.3151	3.60403	7.887	32.6214
1397926837.762	y	10.3152	3.60402	7.868	32.6212
1397926837.769	n	10.3152	3.60402	7.849	32.6210
1397926837.810	n	10.3153	3.60402	7.829	32.6210
1397926837.872	y	10.3154	3.60402	7.809	32.6210
1397926837.935	n	10.3154	3.60403	7.799	32.6211
1397926837.997	n	10.3154	3.60404	7.778	32.6212
1397926838.060	n	10.3154	3.60404	7.761	32.6212
1397926838.125	n	10.3153	3.60404	7.747	32.6213
1397926838.185	n	10.3152	3.60403	7.732	32.6213
1397926838.248	n	10.3152	3.60403	7.718	32.6213
1397926838.311	n	10.3152	3.60403	7.704	32.6212
1397926838.372	n	10.3152	3.60402	7.689	32.6212
1397926838.435	n	10.3152	3.60402	7.676	32.6212
1397926838.497	n	10.3152	3.60402	7.664	32.6212
1397926838.560	n	10.3152	3.60401	7.656	32.6211
1397926838.623	n	10.3152	3.60400	7.648	32.6211
1397926838.685	n	10.3151	3.60400	7.633	32.6211
1397926838.747	n	10.3150	3.60400	7.621	32.6212
1397926838.809	n	10.3150	3.60401	7.614	32.6213
1397926838.873	n	10.3150	3.60402	7.607	32.6214
1397926838.936	n	10.3149	3.60403	7.600	32.6215
1397926838.998	n	10.3149	3.60403	7.592	32.6216
1397926839.060	n	10.3149	3.60404	7.588	32.6217
1397926839.123	n	10.3149	3.60404	7.579	32.6217
1397926839.186	n	10.3149	3.60404	7.571	32.6217
1397926839.248	n	10.3149	3.60404	7.568	32.6217
1397926839.310	n	10.3149	3.60404	7.561	32.6217
1397926839.374	n	10.3149	3.60404	7.556	32.6217
1397926839.435	n	10.3148	3.60404	7.550	32.6217
1397926839.498	n	10.3148	3.60404	7.543	32.6218
1397926839.559	n	10.3148	3.60405	7.536	32.6219
1397926839.622	n	10.3149	3.60406	7.531	32.6220
1397926839.686	n	10.3149	3.60407	7.523	32.6221
1397926839.748	n	10.3149	3.60408	7.514	32.6221
1397926839.810	n	10.3149	3.60409	7.506	32.6222
1397926839.873	n	10.3149	3.60409	7.496	32.6223
1397926839.937	n	10.3149	3.60409	7.491	32.6223
1397926839.998	n	10.3149	3.60408	7.480	32.6222
1397926840.061	n	10.3149	3.60408	7.472	32.6222
1397926840.123	n	10.3149	3.60408	7.461	32.6222
1397926840.186	n	10.3149	3.60408	7.451	32.6222
1397926840.248	n	10.3149	3.60407	7.439	32.6221
1397926840.310	n	10.3149	3.60407	7.426	32.6221
1397926840.372	n	10.3150	3.60407	7.414	32.6220
1397926840.435	n	10.3150	3.60408	7.400	32.6221
1397926840.497	n	10.3150	3.60408	7.390	32.6220
1397926840.559	n	10.3150	3.60407	7.373	32.6220
1397926840.624	n	10.3150	3.60407	7.361	32.6220
1397926840.684	n	10.3150	3.60407	7.348	32.6220
1397926840.748	n	10.3150	3.60408	7.335	32.6221
1397926840.810	n	10.3151	3.60409	7.320	32.6222
1397926840.874	n	10.3151	3.60410	7.305	32.6222
1397926840.935	n	10.3151	3.60410	7.290	32.6222
1397926840.998	n	10.3152	3.60410	7.279	32.6222
1397926841.061	n	10.3151	3.60409	7.267	32.6222
1397926841.123	n	10.3151	3.60409	7.251	32.6222
1397926841.185	n	10.3150	3.60410	7.234	32.6223
1397926841.345	y	10.3150	3.60410	7.215	32.6223
1397926841.351	n	10.3150	3.60410	7.201	32.6224
1397926841.373	n	10.3149	3.60408	7.185	32.6223
1397926841.510	y	10.3149	3.60407	7.167	32.6221
1397926841.517	n	10.3149	3.60405	7.150	32.6220
1397926841.561	n	10.3149	3.60404	7.133	32.6219
1397926841.623	n	10.3149	3.60403	7.116	32.6218
1397926841.685	n	10.3149	3.60403	7.095	32.6218
1397926841.748	n	10.3149	3.60402	7.072	32.6217
1397926841.810	n	10.3149	3.60402	7.056	32.6216
1397926841.875	n	10.3149	3.60400	7.033	32.6215
1397926841.937	n	10.3149	3.60399	7.015	32.6214
1397926841.998	n	10.3149	3.60397	6.997	32.6213
1397926842.060	n	10.3149	3.60396	6.974	32.6212
1397926842.123	n	10.3149	3.60395	6.949	32.6211
1397926842.186	n	10.3149	3.60394	6.920	32.6211
1397926842.247	n	10.3149	3.60393	6.899	32.6209
1397926842.310	n	10.3149	3.60392	6.877	32.6209
1397926842.373	n	10.3149	3.60392	6.852	32.6208
1397926842.435	n	10.3149	3.60391	6.831	32.6207
1397926842.499	n	10.3149	3.60391	6.804	32.6207
1397926842.559	n	10.3149	3.60391	6.777	32.6207
1397926842.622	n	10.3149	3.60390	6.755	32.6206
1397926842.685	n	10.3149	3.60390	6.728	32.6207
1397926842.748	n	10.3149	3.60390	6.703	32.6207
1397926842.809	n	10.3149	3.60390	6.675	32.6207
1397926842.873	n	10.3148	3.60390	6.652	32.6207
1397926842.936	n	10.3148	3.60389	6.626	32.6207
1397926842.998	n	10.3148	3.60389	6.597	32.6207
1397926843.060	n	10.3148	3.60389	6.572	32.6208
1397926843.123	n	10.3148	3.60390	6.546	32.6208
1397926843.186	n	10.3148	3.60390	6.516	32.6209
1397926843.247	n	10.3148	3.60390	6.486	32.6208
1397926843.309	n	10.3149	3.60389	6.463	32.6208
1397926843.374	n	10.3149	3.60388	6.436	32.6206
1397926843.435	n	10.3149	3.60387	6.409	32.6205
1397926843.497	n	10.3149	3.60386	6.382	32.6205
1397926843.559	n	10.3148	3.60386	6.358	32.6205
1397926843.624	n	10.3147	3.60386	6.330	32.6206
1397926843.685	n	10.3147	3.60387	6.304	32.6207
1397926843.748	n	10.3147	3.60387	6.271	32.6207
1397926843.810	n	10.3147	3.60386	6.250	32.6206
1397926843.875	n	10.3148	3.60386	6.223	32.6206
1397926843.935	n	10.3148	3.60386	6.194	32.6206
1397926843.998	n	10.3148	3.60387	6.168	32.6207
1397926844.061	n	10.3147	3.60388	6.145	32.6209
1397926844.123	y	10.3147	3.60389	6.122	32.6211
1397926844.186	n	10.3147	3.60390	6.096	32.6212
1397926844.249	n	10.3147	3.60392	6.071	32.6214
1397926844.309	n	10.3148	3.60395	6.048	32.6215
1397926844.373	n	10.3148	3.60397	6.026	32.6218
1397926844.437	n	10.3148	3.60399	6.007	32.6219
1397926844.498	n	10.3148	3.60400	5.984	32.6221
1397926844.561	n	10.3148	3.60401	5.960	32.6222
1397926844.623	n	10.3148	3.60403	5.938	32.6224
1397926844.686	n	10.3147	3.60404	5.915	32.6226
1397926844.748	n	10.3148	3.60407	5.895	32.6229
1397926844.810	n	10.3148	3.60409	5.876	32.6231
1397926844.874	n	10.3148	3.60412	5.857	32.6233
1397926844.936	n	10.3149	3.60411	5.839	32.6232
1397926844.999	n	10.3149	3.60423	5.821	32.6244
1397926845.061	n	10.3149	3.60460	5.805	32.6281
1397926845.221	y	10.3149	3.60515	5.784	32.6337
1397926845.228	n	10.3149	3.60575	5.766	32.6397
1397926845.247	n	10.3150	3.60626	5.749	32.6448
1397926845.310	n	10.3150	3.60652	5.735	32.6474
1397926845.372	n	10.3150	3.60660	5.718	32.6481
1397926845.436	n	10.3151	3.60666	5.704	32.6487
1397926845.546	y	10.3151	3.60669	5.689	32.6490
1397926845.559	n	10.3151	3.60671	5.675	32.6492
1397926845.623	n	10.3151	3.60672	5.662	32.6494
1397926845.685	n	10.3150	3.60673	5.649	32.6495
1397926845.748	n	10.3149	3.60673	5.638	32.6496
1397926845.811	n	10.3149	3.60673	5.629	32.6496
1397926845.872	n	10.3149	3.60673	5.618	32.6497
1397926845.936	n	10.3149	3.60674	5.604	32.6498
1397926845.998	n	10.3149	3.60674	5.596	32.6498
1397926846.060	n	10.3149	3.60675	5.580	32.6498
1397926846.122	n	10.3149	3.60675	5.569	32.6498
1397926846.187	n	10.3150	3.60675	5.563	32.6498
1397926846.247	n	10.3150	3.60676	5.552	32.6499
1397926846.311	n	10.3151	3.60678	5.540	32.6500
1397926846.374	n	10.3151	3.60678	5.530	32.6500
1397926846.436	n	10.3150	3.60679	5.525	32.6501
1397926846.498	n	10.3151	3.60679	5.514	32.6502
1397926846.560	n	10.3151	3.60680	5.505	32.6503
1397926846.624	n	10.3151	3.60681	5.488	32.6502
1397926846.686	n	10.3152	3.60681	5.479	32.6502
1397926846.747	n	10.3152	3.60681	5.472	32.6502
1397926846.809	n	10.3153	3.60681	5.464	32.6502
1397926846.873	n	10.3153	3.60682	5.451	32.6502
1397926846.936	n	10.3153	3.60682	5.439	32.6503
1397926846.997	n	10.3153	3.60682	5.432	32.6503
1397926847.060	n	10.3152	3.60683	5.426	32.6504
1397926847.122	n	10.3152	3.60684	5.419	32.6506
1397926847.186	n	10.3152	3.60685	5.409	32.6507
1397926847.247	n	10.3152	3.60686	5.398	32.6508
1397926847.311	n	10.3152	3.60685	5.396	32.6507
1397926847.374	n	10.3153	3.60684	5.391	32.6505
1397926847.436	n	10.3153	3.60683	5.381	32.6504
1397926847.499	n	10.3154	3.60683	5.371	32.6503
1397926847.560	n	10.3154	3.60684	5.367	32.6504
1397926847.623	n	10.3154	3.60684	5.356	32.6504
1397926847.686	n	10.3154	3.60685	5.349	32.6505
1397926847.748	n	10.3154	3.60686	5.343	32.6506
1397926847.810	n	10.3154	3.60687	5.332	32.6507
1397926847.874	n	10.3153	3.60687	5.324	32.6507
1397926847.935	n	10.3153	3.60686	5.318	32.6507
1397926847.998	n	10.3152	3.60685	5.311	32.6507
1397926848.061	n	10.3151	3.60685	5.303	32.6508
1397926848.124	n	10.3151	3.60685	5.293	32.6508
1397926848.185	n	10.3151	3.60685	5.284	32.6508
1397926848.247	n	10.3151	3.60685	5.276	32.6509
1397926848.311	n	10.3150	3.60685	5.270	32.6509
1397926848.372	n	10.3150	3.60685	5.258	32.6510
1397926848.436	n	10.3149	3.60685	5.249	32.6510
1397926848.497	n	10.3149	3.60684	5.238	32.6509
1397926848.560	n	10.3150	3.60683	5.229	32.6507
1397926848.624	n	10.3150	3.60681	5.222	32.6505
1397926848.688	n	10.3150	3.60680	5.205	32.6504
1397926848.748	n	10.3150	3.60680	5.193	32.6504
1397926848.821	y	10.3150	3.60681	5.182	32.6506
1397926848.873	n	10.3149	3.60683	5.174	32.6508
1397926848.936	n	10.3149	3.60684	5.160	32.6509
1397926848.997	n	10.3150	3.60683	5.143	32.6508
1397926849.060	n	10.3151	3.60684	5.128	32.6508
1397926849.123	n	10.3152	3.60685	5.111	32.6507
1397926849.186	n	10.3154	3.60687	5.097	32.6509
1397926849.247	n	10.3154	3.60689	5.078	32.6510
1397926849.310	n	10.3155	3.60690	5.059	32.6511
1397926849.372	n	10.3155	3.60691	5.040	32.6511
1397926849.436	n	10.3156	3.60690	5.020	32.6510
1397926849.498	n	10.3155	3.60689	5.000	32.6509
1397926849.559	n	10.3155	3.60687	4.977	32.6507
1397926849.624	n	10.3155	3.60684	4.957	32.6505
1397926849.686	n	10.3155	3.60684	4.937	32.6505
1397926849.822	y	10.3155	3.60685	4.912	32.6507
1397926849.829	n	10.3154	3.60688	4.893	32.6510
1397926849.873	n	10.3154	3.60690	4.869	32.6512
1397926849.936	n	10.3154	3.60690	4.843	32.6512
1397926849.997	n	10.3154	3.60690	4.824	32.6512
1397926850.060	n	10.3154	3.60690	4.802	32.6512
1397926850.122	n	10.3155	3.60689	4.775	32.6511
1397926850.187	n	10.3155	3.60689	4.753	32.6511
1397926850.248	n	10.3155	3.60689	4.727	32.6511
1397926850.310	n	10.3154	3.60689	4.706	32.6512
1397926850.373	n	10.3153	3.60689	4.685	32.6514
1397926850.436	n	10.3151	3.60689	4.662	32.6514
1397926850.498	n	10.3150	3.60688	4.641	32.6515
1397926850.560	n	10.3150	3.60688	4.615	32.6515
1397926850.623	n	10.3150	3.60688	4.595	32.6515
1397926850.686	n	10.3151	3.60688	4.570	32.6514
1397926850.747	n	10.3151	3.60688	4.547	32.6514
1397926850.810	n	10.3152	3.60689	4.528	32.6515
1397926850.872	n	10.3151	3.60689	4.507	32.6516
1397926850.936	n	10.3150	3.60689	4.484	32.6516
1397926850.998	n	10.3148	3.60687	4.462	32.6516
1397926851.059	n	10.3147	3.60684	4.440	32.6515
1397926851.124	n	10.3146	3.60683	4.421	32.6514
1397926851.185	n	10.3145	3.60682	4.399	32.6514
1397926851.248	n	10.3145	3.60683	4.378	32.6515
1397926851.311	n	10.3144	3.60683	4.358	32.6516
1397926851.373	n	10.3144	3.60684	4.341	32.6517
1397926851.434	n	10.3145	3.60684	4.320	32.6517
1397926851.498	n	10.3145	3.60684	4.301	32.6516
1397926851.560	n	10.3146	3.60683	4.283	32.6515
1397926851.623	n	10.3146	3.60683	4.266	32.6515
1397926851.687	n	10.3146	3.60682	4.250	32.6514
1397926851.747	n	10.3147	3.60682	4.233	32.6513
1397926851.809	n	10.3147	3.60682	4.221	32.6513
1397926851.873	n	10.3147	3.60683	4.200	32.6514
1397926851.937	n	10.3147	3.60683	4.186	32.6515
1397926851.997	n	10.3146	3.60684	4.178	32.6516
1397926852.060	n	10.3146	3.60685	4.163	32.6517
1397926852.123	n	10.3146	3.60686	4.154	32.6518
1397926852.185	n	10.3147	3.60686	4.146	32.6517
1397926852.248	n	10.3147	3.60685	4.135	32.6517
1397926852.310	n	10.3148	3.60684	4.127	32.6516
1397926852.373	n	10.3148	3.60684	4.117	32.6515
1397926852.450	y	10.3148	3.60685	4.110	32.6516
1397926852.498	n	10.3148	3.60687	4.102	32.6518
1397926852.561	n	10.3148	3.60688	4.096	32.6519
1397926852.624	n	10.3147	3.60688	4.090	32.6519
1397926852.685	n	10.3147	3.60687	4.085	32.6519
1397926852.748	n	10.3147	3.60686	4.080	32.6518
1397926852.810	n	10.3146	3.60685	4.076	32.6517
1397926852.874	n	10.3146	3.60685	4.070	32.6517
1397926852.935	n	10.3147	3.60683	4.065	32.6515
1397926852.998	n	10.3147	3.60682	4.059	32.6514
1397926853.062	n	10.3147	3.60682	4.057	32.6514
1397926853.123	n	10.3148	3.60683	4.052	32.6515
1397926853.186	n	10.3148	3.60685	4.048	32.6517
1397926853.249	n	10.3147	3.60687	4.043	32.6519
1397926853.311	n	10.3147	3.60687	4.038	32.6520
1397926853.436	y	10.3146	3.60686	4.031	32.6519
1397926853.442	n	10.3146	3.60686	4.021	32.6519
1397926853.499	n	10.3146	3.60686	4.015	32.6519
1397926853.561	n	10.3146	3.60685	4.005	32.6518
1397926853.624	n	10.3146	3.60684	3.993	32.6517
1397926853.685	n	10.3146	3.60684	3.987	32.6517
1397926853.747	n	10.3147	3.60683	3.979	32.6516
1397926853.810	n	10.3147	3.60684	3.966	32.6516
1397926853.874	n	10.3147	3.60685	3.956	32.6517
1397926853.935	n	10.3147	3.60686	3.941	32.6518
1397926854.086	y	10.3147	3.60686	3.928	32.6518
1397926854.093	n	10.3147	3.60686	3.921	32.6518
1397926854.123	n	10.3147	3.60686	3.904	32.6518
1397926854.186	n	10.3147	3.60686	3.894	32.6519
1397926854.248	n	10.3147	3.60687	3.884	32.6520
1397926854.310	n	10.3146	3.60688	3.872	32.6522
1397926854.372	n	10.3145	3.60688	3.862	32.6522
1397926854.436	n	10.3145	3.60687	3.854	32.6522
1397926854.497	n	10.3145	3.60686	3.839	32.6521
1397926854.560	n	10.3145	3.60685	3.825	32.6519
1397926854.623	n	10.3146	3.60684	3.814	32.6518
1397926854.686	n	10.3145	3.60684	3.803	32.6518
1397926854.747	n	10.3145	3.60684	3.793	32.6519
1397926854.811	n	10.3145	3.60683	3.777	32.6518
1397926854.873	n	10.3144	3.60683	3.762	32.6519
1397926854.936	n	10.3144	3.60683	3.746	32.6518
1397926854.997	n	10.3144	3.60683	3.735	32.6518
1397926855.059	n	10.3145	3.60684	3.720	32.6519
1397926855.125	n	10.3146	3.60685	3.704	32.6520
1397926855.186	n	10.3147	3.60686	3.688	32.6520
1397926855.248	n	10.3148	3.60686	3.673	32.6519
1397926855.311	n	10.3149	3.60686	3.655	32.6518
1397926855.373	n	10.3148	3.60686	3.636	32.6518
1397926855.435	n	10.3147	3.60685	3.619	32.6518
1397926855.497	n	10.3146	3.60685	3.605	32.6519
1397926855.560	n	10.3146	3.60686	3.585	32.6521
1397926855.624	n	10.3145	3.60687	3.565	32.6522
1397926855.686	n	10.3145	3.60687	3.543	32.6523
1397926855.749	n	10.3145	3.60687	3.528	32.6524
1397926855.811	n	10.3144	3.60686	3.509	32.6522
1397926855.872	n	10.3144	3.60684	3.490	32.6521
1397926855.937	n	10.3144	3.60683	3.468	32.6521
1397926855.998	n	10.3144	3.60683	3.444	32.6520
1397926856.061	n	10.3144	3.60683	3.430	32.6520
1397926856.123	y	10.3145	3.60683	3.413	32.6520
1397926856.186	n	10.3145	3.60683	3.393	32.6520
1397926856.247	n	10.3145	3.60683	3.373	32.6520
1397926856.311	n	10.3144	3.60682	3.354	32.6520
1397926856.373	n	10.3144	3.60683	3.336	32.6521
1397926856.436	n	10.3144	3.60684	3.317	32.6522
1397926856.497	n	10.3144	3.60685	3.295	32.6523
1397926856.559	n	10.3144	3.60686	3.276	32.6524
1397926856.625	n	10.3143	3.60686	3.258	32.6524
1397926856.685	n	10.3143	3.60684	3.236	32.6523
1397926856.747	n	10.3142	3.60683	3.211	32.6523
1397926856.810	n	10.3142	3.60683	3.195	32.6523
1397926856.874	n	10.3141	3.60683	3.177	32.6524
1397926856.935	n	10.3141	3.60684	3.157	32.6525
1397926856.997	n	10.3141	3.60684	3.137	32.6525
1397926857.060	n	10.3141	3.60684	3.114	32.6525
1397926857.123	n	10.3142	3.60684	3.096	32.6525
1397926857.187	n	10.3143	3.60684	3.074	32.6523
1397926857.248	n	10.3144	3.60683	3.056	32.6522
1397926857.311	n	10.3145	3.60684	3.035	32.6522
1397926857.374	n	10.3146	3.60684	3.016	32.6522
1397926857.435	n	10.3147	3.60686	2.997	32.6522
1397926857.498	n	10.3149	3.60687	2.969	32.6522
1397926857.560	n	10.3150	3.60689	2.950	32.6523
1397926857.623	n	10.3151	3.60691	2.931	32.6524
1397926857.685	n	10.3152	3.60693	2.911	32.6525
1397926857.747	n	10.3153	3.60693	2.890	32.6525
1397926857.811	n	10.3153	3.60693	2.871	32.6525
1397926857.873	n	10.3153	3.60693	2.851	32.6525
1397926857.936	n	10.3152	3.60692	2.830	32.6525
1397926857.998	n	10.3151	3.60691	2.809	32.6525
1397926858.061	n	10.3150	3.60691	2.791	32.6525
1397926858.124	n	10.3150	3.60690	2.777	32.6525
1397926858.185	n	10.3151	3.60691	2.757	32.6525
1397926858.396	y	10.3151	3.60691	2.736	32.6525
1397926858.404	n	10.3151	3.60692	2.719	32.6526
1397926858.410	n	10.3151	3.60691	2.707	32.6525
1397926858.435	n	10.3151	3.60691	2.689	32.6525
1397926858.498	n	10.3152	3.60690	2.674	32.6524
1397926858.561	n	10.3152	3.60690	2.661	32.6524
1397926858.623	n	10.3152	3.60691	2.649	32.6525
1397926858.687	n	10.3151	3.60691	2.636	32.6526
1397926858.747	n	10.3151	3.60691	2.623	32.6526
1397926858.810	n	10.3151	3.60691	2.615	32.6526
1397926858.879	n	10.3151	3.60691	2.601	32.6526
1397926858.936	n	10.3151	3.60691	2.590	32.6525
1397926858.999	n	10.3151	3.60691	2.581	32.6525
1397926859.061	n	10.3151	3.60690	2.572	32.6525
1397926859.124	n	10.3151	3.60691	2.565	32.6525
1397926859.186	n	10.3151	3.60691	2.556	32.6526
1397926859.248	n	10.3151	3.60691	2.547	32.6526
1397926859.310	n	10.3151	3.60690	2.535	32.6525
1397926859.373	n	10.3151	3.60689	2.528	32.6524
1397926859.437	n	10.3151	3.60689	2.519	32.6523
1397926859.497	n	10.3152	3.60689	2.510	32.6523
1397926859.561	n	10.3153	3.60690	2.502	32.6523
1397926859.623	n	10.3154	3.60690	2.498	32.6523
1397926859.686	n	10.3154	3.60690	2.495	32.6522
1397926859.748	n	10.3155	3.60691	2.481	32.6522
1397926859.814	y	10.3156	3.60692	2.474	32.6522
1397926859.879	n	10.3157	3.60693	2.467	32.6523
1397926859.935	n	10.3157	3.60692	2.465	32.6522
1397926859.997	n	10.3157	3.60692	2.457	32.6522
1397926860.060	n	10.3157	3.60692	2.450	32.6521
1397926860.124	n	10.3157	3.60692	2.445	32.6522
1397926860.187	n	10.3157	3.60693	2.444	32.6523
1397926860.248	n	10.3157	3.60694	2.440	32.6523
1397926860.310	n	10.3158	3.60693	2.431	32.6523
1397926860.373	n	10.3158	3.60693	2.430	32.6523
1397926860.437	n	10.3158	3.60694	2.431	32.6523
1397926860.498	n	10.3157	3.60693	2.428	32.6523
1397926860.560	n	10.3154	3.60693	2.424	32.6525
1397926860.624	n	10.3152	3.60692	2.423	32.6526
1397926860.684	n	10.3150	3.60690	2.418	32.6526
1397926860.748	n	10.3149	3.60689	2.413	32.6526
1397926860.810	n	10.3149	3.60688	2.412	32.6525
1397926860.873	n	10.3151	3.60688	2.406	32.6524
1397926860.936	n	10.3153	3.60689	2.401	32.6523
1397926860.999	n	10.3155	3.60690	2.396	32.6522
1397926861.059	n	10.3157	3.60692	2.384	32.6522
1397926861.123	n	10.3158	3.60692	2.379	32.6521
1397926861.185	n	10.3159	3.60694	2.371	32.6522
1397926861.247	n	10.3160	3.60693	2.360	32.6521
1397926861.310	n	10.3160	3.60692	2.351	32.6520
1397926861.375	n	10.3160	3.60692	2.341	32.6520
1397926861.436	n	10.3159	3.60692	2.329	32.6520
1397926861.499	n	10.3157	3.60691	2.316	32.6521
1397926861.561	n	10.3155	3.60691	2.307	32.6523
1397926861.624	n	10.3153	3.60690	2.296	32.6524
1397926861.686	n	10.3152	3.60689	2.279	32.6524
1397926861.748	n	10.3151	3.60688	2.267	32.6524
1397926861.810	n	10.3152	3.60688	2.256	32.6524
1397926861.874	n	10.3152	3.60688	2.242	32.6523
1397926861.935	n	10.3153	3.60689	2.230	32.6523
1397926861.998	n	10.3154	3.60689	2.214	32.6523
1397926862.060	n	10.3154	3.60690	2.198	32.6523
1397926862.123	n	10.3154	3.60690	2.185	32.6525
1397926862.186	n	10.3152	3.60691	2.171	32.6526
1397926862.249	n	10.3151	3.60690	2.153	32.6527
1397926862.310	n	10.3150	3.60691	2.138	32.6528
1397926862.373	n	10.3150	3.60691	2.124	32.6529
1397926862.436	n	10.3151	3.60692	2.100	32.6529
1397926862.585	y	10.3151	3.60691	2.081	32.6528
1397926862.590	n	10.3151	3.60690	2.063	32.6527
1397926862.622	n	10.3150	3.60688	2.044	32.6527
1397926862.686	n	10.3149	3.60687	2.018	32.6526
1397926862.748	n	10.3151	3.60687	1.999	32.6524
1397926862.811	n	10.3154	3.60687	1.977	32.6521
1397926862.872	n	10.3158	3.60688	1.955	32.6519
1397926862.935	n	10.3161	3.60689	1.934	32.6517
1397926862.998	n	10.3163	3.60691	1.914	32.6518
1397926863.061	n	10.3165	3.60693	1.892	32.6519
1397926863.124	n	10.3165	3.60695	1.863	32.6520
1397926863.185	n	10.3165	3.60696	1.844	32.6522
1397926863.248	n	10.3165	3.60697	1.821	32.6522
1397926863.310	n	10.3164	3.60697	1.796	32.6523
1397926863.372	y	10.3165	3.60697	1.772	32.6523
1397926863.435	n	10.3165	3.60697	1.748	32.6523
1397926863.498	n	10.3165	3.60698	1.722	32.6524
1397926863.560	n	10.3164	3.60697	1.700	32.6524
1397926863.623	n	10.3164	3.60697	1.677	32.6524
1397926863.686	n	10.3163	3.60696	1.649	32.6524
1397926863.748	n	10.3164	3.60697	1.627	32.6524
1397926863.809	n	10.3164	3.60696	1.606	32.6524
1397926863.873	n	10.3164	3.60697	1.579	32.6524
1397926863.937	n	10.3164	3.60696	1.557	32.6524
1397926863.999	n	10.3164	3.60696	1.537	32.6524
1397926864.060	n	10.3163	3.60694	1.516	32.6523
1397926864.125	n	10.3163	3.60694	1.495	32.6522
1397926864.185	n	10.3163	3.60692	1.473	32.6521
1397926864.247	n	10.3163	3.60689	1.455	32.6518
1397926864.310	n	10.3162	3.60688	1.436	32.6517
1397926864.375	n	10.3161	3.60687	1.413	32.6517
1397926864.435	n	10.3161	3.60687	1.394	32.6518
1397926864.499	n	10.3160	3.60687	1.380	32.6519
1397926864.560	n	10.3159	3.60688	1.359	32.6520
1397926864.623	n	10.3160	3.60688	1.340	32.6520
1397926864.687	n	10.3160	3.60687	1.322	32.6519
1397926864.748	n	10.3161	3.60688	1.310	32.6519
1397926864.810	n	10.3162	3.60689	1.294	32.6519
1397926864.873	n	10.3162	3.60690	1.279	32.6520
1397926864.935	n	10.3162	3.60691	1.263	32.6521
1397926864.998	n	10.3162	3.60692	1.255	32.6522
1397926865.060	n	10.3162	3.60692	1.240	32.6523
1397926865.123	n	10.3161	3.60691	1.231	32.6523
1397926865.187	n	10.3161	3.60691	1.225	32.6523
1397926865.248	n	10.3160	3.60690	1.215	32.6522
1397926865.311	n	10.3160	3.60689	1.204	32.6521
1397926865.372	n	10.3161	3.60688	1.192	32.6520
1397926865.435	n	10.3161	3.60688	1.195	32.6520
1397926865.498	n	10.3161	3.60689	1.190	32.6520
1397926865.560	n	10.3161	3.60689	1.182	32.6521
1397926865.623	n	10.3161	3.60689	1.180	32.6521
1397926865.686	n	10.3161	3.60689	1.174	32.6520
1397926865.747	n	10.3161	3.60687	1.168	32.6519
1397926865.811	n	10.3161	3.60687	1.165	32.6519
1397926865.873	n	10.3161	3.60687	1.160	32.6519
1397926865.937	n	10.3161	3.60687	1.157	32.6520
1397926865.999	n	10.3161	3.60689	1.155	32.6521
1397926866.061	n	10.3161	3.60689	1.150	32.6521
1397926866.122	n	10.3162	3.60690	1.145	32.6521
1397926866.186	n	10.3162	3.60691	1.139	32.6521
1397926866.248	n	10.3163	3.60691	1.138	32.6521
1397926866.311	n	10.3163	3.60691	1.136	32.6522
1397926866.372	n	10.3163	3.60691	1.131	32.6522
1397926866.435	n	10.3162	3.60690	1.126	32.6521
1397926866.499	n	10.3162	3.60689	1.127	32.6520
1397926866.561	n	10.3161	3.60687	1.128	32.6519
1397926866.622	n	10.3161	3.60685	1.116	32.6517
1397926866.686	n	10.3161	3.60683	1.112	32.6515
1397926866.841	y	10.3162	3.60682	1.112	32.6514
1397926866.847	n	10.3162	3.60682	1.112	32.6513
1397926866.872	n	10.3162	3.60684	1.107	32.6515
1397926866.934	n	10.3163	3.60686	1.104	32.6516
1397926866.999	n	10.3163	3.60687	1.102	32.6518
1397926867.111	y	10.3162	3.60687	1.100	32.6518
1397926867.122	n	10.3162	3.60687	1.098	32.6519
1397926867.186	n	10.3162	3.60688	1.102	32.6519
1397926867.248	n	10.3162	3.60688	1.099	32.6519
1397926867.311	n	10.3162	3.60688	1.100	32.6519
1397926867.373	n	10.3163	3.60688	1.103	32.6518
1397926867.434	n	10.3162	3.60687	1.106	32.6518
1397926867.497	n	10.3163	3.60687	1.107	32.6518
1397926867.559	n	10.3163	3.60689	1.108	32.6519
1397926867.622	y	10.3163	3.60690	1.115	32.6521
1397926867.715	n	10.3163	3.60691	1.117	32.6521
1397926867.748	n	10.3163	3.60690	1.121	32.6521
1397926867.810	n	10.3162	3.60689	1.121	32.6520
1397926867.874	n	10.3161	3.60687	1.122	32.6520
1397926867.936	n	10.3159	3.60687	1.121	32.6521
1397926867.998	n	10.3157	3.60687	1.115	32.6522
1397926868.061	n	10.3157	3.60687	1.106	32.6522
1397926868.124	n	10.3157	3.60686	1.095	32.6522
1397926868.185	n	10.3158	3.60686	1.080	32.6521
1397926868.247	n	10.3158	3.60685	1.065	32.6521
1397926868.310	n	10.3158	3.60686	1.047	32.6520
1397926868.372	n	10.3159	3.60685	1.032	32.6520
1397926868.436	n	10.3159	3.60686	1.013	32.6520
1397926868.498	n	10.3159	3.60686	0.994	32.6520
1397926868.561	n	10.3158	3.60685	0.972	32.6521
1397926868.624	n	10.3155	3.60683	0.958	32.6521
1397926868.688	n	10.3152	3.60680	0.941	32.6520
1397926868.747	n	10.3149	3.60677	0.918	32.6521
1397926868.811	n	10.3147	3.60675	0.903	32.6521
1397926868.875	n	10.3146	3.60675	0.887	32.6521
1397926868.936	n	10.3146	3.60674	0.870	32.6521
1397926868.999	n	10.3146	3.60674	0.853	32.6520
1397926869.061	n	10.3146	3.60673	0.840	32.6520
1397926869.123	n	10.3146	3.60674	0.824	32.6521
1397926869.186	n	10.3146	3.60675	0.810	32.6522
1397926869.249	n	10.3146	3.60675	0.795	32.6522
1397926869.311	n	10.3146	3.60674	0.783	32.6521
1397926869.374	n	10.3147	3.60673	0.768	32.6519
1397926869.435	n	10.3148	3.60673	0.756	32.6518
1397926869.498	n	10.3149	3.60674	0.746	32.6518
1397926869.561	n	10.3149	3.60675	0.737	32.6520
1397926869.623	n	10.3149	3.60675	0.727	32.6520
1397926869.685	n	10.3149	3.60676	0.711	32.6521
1397926869.748	n	10.3148	3.60675	0.700	32.6521
1397926869.810	n	10.3148	3.60675	0.686	32.6521
1397926869.877	n	10.3148	3.60675	0.671	32.6521
1397926869.935	n	10.3147	3.60676	0.658	32.6522
1397926869.998	n	10.3148	3.60677	0.641	32.6522
1397926870.060	n	10.3148	3.60677	0.623	32.6523
1397926870.124	n	10.3126	3.49870	0.603	31.5691
1397926870.194	n	10.3055	3.08692	0.589	27.4870
1397926870.248	n	10.2922	2.46566	0.578	21.4729
1397926870.310	n	10.2727	1.80004	0.567	15.2349
1397926870.374	n	10.2484	1.25216	0.552	10.2829
1397926870.435	n	10.2216	0.96218	0.539	7.7439
1397926870.498	n	10.1944	0.89357	0.529	7.1565
1397926870.560	n	10.1686	0.83286	0.519	6.6397
1397926870.623	n	10.1466	0.77475	0.510	6.1471
1397926870.686	n	10.1290	0.73418	0.500	5.8051
1397926870.755	y	10.1151	0.70982	0.492	5.6009
1397926870.810	n	10.1037	0.69577	0.482	5.4838
1397926870.878	n	10.0939	0.69359	0.477	5.4669
