Source File: D:\Storage\Programs\OOI\Group 5\Correspondence\07_18_14 sample files\files\11092084.PPB
Processed: 07/18/2014 12:27:43
Using Version: 1.11
Device: CTD
Start Date: 04/19/2014
Timestamp (s)	Suspect Timestamp	Temperature	Conductivity	Pressure	Salinity
1397883594.685	y	9.3720	3.56550	22.522	33.0821
1397883594.749	n	9.3722	3.56547	22.504	33.0816
1397883594.811	n	9.3723	3.56549	22.500	33.0817
1397883594.874	n	9.3722	3.56550	22.522	33.0819
1397883594.937	n	9.3723	3.56547	22.504	33.0815
1397883594.998	n	9.3723	3.56547	22.468	33.0816
1397883595.060	n	9.3724	3.56553	22.457	33.0821
1397883595.124	n	9.3723	3.56548	22.500	33.0817
1397883595.187	n	9.3723	3.56547	22.490	33.0816
1397883595.250	n	9.3723	3.56548	22.479	33.0816
1397883595.312	n	9.3723	3.56548	22.468	33.0816
1397883595.376	n	9.3724	3.56549	22.457	33.0817
1397883595.439	n	9.3724	3.56549	22.445	33.0817
1397883595.499	n	9.3724	3.56549	22.433	33.0816
1397883595.562	n	9.3725	3.56549	22.424	33.0816
1397883595.624	n	9.3726	3.56549	22.412	33.0815
1397883595.688	n	9.3727	3.56549	22.396	33.0814
1397883595.749	n	9.3727	3.56548	22.385	33.0813
1397883595.813	n	9.3727	3.56548	22.371	33.0813
1397883595.874	n	9.3727	3.56547	22.355	33.0813
1397883595.936	n	9.3727	3.56548	22.340	33.0813
1397883596.001	n	9.3727	3.56548	22.329	33.0814
1397883596.062	n	9.3727	3.56548	22.316	33.0813
1397883596.123	n	9.3728	3.56547	22.301	33.0812
1397883596.186	n	9.3727	3.56547	22.286	33.0812
1397883596.914	n	9.3727	3.56546	22.270	33.0812
1397883596.934	n	9.3726	3.56546	22.253	33.0812
1397883596.957	n	9.3726	3.56546	22.237	33.0813
1397883596.966	n	9.3726	3.56545	22.222	33.0812
1397883596.973	n	9.3726	3.56545	22.205	33.0813
1397883596.981	n	9.3726	3.56546	22.190	33.0814
1397883596.989	n	9.3726	3.56547	22.175	33.0815
1397883596.995	n	9.3726	3.56547	22.159	33.0814
1397883597.002	n	9.3726	3.56546	22.142	33.0814
1397883597.009	n	9.3725	3.56545	22.126	33.0813
1397883597.016	n	9.3724	3.56544	22.114	33.0813
1397883597.022	n	9.3724	3.56543	22.096	33.0813
1397883597.028	n	9.3723	3.56543	22.081	33.0813
1397883597.064	n	9.3724	3.56544	22.062	33.0814
1397883597.125	n	9.3724	3.56545	22.046	33.0814
1397883597.187	n	9.3723	3.56545	22.030	33.0816
1397883597.250	n	9.3723	3.56546	22.013	33.0816
1397883597.313	n	9.3723	3.56545	21.999	33.0816
1397883597.387	n	9.3724	3.56544	21.983	33.0814
1397883597.438	n	9.3724	3.56542	21.971	33.0812
1397883597.500	n	9.3725	3.56541	21.954	33.0809
1397883597.562	n	9.3726	3.56540	21.937	33.0808
1397883597.626	n	9.3727	3.56541	21.922	33.0809
1397883597.686	n	9.3727	3.56543	21.907	33.0810
1397883597.751	n	9.3727	3.56545	21.894	33.0812
1397883597.812	n	9.3727	3.56545	21.875	33.0812
1397883597.876	n	9.3727	3.56544	21.864	33.0811
1397883597.936	n	9.3728	3.56543	21.851	33.0810
1397883597.999	n	9.3728	3.56542	21.835	33.0809
1397883598.063	n	9.3728	3.56542	21.821	33.0808
1397883598.125	n	9.3729	3.56543	21.812	33.0808
1397883598.188	n	9.3730	3.56544	21.797	33.0809
1397883598.259	n	9.3730	3.56545	21.786	33.0810
1397883598.311	n	9.3730	3.56545	21.775	33.0810
1397883598.375	n	9.3730	3.56546	21.761	33.0811
1397883598.439	n	9.3731	3.56545	21.749	33.0810
1397883598.499	n	9.3731	3.56544	21.739	33.0808
1397883598.562	n	9.3731	3.56543	21.727	33.0807
1397883598.625	n	9.3731	3.56542	21.717	33.0806
1397883598.689	n	9.3732	3.56543	21.709	33.0806
1397883598.750	n	9.3732	3.56543	21.703	33.0806
1397883598.814	n	9.3732	3.56543	21.693	33.0806
1397883598.875	n	9.3732	3.56542	21.681	33.0806
1397883598.939	n	9.3732	3.56542	21.673	33.0805
1397883599.001	n	9.3731	3.56540	21.671	33.0805
1397883599.061	n	9.3731	3.56540	21.664	33.0804
1397883599.123	n	9.3731	3.56541	21.656	33.0805
1397883599.187	n	9.3731	3.56542	21.651	33.0806
1397883599.249	n	9.3731	3.56543	21.647	33.0807
1397883599.311	n	9.3731	3.56544	21.644	33.0808
1397883599.374	n	9.3731	3.56544	21.640	33.0808
1397883599.438	n	9.3732	3.56544	21.638	33.0808
1397883599.501	n	9.3732	3.56545	21.633	33.0809
1397883599.561	n	9.3731	3.56545	21.630	33.0809
1397883599.626	n	9.3731	3.56544	21.632	33.0809
1397883599.686	n	9.3731	3.56544	21.631	33.0808
1397883599.748	n	9.3732	3.56544	21.631	33.0808
1397883599.811	n	9.3732	3.56545	21.630	33.0808
1397883599.874	n	9.3732	3.56545	21.628	33.0808
1397883599.938	n	9.3732	3.56545	21.631	33.0809
1397883599.998	n	9.3732	3.56546	21.632	33.0810
1397883600.061	n	9.3731	3.56546	21.635	33.0811
1397883600.124	n	9.3731	3.56547	21.640	33.0812
1397883600.188	n	9.3731	3.56547	21.644	33.0812
1397883600.396	y	9.3732	3.56547	21.646	33.0811
1397883600.445	y	9.3732	3.56547	21.653	33.0811
1397883600.455	n	9.3733	3.56548	21.655	33.0811
1397883600.464	n	9.3733	3.56548	21.658	33.0811
1397883600.500	n	9.3733	3.56548	21.669	33.0811
1397883600.563	n	9.3733	3.56547	21.675	33.0810
1397883600.626	n	9.3734	3.56546	21.680	33.0808
1397883600.687	n	9.3734	3.56546	21.688	33.0808
1397883600.750	n	9.3734	3.56546	21.697	33.0808
1397883600.812	n	9.3733	3.56547	21.705	33.0809
1397883600.876	n	9.3733	3.56548	21.714	33.0810
1397883600.940	n	9.3734	3.56548	21.723	33.0810
1397883601.001	n	9.3734	3.56548	21.731	33.0810
1397883601.062	n	9.3734	3.56548	21.739	33.0810
1397883601.126	n	9.3735	3.56548	21.750	33.0809
1397883601.190	n	9.3735	3.56549	21.763	33.0810
1397883601.251	n	9.3735	3.56550	21.770	33.0811
1397883601.314	n	9.3735	3.56551	21.785	33.0811
1397883601.374	n	9.3735	3.56551	21.793	33.0811
1397883601.436	n	9.3736	3.56550	21.803	33.0809
1397883601.499	n	9.3738	3.56549	21.817	33.0807
1397883601.561	n	9.3740	3.56549	21.825	33.0805
1397883601.625	n	9.3742	3.56550	21.843	33.0804
1397883601.689	n	9.3743	3.56551	21.855	33.0804
1397883601.750	n	9.3743	3.56552	21.867	33.0804
1397883601.813	n	9.3743	3.56552	21.883	33.0804
1397883601.878	n	9.3743	3.56551	21.895	33.0803
1397883601.938	n	9.3744	3.56550	21.904	33.0802
1397883602.000	n	9.3744	3.56551	21.917	33.0802
1397883602.063	n	9.3745	3.56552	21.929	33.0803
1397883602.124	n	9.3745	3.56553	21.948	33.0803
1397883602.188	n	9.3745	3.56553	21.958	33.0804
1397883602.249	n	9.3746	3.56553	21.972	33.0803
1397883602.312	n	9.3747	3.56553	21.986	33.0802
1397883602.376	n	9.3748	3.56553	22.000	33.0801
1397883602.438	n	9.3749	3.56553	22.015	33.0800
1397883602.501	n	9.3750	3.56553	22.029	33.0799
1397883602.562	n	9.3750	3.56553	22.038	33.0799
1397883602.626	n	9.3751	3.56553	22.054	33.0798
1397883602.686	n	9.3751	3.56553	22.065	33.0798
1397883602.751	n	9.3752	3.56554	22.082	33.0798
1397883602.813	n	9.3752	3.56555	22.096	33.0799
1397883602.874	n	9.3752	3.56556	22.110	33.0800
1397883602.937	n	9.3753	3.56557	22.116	33.0799
1397883603.000	n	9.3753	3.56556	22.131	33.0799
1397883603.061	n	9.3753	3.56556	22.147	33.0798
1397883603.123	n	9.3753	3.56556	22.155	33.0799
1397883603.188	n	9.3752	3.56556	22.170	33.0799
1397883603.250	n	9.3751	3.56556	22.181	33.0801
1397883603.312	n	9.3749	3.56556	22.194	33.0801
1397883603.375	n	9.3748	3.56555	22.204	33.0802
1397883603.437	n	9.3747	3.56555	22.214	33.0803
1397883603.500	n	9.3746	3.56556	22.226	33.0805
1397883603.561	n	9.3744	3.56556	22.239	33.0806
1397883603.624	n	9.3743	3.56557	22.246	33.0808
1397883603.687	n	9.3742	3.56557	22.255	33.0809
1397883603.749	n	9.3741	3.56556	22.267	33.0810
1397883603.812	n	9.3740	3.56555	22.278	33.0810
1397883603.874	n	9.3739	3.56555	22.281	33.0810
1397883603.937	n	9.3738	3.56555	22.286	33.0811
1397883603.998	y	9.3736	3.56555	22.295	33.0813
1397883604.061	n	9.3734	3.56556	22.299	33.0815
1397883604.124	n	9.3732	3.56557	22.305	33.0818
1397883604.187	n	9.3730	3.56556	22.310	33.0819
1397883604.250	n	9.3729	3.56556	22.314	33.0820
1397883604.312	n	9.3729	3.56555	22.318	33.0820
1397883604.374	n	9.3728	3.56555	22.320	33.0819
1397883604.439	n	9.3728	3.56555	22.324	33.0820
1397883604.641	y	9.3728	3.56555	22.323	33.0820
1397883604.649	y	9.3728	3.56555	22.323	33.0819
1397883604.655	n	9.3729	3.56554	22.323	33.0818
1397883604.687	n	9.3730	3.56553	22.323	33.0817
1397883604.750	n	9.3730	3.56553	22.321	33.0816
1397883604.811	n	9.3730	3.56553	22.318	33.0816
1397883604.874	n	9.3730	3.56553	22.316	33.0815
1397883604.937	n	9.3731	3.56553	22.317	33.0815
1397883604.998	n	9.3731	3.56553	22.313	33.0815
1397883605.061	n	9.3732	3.56553	22.308	33.0814
1397883605.124	n	9.3732	3.56553	22.300	33.0814
1397883605.188	n	9.3733	3.56553	22.294	33.0813
1397883605.250	n	9.3733	3.56553	22.284	33.0814
1397883605.312	n	9.3733	3.56554	22.279	33.0815
1397883605.377	n	9.3733	3.56554	22.270	33.0815
1397883605.453	n	9.3733	3.56554	22.261	33.0815
1397883605.499	n	9.3733	3.56554	22.251	33.0814
1397883605.562	n	9.3732	3.56553	22.243	33.0814
1397883605.624	n	9.3731	3.56553	22.232	33.0815
1397883605.688	n	9.3731	3.56553	22.221	33.0815
1397883605.748	n	9.3730	3.56553	22.205	33.0816
1397883605.811	n	9.3729	3.56553	22.194	33.0817
1397883605.873	n	9.3729	3.56553	22.176	33.0817
1397883605.937	n	9.3729	3.56553	22.164	33.0818
1397883606.000	n	9.3728	3.56552	22.152	33.0817
1397883606.062	n	9.3728	3.56551	22.136	33.0816
1397883606.123	n	9.3728	3.56550	22.119	33.0816
1397883606.187	n	9.3727	3.56550	22.105	33.0816
1397883606.248	n	9.3726	3.56549	22.090	33.0816
1397883606.311	n	9.3726	3.56549	22.071	33.0816
1397883606.374	n	9.3726	3.56549	22.055	33.0817
1397883606.437	n	9.3727	3.56550	22.037	33.0817
1397883606.499	n	9.3727	3.56550	22.021	33.0817
1397883606.562	n	9.3727	3.56551	22.005	33.0818
1397883606.626	n	9.3727	3.56552	21.982	33.0819
1397883606.745	n	9.3726	3.56552	21.963	33.0820
1397883606.752	n	9.3726	3.56551	21.939	33.0820
1397883606.812	n	9.3726	3.56552	21.921	33.0820
1397883606.874	n	9.3725	3.56551	21.900	33.0820
1397883606.938	n	9.3725	3.56550	21.877	33.0819
1397883606.998	n	9.3725	3.56550	21.859	33.0819
1397883607.062	n	9.3726	3.56550	21.840	33.0819
1397883607.123	n	9.3726	3.56550	21.815	33.0819
1397883607.187	n	9.3726	3.56550	21.790	33.0819
1397883607.250	n	9.3726	3.56550	21.770	33.0818
1397883607.311	n	9.3726	3.56549	21.749	33.0817
1397883607.375	n	9.3726	3.56548	21.724	33.0817
1397883607.437	n	9.3726	3.56548	21.702	33.0817
1397883607.499	n	9.3726	3.56548	21.681	33.0818
1397883607.561	n	9.3726	3.56549	21.659	33.0818
1397883607.625	y	9.3726	3.56550	21.636	33.0820
1397883607.687	n	9.3726	3.56551	21.612	33.0821
1397883607.749	n	9.3727	3.56552	21.586	33.0821
1397883607.811	n	9.3727	3.56553	21.562	33.0822
1397883607.874	n	9.3727	3.56552	21.540	33.0822
1397883607.937	n	9.3727	3.56551	21.516	33.0820
1397883607.998	n	9.3727	3.56550	21.489	33.0819
1397883608.062	n	9.3727	3.56549	21.466	33.0818
1397883608.126	n	9.3727	3.56549	21.441	33.0818
1397883608.186	n	9.3727	3.56549	21.420	33.0819
1397883608.250	n	9.3727	3.56550	21.399	33.0820
1397883608.311	n	9.3728	3.56550	21.376	33.0820
1397883608.374	n	9.3728	3.56550	21.348	33.0819
1397883608.437	n	9.3729	3.56549	21.325	33.0817
1397883608.499	n	9.3730	3.56548	21.305	33.0815
1397883608.562	n	9.3730	3.56547	21.283	33.0814
1397883608.625	n	9.3730	3.56547	21.259	33.0814
1397883608.688	n	9.3731	3.56548	21.236	33.0814
1397883608.857	y	9.3732	3.56548	21.212	33.0814
1397883608.863	n	9.3732	3.56549	21.192	33.0814
1397883608.875	n	9.3733	3.56549	21.168	33.0815
1397883608.937	n	9.3733	3.56549	21.148	33.0815
1397883608.999	n	9.3733	3.56549	21.125	33.0814
1397883609.061	n	9.3733	3.56548	21.104	33.0813
1397883609.125	n	9.3734	3.56547	21.083	33.0812
1397883609.187	n	9.3734	3.56547	21.061	33.0812
1397883609.248	n	9.3734	3.56546	21.040	33.0811
1397883609.313	n	9.3735	3.56546	21.021	33.0810
1397883609.374	n	9.3735	3.56547	21.003	33.0810
1397883609.436	n	9.3735	3.56546	20.983	33.0810
1397883609.499	n	9.3736	3.56546	20.962	33.0810
1397883609.561	n	9.3736	3.56546	20.939	33.0810
1397883609.626	n	9.3737	3.56546	20.922	33.0808
1397883609.686	n	9.3738	3.56546	20.905	33.0808
1397883609.748	n	9.3738	3.56545	20.886	33.0807
1397883609.812	n	9.3738	3.56545	20.873	33.0806
1397883609.875	n	9.3739	3.56545	20.855	33.0806
1397883609.938	n	9.3739	3.56545	20.838	33.0806
1397883609.999	n	9.3739	3.56545	20.820	33.0806
1397883610.062	n	9.3740	3.56545	20.805	33.0806
1397883610.125	n	9.3741	3.56545	20.789	33.0804
1397883610.188	n	9.3741	3.56544	20.771	33.0803
1397883610.250	n	9.3742	3.56543	20.758	33.0801
1397883610.312	n	9.3742	3.56543	20.743	33.0801
1397883610.373	n	9.3743	3.56544	20.731	33.0801
1397883610.436	n	9.3744	3.56544	20.718	33.0801
1397883610.499	n	9.3744	3.56545	20.702	33.0802
1397883610.561	n	9.3744	3.56545	20.687	33.0802
1397883610.624	n	9.3745	3.56545	20.677	33.0802
1397883610.686	n	9.3746	3.56546	20.664	33.0801
1397883610.750	n	9.3747	3.56546	20.652	33.0800
1397883610.812	n	9.3748	3.56545	20.641	33.0798
1397883610.875	n	9.3749	3.56545	20.630	33.0797
1397883610.937	n	9.3749	3.56544	20.623	33.0796
1397883611.000	n	9.3749	3.56544	20.613	33.0797
1397883611.061	n	9.3749	3.56545	20.601	33.0797
1397883611.127	n	9.3750	3.56545	20.593	33.0797
1397883611.187	n	9.3750	3.56545	20.585	33.0797
1397883611.296	y	9.3751	3.56545	20.577	33.0796
1397883611.311	n	9.3752	3.56544	20.571	33.0794
1397883611.374	n	9.3753	3.56544	20.560	33.0793
1397883611.436	n	9.3754	3.56544	20.553	33.0792
1397883611.498	n	9.3756	3.56544	20.548	33.0790
1397883611.561	n	9.3757	3.56544	20.542	33.0790
1397883611.624	n	9.3759	3.56545	20.538	33.0789
1397883611.686	n	9.3760	3.56545	20.531	33.0788
1397883611.749	n	9.3762	3.56545	20.524	33.0786
1397883611.812	n	9.3764	3.56545	20.517	33.0784
1397883611.875	n	9.3767	3.56544	20.514	33.0780
1397883611.936	n	9.3769	3.56543	20.508	33.0778
1397883611.998	n	9.3771	3.56542	20.504	33.0774
1397883612.061	n	9.3773	3.56541	20.500	33.0772
1397883612.126	n	9.3774	3.56541	20.494	33.0771
1397883612.186	n	9.3776	3.56543	20.489	33.0771
1397883612.249	n	9.3777	3.56544	20.485	33.0771
1397883612.311	n	9.3778	3.56546	20.479	33.0772
1397883612.375	n	9.3780	3.56546	20.476	33.0771
1397883612.438	n	9.3781	3.56546	20.473	33.0770
1397883612.499	n	9.3782	3.56545	20.469	33.0768
1397883612.562	n	9.3783	3.56544	20.461	33.0767
1397883612.625	n	9.3784	3.56544	20.459	33.0765
1397883612.688	n	9.3786	3.56544	20.455	33.0763
1397883612.749	n	9.3787	3.56545	20.451	33.0764
1397883612.811	n	9.3787	3.56546	20.449	33.0764
1397883612.874	n	9.3788	3.56547	20.445	33.0764
1397883612.938	n	9.3790	3.56548	20.443	33.0764
1397883613.149	y	9.3792	3.56548	20.441	33.0762
1397883613.156	n	9.3794	3.56547	20.436	33.0759
1397883613.161	n	9.3797	3.56546	20.434	33.0756
1397883613.187	n	9.3798	3.56546	20.427	33.0754
1397883613.249	n	9.3800	3.56545	20.423	33.0751
1397883613.311	n	9.3801	3.56545	20.422	33.0750
1397883613.376	n	9.3803	3.56544	20.414	33.0748
1397883613.437	n	9.3804	3.56545	20.410	33.0748
1397883613.499	n	9.3806	3.56545	20.411	33.0746
1397883613.561	n	9.3807	3.56545	20.402	33.0745
1397883613.625	n	9.3809	3.56545	20.400	33.0743
1397883613.686	n	9.3810	3.56544	20.392	33.0742
1397883613.748	n	9.3811	3.56544	20.385	33.0740
1397883613.812	n	9.3812	3.56544	20.382	33.0739
1397883613.875	n	9.3813	3.56544	20.376	33.0738
1397883613.938	n	9.3814	3.56545	20.368	33.0739
1397883613.998	n	9.3816	3.56546	20.361	33.0739
1397883614.061	n	9.3817	3.56546	20.356	33.0737
1397883614.124	n	9.3819	3.56546	20.351	33.0735
1397883614.188	n	9.3821	3.56545	20.342	33.0732
1397883614.249	n	9.3823	3.56544	20.334	33.0730
1397883614.312	n	9.3824	3.56544	20.326	33.0729
1397883614.374	n	9.3825	3.56545	20.320	33.0728
1397883614.437	n	9.3826	3.56545	20.310	33.0728
1397883614.499	n	9.3827	3.56546	20.299	33.0728
1397883614.562	n	9.3828	3.56547	20.287	33.0728
1397883614.626	n	9.3830	3.56547	20.278	33.0726
1397883614.688	n	9.3831	3.56546	20.271	33.0724
1397883614.749	n	9.3832	3.56545	20.258	33.0722
1397883614.811	n	9.3834	3.56544	20.247	33.0720
1397883614.875	n	9.3835	3.56544	20.235	33.0719
1397883614.936	n	9.3836	3.56546	20.221	33.0719
1397883615.000	y	9.3838	3.56547	20.209	33.0719
1397883615.063	n	9.3839	3.56547	20.195	33.0718
1397883615.124	n	9.3840	3.56546	20.178	33.0716
1397883615.187	n	9.3841	3.56545	20.164	33.0714
1397883615.249	n	9.3843	3.56544	20.152	33.0712
1397883615.311	n	9.3844	3.56544	20.138	33.0711
1397883615.375	n	9.3845	3.56544	20.121	33.0711
1397883615.438	n	9.3846	3.56544	20.104	33.0710
1397883615.499	n	9.3847	3.56544	20.089	33.0708
1397883615.561	n	9.3848	3.56543	20.069	33.0706
1397883615.624	n	9.3849	3.56543	20.055	33.0705
1397883615.687	n	9.3851	3.56543	20.039	33.0704
1397883615.748	n	9.3852	3.56544	20.018	33.0704
1397883615.811	n	9.3853	3.56544	19.999	33.0704
1397883615.874	n	9.3854	3.56544	19.978	33.0702
1397883615.936	n	9.3856	3.56544	19.958	33.0701
1397883615.999	n	9.3858	3.56544	19.939	33.0699
1397883616.063	n	9.3859	3.56544	19.916	33.0698
1397883616.124	n	9.3860	3.56544	19.893	33.0697
1397883616.187	n	9.3860	3.56544	19.872	33.0697
1397883616.249	n	9.3861	3.56543	19.848	33.0696
1397883616.311	n	9.3862	3.56543	19.826	33.0694
1397883616.375	n	9.3864	3.56542	19.799	33.0692
1397883616.440	n	9.3866	3.56541	19.780	33.0689
1397883616.500	n	9.3868	3.56541	19.755	33.0687
1397883616.562	n	9.3870	3.56541	19.726	33.0686
1397883616.626	n	9.3871	3.56542	19.700	33.0685
1397883616.687	n	9.3873	3.56542	19.674	33.0685
1397883616.749	n	9.3874	3.56542	19.648	33.0684
1397883616.812	n	9.3876	3.56542	19.623	33.0682
1397883616.876	n	9.3877	3.56542	19.591	33.0681
1397883616.939	n	9.3879	3.56542	19.561	33.0679
1397883617.022	y	9.3880	3.56541	19.533	33.0677
1397883617.061	n	9.3882	3.56540	19.504	33.0675
1397883617.123	n	9.3883	3.56539	19.475	33.0673
1397883617.186	n	9.3884	3.56538	19.447	33.0671
1397883617.434	y	9.3886	3.56539	19.414	33.0671
1397883617.450	n	9.3887	3.56540	19.384	33.0670
1397883617.456	n	9.3889	3.56540	19.348	33.0669
1397883617.462	n	9.3890	3.56539	19.315	33.0667
1397883617.499	n	9.3892	3.56538	19.285	33.0664
1397883617.561	n	9.3894	3.56538	19.250	33.0663
1397883617.623	n	9.3895	3.56538	19.220	33.0662
1397883617.687	n	9.3897	3.56539	19.189	33.0661
1397883617.749	n	9.3899	3.56540	19.152	33.0660
1397883617.811	n	9.3900	3.56539	19.117	33.0659
1397883617.873	n	9.3901	3.56538	19.086	33.0657
1397883617.937	n	9.3902	3.56538	19.050	33.0656
1397883618.000	n	9.3903	3.56537	19.013	33.0654
1397883618.062	n	9.3904	3.56536	18.981	33.0652
1397883618.125	n	9.3905	3.56536	18.942	33.0651
1397883618.186	n	9.3906	3.56535	18.907	33.0650
1397883618.249	n	9.3907	3.56536	18.874	33.0650
1397883618.312	n	9.3908	3.56536	18.841	33.0649
1397883618.374	n	9.3910	3.56536	18.800	33.0649
1397883618.436	n	9.3911	3.56537	18.765	33.0648
1397883618.498	n	9.3912	3.56538	18.728	33.0648
1397883618.561	n	9.3913	3.56538	18.693	33.0647
1397883618.625	n	9.3915	3.56538	18.657	33.0645
1397883618.686	y	9.3917	3.56537	18.622	33.0643
1397883618.749	n	9.3919	3.56536	18.587	33.0640
1397883618.811	n	9.3920	3.56535	18.551	33.0638
1397883618.875	n	9.3922	3.56534	18.515	33.0637
1397883618.938	n	9.3923	3.56534	18.478	33.0635
1397883618.999	n	9.3924	3.56534	18.445	33.0634
1397883619.061	n	9.3926	3.56535	18.413	33.0634
1397883619.124	n	9.3927	3.56535	18.376	33.0633
1397883619.186	n	9.3929	3.56535	18.346	33.0631
1397883619.250	n	9.3931	3.56535	18.308	33.0630
1397883619.312	n	9.3933	3.56535	18.271	33.0627
1397883619.375	n	9.3935	3.56534	18.240	33.0624
1397883619.437	n	9.3937	3.56532	18.205	33.0622
1397883619.499	n	9.3939	3.56532	18.173	33.0619
1397883619.561	n	9.3941	3.56532	18.140	33.0618
1397883619.624	n	9.3943	3.56532	18.107	33.0616
1397883619.687	n	9.3945	3.56532	18.073	33.0615
1397883619.749	n	9.3947	3.56532	18.043	33.0613
1397883619.812	n	9.3950	3.56531	18.011	33.0609
1397883619.873	n	9.3953	3.56530	17.979	33.0606
1397883619.939	n	9.3955	3.56530	17.951	33.0603
1397883620.001	n	9.3957	3.56529	17.922	33.0601
1397883620.061	n	9.3959	3.56530	17.892	33.0601
1397883620.125	n	9.3960	3.56531	17.863	33.0600
1397883620.186	n	9.3962	3.56532	17.833	33.0599
1397883620.249	n	9.3964	3.56531	17.806	33.0597
1397883620.313	n	9.3966	3.56530	17.776	33.0594
1397883620.374	n	9.3969	3.56528	17.752	33.0590
1397883620.436	n	9.3972	3.56528	17.725	33.0588
1397883620.500	n	9.3974	3.56529	17.701	33.0587
1397883620.562	n	9.3976	3.56530	17.678	33.0586
1397883620.625	n	9.3977	3.56531	17.656	33.0586
1397883620.687	n	9.3979	3.56532	17.633	33.0585
1397883620.749	n	9.3981	3.56532	17.612	33.0583
1397883620.811	n	9.3983	3.56532	17.589	33.0582
1397883620.875	n	9.3986	3.56532	17.569	33.0579
1397883620.937	n	9.3988	3.56531	17.552	33.0576
1397883621.000	n	9.3991	3.56530	17.534	33.0573
1397883621.061	n	9.3993	3.56530	17.515	33.0571
1397883621.126	n	9.3995	3.56531	17.500	33.0570
1397883621.187	n	9.3997	3.56532	17.485	33.0569
1397883621.248	n	9.4000	3.56532	17.467	33.0567
1397883621.311	n	9.4002	3.56531	17.451	33.0564
1397883621.376	n	9.4004	3.56531	17.437	33.0561
1397883621.438	n	9.4006	3.56529	17.422	33.0558
1397883621.614	y	9.4008	3.56528	17.408	33.0555
1397883621.620	n	9.4010	3.56527	17.399	33.0552
1397883621.626	n	9.4013	3.56527	17.387	33.0550
1397883621.688	n	9.4016	3.56528	17.378	33.0549
1397883621.748	n	9.4019	3.56529	17.368	33.0547
1397883621.813	n	9.4022	3.56530	17.355	33.0544
1397883621.876	n	9.4024	3.56530	17.345	33.0542
1397883621.939	n	9.4026	3.56529	17.341	33.0539
1397883622.000	n	9.4028	3.56527	17.333	33.0536
1397883622.062	n	9.4030	3.56527	17.327	33.0534
1397883622.125	n	9.4033	3.56528	17.320	33.0533
1397883622.186	n	9.4035	3.56530	17.315	33.0533
1397883622.268	y	9.4036	3.56531	17.310	33.0533
1397883622.311	n	9.4038	3.56531	17.304	33.0531
1397883622.375	n	9.4040	3.56530	17.300	33.0528
1397883622.439	n	9.4042	3.56529	17.295	33.0525
1397883622.499	n	9.4045	3.56529	17.289	33.0523
1397883622.562	n	9.4047	3.56529	17.286	33.0521
1397883622.625	n	9.4050	3.56529	17.282	33.0518
1397883622.687	n	9.4053	3.56528	17.282	33.0514
1397883622.749	n	9.4056	3.56527	17.282	33.0510
1397883622.812	n	9.4059	3.56526	17.280	33.0507
1397883622.874	n	9.4062	3.56527	17.277	33.0504
1397883622.937	n	9.4065	3.56527	17.273	33.0502
1397883623.000	n	9.4068	3.56527	17.272	33.0500
1397883623.062	n	9.4070	3.56527	17.271	33.0498
1397883623.126	n	9.4072	3.56527	17.270	33.0496
1397883623.187	n	9.4074	3.56529	17.266	33.0495
1397883623.249	n	9.4076	3.56530	17.268	33.0495
1397883623.311	n	9.4079	3.56530	17.267	33.0493
1397883623.374	n	9.4081	3.56531	17.263	33.0491
1397883623.441	n	9.4084	3.56530	17.266	33.0488
1397883623.500	n	9.4086	3.56530	17.265	33.0486
1397883623.562	n	9.4089	3.56530	17.258	33.0483
1397883623.624	n	9.4092	3.56530	17.262	33.0481
1397883623.686	n	9.4094	3.56529	17.265	33.0478
1397883623.749	n	9.4096	3.56529	17.259	33.0476
1397883623.811	n	9.4097	3.56529	17.259	33.0475
1397883623.874	n	9.4099	3.56530	17.254	33.0474
1397883623.936	n	9.4101	3.56530	17.254	33.0472
1397883623.999	n	9.4104	3.56531	17.255	33.0471
1397883624.062	n	9.4107	3.56531	17.254	33.0467
1397883624.124	n	9.4110	3.56529	17.250	33.0464
1397883624.188	n	9.4113	3.56528	17.251	33.0460
1397883624.250	n	9.4115	3.56528	17.246	33.0457
1397883624.311	n	9.4118	3.56528	17.241	33.0454
1397883624.374	n	9.4121	3.56529	17.239	33.0453
1397883624.436	n	9.4123	3.56529	17.236	33.0450
1397883624.500	n	9.4126	3.56529	17.233	33.0447
1397883624.563	n	9.4129	3.56528	17.226	33.0444
1397883624.624	n	9.4132	3.56528	17.223	33.0441
1397883624.688	n	9.4135	3.56528	17.219	33.0439
1397883624.748	n	9.4138	3.56530	17.215	33.0438
1397883624.812	n	9.4140	3.56531	17.209	33.0437
1397883624.875	n	9.4143	3.56531	17.204	33.0435
1397883624.936	n	9.4145	3.56531	17.196	33.0432
1397883624.999	n	9.4149	3.56531	17.192	33.0429
1397883625.061	n	9.4152	3.56530	17.184	33.0425
1397883625.125	n	9.4156	3.56529	17.178	33.0421
1397883625.187	n	9.4160	3.56529	17.169	33.0417
1397883625.250	n	9.4162	3.56528	17.160	33.0413
1397883625.311	n	9.4165	3.56527	17.155	33.0410
1397883625.375	n	9.4167	3.56528	17.146	33.0409
1397883625.437	n	9.4170	3.56529	17.131	33.0408
1397883625.500	n	9.4173	3.56530	17.124	33.0406
1397883625.561	n	9.4177	3.56531	17.117	33.0404
1397883625.625	n	9.4181	3.56531	17.104	33.0400
1397883625.688	n	9.4184	3.56530	17.093	33.0397
1397883625.870	y	9.4187	3.56529	17.081	33.0393
1397883625.877	n	9.4190	3.56529	17.069	33.0390
1397883625.883	n	9.4192	3.56529	17.055	33.0388
1397883625.936	y	9.4195	3.56530	17.043	33.0386
1397883626.017	n	9.4198	3.56531	17.029	33.0385
1397883626.063	n	9.4200	3.56532	17.015	33.0383
1397883626.124	n	9.4203	3.56532	16.999	33.0381
1397883626.186	n	9.4205	3.56531	16.985	33.0378
1397883626.250	n	9.4207	3.56530	16.965	33.0375
1397883626.312	n	9.4209	3.56528	16.948	33.0372
1397883626.375	n	9.4211	3.56527	16.935	33.0369
1397883626.436	n	9.4213	3.56526	16.918	33.0366
1397883626.499	n	9.4216	3.56526	16.900	33.0364
1397883626.562	n	9.4219	3.56526	16.883	33.0361
1397883626.624	n	9.4222	3.56527	16.862	33.0359
1397883626.686	n	9.4225	3.56527	16.845	33.0357
1397883626.749	n	9.4228	3.56527	16.825	33.0354
1397883626.811	n	9.4230	3.56527	16.804	33.0351
1397883626.874	n	9.4233	3.56526	16.783	33.0349
1397883626.936	n	9.4236	3.56526	16.762	33.0346
1397883626.998	n	9.4238	3.56526	16.741	33.0344
1397883627.061	n	9.4240	3.56527	16.722	33.0343
1397883627.124	n	9.4243	3.56527	16.700	33.0341
1397883627.187	n	9.4245	3.56527	16.677	33.0339
1397883627.249	n	9.4247	3.56527	16.650	33.0337
1397883627.312	n	9.4249	3.56527	16.627	33.0336
1397883627.375	n	9.4251	3.56527	16.599	33.0334
1397883627.437	n	9.4252	3.56528	16.578	33.0333
1397883627.500	n	9.4255	3.56529	16.550	33.0333
1397883627.561	n	9.4257	3.56530	16.522	33.0332
1397883627.625	n	9.4259	3.56530	16.501	33.0330
1397883627.688	n	9.4261	3.56529	16.472	33.0327
1397883627.749	n	9.4262	3.56527	16.446	33.0324
1397883627.812	n	9.4264	3.56526	16.419	33.0321
1397883627.875	n	9.4266	3.56526	16.393	33.0319
1397883627.938	n	9.4268	3.56525	16.364	33.0317
1397883627.999	n	9.4270	3.56525	16.336	33.0315
1397883628.062	n	9.4272	3.56525	16.310	33.0313
1397883628.124	n	9.4275	3.56525	16.281	33.0310
1397883628.187	n	9.4278	3.56525	16.253	33.0309
1397883628.250	n	9.4280	3.56526	16.222	33.0308
1397883628.312	n	9.4282	3.56526	16.189	33.0306
1397883628.376	n	9.4284	3.56526	16.162	33.0304
1397883628.438	n	9.4286	3.56525	16.130	33.0302
1397883628.499	n	9.4287	3.56525	16.103	33.0300
1397883628.561	n	9.4289	3.56525	16.070	33.0298
1397883628.624	n	9.4291	3.56525	16.042	33.0297
1397883628.686	n	9.4293	3.56526	16.012	33.0296
1397883628.750	n	9.4295	3.56526	15.982	33.0294
1397883628.812	n	9.4297	3.56526	15.954	33.0293
1397883628.876	n	9.4299	3.56526	15.919	33.0291
1397883628.939	n	9.4301	3.56525	15.890	33.0288
1397883628.999	n	9.4304	3.56525	15.862	33.0286
1397883629.062	n	9.4306	3.56525	15.829	33.0284
1397883629.125	n	9.4309	3.56525	15.799	33.0281
1397883629.187	n	9.4311	3.56525	15.771	33.0280
1397883629.250	n	9.4313	3.56525	15.740	33.0278
1397883629.312	n	9.4315	3.56524	15.710	33.0275
1397883629.374	n	9.4317	3.56523	15.681	33.0273
1397883629.437	n	9.4320	3.56523	15.653	33.0270
1397883629.499	n	9.4322	3.56523	15.622	33.0268
1397883629.561	n	9.4325	3.56523	15.594	33.0265
1397883629.625	n	9.4327	3.56523	15.568	33.0263
1397883629.686	y	9.4330	3.56522	15.539	33.0260
1397883629.750	n	9.4333	3.56522	15.511	33.0258
1397883629.812	n	9.4336	3.56522	15.478	33.0255
1397883629.876	n	9.4339	3.56521	15.449	33.0252
1397883629.937	n	9.4342	3.56521	15.421	33.0249
1397883630.212	y	9.4346	3.56521	15.395	33.0245
1397883630.220	n	9.4350	3.56521	15.370	33.0242
1397883630.227	n	9.4354	3.56521	15.342	33.0238
1397883630.233	n	9.4357	3.56522	15.314	33.0236
1397883630.248	n	9.4361	3.56522	15.285	33.0233
1397883630.312	n	9.4364	3.56522	15.261	33.0230
1397883630.375	n	9.4367	3.56522	15.235	33.0227
1397883630.436	n	9.4370	3.56522	15.208	33.0224
1397883630.499	n	9.4373	3.56522	15.184	33.0222
1397883630.561	n	9.4376	3.56523	15.157	33.0220
1397883630.625	n	9.4379	3.56523	15.134	33.0218
1397883630.687	n	9.4383	3.56523	15.108	33.0215
1397883630.749	n	9.4387	3.56523	15.086	33.0210
1397883630.811	n	9.4392	3.56521	15.060	33.0204
1397883630.874	n	9.4396	3.56519	15.038	33.0198
1397883630.937	n	9.4402	3.56519	15.015	33.0193
1397883631.000	n	9.4408	3.56519	14.992	33.0188
1397883631.061	n	9.4415	3.56519	14.970	33.0182
1397883631.125	n	9.4423	3.56519	14.946	33.0174
1397883631.187	n	9.4431	3.56520	14.926	33.0167
1397883631.250	n	9.4441	3.56521	14.906	33.0160
1397883631.311	n	9.4450	3.56521	14.881	33.0151
1397883631.375	n	9.4460	3.56521	14.863	33.0142
1397883631.438	n	9.4470	3.56521	14.842	33.0133
1397883631.499	n	9.4480	3.56520	14.822	33.0123
1397883631.561	n	9.4490	3.56520	14.802	33.0115
1397883631.625	n	9.4500	3.56521	14.781	33.0106
1397883631.689	n	9.4509	3.56523	14.764	33.0099
1397883631.750	n	9.4518	3.56523	14.744	33.0091
1397883631.812	n	9.4527	3.56524	14.724	33.0084
1397883631.874	n	9.4534	3.56523	14.706	33.0076
1397883631.936	n	9.4541	3.56521	14.683	33.0068
1397883631.999	n	9.4548	3.56520	14.667	33.0061
1397883632.061	n	9.4556	3.56521	14.653	33.0054
1397883632.125	n	9.4565	3.56521	14.634	33.0047
1397883632.188	n	9.4574	3.56522	14.619	33.0039
1397883632.250	n	9.4583	3.56522	14.600	33.0031
1397883632.312	n	9.4592	3.56522	14.578	33.0023
1397883632.377	n	9.4601	3.56522	14.560	33.0015
1397883632.513	y	9.4612	3.56523	14.547	33.0006
1397883632.520	n	9.4623	3.56523	14.535	32.9995
1397883632.562	n	9.4636	3.56523	14.520	32.9983
1397883632.625	n	9.4651	3.56523	14.500	32.9970
1397883632.687	n	9.4666	3.56523	14.481	32.9956
1397883632.748	n	9.4682	3.56523	14.468	32.9941
1397883632.811	n	9.4700	3.56523	14.456	32.9925
1397883632.874	n	9.4717	3.56523	14.439	32.9909
1397883632.938	n	9.4735	3.56524	14.425	32.9894
1397883632.999	n	9.4753	3.56524	14.408	32.9877
1397883633.062	n	9.4771	3.56524	14.393	32.9861
1397883633.123	n	9.4789	3.56525	14.377	32.9845
1397883633.186	n	9.4806	3.56525	14.363	32.9829
1397883633.250	y	9.4822	3.56525	14.349	32.9815
1397883633.311	n	9.4836	3.56525	14.331	32.9802
1397883633.375	n	9.4849	3.56525	14.319	32.9790
1397883633.436	n	9.4861	3.56525	14.306	32.9780
1397883633.498	n	9.4871	3.56525	14.293	32.9771
1397883633.562	n	9.4880	3.56526	14.278	32.9763
1397883633.625	n	9.4888	3.56526	14.264	32.9756
1397883633.688	n	9.4897	3.56526	14.251	32.9748
1397883633.750	n	9.4906	3.56527	14.235	32.9740
1397883633.812	n	9.4915	3.56527	14.223	32.9733
1397883633.877	n	9.4923	3.56527	14.210	32.9725
1397883633.936	n	9.4931	3.56528	14.195	32.9718
1397883634.000	n	9.4940	3.56529	14.183	32.9711
1397883634.061	n	9.4949	3.56529	14.173	32.9703
1397883634.125	n	9.4958	3.56528	14.158	32.9694
1397883634.188	n	9.4968	3.56527	14.145	32.9684
1397883634.373	y	9.4978	3.56527	14.132	32.9674
1397883634.381	n	9.4988	3.56527	14.116	32.9665
1397883634.387	n	9.4997	3.56527	14.104	32.9657
1397883634.437	n	9.5008	3.56529	14.089	32.9649
1397883634.499	n	9.5019	3.56529	14.077	32.9639
1397883634.561	n	9.5031	3.56529	14.065	32.9627
1397883634.624	n	9.5045	3.56528	14.051	32.9615
1397883634.686	n	9.5059	3.56527	14.038	32.9601
1397883634.750	n	9.5074	3.56527	14.023	32.9586
1397883634.812	n	9.5089	3.56527	14.014	32.9573
1397883634.875	n	9.5105	3.56528	14.002	32.9559
1397883634.938	n	9.5121	3.56529	13.991	32.9545
1397883635.000	n	9.5138	3.56530	13.975	32.9531
1397883635.062	n	9.5155	3.56531	13.966	32.9516
1397883635.124	n	9.5173	3.56530	13.951	32.9499
1397883635.187	n	9.5191	3.56529	13.933	32.9482
1397883635.250	n	9.5210	3.56529	13.925	32.9463
1397883635.311	n	9.5230	3.56529	13.913	32.9446
1397883635.375	n	9.5250	3.56529	13.899	32.9428
1397883635.437	n	9.5269	3.56531	13.885	32.9412
1397883635.498	n	9.5289	3.56532	13.872	32.9394
1397883635.562	n	9.5309	3.56532	13.859	32.9376
1397883635.624	n	9.5330	3.56531	13.844	32.9356
1397883635.688	n	9.5350	3.56530	13.829	32.9337
1397883635.749	n	9.5372	3.56530	13.815	32.9318
1397883635.811	n	9.5393	3.56531	13.804	32.9299
1397883635.875	n	9.5413	3.56532	13.786	32.9282
1397883635.938	n	9.5433	3.56533	13.770	32.9264
1397883635.999	n	9.5452	3.56533	13.758	32.9246
1397883636.062	n	9.5472	3.56532	13.745	32.9228
1397883636.124	n	9.5491	3.56533	13.730	32.9211
1397883636.186	n	9.5511	3.56532	13.714	32.9192
1397883636.248	n	9.5531	3.56532	13.700	32.9173
1397883636.313	n	9.5552	3.56531	13.684	32.9153
1397883636.376	n	9.5572	3.56530	13.672	32.9134
1397883636.438	n	9.5593	3.56530	13.655	32.9114
1397883636.499	n	9.5613	3.56530	13.645	32.9097
1397883636.562	n	9.5632	3.56531	13.629	32.9081
1397883636.624	n	9.5650	3.56533	13.613	32.9066
1397883636.686	n	9.5667	3.56535	13.596	32.9052
1397883636.749	n	9.5683	3.56536	13.579	32.9039
1397883636.812	n	9.5699	3.56536	13.566	32.9024
1397883636.875	n	9.5714	3.56535	13.552	32.9009
1397883636.973	y	9.5729	3.56534	13.535	32.8995
1397883636.998	n	9.5744	3.56533	13.517	32.8980
1397883637.062	n	9.5758	3.56533	13.502	32.8967
1397883637.124	n	9.5772	3.56533	13.489	32.8954
1397883637.187	n	9.5785	3.56533	13.472	32.8942
1397883637.248	n	9.5798	3.56534	13.453	32.8931
1397883637.311	n	9.5811	3.56535	13.438	32.8921
1397883637.375	n	9.5824	3.56535	13.420	32.8910
1397883637.439	n	9.5836	3.56535	13.405	32.8897
1397883637.498	n	9.5848	3.56534	13.393	32.8886
1397883637.562	n	9.5859	3.56533	13.374	32.8875
1397883637.624	n	9.5870	3.56532	13.355	32.8864
1397883637.688	n	9.5881	3.56532	13.334	32.8854
1397883637.749	n	9.5893	3.56532	13.318	32.8844
1397883637.811	n	9.5903	3.56532	13.303	32.8834
1397883637.875	n	9.5913	3.56532	13.284	32.8825
1397883637.936	n	9.5923	3.56532	13.265	32.8817
1397883638.000	n	9.5932	3.56532	13.251	32.8809
1397883638.062	n	9.5941	3.56532	13.236	32.8799
1397883638.126	n	9.5951	3.56531	13.214	32.8789
1397883638.187	n	9.5961	3.56529	13.197	32.8779
1397883638.250	n	9.5972	3.56528	13.181	32.8768
1397883638.311	n	9.5982	3.56528	13.161	32.8758
1397883638.374	n	9.5993	3.56529	13.145	32.8749
1397883638.436	n	9.6005	3.56530	13.129	32.8739
1397883638.588	y	9.6016	3.56531	13.107	32.8730
1397883638.594	n	9.6028	3.56532	13.091	32.8720
1397883638.624	n	9.6041	3.56532	13.072	32.8709
1397883638.686	n	9.6054	3.56533	13.052	32.8697
1397883638.749	n	9.6069	3.56533	13.035	32.8684
1397883638.812	n	9.6084	3.56532	13.017	32.8670
1397883638.875	n	9.6100	3.56531	13.002	32.8654
1397883638.936	n	9.6116	3.56531	12.984	32.8639
1397883639.000	n	9.6133	3.56532	12.970	32.8624
1397883639.062	n	9.6151	3.56532	12.946	32.8609
1397883639.124	n	9.6169	3.56533	12.928	32.8593
1397883639.186	n	9.6187	3.56532	12.912	32.8576
1397883639.250	n	9.6206	3.56531	12.895	32.8557
1397883639.312	n	9.6225	3.56530	12.875	32.8540
1397883639.373	n	9.6243	3.56531	12.855	32.8523
1397883639.437	n	9.6262	3.56532	12.837	32.8507
1397883639.500	n	9.6280	3.56531	12.821	32.8491
1397883639.561	n	9.6298	3.56531	12.805	32.8474
1397883639.624	n	9.6316	3.56531	12.784	32.8457
1397883639.687	n	9.6334	3.56532	12.765	32.8441
1397883639.749	n	9.6353	3.56533	12.749	32.8426
1397883639.812	n	9.6372	3.56534	12.731	32.8409
1397883639.873	n	9.6391	3.56533	12.713	32.8391
1397883639.937	n	9.6410	3.56532	12.694	32.8372
1397883639.998	n	9.6429	3.56531	12.673	32.8354
1397883640.061	n	9.6449	3.56532	12.659	32.8337
1397883640.125	n	9.6470	3.56534	12.643	32.8320
1397883640.188	n	9.6491	3.56535	12.623	32.8303
1397883640.249	n	9.6513	3.56536	12.603	32.8284
1397883640.311	n	9.6535	3.56537	12.585	32.8264
1397883640.376	n	9.6558	3.56536	12.566	32.8242
1397883640.437	n	9.6581	3.56535	12.550	32.8220
1397883640.500	n	9.6606	3.56535	12.533	32.8198
1397883640.562	n	9.6631	3.56536	12.513	32.8175
1397883640.624	y	9.6656	3.56537	12.497	32.8154
1397883640.688	n	9.6680	3.56537	12.475	32.8132
1397883640.749	n	9.6704	3.56536	12.458	32.8109
1397883640.811	n	9.6728	3.56536	12.444	32.8087
1397883640.874	n	9.6752	3.56535	12.426	32.8065
1397883640.937	n	9.6776	3.56536	12.405	32.8044
1397883640.998	n	9.6800	3.56537	12.386	32.8023
1397883641.063	n	9.6824	3.56539	12.368	32.8003
1397883641.125	n	9.6848	3.56540	12.348	32.7983
1397883641.186	n	9.6872	3.56541	12.334	32.7962
1397883641.249	n	9.6896	3.56541	12.313	32.7940
1397883641.312	n	9.6920	3.56541	12.296	32.7918
1397883641.376	n	9.6944	3.56541	12.275	32.7896
1397883641.438	n	9.6967	3.56540	12.257	32.7874
1397883641.499	n	9.6990	3.56540	12.245	32.7853
1397883641.562	n	9.7013	3.56541	12.225	32.7833
1397883641.625	n	9.7035	3.56541	12.208	32.7814
1397883641.687	n	9.7057	3.56542	12.188	32.7795
1397883641.749	n	9.7078	3.56542	12.167	32.7775
1397883641.811	n	9.7099	3.56541	12.150	32.7756
1397883641.875	n	9.7120	3.56541	12.129	32.7736
1397883641.936	n	9.7139	3.56541	12.114	32.7719
1397883641.999	n	9.7159	3.56542	12.094	32.7702
1397883642.063	n	9.7178	3.56543	12.076	32.7685
1397883642.124	n	9.7199	3.56543	12.058	32.7667
1397883642.186	n	9.7220	3.56544	12.044	32.7649
1397883642.250	n	9.7242	3.56543	12.021	32.7628
1397883642.312	n	9.7264	3.56543	12.005	32.7608
1397883642.376	n	9.7287	3.56543	11.990	32.7587
1397883642.436	n	9.7310	3.56543	11.971	32.7566
1397883642.499	n	9.7335	3.56544	11.951	32.7545
1397883642.562	n	9.7361	3.56545	11.934	32.7522
1397883642.625	n	9.7389	3.56545	11.918	32.7497
1397883642.688	n	9.7418	3.56545	11.898	32.7470
1397883642.852	y	9.7450	3.56545	11.880	32.7442
1397883642.858	n	9.7483	3.56546	11.860	32.7413
1397883642.876	n	9.7518	3.56548	11.847	32.7382
1397883642.937	n	9.7555	3.56548	11.831	32.7349
1397883642.998	n	9.7594	3.56548	11.810	32.7313
1397883643.063	n	9.7635	3.56549	11.792	32.7277
1397883643.125	n	9.7679	3.56549	11.773	32.7238
1397883643.189	n	9.7725	3.56550	11.755	32.7197
1397883643.249	n	9.7773	3.56550	11.734	32.7153
1397883643.311	n	9.7823	3.56550	11.717	32.7108
1397883643.374	n	9.7875	3.56551	11.703	32.7061
1397883643.437	n	9.7929	3.56553	11.682	32.7014
1397883643.499	n	9.7984	3.56555	11.664	32.6967
1397883643.561	n	9.8040	3.56557	11.646	32.6918
1397883643.625	n	9.8098	3.56558	11.625	32.6867
1397883643.686	n	9.8155	3.56559	11.609	32.6816
1397883643.749	n	9.8211	3.56559	11.589	32.6765
1397883643.811	n	9.8266	3.56559	11.572	32.6715
1397883643.874	n	9.8319	3.56560	11.553	32.6668
1397883643.936	n	9.8370	3.56561	11.533	32.6623
1397883643.999	n	9.8419	3.56563	11.514	32.6581
1397883644.062	n	9.8465	3.56563	11.498	32.6540
1397883644.124	n	9.8509	3.56564	11.480	32.6500
1397883644.187	n	9.8551	3.56564	11.455	32.6462
1397883644.287	y	9.8592	3.56565	11.442	32.6426
1397883644.312	n	9.8631	3.56566	11.418	32.6392
1397883644.376	n	9.8669	3.56567	11.399	32.6359
1397883644.437	n	9.8705	3.56568	11.385	32.6327
1397883644.498	n	9.8740	3.56568	11.359	32.6297
1397883644.561	n	9.8772	3.56568	11.343	32.6267
1397883644.624	n	9.8803	3.56569	11.327	32.6239
1397883644.686	n	9.8833	3.56569	11.306	32.6212
1397883644.749	n	9.8863	3.56569	11.285	32.6185
1397883644.811	n	9.8893	3.56568	11.266	32.6158
1397883644.873	n	9.8925	3.56568	11.247	32.6129
1397883644.937	n	9.8957	3.56568	11.227	32.6100
1397883645.000	n	9.8991	3.56570	11.205	32.6071
1397883645.061	n	9.9027	3.56572	11.182	32.6040
1397883645.124	n	9.9065	3.56574	11.164	32.6009
1397883645.187	n	9.9105	3.56575	11.143	32.5974
1397883645.249	n	9.9146	3.56576	11.123	32.5937
1397883645.312	n	9.9188	3.56576	11.101	32.5900
1397883645.374	n	9.9228	3.56576	11.080	32.5864
1397883645.436	n	9.9266	3.56577	11.063	32.5831
1397883645.500	n	9.9302	3.56578	11.043	32.5799
1397883645.561	n	9.9336	3.56578	11.020	32.5768
1397883645.625	n	9.9370	3.56577	10.998	32.5737
1397883645.687	n	9.9404	3.56577	10.978	32.5707
1397883645.749	n	9.9437	3.56578	10.956	32.5678
1397883645.812	n	9.9469	3.56579	10.935	32.5650
1397883645.874	n	9.9501	3.56581	10.916	32.5624
1397883645.936	n	9.9531	3.56582	10.893	32.5598
1397883645.998	n	9.9560	3.56583	10.874	32.5572
1397883646.061	n	9.9588	3.56582	10.852	32.5546
1397883646.125	n	9.9616	3.56581	10.829	32.5520
1397883646.187	n	9.9644	3.56581	10.806	32.5495
1397883646.248	n	9.9671	3.56580	10.784	32.5470
1397883646.312	n	9.9698	3.56580	10.766	32.5446
1397883646.375	n	9.9723	3.56580	10.745	32.5423
1397883646.436	n	9.9748	3.56580	10.720	32.5401
1397883646.500	n	9.9773	3.56581	10.698	32.5379
1397883646.562	n	9.9796	3.56581	10.678	32.5358
1397883646.626	n	9.9820	3.56580	10.657	32.5336
1397883646.686	n	9.9842	3.56579	10.635	32.5315
1397883646.750	n	9.9864	3.56579	10.616	32.5296
1397883646.812	n	9.9886	3.56579	10.594	32.5276
1397883646.874	n	9.9908	3.56579	10.573	32.5257
1397883646.938	n	9.9931	3.56580	10.554	32.5237
1397883647.095	y	9.9954	3.56580	10.533	32.5215
1397883647.101	n	9.9979	3.56580	10.511	32.5194
1397883647.126	n	10.0003	3.56580	10.490	32.5172
1397883647.186	n	10.0029	3.56580	10.470	32.5149
1397883647.249	n	10.0055	3.56579	10.451	32.5124
1397883647.313	n	10.0082	3.56579	10.432	32.5100
1397883647.375	n	10.0110	3.56580	10.410	32.5076
1397883647.437	n	10.0139	3.56581	10.394	32.5052
1397883647.500	n	10.0166	3.56583	10.375	32.5028
1397883647.562	n	10.0194	3.56583	10.352	32.5004
1397883647.624	n	10.0220	3.56583	10.339	32.4980
1397883647.688	n	10.0247	3.56583	10.318	32.4956
1397883647.748	n	10.0274	3.56583	10.295	32.4932
1397883647.812	n	10.0303	3.56583	10.278	32.4906
1397883647.880	y	10.0332	3.56583	10.261	32.4880
1397883647.967	n	10.0363	3.56583	10.246	32.4852
1397883647.999	n	10.0394	3.56584	10.226	32.4825
1397883648.062	n	10.0425	3.56585	10.207	32.4799
1397883648.126	n	10.0459	3.56587	10.193	32.4770
1397883648.187	n	10.0493	3.56587	10.176	32.4740
1397883648.248	n	10.0530	3.56586	10.159	32.4706
1397883648.311	n	10.0568	3.56585	10.139	32.4671
1397883648.375	n	10.0606	3.56585	10.122	32.4636
1397883648.437	n	10.0645	3.56585	10.106	32.4601
1397883648.500	n	10.0684	3.56586	10.091	32.4568
1397883648.562	n	10.0722	3.56587	10.075	32.4534
1397883648.624	n	10.0761	3.56587	10.056	32.4500
1397883648.688	n	10.0800	3.56588	10.040	32.4466
1397883648.750	n	10.0839	3.56589	10.027	32.4431
1397883648.811	n	10.0878	3.56590	10.010	32.4397
1397883648.875	n	10.0917	3.56590	9.999	32.4363
1397883648.936	n	10.0954	3.56590	9.982	32.4330
1397883649.001	n	10.0989	3.56590	9.967	32.4299
1397883649.063	n	10.1020	3.56591	9.952	32.4272
1397883649.124	n	10.1049	3.56593	9.937	32.4248
1397883649.186	n	10.1075	3.56594	9.923	32.4225
1397883649.250	n	10.1099	3.56594	9.910	32.4205
1397883649.312	n	10.1121	3.56594	9.895	32.4185
1397883649.375	n	10.1141	3.56594	9.881	32.4167
1397883649.436	n	10.1159	3.56593	9.867	32.4150
1397883649.499	n	10.1176	3.56593	9.852	32.4135
1397883649.561	n	10.1192	3.56594	9.839	32.4121
1397883649.625	n	10.1208	3.56595	9.829	32.4108
1397883649.687	n	10.1224	3.56595	9.810	32.4094
1397883649.749	n	10.1241	3.56595	9.796	32.4079
1397883649.812	n	10.1260	3.56594	9.786	32.4061
1397883649.874	n	10.1281	3.56593	9.779	32.4041
1397883649.937	n	10.1304	3.56593	9.760	32.4020
1397883650.000	n	10.1329	3.56594	9.743	32.3999
1397883650.061	n	10.1355	3.56595	9.731	32.3976
1397883650.123	n	10.1383	3.56596	9.721	32.3953
1397883650.188	n	10.1411	3.56596	9.709	32.3928
1397883650.249	n	10.1439	3.56597	9.696	32.3905
1397883650.311	n	10.1467	3.56598	9.685	32.3880
1397883650.374	n	10.1495	3.56599	9.674	32.3856
1397883650.438	n	10.1522	3.56599	9.655	32.3832
1397883650.499	n	10.1550	3.56599	9.642	32.3808
1397883650.562	n	10.1577	3.56600	9.632	32.3784
1397883650.626	n	10.1604	3.56601	9.622	32.3761
1397883650.687	n	10.1631	3.56601	9.608	32.3737
1397883650.749	n	10.1660	3.56602	9.597	32.3712
1397883650.811	n	10.1691	3.56602	9.584	32.3684
1397883650.876	n	10.1724	3.56603	9.575	32.3656
1397883650.938	n	10.1757	3.56604	9.560	32.3627
1397883650.999	n	10.1791	3.56605	9.546	32.3598
1397883651.061	n	10.1826	3.56606	9.532	32.3568
1397883651.124	n	10.1863	3.56607	9.525	32.3536
1397883651.187	n	10.1901	3.56608	9.512	32.3504
1397883651.371	y	10.1939	3.56609	9.497	32.3470
1397883651.377	n	10.1979	3.56609	9.483	32.3435
1397883651.383	n	10.2020	3.56610	9.471	32.3399
1397883651.438	n	10.2062	3.56609	9.458	32.3361
1397883651.499	n	10.2105	3.56609	9.444	32.3323
1397883651.673	y	10.2148	3.56611	9.433	32.3286
1397883651.678	n	10.2192	3.56613	9.422	32.3249
1397883651.692	n	10.2235	3.56615	9.408	32.3213
1397883651.750	n	10.2278	3.56617	9.396	32.3177
1397883651.812	n	10.2320	3.56617	9.387	32.3140
1397883651.875	n	10.2362	3.56618	9.373	32.3103
1397883651.938	n	10.2403	3.56618	9.357	32.3066
1397883651.999	n	10.2444	3.56619	9.346	32.3030
1397883652.061	n	10.2484	3.56619	9.336	32.2995
1397883652.124	n	10.2523	3.56619	9.320	32.2960
1397883652.187	n	10.2562	3.56619	9.305	32.2926
1397883652.250	n	10.2600	3.56620	9.291	32.2893
1397883652.312	n	10.2637	3.56621	9.281	32.2861
1397883652.374	n	10.2674	3.56621	9.267	32.2828
1397883652.436	n	10.2711	3.56622	9.260	32.2796
1397883652.500	n	10.2748	3.56622	9.241	32.2764
1397883652.562	n	10.2785	3.56623	9.229	32.2733
1397883652.625	n	10.2821	3.56625	9.215	32.2702
1397883652.688	n	10.2856	3.56626	9.202	32.2672
1397883652.748	n	10.2891	3.56627	9.187	32.2642
1397883652.813	n	10.2926	3.56628	9.174	32.2612
1397883652.876	n	10.2959	3.56628	9.158	32.2582
1397883652.937	n	10.2992	3.56628	9.143	32.2553
1397883652.999	n	10.3023	3.56628	9.131	32.2526
1397883653.061	n	10.3053	3.56629	9.114	32.2500
1397883653.124	n	10.3084	3.56630	9.096	32.2473
1397883653.187	n	10.3115	3.56631	9.082	32.2447
1397883653.250	n	10.3145	3.56631	9.069	32.2421
1397883653.312	n	10.3175	3.56631	9.058	32.2395
1397883653.375	n	10.3203	3.56632	9.042	32.2370
1397883653.436	n	10.3230	3.56632	9.026	32.2346
1397883653.500	n	10.3257	3.56633	9.010	32.2323
1397883653.562	n	10.3284	3.56633	8.994	32.2299
1397883653.625	n	10.3310	3.56633	8.977	32.2276
1397883653.688	n	10.3335	3.56633	8.967	32.2254
1397883653.750	n	10.3360	3.56635	8.953	32.2234
1397883653.813	n	10.3385	3.56636	8.935	32.2213
1397883653.875	n	10.3411	3.56637	8.916	32.2191
1397883653.936	n	10.3436	3.56637	8.901	32.2169
1397883653.999	n	10.3462	3.56637	8.883	32.2146
1397883654.062	n	10.3487	3.56637	8.867	32.2124
1397883654.124	n	10.3512	3.56638	8.846	32.2102
1397883654.186	y	10.3537	3.56638	8.830	32.2081
1397883654.249	n	10.3561	3.56639	8.813	32.2061
1397883654.312	n	10.3585	3.56641	8.795	32.2042
1397883654.375	n	10.3607	3.56643	8.777	32.2023
1397883654.439	n	10.3630	3.56644	8.757	32.2005
1397883654.499	n	10.3651	3.56645	8.737	32.1987
1397883654.562	n	10.3672	3.56644	8.718	32.1968
1397883654.625	n	10.3693	3.56644	8.700	32.1950
1397883654.688	n	10.3713	3.56645	8.681	32.1933
1397883654.750	n	10.3732	3.56646	8.664	32.1917
1397883654.811	n	10.3751	3.56648	8.641	32.1901
1397883654.875	n	10.3770	3.56649	8.620	32.1886
1397883654.938	n	10.3795	3.56658	8.601	32.1874
1397883654.999	n	10.3876	3.56747	8.581	32.1891
1397883655.062	n	10.4075	3.57306	8.562	32.2275
1397883655.125	n	10.4388	3.58339	8.541	32.3032
1397883655.187	n	10.4757	3.59612	8.523	32.3980
1397883655.287	y	10.5093	3.60801	8.499	32.4871
1397883655.312	n	10.5319	3.61608	8.476	32.5477
1397883655.375	n	10.5432	3.61894	8.461	32.5663
1397883655.436	n	10.5483	3.62002	8.437	32.5725
1397883655.556	y	10.5507	3.62060	8.413	32.5762
1397883655.562	n	10.5519	3.62099	8.392	32.5790
1397883655.624	n	10.5524	3.62125	8.373	32.5811
1397883655.690	n	10.5526	3.62143	8.351	32.5828
1397883655.749	n	10.5527	3.62158	8.330	32.5841
1397883655.812	n	10.5529	3.62170	8.307	32.5852
1397883655.874	n	10.5532	3.62180	8.289	32.5860
1397883655.936	n	10.5535	3.62190	8.268	32.5868
1397883656.000	n	10.5538	3.62199	8.248	32.5873
1397883656.061	n	10.5541	3.62207	8.228	32.5879
1397883656.124	n	10.5543	3.62214	8.205	32.5885
1397883656.186	n	10.5546	3.62223	8.187	32.5891
1397883656.249	n	10.5558	3.62238	8.165	32.5895
1397883656.312	n	10.5584	3.62264	8.146	32.5898
1397883656.375	n	10.5621	3.62298	8.123	32.5899
1397883656.438	n	10.5661	3.62330	8.106	32.5896
1397883656.499	n	10.5693	3.62355	8.090	32.5892
1397883656.561	n	10.5712	3.62368	8.072	32.5888
1397883656.625	n	10.5717	3.62374	8.050	32.5889
1397883656.691	n	10.5710	3.62376	8.028	32.5898
1397883656.748	n	10.5696	3.62377	8.011	32.5912
1397883656.813	n	10.5682	3.62376	7.995	32.5923
1397883656.875	n	10.5672	3.62371	7.978	32.5927
1397883656.937	n	10.5676	3.62372	7.958	32.5925
1397883656.999	n	10.5693	3.62384	7.943	32.5922
1397883657.062	n	10.5719	3.62404	7.921	32.5919
1397883657.125	n	10.5745	3.62428	7.903	32.5920
1397883657.188	n	10.5768	3.62449	7.885	32.5920
1397883657.249	n	10.5784	3.62460	7.871	32.5916
1397883657.313	n	10.5792	3.62464	7.852	32.5913
1397883657.374	n	10.5796	3.62464	7.835	32.5910
1397883657.438	n	10.5795	3.62464	7.819	32.5912
1397883657.500	n	10.5790	3.62468	7.795	32.5919
1397883657.563	n	10.5787	3.62475	7.780	32.5929
1397883657.624	n	10.5788	3.62484	7.767	32.5937
1397883657.687	n	10.5793	3.62493	7.754	32.5942
1397883657.749	n	10.5798	3.62496	7.739	32.5941
1397883657.811	n	10.5798	3.62493	7.725	32.5938
1397883657.874	n	10.5791	3.62484	7.708	32.5934
1397883657.937	n	10.5783	3.62471	7.690	32.5929
1397883658.000	n	10.5777	3.62461	7.673	32.5924
1397883658.062	n	10.5778	3.62458	7.659	32.5920
1397883658.126	n	10.5783	3.62460	7.647	32.5919
1397883658.188	n	10.5787	3.62464	7.634	32.5919
1397883658.250	n	10.5788	3.62465	7.616	32.5919
1397883658.311	n	10.5787	3.62461	7.603	32.5917
1397883658.376	n	10.5783	3.62454	7.587	32.5913
1397883658.438	n	10.5779	3.62447	7.575	32.5910
1397883658.500	n	10.5774	3.62441	7.560	32.5907
1397883658.561	n	10.5768	3.62435	7.548	32.5907
1397883658.624	n	10.5762	3.62432	7.535	32.5909
1397883658.687	n	10.5760	3.62433	7.522	32.5912
1397883658.749	n	10.5763	3.62437	7.509	32.5914
1397883658.812	n	10.5770	3.62445	7.494	32.5916
1397883658.888	y	10.5777	3.62453	7.484	32.5917
1397883658.937	n	10.5783	3.62458	7.471	32.5916
1397883659.000	n	10.5786	3.62461	7.458	32.5917
1397883659.062	n	10.5789	3.62463	7.443	32.5917
1397883659.126	n	10.5791	3.62464	7.435	32.5916
1397883659.186	n	10.5791	3.62464	7.421	32.5916
1397883659.249	n	10.5787	3.62462	7.406	32.5917
1397883659.312	n	10.5782	3.62459	7.394	32.5919
1397883659.375	n	10.5776	3.62458	7.383	32.5924
1397883659.438	n	10.5775	3.62459	7.369	32.5926
1397883659.500	n	10.5780	3.62462	7.354	32.5924
1397883659.561	n	10.5792	3.62466	7.346	32.5918
1397883659.624	n	10.5810	3.62473	7.332	32.5908
1397883659.692	n	10.5829	3.62479	7.314	32.5898
1397883659.835	y	10.5843	3.62486	7.310	32.5893
1397883659.842	n	10.5851	3.62491	7.297	32.5891
1397883659.877	n	10.5854	3.62496	7.283	32.5893
1397883659.938	n	10.5856	3.62501	7.276	32.5896
1397883660.000	n	10.5858	3.62508	7.263	32.5901
1397883660.063	n	10.5862	3.62517	7.251	32.5907
1397883660.126	n	10.5865	3.62526	7.235	32.5913
1397883660.188	n	10.5867	3.62533	7.224	32.5917
1397883660.249	n	10.5869	3.62538	7.215	32.5921
1397883660.311	n	10.5871	3.62541	7.202	32.5923
1397883660.375	n	10.5871	3.62542	7.190	32.5924
1397883660.438	n	10.5872	3.62540	7.177	32.5921
1397883660.499	n	10.5872	3.62536	7.167	32.5917
1397883660.561	n	10.5870	3.62529	7.152	32.5912
1397883660.624	n	10.5866	3.62524	7.140	32.5910
1397883660.686	n	10.5859	3.62519	7.126	32.5911
1397883660.749	n	10.5849	3.62514	7.113	32.5916
1397883660.811	n	10.5836	3.62509	7.102	32.5922
1397883660.875	n	10.5825	3.62504	7.089	32.5927
1397883660.938	n	10.5820	3.62500	7.079	32.5928
1397883661.001	n	10.5823	3.62498	7.063	32.5923
1397883661.062	n	10.5830	3.62496	7.054	32.5915
1397883661.125	n	10.5835	3.62494	7.037	32.5909
1397883661.188	n	10.5838	3.62495	7.027	32.5907
1397883661.248	n	10.5847	3.62503	7.011	32.5908
1397883661.311	n	10.5871	3.62525	6.994	32.5908
1397883661.374	n	10.5912	3.62557	6.983	32.5903
1397883661.438	n	10.5964	3.62587	6.970	32.5887
1397883661.500	n	10.6013	3.62607	6.959	32.5863
1397883661.561	n	10.6038	3.62610	6.940	32.5843
1397883661.625	n	10.6028	3.62597	6.925	32.5839
1397883661.687	n	10.5995	3.62578	6.913	32.5851
1397883661.749	n	10.5953	3.62565	6.897	32.5875
1397883661.813	n	10.5923	3.62566	6.882	32.5903
1397883661.874	n	10.5914	3.62582	6.865	32.5927
1397883661.937	n	10.5917	3.62603	6.847	32.5945
1397883662.000	n	10.5926	3.62621	6.830	32.5955
1397883662.062	n	10.5940	3.62634	6.817	32.5955
1397883662.124	n	10.5959	3.62642	6.806	32.5946
1397883662.189	n	10.5982	3.62652	6.788	32.5936
1397883662.250	n	10.5999	3.62665	6.773	32.5934
1397883662.312	n	10.6000	3.62676	6.758	32.5944
1397883662.374	n	10.5996	3.62682	6.739	32.5953
1397883662.437	n	10.5996	3.62686	6.727	32.5958
1397883662.499	n	10.6009	3.62690	6.709	32.5950
1397883662.583	y	10.6033	3.62694	6.690	32.5933
1397883662.625	n	10.6056	3.62699	6.671	32.5917
1397883662.688	n	10.6067	3.62703	6.653	32.5912
1397883662.751	n	10.6070	3.62705	6.633	32.5911
1397883662.813	n	10.6073	3.62710	6.616	32.5914
1397883662.875	n	10.6077	3.62719	6.602	32.5919
1397883662.936	n	10.6084	3.62732	6.583	32.5925
1397883662.999	n	10.6093	3.62747	6.564	32.5932
1397883663.063	n	10.6105	3.62761	6.543	32.5936
1397883663.125	n	10.6116	3.62771	6.526	32.5937
1397883663.186	n	10.6125	3.62777	6.507	32.5935
1397883663.250	n	10.6130	3.62780	6.489	32.5932
1397883663.312	n	10.6132	3.62779	6.467	32.5931
1397883663.406	y	10.6131	3.62779	6.450	32.5931
1397883663.438	n	10.6130	3.62778	6.433	32.5931
1397883663.499	n	10.6130	3.62778	6.413	32.5932
1397883663.561	n	10.6130	3.62780	6.392	32.5933
1397883663.625	n	10.6130	3.62782	6.371	32.5935
1397883663.687	n	10.6131	3.62783	6.352	32.5936
1397883663.750	n	10.6132	3.62783	6.336	32.5935
1397883663.811	n	10.6135	3.62783	6.312	32.5932
1397883663.874	n	10.6140	3.62783	6.289	32.5927
1397883663.937	n	10.6147	3.62784	6.270	32.5923
1397883664.191	y	10.6153	3.62787	6.252	32.5920
1397883664.200	n	10.6156	3.62788	6.232	32.5919
1397883664.205	n	10.6158	3.62788	6.213	32.5918
1397883664.211	n	10.6159	3.62788	6.191	32.5917
1397883664.248	n	10.6160	3.62789	6.173	32.5917
1397883664.311	n	10.6163	3.62791	6.150	32.5916
1397883664.375	n	10.6168	3.62794	6.133	32.5914
1397883664.439	n	10.6171	3.62796	6.115	32.5914
1397883664.499	n	10.6172	3.62798	6.096	32.5916
1397883664.562	n	10.6169	3.62801	6.072	32.5921
1397883664.623	n	10.6163	3.62805	6.052	32.5931
1397883664.689	n	10.6156	3.62807	6.037	32.5938
1397883664.749	n	10.6153	3.62807	6.016	32.5941
1397883664.811	n	10.6155	3.62807	5.996	32.5940
1397883664.874	n	10.6161	3.62808	5.978	32.5936
1397883664.937	n	10.6169	3.62811	5.957	32.5932
1397883665.000	n	10.6177	3.62816	5.939	32.5929
1397883665.062	n	10.6184	3.62819	5.922	32.5927
1397883665.126	n	10.6193	3.62823	5.902	32.5922
1397883665.188	n	10.6203	3.62829	5.884	32.5920
1397883665.249	n	10.6214	3.62838	5.868	32.5919
1397883665.311	n	10.6226	3.62850	5.847	32.5920
1397883665.374	n	10.6239	3.62863	5.830	32.5921
1397883665.438	n	10.6253	3.62876	5.808	32.5922
1397883665.499	n	10.6265	3.62887	5.792	32.5922
1397883665.561	n	10.6270	3.62892	5.774	32.5923
1397883665.624	n	10.6267	3.62890	5.755	32.5923
1397883665.690	n	10.6260	3.62885	5.739	32.5924
1397883665.750	n	10.6254	3.62879	5.717	32.5924
1397883665.812	n	10.6255	3.62879	5.700	32.5924
1397883665.875	n	10.6264	3.62889	5.680	32.5925
1397883665.936	n	10.6279	3.62904	5.665	32.5927
1397883666.000	n	10.6295	3.62920	5.645	32.5929
1397883666.063	n	10.6309	3.62933	5.624	32.5930
1397883666.124	n	10.6319	3.62941	5.609	32.5929
1397883666.187	n	10.6323	3.62944	5.591	32.5928
1397883666.253	y	10.6323	3.62944	5.571	32.5928
1397883666.313	n	10.6321	3.62943	5.553	32.5929
1397883666.376	n	10.6319	3.62941	5.537	32.5929
1397883666.437	n	10.6320	3.62941	5.520	32.5929
1397883666.500	n	10.6322	3.62943	5.507	32.5928
1397883666.562	n	10.6326	3.62946	5.485	32.5928
1397883666.625	n	10.6330	3.62951	5.466	32.5930
1397883666.686	n	10.6333	3.62957	5.450	32.5932
1397883666.749	n	10.6336	3.62962	5.432	32.5935
1397883666.812	n	10.6338	3.62967	5.416	32.5938
1397883666.875	n	10.6340	3.62970	5.400	32.5940
1397883666.936	n	10.6342	3.62971	5.387	32.5939
1397883667.000	n	10.6345	3.62971	5.369	32.5937
1397883667.061	n	10.6350	3.62971	5.352	32.5932
1397883667.124	n	10.6356	3.62972	5.333	32.5928
1397883667.188	n	10.6360	3.62971	5.318	32.5923
1397883667.250	n	10.6360	3.62966	5.306	32.5919
1397883667.313	n	10.6357	3.62962	5.292	32.5917
1397883667.374	n	10.6351	3.62957	5.273	32.5918
1397883667.438	n	10.6343	3.62953	5.253	32.5921
1397883667.500	n	10.6334	3.62951	5.237	32.5926
1397883667.562	n	10.6325	3.62946	5.224	32.5930
1397883667.624	n	10.6318	3.62940	5.206	32.5930
1397883667.688	n	10.6313	3.62935	5.189	32.5930
1397883667.749	n	10.6310	3.62934	5.174	32.5932
1397883667.812	n	10.6310	3.62937	5.158	32.5934
1397883667.876	n	10.6315	3.62941	5.143	32.5935
1397883667.937	n	10.6325	3.62948	5.128	32.5933
1397883667.999	n	10.6337	3.62956	5.113	32.5930
1397883668.061	n	10.6345	3.62961	5.098	32.5927
1397883668.125	n	10.6347	3.62963	5.081	32.5929
1397883668.188	n	10.6341	3.62963	5.066	32.5933
1397883668.375	y	10.6334	3.62958	5.051	32.5935
1397883668.383	n	10.6328	3.62953	5.039	32.5936
1397883668.388	n	10.6325	3.62950	5.019	32.5935
1397883668.438	n	10.6325	3.62948	5.004	32.5933
1397883668.499	n	10.6326	3.62948	4.989	32.5932
1397883668.562	n	10.6329	3.62951	4.979	32.5932
1397883668.625	n	10.6334	3.62954	4.963	32.5931
1397883668.687	n	10.6342	3.62960	4.949	32.5930
1397883668.750	n	10.6352	3.62966	4.933	32.5928
1397883668.812	n	10.6360	3.62975	4.920	32.5928
1397883668.875	n	10.6365	3.62981	4.905	32.5930
1397883668.938	n	10.6368	3.62986	4.891	32.5933
1397883669.000	n	10.6370	3.62990	4.876	32.5935
1397883669.062	n	10.6372	3.62991	4.857	32.5934
1397883669.124	n	10.6375	3.62991	4.840	32.5932
1397883669.187	n	10.6378	3.62990	4.825	32.5929
1397883669.249	n	10.6377	3.62985	4.811	32.5924
1397883669.311	n	10.6369	3.62974	4.797	32.5920
1397883669.375	n	10.6354	3.62958	4.785	32.5917
1397883669.437	n	10.6336	3.62942	4.770	32.5918
1397883669.499	n	10.6322	3.62935	4.753	32.5923
1397883669.562	n	10.6320	3.62939	4.738	32.5930
1397883669.625	n	10.6328	3.62950	4.723	32.5934
1397883669.687	n	10.6338	3.62963	4.710	32.5938
1397883669.750	n	10.6342	3.62968	4.692	32.5939
1397883669.812	n	10.6337	3.62964	4.680	32.5940
1397883669.876	n	10.6327	3.62955	4.663	32.5939
1397883669.937	y	10.6319	3.62944	4.652	32.5936
1397883669.999	n	10.6314	3.62933	4.637	32.5929
1397883670.062	n	10.6311	3.62926	4.623	32.5925
1397883670.124	n	10.6309	3.62930	4.612	32.5930
1397883670.188	n	10.6309	3.62956	4.598	32.5957
1397883670.250	n	10.6321	3.63009	4.586	32.6000
1397883670.313	n	10.6360	3.63086	4.569	32.6041
1397883670.374	n	10.6427	3.63170	4.554	32.6066
1397883670.438	n	10.6512	3.63244	4.541	32.6063
1397883670.500	n	10.6598	3.63294	4.528	32.6036
1397883670.563	n	10.6670	3.63325	4.517	32.6004
1397883670.626	n	10.6718	3.63345	4.502	32.5980
1397883670.686	n	10.6751	3.63356	4.490	32.5962
1397883670.749	n	10.6768	3.63364	4.477	32.5955
1397883670.811	n	10.6774	3.63369	4.466	32.5955
1397883670.874	n	10.6776	3.63372	4.453	32.5955
1397883670.938	n	10.6779	3.63373	4.438	32.5954
1397883671.000	n	10.6782	3.63372	4.423	32.5950
1397883671.062	n	10.6786	3.63369	4.408	32.5944
1397883671.124	n	10.6788	3.63367	4.400	32.5940
1397883671.188	n	10.6788	3.63366	4.388	32.5940
1397883671.250	n	10.6785	3.63365	4.374	32.5941
1397883671.312	n	10.6780	3.63364	4.363	32.5945
1397883671.376	n	10.6770	3.63361	4.348	32.5950
1397883671.438	n	10.6756	3.63357	4.335	32.5959
1397883671.499	n	10.6741	3.63354	4.319	32.5970
1397883671.562	n	10.6729	3.63353	4.308	32.5979
1397883671.626	n	10.6727	3.63351	4.297	32.5979
1397883671.688	n	10.6735	3.63350	4.282	32.5971
1397883671.750	n	10.6747	3.63351	4.268	32.5962
1397883671.812	n	10.6760	3.63356	4.256	32.5955
1397883671.875	n	10.6762	3.63361	4.244	32.5959
1397883671.936	n	10.6738	3.63358	4.226	32.5977
1397883671.999	n	10.6697	3.63341	4.217	32.5996
1397883672.063	n	10.6658	3.63317	4.202	32.6008
1397883672.125	n	10.6638	3.63299	4.186	32.6007
1397883672.187	n	10.6648	3.63292	4.173	32.5991
1397883672.249	n	10.6678	3.63285	4.158	32.5957
1397883672.313	n	10.6706	3.63269	4.145	32.5917
1397883672.374	n	10.6721	3.63246	4.130	32.5880
1397883672.438	n	10.6731	3.63232	4.115	32.5859
1397883672.597	y	10.6737	3.63240	4.104	32.5860
1397883672.603	n	10.6741	3.63267	4.090	32.5884
1397883672.626	n	10.6743	3.63298	4.075	32.5912
1397883672.688	n	10.6746	3.63320	4.063	32.5932
1397883672.750	n	10.6752	3.63334	4.048	32.5942
1397883672.813	n	10.6761	3.63345	4.031	32.5945
1397883672.874	n	10.6773	3.63356	4.016	32.5944
1397883672.937	n	10.6782	3.63363	3.999	32.5943
1397883673.000	n	10.6785	3.63364	3.988	32.5942
1397883673.061	n	10.6779	3.63358	3.974	32.5942
1397883673.124	n	10.6763	3.63344	3.959	32.5942
1397883673.186	n	10.6736	3.63322	3.944	32.5944
1397883673.249	n	10.6706	3.63297	3.924	32.5945
1397883673.313	n	10.6680	3.63275	3.911	32.5947
1397883673.375	n	10.6658	3.63259	3.898	32.5951
1397883673.436	n	10.6643	3.63248	3.884	32.5953
1397883673.499	y	10.6633	3.63240	3.867	32.5954
1397883673.562	n	10.6624	3.63232	3.850	32.5955
1397883673.626	n	10.6622	3.63228	3.834	32.5952
1397883673.687	n	10.6630	3.63232	3.818	32.5949
1397883673.749	n	10.6642	3.63240	3.807	32.5947
1397883673.812	n	10.6656	3.63250	3.789	32.5944
1397883673.876	n	10.6666	3.63256	3.774	32.5941
1397883673.937	n	10.6668	3.63259	3.760	32.5943
1397883673.999	n	10.6664	3.63258	3.748	32.5945
1397883674.062	n	10.6654	3.63255	3.734	32.5951
1397883674.124	n	10.6642	3.63250	3.715	32.5956
1397883674.188	n	10.6630	3.63244	3.701	32.5962
1397883674.250	n	10.6620	3.63239	3.687	32.5966
1397883674.312	n	10.6613	3.63233	3.676	32.5966
1397883674.374	n	10.6613	3.63228	3.661	32.5961
1397883674.437	n	10.6616	3.63225	3.646	32.5956
1397883674.500	n	10.6623	3.63226	3.633	32.5950
1397883674.561	n	10.6629	3.63228	3.622	32.5947
1397883674.625	n	10.6633	3.63229	3.607	32.5944
1397883674.687	n	10.6633	3.63224	3.592	32.5940
1397883674.750	n	10.6632	3.63215	3.578	32.5931
1397883674.812	n	10.6633	3.63204	3.564	32.5919
1397883674.876	n	10.6636	3.63192	3.550	32.5905
1397883674.937	n	10.6639	3.63184	3.535	32.5895
1397883674.999	n	10.6641	3.63182	3.520	32.5892
1397883675.061	n	10.6648	3.63196	3.507	32.5899
1397883675.125	n	10.6663	3.63225	3.494	32.5914
1397883675.188	n	10.6687	3.63262	3.477	32.5929
1397883675.251	n	10.6713	3.63295	3.464	32.5940
1397883675.312	n	10.6731	3.63317	3.449	32.5945
1397883675.375	n	10.6740	3.63325	3.436	32.5946
1397883675.436	n	10.6743	3.63328	3.419	32.5946
1397883675.500	n	10.6745	3.63330	3.406	32.5946
1397883675.561	n	10.6747	3.63331	3.394	32.5946
1397883675.624	n	10.6749	3.63331	3.377	32.5944
1397883675.688	n	10.6750	3.63332	3.365	32.5944
1397883675.749	n	10.6752	3.63334	3.351	32.5944
1397883675.811	n	10.6755	3.63337	3.335	32.5945
1397883675.874	n	10.6759	3.63342	3.319	32.5946
1397883675.936	n	10.6763	3.63345	3.300	32.5946
1397883676.000	n	10.6765	3.63345	3.287	32.5944
1397883676.062	n	10.6765	3.63344	3.273	32.5943
1397883676.124	n	10.6764	3.63342	3.257	32.5942
1397883676.186	n	10.6762	3.63342	3.243	32.5943
1397883676.249	n	10.6762	3.63343	3.228	32.5944
1397883676.311	n	10.6763	3.63343	3.211	32.5944
1397883676.375	n	10.6762	3.63341	3.197	32.5942
1397883676.438	n	10.6759	3.63337	3.180	32.5941
1397883676.499	n	10.6753	3.63331	3.170	32.5941
1397883676.561	n	10.6746	3.63326	3.152	32.5943
1397883676.626	n	10.6741	3.63324	3.132	32.5945
1397883676.688	n	10.6741	3.63324	3.117	32.5945
1397883676.875	y	10.6744	3.63325	3.104	32.5944
1397883676.886	n	10.6749	3.63329	3.084	32.5942
1397883676.892	n	10.6756	3.63333	3.071	32.5941
1397883676.936	n	10.6761	3.63336	3.053	32.5939
1397883677.000	n	10.6765	3.63339	3.039	32.5939
1397883677.063	n	10.6766	3.63340	3.019	32.5939
1397883677.125	n	10.6763	3.63337	3.002	32.5939
1397883677.256	y	10.6758	3.63333	2.989	32.5940
1397883677.260	n	10.6753	3.63331	2.970	32.5942
1397883677.312	n	10.6749	3.63330	2.953	32.5944
1397883677.375	n	10.6747	3.63330	2.941	32.5947
1397883677.437	n	10.6745	3.63331	2.918	32.5949
1397883677.499	n	10.6744	3.63330	2.900	32.5949
1397883677.562	n	10.6745	3.63330	2.885	32.5948
1397883677.625	n	10.6746	3.63331	2.867	32.5948
1397883677.750	y	10.6748	3.63331	2.850	32.5947
1397883677.757	n	10.6750	3.63332	2.832	32.5946
1397883677.811	n	10.6752	3.63333	2.812	32.5945
1397883677.874	n	10.6754	3.63333	2.793	32.5943
1397883677.938	n	10.6755	3.63332	2.775	32.5943
1397883678.000	n	10.6754	3.63332	2.759	32.5943
1397883678.063	n	10.6754	3.63333	2.737	32.5944
1397883678.125	n	10.6753	3.63335	2.720	32.5946
1397883678.188	n	10.6756	3.63337	2.703	32.5947
1397883678.249	n	10.6760	3.63340	2.683	32.5946
1397883678.312	n	10.6764	3.63342	2.667	32.5944
1397883678.375	n	10.6764	3.63342	2.649	32.5944
1397883678.437	n	10.6758	3.63340	2.629	32.5947
1397883678.499	n	10.6743	3.63333	2.608	32.5954
1397883678.562	n	10.6723	3.63323	2.593	32.5963
1397883678.625	n	10.6707	3.63318	2.576	32.5971
1397883678.687	n	10.6703	3.63319	2.556	32.5977
1397883678.750	n	10.6712	3.63326	2.538	32.5975
1397883678.812	n	10.6730	3.63336	2.521	32.5969
1397883678.874	n	10.6748	3.63343	2.501	32.5960
1397883678.938	n	10.6759	3.63345	2.483	32.5952
1397883679.000	n	10.6764	3.63344	2.464	32.5947
1397883679.062	n	10.6763	3.63341	2.443	32.5945
1397883679.126	n	10.6759	3.63335	2.429	32.5943
1397883679.186	n	10.6754	3.63328	2.411	32.5940
1397883679.250	n	10.6747	3.63319	2.393	32.5938
1397883679.312	n	10.6740	3.63313	2.375	32.5938
1397883679.375	n	10.6734	3.63309	2.355	32.5939
1397883679.438	n	10.6727	3.63306	2.335	32.5943
1397883679.501	n	10.6719	3.63305	2.314	32.5949
1397883679.562	n	10.6710	3.63302	2.299	32.5954
1397883679.624	n	10.6702	3.63301	2.277	32.5960
1397883679.687	n	10.6696	3.63298	2.258	32.5963
1397883679.750	n	10.6693	3.63295	2.240	32.5962
1397883679.812	n	10.6693	3.63291	2.220	32.5959
1397883679.874	n	10.6695	3.63290	2.202	32.5956
1397883679.937	n	10.6695	3.63288	2.184	32.5954
1397883679.999	n	10.6691	3.63285	2.161	32.5955
1397883680.062	n	10.6684	3.63281	2.141	32.5956
1397883680.124	n	10.6679	3.63276	2.122	32.5957
1397883680.189	n	10.6676	3.63274	2.105	32.5958
1397883680.249	n	10.6676	3.63275	2.085	32.5959
1397883680.312	n	10.6678	3.63277	2.063	32.5959
1397883680.374	n	10.6678	3.63278	2.042	32.5960
1397883680.438	n	10.6677	3.63278	2.023	32.5960
1397883680.500	n	10.6676	3.63276	2.004	32.5960
1397883680.562	n	10.6676	3.63275	1.983	32.5959
1397883680.624	n	10.6678	3.63275	1.966	32.5956
1397883680.688	n	10.6682	3.63276	1.947	32.5955
1397883680.749	n	10.6686	3.63278	1.922	32.5953
1397883680.811	n	10.6691	3.63284	1.907	32.5955
1397883680.875	y	10.6698	3.63293	1.888	32.5957
1397883680.986	n	10.6706	3.63303	1.870	32.5960
1397883681.176	y	10.6716	3.63312	1.853	32.5960
1397883681.185	n	10.6728	3.63320	1.838	32.5958
1397883681.191	n	10.6741	3.63326	1.819	32.5953
1397883681.199	n	10.6753	3.63332	1.800	32.5948
1397883681.249	n	10.6761	3.63337	1.784	32.5946
1397883681.311	n	10.6763	3.63340	1.773	32.5947
1397883681.375	n	10.6759	3.63340	1.754	32.5951
1397883681.438	n	10.6755	3.63340	1.739	32.5954
1397883681.500	n	10.6752	3.63339	1.726	32.5956
1397883681.562	n	10.6751	3.63339	1.712	32.5957
1397883681.624	n	10.6751	3.63339	1.697	32.5957
1397883681.689	n	10.6751	3.63340	1.685	32.5958
1397883681.750	n	10.6751	3.63341	1.672	32.5959
1397883681.812	n	10.6751	3.63342	1.658	32.5960
1397883681.876	n	10.6752	3.63342	1.650	32.5960
1397883681.937	n	10.6752	3.63342	1.636	32.5959
1397883681.999	n	10.6752	3.63341	1.623	32.5958
1397883682.063	n	10.6753	3.63340	1.611	32.5957
1397883682.124	n	10.6755	3.63340	1.600	32.5955
1397883682.186	n	10.6761	3.63344	1.589	32.5953
1397883682.250	n	10.6768	3.63348	1.577	32.5951
1397883682.312	n	10.6773	3.63352	1.567	32.5951
1397883682.375	n	10.6777	3.63356	1.553	32.5952
1397883682.438	n	10.6779	3.63358	1.542	32.5951
1397883682.500	n	10.6781	3.63356	1.530	32.5949
1397883682.561	n	10.6782	3.63355	1.521	32.5946
1397883682.625	n	10.6784	3.63354	1.505	32.5944
1397883682.688	n	10.6784	3.63355	1.493	32.5944
1397883682.750	n	10.6783	3.63356	1.480	32.5946
1397883682.812	n	10.6780	3.63354	1.471	32.5947
1397883682.877	n	10.6776	3.63352	1.462	32.5948
1397883682.936	n	10.6774	3.63350	1.449	32.5949
1397883683.000	n	10.6774	3.63351	1.434	32.5950
1397883683.063	n	10.6775	3.63352	1.422	32.5950
1397883683.124	n	10.6778	3.63354	1.408	32.5949
1397883683.187	n	10.6779	3.63354	1.397	32.5948
1397883683.249	n	10.6778	3.63352	1.388	32.5948
1397883683.313	n	10.6769	3.63344	1.374	32.5948
1397883683.376	n	10.6748	3.63326	1.366	32.5948
1397883683.437	n	10.6722	3.63304	1.356	32.5949
1397883683.499	n	10.6698	3.63284	1.348	32.5950
1397883683.561	n	10.6680	3.63269	1.336	32.5952
1397883683.626	n	10.6667	3.63266	1.328	32.5960
1397883683.687	n	10.6656	3.63271	1.318	32.5975
1397883683.751	n	10.6649	3.63280	1.311	32.5991
1397883683.811	n	10.6653	3.63293	1.305	32.6001
1397883683.879	n	10.6672	3.63306	1.299	32.5996
1397883683.938	n	10.6703	3.63316	1.294	32.5979
1397883683.999	n	10.6733	3.63322	1.289	32.5958
1397883684.062	n	10.6754	3.63327	1.282	32.5945
1397883684.124	n	10.6763	3.63331	1.279	32.5941
1397883684.187	n	10.6764	3.63334	1.276	32.5943
1397883684.250	n	10.6761	3.63335	1.269	32.5946
1397883684.313	n	10.6756	3.63334	1.264	32.5949
1397883684.375	n	10.6748	3.63331	1.259	32.5954
1397883684.438	n	10.6738	3.63327	1.249	32.5959
1397883684.500	n	10.6725	3.63320	1.246	32.5963
1397883684.562	y	10.6712	3.63311	1.240	32.5966
1397883684.625	n	10.6703	3.63302	1.237	32.5965
1397883684.686	n	10.6700	3.63295	1.234	32.5961
1397883684.749	n	10.6702	3.63290	1.228	32.5953
1397883684.811	n	10.6707	3.63285	1.221	32.5945
1397883684.879	n	10.6708	3.63281	1.217	32.5939
1397883684.938	n	10.6703	3.63276	1.215	32.5938
1397883685.000	n	10.6697	3.63271	1.208	32.5940
1397883685.062	n	10.6689	3.63268	1.204	32.5944
1397883685.126	n	10.6676	3.63265	1.199	32.5952
1397883685.187	n	10.6654	3.63263	1.193	32.5970
1397883685.371	y	10.6629	3.63265	1.186	32.5995
1397883685.378	n	10.6613	3.63272	1.179	32.6016
1397883685.384	n	10.6620	3.63285	1.170	32.6022
1397883685.438	n	10.6651	3.63302	1.160	32.6012
1397883685.499	n	10.6692	3.63319	1.158	32.5992
1397883685.562	n	10.6727	3.63334	1.147	32.5976
1397883685.626	n	10.6749	3.63344	1.138	32.5967
1397883685.687	n	10.6759	3.63350	1.129	32.5963
1397883685.749	n	10.6763	3.63352	1.120	32.5962
1397883685.811	n	10.6765	3.63353	1.109	32.5961
1397883685.876	n	10.6768	3.63353	1.101	32.5958
1397883685.937	n	10.6770	3.63353	1.092	32.5956
1397883686.000	n	10.6774	3.63354	1.083	32.5954
1397883686.063	n	10.6777	3.63355	1.071	32.5952
1397883686.126	n	10.6781	3.63357	1.058	32.5951
1397883686.188	n	10.6782	3.63359	1.045	32.5952
1397883686.250	n	10.6775	3.63359	1.035	32.5959
1397883686.312	n	10.6753	3.63354	1.021	32.5973
1397883686.374	n	10.6722	3.63347	1.013	32.5994
1397883686.438	n	10.6695	3.63340	0.998	32.6011
1397883686.500	n	10.6686	3.63337	0.983	32.6016
1397883686.562	n	10.6699	3.63340	0.974	32.6007
1397883686.627	n	10.6718	3.63342	0.959	32.5993
1397883686.689	n	10.6727	3.63337	0.945	32.5980
1397883686.749	n	10.6723	3.63327	0.937	32.5973
1397883686.811	n	10.6714	3.63313	0.925	32.5968
1397883686.876	n	10.6704	3.63301	0.910	32.5965
1397883686.938	n	10.6697	3.63292	0.900	32.5962
1397883686.999	n	10.6689	3.63282	0.889	32.5960
1397883687.062	n	10.6677	3.63273	0.868	32.5961
1397883687.126	n	10.6669	3.63269	0.852	32.5964
1397883687.188	n	10.6672	3.63269	0.839	32.5962
1397883687.249	n	10.6686	3.63279	0.826	32.5959
1397883687.312	n	10.6705	3.63291	0.810	32.5954
1397883687.374	n	10.6727	3.63305	0.794	32.5949
1397883687.437	n	10.6743	3.63317	0.781	32.5946
1397883687.499	n	10.6752	3.63323	0.765	32.5944
1397883687.562	n	10.6755	3.63323	0.748	32.5942
1397883687.624	n	10.6754	3.63322	0.730	32.5941
1397883687.687	n	10.6751	3.63320	0.714	32.5942
1397883687.749	n	10.6748	3.63320	0.698	32.5945
1397883687.815	n	10.6746	3.63321	0.681	32.5947
1397883687.875	n	10.6744	3.63321	0.669	32.5950
1397883687.937	n	10.6741	3.63321	0.653	32.5952
1397883688.000	n	10.6737	3.63321	0.631	32.5956
1397883688.061	n	10.6728	3.63317	0.613	32.5960
1397883688.126	n	10.6713	3.63308	0.601	32.5964
1397883688.188	n	10.6695	3.63293	0.587	32.5966
1397883688.249	y	10.6680	3.63279	0.574	32.5966
1397883688.312	n	10.6673	3.63272	0.556	32.5965
1397883688.374	n	10.6675	3.63271	0.541	32.5962
1397883688.438	n	10.6679	3.62188	0.527	32.4878
1397883688.500	n	10.6663	3.31946	0.512	29.4930
1397883688.562	n	10.6600	2.76574	0.499	24.1161
1397883688.625	n	10.6474	2.08674	0.487	17.7161
1397883688.686	n	10.6290	1.46310	0.474	12.0453
1397883688.749	n	10.6076	1.04879	0.460	8.4085
1397883688.812	n	10.5875	0.93721	0.443	7.4527
1397883688.875	n	10.5719	0.86534	0.434	6.8425
