Source File: D:\Storage\Programs\OOI\Group 5\Correspondence\07_18_14 sample files\files\11127064.PPB
Processed: 07/18/2014 12:27:45
Using Version: 1.11
Device: CTD
Start Date: 04/22/2014
Timestamp (s)	Suspect Timestamp	Temperature	Conductivity	Pressure	Salinity
1398185827.683	y	10.9769	3.60437	17.360	32.0346
1398185827.746	n	10.9770	3.60439	17.367	32.0347
1398185827.808	n	10.9769	3.60435	17.368	32.0343
1398185827.871	n	10.9770	3.60437	17.360	32.0345
1398185827.935	n	10.9769	3.60439	17.367	32.0348
1398185827.995	n	10.9773	3.60439	17.374	32.0344
1398185828.057	n	10.9772	3.60435	17.376	32.0341
1398185828.122	n	10.9771	3.60438	17.368	32.0345
1398185828.187	n	10.9772	3.60438	17.371	32.0344
1398185828.248	n	10.9772	3.60438	17.373	32.0344
1398185828.311	n	10.9771	3.60438	17.374	32.0345
1398185828.371	n	10.9770	3.60438	17.376	32.0345
1398185828.434	n	10.9770	3.60438	17.376	32.0346
1398185828.498	n	10.9771	3.60439	17.379	32.0346
1398185828.559	n	10.9771	3.60439	17.383	32.0346
1398185828.622	n	10.9772	3.60439	17.384	32.0345
1398185828.684	n	10.9772	3.60439	17.386	32.0345
1398185828.748	n	10.9772	3.60439	17.391	32.0345
1398185828.810	n	10.9772	3.60439	17.389	32.0345
1398185828.872	n	10.9772	3.60439	17.392	32.0345
1398185828.934	n	10.9772	3.60439	17.391	32.0345
1398185828.998	n	10.9772	3.60438	17.392	32.0344
1398185829.061	n	10.9773	3.60438	17.393	32.0343
1398185829.121	n	10.9773	3.60437	17.398	32.0342
1398185829.186	n	10.9773	3.60436	17.395	32.0341
1398185829.832	n	10.9773	3.60436	17.395	32.0341
1398185829.843	n	10.9773	3.60435	17.395	32.0340
1398185829.849	n	10.9773	3.60434	17.399	32.0339
1398185829.867	n	10.9773	3.60434	17.401	32.0339
1398185829.873	n	10.9773	3.60434	17.402	32.0339
1398185829.878	n	10.9773	3.60434	17.402	32.0339
1398185829.886	n	10.9773	3.60433	17.403	32.0338
1398185829.894	n	10.9773	3.60433	17.400	32.0338
1398185829.901	n	10.9773	3.60433	17.403	32.0338
1398185829.908	n	10.9773	3.60434	17.403	32.0339
1398185829.914	n	10.9773	3.60434	17.403	32.0339
1398185829.937	n	10.9773	3.60434	17.401	32.0339
1398185829.998	n	10.9773	3.60433	17.402	32.0339
1398185830.060	n	10.9773	3.60433	17.399	32.0338
1398185830.123	n	10.9773	3.60432	17.396	32.0337
1398185830.188	n	10.9773	3.60431	17.395	32.0336
1398185830.248	n	10.9774	3.60430	17.393	32.0335
1398185830.316	n	10.9774	3.60430	17.394	32.0334
1398185830.372	n	10.9774	3.60430	17.393	32.0334
1398185830.436	n	10.9774	3.60430	17.386	32.0335
1398185830.498	n	10.9774	3.60431	17.384	32.0335
1398185830.560	n	10.9774	3.60431	17.383	32.0335
1398185830.623	n	10.9774	3.60431	17.380	32.0336
1398185830.685	n	10.9774	3.60431	17.376	32.0335
1398185830.746	n	10.9775	3.60431	17.374	32.0335
1398185830.809	n	10.9775	3.60430	17.370	32.0334
1398185830.872	n	10.9775	3.60429	17.368	32.0333
1398185830.936	n	10.9775	3.60428	17.361	32.0332
1398185830.997	n	10.9775	3.60429	17.357	32.0332
1398185831.060	n	10.9775	3.60430	17.356	32.0333
1398185831.122	n	10.9776	3.60431	17.353	32.0333
1398185831.184	n	10.9776	3.60431	17.350	32.0333
1398185831.253	n	10.9777	3.60431	17.346	32.0333
1398185831.308	n	10.9777	3.60430	17.341	32.0333
1398185831.372	n	10.9776	3.60430	17.334	32.0333
1398185831.436	n	10.9776	3.60431	17.334	32.0333
1398185831.496	n	10.9776	3.60431	17.331	32.0333
1398185831.561	n	10.9777	3.60431	17.321	32.0333
1398185831.623	n	10.9777	3.60431	17.317	32.0333
1398185831.686	n	10.9777	3.60431	17.313	32.0333
1398185831.746	n	10.9777	3.60431	17.308	32.0333
1398185831.809	n	10.9777	3.60431	17.306	32.0334
1398185831.873	n	10.9777	3.60431	17.301	32.0333
1398185831.933	n	10.9777	3.60431	17.292	32.0333
1398185831.998	n	10.9777	3.60431	17.286	32.0333
1398185832.061	n	10.9777	3.60431	17.283	32.0333
1398185832.123	n	10.9777	3.60431	17.283	32.0334
1398185832.187	n	10.9776	3.60433	17.275	32.0335
1398185832.249	n	10.9776	3.60434	17.269	32.0337
1398185832.309	n	10.9776	3.60435	17.261	32.0338
1398185832.373	n	10.9776	3.60436	17.256	32.0339
1398185832.437	n	10.9777	3.60438	17.253	32.0340
1398185832.498	n	10.9777	3.60439	17.249	32.0341
1398185832.561	n	10.9778	3.60441	17.242	32.0343
1398185832.623	n	10.9778	3.60442	17.237	32.0343
1398185832.684	n	10.9778	3.60442	17.231	32.0344
1398185832.747	n	10.9778	3.60443	17.225	32.0344
1398185832.809	n	10.9779	3.60443	17.219	32.0344
1398185832.873	n	10.9779	3.60444	17.211	32.0345
1398185832.934	n	10.9779	3.60446	17.206	32.0346
1398185832.997	n	10.9780	3.60447	17.200	32.0347
1398185833.059	n	10.9780	3.60449	17.192	32.0349
1398185833.121	n	10.9780	3.60450	17.189	32.0350
1398185833.189	n	10.9780	3.60450	17.184	32.0349
1398185833.435	y	10.9781	3.60450	17.180	32.0349
1398185833.492	y	10.9781	3.60451	17.173	32.0350
1398185833.498	n	10.9781	3.60453	17.168	32.0352
1398185833.505	n	10.9782	3.60457	17.166	32.0355
1398185833.510	n	10.9782	3.60459	17.158	32.0357
1398185833.559	n	10.9783	3.60460	17.156	32.0357
1398185833.621	n	10.9783	3.60459	17.152	32.0357
1398185833.685	n	10.9783	3.60459	17.154	32.0357
1398185833.748	n	10.9783	3.60461	17.148	32.0358
1398185833.810	n	10.9783	3.60462	17.146	32.0359
1398185833.872	n	10.9784	3.60464	17.143	32.0360
1398185833.936	n	10.9785	3.60465	17.137	32.0360
1398185833.996	n	10.9786	3.60465	17.136	32.0360
1398185834.060	n	10.9786	3.60466	17.135	32.0360
1398185834.123	n	10.9786	3.60465	17.131	32.0360
1398185834.187	n	10.9786	3.60466	17.134	32.0360
1398185834.252	n	10.9786	3.60467	17.128	32.0361
1398185834.309	n	10.9786	3.60468	17.127	32.0362
1398185834.373	n	10.9787	3.60470	17.125	32.0363
1398185834.434	n	10.9788	3.60471	17.126	32.0364
1398185834.498	n	10.9788	3.60471	17.123	32.0364
1398185834.560	n	10.9789	3.60472	17.125	32.0364
1398185834.622	n	10.9789	3.60473	17.124	32.0365
1398185834.686	n	10.9790	3.60475	17.126	32.0365
1398185834.748	n	10.9791	3.60476	17.123	32.0366
1398185834.811	n	10.9791	3.60477	17.122	32.0367
1398185834.872	n	10.9792	3.60478	17.124	32.0367
1398185834.934	n	10.9792	3.60478	17.124	32.0367
1398185834.999	n	10.9793	3.60479	17.127	32.0367
1398185835.061	n	10.9793	3.60478	17.129	32.0366
1398185835.123	n	10.9794	3.60478	17.131	32.0365
1398185835.188	n	10.9793	3.60477	17.134	32.0365
1398185835.250	n	10.9794	3.60477	17.134	32.0365
1398185835.309	n	10.9794	3.60478	17.137	32.0365
1398185835.371	n	10.9795	3.60480	17.141	32.0367
1398185835.435	n	10.9796	3.60481	17.143	32.0367
1398185835.499	n	10.9796	3.60482	17.146	32.0367
1398185835.561	n	10.9796	3.60482	17.149	32.0367
1398185835.623	n	10.9796	3.60483	17.157	32.0368
1398185835.687	n	10.9796	3.60484	17.159	32.0369
1398185835.748	n	10.9796	3.60485	17.166	32.0370
1398185835.810	n	10.9796	3.60485	17.171	32.0370
1398185835.873	n	10.9797	3.60485	17.177	32.0370
1398185835.937	n	10.9797	3.60485	17.181	32.0369
1398185835.998	n	10.9797	3.60485	17.184	32.0369
1398185836.060	n	10.9797	3.60485	17.190	32.0369
1398185836.122	n	10.9797	3.60485	17.196	32.0369
1398185836.187	n	10.9797	3.60484	17.203	32.0369
1398185836.251	n	10.9797	3.60485	17.207	32.0369
1398185836.309	n	10.9796	3.60484	17.213	32.0369
1398185836.372	n	10.9796	3.60484	17.221	32.0369
1398185836.435	n	10.9796	3.60484	17.228	32.0369
1398185836.497	n	10.9796	3.60483	17.232	32.0368
1398185836.559	n	10.9796	3.60483	17.236	32.0368
1398185836.624	n	10.9797	3.60483	17.240	32.0368
1398185836.684	n	10.9796	3.60484	17.251	32.0368
1398185836.746	n	10.9796	3.60484	17.257	32.0369
1398185836.821	n	10.9795	3.60484	17.262	32.0370
1398185836.872	n	10.9795	3.60484	17.267	32.0370
1398185836.935	n	10.9795	3.60484	17.274	32.0370
1398185837.000	y	10.9795	3.60483	17.279	32.0369
1398185837.059	n	10.9796	3.60483	17.283	32.0368
1398185837.121	n	10.9796	3.60482	17.291	32.0366
1398185837.186	n	10.9797	3.60481	17.297	32.0364
1398185837.247	n	10.9798	3.60480	17.303	32.0363
1398185837.309	n	10.9799	3.60481	17.309	32.0363
1398185837.373	y	10.9799	3.60482	17.309	32.0364
1398185837.436	n	10.9799	3.60482	17.314	32.0364
1398185837.660	y	10.9799	3.60482	17.317	32.0364
1398185837.667	n	10.9798	3.60480	17.325	32.0363
1398185837.673	n	10.9798	3.60479	17.324	32.0362
1398185837.685	n	10.9798	3.60479	17.328	32.0362
1398185837.748	n	10.9798	3.60480	17.333	32.0363
1398185837.810	n	10.9799	3.60481	17.334	32.0363
1398185837.871	n	10.9799	3.60481	17.339	32.0362
1398185837.934	n	10.9800	3.60480	17.342	32.0362
1398185837.997	n	10.9800	3.60479	17.343	32.0361
1398185838.060	n	10.9800	3.60479	17.342	32.0360
1398185838.121	n	10.9800	3.60478	17.347	32.0359
1398185838.184	n	10.9801	3.60479	17.346	32.0360
1398185838.246	n	10.9800	3.60479	17.345	32.0360
1398185838.309	n	10.9800	3.60479	17.345	32.0359
1398185838.374	n	10.9801	3.60478	17.343	32.0359
1398185838.436	n	10.9801	3.60478	17.342	32.0358
1398185838.497	n	10.9801	3.60478	17.343	32.0359
1398185838.560	n	10.9801	3.60479	17.344	32.0359
1398185838.624	n	10.9801	3.60479	17.338	32.0359
1398185838.769	n	10.9801	3.60479	17.334	32.0359
1398185838.774	n	10.9801	3.60478	17.329	32.0359
1398185838.809	n	10.9800	3.60478	17.325	32.0358
1398185838.872	n	10.9800	3.60478	17.324	32.0359
1398185838.935	n	10.9800	3.60477	17.320	32.0358
1398185838.997	n	10.9800	3.60478	17.316	32.0359
1398185839.059	n	10.9801	3.60479	17.309	32.0360
1398185839.121	n	10.9801	3.60481	17.306	32.0361
1398185839.187	n	10.9801	3.60482	17.296	32.0362
1398185839.248	n	10.9802	3.60482	17.288	32.0362
1398185839.310	n	10.9801	3.60481	17.279	32.0361
1398185839.372	n	10.9801	3.60481	17.272	32.0362
1398185839.435	n	10.9801	3.60482	17.266	32.0362
1398185839.496	n	10.9802	3.60482	17.258	32.0362
1398185839.559	n	10.9802	3.60483	17.252	32.0363
1398185839.623	n	10.9802	3.60484	17.239	32.0364
1398185839.684	n	10.9802	3.60485	17.233	32.0365
1398185839.748	n	10.9801	3.60485	17.224	32.0366
1398185839.810	n	10.9801	3.60486	17.211	32.0366
1398185839.874	n	10.9802	3.60486	17.202	32.0366
1398185839.935	n	10.9802	3.60486	17.190	32.0366
1398185839.997	n	10.9803	3.60486	17.176	32.0365
1398185840.060	n	10.9803	3.60487	17.166	32.0366
1398185840.122	n	10.9803	3.60487	17.152	32.0366
1398185840.186	n	10.9803	3.60488	17.139	32.0367
1398185840.247	n	10.9804	3.60489	17.126	32.0367
1398185840.310	n	10.9805	3.60489	17.110	32.0367
1398185840.373	n	10.9805	3.60489	17.095	32.0366
1398185840.434	n	10.9805	3.60489	17.080	32.0366
1398185840.496	n	10.9805	3.60489	17.067	32.0366
1398185840.559	y	10.9805	3.60489	17.050	32.0366
1398185840.623	n	10.9805	3.60489	17.033	32.0367
1398185840.684	n	10.9805	3.60490	17.018	32.0368
1398185840.747	n	10.9805	3.60490	17.003	32.0368
1398185840.809	n	10.9806	3.60490	16.986	32.0367
1398185840.872	n	10.9806	3.60489	16.968	32.0366
1398185840.936	n	10.9807	3.60489	16.949	32.0365
1398185840.998	n	10.9807	3.60489	16.935	32.0365
1398185841.060	n	10.9807	3.60489	16.917	32.0365
1398185841.121	n	10.9807	3.60489	16.902	32.0365
1398185841.187	n	10.9808	3.60488	16.883	32.0364
1398185841.248	n	10.9808	3.60488	16.866	32.0364
1398185841.309	n	10.9808	3.60487	16.843	32.0363
1398185841.372	n	10.9809	3.60487	16.826	32.0363
1398185841.436	n	10.9809	3.60487	16.805	32.0362
1398185841.497	n	10.9809	3.60486	16.783	32.0361
1398185841.560	n	10.9809	3.60486	16.761	32.0362
1398185841.623	n	10.9809	3.60488	16.740	32.0363
1398185841.686	n	10.9809	3.60489	16.722	32.0365
1398185841.849	y	10.9809	3.60490	16.700	32.0366
1398185841.855	n	10.9809	3.60490	16.680	32.0365
1398185841.872	n	10.9809	3.60488	16.658	32.0364
1398185841.934	n	10.9809	3.60487	16.636	32.0363
1398185841.998	n	10.9810	3.60487	16.616	32.0362
1398185842.060	n	10.9810	3.60486	16.597	32.0362
1398185842.122	n	10.9810	3.60487	16.574	32.0362
1398185842.187	n	10.9810	3.60488	16.554	32.0364
1398185842.246	n	10.9810	3.60488	16.533	32.0364
1398185842.309	n	10.9810	3.60487	16.510	32.0363
1398185842.373	n	10.9810	3.60487	16.485	32.0362
1398185842.434	n	10.9810	3.60486	16.466	32.0361
1398185842.496	n	10.9811	3.60485	16.441	32.0361
1398185842.560	n	10.9811	3.60487	16.423	32.0362
1398185842.624	n	10.9811	3.60487	16.402	32.0362
1398185842.686	n	10.9811	3.60486	16.380	32.0362
1398185842.747	n	10.9811	3.60486	16.359	32.0362
1398185842.809	n	10.9810	3.60486	16.339	32.0362
1398185842.872	n	10.9810	3.60485	16.315	32.0362
1398185842.937	n	10.9810	3.60486	16.294	32.0363
1398185842.997	n	10.9810	3.60486	16.273	32.0363
1398185843.059	n	10.9810	3.60486	16.251	32.0363
1398185843.123	n	10.9810	3.60485	16.228	32.0362
1398185843.186	n	10.9811	3.60484	16.205	32.0361
1398185843.246	n	10.9811	3.60483	16.182	32.0360
1398185843.311	n	10.9810	3.60482	16.161	32.0359
1398185843.373	n	10.9810	3.60482	16.142	32.0359
1398185843.434	n	10.9810	3.60482	16.119	32.0360
1398185843.498	n	10.9810	3.60483	16.101	32.0360
1398185843.560	n	10.9811	3.60482	16.079	32.0359
1398185843.622	n	10.9812	3.60482	16.056	32.0358
1398185843.685	n	10.9812	3.60481	16.035	32.0357
1398185843.747	n	10.9813	3.60481	16.015	32.0357
1398185843.809	n	10.9813	3.60481	15.992	32.0357
1398185843.873	n	10.9813	3.60482	15.973	32.0357
1398185843.935	n	10.9812	3.60483	15.954	32.0359
1398185843.997	n	10.9812	3.60484	15.935	32.0360
1398185844.060	n	10.9812	3.60483	15.915	32.0360
1398185844.124	n	10.9812	3.60482	15.890	32.0359
1398185844.187	n	10.9812	3.60481	15.874	32.0357
1398185844.302	y	10.9813	3.60480	15.852	32.0356
1398185844.309	n	10.9813	3.60480	15.833	32.0356
1398185844.373	n	10.9813	3.60481	15.815	32.0356
1398185844.434	n	10.9814	3.60481	15.792	32.0357
1398185844.496	n	10.9813	3.60481	15.773	32.0357
1398185844.559	n	10.9813	3.60481	15.756	32.0357
1398185844.623	n	10.9813	3.60482	15.735	32.0358
1398185844.686	n	10.9814	3.60483	15.715	32.0359
1398185844.748	n	10.9814	3.60484	15.697	32.0360
1398185844.810	n	10.9815	3.60485	15.678	32.0361
1398185844.872	n	10.9815	3.60485	15.662	32.0360
1398185844.935	n	10.9815	3.60485	15.642	32.0360
1398185844.997	n	10.9816	3.60484	15.625	32.0359
1398185845.059	n	10.9816	3.60483	15.605	32.0358
1398185845.122	n	10.9816	3.60483	15.586	32.0357
1398185845.187	n	10.9817	3.60483	15.566	32.0357
1398185845.248	n	10.9818	3.60483	15.548	32.0356
1398185845.310	n	10.9819	3.60483	15.529	32.0355
1398185845.373	n	10.9820	3.60484	15.513	32.0355
1398185845.434	n	10.9820	3.60484	15.500	32.0355
1398185845.497	n	10.9821	3.60484	15.479	32.0354
1398185845.560	n	10.9822	3.60483	15.465	32.0353
1398185845.622	n	10.9823	3.60483	15.447	32.0352
1398185845.684	n	10.9824	3.60483	15.433	32.0352
1398185845.747	n	10.9824	3.60485	15.414	32.0353
1398185845.811	n	10.9825	3.60485	15.399	32.0353
1398185845.871	n	10.9825	3.60485	15.385	32.0352
1398185845.935	n	10.9824	3.60483	15.372	32.0351
1398185846.108	y	10.9824	3.60483	15.357	32.0351
1398185846.114	n	10.9825	3.60483	15.339	32.0350
1398185846.122	n	10.9825	3.60483	15.326	32.0351
1398185846.186	n	10.9826	3.60484	15.314	32.0351
1398185846.247	n	10.9826	3.60484	15.293	32.0351
1398185846.310	n	10.9826	3.60484	15.282	32.0351
1398185846.373	n	10.9827	3.60485	15.267	32.0352
1398185846.435	n	10.9827	3.60486	15.249	32.0352
1398185846.498	n	10.9828	3.60486	15.233	32.0352
1398185846.560	n	10.9828	3.60487	15.220	32.0353
1398185846.622	n	10.9828	3.60487	15.207	32.0352
1398185846.686	n	10.9829	3.60487	15.191	32.0352
1398185846.747	n	10.9829	3.60486	15.176	32.0351
1398185846.809	n	10.9830	3.60486	15.162	32.0350
1398185846.873	n	10.9830	3.60486	15.148	32.0349
1398185846.934	n	10.9831	3.60486	15.136	32.0350
1398185846.997	n	10.9831	3.60486	15.122	32.0349
1398185847.060	n	10.9832	3.60486	15.105	32.0349
1398185847.122	n	10.9832	3.60486	15.091	32.0349
1398185847.185	n	10.9833	3.60486	15.078	32.0348
1398185847.246	n	10.9833	3.60485	15.066	32.0347
1398185847.310	n	10.9834	3.60485	15.050	32.0346
1398185847.374	n	10.9835	3.60485	15.036	32.0346
1398185847.435	n	10.9835	3.60486	15.023	32.0346
1398185847.498	n	10.9836	3.60487	15.010	32.0347
1398185847.559	n	10.9837	3.60488	14.999	32.0346
1398185847.624	n	10.9837	3.60487	14.983	32.0345
1398185847.685	n	10.9838	3.60487	14.971	32.0344
1398185847.748	n	10.9839	3.60485	14.960	32.0342
1398185847.810	n	10.9840	3.60484	14.945	32.0341
1398185847.872	y	10.9840	3.60485	14.932	32.0341
1398185847.935	n	10.9840	3.60485	14.916	32.0341
1398185847.996	n	10.9840	3.60485	14.904	32.0341
1398185848.059	n	10.9840	3.60485	14.894	32.0341
1398185848.121	n	10.9841	3.60485	14.880	32.0341
1398185848.187	n	10.9842	3.60486	14.864	32.0341
1398185848.247	n	10.9843	3.60487	14.851	32.0341
1398185848.310	n	10.9843	3.60488	14.838	32.0341
1398185848.374	n	10.9844	3.60488	14.820	32.0341
1398185848.435	n	10.9844	3.60488	14.809	32.0341
1398185848.498	n	10.9844	3.60487	14.796	32.0340
1398185848.559	n	10.9845	3.60487	14.781	32.0339
1398185848.621	n	10.9845	3.60487	14.768	32.0339
1398185848.686	n	10.9845	3.60487	14.754	32.0339
1398185848.747	n	10.9846	3.60487	14.741	32.0338
1398185848.809	n	10.9846	3.60487	14.728	32.0338
1398185848.871	n	10.9847	3.60487	14.714	32.0337
1398185848.935	n	10.9848	3.60487	14.699	32.0337
1398185848.998	n	10.9849	3.60488	14.683	32.0337
1398185849.059	n	10.9851	3.60488	14.671	32.0336
1398185849.123	n	10.9852	3.60488	14.655	32.0335
1398185849.186	n	10.9853	3.60487	14.641	32.0333
1398185849.247	n	10.9853	3.60485	14.631	32.0331
1398185849.310	n	10.9854	3.60485	14.613	32.0331
1398185849.371	n	10.9854	3.60485	14.598	32.0330
1398185849.435	n	10.9855	3.60484	14.582	32.0329
1398185849.496	n	10.9855	3.60484	14.566	32.0328
1398185849.560	n	10.9857	3.60483	14.551	32.0326
1398185849.623	n	10.9858	3.60483	14.539	32.0325
1398185849.686	n	10.9859	3.60483	14.524	32.0324
1398185849.748	n	10.9861	3.60484	14.507	32.0324
1398185849.809	n	10.9862	3.60484	14.490	32.0323
1398185849.872	n	10.9863	3.60484	14.475	32.0323
1398185849.934	n	10.9864	3.60485	14.459	32.0322
1398185850.041	y	10.9865	3.60485	14.447	32.0321
1398185850.060	n	10.9867	3.60484	14.428	32.0319
1398185850.123	n	10.9869	3.60483	14.413	32.0317
1398185850.186	n	10.9871	3.60483	14.391	32.0315
1398185850.378	y	10.9872	3.60482	14.373	32.0312
1398185850.392	n	10.9875	3.60482	14.356	32.0310
1398185850.398	n	10.9878	3.60483	14.337	32.0309
1398185850.436	n	10.9881	3.60484	14.323	32.0307
1398185850.497	n	10.9885	3.60485	14.308	32.0305
1398185850.559	n	10.9888	3.60486	14.287	32.0302
1398185850.622	n	10.9892	3.60486	14.272	32.0299
1398185850.686	n	10.9896	3.60485	14.253	32.0295
1398185850.748	n	10.9900	3.60485	14.234	32.0292
1398185850.810	n	10.9904	3.60485	14.214	32.0288
1398185850.873	n	10.9908	3.60485	14.194	32.0285
1398185850.936	n	10.9913	3.60485	14.175	32.0281
1398185850.997	n	10.9919	3.60485	14.156	32.0276
1398185851.059	n	10.9925	3.60486	14.138	32.0271
1398185851.123	n	10.9932	3.60487	14.119	32.0267
1398185851.184	n	10.9939	3.60488	14.100	32.0262
1398185851.248	n	10.9945	3.60489	14.081	32.0257
1398185851.309	n	10.9951	3.60489	14.060	32.0251
1398185851.376	n	10.9958	3.60488	14.042	32.0245
1398185851.436	n	10.9966	3.60488	14.020	32.0239
1398185851.497	n	10.9973	3.60489	13.998	32.0232
1398185851.559	y	10.9981	3.60490	13.978	32.0226
1398185851.622	n	10.9990	3.60490	13.960	32.0219
1398185851.686	n	10.9999	3.60490	13.938	32.0212
1398185851.746	n	11.0008	3.60490	13.915	32.0204
1398185851.811	n	11.0017	3.60491	13.896	32.0197
1398185851.874	n	11.0026	3.60492	13.875	32.0190
1398185851.936	n	11.0033	3.60492	13.853	32.0184
1398185851.997	n	11.0040	3.60493	13.830	32.0179
1398185852.059	n	11.0047	3.60494	13.812	32.0174
1398185852.122	n	11.0053	3.60494	13.790	32.0169
1398185852.188	n	11.0060	3.60495	13.768	32.0164
1398185852.248	n	11.0067	3.60495	13.747	32.0158
1398185852.310	n	11.0073	3.60495	13.727	32.0153
1398185852.373	n	11.0080	3.60495	13.704	32.0147
1398185852.435	n	11.0087	3.60496	13.685	32.0142
1398185852.496	n	11.0093	3.60496	13.664	32.0136
1398185852.559	n	11.0099	3.60496	13.642	32.0131
1398185852.622	n	11.0105	3.60496	13.623	32.0127
1398185852.685	n	11.0110	3.60497	13.602	32.0123
1398185852.748	n	11.0116	3.60497	13.582	32.0118
1398185852.810	n	11.0121	3.60497	13.562	32.0114
1398185852.873	n	11.0128	3.60497	13.537	32.0108
1398185852.934	n	11.0134	3.60497	13.515	32.0102
1398185852.998	n	11.0140	3.60497	13.493	32.0097
1398185853.059	n	11.0146	3.60497	13.474	32.0093
1398185853.122	n	11.0151	3.60499	13.454	32.0090
1398185853.187	n	11.0156	3.60499	13.433	32.0086
1398185853.247	n	11.0160	3.60500	13.411	32.0083
1398185853.311	n	11.0164	3.60499	13.390	32.0079
1398185853.373	n	11.0168	3.60499	13.370	32.0076
1398185853.435	n	11.0171	3.60498	13.350	32.0072
1398185853.498	n	11.0174	3.60498	13.333	32.0070
1398185853.560	n	11.0177	3.60497	13.308	32.0067
1398185853.624	n	11.0179	3.60497	13.291	32.0064
1398185853.684	n	11.0181	3.60497	13.272	32.0062
1398185853.748	n	11.0184	3.60497	13.254	32.0061
1398185853.809	n	11.0186	3.60497	13.232	32.0058
1398185853.871	n	11.0188	3.60497	13.212	32.0057
1398185853.934	n	11.0190	3.60497	13.195	32.0055
1398185853.998	n	11.0192	3.60497	13.175	32.0053
1398185854.059	n	11.0194	3.60497	13.157	32.0052
1398185854.122	n	11.0195	3.60496	13.139	32.0050
1398185854.187	n	11.0197	3.60496	13.120	32.0048
1398185854.246	n	11.0199	3.60496	13.104	32.0046
1398185854.309	n	11.0201	3.60496	13.083	32.0045
1398185854.372	n	11.0203	3.60496	13.061	32.0043
1398185854.434	n	11.0205	3.60497	13.042	32.0042
1398185854.682	y	11.0207	3.60496	13.025	32.0040
1398185854.690	n	11.0208	3.60494	13.007	32.0038
1398185854.696	n	11.0209	3.60494	12.988	32.0036
1398185854.701	n	11.0210	3.60492	12.973	32.0034
1398185854.747	n	11.0211	3.60492	12.954	32.0033
1398185854.809	n	11.0212	3.60493	12.936	32.0033
1398185854.872	n	11.0212	3.60493	12.920	32.0033
1398185854.935	n	11.0213	3.60492	12.904	32.0032
1398185854.996	n	11.0213	3.60492	12.883	32.0031
1398185855.059	n	11.0214	3.60491	12.864	32.0030
1398185855.122	n	11.0214	3.60491	12.852	32.0029
1398185855.187	n	11.0215	3.60491	12.832	32.0029
1398185855.264	y	11.0216	3.60491	12.812	32.0028
1398185855.310	n	11.0216	3.60490	12.797	32.0027
1398185855.374	n	11.0217	3.60491	12.784	32.0027
1398185855.434	n	11.0219	3.60491	12.764	32.0026
1398185855.497	n	11.0220	3.60492	12.744	32.0026
1398185855.559	n	11.0222	3.60492	12.727	32.0024
1398185855.622	n	11.0224	3.60491	12.707	32.0022
1398185855.686	n	11.0225	3.60489	12.688	32.0019
1398185855.748	n	11.0226	3.60488	12.672	32.0016
1398185855.810	n	11.0228	3.60486	12.655	32.0014
1398185855.873	n	11.0230	3.60486	12.637	32.0012
1398185855.934	n	11.0233	3.60487	12.622	32.0011
1398185855.997	n	11.0235	3.60488	12.605	32.0010
1398185856.060	n	11.0238	3.60489	12.584	32.0008
1398185856.122	n	11.0240	3.60489	12.565	32.0006
1398185856.187	n	11.0243	3.60489	12.552	32.0004
1398185856.248	n	11.0246	3.60489	12.533	32.0001
1398185856.310	n	11.0249	3.60489	12.511	31.9998
1398185856.372	n	11.0253	3.60488	12.492	31.9995
1398185856.436	n	11.0257	3.60488	12.477	31.9991
1398185856.498	n	11.0261	3.60488	12.457	31.9987
1398185856.560	n	11.0265	3.60488	12.440	31.9984
1398185856.623	n	11.0268	3.60488	12.420	31.9981
1398185856.685	n	11.0272	3.60488	12.399	31.9978
1398185856.747	n	11.0275	3.60488	12.381	31.9975
1398185856.809	n	11.0279	3.60488	12.365	31.9973
1398185856.874	n	11.0282	3.60487	12.346	31.9969
1398185856.936	n	11.0286	3.60487	12.326	31.9965
1398185856.998	n	11.0290	3.60487	12.310	31.9961
1398185857.060	n	11.0294	3.60487	12.288	31.9958
1398185857.122	n	11.0299	3.60488	12.270	31.9955
1398185857.186	n	11.0303	3.60489	12.253	31.9952
1398185857.247	n	11.0308	3.60490	12.233	31.9949
1398185857.310	n	11.0313	3.60491	12.212	31.9946
1398185857.373	n	11.0317	3.60491	12.193	31.9942
1398185857.435	n	11.0322	3.60490	12.174	31.9938
1398185857.496	n	11.0326	3.60489	12.155	31.9933
1398185857.559	n	11.0330	3.60489	12.137	31.9929
1398185857.621	n	11.0334	3.60489	12.115	31.9927
1398185857.685	n	11.0337	3.60490	12.096	31.9924
1398185857.747	n	11.0341	3.60490	12.078	31.9922
1398185857.809	n	11.0345	3.60490	12.063	31.9918
1398185857.873	n	11.0348	3.60490	12.044	31.9915
1398185857.936	n	11.0352	3.60490	12.021	31.9912
1398185857.998	n	11.0356	3.60492	11.998	31.9910
1398185858.060	n	11.0359	3.60492	11.980	31.9908
1398185858.122	n	11.0362	3.60492	11.960	31.9906
1398185858.185	n	11.0364	3.60491	11.936	31.9903
1398185858.247	n	11.0367	3.60490	11.915	31.9900
1398185858.310	n	11.0370	3.60490	11.896	31.9897
1398185858.373	n	11.0373	3.60490	11.875	31.9895
1398185858.436	n	11.0375	3.60490	11.854	31.9893
1398185858.498	n	11.0377	3.60490	11.832	31.9891
1398185858.560	n	11.0379	3.60490	11.811	31.9889
1398185858.624	n	11.0381	3.60490	11.790	31.9888
1398185858.684	n	11.0383	3.60490	11.771	31.9887
1398185858.857	y	11.0385	3.60492	11.749	31.9886
1398185858.936	y	11.0387	3.60492	11.728	31.9885
1398185858.943	n	11.0388	3.60492	11.708	31.9883
1398185858.948	n	11.0390	3.60490	11.686	31.9880
1398185858.997	n	11.0392	3.60489	11.663	31.9878
1398185859.060	n	11.0394	3.60489	11.641	31.9875
1398185859.122	n	11.0397	3.60489	11.621	31.9873
1398185859.187	n	11.0399	3.60489	11.603	31.9872
1398185859.247	n	11.0400	3.60490	11.583	31.9871
1398185859.309	n	11.0402	3.60490	11.562	31.9870
1398185859.374	n	11.0403	3.60490	11.541	31.9869
1398185859.436	n	11.0405	3.60489	11.520	31.9868
1398185859.498	n	11.0406	3.60488	11.495	31.9866
1398185859.560	n	11.0407	3.60488	11.477	31.9865
1398185859.622	n	11.0408	3.60488	11.454	31.9864
1398185859.685	n	11.0410	3.60489	11.432	31.9863
1398185859.747	n	11.0412	3.60490	11.415	31.9862
1398185859.809	n	11.0413	3.60490	11.396	31.9862
1398185859.873	n	11.0415	3.60491	11.372	31.9860
1398185859.934	n	11.0417	3.60490	11.355	31.9858
1398185859.996	n	11.0419	3.60489	11.331	31.9856
1398185860.059	n	11.0421	3.60488	11.312	31.9853
1398185860.122	n	11.0423	3.60486	11.289	31.9850
1398185860.185	n	11.0424	3.60485	11.269	31.9847
1398185860.247	n	11.0426	3.60484	11.248	31.9845
1398185860.310	n	11.0427	3.60484	11.232	31.9844
1398185860.374	n	11.0429	3.60484	11.213	31.9843
1398185860.435	n	11.0431	3.60484	11.192	31.9841
1398185860.498	n	11.0433	3.60485	11.171	31.9840
1398185860.560	n	11.0434	3.60486	11.153	31.9840
1398185860.621	n	11.0436	3.60487	11.131	31.9839
1398185860.685	n	11.0438	3.60486	11.112	31.9837
1398185860.747	n	11.0440	3.60485	11.090	31.9834
1398185860.809	n	11.0442	3.60485	11.074	31.9832
1398185860.874	n	11.0445	3.60484	11.054	31.9830
1398185860.936	n	11.0447	3.60485	11.034	31.9829
1398185860.998	n	11.0449	3.60485	11.013	31.9828
1398185861.060	n	11.0450	3.60486	10.991	31.9827
1398185861.123	n	11.0453	3.60485	10.972	31.9824
1398185861.187	n	11.0455	3.60485	10.954	31.9822
1398185861.247	n	11.0457	3.60484	10.930	31.9819
1398185861.309	n	11.0460	3.60484	10.910	31.9817
1398185861.373	n	11.0462	3.60485	10.888	31.9816
1398185861.435	n	11.0464	3.60486	10.870	31.9815
1398185861.497	n	11.0466	3.60487	10.851	31.9815
1398185861.560	n	11.0468	3.60488	10.833	31.9814
1398185861.623	n	11.0470	3.60487	10.812	31.9812
1398185861.685	n	11.0472	3.60487	10.797	31.9810
1398185861.747	n	11.0474	3.60486	10.777	31.9807
1398185861.811	n	11.0476	3.60486	10.755	31.9805
1398185861.873	n	11.0478	3.60486	10.737	31.9803
1398185861.934	n	11.0481	3.60486	10.718	31.9801
1398185861.998	n	11.0483	3.60485	10.701	31.9799
1398185862.061	n	11.0485	3.60485	10.679	31.9797
1398185862.122	n	11.0487	3.60484	10.661	31.9795
1398185862.185	n	11.0489	3.60485	10.643	31.9794
1398185862.247	n	11.0490	3.60485	10.624	31.9793
1398185862.309	n	11.0492	3.60486	10.607	31.9792
1398185862.373	n	11.0494	3.60486	10.593	31.9791
1398185862.436	n	11.0495	3.60486	10.572	31.9789
1398185862.512	y	11.0497	3.60486	10.555	31.9788
1398185862.560	n	11.0499	3.60487	10.534	31.9787
1398185862.622	n	11.0501	3.60486	10.518	31.9785
1398185862.686	n	11.0502	3.60486	10.499	31.9784
1398185862.747	n	11.0504	3.60486	10.479	31.9782
1398185862.810	n	11.0505	3.60485	10.461	31.9781
1398185862.872	n	11.0506	3.60486	10.444	31.9781
1398185862.935	n	11.0507	3.60487	10.426	31.9780
1398185863.143	y	11.0508	3.60486	10.409	31.9779
1398185863.149	n	11.0509	3.60486	10.393	31.9778
1398185863.155	n	11.0510	3.60485	10.374	31.9777
1398185863.186	n	11.0511	3.60485	10.354	31.9776
1398185863.248	n	11.0512	3.60485	10.337	31.9776
1398185863.309	n	11.0512	3.60486	10.321	31.9775
1398185863.373	n	11.0513	3.60485	10.303	31.9774
1398185863.435	n	11.0514	3.60484	10.285	31.9773
1398185863.497	n	11.0515	3.60483	10.268	31.9771
1398185863.559	n	11.0515	3.60483	10.251	31.9770
1398185863.621	n	11.0516	3.60483	10.232	31.9770
1398185863.685	n	11.0516	3.60484	10.215	31.9771
1398185863.747	n	11.0517	3.60485	10.197	31.9771
1398185863.809	n	11.0518	3.60485	10.179	31.9770
1398185863.873	n	11.0519	3.60484	10.165	31.9769
1398185863.937	n	11.0520	3.60485	10.148	31.9769
1398185863.996	n	11.0520	3.60485	10.127	31.9769
1398185864.060	n	11.0521	3.60485	10.107	31.9768
1398185864.122	n	11.0521	3.60485	10.096	31.9768
1398185864.185	n	11.0522	3.60485	10.081	31.9768
1398185864.246	n	11.0522	3.60486	10.064	31.9768
1398185864.309	n	11.0523	3.60486	10.053	31.9767
1398185864.374	n	11.0524	3.60486	10.035	31.9767
1398185864.435	n	11.0525	3.60486	10.018	31.9766
1398185864.496	n	11.0526	3.60485	10.005	31.9765
1398185864.559	n	11.0526	3.60485	9.993	31.9764
1398185864.622	n	11.0527	3.60486	9.975	31.9764
1398185864.685	n	11.0528	3.60487	9.963	31.9764
1398185864.748	n	11.0529	3.60486	9.951	31.9763
1398185864.810	n	11.0529	3.60486	9.933	31.9762
1398185864.872	n	11.0530	3.60486	9.919	31.9762
1398185864.935	n	11.0530	3.60486	9.907	31.9762
1398185864.996	n	11.0530	3.60486	9.893	31.9762
1398185865.059	n	11.0530	3.60485	9.883	31.9761
1398185865.123	n	11.0531	3.60486	9.865	31.9761
1398185865.186	n	11.0531	3.60487	9.852	31.9762
1398185865.248	n	11.0531	3.60488	9.839	31.9763
1398185865.310	n	11.0532	3.60488	9.828	31.9763
1398185865.374	n	11.0532	3.60488	9.814	31.9763
1398185865.435	n	11.0533	3.60487	9.800	31.9761
1398185865.497	n	11.0534	3.60487	9.789	31.9760
1398185865.561	n	11.0535	3.60487	9.774	31.9759
1398185865.688	y	11.0536	3.60487	9.760	31.9759
1398185865.694	n	11.0537	3.60487	9.747	31.9757
1398185865.746	n	11.0539	3.60487	9.734	31.9756
1398185865.809	n	11.0540	3.60487	9.724	31.9755
1398185865.872	n	11.0541	3.60487	9.712	31.9755
1398185865.936	n	11.0541	3.60487	9.700	31.9754
1398185865.997	n	11.0542	3.60487	9.687	31.9753
1398185866.060	n	11.0542	3.60487	9.672	31.9753
1398185866.122	n	11.0544	3.60487	9.663	31.9752
1398185866.188	n	11.0545	3.60487	9.649	31.9751
1398185866.247	y	11.0546	3.60487	9.640	31.9750
1398185866.309	n	11.0547	3.60487	9.623	31.9749
1398185866.372	n	11.0547	3.60487	9.613	31.9749
1398185866.434	n	11.0548	3.60487	9.603	31.9749
1398185866.498	n	11.0549	3.60488	9.593	31.9749
1398185866.560	n	11.0550	3.60488	9.583	31.9748
1398185866.622	n	11.0551	3.60488	9.570	31.9747
1398185866.686	n	11.0551	3.60488	9.561	31.9747
1398185866.747	n	11.0552	3.60488	9.553	31.9747
1398185866.810	n	11.0552	3.60489	9.538	31.9747
1398185866.872	n	11.0552	3.60488	9.527	31.9746
1398185866.935	n	11.0553	3.60487	9.516	31.9745
1398185866.996	n	11.0553	3.60487	9.504	31.9744
1398185867.059	n	11.0554	3.60487	9.497	31.9744
1398185867.124	n	11.0554	3.60488	9.485	31.9745
1398185867.187	n	11.0554	3.60488	9.472	31.9745
1398185867.382	y	11.0555	3.60489	9.461	31.9745
1398185867.388	n	11.0555	3.60489	9.449	31.9745
1398185867.394	n	11.0555	3.60489	9.434	31.9745
1398185867.434	n	11.0555	3.60490	9.424	31.9746
1398185867.498	n	11.0556	3.60490	9.414	31.9746
1398185867.561	n	11.0556	3.60490	9.403	31.9745
1398185867.622	n	11.0556	3.60490	9.392	31.9745
1398185867.686	n	11.0556	3.60490	9.382	31.9745
1398185867.747	n	11.0556	3.60490	9.368	31.9745
1398185867.809	n	11.0556	3.60490	9.358	31.9745
1398185867.873	n	11.0556	3.60490	9.343	31.9745
1398185867.934	n	11.0556	3.60490	9.334	31.9745
1398185867.997	n	11.0556	3.60490	9.319	31.9745
1398185868.060	n	11.0555	3.60490	9.307	31.9746
1398185868.123	n	11.0555	3.60490	9.293	31.9746
1398185868.185	n	11.0555	3.60490	9.283	31.9747
1398185868.247	n	11.0555	3.60490	9.267	31.9747
1398185868.309	n	11.0555	3.60491	9.257	31.9747
1398185868.373	n	11.0556	3.60490	9.243	31.9747
1398185868.434	n	11.0556	3.60490	9.233	31.9746
1398185868.497	n	11.0557	3.60490	9.215	31.9746
1398185868.561	n	11.0557	3.60490	9.203	31.9746
1398185868.623	n	11.0557	3.60491	9.190	31.9747
1398185868.684	n	11.0557	3.60492	9.179	31.9747
1398185868.747	n	11.0557	3.60492	9.162	31.9748
1398185868.810	n	11.0556	3.60492	9.148	31.9748
1398185868.872	n	11.0556	3.60493	9.136	31.9749
1398185868.935	n	11.0557	3.60493	9.120	31.9749
1398185868.998	n	11.0557	3.60494	9.107	31.9750
1398185869.060	n	11.0557	3.60495	9.091	31.9751
1398185869.123	n	11.0556	3.60495	9.076	31.9751
1398185869.186	n	11.0556	3.60496	9.061	31.9752
1398185869.247	n	11.0556	3.60496	9.042	31.9753
1398185869.309	n	11.0556	3.60496	9.026	31.9753
1398185869.372	n	11.0556	3.60497	9.011	31.9754
1398185869.434	n	11.0556	3.60497	8.996	31.9754
1398185869.498	n	11.0556	3.60496	8.979	31.9753
1398185869.560	n	11.0556	3.60496	8.965	31.9753
1398185869.624	n	11.0556	3.60497	8.948	31.9754
1398185869.685	n	11.0556	3.60498	8.929	31.9755
1398185869.748	n	11.0556	3.60500	8.911	31.9757
1398185869.872	y	11.0556	3.60501	8.891	31.9758
1398185869.878	n	11.0555	3.60500	8.877	31.9758
1398185869.934	n	11.0555	3.60499	8.860	31.9758
1398185869.997	n	11.0555	3.60500	8.841	31.9759
1398185870.060	n	11.0555	3.60500	8.823	31.9759
1398185870.124	n	11.0555	3.60501	8.806	31.9760
1398185870.186	n	11.0555	3.60502	8.787	31.9761
1398185870.247	n	11.0554	3.60501	8.766	31.9761
1398185870.310	n	11.0554	3.60501	8.746	31.9761
1398185870.372	n	11.0554	3.60502	8.728	31.9762
1398185870.435	n	11.0554	3.60503	8.705	31.9763
1398185870.496	n	11.0554	3.60505	8.683	31.9765
1398185870.561	n	11.0554	3.60506	8.665	31.9767
1398185870.623	n	11.0553	3.60507	8.645	31.9768
1398185870.684	n	11.0552	3.60508	8.626	31.9769
1398185870.748	n	11.0552	3.60508	8.601	31.9770
1398185870.810	n	11.0552	3.60508	8.576	31.9770
1398185870.873	n	11.0552	3.60508	8.557	31.9769
1398185870.934	n	11.0553	3.60507	8.532	31.9769
1398185870.997	n	11.0552	3.60507	8.508	31.9769
1398185871.060	n	11.0552	3.60506	8.485	31.9769
1398185871.123	n	11.0551	3.60506	8.465	31.9770
1398185871.186	n	11.0550	3.60506	8.441	31.9771
1398185871.247	n	11.0549	3.60506	8.416	31.9772
1398185871.310	n	11.0548	3.60507	8.394	31.9773
1398185871.372	n	11.0548	3.60507	8.372	31.9774
1398185871.435	n	11.0548	3.60507	8.347	31.9773
1398185871.561	y	11.0549	3.60507	8.325	31.9773
1398185871.566	n	11.0549	3.60507	8.299	31.9773
1398185871.622	n	11.0548	3.60506	8.273	31.9773
1398185871.686	n	11.0548	3.60505	8.247	31.9773
1398185871.749	n	11.0547	3.60504	8.223	31.9772
1398185871.809	n	11.0547	3.60503	8.202	31.9771
1398185871.872	n	11.0547	3.60502	8.180	31.9770
1398185871.936	n	11.0547	3.60502	8.153	31.9770
1398185871.997	n	11.0547	3.60502	8.126	31.9771
1398185872.059	n	11.0547	3.60501	8.100	31.9770
1398185872.122	n	11.0547	3.60501	8.077	31.9769
1398185872.185	n	11.0547	3.60501	8.052	31.9769
1398185872.248	n	11.0547	3.60501	8.027	31.9770
1398185872.310	n	11.0547	3.60501	8.003	31.9771
1398185872.372	n	11.0547	3.60501	7.980	31.9771
1398185872.434	n	11.0547	3.60500	7.953	31.9769
1398185872.497	n	11.0547	3.60499	7.931	31.9768
1398185872.560	n	11.0547	3.60499	7.905	31.9769
1398185872.622	n	11.0546	3.60499	7.882	31.9769
1398185872.686	n	11.0545	3.60499	7.860	31.9770
1398185872.746	n	11.0545	3.60499	7.835	31.9770
1398185872.809	n	11.0545	3.60497	7.813	31.9769
1398185872.873	n	11.0545	3.60497	7.788	31.9768
1398185872.935	n	11.0545	3.60497	7.765	31.9768
1398185872.998	n	11.0545	3.60497	7.739	31.9769
1398185873.061	n	11.0545	3.60497	7.716	31.9769
1398185873.124	n	11.0545	3.60496	7.691	31.9768
1398185873.186	n	11.0545	3.60495	7.666	31.9767
1398185873.247	n	11.0545	3.60494	7.644	31.9767
1398185873.310	n	11.0544	3.60494	7.623	31.9767
1398185873.372	n	11.0544	3.60495	7.600	31.9768
1398185873.434	n	11.0544	3.60496	7.577	31.9770
1398185873.521	y	11.0544	3.60497	7.555	31.9771
1398185873.560	n	11.0544	3.60498	7.532	31.9771
1398185873.623	n	11.0544	3.60498	7.515	31.9772
1398185873.686	n	11.0544	3.60498	7.490	31.9772
1398185873.747	n	11.0543	3.60497	7.469	31.9771
1398185873.809	n	11.0543	3.60496	7.447	31.9771
1398185873.872	n	11.0543	3.60496	7.424	31.9771
1398185873.935	n	11.0542	3.60497	7.407	31.9773
1398185873.997	n	11.0541	3.60499	7.384	31.9775
1398185874.060	n	11.0541	3.60500	7.362	31.9777
1398185874.122	n	11.0540	3.60501	7.343	31.9778
1398185874.186	n	11.0540	3.60501	7.323	31.9779
1398185874.247	n	11.0539	3.60502	7.302	31.9781
1398185874.311	n	11.0539	3.60503	7.284	31.9782
1398185874.373	n	11.0539	3.60504	7.262	31.9782
1398185874.439	n	11.0539	3.60504	7.241	31.9783
1398185874.496	n	11.0540	3.60505	7.223	31.9783
1398185874.559	n	11.0541	3.60506	7.207	31.9784
1398185874.622	n	11.0542	3.60507	7.191	31.9784
1398185874.685	n	11.0543	3.60508	7.175	31.9784
1398185874.747	n	11.0543	3.60508	7.156	31.9784
1398185874.809	n	11.0543	3.60508	7.138	31.9784
1398185874.872	n	11.0544	3.60508	7.119	31.9784
1398185874.935	n	11.0544	3.60509	7.103	31.9784
1398185874.998	n	11.0545	3.60510	7.087	31.9784
1398185875.060	n	11.0546	3.60512	7.072	31.9785
1398185875.122	n	11.0547	3.60513	7.054	31.9785
1398185875.186	n	11.0547	3.60513	7.041	31.9785
1398185875.247	n	11.0548	3.60513	7.029	31.9785
1398185875.310	n	11.0548	3.60513	7.015	31.9784
1398185875.372	n	11.0550	3.60513	7.001	31.9784
1398185875.436	n	11.0551	3.60514	6.988	31.9783
1398185875.498	n	11.0552	3.60515	6.975	31.9783
1398185875.559	n	11.0552	3.60516	6.960	31.9784
1398185875.624	n	11.0553	3.60517	6.950	31.9785
1398185875.686	n	11.0553	3.60518	6.937	31.9786
1398185875.820	y	11.0554	3.60519	6.928	31.9786
1398185875.825	n	11.0555	3.60519	6.921	31.9785
1398185875.872	n	11.0556	3.60518	6.909	31.9784
1398185875.934	n	11.0557	3.60518	6.898	31.9783
1398185875.998	n	11.0558	3.60518	6.891	31.9782
1398185876.061	n	11.0559	3.60518	6.881	31.9781
1398185876.122	n	11.0560	3.60518	6.870	31.9780
1398185876.185	n	11.0561	3.60519	6.863	31.9781
1398185876.247	n	11.0562	3.60520	6.853	31.9780
1398185876.310	n	11.0563	3.60521	6.847	31.9780
1398185876.373	n	11.0565	3.60522	6.839	31.9780
1398185876.436	n	11.0566	3.60522	6.835	31.9779
1398185876.497	n	11.0568	3.60521	6.827	31.9776
1398185876.561	n	11.0569	3.60520	6.826	31.9775
1398185876.622	n	11.0571	3.60520	6.817	31.9773
1398185876.685	n	11.0572	3.60520	6.807	31.9772
1398185876.747	n	11.0574	3.60522	6.802	31.9772
1398185876.810	n	11.0575	3.60523	6.798	31.9772
1398185876.873	n	11.0577	3.60524	6.790	31.9771
1398185876.934	n	11.0578	3.60525	6.786	31.9772
1398185876.998	n	11.0578	3.60527	6.781	31.9774
1398185877.061	n	11.0578	3.60529	6.779	31.9775
1398185877.122	n	11.0579	3.60531	6.778	31.9777
1398185877.226	y	11.0579	3.60532	6.770	31.9778
1398185877.247	n	11.0580	3.60534	6.767	31.9779
1398185877.309	n	11.0582	3.60536	6.758	31.9779
1398185877.373	n	11.0584	3.60537	6.755	31.9779
1398185877.435	n	11.0586	3.60539	6.752	31.9778
1398185877.498	n	11.0589	3.60541	6.746	31.9778
1398185877.560	n	11.0591	3.60543	6.737	31.9778
1398185877.622	n	11.0592	3.60546	6.732	31.9780
1398185877.685	n	11.0594	3.60550	6.726	31.9783
1398185877.748	n	11.0595	3.60554	6.721	31.9785
1398185877.810	n	11.0596	3.60558	6.713	31.9788
1398185877.873	n	11.0597	3.60560	6.706	31.9791
1398185877.935	n	11.0598	3.60563	6.699	31.9793
1398185877.998	n	11.0598	3.60566	6.691	31.9795
1398185878.060	n	11.0598	3.60569	6.685	31.9798
1398185878.122	n	11.0599	3.60572	6.673	31.9800
1398185878.187	n	11.0599	3.60575	6.669	31.9804
1398185878.247	n	11.0599	3.60579	6.658	31.9807
1398185878.309	n	11.0598	3.60582	6.649	31.9811
1398185878.372	n	11.0598	3.60585	6.639	31.9814
1398185878.440	n	11.0598	3.60588	6.632	31.9817
1398185878.497	n	11.0599	3.60591	6.620	31.9819
1398185878.560	n	11.0599	3.60594	6.609	31.9823
1398185878.624	n	11.0599	3.60597	6.601	31.9826
1398185878.684	n	11.0599	3.60600	6.588	31.9828
1398185878.747	n	11.0599	3.60602	6.576	31.9831
1398185878.809	n	11.0599	3.60605	6.561	31.9833
1398185878.872	n	11.0599	3.60608	6.553	31.9836
1398185878.935	n	11.0599	3.60611	6.538	31.9840
1398185878.998	n	11.0599	3.60614	6.526	31.9842
1398185879.060	n	11.0599	3.60616	6.515	31.9844
1398185879.122	n	11.0600	3.60619	6.501	31.9846
1398185879.185	n	11.0601	3.60620	6.490	31.9847
1398185879.248	n	11.0601	3.60622	6.477	31.9848
1398185879.310	n	11.0601	3.60624	6.464	31.9851
1398185879.372	n	11.0601	3.60627	6.452	31.9853
1398185879.438	n	11.0601	3.60629	6.439	31.9856
1398185879.496	n	11.0601	3.60631	6.427	31.9858
1398185879.561	n	11.0601	3.60632	6.415	31.9858
1398185879.624	n	11.0601	3.60632	6.398	31.9859
1398185879.685	n	11.0601	3.60633	6.386	31.9860
1398185879.747	n	11.0601	3.60635	6.372	31.9862
1398185879.811	n	11.0602	3.60638	6.357	31.9864
1398185879.873	n	11.0603	3.60639	6.344	31.9864
1398185879.935	n	11.0605	3.60640	6.332	31.9863
1398185880.086	y	11.0606	3.60640	6.319	31.9863
1398185880.091	n	11.0606	3.60640	6.305	31.9863
1398185880.121	n	11.0607	3.60641	6.289	31.9863
1398185880.184	n	11.0607	3.60641	6.274	31.9863
1398185880.247	n	11.0607	3.60641	6.258	31.9863
1398185880.310	n	11.0607	3.60641	6.242	31.9864
1398185880.373	n	11.0607	3.60642	6.229	31.9865
1398185880.439	n	11.0607	3.60644	6.215	31.9866
1398185880.498	n	11.0608	3.60646	6.199	31.9867
1398185880.560	n	11.0609	3.60646	6.184	31.9867
1398185880.624	n	11.0609	3.60647	6.166	31.9868
1398185880.685	n	11.0610	3.60648	6.148	31.9868
1398185880.747	y	11.0610	3.60649	6.130	31.9869
1398185880.809	n	11.0611	3.60650	6.111	31.9869
1398185880.873	n	11.0612	3.60652	6.097	31.9870
1398185880.935	n	11.0612	3.60652	6.078	31.9870
1398185880.997	n	11.0613	3.60653	6.063	31.9870
1398185881.136	y	11.0613	3.60653	6.045	31.9871
1398185881.144	n	11.0613	3.60654	6.026	31.9872
1398185881.185	n	11.0613	3.60655	6.006	31.9873
1398185881.247	n	11.0612	3.60656	5.990	31.9874
1398185881.310	n	11.0611	3.60657	5.969	31.9876
1398185881.373	n	11.0611	3.60657	5.952	31.9877
1398185881.434	n	11.0611	3.60658	5.937	31.9878
1398185881.497	n	11.0611	3.60659	5.917	31.9879
1398185881.560	n	11.0611	3.60660	5.897	31.9880
1398185881.623	n	11.0612	3.60661	5.879	31.9881
1398185881.684	n	11.0612	3.60663	5.861	31.9882
1398185881.746	n	11.0612	3.60665	5.843	31.9884
1398185881.809	n	11.0612	3.60666	5.824	31.9885
1398185881.872	n	11.0612	3.60667	5.806	31.9887
1398185881.935	n	11.0612	3.60668	5.787	31.9888
1398185881.997	n	11.0612	3.60668	5.770	31.9888
1398185882.060	n	11.0612	3.60668	5.751	31.9888
1398185882.123	n	11.0612	3.60669	5.732	31.9888
1398185882.186	n	11.0612	3.60669	5.711	31.9889
1398185882.246	n	11.0612	3.60670	5.691	31.9889
1398185882.311	n	11.0612	3.60671	5.674	31.9890
1398185882.372	n	11.0612	3.60672	5.653	31.9892
1398185882.434	n	11.0612	3.60673	5.633	31.9893
1398185882.498	n	11.0612	3.60673	5.615	31.9893
1398185882.559	n	11.0612	3.60673	5.593	31.9893
1398185882.624	n	11.0612	3.60672	5.571	31.9893
1398185882.685	n	11.0612	3.60672	5.551	31.9893
1398185882.747	n	11.0612	3.60673	5.528	31.9894
1398185882.810	n	11.0612	3.60675	5.511	31.9895
1398185882.873	n	11.0612	3.60675	5.488	31.9895
1398185882.934	n	11.0612	3.60676	5.464	31.9896
1398185882.998	n	11.0612	3.60676	5.443	31.9897
1398185883.059	n	11.0612	3.60676	5.421	31.9897
1398185883.123	n	11.0612	3.60678	5.399	31.9899
1398185883.185	n	11.0612	3.60679	5.378	31.9900
1398185883.247	n	11.0612	3.60679	5.355	31.9901
1398185883.310	n	11.0612	3.60680	5.335	31.9901
1398185883.374	n	11.0612	3.60681	5.310	31.9902
1398185883.436	n	11.0612	3.60682	5.285	31.9903
1398185883.498	n	11.0612	3.60682	5.265	31.9903
1398185883.560	n	11.0612	3.60682	5.243	31.9904
1398185883.622	n	11.0612	3.60682	5.221	31.9903
1398185883.684	n	11.0613	3.60683	5.202	31.9904
1398185883.747	n	11.0613	3.60684	5.180	31.9905
1398185883.809	n	11.0614	3.60686	5.159	31.9905
1398185883.873	n	11.0615	3.60687	5.135	31.9906
1398185883.934	n	11.0616	3.60688	5.117	31.9906
1398185883.999	n	11.0617	3.60689	5.097	31.9907
1398185884.060	n	11.0617	3.60690	5.078	31.9908
1398185884.123	n	11.0618	3.60692	5.055	31.9908
1398185884.186	n	11.0619	3.60692	5.034	31.9908
1398185884.344	y	11.0620	3.60692	5.017	31.9907
1398185884.349	n	11.0621	3.60692	4.999	31.9906
1398185884.374	n	11.0621	3.60692	4.978	31.9906
1398185884.510	y	11.0622	3.60692	4.956	31.9906
1398185884.518	n	11.0622	3.60693	4.937	31.9906
1398185884.559	n	11.0623	3.60694	4.915	31.9907
1398185884.623	n	11.0623	3.60695	4.898	31.9908
1398185884.684	n	11.0624	3.60696	4.876	31.9908
1398185884.748	n	11.0624	3.60696	4.858	31.9908
1398185884.810	n	11.0624	3.60695	4.843	31.9907
1398185884.873	n	11.0625	3.60695	4.825	31.9906
1398185884.936	n	11.0626	3.60694	4.808	31.9905
1398185884.997	n	11.0628	3.60694	4.785	31.9904
1398185885.059	n	11.0629	3.60694	4.771	31.9903
1398185885.124	n	11.0630	3.60694	4.755	31.9902
1398185885.186	n	11.0630	3.60694	4.738	31.9901
1398185885.248	n	11.0631	3.60693	4.726	31.9900
1398185885.310	n	11.0632	3.60692	4.709	31.9898
1398185885.373	n	11.0633	3.60691	4.690	31.9897
1398185885.436	n	11.0633	3.60690	4.681	31.9895
1398185885.497	n	11.0634	3.60689	4.668	31.9894
1398185885.559	n	11.0634	3.60688	4.655	31.9892
1398185885.622	n	11.0635	3.60686	4.644	31.9890
1398185885.685	n	11.0635	3.60684	4.630	31.9888
1398185885.748	n	11.0635	3.60683	4.616	31.9887
1398185885.811	n	11.0635	3.60682	4.601	31.9886
1398185885.872	n	11.0635	3.60681	4.587	31.9885
1398185885.936	n	11.0636	3.60680	4.579	31.9883
1398185885.997	n	11.0636	3.60678	4.566	31.9881
1398185886.061	n	11.0636	3.60676	4.554	31.9879
1398185886.122	n	11.0636	3.60674	4.545	31.9877
1398185886.184	n	11.0636	3.60672	4.528	31.9875
1398185886.248	n	11.0636	3.60670	4.516	31.9874
1398185886.310	n	11.0636	3.60670	4.507	31.9873
1398185886.373	n	11.0636	3.60668	4.492	31.9872
1398185886.436	n	11.0636	3.60668	4.477	31.9872
1398185886.498	n	11.0636	3.60667	4.464	31.9871
1398185886.559	n	11.0636	3.60667	4.450	31.9871
1398185886.624	n	11.0636	3.60667	4.439	31.9871
1398185886.685	n	11.0635	3.60668	4.424	31.9873
1398185886.748	n	11.0635	3.60668	4.409	31.9873
1398185886.811	n	11.0635	3.60668	4.398	31.9874
1398185886.872	n	11.0635	3.60670	4.385	31.9875
1398185886.936	n	11.0635	3.60673	4.370	31.9878
1398185886.997	n	11.0635	3.60676	4.357	31.9881
1398185887.060	n	11.0636	3.60680	4.345	31.9884
1398185887.123	y	11.0636	3.60682	4.332	31.9886
1398185887.186	n	11.0636	3.60685	4.313	31.9889
1398185887.248	n	11.0637	3.60688	4.301	31.9891
1398185887.310	n	11.0637	3.60692	4.285	31.9895
1398185887.372	n	11.0637	3.60695	4.271	31.9898
1398185887.436	n	11.0638	3.60699	4.257	31.9902
1398185887.497	n	11.0639	3.60704	4.241	31.9906
1398185887.561	n	11.0640	3.60709	4.230	31.9910
1398185887.623	n	11.0641	3.60712	4.214	31.9911
1398185887.686	n	11.0643	3.60715	4.204	31.9913
1398185887.748	n	11.0645	3.60717	4.187	31.9914
1398185887.810	n	11.0647	3.60719	4.171	31.9915
1398185887.872	n	11.0648	3.60722	4.157	31.9916
1398185887.935	n	11.0650	3.60733	4.144	31.9925
1398185887.997	n	11.0652	3.60768	4.130	31.9958
1398185888.059	n	11.0658	3.60832	4.115	32.0015
1398185888.221	y	11.0669	3.60915	4.100	32.0087
1398185888.227	n	11.0685	3.60998	4.086	32.0156
1398185888.247	n	11.0702	3.61061	4.070	32.0203
1398185888.309	n	11.0718	3.61098	4.057	32.0226
1398185888.373	n	11.0730	3.61119	4.044	32.0236
1398185888.436	n	11.0741	3.61133	4.029	32.0241
1398185888.548	y	11.0751	3.61141	4.014	32.0240
1398185888.561	n	11.0758	3.61143	4.001	32.0235
1398185888.623	n	11.0761	3.61139	3.987	32.0229
1398185888.685	n	11.0756	3.61131	3.971	32.0226
1398185888.748	n	11.0746	3.61123	3.956	32.0227
1398185888.811	n	11.0734	3.61117	3.941	32.0231
1398185888.872	n	11.0725	3.61114	3.928	32.0236
1398185888.937	n	11.0718	3.61111	3.913	32.0239
1398185888.997	n	11.0714	3.61109	3.899	32.0241
1398185889.059	n	11.0711	3.61110	3.887	32.0245
1398185889.124	n	11.0713	3.61119	3.872	32.0252
1398185889.184	n	11.0725	3.61136	3.858	32.0259
1398185889.248	n	11.0746	3.61159	3.842	32.0263
1398185889.310	n	11.0770	3.61182	3.822	32.0265
1398185889.373	n	11.0789	3.61196	3.806	32.0262
1398185889.435	n	11.0795	3.61197	3.790	32.0258
1398185889.497	n	11.0787	3.61187	3.775	32.0255
1398185889.564	n	11.0767	3.61167	3.761	32.0253
1398185889.622	n	11.0745	3.61147	3.745	32.0252
1398185889.684	n	11.0732	3.61134	3.728	32.0251
1398185889.748	n	11.0730	3.61130	3.710	32.0249
1398185889.810	n	11.0735	3.61135	3.697	32.0249
1398185889.872	n	11.0742	3.61139	3.680	32.0248
1398185889.936	n	11.0741	3.61137	3.659	32.0246
1398185889.997	n	11.0733	3.61132	3.642	32.0248
1398185890.060	n	11.0726	3.61132	3.624	32.0255
1398185890.124	n	11.0725	3.61140	3.607	32.0263
1398185890.184	n	11.0731	3.61153	3.590	32.0271
1398185890.248	n	11.0743	3.61168	3.576	32.0275
1398185890.310	n	11.0756	3.61177	3.554	32.0273
1398185890.373	n	11.0765	3.61183	3.539	32.0272
1398185890.436	n	11.0770	3.61191	3.522	32.0275
1398185890.496	n	11.0777	3.61199	3.501	32.0276
1398185890.564	n	11.0787	3.61207	3.481	32.0276
1398185890.623	n	11.0805	3.61220	3.462	32.0274
1398185890.685	n	11.0829	3.61239	3.445	32.0271
1398185890.748	n	11.0852	3.61260	3.427	32.0272
1398185890.810	n	11.0865	3.61277	3.405	32.0277
1398185890.872	n	11.0861	3.61276	3.389	32.0280
1398185890.935	n	11.0844	3.61259	3.373	32.0278
1398185890.999	n	11.0822	3.61235	3.352	32.0273
1398185891.059	n	11.0800	3.61210	3.336	32.0268
1398185891.124	n	11.0782	3.61189	3.319	32.0263
1398185891.186	n	11.0764	3.61172	3.297	32.0261
1398185891.247	n	11.0745	3.61153	3.280	32.0260
1398185891.311	n	11.0729	3.61136	3.261	32.0258
1398185891.372	n	11.0718	3.61126	3.243	32.0257
1398185891.436	n	11.0714	3.61122	3.225	32.0256
1398185891.497	n	11.0714	3.61120	3.206	32.0254
1398185891.559	n	11.0715	3.61122	3.187	32.0256
1398185891.624	n	11.0717	3.61133	3.168	32.0266
1398185891.751	y	11.0721	3.61154	3.147	32.0282
1398185891.755	n	11.0731	3.61178	3.131	32.0298
1398185891.810	n	11.0751	3.61205	3.112	32.0306
1398185891.873	n	11.0777	3.61227	3.091	32.0306
1398185891.936	n	11.0806	3.61245	3.075	32.0299
1398185891.997	n	11.0836	3.61264	3.058	32.0291
1398185892.060	n	11.0866	3.61285	3.038	32.0286
1398185892.122	n	11.0891	3.61304	3.017	32.0282
1398185892.185	n	11.0911	3.61318	3.000	32.0279
1398185892.247	n	11.0924	3.61328	2.982	32.0278
1398185892.309	n	11.0928	3.61333	2.965	32.0280
1398185892.374	n	11.0920	3.61333	2.949	32.0286
1398185892.435	n	11.0902	3.61327	2.932	32.0296
1398185892.497	n	11.0884	3.61316	2.912	32.0301
1398185892.564	n	11.0874	3.61306	2.894	32.0299
1398185892.622	n	11.0878	3.61296	2.877	32.0286
1398185892.686	n	11.0889	3.61289	2.859	32.0271
1398185892.819	y	11.0894	3.61285	2.841	32.0262
1398185892.824	n	11.0890	3.61278	2.824	32.0259
1398185892.874	n	11.0886	3.61276	2.807	32.0260
1398185892.937	n	11.0890	3.61282	2.790	32.0263
1398185892.997	n	11.0904	3.61296	2.771	32.0265
1398185893.060	n	11.0922	3.61313	2.755	32.0266
1398185893.123	n	11.0936	3.61326	2.739	32.0267
1398185893.187	n	11.0940	3.61328	2.727	32.0265
1398185893.246	n	11.0932	3.61318	2.706	32.0262
1398185893.311	n	11.0917	3.61299	2.692	32.0257
1398185893.373	n	11.0897	3.61280	2.675	32.0256
1398185893.434	n	11.0870	3.61259	2.656	32.0258
1398185893.498	n	11.0837	3.61233	2.639	32.0262
1398185893.560	n	11.0798	3.61206	2.622	32.0268
1398185893.622	n	11.0763	3.61182	2.605	32.0276
1398185893.685	n	11.0741	3.61167	2.592	32.0280
1398185893.747	n	11.0738	3.61166	2.576	32.0281
1398185893.809	n	11.0748	3.61170	2.559	32.0277
1398185893.873	n	11.0758	3.61170	2.548	32.0268
1398185893.936	n	11.0760	3.61166	2.530	32.0263
1398185893.996	n	11.0760	3.61165	2.510	32.0262
1398185894.059	n	11.0764	3.61171	2.496	32.0264
1398185894.123	n	11.0775	3.61182	2.482	32.0266
1398185894.186	n	11.0796	3.61202	2.467	32.0267
1398185894.247	n	11.0824	3.61227	2.452	32.0267
1398185894.310	n	11.0852	3.61254	2.436	32.0270
1398185894.372	n	11.0877	3.61280	2.418	32.0274
1398185894.436	n	11.0895	3.61297	2.407	32.0276
1398185894.497	n	11.0903	3.61305	2.390	32.0276
1398185894.561	n	11.0906	3.61309	2.377	32.0278
1398185894.623	n	11.0908	3.61313	2.361	32.0280
1398185894.685	n	11.0912	3.61320	2.347	32.0282
1398185894.748	n	11.0917	3.61325	2.333	32.0284
1398185894.810	n	11.0922	3.61329	2.318	32.0283
1398185894.872	n	11.0926	3.61330	2.304	32.0280
1398185894.935	n	11.0925	3.61324	2.290	32.0276
1398185894.997	n	11.0913	3.61313	2.278	32.0276
1398185895.059	n	11.0889	3.61301	2.262	32.0285
1398185895.123	n	11.0858	3.61290	2.246	32.0301
1398185895.185	n	11.0825	3.61282	2.235	32.0321
1398185895.247	n	11.0801	3.61278	2.220	32.0339
1398185895.311	n	11.0788	3.61275	2.210	32.0347
1398185895.373	n	11.0784	3.61268	2.194	32.0345
1398185895.451	y	11.0782	3.61255	2.182	32.0333
1398185895.498	n	11.0782	3.61238	2.166	32.0316
1398185895.560	n	11.0790	3.61225	2.152	32.0297
1398185895.622	n	11.0808	3.61223	2.139	32.0279
1398185895.686	n	11.0831	3.61234	2.126	32.0270
1398185895.747	n	11.0846	3.61251	2.112	32.0273
1398185895.810	n	11.0848	3.61265	2.097	32.0285
1398185895.873	n	11.0845	3.61274	2.086	32.0297
1398185895.935	n	11.0850	3.61285	2.070	32.0304
1398185895.998	n	11.0867	3.61297	2.053	32.0300
1398185896.059	n	11.0894	3.61311	2.042	32.0292
1398185896.123	n	11.0917	3.61324	2.024	32.0284
1398185896.186	n	11.0930	3.61330	2.009	32.0279
1398185896.248	n	11.0937	3.61333	1.994	32.0276
1398185896.310	n	11.0940	3.61335	1.979	32.0276
1398185896.373	n	11.0940	3.61337	1.963	32.0277
1398185896.436	n	11.0939	3.61338	1.947	32.0279
1398185896.602	y	11.0937	3.61337	1.932	32.0279
1398185896.609	n	11.0937	3.61334	1.915	32.0278
1398185896.624	n	11.0936	3.61332	1.898	32.0276
1398185896.685	n	11.0933	3.61328	1.883	32.0274
1398185896.747	n	11.0929	3.61323	1.874	32.0272
1398185896.810	n	11.0926	3.61317	1.856	32.0269
1398185896.872	n	11.0924	3.61312	1.842	32.0267
1398185896.936	n	11.0924	3.61311	1.828	32.0266
1398185897.085	y	11.0925	3.61313	1.816	32.0267
1398185897.092	n	11.0925	3.61316	1.803	32.0270
1398185897.124	n	11.0926	3.61319	1.789	32.0272
1398185897.186	n	11.0925	3.61320	1.776	32.0274
1398185897.247	n	11.0926	3.61321	1.760	32.0274
1398185897.311	n	11.0926	3.61321	1.750	32.0274
1398185897.373	n	11.0927	3.61322	1.737	32.0275
1398185897.436	n	11.0928	3.61324	1.727	32.0275
1398185897.497	n	11.0930	3.61324	1.713	32.0274
1398185897.560	n	11.0929	3.61324	1.700	32.0274
1398185897.625	n	11.0928	3.61322	1.686	32.0274
1398185897.685	n	11.0925	3.61319	1.673	32.0273
1398185897.748	n	11.0923	3.61318	1.663	32.0275
1398185897.810	n	11.0924	3.61323	1.648	32.0279
1398185897.873	n	11.0926	3.61332	1.630	32.0285
1398185897.936	n	11.0929	3.61342	1.620	32.0293
1398185897.997	n	11.0931	3.61350	1.602	32.0299
1398185898.059	n	11.0932	3.61351	1.586	32.0299
1398185898.122	n	11.0931	3.61345	1.569	32.0295
1398185898.185	n	11.0931	3.61337	1.555	32.0286
1398185898.249	n	11.0935	3.61330	1.541	32.0276
1398185898.309	n	11.0945	3.61331	1.520	32.0268
1398185898.374	n	11.0959	3.61339	1.502	32.0264
1398185898.435	n	11.0975	3.61353	1.486	32.0264
1398185898.497	n	11.0990	3.61369	1.468	32.0268
1398185898.560	n	11.0999	3.61384	1.452	32.0273
1398185898.624	n	11.1005	3.61393	1.436	32.0278
1398185898.685	n	11.1008	3.61400	1.417	32.0281
1398185898.748	n	11.1010	3.61403	1.401	32.0284
1398185898.810	n	11.1011	3.61405	1.385	32.0284
1398185898.873	n	11.1012	3.61406	1.367	32.0285
1398185898.937	n	11.1012	3.61406	1.350	32.0285
1398185898.997	n	11.1012	3.61406	1.329	32.0285
1398185899.059	n	11.1012	3.61406	1.314	32.0285
1398185899.123	y	11.1012	3.61405	1.296	32.0285
1398185899.185	n	11.1012	3.61405	1.276	32.0283
1398185899.247	n	11.1013	3.61404	1.262	32.0283
1398185899.311	n	11.1013	3.61404	1.242	32.0282
1398185899.374	n	11.1014	3.61405	1.226	32.0283
1398185899.436	n	11.1015	3.61407	1.208	32.0284
1398185899.498	n	11.1016	3.61408	1.196	32.0284
1398185899.559	n	11.1018	3.61410	1.180	32.0284
1398185899.623	n	11.1019	3.61411	1.163	32.0284
1398185899.685	n	11.1020	3.61412	1.147	32.0284
1398185899.748	n	11.1021	3.61411	1.133	32.0283
1398185899.810	n	11.1021	3.61410	1.118	32.0282
1398185899.872	n	11.1021	3.61409	1.098	32.0281
1398185899.934	n	11.1020	3.61409	1.083	32.0281
1398185899.997	n	11.1019	3.61410	1.062	32.0283
1398185900.060	n	11.1018	3.61411	1.043	32.0286
1398185900.122	n	11.1016	3.61412	1.024	32.0288
1398185900.185	n	11.1015	3.61412	1.002	32.0290
1398185900.248	n	11.1015	3.61413	0.979	32.0290
1398185900.310	n	11.1016	3.61414	0.957	32.0291
1398185900.374	n	11.1017	3.61414	0.934	32.0290
1398185900.435	n	11.1019	3.61414	0.913	32.0289
1398185900.497	n	11.1020	3.61414	0.891	32.0288
1398185900.561	n	11.1022	3.61415	0.867	32.0287
1398185900.625	n	11.1019	3.61410	0.849	32.0284
1398185900.686	n	11.1010	3.61397	0.827	32.0280
1398185900.747	n	11.0995	3.61381	0.806	32.0277
1398185900.811	n	11.0979	3.61365	0.784	32.0276
1398185900.873	n	11.0967	3.61356	0.766	32.0278
1398185900.936	n	11.0962	3.61356	0.746	32.0281
1398185900.999	n	11.0963	3.61360	0.731	32.0284
1398185901.060	n	11.0966	3.61363	0.714	32.0285
1398185901.122	n	11.0968	3.61365	0.702	32.0286
1398185901.185	n	11.0969	3.61367	0.695	32.0286
1398185901.397	y	11.0969	3.61367	0.682	32.0286
1398185901.407	n	11.0968	3.61367	0.673	32.0287
1398185901.413	n	11.0966	3.61364	0.668	32.0286
1398185901.436	n	11.0965	3.61360	0.654	32.0284
1398185901.497	n	11.0965	3.61358	0.643	32.0282
1398185901.560	n	11.0967	3.61358	0.632	32.0280
1398185901.625	n	11.0971	3.61360	0.622	32.0279
1398185901.686	n	11.0975	3.61362	0.614	32.0277
1398185901.747	n	11.0979	3.61365	0.601	32.0276
1398185901.809	n	11.0983	3.61367	0.588	32.0275
1398185901.872	n	11.0987	3.61372	0.577	32.0276
1398185901.934	n	11.0990	3.61376	0.567	32.0277
1398185901.997	n	11.0992	3.61379	0.558	32.0279
1398185902.060	n	11.0988	3.61369	0.549	32.0272
1398185902.123	n	11.0969	3.37702	0.536	29.7094
1398185902.186	n	11.0914	2.85296	0.521	24.6633
1398185902.246	n	11.0815	2.16488	0.511	18.2257
1398185902.311	n	11.0663	1.51511	0.498	12.3626
1398185902.374	n	11.0456	1.05843	0.489	8.3914
1398185902.435	n	11.0220	0.91740	0.484	7.1978
1398185902.498	n	10.9996	0.88932	0.476	6.9653
1398185902.560	n	10.9811	0.85461	0.470	6.6767
