Source File: D:\Storage\Programs\OOI\Group 5\Correspondence\07_18_14 sample files\files\11124584.PPB
Processed: 07/18/2014 12:27:44
Using Version: 1.11
Device: CTD
Start Date: 04/22/2014
Timestamp (s)	Suspect Timestamp	Temperature	Conductivity	Pressure	Salinity
1398164393.683	y	10.7557	3.60636	17.030	32.2484
1398164393.746	n	10.7557	3.60636	17.016	32.2484
1398164393.808	n	10.7555	3.60635	17.007	32.2486
1398164393.871	n	10.7557	3.60636	17.030	32.2485
1398164393.932	n	10.7555	3.60635	17.016	32.2486
1398164393.994	n	10.7556	3.60635	16.982	32.2485
1398164394.057	n	10.7557	3.60635	16.977	32.2484
1398164394.122	n	10.7556	3.60636	17.007	32.2486
1398164394.188	n	10.7557	3.60636	16.999	32.2486
1398164394.246	n	10.7557	3.60636	16.991	32.2485
1398164394.310	n	10.7557	3.60635	16.982	32.2484
1398164394.373	n	10.7557	3.60634	16.977	32.2483
1398164394.435	n	10.7557	3.60634	16.973	32.2483
1398164394.496	n	10.7558	3.60634	16.966	32.2483
1398164394.559	n	10.7558	3.60635	16.958	32.2483
1398164394.622	n	10.7558	3.60635	16.951	32.2483
1398164394.685	n	10.7558	3.60635	16.949	32.2484
1398164394.747	n	10.7557	3.60635	16.943	32.2484
1398164394.809	n	10.7557	3.60635	16.937	32.2485
1398164394.872	n	10.7557	3.60635	16.928	32.2484
1398164394.933	n	10.7557	3.60633	16.920	32.2483
1398164394.996	n	10.7557	3.60633	16.917	32.2482
1398164395.061	n	10.7557	3.60632	16.911	32.2481
1398164395.121	n	10.7557	3.60632	16.903	32.2482
1398164395.184	n	10.7557	3.60633	16.898	32.2483
1398164395.821	n	10.7557	3.60634	16.898	32.2483
1398164395.832	n	10.7557	3.60635	16.894	32.2484
1398164395.838	n	10.7557	3.60635	16.895	32.2484
1398164395.844	n	10.7557	3.60633	16.888	32.2483
1398164395.849	n	10.7557	3.60633	16.886	32.2482
1398164395.867	n	10.7557	3.60633	16.882	32.2482
1398164395.873	n	10.7557	3.60633	16.875	32.2482
1398164395.878	n	10.7557	3.60635	16.872	32.2484
1398164395.885	n	10.7557	3.60635	16.874	32.2484
1398164395.892	n	10.7557	3.60634	16.874	32.2484
1398164395.898	n	10.7557	3.60633	16.873	32.2483
1398164395.935	n	10.7557	3.60633	16.867	32.2483
1398164395.997	n	10.7557	3.60633	16.866	32.2482
1398164396.060	n	10.7557	3.60633	16.867	32.2482
1398164396.122	n	10.7558	3.60633	16.862	32.2482
1398164396.186	n	10.7558	3.60633	16.864	32.2482
1398164396.246	n	10.7558	3.60633	16.865	32.2481
1398164396.309	n	10.7558	3.60633	16.862	32.2481
1398164396.371	n	10.7558	3.60632	16.864	32.2480
1398164396.436	n	10.7558	3.60631	16.861	32.2480
1398164396.497	n	10.7558	3.60631	16.856	32.2480
1398164396.559	n	10.7557	3.60632	16.860	32.2481
1398164396.622	n	10.7557	3.60632	16.865	32.2481
1398164396.684	n	10.7557	3.60631	16.865	32.2481
1398164396.748	n	10.7557	3.60631	16.867	32.2480
1398164396.810	n	10.7558	3.60630	16.870	32.2479
1398164396.873	n	10.7558	3.60630	16.871	32.2479
1398164396.935	n	10.7559	3.60630	16.870	32.2478
1398164396.996	n	10.7559	3.60630	16.873	32.2478
1398164397.058	n	10.7559	3.60630	16.880	32.2478
1398164397.121	n	10.7558	3.60630	16.880	32.2479
1398164397.186	n	10.7558	3.60631	16.884	32.2480
1398164397.247	n	10.7558	3.60632	16.887	32.2480
1398164397.309	n	10.7558	3.60633	16.890	32.2481
1398164397.372	n	10.7559	3.60633	16.891	32.2481
1398164397.436	n	10.7559	3.60633	16.892	32.2481
1398164397.498	n	10.7558	3.60632	16.897	32.2481
1398164397.560	n	10.7558	3.60632	16.899	32.2480
1398164397.622	n	10.7558	3.60631	16.904	32.2480
1398164397.685	n	10.7558	3.60630	16.908	32.2479
1398164397.747	n	10.7558	3.60630	16.913	32.2479
1398164397.811	n	10.7558	3.60630	16.920	32.2479
1398164397.872	n	10.7557	3.60630	16.922	32.2479
1398164397.936	n	10.7557	3.60630	16.924	32.2479
1398164397.997	n	10.7557	3.60629	16.929	32.2478
1398164398.060	n	10.7558	3.60630	16.936	32.2478
1398164398.122	n	10.7558	3.60630	16.941	32.2478
1398164398.184	n	10.7558	3.60631	16.945	32.2478
1398164398.248	n	10.7559	3.60631	16.952	32.2478
1398164398.309	n	10.7559	3.60630	16.954	32.2478
1398164398.372	n	10.7558	3.60630	16.961	32.2478
1398164398.436	n	10.7558	3.60630	16.966	32.2478
1398164398.497	n	10.7558	3.60630	16.970	32.2478
1398164398.560	n	10.7557	3.60631	16.973	32.2479
1398164398.623	n	10.7557	3.60631	16.982	32.2480
1398164398.683	n	10.7557	3.60631	16.986	32.2480
1398164398.746	n	10.7557	3.60631	16.995	32.2480
1398164398.811	n	10.7557	3.60631	17.002	32.2480
1398164398.873	n	10.7556	3.60630	17.007	32.2480
1398164398.934	n	10.7556	3.60630	17.013	32.2480
1398164398.996	n	10.7557	3.60630	17.021	32.2479
1398164399.058	n	10.7558	3.60630	17.025	32.2478
1398164399.123	n	10.7559	3.60630	17.033	32.2478
1398164399.188	n	10.7558	3.60630	17.044	32.2478
1398164399.496	y	10.7558	3.60630	17.043	32.2478
1398164399.505	n	10.7557	3.60630	17.052	32.2479
1398164399.511	n	10.7557	3.60631	17.059	32.2480
1398164399.517	n	10.7556	3.60631	17.066	32.2481
1398164399.522	n	10.7556	3.60632	17.075	32.2481
1398164399.558	n	10.7556	3.60631	17.082	32.2481
1398164399.623	n	10.7556	3.60631	17.086	32.2480
1398164399.684	n	10.7556	3.60630	17.093	32.2480
1398164399.747	n	10.7556	3.60630	17.101	32.2480
1398164399.809	n	10.7556	3.60630	17.109	32.2480
1398164399.871	n	10.7556	3.60630	17.112	32.2480
1398164399.935	n	10.7555	3.60630	17.117	32.2480
1398164399.999	n	10.7555	3.60630	17.120	32.2481
1398164400.059	n	10.7555	3.60630	17.128	32.2481
1398164400.122	n	10.7555	3.60630	17.132	32.2481
1398164400.185	n	10.7555	3.60630	17.141	32.2480
1398164400.248	n	10.7555	3.60630	17.149	32.2480
1398164400.310	n	10.7556	3.60630	17.153	32.2480
1398164400.372	n	10.7556	3.60630	17.157	32.2480
1398164400.434	n	10.7555	3.60630	17.162	32.2480
1398164400.497	n	10.7555	3.60630	17.169	32.2480
1398164400.559	n	10.7555	3.60630	17.172	32.2480
1398164400.622	n	10.7555	3.60630	17.177	32.2480
1398164400.685	n	10.7555	3.60629	17.186	32.2478
1398164400.748	n	10.7555	3.60628	17.193	32.2478
1398164400.810	n	10.7555	3.60628	17.200	32.2478
1398164400.872	n	10.7555	3.60628	17.202	32.2478
1398164400.934	n	10.7555	3.60628	17.209	32.2478
1398164400.998	n	10.7555	3.60629	17.213	32.2479
1398164401.060	n	10.7556	3.60629	17.218	32.2479
1398164401.123	n	10.7556	3.60630	17.223	32.2479
1398164401.188	n	10.7556	3.60630	17.229	32.2479
1398164401.249	n	10.7556	3.60630	17.232	32.2479
1398164401.308	n	10.7556	3.60630	17.235	32.2480
1398164401.373	n	10.7555	3.60630	17.241	32.2480
1398164401.434	n	10.7555	3.60630	17.247	32.2480
1398164401.498	n	10.7555	3.60630	17.251	32.2480
1398164401.560	n	10.7555	3.60629	17.254	32.2478
1398164401.622	n	10.7555	3.60628	17.258	32.2478
1398164401.683	n	10.7554	3.60628	17.262	32.2478
1398164401.748	n	10.7554	3.60629	17.264	32.2479
1398164401.810	n	10.7554	3.60630	17.266	32.2480
1398164401.872	n	10.7554	3.60630	17.269	32.2481
1398164401.933	n	10.7554	3.60630	17.275	32.2480
1398164401.997	n	10.7554	3.60630	17.283	32.2480
1398164402.059	n	10.7554	3.60631	17.276	32.2481
1398164402.121	n	10.7554	3.60632	17.283	32.2482
1398164402.185	n	10.7555	3.60632	17.283	32.2482
1398164402.251	n	10.7554	3.60632	17.286	32.2482
1398164402.309	n	10.7554	3.60631	17.288	32.2482
1398164402.372	n	10.7553	3.60630	17.288	32.2481
1398164402.436	n	10.7552	3.60629	17.289	32.2481
1398164402.496	n	10.7552	3.60629	17.289	32.2481
1398164402.559	n	10.7552	3.60628	17.290	32.2480
1398164402.623	n	10.7552	3.60628	17.291	32.2479
1398164402.685	n	10.7553	3.60627	17.293	32.2478
1398164402.747	n	10.7553	3.60627	17.289	32.2478
1398164402.810	n	10.7553	3.60628	17.289	32.2479
1398164402.874	n	10.7553	3.60629	17.288	32.2480
1398164402.934	n	10.7553	3.60630	17.287	32.2482
1398164403.002	y	10.7552	3.60630	17.288	32.2482
1398164403.059	n	10.7551	3.60630	17.287	32.2483
1398164403.122	n	10.7551	3.60630	17.285	32.2483
1398164403.184	n	10.7551	3.60630	17.287	32.2483
1398164403.248	n	10.7551	3.60630	17.283	32.2483
1398164403.309	n	10.7551	3.60631	17.277	32.2484
1398164403.372	n	10.7550	3.60632	17.272	32.2485
1398164403.434	n	10.7550	3.60632	17.273	32.2486
1398164403.657	y	10.7550	3.60632	17.271	32.2486
1398164403.666	y	10.7550	3.60631	17.267	32.2485
1398164403.672	n	10.7550	3.60630	17.263	32.2484
1398164403.686	n	10.7550	3.60628	17.257	32.2483
1398164403.748	n	10.7549	3.60628	17.254	32.2483
1398164403.808	n	10.7549	3.60627	17.246	32.2482
1398164403.871	n	10.7549	3.60627	17.240	32.2482
1398164403.934	n	10.7549	3.60627	17.234	32.2482
1398164403.997	n	10.7549	3.60628	17.227	32.2483
1398164404.059	n	10.7549	3.60628	17.223	32.2483
1398164404.124	n	10.7549	3.60628	17.215	32.2483
1398164404.184	n	10.7549	3.60629	17.207	32.2484
1398164404.247	n	10.7549	3.60629	17.201	32.2485
1398164404.309	n	10.7548	3.60630	17.189	32.2485
1398164404.373	n	10.7549	3.60630	17.181	32.2485
1398164404.453	n	10.7549	3.60629	17.170	32.2485
1398164404.497	n	10.7549	3.60628	17.159	32.2484
1398164404.560	n	10.7549	3.60627	17.151	32.2483
1398164404.624	n	10.7549	3.60627	17.142	32.2483
1398164404.684	n	10.7548	3.60627	17.133	32.2483
1398164404.747	n	10.7548	3.60627	17.121	32.2483
1398164404.809	n	10.7548	3.60626	17.111	32.2483
1398164404.872	n	10.7548	3.60626	17.098	32.2482
1398164404.937	n	10.7548	3.60626	17.088	32.2482
1398164404.997	n	10.7549	3.60627	17.075	32.2483
1398164405.059	n	10.7549	3.60628	17.061	32.2484
1398164405.122	n	10.7549	3.60628	17.052	32.2484
1398164405.185	n	10.7549	3.60627	17.039	32.2483
1398164405.246	n	10.7549	3.60626	17.027	32.2482
1398164405.308	n	10.7549	3.60626	17.013	32.2482
1398164405.372	n	10.7550	3.60626	16.999	32.2482
1398164405.434	n	10.7550	3.60627	16.988	32.2482
1398164405.497	n	10.7550	3.60626	16.975	32.2482
1398164405.559	n	10.7550	3.60626	16.961	32.2481
1398164405.623	n	10.7550	3.60626	16.946	32.2481
1398164405.686	n	10.7550	3.60626	16.936	32.2481
1398164405.746	n	10.7550	3.60626	16.924	32.2481
1398164405.808	n	10.7550	3.60626	16.913	32.2482
1398164405.872	n	10.7550	3.60626	16.898	32.2481
1398164405.935	n	10.7550	3.60626	16.884	32.2481
1398164405.997	n	10.7550	3.60625	16.869	32.2481
1398164406.058	n	10.7549	3.60625	16.855	32.2481
1398164406.122	n	10.7549	3.60624	16.842	32.2481
1398164406.277	n	10.7549	3.60624	16.827	32.2481
1398164406.286	n	10.7550	3.60624	16.814	32.2480
1398164406.308	n	10.7551	3.60624	16.802	32.2480
1398164406.372	n	10.7551	3.60624	16.788	32.2479
1398164406.435	n	10.7551	3.60624	16.771	32.2479
1398164406.498	n	10.7551	3.60624	16.755	32.2479
1398164406.586	y	10.7552	3.60624	16.740	32.2479
1398164406.622	n	10.7552	3.60623	16.725	32.2478
1398164406.683	n	10.7551	3.60622	16.709	32.2478
1398164406.746	n	10.7551	3.60621	16.692	32.2477
1398164406.808	n	10.7550	3.60621	16.680	32.2477
1398164406.871	n	10.7551	3.60621	16.665	32.2477
1398164406.934	n	10.7551	3.60622	16.650	32.2478
1398164406.996	n	10.7551	3.60622	16.636	32.2478
1398164407.059	n	10.7551	3.60622	16.618	32.2477
1398164407.123	n	10.7551	3.60622	16.604	32.2478
1398164407.185	n	10.7551	3.60622	16.588	32.2478
1398164407.247	n	10.7552	3.60622	16.575	32.2478
1398164407.309	n	10.7552	3.60622	16.559	32.2477
1398164407.371	n	10.7552	3.60621	16.547	32.2477
1398164407.435	n	10.7552	3.60621	16.527	32.2476
1398164407.496	n	10.7552	3.60620	16.515	32.2476
1398164407.559	n	10.7552	3.60619	16.501	32.2475
1398164407.623	n	10.7552	3.60619	16.490	32.2475
1398164407.686	n	10.7553	3.60620	16.468	32.2475
1398164407.852	y	10.7553	3.60619	16.458	32.2474
1398164407.857	n	10.7553	3.60619	16.443	32.2474
1398164407.871	n	10.7553	3.60619	16.431	32.2474
1398164407.935	n	10.7552	3.60619	16.411	32.2475
1398164407.997	n	10.7552	3.60620	16.398	32.2476
1398164408.059	n	10.7552	3.60620	16.389	32.2476
1398164408.121	n	10.7551	3.60619	16.372	32.2476
1398164408.185	n	10.7551	3.60619	16.359	32.2476
1398164408.246	n	10.7550	3.60620	16.346	32.2478
1398164408.310	n	10.7550	3.60621	16.334	32.2479
1398164408.372	n	10.7551	3.60622	16.319	32.2480
1398164408.435	n	10.7551	3.60623	16.307	32.2480
1398164408.497	n	10.7551	3.60623	16.290	32.2480
1398164408.559	n	10.7550	3.60622	16.277	32.2480
1398164408.623	n	10.7550	3.60621	16.267	32.2479
1398164408.685	n	10.7549	3.60620	16.251	32.2479
1398164408.747	n	10.7549	3.60619	16.237	32.2478
1398164408.809	n	10.7549	3.60619	16.223	32.2479
1398164408.871	n	10.7549	3.60620	16.209	32.2479
1398164408.935	n	10.7549	3.60620	16.195	32.2480
1398164408.996	n	10.7549	3.60619	16.185	32.2479
1398164409.059	n	10.7549	3.60619	16.171	32.2479
1398164409.123	n	10.7549	3.60619	16.158	32.2479
1398164409.186	n	10.7548	3.60619	16.146	32.2479
1398164409.247	n	10.7548	3.60619	16.133	32.2480
1398164409.309	n	10.7547	3.60619	16.120	32.2480
1398164409.371	n	10.7547	3.60618	16.109	32.2480
1398164409.434	n	10.7546	3.60618	16.093	32.2480
1398164409.496	n	10.7545	3.60617	16.079	32.2480
1398164409.558	n	10.7544	3.60617	16.069	32.2481
1398164409.622	n	10.7543	3.60618	16.058	32.2483
1398164409.684	n	10.7542	3.60618	16.046	32.2484
1398164409.746	n	10.7542	3.60618	16.030	32.2484
1398164409.810	n	10.7542	3.60617	16.018	32.2484
1398164409.872	n	10.7542	3.60616	16.002	32.2483
1398164409.934	n	10.7541	3.60616	15.993	32.2483
1398164409.998	n	10.7540	3.60616	15.983	32.2484
1398164410.060	n	10.7539	3.60617	15.972	32.2485
1398164410.123	n	10.7538	3.60617	15.959	32.2487
1398164410.183	n	10.7538	3.60617	15.949	32.2488
1398164410.306	y	10.7537	3.60618	15.935	32.2489
1398164410.312	n	10.7536	3.60618	15.926	32.2490
1398164410.372	n	10.7535	3.60618	15.912	32.2491
1398164410.435	n	10.7533	3.60617	15.899	32.2492
1398164410.497	n	10.7532	3.60616	15.887	32.2492
1398164410.559	n	10.7531	3.60615	15.879	32.2491
1398164410.621	n	10.7531	3.60614	15.869	32.2491
1398164410.685	n	10.7530	3.60614	15.855	32.2492
1398164410.746	n	10.7529	3.60615	15.843	32.2494
1398164410.809	n	10.7527	3.60616	15.832	32.2496
1398164410.872	n	10.7525	3.60616	15.821	32.2498
1398164410.933	n	10.7524	3.60616	15.809	32.2500
1398164410.997	n	10.7522	3.60616	15.800	32.2501
1398164411.060	n	10.7520	3.60615	15.786	32.2502
1398164411.121	n	10.7519	3.60614	15.773	32.2502
1398164411.185	n	10.7517	3.60614	15.765	32.2503
1398164411.247	n	10.7516	3.60614	15.754	32.2504
1398164411.308	n	10.7514	3.60614	15.742	32.2506
1398164411.371	n	10.7512	3.60614	15.733	32.2508
1398164411.435	n	10.7511	3.60615	15.717	32.2510
1398164411.497	n	10.7509	3.60614	15.705	32.2511
1398164411.560	n	10.7507	3.60613	15.696	32.2511
1398164411.621	n	10.7505	3.60612	15.684	32.2513
1398164411.683	n	10.7503	3.60612	15.677	32.2514
1398164411.746	n	10.7501	3.60612	15.661	32.2517
1398164411.809	n	10.7498	3.60613	15.651	32.2520
1398164411.871	n	10.7496	3.60614	15.641	32.2522
1398164411.934	n	10.7493	3.60613	15.627	32.2524
1398164412.121	y	10.7491	3.60612	15.619	32.2525
1398164412.128	n	10.7489	3.60611	15.606	32.2527
1398164412.133	n	10.7487	3.60612	15.595	32.2529
1398164412.183	n	10.7485	3.60611	15.579	32.2530
1398164412.246	n	10.7482	3.60611	15.569	32.2531
1398164412.309	n	10.7480	3.60610	15.558	32.2533
1398164412.372	n	10.7478	3.60610	15.546	32.2535
1398164412.435	n	10.7476	3.60610	15.533	32.2537
1398164412.497	n	10.7473	3.60610	15.521	32.2539
1398164412.559	n	10.7471	3.60610	15.506	32.2541
1398164412.621	n	10.7468	3.60609	15.493	32.2542
1398164412.684	n	10.7466	3.60609	15.479	32.2544
1398164412.746	n	10.7465	3.60609	15.462	32.2546
1398164412.808	n	10.7463	3.60609	15.451	32.2548
1398164412.872	n	10.7460	3.60609	15.440	32.2550
1398164412.936	n	10.7457	3.60609	15.425	32.2552
1398164412.996	n	10.7455	3.60609	15.412	32.2555
1398164413.059	n	10.7452	3.60609	15.398	32.2557
1398164413.122	n	10.7450	3.60609	15.382	32.2559
1398164413.183	n	10.7447	3.60608	15.369	32.2561
1398164413.248	n	10.7446	3.60607	15.355	32.2562
1398164413.309	n	10.7444	3.60607	15.337	32.2563
1398164413.373	n	10.7442	3.60606	15.325	32.2564
1398164413.434	n	10.7439	3.60606	15.310	32.2566
1398164413.497	n	10.7437	3.60607	15.291	32.2569
1398164413.559	n	10.7435	3.60608	15.276	32.2572
1398164413.622	n	10.7432	3.60608	15.263	32.2574
1398164413.683	n	10.7430	3.60607	15.245	32.2576
1398164413.747	n	10.7428	3.60607	15.229	32.2577
1398164413.809	n	10.7426	3.60606	15.214	32.2579
1398164413.873	n	10.7424	3.60606	15.198	32.2581
1398164413.936	n	10.7422	3.60606	15.179	32.2582
1398164413.997	y	10.7420	3.60606	15.162	32.2584
1398164414.060	n	10.7418	3.60605	15.139	32.2585
1398164414.123	n	10.7416	3.60606	15.121	32.2587
1398164414.184	n	10.7414	3.60605	15.105	32.2589
1398164414.248	n	10.7412	3.60605	15.086	32.2590
1398164414.309	n	10.7409	3.60605	15.068	32.2592
1398164414.373	n	10.7407	3.60605	15.053	32.2594
1398164414.433	n	10.7405	3.60604	15.034	32.2596
1398164414.497	n	10.7403	3.60604	15.010	32.2598
1398164414.560	n	10.7401	3.60603	14.991	32.2598
1398164414.623	n	10.7400	3.60602	14.977	32.2599
1398164414.685	n	10.7398	3.60602	14.957	32.2600
1398164414.747	n	10.7396	3.60603	14.937	32.2603
1398164414.810	n	10.7394	3.60604	14.918	32.2605
1398164414.872	n	10.7392	3.60603	14.896	32.2607
1398164414.936	n	10.7390	3.60602	14.881	32.2608
1398164414.998	n	10.7388	3.60601	14.856	32.2608
1398164415.060	n	10.7386	3.60600	14.838	32.2609
1398164415.122	n	10.7385	3.60601	14.818	32.2611
1398164415.183	n	10.7383	3.60601	14.799	32.2613
1398164415.246	n	10.7382	3.60601	14.778	32.2614
1398164415.309	n	10.7381	3.60602	14.755	32.2616
1398164415.373	n	10.7380	3.60601	14.732	32.2616
1398164415.434	n	10.7379	3.60600	14.712	32.2617
1398164415.497	n	10.7377	3.60600	14.691	32.2617
1398164415.559	n	10.7376	3.60600	14.671	32.2618
1398164415.622	n	10.7375	3.60600	14.647	32.2619
1398164415.685	n	10.7374	3.60600	14.629	32.2620
1398164415.746	n	10.7373	3.60600	14.607	32.2621
1398164415.810	n	10.7372	3.60600	14.582	32.2623
1398164415.873	n	10.7370	3.60599	14.559	32.2623
1398164415.934	n	10.7369	3.60599	14.536	32.2624
1398164415.996	n	10.7368	3.60599	14.515	32.2625
1398164416.059	n	10.7367	3.60599	14.496	32.2626
1398164416.122	n	10.7367	3.60599	14.469	32.2626
1398164416.184	n	10.7366	3.60599	14.447	32.2627
1398164416.292	y	10.7365	3.60598	14.423	32.2627
1398164416.472	y	10.7364	3.60598	14.408	32.2628
1398164416.480	n	10.7362	3.60598	14.383	32.2630
1398164416.485	n	10.7361	3.60598	14.358	32.2631
1398164416.497	n	10.7360	3.60597	14.331	32.2631
1398164416.559	n	10.7360	3.60597	14.310	32.2631
1398164416.623	n	10.7359	3.60596	14.291	32.2631
1398164416.684	n	10.7358	3.60595	14.265	32.2631
1398164416.746	n	10.7357	3.60595	14.241	32.2632
1398164416.810	n	10.7356	3.60594	14.219	32.2632
1398164416.871	n	10.7356	3.60594	14.195	32.2632
1398164416.934	n	10.7355	3.60593	14.170	32.2632
1398164416.997	n	10.7355	3.60593	14.148	32.2632
1398164417.059	n	10.7354	3.60593	14.127	32.2633
1398164417.122	n	10.7354	3.60593	14.102	32.2634
1398164417.184	n	10.7354	3.60593	14.079	32.2634
1398164417.246	n	10.7353	3.60594	14.056	32.2635
1398164417.309	n	10.7353	3.60594	14.029	32.2635
1398164417.371	n	10.7353	3.60595	14.007	32.2636
1398164417.436	n	10.7353	3.60595	13.980	32.2637
1398164417.497	n	10.7353	3.60595	13.957	32.2637
1398164417.597	y	10.7353	3.60594	13.939	32.2637
1398164417.621	n	10.7353	3.60593	13.913	32.2636
1398164417.685	n	10.7353	3.60593	13.891	32.2636
1398164417.748	n	10.7353	3.60593	13.868	32.2635
1398164417.810	n	10.7353	3.60593	13.848	32.2635
1398164417.873	n	10.7354	3.60592	13.822	32.2634
1398164417.936	n	10.7355	3.60592	13.796	32.2634
1398164417.997	n	10.7355	3.60591	13.771	32.2632
1398164418.059	n	10.7356	3.60591	13.749	32.2631
1398164418.122	n	10.7356	3.60590	13.727	32.2630
1398164418.187	n	10.7357	3.60589	13.703	32.2628
1398164418.246	n	10.7357	3.60589	13.681	32.2628
1398164418.310	n	10.7358	3.60589	13.660	32.2628
1398164418.371	n	10.7359	3.60589	13.637	32.2627
1398164418.435	n	10.7360	3.60589	13.612	32.2627
1398164418.497	n	10.7361	3.60590	13.589	32.2627
1398164418.559	n	10.7363	3.60590	13.566	32.2625
1398164418.623	n	10.7365	3.60590	13.546	32.2624
1398164418.686	n	10.7367	3.60589	13.523	32.2621
1398164418.748	n	10.7368	3.60588	13.500	32.2619
1398164418.810	n	10.7370	3.60588	13.477	32.2616
1398164418.873	n	10.7373	3.60587	13.456	32.2614
1398164418.934	n	10.7375	3.60587	13.432	32.2612
1398164418.996	n	10.7378	3.60588	13.411	32.2610
1398164419.060	n	10.7381	3.60589	13.391	32.2608
1398164419.123	n	10.7384	3.60589	13.365	32.2606
1398164419.184	n	10.7388	3.60589	13.342	32.2603
1398164419.246	n	10.7391	3.60588	13.325	32.2599
1398164419.309	n	10.7395	3.60588	13.298	32.2596
1398164419.372	n	10.7399	3.60588	13.281	32.2592
1398164419.435	n	10.7404	3.60587	13.258	32.2587
1398164419.497	n	10.7408	3.60587	13.237	32.2584
1398164419.559	n	10.7411	3.60587	13.220	32.2580
1398164419.623	n	10.7415	3.60587	13.197	32.2577
1398164419.684	n	10.7419	3.60588	13.174	32.2575
1398164419.746	n	10.7424	3.60588	13.153	32.2571
1398164419.808	n	10.7430	3.60588	13.134	32.2566
1398164419.872	n	10.7436	3.60589	13.112	32.2561
1398164419.935	n	10.7442	3.60590	13.093	32.2557
1398164419.999	n	10.7448	3.60590	13.070	32.2551
1398164420.060	n	10.7454	3.60589	13.052	32.2546
1398164420.122	n	10.7460	3.60589	13.032	32.2541
1398164420.185	n	10.7466	3.60589	13.014	32.2535
1398164420.246	n	10.7472	3.60589	12.991	32.2530
1398164420.308	n	10.7479	3.60589	12.974	32.2525
1398164420.371	n	10.7484	3.60588	12.956	32.2519
1398164420.435	n	10.7490	3.60587	12.938	32.2512
1398164420.666	y	10.7496	3.60587	12.915	32.2507
1398164420.674	n	10.7503	3.60587	12.898	32.2501
1398164420.681	n	10.7509	3.60587	12.881	32.2496
1398164420.692	n	10.7516	3.60588	12.862	32.2491
1398164420.747	n	10.7522	3.60588	12.847	32.2486
1398164420.809	n	10.7527	3.60588	12.828	32.2481
1398164420.871	n	10.7533	3.60588	12.811	32.2477
1398164420.934	n	10.7539	3.60589	12.791	32.2472
1398164420.997	n	10.7545	3.60589	12.769	32.2467
1398164421.059	n	10.7551	3.60589	12.753	32.2461
1398164421.122	n	10.7557	3.60589	12.733	32.2456
1398164421.187	n	10.7563	3.60589	12.719	32.2451
1398164421.267	y	10.7569	3.60589	12.699	32.2446
1398164421.309	n	10.7574	3.60590	12.680	32.2442
1398164421.371	n	10.7580	3.60589	12.661	32.2436
1398164421.435	n	10.7586	3.60588	12.643	32.2430
1398164421.497	n	10.7592	3.60587	12.630	32.2424
1398164421.560	n	10.7599	3.60587	12.610	32.2417
1398164421.623	n	10.7606	3.60588	12.596	32.2412
1398164421.690	n	10.7613	3.60589	12.577	32.2408
1398164421.747	n	10.7619	3.60590	12.559	32.2403
1398164421.810	n	10.7624	3.60590	12.542	32.2398
1398164421.871	n	10.7630	3.60589	12.526	32.2393
1398164421.935	n	10.7636	3.60588	12.508	32.2386
1398164421.996	n	10.7643	3.60588	12.489	32.2381
1398164422.059	n	10.7649	3.60588	12.470	32.2375
1398164422.121	n	10.7656	3.60588	12.452	32.2369
1398164422.190	n	10.7663	3.60589	12.438	32.2364
1398164422.247	n	10.7669	3.60589	12.422	32.2359
1398164422.310	n	10.7676	3.60589	12.405	32.2353
1398164422.371	n	10.7682	3.60589	12.389	32.2347
1398164422.435	n	10.7689	3.60589	12.372	32.2341
1398164422.497	n	10.7695	3.60588	12.353	32.2335
1398164422.559	n	10.7702	3.60588	12.334	32.2329
1398164422.623	n	10.7708	3.60588	12.318	32.2324
1398164422.690	n	10.7715	3.60587	12.299	32.2317
1398164422.747	n	10.7722	3.60586	12.287	32.2311
1398164422.809	n	10.7728	3.60586	12.268	32.2304
1398164422.874	n	10.7736	3.60585	12.252	32.2297
1398164422.934	n	10.7743	3.60586	12.234	32.2291
1398164422.997	n	10.7750	3.60587	12.216	32.2287
1398164423.058	n	10.7756	3.60588	12.199	32.2282
1398164423.122	n	10.7763	3.60588	12.180	32.2276
1398164423.187	n	10.7770	3.60588	12.163	32.2269
1398164423.248	n	10.7777	3.60587	12.146	32.2263
1398164423.310	n	10.7784	3.60587	12.131	32.2257
1398164423.371	n	10.7791	3.60588	12.115	32.2252
1398164423.436	n	10.7797	3.60588	12.094	32.2246
1398164423.497	n	10.7804	3.60588	12.076	32.2241
1398164423.560	n	10.7810	3.60587	12.059	32.2234
1398164423.623	n	10.7817	3.60586	12.042	32.2227
1398164423.687	n	10.7823	3.60586	12.026	32.2222
1398164423.747	n	10.7831	3.60586	12.005	32.2216
1398164423.809	n	10.7839	3.60587	11.990	32.2209
1398164423.873	n	10.7848	3.60588	11.971	32.2202
1398164423.934	n	10.7859	3.60587	11.955	32.2192
1398164423.996	n	10.7871	3.60586	11.938	32.2181
1398164424.058	n	10.7884	3.60586	11.921	32.2169
1398164424.123	n	10.7899	3.60586	11.905	32.2155
1398164424.184	n	10.7914	3.60586	11.885	32.2142
1398164424.247	n	10.7932	3.60586	11.870	32.2127
1398164424.309	n	10.7950	3.60586	11.851	32.2111
1398164424.373	n	10.7969	3.60587	11.835	32.2094
1398164424.436	n	10.7989	3.60588	11.820	32.2078
1398164424.496	n	10.8009	3.60589	11.805	32.2062
1398164424.560	n	10.8028	3.60589	11.786	32.2046
1398164424.621	n	10.8046	3.60589	11.770	32.2030
1398164424.687	n	10.8065	3.60590	11.753	32.2014
1398164424.872	y	10.8083	3.60590	11.733	32.1999
1398164424.878	n	10.8100	3.60590	11.719	32.1983
1398164424.883	n	10.8118	3.60590	11.705	32.1968
1398164424.964	y	10.8135	3.60590	11.686	32.1953
1398164424.996	n	10.8151	3.60590	11.671	32.1939
1398164425.060	n	10.8167	3.60590	11.655	32.1924
1398164425.123	n	10.8182	3.60590	11.641	32.1911
1398164425.187	n	10.8197	3.60590	11.626	32.1898
1398164425.247	n	10.8212	3.60589	11.607	32.1885
1398164425.309	n	10.8226	3.60590	11.592	32.1873
1398164425.372	n	10.8239	3.60590	11.576	32.1862
1398164425.435	n	10.8253	3.60590	11.563	32.1850
1398164425.497	n	10.8266	3.60590	11.545	32.1839
1398164425.558	n	10.8278	3.60590	11.530	32.1828
1398164425.622	n	10.8291	3.60590	11.514	32.1817
1398164425.684	n	10.8303	3.60590	11.500	32.1806
1398164425.746	n	10.8314	3.60589	11.486	32.1795
1398164425.808	n	10.8326	3.60590	11.473	32.1786
1398164425.873	n	10.8337	3.60591	11.457	32.1777
1398164425.935	n	10.8348	3.60591	11.444	32.1768
1398164425.998	n	10.8358	3.60591	11.429	32.1758
1398164426.059	n	10.8369	3.60592	11.409	32.1750
1398164426.122	n	10.8380	3.60591	11.396	32.1740
1398164426.184	n	10.8391	3.60591	11.384	32.1730
1398164426.247	n	10.8402	3.60590	11.370	32.1719
1398164426.309	n	10.8413	3.60590	11.358	32.1710
1398164426.371	n	10.8424	3.60590	11.345	32.1700
1398164426.436	n	10.8434	3.60590	11.330	32.1691
1398164426.496	n	10.8444	3.60589	11.314	32.1682
1398164426.558	n	10.8454	3.60588	11.302	32.1673
1398164426.622	n	10.8463	3.60588	11.286	32.1663
1398164426.687	n	10.8472	3.60588	11.275	32.1655
1398164426.747	n	10.8482	3.60588	11.262	32.1648
1398164426.810	n	10.8491	3.60589	11.246	32.1640
1398164426.872	n	10.8500	3.60590	11.232	32.1633
1398164426.935	n	10.8509	3.60590	11.219	32.1626
1398164426.996	n	10.8518	3.60590	11.206	32.1618
1398164427.060	n	10.8526	3.60589	11.192	32.1610
1398164427.121	n	10.8534	3.60588	11.178	32.1602
1398164427.187	n	10.8543	3.60587	11.164	32.1594
1398164427.247	n	10.8551	3.60587	11.153	32.1586
1398164427.309	n	10.8559	3.60586	11.137	32.1579
1398164427.373	n	10.8567	3.60586	11.124	32.1571
1398164427.435	n	10.8575	3.60586	11.106	32.1564
1398164427.496	n	10.8582	3.60586	11.093	32.1558
1398164427.559	n	10.8590	3.60587	11.079	32.1552
1398164427.623	n	10.8598	3.60588	11.066	32.1546
1398164427.685	n	10.8605	3.60588	11.058	32.1540
1398164427.747	n	10.8613	3.60588	11.043	32.1534
1398164427.809	n	10.8620	3.60587	11.028	32.1527
1398164427.874	n	10.8627	3.60586	11.014	32.1520
1398164427.935	n	10.8634	3.60586	10.999	32.1513
1398164427.996	n	10.8641	3.60585	10.986	32.1506
1398164428.058	n	10.8649	3.60585	10.973	32.1499
1398164428.121	n	10.8657	3.60584	10.962	32.1491
1398164428.187	n	10.8665	3.60584	10.949	32.1484
1398164428.246	n	10.8673	3.60584	10.934	32.1478
1398164428.309	n	10.8680	3.60584	10.917	32.1471
1398164428.373	n	10.8687	3.60584	10.903	32.1465
1398164428.434	n	10.8695	3.60584	10.889	32.1459
1398164428.512	y	10.8702	3.60584	10.875	32.1452
1398164428.559	n	10.8710	3.60584	10.859	32.1445
1398164428.621	n	10.8718	3.60583	10.840	32.1438
1398164428.691	n	10.8726	3.60582	10.826	32.1430
1398164428.747	n	10.8733	3.60582	10.813	32.1423
1398164428.810	n	10.8740	3.60582	10.797	32.1417
1398164428.871	n	10.8747	3.60582	10.779	32.1412
1398164428.935	n	10.8753	3.60583	10.762	32.1407
1398164429.159	y	10.8759	3.60584	10.744	32.1402
1398164429.167	n	10.8766	3.60583	10.730	32.1396
1398164429.176	n	10.8773	3.60582	10.713	32.1388
1398164429.184	n	10.8780	3.60580	10.697	32.1381
1398164429.247	n	10.8787	3.60580	10.677	32.1375
1398164429.309	n	10.8793	3.60581	10.659	32.1370
1398164429.373	n	10.8800	3.60581	10.643	32.1365
1398164429.434	n	10.8806	3.60582	10.622	32.1359
1398164429.498	n	10.8813	3.60581	10.605	32.1353
1398164429.560	n	10.8820	3.60580	10.589	32.1346
1398164429.623	n	10.8827	3.60579	10.573	32.1339
1398164429.685	n	10.8835	3.60579	10.553	32.1332
1398164429.747	n	10.8843	3.60579	10.534	32.1325
1398164429.809	n	10.8852	3.60580	10.517	32.1318
1398164429.873	n	10.8861	3.60581	10.498	32.1312
1398164429.934	n	10.8869	3.60581	10.476	32.1305
1398164429.996	n	10.8877	3.60581	10.456	32.1297
1398164430.060	n	10.8886	3.60579	10.437	32.1288
1398164430.122	n	10.8894	3.60578	10.417	32.1279
1398164430.188	n	10.8903	3.60577	10.397	32.1270
1398164430.246	n	10.8912	3.60577	10.375	32.1263
1398164430.310	n	10.8921	3.60578	10.354	32.1256
1398164430.371	n	10.8930	3.60578	10.330	32.1248
1398164430.435	n	10.8939	3.60577	10.309	32.1240
1398164430.496	n	10.8948	3.60577	10.287	32.1232
1398164430.559	n	10.8957	3.60578	10.268	32.1224
1398164430.623	n	10.8966	3.60578	10.244	32.1217
1398164430.685	n	10.8975	3.60578	10.219	32.1209
1398164430.747	n	10.8984	3.60577	10.195	32.1201
1398164430.809	n	10.8992	3.60575	10.174	32.1192
1398164430.871	n	10.9000	3.60574	10.153	32.1184
1398164430.935	n	10.9009	3.60575	10.129	32.1177
1398164430.998	n	10.9017	3.60574	10.104	32.1170
1398164431.060	n	10.9025	3.60574	10.080	32.1163
1398164431.123	n	10.9033	3.60574	10.056	32.1156
1398164431.183	n	10.9040	3.60574	10.031	32.1150
1398164431.247	n	10.9047	3.60575	10.008	32.1144
1398164431.309	n	10.9054	3.60576	9.977	32.1139
1398164431.375	n	10.9061	3.60576	9.956	32.1133
1398164431.435	n	10.9067	3.60575	9.929	32.1127
1398164431.550	y	10.9073	3.60575	9.902	32.1122
1398164431.559	n	10.9078	3.60574	9.878	32.1116
1398164431.624	n	10.9084	3.60574	9.850	32.1111
1398164431.683	n	10.9090	3.60573	9.827	32.1106
1398164431.747	n	10.9095	3.60573	9.800	32.1101
1398164431.810	n	10.9101	3.60572	9.774	32.1096
1398164431.872	n	10.9106	3.60572	9.748	32.1091
1398164431.936	n	10.9112	3.60572	9.718	32.1086
1398164431.996	n	10.9118	3.60572	9.689	32.1081
1398164432.059	n	10.9124	3.60573	9.664	32.1076
1398164432.121	n	10.9130	3.60573	9.637	32.1071
1398164432.187	n	10.9135	3.60572	9.609	32.1066
1398164432.247	y	10.9141	3.60571	9.583	32.1060
1398164432.310	n	10.9147	3.60570	9.559	32.1054
1398164432.372	n	10.9153	3.60570	9.532	32.1049
1398164432.433	n	10.9160	3.60570	9.506	32.1043
1398164432.497	n	10.9166	3.60570	9.484	32.1037
1398164432.561	n	10.9172	3.60570	9.458	32.1031
1398164432.622	n	10.9178	3.60569	9.431	32.1026
1398164432.685	n	10.9184	3.60568	9.405	32.1020
1398164432.746	n	10.9190	3.60567	9.380	32.1014
1398164432.809	n	10.9195	3.60567	9.358	32.1009
1398164432.874	n	10.9200	3.60565	9.335	32.1003
1398164432.934	n	10.9206	3.60565	9.309	32.0998
1398164432.997	n	10.9211	3.60564	9.284	32.0993
1398164433.060	n	10.9216	3.60563	9.259	32.0988
1398164433.122	n	10.9220	3.60564	9.238	32.0985
1398164433.184	n	10.9225	3.60565	9.209	32.0982
1398164433.349	y	10.9229	3.60565	9.190	32.0979
1398164433.355	n	10.9234	3.60565	9.166	32.0974
1398164433.372	n	10.9238	3.60564	9.144	32.0969
1398164433.436	n	10.9243	3.60562	9.121	32.0964
1398164433.496	n	10.9248	3.60562	9.101	32.0959
1398164433.560	n	10.9254	3.60562	9.079	32.0955
1398164433.622	n	10.9259	3.60563	9.059	32.0950
1398164433.686	n	10.9265	3.60563	9.039	32.0946
1398164433.747	n	10.9271	3.60563	9.020	32.0941
1398164433.810	n	10.9277	3.60564	8.996	32.0937
1398164433.871	n	10.9282	3.60564	8.982	32.0932
1398164433.934	n	10.9288	3.60564	8.962	32.0927
1398164433.997	n	10.9293	3.60563	8.946	32.0922
1398164434.060	n	10.9298	3.60563	8.928	32.0916
1398164434.123	n	10.9304	3.60563	8.913	32.0912
1398164434.184	n	10.9308	3.60563	8.898	32.0908
1398164434.248	n	10.9313	3.60563	8.881	32.0904
1398164434.309	n	10.9317	3.60562	8.863	32.0900
1398164434.371	n	10.9321	3.60562	8.849	32.0896
1398164434.436	n	10.9325	3.60562	8.833	32.0892
1398164434.496	n	10.9329	3.60561	8.821	32.0888
1398164434.559	n	10.9333	3.60560	8.808	32.0884
1398164434.621	n	10.9336	3.60559	8.794	32.0881
1398164434.684	n	10.9339	3.60559	8.781	32.0878
1398164434.747	n	10.9342	3.60560	8.768	32.0876
1398164434.810	n	10.9346	3.60560	8.751	32.0873
1398164434.872	n	10.9349	3.60560	8.739	32.0871
1398164434.933	n	10.9352	3.60560	8.728	32.0868
1398164434.997	n	10.9354	3.60559	8.716	32.0865
1398164435.060	n	10.9357	3.60558	8.702	32.0862
1398164435.123	n	10.9360	3.60558	8.693	32.0859
1398164435.184	n	10.9362	3.60558	8.680	32.0856
1398164435.246	n	10.9365	3.60557	8.668	32.0854
1398164435.309	n	10.9368	3.60556	8.658	32.0850
1398164435.372	n	10.9371	3.60556	8.648	32.0848
1398164435.434	n	10.9374	3.60557	8.638	32.0846
1398164435.497	n	10.9377	3.60557	8.629	32.0844
1398164435.559	n	10.9380	3.60557	8.616	32.0841
1398164435.623	n	10.9383	3.60557	8.610	32.0838
1398164435.685	n	10.9386	3.60556	8.598	32.0835
1398164435.748	n	10.9389	3.60556	8.590	32.0832
1398164435.810	n	10.9391	3.60556	8.583	32.0830
1398164435.873	n	10.9394	3.60556	8.576	32.0827
1398164436.019	y	10.9397	3.60556	8.568	32.0825
1398164436.024	n	10.9400	3.60555	8.558	32.0822
1398164436.059	n	10.9403	3.60555	8.549	32.0819
1398164436.123	n	10.9406	3.60554	8.540	32.0815
1398164436.185	n	10.9409	3.60554	8.535	32.0812
1398164436.246	n	10.9413	3.60553	8.524	32.0809
1398164436.309	n	10.9416	3.60554	8.517	32.0807
1398164436.371	n	10.9419	3.60554	8.507	32.0804
1398164436.434	n	10.9422	3.60554	8.500	32.0801
1398164436.498	n	10.9426	3.60553	8.494	32.0798
1398164436.559	n	10.9430	3.60553	8.485	32.0794
1398164436.622	n	10.9434	3.60552	8.476	32.0790
1398164436.686	n	10.9437	3.60553	8.471	32.0787
1398164436.747	n	10.9441	3.60554	8.464	32.0785
1398164436.809	n	10.9444	3.60555	8.456	32.0783
1398164436.873	n	10.9447	3.60556	8.452	32.0781
1398164436.933	n	10.9451	3.60555	8.442	32.0777
1398164436.996	n	10.9454	3.60554	8.435	32.0773
1398164437.059	n	10.9457	3.60552	8.427	32.0769
1398164437.123	n	10.9461	3.60551	8.418	32.0765
1398164437.185	n	10.9464	3.60550	8.410	32.0762
1398164437.246	n	10.9467	3.60550	8.403	32.0759
1398164437.309	n	10.9470	3.60551	8.401	32.0757
1398164437.371	n	10.9473	3.60551	8.390	32.0755
1398164437.435	n	10.9475	3.60551	8.386	32.0753
1398164437.559	y	10.9478	3.60551	8.378	32.0751
1398164437.564	n	10.9481	3.60551	8.369	32.0748
1398164437.622	n	10.9484	3.60551	8.364	32.0745
1398164437.687	n	10.9486	3.60551	8.357	32.0743
1398164437.747	n	10.9489	3.60550	8.348	32.0740
1398164437.809	n	10.9491	3.60549	8.345	32.0737
1398164437.873	n	10.9494	3.60548	8.336	32.0734
1398164437.934	n	10.9496	3.60548	8.329	32.0732
1398164437.996	n	10.9498	3.60548	8.324	32.0730
1398164438.059	n	10.9500	3.60548	8.316	32.0729
1398164438.122	n	10.9502	3.60548	8.310	32.0727
1398164438.187	n	10.9504	3.60548	8.305	32.0725
1398164438.247	n	10.9506	3.60548	8.298	32.0723
1398164438.310	n	10.9508	3.60548	8.293	32.0721
1398164438.372	n	10.9509	3.60548	8.284	32.0720
1398164438.436	n	10.9510	3.60548	8.273	32.0719
1398164438.498	n	10.9512	3.60547	8.267	32.0717
1398164438.560	n	10.9514	3.60547	8.262	32.0715
1398164438.621	n	10.9515	3.60546	8.254	32.0714
1398164438.688	n	10.9516	3.60546	8.244	32.0712
1398164438.747	n	10.9517	3.60546	8.238	32.0712
1398164438.809	n	10.9518	3.60546	8.229	32.0711
1398164438.873	n	10.9519	3.60546	8.221	32.0710
1398164438.935	n	10.9520	3.60547	8.213	32.0710
1398164438.997	n	10.9522	3.60547	8.207	32.0709
1398164439.059	n	10.9523	3.60546	8.198	32.0707
1398164439.122	n	10.9524	3.60546	8.189	32.0706
1398164439.188	n	10.9525	3.60545	8.182	32.0704
1398164439.247	n	10.9526	3.60545	8.173	32.0703
1398164439.310	n	10.9528	3.60546	8.164	32.0702
1398164439.373	n	10.9529	3.60545	8.161	32.0701
1398164439.434	n	10.9529	3.60545	8.148	32.0700
1398164439.523	y	10.9530	3.60545	8.136	32.0700
1398164439.559	n	10.9531	3.60544	8.129	32.0698
1398164439.622	n	10.9532	3.60543	8.122	32.0696
1398164439.689	n	10.9533	3.60543	8.111	32.0695
1398164439.747	n	10.9534	3.60542	8.099	32.0693
1398164439.809	n	10.9535	3.60542	8.091	32.0692
1398164439.874	n	10.9536	3.60542	8.080	32.0692
1398164439.936	n	10.9537	3.60542	8.069	32.0691
1398164439.998	n	10.9539	3.60543	8.057	32.0690
1398164440.059	n	10.9540	3.60543	8.045	32.0689
1398164440.123	n	10.9542	3.60543	8.035	32.0688
1398164440.186	n	10.9544	3.60544	8.024	32.0687
1398164440.248	n	10.9545	3.60544	8.013	32.0686
1398164440.308	n	10.9547	3.60544	8.002	32.0685
1398164440.372	n	10.9549	3.60545	7.991	32.0684
1398164440.434	n	10.9550	3.60545	7.977	32.0683
1398164440.498	n	10.9552	3.60544	7.964	32.0681
1398164440.559	n	10.9553	3.60544	7.949	32.0679
1398164440.623	n	10.9554	3.60543	7.936	32.0678
1398164440.686	n	10.9556	3.60543	7.921	32.0676
1398164440.748	n	10.9557	3.60543	7.908	32.0675
1398164440.810	n	10.9558	3.60542	7.892	32.0673
1398164440.872	n	10.9560	3.60543	7.875	32.0673
1398164440.935	n	10.9561	3.60543	7.859	32.0672
1398164440.997	n	10.9562	3.60543	7.842	32.0672
1398164441.060	n	10.9562	3.60544	7.821	32.0672
1398164441.123	n	10.9563	3.60544	7.805	32.0672
1398164441.186	n	10.9564	3.60545	7.787	32.0671
1398164441.246	n	10.9565	3.60545	7.767	32.0671
1398164441.310	n	10.9566	3.60545	7.745	32.0670
1398164441.374	n	10.9567	3.60544	7.723	32.0668
1398164441.436	n	10.9567	3.60543	7.701	32.0667
1398164441.498	n	10.9568	3.60543	7.679	32.0667
1398164441.560	n	10.9569	3.60544	7.658	32.0666
1398164441.621	n	10.9570	3.60544	7.635	32.0666
1398164441.686	n	10.9571	3.60544	7.612	32.0665
1398164441.833	y	10.9571	3.60543	7.588	32.0664
1398164441.838	n	10.9572	3.60543	7.562	32.0663
1398164441.873	n	10.9573	3.60543	7.542	32.0663
1398164441.934	n	10.9574	3.60543	7.520	32.0662
1398164441.996	n	10.9574	3.60543	7.494	32.0662
1398164442.061	n	10.9575	3.60543	7.465	32.0661
1398164442.122	n	10.9576	3.60543	7.437	32.0661
1398164442.184	n	10.9576	3.60542	7.413	32.0660
1398164442.247	n	10.9577	3.60542	7.382	32.0659
1398164442.310	n	10.9578	3.60542	7.359	32.0658
1398164442.372	n	10.9578	3.60541	7.327	32.0657
1398164442.434	n	10.9579	3.60540	7.299	32.0656
1398164442.498	n	10.9579	3.60539	7.275	32.0655
1398164442.560	n	10.9579	3.60538	7.245	32.0654
1398164442.621	n	10.9579	3.60538	7.214	32.0653
1398164442.684	n	10.9579	3.60537	7.184	32.0653
1398164442.748	n	10.9580	3.60537	7.157	32.0653
1398164442.810	n	10.9580	3.60537	7.129	32.0652
1398164442.874	n	10.9580	3.60537	7.098	32.0653
1398164442.934	n	10.9581	3.60538	7.068	32.0653
1398164442.996	n	10.9580	3.60538	7.038	32.0653
1398164443.059	n	10.9580	3.60537	7.008	32.0653
1398164443.122	n	10.9580	3.60536	6.977	32.0652
1398164443.184	n	10.9581	3.60535	6.948	32.0651
1398164443.294	y	10.9582	3.60535	6.917	32.0650
1398164443.309	n	10.9583	3.60536	6.886	32.0649
1398164443.374	n	10.9584	3.60537	6.858	32.0650
1398164443.437	n	10.9585	3.60537	6.830	32.0649
1398164443.497	n	10.9586	3.60537	6.805	32.0649
1398164443.559	n	10.9586	3.60536	6.773	32.0648
1398164443.622	n	10.9587	3.60536	6.745	32.0646
1398164443.684	n	10.9588	3.60534	6.713	32.0644
1398164443.747	n	10.9588	3.60534	6.690	32.0644
1398164443.809	n	10.9588	3.60534	6.666	32.0644
1398164443.873	n	10.9588	3.60534	6.635	32.0644
1398164443.934	n	10.9588	3.60535	6.608	32.0645
1398164443.997	n	10.9589	3.60535	6.581	32.0645
1398164444.060	n	10.9590	3.60534	6.556	32.0644
1398164444.122	n	10.9591	3.60534	6.534	32.0642
1398164444.186	n	10.9592	3.60534	6.508	32.0641
1398164444.247	n	10.9593	3.60534	6.484	32.0641
1398164444.309	n	10.9594	3.60535	6.458	32.0641
1398164444.372	n	10.9594	3.60535	6.436	32.0641
1398164444.434	n	10.9594	3.60535	6.412	32.0641
1398164444.497	n	10.9594	3.60535	6.385	32.0641
1398164444.559	n	10.9595	3.60535	6.360	32.0641
1398164444.622	n	10.9596	3.60535	6.337	32.0640
1398164444.686	n	10.9597	3.60536	6.314	32.0640
1398164444.747	n	10.9598	3.60536	6.290	32.0640
1398164444.809	n	10.9598	3.60536	6.269	32.0639
1398164444.872	n	10.9599	3.60536	6.248	32.0639
1398164444.936	n	10.9599	3.60535	6.226	32.0638
1398164444.998	n	10.9599	3.60535	6.205	32.0637
1398164445.060	n	10.9600	3.60535	6.185	32.0637
1398164445.122	n	10.9600	3.60534	6.163	32.0637
1398164445.187	n	10.9600	3.60534	6.147	32.0637
1398164445.246	n	10.9600	3.60534	6.130	32.0637
1398164445.310	n	10.9600	3.60534	6.108	32.0637
1398164445.372	n	10.9600	3.60534	6.092	32.0636
1398164445.434	n	10.9601	3.60535	6.075	32.0637
1398164445.498	n	10.9601	3.60535	6.055	32.0637
1398164445.560	n	10.9601	3.60535	6.038	32.0637
1398164445.621	n	10.9601	3.60535	6.020	32.0637
1398164445.686	n	10.9601	3.60534	6.008	32.0636
1398164445.748	n	10.9601	3.60534	5.994	32.0635
1398164445.809	n	10.9601	3.60534	5.979	32.0637
1398164445.872	n	10.9601	3.60536	5.963	32.0638
1398164445.934	n	10.9600	3.60537	5.949	32.0640
1398164446.095	y	10.9600	3.60538	5.939	32.0641
1398164446.101	n	10.9600	3.60537	5.926	32.0640
1398164446.123	n	10.9600	3.60535	5.918	32.0638
1398164446.186	n	10.9600	3.60535	5.904	32.0638
1398164446.247	n	10.9600	3.60535	5.893	32.0638
1398164446.311	n	10.9600	3.60535	5.882	32.0638
1398164446.373	n	10.9601	3.60535	5.872	32.0637
1398164446.434	n	10.9601	3.60535	5.863	32.0637
1398164446.498	n	10.9601	3.60535	5.853	32.0637
1398164446.560	n	10.9601	3.60536	5.845	32.0638
1398164446.622	n	10.9601	3.60537	5.843	32.0640
1398164446.685	n	10.9601	3.60538	5.835	32.0640
1398164446.747	n	10.9601	3.60538	5.828	32.0640
1398164446.809	n	10.9601	3.60538	5.821	32.0640
1398164446.878	y	10.9601	3.60537	5.812	32.0639
1398164446.995	y	10.9602	3.60537	5.808	32.0638
1398164447.003	n	10.9603	3.60536	5.800	32.0637
1398164447.060	n	10.9603	3.60536	5.795	32.0637
1398164447.122	n	10.9604	3.60536	5.792	32.0636
1398164447.187	n	10.9604	3.60536	5.787	32.0636
1398164447.246	n	10.9604	3.60535	5.782	32.0635
1398164447.309	n	10.9604	3.60535	5.781	32.0635
1398164447.372	n	10.9604	3.60536	5.778	32.0636
1398164447.435	n	10.9604	3.60537	5.773	32.0637
1398164447.497	n	10.9604	3.60537	5.770	32.0638
1398164447.560	n	10.9604	3.60537	5.770	32.0638
1398164447.621	n	10.9604	3.60538	5.766	32.0638
1398164447.685	n	10.9604	3.60538	5.770	32.0639
1398164447.748	n	10.9604	3.60539	5.768	32.0639
1398164447.809	n	10.9605	3.60538	5.766	32.0638
1398164447.872	n	10.9605	3.60538	5.769	32.0637
1398164447.935	n	10.9606	3.60538	5.767	32.0637
1398164447.997	n	10.9606	3.60538	5.769	32.0637
1398164448.059	n	10.9605	3.60539	5.768	32.0638
1398164448.123	n	10.9605	3.60539	5.766	32.0639
1398164448.187	n	10.9605	3.60539	5.768	32.0639
1398164448.247	n	10.9605	3.60539	5.772	32.0639
1398164448.309	n	10.9605	3.60539	5.774	32.0638
1398164448.371	n	10.9606	3.60538	5.774	32.0637
1398164448.435	n	10.9606	3.60538	5.773	32.0637
1398164448.498	n	10.9606	3.60540	5.774	32.0638
1398164448.559	n	10.9606	3.60541	5.773	32.0640
1398164448.621	n	10.9606	3.60541	5.771	32.0640
1398164448.686	n	10.9606	3.60541	5.767	32.0640
1398164448.746	n	10.9605	3.60541	5.772	32.0640
1398164448.809	n	10.9604	3.60541	5.776	32.0641
1398164448.872	n	10.9604	3.60541	5.774	32.0641
1398164448.934	n	10.9604	3.60541	5.769	32.0641
1398164448.997	n	10.9605	3.60541	5.767	32.0640
1398164449.060	n	10.9606	3.60542	5.765	32.0640
1398164449.122	n	10.9606	3.60542	5.765	32.0641
1398164449.187	n	10.9606	3.60542	5.762	32.0641
1398164449.247	n	10.9605	3.60542	5.758	32.0641
1398164449.311	n	10.9605	3.60542	5.758	32.0642
1398164449.373	n	10.9605	3.60542	5.750	32.0641
1398164449.434	n	10.9605	3.60543	5.744	32.0642
1398164449.496	n	10.9605	3.60544	5.744	32.0643
1398164449.560	n	10.9605	3.60545	5.740	32.0644
1398164449.623	n	10.9605	3.60544	5.737	32.0644
1398164449.686	n	10.9605	3.60544	5.732	32.0644
1398164449.747	n	10.9605	3.60544	5.728	32.0643
1398164449.809	n	10.9605	3.60543	5.724	32.0643
1398164449.874	n	10.9605	3.60544	5.715	32.0643
1398164449.934	n	10.9604	3.60544	5.712	32.0644
1398164449.996	n	10.9604	3.60545	5.707	32.0645
1398164450.059	n	10.9604	3.60545	5.699	32.0646
1398164450.123	n	10.9605	3.60545	5.691	32.0645
1398164450.186	n	10.9605	3.60546	5.681	32.0646
1398164450.404	y	10.9606	3.60547	5.673	32.0646
1398164450.416	y	10.9606	3.60549	5.666	32.0648
1398164450.422	n	10.9606	3.60550	5.658	32.0649
1398164450.435	n	10.9606	3.60550	5.649	32.0649
1398164450.520	y	10.9606	3.60549	5.634	32.0648
1398164450.559	n	10.9606	3.60548	5.627	32.0647
1398164450.621	n	10.9606	3.60548	5.621	32.0647
1398164450.686	n	10.9606	3.60548	5.605	32.0647
1398164450.747	n	10.9606	3.60548	5.598	32.0647
1398164450.811	n	10.9606	3.60548	5.586	32.0648
1398164450.873	n	10.9606	3.60549	5.574	32.0648
1398164450.935	n	10.9606	3.60550	5.562	32.0649
1398164450.997	n	10.9606	3.60551	5.547	32.0651
1398164451.059	n	10.9607	3.60552	5.536	32.0651
1398164451.122	n	10.9607	3.60553	5.526	32.0652
1398164451.187	n	10.9607	3.60554	5.515	32.0652
1398164451.246	n	10.9608	3.60555	5.499	32.0652
1398164451.310	n	10.9609	3.60555	5.485	32.0652
1398164451.371	n	10.9608	3.60556	5.474	32.0653
1398164451.434	n	10.9608	3.60556	5.459	32.0654
1398164451.497	n	10.9607	3.60556	5.445	32.0654
1398164451.560	n	10.9607	3.60556	5.431	32.0655
1398164451.622	n	10.9607	3.60556	5.415	32.0655
1398164451.686	n	10.9607	3.60556	5.399	32.0655
1398164451.748	n	10.9607	3.60557	5.384	32.0656
1398164451.809	n	10.9608	3.60557	5.369	32.0655
1398164451.872	n	10.9608	3.60555	5.353	32.0654
1398164451.935	n	10.9608	3.60555	5.338	32.0653
1398164451.997	n	10.9608	3.60554	5.323	32.0653
1398164452.061	n	10.9607	3.60553	5.307	32.0652
1398164452.122	n	10.9607	3.60553	5.291	32.0652
1398164452.187	n	10.9607	3.60553	5.273	32.0653
1398164452.248	n	10.9606	3.60553	5.255	32.0653
1398164452.310	n	10.9606	3.60553	5.241	32.0653
1398164452.372	n	10.9606	3.60553	5.224	32.0653
1398164452.436	n	10.9606	3.60552	5.212	32.0652
1398164452.497	n	10.9607	3.60551	5.192	32.0651
1398164452.560	n	10.9607	3.60550	5.176	32.0650
1398164452.622	n	10.9608	3.60550	5.162	32.0649
1398164452.686	n	10.9608	3.60549	5.143	32.0648
1398164452.748	y	10.9608	3.60548	5.124	32.0647
1398164452.810	n	10.9608	3.60548	5.108	32.0648
1398164452.872	n	10.9607	3.60548	5.089	32.0648
1398164452.934	n	10.9607	3.60549	5.071	32.0649
1398164452.997	n	10.9607	3.60550	5.054	32.0651
1398164453.060	n	10.9607	3.60551	5.034	32.0652
1398164453.123	n	10.9606	3.60551	5.015	32.0652
1398164453.186	n	10.9606	3.60550	4.998	32.0651
1398164453.247	n	10.9606	3.60549	4.976	32.0651
1398164453.309	n	10.9606	3.60548	4.955	32.0650
1398164453.373	n	10.9606	3.60547	4.937	32.0648
1398164453.435	n	10.9607	3.60546	4.918	32.0647
1398164453.497	n	10.9607	3.60545	4.899	32.0645
1398164453.559	n	10.9607	3.60544	4.880	32.0645
1398164453.621	n	10.9607	3.60544	4.859	32.0645
1398164453.685	n	10.9606	3.60544	4.839	32.0646
1398164453.746	n	10.9605	3.60544	4.817	32.0647
1398164453.810	n	10.9605	3.60544	4.794	32.0648
1398164453.874	n	10.9605	3.60545	4.775	32.0648
1398164453.936	n	10.9606	3.60539	4.752	32.0641
1398164453.998	n	10.9606	3.60428	4.733	32.0532
1398164454.060	n	10.9604	3.60175	4.712	32.0284
1398164454.123	n	10.9600	3.59846	4.687	31.9963
1398164454.184	n	10.9595	3.59543	4.665	31.9667
1398164454.289	y	10.9591	3.59362	4.643	31.9492
1398164454.310	n	10.9590	3.59354	4.620	31.9486
1398164454.372	n	10.9591	3.59425	4.600	31.9555
1398164454.436	n	10.9594	3.59496	4.581	31.9622
1398164454.557	y	10.9598	3.59548	4.561	31.9670
1398164454.563	n	10.9602	3.59582	4.535	31.9700
1398164454.623	n	10.9604	3.59610	4.514	31.9726
1398164454.685	n	10.9602	3.59632	4.488	31.9750
1398164454.747	n	10.9595	3.59648	4.471	31.9772
1398164454.810	n	10.9585	3.59657	4.451	31.9789
1398164454.872	n	10.9571	3.59659	4.426	31.9805
1398164454.937	n	10.9555	3.59656	4.402	31.9815
1398164454.996	n	10.9543	3.59651	4.383	31.9820
1398164455.059	n	10.9537	3.59645	4.360	31.9820
1398164455.123	n	10.9539	3.59641	4.337	31.9814
1398164455.187	n	10.9545	3.59638	4.315	31.9806
1398164455.246	n	10.9547	3.59637	4.295	31.9803
1398164455.310	n	10.9547	3.59636	4.270	31.9803
1398164455.373	n	10.9547	3.59636	4.248	31.9803
1398164455.436	n	10.9551	3.59636	4.226	31.9800
1398164455.497	n	10.9560	3.59637	4.203	31.9793
1398164455.559	n	10.9569	3.59638	4.182	31.9786
1398164455.623	n	10.9570	3.59636	4.160	31.9783
1398164455.685	n	10.9567	3.59633	4.139	31.9783
1398164455.747	n	10.9560	3.59629	4.119	31.9785
1398164455.810	n	10.9555	3.59626	4.097	31.9787
1398164455.872	n	10.9553	3.59623	4.072	31.9786
1398164455.936	n	10.9554	3.59622	4.050	31.9784
1398164455.997	n	10.9554	3.59620	4.030	31.9782
1398164456.060	n	10.9556	3.59619	4.010	31.9779
1398164456.122	n	10.9558	3.59618	3.988	31.9777
1398164456.187	n	10.9561	3.59620	3.966	31.9776
1398164456.247	n	10.9565	3.59622	3.947	31.9774
1398164456.309	n	10.9568	3.59623	3.926	31.9773
1398164456.372	n	10.9569	3.59624	3.910	31.9773
1398164456.435	n	10.9569	3.59623	3.891	31.9773
1398164456.496	n	10.9569	3.59623	3.871	31.9773
1398164456.560	n	10.9570	3.59624	3.848	31.9773
1398164456.623	n	10.9571	3.59626	3.829	31.9773
1398164456.684	n	10.9571	3.59628	3.814	31.9775
1398164456.747	n	10.9566	3.59627	3.791	31.9779
1398164456.809	n	10.9559	3.59623	3.774	31.9781
1398164456.871	n	10.9552	3.59618	3.753	31.9782
1398164456.935	n	10.9550	3.59614	3.731	31.9781
1398164456.998	n	10.9554	3.59615	3.715	31.9778
1398164457.060	n	10.9559	3.59618	3.697	31.9777
1398164457.123	n	10.9559	3.59616	3.678	31.9776
1398164457.184	n	10.9553	3.59610	3.660	31.9775
1398164457.246	n	10.9542	3.59602	3.646	31.9776
1398164457.309	n	10.9531	3.59595	3.629	31.9778
1398164457.373	n	10.9525	3.59592	3.615	31.9781
1398164457.434	n	10.9523	3.59591	3.600	31.9782
1398164457.498	n	10.9526	3.59591	3.585	31.9780
1398164457.559	n	10.9532	3.59593	3.569	31.9776
1398164457.622	n	10.9539	3.59598	3.558	31.9774
1398164457.684	n	10.9546	3.59604	3.541	31.9776
1398164457.746	n	10.9547	3.59609	3.527	31.9779
1398164457.809	n	10.9544	3.59610	3.515	31.9783
1398164457.887	y	10.9539	3.59607	3.503	31.9784
1398164457.936	n	10.9535	3.59602	3.493	31.9783
1398164457.997	n	10.9533	3.59598	3.478	31.9781
1398164458.059	n	10.9532	3.59596	3.467	31.9779
1398164458.122	n	10.9532	3.59595	3.453	31.9778
1398164458.187	n	10.9532	3.59595	3.444	31.9778
1398164458.246	n	10.9534	3.59596	3.432	31.9778
1398164458.309	n	10.9536	3.59597	3.419	31.9777
1398164458.373	n	10.9538	3.59597	3.410	31.9776
1398164458.435	n	10.9537	3.59597	3.396	31.9776
1398164458.497	n	10.9534	3.59596	3.387	31.9778
1398164458.559	n	10.9529	3.59594	3.374	31.9780
1398164458.622	n	10.9526	3.59592	3.368	31.9781
1398164458.686	n	10.9525	3.59591	3.358	31.9782
1398164458.834	y	10.9525	3.59592	3.348	31.9782
1398164458.843	n	10.9526	3.59592	3.338	31.9782
1398164458.873	n	10.9526	3.59592	3.329	31.9781
1398164458.935	n	10.9525	3.59589	3.321	31.9780
1398164458.997	n	10.9523	3.59587	3.315	31.9779
1398164459.060	n	10.9521	3.59586	3.307	31.9780
1398164459.123	n	10.9520	3.59587	3.302	31.9782
1398164459.187	n	10.9519	3.59589	3.292	31.9784
1398164459.246	n	10.9519	3.59590	3.284	31.9786
1398164459.310	n	10.9520	3.59591	3.279	31.9786
1398164459.373	n	10.9521	3.59591	3.270	31.9785
1398164459.435	n	10.9523	3.59591	3.260	31.9784
1398164459.498	n	10.9524	3.59592	3.252	31.9783
1398164459.560	n	10.9525	3.59593	3.242	31.9784
1398164459.623	n	10.9526	3.59594	3.234	31.9784
1398164459.685	n	10.9527	3.59594	3.228	31.9783
1398164459.748	n	10.9529	3.59593	3.218	31.9780
1398164459.810	n	10.9530	3.59592	3.211	31.9778
1398164459.871	n	10.9532	3.59592	3.203	31.9777
1398164459.934	n	10.9532	3.59593	3.199	31.9777
1398164459.997	n	10.9531	3.59592	3.193	31.9778
1398164460.060	n	10.9530	3.59592	3.190	31.9779
1398164460.122	n	10.9529	3.59593	3.183	31.9781
1398164460.184	n	10.9528	3.59594	3.177	31.9782
1398164460.246	n	10.9529	3.59596	3.171	31.9783
1398164460.309	n	10.9531	3.59597	3.165	31.9783
1398164460.373	n	10.9533	3.59598	3.158	31.9782
1398164460.435	n	10.9535	3.59599	3.152	31.9782
1398164460.498	n	10.9536	3.59600	3.150	31.9781
1398164460.560	n	10.9537	3.59600	3.148	31.9780
1398164460.623	n	10.9537	3.59599	3.144	31.9780
1398164460.684	n	10.9537	3.59599	3.144	31.9780
1398164460.747	n	10.9539	3.59600	3.139	31.9779
1398164460.809	n	10.9540	3.59601	3.137	31.9779
1398164460.874	n	10.9540	3.59601	3.132	31.9779
1398164460.935	n	10.9541	3.59602	3.129	31.9779
1398164460.998	n	10.9540	3.59602	3.124	31.9780
1398164461.060	n	10.9540	3.59602	3.123	31.9780
1398164461.122	n	10.9539	3.59601	3.119	31.9779
1398164461.187	n	10.9538	3.59599	3.113	31.9779
1398164461.248	n	10.9537	3.59598	3.111	31.9779
1398164461.310	n	10.9535	3.59597	3.104	31.9780
1398164461.374	n	10.9533	3.59597	3.098	31.9782
1398164461.434	n	10.9532	3.59597	3.093	31.9782
1398164461.514	y	10.9531	3.59597	3.088	31.9783
1398164461.560	n	10.9531	3.59598	3.081	31.9784
1398164461.622	n	10.9531	3.59599	3.073	31.9785
1398164461.684	n	10.9531	3.59599	3.062	31.9786
1398164461.747	n	10.9530	3.59598	3.052	31.9786
1398164461.810	n	10.9530	3.59597	3.050	31.9784
1398164461.873	n	10.9530	3.59596	3.041	31.9783
1398164461.935	n	10.9531	3.59597	3.030	31.9783
1398164461.998	n	10.9531	3.59598	3.026	31.9784
1398164462.059	n	10.9532	3.59599	3.018	31.9785
1398164462.177	y	10.9534	3.59600	3.008	31.9785
1398164462.188	n	10.9535	3.59602	3.000	31.9785
1398164462.248	n	10.9536	3.59603	2.992	31.9786
1398164462.310	n	10.9537	3.59605	2.982	31.9786
1398164462.373	n	10.9537	3.59605	2.974	31.9786
1398164462.434	n	10.9537	3.59603	2.960	31.9785
1398164462.498	n	10.9537	3.59602	2.953	31.9783
1398164462.560	n	10.9538	3.59601	2.939	31.9782
1398164462.623	n	10.9538	3.59602	2.928	31.9782
1398164462.686	n	10.9539	3.59603	2.916	31.9783
1398164462.748	n	10.9540	3.59605	2.905	31.9784
1398164462.809	n	10.9541	3.59605	2.895	31.9783
1398164462.871	n	10.9542	3.59604	2.882	31.9781
1398164462.934	n	10.9544	3.59603	2.869	31.9778
1398164463.147	y	10.9546	3.59602	2.855	31.9776
1398164463.156	n	10.9547	3.59601	2.840	31.9775
1398164463.164	n	10.9547	3.59602	2.828	31.9775
1398164463.189	n	10.9548	3.59603	2.813	31.9775
1398164463.247	n	10.9548	3.59604	2.801	31.9777
1398164463.310	n	10.9548	3.59605	2.784	31.9777
1398164463.373	n	10.9550	3.59606	2.770	31.9777
1398164463.436	n	10.9551	3.59606	2.756	31.9776
1398164463.497	n	10.9551	3.59605	2.741	31.9775
1398164463.559	n	10.9551	3.59605	2.725	31.9775
1398164463.622	n	10.9550	3.59605	2.709	31.9776
1398164463.686	n	10.9549	3.59605	2.697	31.9777
1398164463.747	n	10.9547	3.59605	2.679	31.9779
1398164463.809	n	10.9546	3.59606	2.664	31.9781
1398164463.873	n	10.9544	3.59607	2.648	31.9783
1398164463.934	n	10.9544	3.59609	2.634	31.9786
1398164463.997	n	10.9544	3.59611	2.619	31.9788
1398164464.060	n	10.9544	3.59613	2.601	31.9789
1398164464.122	n	10.9545	3.59615	2.586	31.9790
1398164464.184	n	10.9546	3.59615	2.568	31.9790
1398164464.248	n	10.9546	3.59615	2.554	31.9790
1398164464.310	n	10.9544	3.59614	2.544	31.9791
1398164464.373	n	10.9542	3.59614	2.525	31.9793
1398164464.435	n	10.9540	3.59614	2.507	31.9794
1398164464.497	n	10.9540	3.59613	2.493	31.9794
1398164464.559	n	10.9540	3.59612	2.479	31.9792
1398164464.622	n	10.9541	3.59611	2.465	31.9791
1398164464.686	n	10.9540	3.59611	2.449	31.9792
1398164464.746	n	10.9539	3.59611	2.430	31.9793
1398164464.809	n	10.9538	3.59610	2.416	31.9793
1398164464.873	n	10.9538	3.59609	2.403	31.9792
1398164464.934	n	10.9538	3.59608	2.385	31.9791
1398164464.997	n	10.9538	3.59607	2.370	31.9790
1398164465.059	n	10.9537	3.59607	2.356	31.9791
1398164465.123	n	10.9535	3.59607	2.343	31.9793
1398164465.186	n	10.9533	3.59607	2.329	31.9794
1398164465.248	y	10.9533	3.59607	2.313	31.9795
1398164465.310	n	10.9533	3.59607	2.296	31.9795
1398164465.373	n	10.9534	3.59607	2.283	31.9794
1398164465.434	n	10.9533	3.59606	2.270	31.9794
1398164465.498	n	10.9532	3.59605	2.258	31.9794
1398164465.560	n	10.9532	3.59605	2.242	31.9794
1398164465.623	n	10.9532	3.59604	2.228	31.9793
1398164465.685	n	10.9532	3.59604	2.210	31.9793
1398164465.748	n	10.9530	3.59604	2.194	31.9794
1398164465.811	n	10.9525	3.59600	2.178	31.9795
1398164465.872	n	10.9515	3.59594	2.161	31.9798
1398164465.934	n	10.9503	3.59586	2.142	31.9800
1398164465.996	n	10.9492	3.59579	2.121	31.9803
1398164466.059	n	10.9484	3.59575	2.105	31.9806
1398164466.121	n	10.9479	3.59573	2.083	31.9809
1398164466.187	n	10.9475	3.59569	2.063	31.9809
1398164466.247	n	10.9471	3.59565	2.037	31.9808
1398164466.311	n	10.9468	3.59559	2.020	31.9805
1398164466.372	n	10.9467	3.59554	1.993	31.9801
1398164466.436	n	10.9467	3.59552	1.967	31.9800
1398164466.497	n	10.9467	3.59550	1.948	31.9798
1398164466.559	n	10.9467	3.59549	1.924	31.9796
1398164466.622	n	10.9469	3.59549	1.900	31.9794
1398164466.686	n	10.9472	3.59550	1.879	31.9793
1398164466.748	n	10.9477	3.59553	1.859	31.9792
1398164466.810	n	10.9483	3.59559	1.838	31.9793
1398164466.872	n	10.9486	3.59564	1.812	31.9795
1398164466.935	n	10.9485	3.59566	1.788	31.9797
1398164466.998	n	10.9484	3.59566	1.766	31.9799
1398164467.061	n	10.9483	3.59565	1.741	31.9799
1398164467.122	n	10.9484	3.59563	1.721	31.9797
1398164467.187	n	10.9485	3.59562	1.697	31.9794
1398164467.374	y	10.9489	3.59562	1.675	31.9791
1398164467.380	n	10.9498	3.59563	1.653	31.9785
1398164467.386	n	10.9510	3.59566	1.629	31.9777
1398164467.435	n	10.9527	3.59570	1.611	31.9766
1398164467.498	n	10.9539	3.59573	1.594	31.9759
1398164467.560	n	10.9540	3.59574	1.574	31.9759
1398164467.623	n	10.9532	3.59572	1.554	31.9764
1398164467.684	n	10.9519	3.59569	1.531	31.9772
1398164467.747	n	10.9506	3.59567	1.507	31.9782
1398164467.810	n	10.9497	3.59566	1.487	31.9789
1398164467.872	n	10.9492	3.59565	1.464	31.9792
1398164467.934	n	10.9488	3.59564	1.441	31.9794
1398164467.998	n	10.9484	3.59561	1.415	31.9796
1398164468.060	n	10.9480	3.59558	1.392	31.9796
1398164468.123	n	10.9475	3.59555	1.371	31.9797
1398164468.186	n	10.9472	3.59553	1.344	31.9798
1398164468.246	n	10.9470	3.59552	1.312	31.9799
1398164468.309	n	10.9472	3.59553	1.289	31.9799
1398164468.372	n	10.9477	3.59554	1.261	31.9795
1398164468.436	n	10.9488	3.59557	1.232	31.9788
1398164468.498	n	10.9507	3.59564	1.207	31.9779
1398164468.559	n	10.9531	3.59576	1.178	31.9771
1398164468.621	n	10.9554	3.59591	1.148	31.9765
1398164468.685	n	10.9571	3.59602	1.118	31.9761
1398164468.748	n	10.9578	3.59606	1.092	31.9759
1398164468.814	y	10.9573	3.59600	1.066	31.9758
1398164468.872	n	10.9563	3.59591	1.041	31.9758
1398164468.934	n	10.9552	3.59582	1.015	31.9758
1398164468.998	n	10.9544	3.59576	0.993	31.9759
1398164469.060	n	10.9540	3.59574	0.971	31.9761
1398164469.123	n	10.9538	3.59572	0.954	31.9761
1398164469.188	n	10.9535	3.59569	0.933	31.9761
1398164469.247	n	10.9532	3.59566	0.913	31.9760
1398164469.310	n	10.9528	3.59561	0.896	31.9760
1398164469.373	n	10.9525	3.59558	0.877	31.9760
1398164469.436	n	10.9523	3.59556	0.856	31.9760
1398164469.497	n	10.9521	3.59556	0.840	31.9761
1398164469.559	n	10.9519	3.59557	0.822	31.9763
1398164469.622	n	10.9515	3.59555	0.805	31.9765
1398164469.685	n	10.9510	3.59553	0.793	31.9767
1398164469.747	n	10.9507	3.59552	0.782	31.9769
1398164469.809	n	10.9504	3.59552	0.769	31.9772
1398164469.872	n	10.9499	3.59549	0.754	31.9773
1398164469.934	n	10.9493	3.59543	0.744	31.9773
1398164469.997	n	10.9483	3.59533	0.729	31.9772
1398164470.060	n	10.9475	3.59524	0.719	31.9770
1398164470.123	n	10.9471	3.59519	0.708	31.9768
1398164470.187	n	10.9471	3.59518	0.696	31.9767
1398164470.247	n	10.9471	3.59517	0.684	31.9767
1398164470.319	n	10.9469	3.59514	0.674	31.9766
1398164470.375	n	10.9465	3.59511	0.663	31.9765
1398164470.435	n	10.9462	3.59508	0.649	31.9766
1398164470.499	n	10.9459	3.59507	0.636	31.9767
1398164470.561	n	10.9460	3.59509	0.626	31.9769
1398164470.622	n	10.9463	3.59512	0.614	31.9769
1398164470.686	n	10.9467	3.59515	0.602	31.9768
1398164470.747	n	10.9471	3.59517	0.592	31.9767
1398164470.809	n	10.9474	3.59519	0.581	31.9767
