Source File: D:\Storage\Programs\OOI\Group 5\Correspondence\07_18_14 sample files\files\11129553.PPB
Processed: 07/18/2014 12:27:45
Using Version: 1.11
Device: CTD
Start Date: 04/22/2014
Timestamp (s)	Suspect Timestamp	Temperature	Conductivity	Pressure	Salinity
1398207328.683	y	11.1058	3.60910	20.578	31.9676
1398207328.746	n	11.1058	3.60910	20.576	31.9676
1398207328.808	n	11.1057	3.60910	20.568	31.9676
1398207328.871	n	11.1058	3.60910	20.578	31.9676
1398207328.935	n	11.1057	3.60910	20.576	31.9676
1398207328.998	n	11.1057	3.60910	20.558	31.9677
1398207329.060	n	11.1058	3.60904	20.555	31.9670
1398207329.122	n	11.1057	3.60909	20.568	31.9676
1398207329.186	n	11.1057	3.60909	20.566	31.9676
1398207329.249	n	11.1057	3.60908	20.564	31.9674
1398207329.310	n	11.1057	3.60907	20.558	31.9674
1398207329.373	n	11.1058	3.60908	20.555	31.9674
1398207329.434	n	11.1058	3.60908	20.550	31.9674
1398207329.499	n	11.1059	3.60908	20.549	31.9674
1398207329.561	n	11.1059	3.60909	20.543	31.9674
1398207329.624	n	11.1059	3.60908	20.539	31.9674
1398207329.687	n	11.1059	3.60908	20.536	31.9673
1398207329.749	n	11.1058	3.60907	20.526	31.9673
1398207329.812	n	11.1058	3.60907	20.523	31.9673
1398207329.872	n	11.1058	3.60907	20.514	31.9673
1398207329.936	n	11.1058	3.60908	20.509	31.9674
1398207329.999	n	11.1058	3.60908	20.503	31.9675
1398207330.061	n	11.1058	3.60909	20.492	31.9675
1398207330.123	n	11.1058	3.60908	20.486	31.9674
1398207330.187	n	11.1057	3.60907	20.477	31.9674
1398207330.773	n	11.1057	3.60908	20.468	31.9675
1398207330.785	n	11.1057	3.60909	20.460	31.9676
1398207330.791	n	11.1057	3.60908	20.447	31.9676
1398207330.808	n	11.1057	3.60908	20.440	31.9676
1398207330.814	n	11.1058	3.60908	20.427	31.9674
1398207330.820	n	11.1059	3.60907	20.415	31.9673
1398207330.826	n	11.1059	3.60906	20.403	31.9672
1398207330.831	n	11.1059	3.60907	20.390	31.9673
1398207330.837	n	11.1059	3.60908	20.378	31.9674
1398207330.842	n	11.1058	3.60909	20.367	31.9676
1398207330.874	n	11.1058	3.60909	20.346	31.9676
1398207330.935	n	11.1057	3.60908	20.338	31.9675
1398207330.998	n	11.1057	3.60907	20.322	31.9675
1398207331.060	n	11.1058	3.60907	20.313	31.9674
1398207331.122	n	11.1058	3.60907	20.295	31.9674
1398207331.187	n	11.1058	3.60908	20.283	31.9675
1398207331.256	n	11.1058	3.60908	20.268	31.9675
1398207331.310	n	11.1058	3.60907	20.253	31.9675
1398207331.374	n	11.1058	3.60907	20.239	31.9674
1398207331.436	n	11.1058	3.60905	20.227	31.9673
1398207331.498	n	11.1058	3.60905	20.211	31.9673
1398207331.562	n	11.1058	3.60907	20.197	31.9674
1398207331.624	n	11.1057	3.60908	20.188	31.9676
1398207331.686	n	11.1057	3.60909	20.174	31.9677
1398207331.749	n	11.1057	3.60909	20.163	31.9677
1398207331.810	n	11.1058	3.60909	20.147	31.9677
1398207331.873	n	11.1058	3.60908	20.134	31.9676
1398207331.938	n	11.1058	3.60907	20.120	31.9676
1398207332.000	n	11.1057	3.60907	20.106	31.9676
1398207332.061	n	11.1057	3.60907	20.093	31.9676
1398207332.123	n	11.1057	3.60906	20.081	31.9675
1398207332.188	n	11.1056	3.60905	20.072	31.9675
1398207332.256	n	11.1056	3.60905	20.061	31.9675
1398207332.312	n	11.1056	3.60905	20.049	31.9675
1398207332.372	n	11.1055	3.60905	20.034	31.9676
1398207332.435	n	11.1055	3.60906	20.019	31.9678
1398207332.499	n	11.1054	3.60907	20.010	31.9678
1398207332.561	n	11.1054	3.60907	19.999	31.9679
1398207332.623	n	11.1054	3.60906	19.987	31.9678
1398207332.687	n	11.1054	3.60905	19.977	31.9677
1398207332.748	n	11.1054	3.60904	19.968	31.9676
1398207332.812	n	11.1053	3.60905	19.958	31.9678
1398207332.873	n	11.1053	3.60907	19.947	31.9680
1398207332.937	n	11.1053	3.60908	19.936	31.9681
1398207332.998	n	11.1053	3.60907	19.927	31.9680
1398207333.061	n	11.1053	3.60906	19.919	31.9679
1398207333.123	n	11.1053	3.60905	19.912	31.9678
1398207333.186	n	11.1053	3.60905	19.906	31.9678
1398207333.252	n	11.1052	3.60905	19.898	31.9678
1398207333.312	n	11.1052	3.60905	19.892	31.9678
1398207333.374	n	11.1052	3.60905	19.887	31.9679
1398207333.435	n	11.1052	3.60906	19.880	31.9680
1398207333.499	n	11.1052	3.60906	19.875	31.9680
1398207333.561	n	11.1052	3.60906	19.868	31.9680
1398207333.624	n	11.1053	3.60906	19.864	31.9680
1398207333.685	n	11.1053	3.60906	19.861	31.9679
1398207333.749	n	11.1053	3.60906	19.860	31.9679
1398207333.812	n	11.1054	3.60905	19.856	31.9678
1398207333.874	n	11.1053	3.60905	19.853	31.9678
1398207333.935	n	11.1053	3.60905	19.852	31.9679
1398207333.999	n	11.1052	3.60906	19.850	31.9680
1398207334.062	n	11.1052	3.60907	19.849	31.9681
1398207334.124	n	11.1053	3.60907	19.849	31.9681
1398207334.188	n	11.1053	3.60907	19.849	31.9681
1398207334.326	y	11.1053	3.60907	19.847	31.9681
1398207334.430	y	11.1053	3.60907	19.847	31.9680
1398207334.437	n	11.1052	3.60906	19.848	31.9680
1398207334.444	n	11.1052	3.60905	19.851	31.9680
1398207334.498	n	11.1051	3.60905	19.853	31.9680
1398207334.560	n	11.1051	3.60906	19.855	31.9681
1398207334.624	n	11.1051	3.60906	19.852	31.9682
1398207334.686	n	11.1051	3.60907	19.860	31.9682
1398207334.748	n	11.1051	3.60907	19.861	31.9682
1398207334.811	n	11.1052	3.60908	19.867	31.9682
1398207334.873	n	11.1052	3.60908	19.870	31.9682
1398207334.937	n	11.1052	3.60906	19.875	31.9681
1398207335.000	n	11.1052	3.60906	19.879	31.9680
1398207335.061	n	11.1053	3.60906	19.883	31.9679
1398207335.123	n	11.1053	3.60907	19.886	31.9680
1398207335.186	n	11.1053	3.60908	19.893	31.9681
1398207335.248	n	11.1053	3.60908	19.900	31.9681
1398207335.311	n	11.1053	3.60906	19.907	31.9680
1398207335.374	n	11.1053	3.60905	19.916	31.9679
1398207335.436	n	11.1052	3.60905	19.920	31.9679
1398207335.499	n	11.1052	3.60906	19.927	31.9679
1398207335.560	n	11.1052	3.60906	19.937	31.9680
1398207335.622	n	11.1052	3.60906	19.946	31.9679
1398207335.686	n	11.1052	3.60905	19.956	31.9679
1398207335.748	n	11.1053	3.60905	19.963	31.9678
1398207335.811	n	11.1053	3.60905	19.976	31.9677
1398207335.872	n	11.1053	3.60905	19.986	31.9677
1398207335.935	n	11.1053	3.60905	19.996	31.9677
1398207335.999	n	11.1053	3.60905	20.006	31.9677
1398207336.061	n	11.1053	3.60905	20.015	31.9677
1398207336.123	n	11.1053	3.60905	20.031	31.9678
1398207336.187	n	11.1054	3.60906	20.043	31.9678
1398207336.248	n	11.1054	3.60905	20.053	31.9677
1398207336.310	n	11.1054	3.60905	20.068	31.9677
1398207336.374	n	11.1053	3.60906	20.080	31.9678
1398207336.436	n	11.1053	3.60907	20.091	31.9679
1398207336.500	n	11.1053	3.60908	20.103	31.9680
1398207336.560	n	11.1053	3.60908	20.114	31.9680
1398207336.623	n	11.1053	3.60907	20.124	31.9679
1398207336.687	n	11.1054	3.60906	20.136	31.9678
1398207336.749	n	11.1054	3.60907	20.151	31.9678
1398207336.811	n	11.1054	3.60908	20.163	31.9679
1398207336.873	n	11.1055	3.60908	20.174	31.9678
1398207336.937	n	11.1055	3.60907	20.190	31.9677
1398207336.997	n	11.1055	3.60907	20.201	31.9677
1398207337.061	n	11.1055	3.60907	20.211	31.9677
1398207337.123	n	11.1055	3.60908	20.227	31.9678
1398207337.188	n	11.1055	3.60909	20.239	31.9679
1398207337.258	n	11.1054	3.60910	20.254	31.9680
1398207337.310	n	11.1055	3.60909	20.270	31.9679
1398207337.373	n	11.1055	3.60908	20.282	31.9678
1398207337.435	n	11.1055	3.60908	20.296	31.9677
1398207337.499	n	11.1055	3.60907	20.309	31.9677
1398207337.560	n	11.1054	3.60908	20.324	31.9678
1398207337.623	n	11.1053	3.60908	20.337	31.9679
1398207337.686	n	11.1053	3.60907	20.350	31.9678
1398207337.748	n	11.1054	3.60907	20.365	31.9678
1398207337.810	n	11.1054	3.60907	20.377	31.9678
1398207337.872	n	11.1054	3.60907	20.391	31.9677
1398207337.935	n	11.1054	3.60908	20.404	31.9678
1398207337.997	y	11.1054	3.60908	20.420	31.9678
1398207338.061	n	11.1054	3.60909	20.429	31.9679
1398207338.122	n	11.1054	3.60910	20.439	31.9680
1398207338.185	n	11.1054	3.60911	20.450	31.9681
1398207338.249	n	11.1054	3.60911	20.464	31.9680
1398207338.311	n	11.1055	3.60911	20.473	31.9680
1398207338.373	n	11.1055	3.60911	20.482	31.9680
1398207338.445	n	11.1055	3.60911	20.495	31.9680
1398207338.499	y	11.1055	3.60911	20.505	31.9680
1398207338.669	y	11.1054	3.60910	20.516	31.9680
1398207338.676	n	11.1054	3.60910	20.521	31.9679
1398207338.685	n	11.1054	3.60910	20.530	31.9679
1398207338.749	n	11.1054	3.60910	20.540	31.9679
1398207338.811	n	11.1054	3.60910	20.548	31.9679
1398207338.872	n	11.1054	3.60909	20.557	31.9679
1398207338.937	n	11.1054	3.60909	20.561	31.9678
1398207338.998	n	11.1054	3.60908	20.565	31.9678
1398207339.061	n	11.1055	3.60909	20.575	31.9678
1398207339.122	n	11.1054	3.60908	20.578	31.9677
1398207339.186	n	11.1054	3.60908	20.581	31.9677
1398207339.248	n	11.1054	3.60907	20.582	31.9677
1398207339.310	n	11.1054	3.60907	20.583	31.9677
1398207339.373	n	11.1054	3.60907	20.584	31.9677
1398207339.437	n	11.1054	3.60908	20.586	31.9677
1398207339.499	n	11.1054	3.60908	20.587	31.9678
1398207339.561	n	11.1054	3.60908	20.585	31.9677
1398207339.624	n	11.1054	3.60907	20.585	31.9677
1398207339.783	n	11.1053	3.60907	20.579	31.9677
1398207339.789	n	11.1053	3.60907	20.575	31.9677
1398207339.810	n	11.1053	3.60908	20.573	31.9678
1398207339.873	n	11.1053	3.60909	20.568	31.9679
1398207339.936	n	11.1053	3.60910	20.564	31.9680
1398207339.998	n	11.1053	3.60910	20.560	31.9680
1398207340.061	n	11.1053	3.60910	20.553	31.9680
1398207340.123	n	11.1053	3.60910	20.545	31.9680
1398207340.186	n	11.1054	3.60910	20.541	31.9680
1398207340.249	n	11.1053	3.60909	20.530	31.9679
1398207340.311	n	11.1053	3.60908	20.520	31.9678
1398207340.372	n	11.1053	3.60907	20.509	31.9678
1398207340.437	n	11.1053	3.60907	20.500	31.9678
1398207340.500	n	11.1052	3.60908	20.493	31.9679
1398207340.560	n	11.1052	3.60908	20.479	31.9680
1398207340.623	n	11.1052	3.60908	20.467	31.9680
1398207340.686	n	11.1052	3.60908	20.453	31.9680
1398207340.749	n	11.1052	3.60908	20.440	31.9679
1398207340.811	n	11.1052	3.60907	20.427	31.9679
1398207340.873	n	11.1052	3.60906	20.410	31.9678
1398207340.937	n	11.1053	3.60906	20.396	31.9677
1398207340.998	n	11.1053	3.60906	20.379	31.9677
1398207341.061	n	11.1053	3.60906	20.361	31.9677
1398207341.124	n	11.1054	3.60906	20.343	31.9677
1398207341.186	n	11.1054	3.60905	20.326	31.9676
1398207341.247	n	11.1053	3.60905	20.307	31.9676
1398207341.311	n	11.1054	3.60906	20.289	31.9677
1398207341.373	n	11.1054	3.60906	20.269	31.9677
1398207341.436	n	11.1053	3.60906	20.249	31.9678
1398207341.498	n	11.1053	3.60906	20.224	31.9678
1398207341.562	y	11.1053	3.60907	20.203	31.9679
1398207341.622	n	11.1053	3.60907	20.183	31.9679
1398207341.687	n	11.1053	3.60907	20.158	31.9679
1398207341.748	n	11.1053	3.60908	20.132	31.9680
1398207341.810	n	11.1052	3.60908	20.110	31.9681
1398207341.873	n	11.1052	3.60907	20.089	31.9680
1398207341.935	n	11.1052	3.60906	20.063	31.9680
1398207341.999	n	11.1052	3.60905	20.034	31.9679
1398207342.061	n	11.1052	3.60905	20.008	31.9678
1398207342.124	n	11.1052	3.60905	19.983	31.9679
1398207342.185	n	11.1053	3.60906	19.956	31.9680
1398207342.250	n	11.1053	3.60907	19.930	31.9680
1398207342.310	n	11.1053	3.60907	19.902	31.9681
1398207342.372	n	11.1053	3.60906	19.876	31.9680
1398207342.436	n	11.1053	3.60905	19.844	31.9679
1398207342.499	n	11.1053	3.60905	19.819	31.9678
1398207342.561	n	11.1053	3.60905	19.794	31.9679
1398207342.624	n	11.1053	3.60905	19.763	31.9679
1398207342.685	n	11.1053	3.60905	19.733	31.9680
1398207342.747	y	11.1053	3.60905	19.704	31.9680
1398207342.883	n	11.1052	3.60905	19.678	31.9680
1398207342.888	n	11.1052	3.60905	19.648	31.9679
1398207342.936	n	11.1052	3.60904	19.620	31.9679
1398207342.998	n	11.1052	3.60905	19.589	31.9680
1398207343.060	n	11.1052	3.60906	19.564	31.9681
1398207343.123	n	11.1052	3.60906	19.535	31.9681
1398207343.187	n	11.1052	3.60906	19.507	31.9682
1398207343.251	n	11.1053	3.60906	19.478	31.9682
1398207343.311	n	11.1053	3.60906	19.448	31.9681
1398207343.374	n	11.1053	3.60905	19.415	31.9680
1398207343.435	n	11.1053	3.60904	19.386	31.9679
1398207343.499	n	11.1053	3.60902	19.360	31.9677
1398207343.561	n	11.1053	3.60901	19.331	31.9677
1398207343.624	n	11.1053	3.60902	19.305	31.9678
1398207343.687	n	11.1053	3.60903	19.277	31.9679
1398207343.748	n	11.1052	3.60904	19.250	31.9681
1398207343.810	n	11.1052	3.60905	19.223	31.9682
1398207343.873	n	11.1051	3.60905	19.193	31.9682
1398207343.936	n	11.1051	3.60905	19.166	31.9683
1398207343.999	n	11.1051	3.60905	19.139	31.9683
1398207344.061	n	11.1051	3.60904	19.114	31.9682
1398207344.124	n	11.1051	3.60904	19.089	31.9682
1398207344.186	n	11.1051	3.60903	19.064	31.9681
1398207344.252	n	11.1051	3.60902	19.043	31.9680
1398207344.311	n	11.1051	3.60901	19.016	31.9679
1398207344.374	n	11.1051	3.60901	18.992	31.9680
1398207344.435	n	11.1050	3.60901	18.965	31.9680
1398207344.499	n	11.1050	3.60902	18.944	31.9681
1398207344.560	n	11.1050	3.60902	18.923	31.9681
1398207344.623	n	11.1051	3.60902	18.899	31.9681
1398207344.687	n	11.1051	3.60901	18.877	31.9681
1398207344.748	n	11.1051	3.60902	18.855	31.9681
1398207344.810	n	11.1051	3.60903	18.833	31.9682
1398207344.872	n	11.1051	3.60903	18.811	31.9683
1398207344.937	n	11.1051	3.60904	18.791	31.9683
1398207344.998	n	11.1050	3.60903	18.771	31.9683
1398207345.061	n	11.1050	3.60902	18.750	31.9682
1398207345.123	n	11.1050	3.60901	18.731	31.9681
1398207345.185	n	11.1051	3.60901	18.714	31.9681
1398207345.310	y	11.1051	3.60902	18.697	31.9682
1398207345.315	n	11.1051	3.60902	18.683	31.9682
1398207345.372	n	11.1051	3.60902	18.664	31.9683
1398207345.436	n	11.1051	3.60901	18.645	31.9681
1398207345.498	n	11.1051	3.60899	18.631	31.9680
1398207345.560	n	11.1050	3.60898	18.614	31.9679
1398207345.624	n	11.1050	3.60898	18.598	31.9679
1398207345.687	n	11.1050	3.60898	18.588	31.9680
1398207345.749	n	11.1050	3.60899	18.570	31.9680
1398207345.811	n	11.1050	3.60898	18.558	31.9680
1398207345.873	n	11.1051	3.60899	18.548	31.9680
1398207345.936	n	11.1051	3.60899	18.535	31.9680
1398207345.998	n	11.1051	3.60899	18.521	31.9680
1398207346.060	n	11.1051	3.60899	18.509	31.9679
1398207346.124	n	11.1051	3.60898	18.499	31.9679
1398207346.185	n	11.1050	3.60898	18.491	31.9679
1398207346.249	n	11.1050	3.60898	18.476	31.9679
1398207346.310	n	11.1050	3.60899	18.467	31.9680
1398207346.373	n	11.1050	3.60899	18.456	31.9681
1398207346.436	n	11.1050	3.60900	18.446	31.9681
1398207346.498	n	11.1050	3.60900	18.438	31.9682
1398207346.561	n	11.1050	3.60900	18.427	31.9682
1398207346.623	n	11.1050	3.60900	18.414	31.9682
1398207346.686	n	11.1050	3.60900	18.405	31.9681
1398207346.749	n	11.1051	3.60900	18.393	31.9681
1398207346.811	n	11.1051	3.60899	18.384	31.9681
1398207346.873	n	11.1051	3.60899	18.377	31.9680
1398207346.935	n	11.1051	3.60898	18.368	31.9680
1398207346.998	y	11.1050	3.60898	18.358	31.9680
1398207347.145	n	11.1049	3.60898	18.350	31.9681
1398207347.151	n	11.1049	3.60898	18.343	31.9682
1398207347.187	n	11.1049	3.60898	18.336	31.9682
1398207347.250	n	11.1049	3.60899	18.325	31.9682
1398207347.311	n	11.1049	3.60900	18.317	31.9683
1398207347.373	n	11.1049	3.60900	18.306	31.9683
1398207347.436	n	11.1050	3.60900	18.299	31.9682
1398207347.498	n	11.1050	3.60900	18.291	31.9682
1398207347.561	n	11.1051	3.60899	18.282	31.9681
1398207347.622	n	11.1051	3.60899	18.278	31.9681
1398207347.686	n	11.1051	3.60898	18.269	31.9680
1398207347.748	n	11.1050	3.60897	18.257	31.9679
1398207347.811	n	11.1050	3.60897	18.254	31.9680
1398207347.873	n	11.1050	3.60897	18.252	31.9679
1398207347.935	n	11.1050	3.60897	18.240	31.9680
1398207347.999	n	11.1050	3.60898	18.231	31.9681
1398207348.060	n	11.1050	3.60898	18.225	31.9681
1398207348.123	n	11.1051	3.60899	18.214	31.9681
1398207348.187	n	11.1051	3.60900	18.203	31.9682
1398207348.248	n	11.1050	3.60899	18.194	31.9682
1398207348.312	n	11.1050	3.60898	18.187	31.9681
1398207348.374	n	11.1049	3.60897	18.178	31.9680
1398207348.437	n	11.1050	3.60896	18.168	31.9680
1398207348.498	n	11.1050	3.60897	18.159	31.9680
1398207348.561	n	11.1051	3.60897	18.149	31.9680
1398207348.623	n	11.1051	3.60897	18.142	31.9680
1398207348.687	n	11.1051	3.60897	18.129	31.9679
1398207348.749	n	11.1051	3.60896	18.120	31.9678
1398207348.811	n	11.1051	3.60895	18.108	31.9678
1398207348.874	y	11.1050	3.60895	18.100	31.9678
1398207348.935	n	11.1051	3.60896	18.090	31.9679
1398207349.000	n	11.1050	3.60897	18.078	31.9680
1398207349.061	n	11.1050	3.60898	18.068	31.9681
1398207349.123	n	11.1051	3.60899	18.053	31.9682
1398207349.185	n	11.1051	3.60899	18.042	31.9682
1398207349.248	n	11.1051	3.60898	18.035	31.9681
1398207349.312	n	11.1051	3.60897	18.022	31.9680
1398207349.374	n	11.1051	3.60896	18.007	31.9679
1398207349.436	n	11.1051	3.60895	17.996	31.9678
1398207349.500	n	11.1050	3.60895	17.978	31.9678
1398207349.560	n	11.1050	3.60895	17.972	31.9679
1398207349.624	n	11.1049	3.60895	17.958	31.9679
1398207349.687	n	11.1049	3.60895	17.943	31.9680
1398207349.750	n	11.1048	3.60895	17.927	31.9681
1398207349.905	y	11.1048	3.60895	17.915	31.9681
1398207349.911	n	11.1048	3.60895	17.900	31.9681
1398207349.936	n	11.1049	3.60895	17.885	31.9680
1398207350.000	n	11.1050	3.60895	17.873	31.9680
1398207350.062	n	11.1050	3.60896	17.854	31.9680
1398207350.124	n	11.1050	3.60896	17.840	31.9680
1398207350.186	n	11.1050	3.60896	17.825	31.9681
1398207350.250	n	11.1050	3.60896	17.807	31.9680
1398207350.313	n	11.1050	3.60895	17.791	31.9680
1398207350.372	n	11.1051	3.60894	17.775	31.9678
1398207350.436	n	11.1051	3.60894	17.758	31.9678
1398207350.499	n	11.1050	3.60893	17.741	31.9678
1398207350.561	n	11.1050	3.60892	17.721	31.9678
1398207350.623	n	11.1049	3.60891	17.701	31.9677
1398207350.685	n	11.1049	3.60891	17.685	31.9676
1398207350.747	n	11.1050	3.60890	17.663	31.9675
1398207350.810	n	11.1051	3.60890	17.643	31.9674
1398207350.873	n	11.1051	3.60890	17.621	31.9675
1398207350.938	n	11.1051	3.60890	17.601	31.9675
1398207350.999	n	11.1051	3.60890	17.581	31.9675
1398207351.062	n	11.1051	3.60891	17.561	31.9676
1398207351.124	n	11.1051	3.60891	17.535	31.9676
1398207351.187	n	11.1051	3.60891	17.515	31.9677
1398207351.250	y	11.1050	3.60891	17.494	31.9677
1398207351.423	n	11.1050	3.60891	17.471	31.9677
1398207351.429	n	11.1050	3.60890	17.450	31.9676
1398207351.441	n	11.1051	3.60891	17.424	31.9676
1398207351.499	n	11.1051	3.60891	17.404	31.9677
1398207351.561	n	11.1051	3.60892	17.382	31.9678
1398207351.624	n	11.1051	3.60892	17.362	31.9678
1398207351.687	n	11.1050	3.60892	17.337	31.9679
1398207351.750	n	11.1050	3.60891	17.309	31.9678
1398207351.810	n	11.1050	3.60891	17.287	31.9677
1398207351.873	n	11.1051	3.60890	17.264	31.9676
1398207351.935	n	11.1051	3.60890	17.237	31.9676
1398207351.999	n	11.1051	3.60889	17.211	31.9676
1398207352.060	n	11.1051	3.60889	17.185	31.9675
1398207352.125	n	11.1050	3.60889	17.162	31.9676
1398207352.186	n	11.1050	3.60890	17.134	31.9677
1398207352.249	n	11.1050	3.60890	17.106	31.9678
1398207352.310	n	11.1049	3.60890	17.082	31.9678
1398207352.374	n	11.1049	3.60889	17.057	31.9677
1398207352.439	n	11.1049	3.60888	17.026	31.9677
1398207352.498	n	11.1049	3.60889	17.003	31.9677
1398207352.610	y	11.1049	3.60890	16.976	31.9679
1398207352.622	n	11.1049	3.60891	16.948	31.9679
1398207352.685	n	11.1050	3.60891	16.921	31.9680
1398207352.747	n	11.1050	3.60891	16.895	31.9679
1398207352.812	n	11.1050	3.60890	16.865	31.9679
1398207352.874	n	11.1050	3.60890	16.835	31.9679
1398207352.936	n	11.1049	3.60890	16.808	31.9679
1398207352.999	n	11.1048	3.60889	16.782	31.9679
1398207353.061	n	11.1048	3.60889	16.753	31.9680
1398207353.124	n	11.1048	3.60889	16.723	31.9680
1398207353.187	n	11.1048	3.60888	16.697	31.9679
1398207353.248	n	11.1047	3.60887	16.668	31.9679
1398207353.310	n	11.1045	3.60887	16.641	31.9681
1398207353.373	n	11.1042	3.60887	16.611	31.9684
1398207353.437	n	11.1039	3.60887	16.585	31.9687
1398207353.499	n	11.1037	3.60887	16.556	31.9689
1398207353.561	n	11.1035	3.60886	16.527	31.9689
1398207353.624	n	11.1034	3.60885	16.497	31.9690
1398207353.686	n	11.1033	3.60885	16.470	31.9690
1398207353.748	n	11.1033	3.60886	16.443	31.9691
1398207353.811	n	11.1033	3.60887	16.412	31.9692
1398207353.873	n	11.1033	3.60887	16.388	31.9693
1398207353.938	n	11.1033	3.60887	16.357	31.9692
1398207353.998	n	11.1033	3.60886	16.327	31.9692
1398207354.060	n	11.1032	3.60886	16.301	31.9693
1398207354.124	n	11.1032	3.60886	16.272	31.9694
1398207354.187	n	11.1031	3.60886	16.243	31.9694
1398207354.248	n	11.1031	3.60886	16.218	31.9694
1398207354.312	n	11.1032	3.60886	16.190	31.9693
1398207354.373	n	11.1033	3.60886	16.163	31.9693
1398207354.437	n	11.1033	3.60885	16.132	31.9691
1398207354.499	n	11.1034	3.60884	16.105	31.9689
1398207354.561	n	11.1035	3.60884	16.077	31.9688
1398207354.624	n	11.1036	3.60884	16.052	31.9688
1398207354.686	n	11.1037	3.60884	16.027	31.9688
1398207354.749	n	11.1037	3.60885	15.999	31.9689
1398207354.811	n	11.1037	3.60886	15.968	31.9689
1398207354.874	n	11.1037	3.60885	15.945	31.9689
1398207354.935	n	11.1037	3.60884	15.919	31.9688
1398207354.999	n	11.1037	3.60885	15.892	31.9689
1398207355.060	n	11.1037	3.60884	15.870	31.9688
1398207355.123	n	11.1036	3.60883	15.842	31.9688
1398207355.186	n	11.1036	3.60884	15.820	31.9689
1398207355.248	n	11.1036	3.60883	15.790	31.9689
1398207355.311	n	11.1036	3.60883	15.767	31.9688
1398207355.373	n	11.1037	3.60884	15.745	31.9689
1398207355.438	n	11.1037	3.60884	15.715	31.9689
1398207355.631	y	11.1037	3.60883	15.691	31.9689
1398207355.636	n	11.1036	3.60884	15.667	31.9690
1398207355.641	n	11.1035	3.60884	15.645	31.9690
1398207355.685	n	11.1035	3.60883	15.623	31.9690
1398207355.748	n	11.1035	3.60883	15.598	31.9690
1398207355.812	n	11.1035	3.60883	15.579	31.9690
1398207355.874	n	11.1035	3.60882	15.555	31.9689
1398207355.936	n	11.1035	3.60882	15.527	31.9689
1398207355.999	n	11.1035	3.60881	15.506	31.9689
1398207356.061	n	11.1035	3.60881	15.484	31.9689
1398207356.122	n	11.1035	3.60882	15.461	31.9690
1398207356.187	n	11.1034	3.60882	15.444	31.9690
1398207356.274	y	11.1034	3.60882	15.421	31.9690
1398207356.311	n	11.1034	3.60882	15.402	31.9690
1398207356.373	n	11.1034	3.60881	15.382	31.9689
1398207356.440	n	11.1034	3.60880	15.361	31.9689
1398207356.499	n	11.1034	3.60879	15.342	31.9689
1398207356.561	n	11.1033	3.60879	15.323	31.9689
1398207356.623	n	11.1033	3.60880	15.298	31.9690
1398207356.686	n	11.1033	3.60880	15.279	31.9690
1398207356.748	n	11.1033	3.60881	15.258	31.9690
1398207356.810	n	11.1033	3.60881	15.242	31.9691
1398207356.873	n	11.1033	3.60880	15.227	31.9691
1398207356.937	n	11.1033	3.60880	15.209	31.9691
1398207356.999	n	11.1032	3.60879	15.188	31.9691
1398207357.061	n	11.1032	3.60879	15.172	31.9690
1398207357.124	n	11.1033	3.60878	15.153	31.9689
1398207357.185	n	11.1033	3.60877	15.136	31.9688
1398207357.248	n	11.1033	3.60877	15.122	31.9688
1398207357.310	n	11.1032	3.60877	15.105	31.9689
1398207357.373	n	11.1032	3.60877	15.086	31.9689
1398207357.442	n	11.1032	3.60877	15.070	31.9689
1398207357.498	n	11.1032	3.60877	15.053	31.9689
1398207357.560	n	11.1032	3.60877	15.039	31.9689
1398207357.623	n	11.1032	3.60877	15.024	31.9689
1398207357.686	n	11.1031	3.60877	15.010	31.9690
1398207357.748	n	11.1031	3.60877	14.995	31.9690
1398207357.810	n	11.1031	3.60877	14.983	31.9691
1398207357.873	n	11.1030	3.60877	14.967	31.9691
1398207357.935	n	11.1030	3.60877	14.955	31.9691
1398207357.998	n	11.1030	3.60877	14.942	31.9691
1398207358.062	n	11.1029	3.60877	14.929	31.9692
1398207358.124	n	11.1029	3.60877	14.916	31.9692
1398207358.187	n	11.1029	3.60877	14.901	31.9692
1398207358.247	n	11.1029	3.60877	14.889	31.9693
1398207358.310	n	11.1028	3.60877	14.878	31.9693
1398207358.372	n	11.1028	3.60876	14.867	31.9693
1398207358.439	n	11.1028	3.60876	14.854	31.9692
1398207358.498	n	11.1028	3.60875	14.842	31.9692
1398207358.562	n	11.1028	3.60875	14.828	31.9692
1398207358.623	n	11.1027	3.60875	14.818	31.9692
1398207358.687	n	11.1027	3.60876	14.808	31.9693
1398207358.748	n	11.1026	3.60876	14.796	31.9694
1398207358.810	n	11.1026	3.60877	14.788	31.9695
1398207358.873	n	11.1026	3.60877	14.776	31.9695
1398207358.936	n	11.1026	3.60877	14.765	31.9695
1398207358.999	n	11.1027	3.60877	14.754	31.9695
1398207359.062	n	11.1027	3.60877	14.744	31.9695
1398207359.123	n	11.1026	3.60877	14.732	31.9695
1398207359.186	n	11.1026	3.60877	14.726	31.9696
1398207359.249	n	11.1025	3.60877	14.720	31.9696
1398207359.310	n	11.1025	3.60877	14.709	31.9697
1398207359.373	n	11.1025	3.60877	14.703	31.9697
1398207359.436	n	11.1025	3.60876	14.693	31.9696
1398207359.499	n	11.1025	3.60876	14.680	31.9696
1398207359.561	n	11.1025	3.60876	14.671	31.9695
1398207359.624	n	11.1025	3.60875	14.662	31.9695
1398207359.685	n	11.1025	3.60875	14.651	31.9696
1398207359.891	y	11.1024	3.60875	14.643	31.9696
1398207359.967	y	11.1023	3.60874	14.632	31.9696
1398207359.974	n	11.1023	3.60874	14.622	31.9696
1398207359.979	n	11.1023	3.60875	14.614	31.9696
1398207359.997	n	11.1024	3.60874	14.602	31.9696
1398207360.060	n	11.1024	3.60874	14.591	31.9696
1398207360.123	n	11.1023	3.60874	14.580	31.9695
1398207360.186	n	11.1023	3.60873	14.569	31.9695
1398207360.249	n	11.1022	3.60872	14.561	31.9695
1398207360.311	n	11.1022	3.60871	14.547	31.9694
1398207360.372	n	11.1022	3.60871	14.539	31.9694
1398207360.436	n	11.1023	3.60871	14.531	31.9693
1398207360.499	n	11.1023	3.60872	14.517	31.9694
1398207360.561	n	11.1022	3.60872	14.502	31.9695
1398207360.624	n	11.1022	3.60873	14.494	31.9697
1398207360.687	n	11.1022	3.60873	14.480	31.9697
1398207360.749	n	11.1022	3.60873	14.470	31.9696
1398207360.811	n	11.1022	3.60872	14.458	31.9696
1398207360.874	n	11.1022	3.60872	14.443	31.9696
1398207360.935	n	11.1021	3.60872	14.432	31.9696
1398207360.998	n	11.1021	3.60872	14.421	31.9697
1398207361.061	n	11.1021	3.60872	14.410	31.9697
1398207361.123	n	11.1021	3.60872	14.394	31.9697
1398207361.187	n	11.1021	3.60872	14.381	31.9697
1398207361.247	n	11.1022	3.60871	14.363	31.9696
1398207361.310	n	11.1022	3.60871	14.348	31.9695
1398207361.374	n	11.1022	3.60871	14.337	31.9695
1398207361.436	n	11.1022	3.60871	14.324	31.9695
1398207361.499	n	11.1022	3.60871	14.310	31.9696
1398207361.560	n	11.1023	3.60872	14.295	31.9696
1398207361.624	n	11.1023	3.60872	14.281	31.9695
1398207361.685	n	11.1023	3.60871	14.265	31.9694
1398207361.749	n	11.1023	3.60870	14.252	31.9693
1398207361.811	n	11.1023	3.60869	14.234	31.9693
1398207361.873	n	11.1022	3.60868	14.216	31.9692
1398207361.937	n	11.1022	3.60869	14.199	31.9693
1398207361.998	n	11.1022	3.60869	14.181	31.9693
1398207362.061	n	11.1023	3.60870	14.166	31.9694
1398207362.123	n	11.1023	3.60870	14.150	31.9694
1398207362.185	n	11.1023	3.60871	14.130	31.9695
1398207362.248	n	11.1023	3.60871	14.110	31.9695
1398207362.311	n	11.1023	3.60872	14.094	31.9696
1398207362.373	n	11.1022	3.60872	14.074	31.9697
1398207362.436	n	11.1022	3.60872	14.051	31.9697
1398207362.499	n	11.1022	3.60872	14.034	31.9697
1398207362.561	n	11.1023	3.60872	14.013	31.9697
1398207362.624	n	11.1023	3.60872	13.989	31.9697
1398207362.687	n	11.1024	3.60872	13.965	31.9696
1398207362.748	n	11.1023	3.60870	13.942	31.9695
1398207362.811	n	11.1023	3.60869	13.918	31.9694
1398207362.874	n	11.1022	3.60868	13.897	31.9694
1398207362.935	n	11.1021	3.60868	13.871	31.9694
1398207362.998	n	11.1021	3.60868	13.845	31.9695
1398207363.061	n	11.1020	3.60869	13.823	31.9696
1398207363.123	n	11.1020	3.60868	13.797	31.9696
1398207363.186	n	11.1020	3.60868	13.770	31.9696
1398207363.248	n	11.1019	3.60868	13.742	31.9697
1398207363.311	n	11.1019	3.60868	13.714	31.9697
1398207363.373	n	11.1018	3.60869	13.688	31.9698
1398207363.435	n	11.1018	3.60868	13.658	31.9699
1398207363.517	y	11.1017	3.60868	13.628	31.9699
1398207363.560	n	11.1016	3.60867	13.602	31.9700
1398207363.623	n	11.1015	3.60867	13.575	31.9700
1398207363.686	n	11.1014	3.60867	13.549	31.9701
1398207363.749	n	11.1014	3.60867	13.522	31.9701
1398207363.812	n	11.1014	3.60867	13.494	31.9702
1398207363.874	n	11.1014	3.60867	13.461	31.9702
1398207363.936	n	11.1013	3.60867	13.433	31.9702
1398207364.174	y	11.1013	3.60866	13.404	31.9702
1398207364.184	n	11.1012	3.60866	13.376	31.9702
1398207364.190	n	11.1012	3.60866	13.349	31.9702
1398207364.198	n	11.1012	3.60865	13.321	31.9702
1398207364.249	n	11.1012	3.60865	13.293	31.9702
1398207364.310	n	11.1012	3.60865	13.263	31.9702
1398207364.374	n	11.1011	3.60865	13.234	31.9703
1398207364.437	n	11.1011	3.60865	13.202	31.9704
1398207364.498	n	11.1010	3.60866	13.175	31.9705
1398207364.560	n	11.1010	3.60867	13.147	31.9706
1398207364.623	n	11.1010	3.60867	13.118	31.9706
1398207364.686	n	11.1009	3.60865	13.086	31.9706
1398207364.747	n	11.1008	3.60864	13.052	31.9705
1398207364.811	n	11.1008	3.60863	13.018	31.9704
1398207364.874	n	11.1008	3.60862	12.990	31.9704
1398207364.935	n	11.1007	3.60862	12.961	31.9705
1398207364.999	n	11.1006	3.60862	12.929	31.9706
1398207365.060	n	11.1006	3.60863	12.897	31.9707
1398207365.222	y	11.1005	3.60863	12.862	31.9708
1398207365.230	n	11.1005	3.60863	12.832	31.9708
1398207365.249	n	11.1005	3.60863	12.801	31.9708
1398207365.311	n	11.1005	3.60862	12.768	31.9707
1398207365.374	n	11.1005	3.60861	12.735	31.9707
1398207365.436	n	11.1004	3.60861	12.699	31.9707
1398207365.499	n	11.1004	3.60861	12.672	31.9707
1398207365.561	n	11.1004	3.60861	12.639	31.9708
1398207365.623	n	11.1004	3.60862	12.608	31.9709
1398207365.687	n	11.1004	3.60861	12.582	31.9709
1398207365.748	n	11.1003	3.60861	12.551	31.9708
1398207365.810	n	11.1003	3.60861	12.519	31.9709
1398207365.872	n	11.1003	3.60861	12.485	31.9709
1398207365.936	n	11.1003	3.60861	12.457	31.9710
1398207365.999	n	11.1003	3.60862	12.426	31.9711
1398207366.061	n	11.1002	3.60861	12.395	31.9711
1398207366.124	n	11.1002	3.60861	12.363	31.9711
1398207366.185	n	11.1001	3.60861	12.329	31.9711
1398207366.249	n	11.1001	3.60860	12.301	31.9711
1398207366.310	n	11.1001	3.60860	12.273	31.9711
1398207366.374	n	11.1001	3.60860	12.245	31.9711
1398207366.438	n	11.1001	3.60859	12.215	31.9710
1398207366.498	n	11.1001	3.60858	12.187	31.9710
1398207366.561	n	11.1001	3.60858	12.161	31.9710
1398207366.624	n	11.1001	3.60858	12.131	31.9710
1398207366.686	n	11.1001	3.60858	12.104	31.9710
1398207366.748	n	11.1001	3.60858	12.076	31.9710
1398207366.811	n	11.1000	3.60858	12.047	31.9710
1398207366.873	n	11.1000	3.60857	12.017	31.9710
1398207366.935	n	11.0999	3.60857	11.991	31.9711
1398207366.997	n	11.0998	3.60857	11.964	31.9711
1398207367.060	n	11.0998	3.60856	11.936	31.9711
1398207367.123	n	11.0998	3.60854	11.910	31.9709
1398207367.187	n	11.0998	3.60853	11.885	31.9708
1398207367.247	y	11.0998	3.60853	11.854	31.9708
1398207367.311	n	11.0998	3.60854	11.830	31.9709
1398207367.374	n	11.0998	3.60854	11.803	31.9709
1398207367.438	n	11.0999	3.60854	11.780	31.9708
1398207367.499	n	11.1000	3.60853	11.756	31.9708
1398207367.561	n	11.1000	3.60853	11.731	31.9707
1398207367.624	n	11.1000	3.60854	11.708	31.9707
1398207367.687	n	11.1001	3.60854	11.684	31.9708
1398207367.748	n	11.1001	3.60854	11.662	31.9708
1398207367.810	n	11.1001	3.60854	11.637	31.9708
1398207367.873	n	11.1001	3.60854	11.613	31.9708
1398207367.936	n	11.1001	3.60855	11.590	31.9709
1398207367.999	n	11.1000	3.60855	11.571	31.9710
1398207368.062	n	11.1000	3.60856	11.551	31.9711
1398207368.124	n	11.0999	3.60856	11.529	31.9712
1398207368.186	n	11.0999	3.60856	11.505	31.9712
1398207368.480	y	11.0999	3.60855	11.486	31.9711
1398207368.492	n	11.0999	3.60855	11.467	31.9711
1398207368.503	n	11.1000	3.60856	11.448	31.9711
1398207368.510	n	11.1000	3.60857	11.431	31.9712
1398207368.515	n	11.1001	3.60857	11.411	31.9711
1398207368.561	n	11.1001	3.60856	11.394	31.9710
1398207368.623	n	11.1002	3.60854	11.375	31.9709
1398207368.687	n	11.1002	3.60853	11.357	31.9708
1398207368.747	n	11.1002	3.60853	11.340	31.9707
1398207368.811	n	11.1003	3.60854	11.323	31.9708
1398207368.873	n	11.1003	3.60855	11.304	31.9708
1398207368.937	n	11.1004	3.60855	11.290	31.9707
1398207368.998	n	11.1005	3.60855	11.275	31.9706
1398207369.060	n	11.1006	3.60854	11.256	31.9705
1398207369.123	n	11.1008	3.60855	11.242	31.9704
1398207369.187	n	11.1009	3.60856	11.227	31.9704
1398207369.248	n	11.1010	3.60857	11.212	31.9705
1398207369.311	n	11.1010	3.60858	11.197	31.9705
1398207369.374	n	11.1011	3.60858	11.182	31.9705
1398207369.436	n	11.1011	3.60858	11.169	31.9705
1398207369.500	n	11.1011	3.60858	11.155	31.9704
1398207369.561	n	11.1012	3.60857	11.139	31.9703
1398207369.623	n	11.1013	3.60857	11.127	31.9702
1398207369.687	n	11.1014	3.60857	11.116	31.9701
1398207369.747	n	11.1014	3.60857	11.100	31.9701
1398207369.810	n	11.1014	3.60857	11.089	31.9702
1398207369.874	n	11.1014	3.60857	11.081	31.9702
1398207369.935	n	11.1014	3.60857	11.066	31.9701
1398207369.998	n	11.1014	3.60856	11.053	31.9701
1398207370.061	n	11.1015	3.60857	11.043	31.9701
1398207370.123	n	11.1015	3.60857	11.029	31.9701
1398207370.187	n	11.1016	3.60859	11.018	31.9702
1398207370.249	n	11.1016	3.60859	11.006	31.9703
1398207370.311	n	11.1016	3.60858	10.994	31.9702
1398207370.373	n	11.1016	3.60858	10.984	31.9701
1398207370.437	n	11.1017	3.60857	10.977	31.9700
1398207370.499	n	11.1017	3.60857	10.967	31.9699
1398207370.561	n	11.1018	3.60857	10.957	31.9699
1398207370.623	n	11.1018	3.60858	10.942	31.9699
1398207370.685	n	11.1018	3.60858	10.930	31.9699
1398207370.748	n	11.1018	3.60858	10.918	31.9699
1398207370.835	y	11.1018	3.60858	10.908	31.9700
1398207370.873	n	11.1018	3.60858	10.901	31.9700
1398207370.937	n	11.1018	3.60858	10.891	31.9699
1398207370.999	n	11.1019	3.60857	10.881	31.9698
1398207371.061	n	11.1020	3.60857	10.872	31.9697
1398207371.123	n	11.1020	3.60857	10.863	31.9698
1398207371.185	n	11.1020	3.60857	10.850	31.9698
1398207371.249	n	11.1019	3.60858	10.843	31.9699
1398207371.310	n	11.1019	3.60858	10.836	31.9699
1398207371.373	n	11.1019	3.60858	10.826	31.9699
1398207371.436	n	11.1020	3.60857	10.818	31.9698
1398207371.499	n	11.1021	3.60858	10.809	31.9698
1398207371.561	n	11.1022	3.60857	10.803	31.9696
1398207371.624	n	11.1022	3.60857	10.793	31.9696
1398207371.686	n	11.1022	3.60856	10.784	31.9695
1398207371.749	n	11.1022	3.60855	10.775	31.9694
1398207371.811	n	11.1022	3.60854	10.765	31.9693
1398207371.873	n	11.1022	3.60855	10.757	31.9694
1398207371.936	n	11.1022	3.60855	10.748	31.9694
1398207371.998	n	11.1022	3.60856	10.734	31.9695
1398207372.060	n	11.1022	3.60856	10.727	31.9695
1398207372.124	n	11.1022	3.60856	10.716	31.9695
1398207372.185	n	11.1022	3.60856	10.704	31.9695
1398207372.248	n	11.1022	3.60856	10.695	31.9695
1398207372.311	n	11.1022	3.60856	10.686	31.9695
1398207372.374	n	11.1022	3.60855	10.673	31.9694
1398207372.436	n	11.1022	3.60854	10.664	31.9694
1398207372.602	y	11.1022	3.60854	10.652	31.9693
1398207372.607	n	11.1022	3.60855	10.640	31.9694
1398207372.624	n	11.1023	3.60856	10.628	31.9695
1398207372.686	n	11.1023	3.60856	10.620	31.9695
1398207372.748	n	11.1023	3.60857	10.609	31.9695
1398207372.812	n	11.1023	3.60856	10.597	31.9695
1398207372.873	n	11.1023	3.60856	10.582	31.9694
1398207372.937	n	11.1023	3.60855	10.572	31.9694
1398207372.999	n	11.1023	3.60854	10.561	31.9693
1398207373.061	n	11.1022	3.60853	10.547	31.9693
1398207373.122	n	11.1022	3.60854	10.536	31.9694
1398207373.186	n	11.1022	3.60855	10.523	31.9695
1398207373.248	n	11.1022	3.60856	10.511	31.9696
1398207373.311	n	11.1022	3.60855	10.501	31.9695
1398207373.372	n	11.1022	3.60854	10.486	31.9694
1398207373.437	n	11.1023	3.60853	10.472	31.9692
1398207373.501	n	11.1023	3.60852	10.464	31.9692
1398207373.561	n	11.1023	3.60853	10.448	31.9692
1398207373.624	n	11.1024	3.60853	10.434	31.9692
1398207373.686	n	11.1024	3.60853	10.424	31.9692
1398207373.748	n	11.1023	3.60853	10.407	31.9693
1398207373.811	n	11.1023	3.60853	10.391	31.9693
1398207373.873	n	11.1023	3.60853	10.377	31.9693
1398207373.935	n	11.1023	3.60853	10.361	31.9693
1398207373.999	n	11.1024	3.60853	10.343	31.9693
1398207374.060	n	11.1024	3.60853	10.326	31.9693
1398207374.124	n	11.1024	3.60854	10.308	31.9693
1398207374.187	n	11.1024	3.60854	10.290	31.9693
1398207374.249	n	11.1025	3.60855	10.273	31.9694
1398207374.311	n	11.1025	3.60856	10.254	31.9694
1398207374.374	n	11.1026	3.60857	10.232	31.9695
1398207374.436	n	11.1026	3.60857	10.217	31.9695
1398207374.543	y	11.1027	3.60858	10.196	31.9695
1398207374.560	n	11.1028	3.60858	10.176	31.9694
1398207374.623	n	11.1028	3.60858	10.155	31.9694
1398207374.686	n	11.1028	3.60858	10.134	31.9695
1398207374.750	n	11.1027	3.60857	10.111	31.9695
1398207374.810	n	11.1027	3.60856	10.087	31.9694
1398207374.873	n	11.1027	3.60855	10.066	31.9693
1398207374.937	n	11.1027	3.60854	10.045	31.9692
1398207374.997	n	11.1027	3.60853	10.021	31.9691
1398207375.062	n	11.1027	3.60853	9.998	31.9691
1398207375.124	n	11.1027	3.60853	9.976	31.9691
1398207375.187	n	11.1027	3.60853	9.953	31.9691
1398207375.249	n	11.1027	3.60853	9.930	31.9691
1398207375.311	n	11.1027	3.60853	9.909	31.9691
1398207375.373	n	11.1028	3.60853	9.885	31.9690
1398207375.436	n	11.1028	3.60851	9.861	31.9689
1398207375.498	n	11.1028	3.60850	9.837	31.9688
1398207375.560	n	11.1028	3.60849	9.814	31.9687
1398207375.624	n	11.1028	3.60848	9.791	31.9687
1398207375.687	n	11.1028	3.60848	9.764	31.9687
1398207375.748	n	11.1028	3.60848	9.740	31.9686
1398207375.810	n	11.1029	3.60848	9.714	31.9686
1398207375.874	n	11.1029	3.60848	9.689	31.9685
1398207375.937	n	11.1030	3.60848	9.663	31.9685
1398207375.999	n	11.1030	3.60847	9.637	31.9684
1398207376.062	n	11.1030	3.60845	9.614	31.9683
1398207376.123	n	11.1030	3.60844	9.587	31.9682
1398207376.187	n	11.1030	3.60843	9.563	31.9681
1398207376.249	n	11.1030	3.60843	9.536	31.9681
1398207376.311	n	11.1030	3.60844	9.508	31.9681
1398207376.373	n	11.1030	3.60843	9.488	31.9680
1398207376.436	n	11.1031	3.60843	9.461	31.9680
1398207376.498	n	11.1032	3.60842	9.435	31.9678
1398207376.560	n	11.1034	3.60842	9.414	31.9676
1398207376.623	n	11.1036	3.60841	9.387	31.9674
1398207376.685	n	11.1038	3.60841	9.364	31.9672
1398207376.871	y	11.1040	3.60840	9.339	31.9669
1398207376.877	n	11.1043	3.60839	9.313	31.9666
1398207376.882	n	11.1045	3.60838	9.291	31.9664
1398207376.936	n	11.1047	3.60838	9.265	31.9662
1398207377.000	n	11.1050	3.60837	9.243	31.9659
1398207377.061	n	11.1052	3.60837	9.220	31.9657
1398207377.124	n	11.1055	3.60837	9.196	31.9655
1398207377.186	n	11.1057	3.60838	9.172	31.9654
1398207377.248	n	11.1059	3.60838	9.146	31.9653
1398207377.310	n	11.1060	3.60838	9.122	31.9651
1398207377.373	n	11.1060	3.60836	9.099	31.9650
1398207377.435	n	11.1060	3.60836	9.076	31.9649
1398207377.498	n	11.1059	3.60836	9.054	31.9650
1398207377.561	n	11.1059	3.60837	9.032	31.9651
1398207377.624	n	11.1059	3.60838	9.010	31.9652
1398207377.686	n	11.1058	3.60837	8.983	31.9652
1398207377.748	n	11.1059	3.60836	8.964	31.9651
1398207377.810	n	11.1060	3.60835	8.942	31.9649
1398207377.875	n	11.1061	3.60836	8.919	31.9649
1398207377.936	n	11.1063	3.60836	8.896	31.9648
1398207377.998	n	11.1064	3.60836	8.871	31.9647
1398207378.061	n	11.1065	3.60837	8.856	31.9646
1398207378.123	n	11.1067	3.60836	8.836	31.9644
1398207378.221	y	11.1068	3.60834	8.812	31.9641
1398207378.248	n	11.1070	3.60833	8.793	31.9639
1398207378.311	n	11.1071	3.60833	8.772	31.9638
1398207378.374	n	11.1073	3.60833	8.751	31.9637
1398207378.436	n	11.1075	3.60834	8.730	31.9636
1398207378.498	n	11.1077	3.60834	8.709	31.9634
1398207378.560	n	11.1079	3.60834	8.691	31.9632
1398207378.623	n	11.1081	3.60833	8.672	31.9630
1398207378.685	n	11.1082	3.60833	8.653	31.9629
1398207378.749	n	11.1084	3.60833	8.629	31.9628
1398207378.811	n	11.1085	3.60833	8.608	31.9626
1398207378.874	n	11.1087	3.60832	8.590	31.9624
1398207378.936	n	11.1088	3.60830	8.568	31.9621
1398207378.998	n	11.1090	3.60830	8.549	31.9620
1398207379.061	n	11.1091	3.60830	8.529	31.9619
1398207379.124	n	11.1092	3.60830	8.510	31.9618
1398207379.186	n	11.1093	3.60830	8.489	31.9618
1398207379.249	n	11.1094	3.60830	8.470	31.9617
1398207379.312	n	11.1094	3.60830	8.448	31.9616
1398207379.374	n	11.1094	3.60829	8.426	31.9615
1398207379.437	n	11.1095	3.60829	8.409	31.9615
1398207379.499	n	11.1094	3.60829	8.387	31.9615
1398207379.561	n	11.1094	3.60830	8.366	31.9616
1398207379.623	n	11.1095	3.60830	8.345	31.9616
1398207379.686	n	11.1096	3.60829	8.325	31.9615
1398207379.748	n	11.1097	3.60828	8.308	31.9613
1398207379.812	n	11.1097	3.60828	8.288	31.9612
1398207379.874	n	11.1097	3.60829	8.265	31.9613
1398207379.936	n	11.1097	3.60830	8.247	31.9615
1398207379.999	n	11.1097	3.60832	8.226	31.9616
1398207380.061	n	11.1097	3.60832	8.206	31.9616
1398207380.124	n	11.1097	3.60830	8.194	31.9615
1398207380.188	n	11.1097	3.60829	8.173	31.9614
1398207380.249	n	11.1098	3.60829	8.157	31.9613
1398207380.311	n	11.1098	3.60828	8.136	31.9612
1398207380.374	n	11.1099	3.60829	8.113	31.9612
1398207380.437	n	11.1100	3.60828	8.096	31.9611
1398207380.499	n	11.1100	3.60827	8.077	31.9610
1398207380.647	y	11.1100	3.60826	8.057	31.9609
1398207380.653	n	11.1100	3.60827	8.040	31.9609
1398207380.685	n	11.1101	3.60828	8.020	31.9611
1398207380.749	n	11.1101	3.60830	8.001	31.9613
1398207380.811	n	11.1101	3.60831	7.981	31.9613
1398207380.874	n	11.1101	3.60831	7.960	31.9613
1398207380.937	n	11.1101	3.60831	7.941	31.9613
1398207381.179	y	11.1101	3.60831	7.921	31.9613
1398207381.187	n	11.1101	3.60831	7.898	31.9614
1398207381.195	n	11.1102	3.60832	7.879	31.9614
1398207381.200	n	11.1102	3.60832	7.858	31.9614
1398207381.249	n	11.1102	3.60832	7.840	31.9614
1398207381.312	n	11.1102	3.60833	7.817	31.9615
1398207381.373	n	11.1102	3.60833	7.795	31.9615
1398207381.436	n	11.1103	3.60834	7.772	31.9616
1398207381.498	n	11.1103	3.60834	7.753	31.9616
1398207381.561	n	11.1104	3.60834	7.730	31.9615
1398207381.624	n	11.1105	3.60834	7.709	31.9614
1398207381.686	n	11.1106	3.60834	7.688	31.9613
1398207381.748	y	11.1107	3.60834	7.668	31.9613
1398207381.810	n	11.1107	3.60834	7.646	31.9613
1398207381.873	n	11.1108	3.60835	7.628	31.9612
1398207381.936	n	11.1109	3.60834	7.606	31.9611
1398207381.999	n	11.1109	3.60835	7.587	31.9611
1398207382.062	n	11.1110	3.60835	7.566	31.9611
1398207382.123	n	11.1110	3.60835	7.546	31.9611
1398207382.187	n	11.1111	3.60835	7.524	31.9611
1398207382.248	n	11.1112	3.60835	7.505	31.9610
1398207382.311	n	11.1112	3.60835	7.483	31.9609
1398207382.373	n	11.1113	3.60834	7.462	31.9608
1398207382.436	n	11.1113	3.60834	7.442	31.9608
1398207382.499	n	11.1113	3.60833	7.422	31.9607
1398207382.565	n	11.1113	3.60833	7.402	31.9607
1398207382.623	n	11.1113	3.60834	7.376	31.9608
1398207382.687	n	11.1114	3.60835	7.356	31.9609
1398207382.748	n	11.1114	3.60836	7.338	31.9609
1398207382.810	n	11.1115	3.60835	7.318	31.9608
1398207382.874	n	11.1116	3.60834	7.295	31.9606
1398207382.936	n	11.1116	3.60832	7.277	31.9604
1398207382.998	n	11.1115	3.60831	7.261	31.9604
1398207383.061	n	11.1114	3.60830	7.238	31.9604
1398207383.123	n	11.1113	3.60829	7.218	31.9604
1398207383.186	n	11.1113	3.60828	7.195	31.9604
1398207383.248	n	11.1113	3.60827	7.175	31.9602
1398207383.310	n	11.1114	3.60825	7.161	31.9600
1398207383.373	n	11.1115	3.60823	7.142	31.9597
1398207383.436	n	11.1116	3.60821	7.119	31.9594
1398207383.499	n	11.1117	3.60819	7.097	31.9591
1398207383.564	n	11.1119	3.60818	7.081	31.9589
1398207383.624	n	11.1121	3.60818	7.062	31.9587
1398207383.686	n	11.1123	3.60818	7.042	31.9586
1398207383.749	n	11.1124	3.60818	7.024	31.9584
1398207383.812	n	11.1126	3.60818	7.000	31.9583
1398207383.874	n	11.1128	3.60818	6.981	31.9582
1398207383.938	n	11.1129	3.60818	6.966	31.9581
1398207384.000	n	11.1130	3.60819	6.947	31.9580
1398207384.061	n	11.1131	3.60818	6.925	31.9579
1398207384.124	n	11.1133	3.60817	6.905	31.9576
1398207384.187	n	11.1135	3.60817	6.887	31.9574
1398207384.248	n	11.1137	3.60816	6.868	31.9573
1398207384.310	n	11.1138	3.60816	6.847	31.9571
1398207384.375	n	11.1140	3.60816	6.826	31.9570
1398207384.436	n	11.1141	3.60816	6.804	31.9569
1398207384.498	n	11.1142	3.60815	6.784	31.9567
1398207384.563	n	11.1142	3.60814	6.764	31.9566
1398207384.624	n	11.1142	3.60814	6.750	31.9565
1398207384.685	n	11.1143	3.60814	6.729	31.9565
1398207384.748	n	11.1143	3.60814	6.708	31.9566
1398207384.810	n	11.1143	3.60814	6.691	31.9566
1398207384.873	n	11.1143	3.60814	6.671	31.9566
1398207384.935	n	11.1144	3.60814	6.648	31.9565
1398207384.999	n	11.1144	3.60813	6.629	31.9564
1398207385.061	n	11.1145	3.60814	6.610	31.9564
1398207385.124	n	11.1146	3.60814	6.591	31.9563
1398207385.185	n	11.1147	3.60814	6.570	31.9562
1398207385.453	y	11.1147	3.60813	6.551	31.9561
1398207385.461	n	11.1148	3.60812	6.533	31.9560
1398207385.466	n	11.1148	3.60812	6.511	31.9559
1398207385.566	y	11.1149	3.60812	6.492	31.9559
1398207385.577	n	11.1150	3.60814	6.470	31.9560
1398207385.582	n	11.1150	3.60814	6.447	31.9560
1398207385.623	n	11.1151	3.60815	6.431	31.9561
1398207385.687	n	11.1151	3.60816	6.410	31.9561
1398207385.748	n	11.1152	3.60816	6.388	31.9561
1398207385.812	n	11.1152	3.60816	6.369	31.9561
1398207385.873	n	11.1153	3.60816	6.353	31.9561
1398207385.936	n	11.1153	3.60817	6.330	31.9561
1398207385.999	n	11.1154	3.60819	6.311	31.9563
1398207386.061	n	11.1154	3.60820	6.291	31.9563
1398207386.124	n	11.1155	3.60820	6.271	31.9563
1398207386.187	n	11.1155	3.60820	6.249	31.9562
1398207386.248	n	11.1156	3.60818	6.228	31.9560
1398207386.310	n	11.1157	3.60818	6.209	31.9559
1398207386.374	n	11.1158	3.60818	6.188	31.9558
1398207386.436	n	11.1159	3.60818	6.166	31.9558
1398207386.499	n	11.1159	3.60819	6.143	31.9559
1398207386.560	n	11.1159	3.60820	6.126	31.9559
1398207386.624	n	11.1159	3.60821	6.105	31.9561
1398207386.685	n	11.1158	3.60821	6.090	31.9562
1398207386.748	n	11.1158	3.60822	6.069	31.9563
1398207386.811	n	11.1157	3.60823	6.051	31.9565
1398207386.874	n	11.1157	3.60824	6.031	31.9565
1398207386.936	n	11.1158	3.60825	6.010	31.9566
1398207386.999	n	11.1158	3.60825	5.991	31.9566
1398207387.062	n	11.1158	3.60824	5.974	31.9566
1398207387.123	n	11.1158	3.60824	5.955	31.9565
1398207387.186	n	11.1157	3.60823	5.934	31.9565
1398207387.249	n	11.1157	3.60823	5.914	31.9566
1398207387.311	n	11.1156	3.60823	5.895	31.9567
1398207387.374	n	11.1156	3.60824	5.880	31.9567
1398207387.437	n	11.1156	3.60823	5.864	31.9567
1398207387.499	n	11.1157	3.60823	5.844	31.9566
1398207387.561	n	11.1157	3.60823	5.824	31.9565
1398207387.623	n	11.1158	3.60824	5.805	31.9566
1398207387.686	n	11.1159	3.60825	5.786	31.9566
1398207387.749	n	11.1160	3.60825	5.768	31.9565
1398207387.812	n	11.1160	3.60824	5.750	31.9565
1398207387.874	n	11.1160	3.60823	5.733	31.9564
1398207387.935	n	11.1159	3.60822	5.713	31.9564
1398207387.998	n	11.1159	3.60822	5.693	31.9564
1398207388.061	n	11.1159	3.60823	5.676	31.9564
1398207388.124	n	11.1159	3.60823	5.657	31.9564
1398207388.187	y	11.1160	3.60822	5.641	31.9564
1398207388.249	n	11.1160	3.60822	5.626	31.9563
1398207388.312	n	11.1161	3.60822	5.610	31.9562
1398207388.374	n	11.1161	3.60822	5.595	31.9562
1398207388.438	n	11.1162	3.60822	5.576	31.9562
1398207388.499	n	11.1162	3.60822	5.559	31.9562
1398207388.561	n	11.1162	3.60822	5.543	31.9562
1398207388.623	n	11.1161	3.60822	5.527	31.9563
1398207388.686	n	11.1161	3.60822	5.513	31.9563
1398207388.747	n	11.1160	3.60821	5.497	31.9563
1398207388.811	n	11.1158	3.60822	5.481	31.9564
1398207388.874	n	11.1157	3.60821	5.463	31.9565
1398207388.935	n	11.1156	3.60820	5.448	31.9564
1398207388.999	n	11.1156	3.60812	5.433	31.9557
1398207389.060	n	11.1157	3.60770	5.415	31.9516
1398207389.182	y	11.1160	3.60692	5.400	31.9436
1398207389.187	n	11.1164	3.60595	5.384	31.9337
1398207389.248	n	11.1170	3.60503	5.369	31.9241
1398207389.312	n	11.1174	3.60438	5.355	31.9174
1398207389.374	n	11.1177	3.60413	5.341	31.9147
1398207389.435	n	11.1178	3.60402	5.326	31.9136
1398207389.602	y	11.1178	3.60397	5.311	31.9130
1398207389.607	n	11.1179	3.60393	5.297	31.9126
1398207389.623	n	11.1179	3.60391	5.281	31.9124
1398207389.687	n	11.1178	3.60390	5.262	31.9124
1398207389.748	n	11.1178	3.60390	5.247	31.9124
1398207389.811	n	11.1177	3.60389	5.232	31.9124
1398207389.873	n	11.1177	3.60388	5.217	31.9123
1398207389.937	n	11.1176	3.60388	5.205	31.9123
1398207389.999	n	11.1176	3.60388	5.188	31.9124
1398207390.061	n	11.1176	3.60389	5.171	31.9125
1398207390.123	n	11.1176	3.60389	5.153	31.9126
1398207390.188	n	11.1175	3.60390	5.137	31.9127
1398207390.248	n	11.1175	3.60389	5.123	31.9126
1398207390.310	n	11.1175	3.60388	5.110	31.9125
1398207390.374	n	11.1174	3.60389	5.096	31.9127
1398207390.436	n	11.1174	3.60394	5.079	31.9132
1398207390.499	n	11.1173	3.60399	5.065	31.9138
1398207390.561	n	11.1173	3.60405	5.048	31.9143
1398207390.624	n	11.1174	3.60408	5.032	31.9146
1398207390.686	n	11.1175	3.60409	5.016	31.9146
1398207390.748	n	11.1176	3.60410	4.999	31.9146
1398207390.810	n	11.1176	3.60410	4.983	31.9146
1398207390.874	n	11.1176	3.60409	4.967	31.9145
1398207390.936	n	11.1176	3.60410	4.953	31.9146
1398207390.998	n	11.1177	3.60408	4.940	31.9144
1398207391.061	n	11.1177	3.60403	4.928	31.9139
1398207391.124	n	11.1177	3.60398	4.915	31.9134
1398207391.186	n	11.1177	3.60392	4.896	31.9128
1398207391.248	n	11.1177	3.60387	4.881	31.9124
1398207391.311	n	11.1177	3.60386	4.867	31.9122
1398207391.375	n	11.1178	3.60384	4.850	31.9120
1398207391.436	n	11.1179	3.60383	4.833	31.9118
1398207391.499	n	11.1180	3.60382	4.819	31.9116
1398207391.562	n	11.1181	3.60380	4.801	31.9114
1398207391.624	n	11.1180	3.60378	4.782	31.9113
1398207391.685	n	11.1178	3.60377	4.767	31.9113
1398207391.749	n	11.1177	3.60378	4.751	31.9116
1398207391.811	n	11.1175	3.60379	4.732	31.9118
1398207391.873	n	11.1175	3.60380	4.716	31.9119
1398207391.937	n	11.1175	3.60380	4.699	31.9119
1398207391.999	n	11.1175	3.60380	4.677	31.9119
1398207392.062	n	11.1175	3.60381	4.658	31.9119
1398207392.126	n	11.1176	3.60382	4.637	31.9120
1398207392.186	n	11.1177	3.60383	4.620	31.9120
1398207392.248	n	11.1178	3.60384	4.602	31.9120
1398207392.311	n	11.1179	3.60383	4.583	31.9119
1398207392.373	n	11.1180	3.60382	4.565	31.9117
1398207392.436	n	11.1180	3.60381	4.544	31.9116
1398207392.498	n	11.1180	3.60381	4.527	31.9116
1398207392.561	n	11.1180	3.60382	4.507	31.9117
1398207392.623	n	11.1180	3.60383	4.484	31.9118
1398207392.766	y	11.1180	3.60383	4.468	31.9119
1398207392.771	n	11.1180	3.60383	4.451	31.9119
1398207392.811	n	11.1180	3.60384	4.430	31.9120
1398207392.873	n	11.1180	3.60385	4.409	31.9121
1398207392.937	n	11.1180	3.60386	4.392	31.9122
1398207392.999	n	11.1180	3.60386	4.372	31.9121
1398207393.062	n	11.1180	3.60385	4.355	31.9121
1398207393.123	n	11.1181	3.60384	4.334	31.9120
1398207393.186	n	11.1180	3.60384	4.319	31.9120
1398207393.248	n	11.1179	3.60384	4.298	31.9121
1398207393.311	n	11.1179	3.60385	4.281	31.9122
1398207393.374	n	11.1179	3.60384	4.261	31.9122
1398207393.435	n	11.1179	3.60384	4.242	31.9121
1398207393.500	n	11.1179	3.60383	4.224	31.9120
1398207393.561	n	11.1179	3.60381	4.202	31.9118
1398207393.623	n	11.1179	3.60380	4.180	31.9117
1398207393.688	n	11.1179	3.60380	4.161	31.9118
1398207393.880	y	11.1179	3.60383	4.143	31.9120
1398207393.886	n	11.1180	3.60386	4.123	31.9123
1398207393.893	n	11.1181	3.60389	4.101	31.9125
1398207393.935	n	11.1181	3.60389	4.079	31.9126
1398207393.998	n	11.1180	3.60388	4.057	31.9125
1398207394.061	n	11.1179	3.60386	4.036	31.9124
1398207394.123	n	11.1179	3.60384	4.021	31.9123
1398207394.186	n	11.1179	3.60382	4.001	31.9121
1398207394.249	n	11.1178	3.60380	3.981	31.9119
1398207394.311	n	11.1179	3.60380	3.958	31.9119
1398207394.374	n	11.1180	3.60382	3.936	31.9120
1398207394.435	n	11.1181	3.60385	3.916	31.9121
1398207394.499	n	11.1183	3.60386	3.898	31.9122
1398207394.561	n	11.1184	3.60387	3.879	31.9121
1398207394.625	n	11.1185	3.60387	3.858	31.9120
1398207394.687	n	11.1186	3.60387	3.836	31.9120
1398207394.748	n	11.1186	3.60388	3.814	31.9120
1398207394.812	n	11.1187	3.60388	3.794	31.9120
1398207394.874	n	11.1188	3.60388	3.770	31.9119
1398207394.936	n	11.1190	3.60389	3.752	31.9118
1398207394.998	n	11.1193	3.60390	3.727	31.9117
1398207395.061	n	11.1196	3.60393	3.706	31.9118
1398207395.124	n	11.1198	3.60397	3.683	31.9119
1398207395.187	n	11.1200	3.60398	3.661	31.9120
1398207395.249	n	11.1200	3.60399	3.638	31.9120
1398207395.312	n	11.1200	3.60399	3.617	31.9121
1398207395.375	n	11.1200	3.60400	3.592	31.9121
1398207395.437	n	11.1201	3.60403	3.570	31.9123
1398207395.499	n	11.1202	3.60406	3.547	31.9125
1398207395.562	n	11.1204	3.60407	3.523	31.9125
1398207395.624	n	11.1203	3.60405	3.502	31.9124
1398207395.686	n	11.1202	3.60404	3.478	31.9124
1398207395.749	n	11.1199	3.60401	3.457	31.9124
1398207395.810	n	11.1196	3.60398	3.435	31.9124
1398207395.873	n	11.1193	3.60396	3.409	31.9124
1398207395.937	n	11.1192	3.60395	3.381	31.9125
1398207395.998	n	11.1192	3.60394	3.358	31.9124
1398207396.061	n	11.1193	3.60395	3.332	31.9124
1398207396.125	n	11.1194	3.60396	3.308	31.9124
1398207396.186	n	11.1195	3.60396	3.282	31.9123
1398207396.326	y	11.1195	3.60396	3.257	31.9124
1398207396.331	n	11.1194	3.60397	3.234	31.9125
1398207396.374	n	11.1193	3.60395	3.210	31.9125
1398207396.500	y	11.1191	3.60393	3.188	31.9124
1398207396.505	n	11.1190	3.60391	3.164	31.9124
1398207396.561	n	11.1189	3.60389	3.140	31.9122
1398207396.625	n	11.1188	3.60387	3.116	31.9121
1398207396.687	n	11.1188	3.60385	3.095	31.9119
1398207396.749	n	11.1189	3.60384	3.075	31.9118
1398207396.812	n	11.1190	3.60384	3.051	31.9117
1398207396.874	n	11.1190	3.60386	3.031	31.9118
1398207396.936	n	11.1191	3.60388	3.011	31.9120
1398207396.999	n	11.1190	3.60390	2.988	31.9123
1398207397.060	n	11.1190	3.60389	2.969	31.9122
1398207397.124	n	11.1190	3.60388	2.949	31.9121
1398207397.188	n	11.1190	3.60387	2.929	31.9119
1398207397.248	n	11.1191	3.60386	2.906	31.9118
1398207397.312	n	11.1192	3.60386	2.889	31.9118
1398207397.373	n	11.1192	3.60387	2.870	31.9119
1398207397.437	n	11.1193	3.60387	2.852	31.9118
1398207397.498	n	11.1193	3.60386	2.833	31.9117
1398207397.562	n	11.1193	3.60385	2.816	31.9116
1398207397.624	n	11.1193	3.60385	2.799	31.9116
1398207397.687	n	11.1194	3.60387	2.783	31.9117
1398207397.749	n	11.1194	3.60389	2.769	31.9119
1398207397.812	n	11.1193	3.60390	2.755	31.9121
1398207397.874	n	11.1191	3.60390	2.737	31.9122
1398207397.936	n	11.1190	3.60388	2.725	31.9123
1398207398.080	y	11.1187	3.60388	2.708	31.9124
1398207398.087	n	11.1186	3.60388	2.692	31.9125
1398207398.123	n	11.1188	3.60388	2.673	31.9124
1398207398.187	n	11.1194	3.60391	2.662	31.9121
1398207398.248	n	11.1202	3.60395	2.647	31.9118
1398207398.311	n	11.1210	3.60398	2.633	31.9115
1398207398.375	n	11.1214	3.60400	2.619	31.9113
1398207398.436	n	11.1213	3.60400	2.608	31.9114
1398207398.498	n	11.1211	3.60399	2.598	31.9115
1398207398.561	n	11.1208	3.60397	2.587	31.9116
1398207398.623	n	11.1206	3.60398	2.574	31.9118
1398207398.687	n	11.1205	3.60398	2.562	31.9120
1398207398.748	n	11.1204	3.60398	2.551	31.9121
1398207398.812	n	11.1204	3.60398	2.542	31.9121
1398207398.875	n	11.1204	3.60398	2.531	31.9121
1398207398.936	n	11.1204	3.60398	2.519	31.9121
1398207398.998	n	11.1202	3.60399	2.513	31.9123
1398207399.061	n	11.1200	3.60400	2.503	31.9126
1398207399.125	n	11.1198	3.60401	2.494	31.9129
1398207399.186	n	11.1198	3.60400	2.480	31.9128
1398207399.250	n	11.1199	3.60399	2.473	31.9126
1398207399.312	n	11.1200	3.60399	2.467	31.9125
1398207399.375	n	11.1201	3.60400	2.454	31.9125
1398207399.437	n	11.1202	3.60401	2.446	31.9125
1398207399.500	n	11.1203	3.60402	2.437	31.9126
1398207399.561	n	11.1205	3.60402	2.429	31.9124
1398207399.625	n	11.1208	3.60400	2.420	31.9120
1398207399.687	n	11.1212	3.60399	2.409	31.9115
1398207399.749	n	11.1218	3.60401	2.399	31.9111
1398207399.811	n	11.1224	3.60403	2.388	31.9109
1398207399.874	n	11.1227	3.60405	2.383	31.9108
1398207399.936	n	11.1226	3.60405	2.375	31.9109
1398207399.999	n	11.1222	3.60404	2.363	31.9111
1398207400.062	n	11.1217	3.60402	2.352	31.9114
1398207400.128	y	11.1214	3.60402	2.343	31.9117
1398207400.187	n	11.1213	3.60404	2.331	31.9119
1398207400.248	n	11.1216	3.60407	2.315	31.9119
1398207400.312	n	11.1222	3.60409	2.303	31.9116
1398207400.376	n	11.1229	3.60411	2.288	31.9113
1398207400.437	n	11.1234	3.60412	2.275	31.9110
1398207400.499	n	11.1236	3.60412	2.263	31.9108
1398207400.562	n	11.1237	3.60411	2.248	31.9106
1398207400.632	n	11.1237	3.60411	2.234	31.9105
1398207400.687	n	11.1238	3.60410	2.219	31.9104
1398207400.749	n	11.1238	3.60410	2.201	31.9104
1398207400.811	n	11.1239	3.60411	2.187	31.9104
1398207400.874	n	11.1240	3.60412	2.167	31.9105
1398207400.936	n	11.1240	3.60413	2.150	31.9105
1398207400.998	n	11.1240	3.60414	2.133	31.9107
1398207401.061	n	11.1241	3.60414	2.112	31.9106
1398207401.124	n	11.1240	3.60414	2.098	31.9107
1398207401.188	n	11.1238	3.60415	2.081	31.9109
1398207401.250	n	11.1238	3.60415	2.065	31.9110
1398207401.311	n	11.1237	3.60415	2.042	31.9111
1398207401.374	n	11.1236	3.60415	2.025	31.9111
1398207401.436	n	11.1237	3.60415	2.006	31.9111
1398207401.498	n	11.1238	3.60415	1.989	31.9110
1398207401.560	n	11.1239	3.60415	1.969	31.9109
1398207401.630	n	11.1241	3.60416	1.951	31.9108
1398207401.686	n	11.1243	3.60416	1.931	31.9107
1398207401.748	n	11.1244	3.60416	1.910	31.9106
1398207401.812	n	11.1246	3.60417	1.896	31.9105
1398207401.873	n	11.1246	3.60417	1.877	31.9105
1398207401.936	n	11.1246	3.60417	1.860	31.9106
1398207401.998	n	11.1245	3.60418	1.839	31.9107
1398207402.061	n	11.1246	3.60418	1.817	31.9107
1398207402.124	n	11.1247	3.60418	1.802	31.9106
1398207402.186	n	11.1248	3.60419	1.783	31.9106
1398207402.387	y	11.1249	3.60420	1.762	31.9106
1398207402.394	n	11.1250	3.60422	1.742	31.9107
1398207402.400	n	11.1252	3.60426	1.725	31.9110
1398207402.436	n	11.1253	3.60430	1.706	31.9112
1398207402.499	n	11.1255	3.60433	1.690	31.9114
1398207402.561	n	11.1255	3.60433	1.674	31.9114
1398207402.630	n	11.1255	3.60432	1.653	31.9113
1398207402.687	n	11.1255	3.60430	1.636	31.9111
1398207402.749	n	11.1255	3.60428	1.618	31.9109
1398207402.811	n	11.1255	3.60427	1.602	31.9109
1398207402.875	n	11.1254	3.60426	1.587	31.9109
1398207402.937	n	11.1253	3.60426	1.571	31.9109
1398207402.999	n	11.1252	3.60425	1.558	31.9110
1398207403.062	n	11.1249	3.60424	1.545	31.9111
1398207403.126	n	11.1247	3.60424	1.528	31.9113
1398207403.188	n	11.1246	3.60424	1.517	31.9114
1398207403.248	n	11.1247	3.60426	1.503	31.9115
1398207403.310	n	11.1249	3.60428	1.486	31.9116
1398207403.374	n	11.1251	3.60430	1.468	31.9116
1398207403.437	n	11.1253	3.60431	1.447	31.9116
1398207403.499	n	11.1254	3.60433	1.428	31.9117
1398207403.560	n	11.1255	3.60434	1.413	31.9117
1398207403.624	n	11.1255	3.60435	1.395	31.9117
1398207403.687	y	11.1256	3.60436	1.380	31.9117
1398207403.750	n	11.1256	3.60436	1.366	31.9118
1398207403.810	n	11.1257	3.60437	1.355	31.9118
1398207403.875	n	11.1258	3.60439	1.339	31.9119
1398207403.936	n	11.1259	3.60441	1.323	31.9120
1398207403.998	n	11.1261	3.60442	1.314	31.9120
1398207404.062	n	11.1262	3.60442	1.302	31.9119
1398207404.125	n	11.1263	3.60442	1.293	31.9117
1398207404.188	n	11.1264	3.60442	1.279	31.9117
1398207404.248	n	11.1264	3.60442	1.268	31.9116
1398207404.311	n	11.1265	3.60441	1.254	31.9116
1398207404.374	n	11.1265	3.60442	1.238	31.9116
1398207404.435	n	11.1265	3.60442	1.219	31.9116
1398207404.498	n	11.1266	3.60441	1.207	31.9114
1398207404.560	n	11.1268	3.60440	1.192	31.9112
1398207404.625	n	11.1268	3.60439	1.179	31.9110
1398207404.686	n	11.1268	3.60438	1.166	31.9109
1398207404.749	n	11.1268	3.60438	1.151	31.9110
1398207404.811	n	11.1268	3.60438	1.139	31.9111
1398207404.873	n	11.1268	3.60438	1.122	31.9111
1398207404.937	n	11.1268	3.60439	1.112	31.9111
1398207404.999	n	11.1267	3.60439	1.103	31.9112
1398207405.062	n	11.1267	3.60439	1.088	31.9113
1398207405.123	n	11.1264	3.60440	1.076	31.9115
1398207405.186	n	11.1257	3.60438	1.065	31.9121
1398207405.249	n	11.1244	3.60434	1.051	31.9127
1398207405.312	n	11.1233	3.60427	1.034	31.9130
1398207405.373	n	11.1229	3.60420	1.020	31.9127
1398207405.436	n	11.1231	3.60416	1.002	31.9121
1398207405.500	n	11.1236	3.60416	0.985	31.9117
1398207405.562	n	11.1237	3.60417	0.969	31.9117
1398207405.624	n	11.1233	3.60417	0.948	31.9120
1398207405.686	n	11.1229	3.60416	0.927	31.9124
1398207405.748	n	11.1229	3.60416	0.910	31.9124
1398207405.810	n	11.1233	3.60418	0.889	31.9121
1398207405.873	n	11.1240	3.60422	0.869	31.9120
1398207405.937	n	11.1244	3.60424	0.852	31.9118
1398207405.998	n	11.1247	3.60426	0.834	31.9118
1398207406.061	n	11.1247	3.60427	0.814	31.9118
1398207406.125	n	11.1247	3.60427	0.792	31.9119
1398207406.186	n	11.1246	3.60426	0.774	31.9119
1398207406.248	n	11.1245	3.60426	0.753	31.9120
1398207406.311	n	11.1245	3.60424	0.735	31.9119
1398207406.376	n	11.1245	3.60424	0.717	31.9118
1398207406.436	n	11.1247	3.60424	0.701	31.9116
1398207406.611	y	11.1250	3.60425	0.687	31.9114
1398207406.620	n	11.1254	3.60425	0.673	31.9111
1398207406.629	n	11.1257	3.60424	0.658	31.9107
1398207406.687	n	11.1255	3.49265	0.648	30.8156
1398207406.749	n	11.1233	3.06278	0.634	26.6478
1398207406.813	n	11.1168	2.42617	0.626	20.6268
1398207406.873	n	11.1047	1.73308	0.614	14.2913
1398207406.937	n	11.0875	1.15630	0.605	9.2214
1398207406.999	n	11.0682	0.84229	0.591	6.5577
1398207407.060	n	11.0512	0.75164	0.582	5.8055
1398207407.123	n	11.0408	0.66262	0.569	5.0730
1398207407.187	n	11.0394	0.59023	0.552	4.4824
1398207407.248	n	11.0478	0.53106	0.540	4.0030
1398207407.311	n	11.0636	0.49023	0.525	3.6739
1398207407.374	y	11.0824	0.47573	0.511	3.5563
1398207407.435	n	11.0996	0.50799	0.491	3.8124
1398207407.499	n	11.1120	0.56453	0.472	4.2657
1398207407.561	n	11.1193	0.60637	0.452	4.6037
