Source File: D:\Storage\Programs\OOI\Group 5\Correspondence\07_18_14 sample files\files\11132504.PPB
Processed: 07/18/2014 12:27:46
Using Version: 1.11
Device: CTD
Start Date: 04/23/2014
Timestamp (s)	Suspect Timestamp	Temperature	Conductivity	Pressure	Salinity
1398232826.685	y	11.1599	3.59167	22.189	31.7487
1398232826.747	n	11.1598	3.59167	22.181	31.7488
1398232826.809	n	11.1598	3.59167	22.180	31.7487
1398232826.872	n	11.1598	3.59167	22.189	31.7488
1398232826.936	n	11.1598	3.59167	22.181	31.7487
1398232826.996	n	11.1598	3.59159	22.176	31.7480
1398232827.058	n	11.1599	3.59167	22.177	31.7487
1398232827.123	n	11.1598	3.59167	22.180	31.7487
1398232827.188	n	11.1598	3.59165	22.176	31.7486
1398232827.249	n	11.1598	3.59165	22.178	31.7485
1398232827.312	n	11.1598	3.59164	22.176	31.7485
1398232827.373	n	11.1598	3.59164	22.177	31.7485
1398232827.438	n	11.1598	3.59164	22.170	31.7484
1398232827.500	n	11.1598	3.59163	22.164	31.7484
1398232827.561	n	11.1598	3.59161	22.168	31.7482
1398232827.624	n	11.1598	3.59160	22.166	31.7481
1398232827.688	n	11.1598	3.59160	22.161	31.7481
1398232827.748	n	11.1598	3.59160	22.164	31.7481
1398232827.811	n	11.1599	3.59161	22.161	31.7482
1398232827.874	n	11.1599	3.59161	22.159	31.7481
1398232827.936	n	11.1600	3.59161	22.160	31.7480
1398232827.999	n	11.1600	3.59159	22.155	31.7478
1398232828.060	n	11.1600	3.59157	22.155	31.7476
1398232828.123	n	11.1600	3.59156	22.154	31.7475
1398232828.189	n	11.1600	3.59156	22.151	31.7475
1398232828.850	n	11.1600	3.59155	22.152	31.7474
1398232828.863	n	11.1600	3.59154	22.151	31.7473
1398232828.869	n	11.1601	3.59154	22.152	31.7473
1398232828.886	n	11.1601	3.59154	22.148	31.7472
1398232828.893	n	11.1601	3.59154	22.148	31.7473
1398232828.899	n	11.1600	3.59153	22.149	31.7472
1398232828.906	n	11.1600	3.59153	22.148	31.7472
1398232828.912	n	11.1599	3.59152	22.150	31.7472
1398232828.919	n	11.1599	3.59151	22.147	31.7472
1398232828.925	n	11.1599	3.59152	22.144	31.7472
1398232828.931	n	11.1599	3.59152	22.144	31.7473
1398232828.938	n	11.1599	3.59153	22.144	31.7473
1398232828.999	n	11.1599	3.59153	22.142	31.7473
1398232829.062	n	11.1599	3.59152	22.144	31.7472
1398232829.125	n	11.1600	3.59151	22.139	31.7470
1398232829.187	n	11.1599	3.59149	22.137	31.7469
1398232829.247	n	11.1599	3.59149	22.138	31.7469
1398232829.312	n	11.1600	3.59149	22.140	31.7468
1398232829.374	n	11.1601	3.59149	22.138	31.7468
1398232829.436	n	11.1602	3.59148	22.138	31.7466
1398232829.499	n	11.1602	3.59148	22.139	31.7466
1398232829.562	n	11.1603	3.59149	22.134	31.7466
1398232829.625	n	11.1603	3.59150	22.137	31.7467
1398232829.688	n	11.1602	3.59151	22.137	31.7468
1398232829.750	n	11.1602	3.59151	22.136	31.7468
1398232829.810	n	11.1603	3.59149	22.135	31.7467
1398232829.873	n	11.1603	3.59148	22.133	31.7465
1398232829.935	n	11.1604	3.59146	22.133	31.7463
1398232830.001	n	11.1604	3.59147	22.132	31.7463
1398232830.061	n	11.1604	3.59147	22.128	31.7463
1398232830.124	n	11.1604	3.59147	22.129	31.7463
1398232830.187	n	11.1605	3.59148	22.132	31.7463
1398232830.257	n	11.1605	3.59148	22.129	31.7463
1398232830.312	n	11.1606	3.59148	22.128	31.7463
1398232830.373	n	11.1606	3.59148	22.127	31.7463
1398232830.436	n	11.1605	3.59148	22.131	31.7463
1398232830.501	n	11.1604	3.59148	22.128	31.7463
1398232830.562	n	11.1604	3.59148	22.130	31.7465
1398232830.624	n	11.1603	3.59150	22.126	31.7467
1398232830.686	n	11.1602	3.59152	22.129	31.7470
1398232830.749	n	11.1602	3.59153	22.132	31.7471
1398232830.813	n	11.1602	3.59154	22.127	31.7472
1398232830.874	n	11.1602	3.59154	22.126	31.7472
1398232830.935	n	11.1601	3.59154	22.124	31.7473
1398232830.999	n	11.1602	3.59155	22.127	31.7473
1398232831.062	n	11.1602	3.59156	22.125	31.7473
1398232831.124	n	11.1604	3.59157	22.124	31.7473
1398232831.189	n	11.1606	3.59157	22.125	31.7471
1398232831.253	n	11.1609	3.59157	22.128	31.7468
1398232831.312	n	11.1612	3.59157	22.128	31.7466
1398232831.374	n	11.1615	3.59156	22.127	31.7463
1398232831.436	n	11.1616	3.59156	22.130	31.7461
1398232831.500	n	11.1618	3.59156	22.133	31.7460
1398232831.562	n	11.1619	3.59156	22.133	31.7459
1398232831.623	n	11.1621	3.59157	22.133	31.7458
1398232831.687	n	11.1623	3.59158	22.135	31.7458
1398232831.751	n	11.1624	3.59158	22.137	31.7457
1398232831.812	n	11.1626	3.59160	22.136	31.7457
1398232831.874	n	11.1628	3.59161	22.134	31.7456
1398232831.936	n	11.1630	3.59162	22.135	31.7455
1398232832.001	n	11.1632	3.59162	22.139	31.7454
1398232832.062	n	11.1634	3.59163	22.142	31.7453
1398232832.125	n	11.1635	3.59163	22.143	31.7452
1398232832.187	n	11.1637	3.59164	22.147	31.7451
1398232832.318	y	11.1638	3.59164	22.151	31.7451
1398232832.432	y	11.1638	3.59165	22.153	31.7451
1398232832.439	n	11.1639	3.59165	22.160	31.7451
1398232832.445	n	11.1639	3.59166	22.160	31.7452
1398232832.500	n	11.1640	3.59167	22.162	31.7452
1398232832.561	n	11.1640	3.59168	22.165	31.7452
1398232832.623	n	11.1640	3.59169	22.170	31.7453
1398232832.685	n	11.1640	3.59170	22.174	31.7455
1398232832.750	n	11.1640	3.59171	22.177	31.7455
1398232832.811	n	11.1639	3.59171	22.183	31.7456
1398232832.873	n	11.1639	3.59171	22.187	31.7456
1398232832.935	n	11.1640	3.59172	22.192	31.7457
1398232832.998	n	11.1640	3.59173	22.196	31.7457
1398232833.061	n	11.1640	3.59173	22.198	31.7457
1398232833.124	n	11.1640	3.59173	22.204	31.7457
1398232833.186	n	11.1639	3.59173	22.212	31.7457
1398232833.250	n	11.1640	3.59173	22.213	31.7458
1398232833.312	n	11.1640	3.59173	22.220	31.7457
1398232833.374	n	11.1641	3.59173	22.225	31.7457
1398232833.439	n	11.1641	3.59174	22.230	31.7457
1398232833.501	n	11.1640	3.59175	22.238	31.7459
1398232833.562	n	11.1640	3.59176	22.246	31.7460
1398232833.624	n	11.1640	3.59177	22.249	31.7461
1398232833.685	n	11.1641	3.59177	22.260	31.7461
1398232833.749	n	11.1641	3.59177	22.267	31.7460
1398232833.811	n	11.1640	3.59177	22.273	31.7461
1398232833.873	n	11.1640	3.59177	22.277	31.7461
1398232833.936	n	11.1639	3.59177	22.281	31.7461
1398232834.000	n	11.1638	3.59177	22.294	31.7463
1398232834.062	n	11.1638	3.59178	22.299	31.7464
1398232834.124	n	11.1637	3.59179	22.306	31.7466
1398232834.187	n	11.1636	3.59181	22.319	31.7468
1398232834.254	n	11.1635	3.59181	22.326	31.7469
1398232834.310	n	11.1635	3.59183	22.335	31.7471
1398232834.375	n	11.1634	3.59184	22.345	31.7473
1398232834.437	n	11.1634	3.59185	22.355	31.7474
1398232834.502	n	11.1633	3.59187	22.361	31.7476
1398232834.561	n	11.1633	3.59188	22.368	31.7478
1398232834.624	n	11.1632	3.59189	22.374	31.7479
1398232834.686	n	11.1631	3.59190	22.384	31.7481
1398232834.750	n	11.1630	3.59191	22.395	31.7482
1398232834.811	n	11.1629	3.59191	22.403	31.7484
1398232834.873	n	11.1629	3.59193	22.410	31.7485
1398232834.939	n	11.1629	3.59194	22.419	31.7487
1398232834.998	n	11.1628	3.59197	22.430	31.7490
1398232835.061	n	11.1628	3.59199	22.441	31.7492
1398232835.124	n	11.1628	3.59202	22.451	31.7495
1398232835.188	n	11.1628	3.59204	22.460	31.7497
1398232835.249	n	11.1627	3.59205	22.470	31.7499
1398232835.311	n	11.1627	3.59206	22.483	31.7500
1398232835.374	n	11.1626	3.59207	22.491	31.7502
1398232835.437	n	11.1625	3.59207	22.501	31.7503
1398232835.499	n	11.1624	3.59208	22.514	31.7505
1398232835.561	n	11.1622	3.59209	22.525	31.7507
1398232835.624	n	11.1621	3.59211	22.534	31.7510
1398232835.686	n	11.1620	3.59211	22.542	31.7511
1398232835.748	n	11.1620	3.59212	22.552	31.7512
1398232835.810	n	11.1620	3.59213	22.563	31.7512
1398232835.873	n	11.1620	3.59214	22.568	31.7513
1398232835.936	n	11.1621	3.59216	22.577	31.7515
1398232835.998	y	11.1620	3.59218	22.586	31.7516
1398232836.061	n	11.1620	3.59218	22.589	31.7517
1398232836.123	n	11.1619	3.59218	22.595	31.7518
1398232836.187	n	11.1618	3.59218	22.605	31.7519
1398232836.256	n	11.1617	3.59218	22.612	31.7520
1398232836.317	y	11.1617	3.59219	22.617	31.7521
1398232836.372	n	11.1617	3.59221	22.619	31.7522
1398232836.438	n	11.1617	3.59222	22.622	31.7523
1398232836.499	y	11.1617	3.59222	22.630	31.7524
1398232836.667	n	11.1617	3.59223	22.634	31.7524
1398232836.672	n	11.1617	3.59223	22.640	31.7525
1398232836.686	n	11.1616	3.59224	22.644	31.7526
1398232836.750	n	11.1616	3.59226	22.648	31.7528
1398232836.812	n	11.1615	3.59227	22.649	31.7530
1398232836.874	n	11.1614	3.59228	22.650	31.7532
1398232836.935	n	11.1612	3.59229	22.649	31.7534
1398232836.999	n	11.1611	3.59230	22.655	31.7537
1398232837.061	n	11.1609	3.59231	22.654	31.7539
1398232837.124	n	11.1608	3.59232	22.651	31.7541
1398232837.189	n	11.1608	3.59232	22.653	31.7541
1398232837.249	n	11.1607	3.59232	22.652	31.7541
1398232837.310	n	11.1607	3.59230	22.652	31.7540
1398232837.374	n	11.1607	3.59229	22.653	31.7539
1398232837.436	n	11.1607	3.59229	22.648	31.7539
1398232837.500	n	11.1607	3.59230	22.644	31.7540
1398232837.562	n	11.1607	3.59231	22.637	31.7541
1398232837.624	n	11.1607	3.59231	22.631	31.7541
1398232837.788	n	11.1607	3.59230	22.630	31.7540
1398232837.795	n	11.1607	3.59228	22.626	31.7538
1398232837.812	n	11.1607	3.59228	22.620	31.7538
1398232837.874	n	11.1607	3.59228	22.610	31.7539
1398232837.936	n	11.1606	3.59230	22.611	31.7540
1398232837.999	n	11.1606	3.59230	22.601	31.7541
1398232838.062	n	11.1606	3.59230	22.590	31.7542
1398232838.124	n	11.1606	3.59230	22.586	31.7542
1398232838.187	n	11.1606	3.59230	22.579	31.7541
1398232838.249	n	11.1606	3.59229	22.571	31.7541
1398232838.311	n	11.1606	3.59229	22.559	31.7540
1398232838.374	n	11.1605	3.59227	22.549	31.7539
1398232838.438	n	11.1605	3.59227	22.539	31.7539
1398232838.498	n	11.1605	3.59227	22.528	31.7540
1398232838.562	n	11.1605	3.59227	22.516	31.7540
1398232838.623	n	11.1605	3.59227	22.505	31.7540
1398232838.686	n	11.1604	3.59227	22.495	31.7540
1398232838.749	n	11.1604	3.59228	22.479	31.7540
1398232838.811	n	11.1604	3.59227	22.464	31.7540
1398232838.873	n	11.1604	3.59227	22.450	31.7541
1398232838.937	n	11.1604	3.59226	22.438	31.7539
1398232838.998	n	11.1604	3.59224	22.422	31.7537
1398232839.060	n	11.1604	3.59222	22.402	31.7535
1398232839.123	n	11.1604	3.59222	22.389	31.7535
1398232839.188	n	11.1604	3.59222	22.375	31.7535
1398232839.250	n	11.1604	3.59222	22.358	31.7536
1398232839.311	n	11.1603	3.59221	22.340	31.7535
1398232839.373	n	11.1603	3.59220	22.324	31.7534
1398232839.436	n	11.1603	3.59218	22.302	31.7533
1398232839.498	n	11.1603	3.59218	22.284	31.7533
1398232839.561	n	11.1603	3.59218	22.266	31.7534
1398232839.623	y	11.1603	3.59218	22.246	31.7534
1398232839.686	n	11.1603	3.59218	22.223	31.7533
1398232839.749	n	11.1604	3.59217	22.202	31.7532
1398232839.811	n	11.1604	3.59217	22.180	31.7532
1398232839.873	n	11.1604	3.59217	22.159	31.7532
1398232839.937	n	11.1603	3.59217	22.132	31.7533
1398232839.998	n	11.1603	3.59217	22.109	31.7533
1398232840.062	n	11.1603	3.59216	22.088	31.7532
1398232840.123	n	11.1603	3.59215	22.063	31.7531
1398232840.188	n	11.1603	3.59214	22.041	31.7530
1398232840.249	n	11.1604	3.59214	22.014	31.7529
1398232840.312	n	11.1604	3.59214	21.985	31.7529
1398232840.374	n	11.1604	3.59214	21.960	31.7530
1398232840.436	n	11.1604	3.59215	21.935	31.7531
1398232840.500	n	11.1604	3.59215	21.909	31.7531
1398232840.562	n	11.1604	3.59215	21.883	31.7531
1398232840.624	n	11.1604	3.59215	21.854	31.7531
1398232840.687	n	11.1605	3.59214	21.825	31.7530
1398232840.748	y	11.1604	3.59213	21.796	31.7529
1398232840.948	n	11.1604	3.59214	21.770	31.7530
1398232840.954	n	11.1604	3.59213	21.741	31.7530
1398232840.961	n	11.1603	3.59214	21.708	31.7531
1398232840.998	n	11.1603	3.59214	21.683	31.7532
1398232841.062	n	11.1604	3.59214	21.652	31.7531
1398232841.123	n	11.1604	3.59214	21.624	31.7531
1398232841.189	n	11.1604	3.59215	21.590	31.7531
1398232841.249	n	11.1604	3.59214	21.559	31.7531
1398232841.311	n	11.1604	3.59214	21.532	31.7531
1398232841.373	n	11.1603	3.59213	21.504	31.7531
1398232841.437	n	11.1603	3.59213	21.473	31.7531
1398232841.500	n	11.1604	3.59213	21.441	31.7531
1398232841.562	n	11.1604	3.59213	21.410	31.7530
1398232841.624	n	11.1604	3.59213	21.378	31.7531
1398232841.687	n	11.1604	3.59213	21.349	31.7531
1398232841.748	n	11.1603	3.59211	21.319	31.7530
1398232841.811	n	11.1603	3.59211	21.283	31.7530
1398232841.873	n	11.1603	3.59211	21.252	31.7530
1398232841.936	n	11.1603	3.59210	21.223	31.7530
1398232841.998	n	11.1603	3.59211	21.191	31.7531
1398232842.061	n	11.1603	3.59212	21.159	31.7532
1398232842.123	n	11.1603	3.59212	21.129	31.7532
1398232842.187	n	11.1603	3.59213	21.098	31.7532
1398232842.250	n	11.1603	3.59213	21.067	31.7533
1398232842.310	n	11.1603	3.59212	21.036	31.7532
1398232842.373	n	11.1603	3.59211	21.008	31.7531
1398232842.435	n	11.1603	3.59211	20.979	31.7532
1398232842.500	n	11.1603	3.59211	20.950	31.7531
1398232842.562	n	11.1603	3.59210	20.918	31.7531
1398232842.623	n	11.1603	3.59209	20.887	31.7530
1398232842.687	n	11.1603	3.59209	20.859	31.7530
1398232842.749	n	11.1603	3.59208	20.833	31.7530
1398232842.811	n	11.1603	3.59208	20.798	31.7529
1398232842.874	n	11.1603	3.59207	20.771	31.7529
1398232842.937	n	11.1603	3.59207	20.746	31.7529
1398232842.999	n	11.1603	3.59207	20.717	31.7529
1398232843.062	n	11.1603	3.59207	20.692	31.7529
1398232843.125	n	11.1603	3.59206	20.666	31.7528
1398232843.188	n	11.1604	3.59205	20.637	31.7527
1398232843.258	y	11.1604	3.59205	20.611	31.7526
1398232843.311	n	11.1604	3.59206	20.584	31.7527
1398232843.373	n	11.1604	3.59205	20.562	31.7527
1398232843.436	n	11.1604	3.59204	20.536	31.7526
1398232843.500	n	11.1604	3.59203	20.515	31.7525
1398232843.561	n	11.1605	3.59202	20.490	31.7524
1398232843.623	n	11.1605	3.59203	20.469	31.7524
1398232843.686	n	11.1606	3.59204	20.449	31.7525
1398232843.749	n	11.1606	3.59205	20.427	31.7525
1398232843.812	n	11.1606	3.59205	20.410	31.7525
1398232843.874	n	11.1606	3.59204	20.389	31.7524
1398232843.936	n	11.1605	3.59202	20.374	31.7524
1398232844.000	n	11.1605	3.59201	20.359	31.7523
1398232844.061	n	11.1605	3.59201	20.341	31.7523
1398232844.123	n	11.1605	3.59202	20.324	31.7524
1398232844.186	n	11.1606	3.59204	20.310	31.7525
1398232844.249	n	11.1607	3.59204	20.293	31.7524
1398232844.312	n	11.1607	3.59203	20.284	31.7523
1398232844.373	n	11.1607	3.59202	20.272	31.7522
1398232844.436	n	11.1606	3.59201	20.256	31.7522
1398232844.498	n	11.1605	3.59201	20.243	31.7523
1398232844.560	n	11.1604	3.59201	20.235	31.7524
1398232844.623	n	11.1604	3.59201	20.229	31.7524
1398232844.686	n	11.1604	3.59200	20.216	31.7524
1398232844.749	n	11.1603	3.59200	20.206	31.7524
1398232844.812	n	11.1603	3.59200	20.199	31.7525
1398232844.874	n	11.1602	3.59200	20.193	31.7525
1398232844.937	n	11.1602	3.59200	20.187	31.7525
1398232844.998	y	11.1601	3.59199	20.182	31.7525
1398232845.189	n	11.1600	3.59199	20.176	31.7525
1398232845.195	n	11.1600	3.59200	20.176	31.7527
1398232845.203	n	11.1599	3.59200	20.175	31.7528
1398232845.249	n	11.1598	3.59201	20.168	31.7530
1398232845.311	n	11.1598	3.59202	20.168	31.7531
1398232845.373	n	11.1597	3.59202	20.164	31.7531
1398232845.436	n	11.1596	3.59201	20.163	31.7531
1398232845.499	n	11.1595	3.59200	20.165	31.7531
1398232845.560	n	11.1595	3.59200	20.163	31.7531
1398232845.623	n	11.1594	3.59200	20.164	31.7532
1398232845.688	n	11.1592	3.59201	20.163	31.7535
1398232845.749	n	11.1591	3.59202	20.161	31.7536
1398232845.811	n	11.1590	3.59202	20.164	31.7537
1398232845.873	n	11.1589	3.59201	20.163	31.7538
1398232845.935	n	11.1588	3.59200	20.163	31.7537
1398232845.998	n	11.1587	3.59200	20.162	31.7538
1398232846.061	n	11.1585	3.59201	20.162	31.7541
1398232846.123	n	11.1584	3.59202	20.162	31.7543
1398232846.188	n	11.1583	3.59204	20.164	31.7545
1398232846.249	n	11.1582	3.59204	20.164	31.7546
1398232846.311	n	11.1581	3.59204	20.162	31.7547
1398232846.374	n	11.1580	3.59204	20.163	31.7548
1398232846.435	n	11.1579	3.59205	20.165	31.7550
1398232846.499	n	11.1577	3.59205	20.167	31.7552
1398232846.561	n	11.1575	3.59205	20.167	31.7554
1398232846.624	n	11.1573	3.59206	20.173	31.7556
1398232846.686	n	11.1571	3.59205	20.174	31.7556
1398232846.749	n	11.1569	3.59204	20.176	31.7557
1398232846.811	n	11.1567	3.59203	20.174	31.7559
1398232846.874	n	11.1565	3.59203	20.178	31.7560
1398232846.937	n	11.1564	3.59203	20.177	31.7561
1398232847.012	y	11.1562	3.59204	20.182	31.7563
1398232847.062	n	11.1560	3.59204	20.186	31.7565
1398232847.124	n	11.1558	3.59205	20.185	31.7567
1398232847.186	n	11.1556	3.59205	20.186	31.7570
1398232847.250	n	11.1554	3.59206	20.188	31.7572
1398232847.312	n	11.1552	3.59206	20.190	31.7574
1398232847.374	n	11.1551	3.59206	20.188	31.7575
1398232847.438	n	11.1549	3.59206	20.189	31.7577
1398232847.499	n	11.1547	3.59206	20.190	31.7578
1398232847.560	n	11.1545	3.59205	20.191	31.7579
1398232847.624	n	11.1543	3.59204	20.187	31.7580
1398232847.686	n	11.1540	3.59204	20.186	31.7582
1398232847.749	n	11.1537	3.59204	20.184	31.7585
1398232847.811	n	11.1535	3.59204	20.180	31.7586
1398232847.874	n	11.1533	3.59202	20.179	31.7587
1398232847.936	n	11.1532	3.59201	20.174	31.7587
1398232847.999	n	11.1531	3.59200	20.171	31.7587
1398232848.062	n	11.1529	3.59199	20.167	31.7587
1398232848.124	n	11.1527	3.59197	20.166	31.7587
1398232848.186	n	11.1525	3.59195	20.159	31.7587
1398232848.248	n	11.1523	3.59193	20.152	31.7586
1398232848.311	n	11.1521	3.59191	20.147	31.7587
1398232848.374	n	11.1518	3.59189	20.136	31.7587
1398232848.437	n	11.1516	3.59187	20.128	31.7586
1398232848.499	n	11.1514	3.59185	20.122	31.7586
1398232848.561	n	11.1513	3.59184	20.112	31.7587
1398232848.623	n	11.1511	3.59183	20.103	31.7587
1398232848.686	n	11.1509	3.59181	20.097	31.7587
1398232848.748	n	11.1507	3.59178	20.083	31.7585
1398232848.812	n	11.1506	3.59174	20.072	31.7583
1398232848.874	n	11.1504	3.59170	20.063	31.7581
1398232848.936	n	11.1502	3.59167	20.050	31.7580
1398232848.998	n	11.1500	3.59165	20.035	31.7579
1398232849.101	y	11.1499	3.59163	20.023	31.7579
1398232849.124	n	11.1497	3.59161	20.012	31.7577
1398232849.187	n	11.1496	3.59159	19.998	31.7577
1398232849.389	y	11.1494	3.59157	19.983	31.7576
1398232849.397	n	11.1492	3.59154	19.967	31.7575
1398232849.408	n	11.1491	3.59152	19.951	31.7575
1398232849.437	n	11.1489	3.59149	19.937	31.7574
1398232849.499	n	11.1487	3.59146	19.919	31.7573
1398232849.561	n	11.1485	3.59144	19.899	31.7572
1398232849.624	n	11.1483	3.59141	19.881	31.7571
1398232849.687	n	11.1481	3.59139	19.863	31.7570
1398232849.750	n	11.1480	3.59136	19.843	31.7569
1398232849.812	n	11.1479	3.59133	19.825	31.7567
1398232849.874	n	11.1477	3.59130	19.803	31.7566
1398232849.938	n	11.1475	3.59128	19.784	31.7566
1398232849.998	n	11.1473	3.59127	19.766	31.7566
1398232850.061	n	11.1472	3.59125	19.741	31.7565
1398232850.124	n	11.1470	3.59123	19.721	31.7565
1398232850.187	n	11.1469	3.59121	19.701	31.7564
1398232850.248	n	11.1468	3.59118	19.678	31.7562
1398232850.311	n	11.1467	3.59115	19.652	31.7561
1398232850.373	n	11.1466	3.59113	19.632	31.7559
1398232850.436	n	11.1465	3.59110	19.610	31.7557
1398232850.499	n	11.1463	3.59107	19.587	31.7556
1398232850.561	y	11.1462	3.59104	19.562	31.7555
1398232850.623	n	11.1461	3.59102	19.537	31.7554
1398232850.686	n	11.1460	3.59101	19.512	31.7553
1398232850.749	n	11.1459	3.59100	19.488	31.7553
1398232850.812	n	11.1458	3.59099	19.464	31.7553
1398232850.874	n	11.1457	3.59098	19.442	31.7553
1398232850.936	n	11.1456	3.59096	19.420	31.7551
1398232850.999	n	11.1455	3.59094	19.392	31.7550
1398232851.062	n	11.1455	3.59091	19.367	31.7548
1398232851.124	n	11.1454	3.59089	19.343	31.7547
1398232851.187	n	11.1452	3.59086	19.317	31.7546
1398232851.248	n	11.1451	3.59085	19.291	31.7546
1398232851.311	n	11.1449	3.59084	19.269	31.7546
1398232851.373	n	11.1449	3.59083	19.242	31.7546
1398232851.436	n	11.1448	3.59083	19.215	31.7547
1398232851.499	n	11.1447	3.59081	19.194	31.7546
1398232851.561	n	11.1446	3.59079	19.162	31.7545
1398232851.624	n	11.1445	3.59077	19.140	31.7544
1398232851.688	n	11.1444	3.59075	19.115	31.7543
1398232851.748	n	11.1444	3.59074	19.088	31.7542
1398232851.811	n	11.1443	3.59072	19.064	31.7541
1398232851.873	n	11.1442	3.59070	19.038	31.7541
1398232851.938	n	11.1440	3.59068	19.013	31.7539
1398232852.000	n	11.1439	3.59065	18.988	31.7537
1398232852.062	n	11.1438	3.59062	18.957	31.7535
1398232852.124	n	11.1438	3.59060	18.933	31.7534
1398232852.188	n	11.1436	3.59060	18.906	31.7535
1398232852.248	n	11.1435	3.59060	18.883	31.7536
1398232852.311	n	11.1434	3.59060	18.858	31.7538
1398232852.373	n	11.1433	3.59058	18.831	31.7537
1398232852.436	n	11.1432	3.59056	18.810	31.7536
1398232852.499	n	11.1432	3.59054	18.784	31.7534
1398232852.561	n	11.1431	3.59052	18.759	31.7533
1398232852.623	n	11.1430	3.59049	18.739	31.7531
1398232852.687	n	11.1429	3.59048	18.717	31.7531
1398232852.750	n	11.1428	3.59047	18.694	31.7531
1398232852.812	n	11.1428	3.59046	18.671	31.7531
1398232852.874	n	11.1427	3.59045	18.648	31.7530
1398232852.937	n	11.1427	3.59043	18.623	31.7529
1398232852.998	n	11.1426	3.59042	18.600	31.7528
1398232853.062	n	11.1425	3.59040	18.582	31.7527
1398232853.124	n	11.1424	3.59039	18.559	31.7527
1398232853.188	n	11.1424	3.59038	18.536	31.7527
1398232853.249	n	11.1423	3.59036	18.515	31.7525
1398232853.312	n	11.1423	3.59034	18.491	31.7524
1398232853.374	n	11.1422	3.59032	18.470	31.7522
1398232853.436	n	11.1421	3.59030	18.450	31.7521
1398232853.637	y	11.1421	3.59028	18.429	31.7520
1398232853.643	n	11.1420	3.59026	18.409	31.7519
1398232853.648	n	11.1419	3.59024	18.388	31.7518
1398232853.687	n	11.1418	3.59023	18.367	31.7518
1398232853.748	n	11.1417	3.59021	18.348	31.7517
1398232853.810	n	11.1416	3.59020	18.328	31.7516
1398232853.875	n	11.1416	3.59018	18.308	31.7514
1398232853.938	n	11.1417	3.59016	18.287	31.7512
1398232853.998	n	11.1417	3.59015	18.267	31.7511
1398232854.062	n	11.1416	3.59016	18.248	31.7512
1398232854.123	n	11.1415	3.59015	18.230	31.7513
1398232854.186	n	11.1414	3.59015	18.212	31.7513
1398232854.309	y	11.1414	3.59014	18.192	31.7513
1398232854.315	n	11.1413	3.59013	18.173	31.7512
1398232854.374	n	11.1413	3.59011	18.153	31.7511
1398232854.437	n	11.1412	3.59010	18.136	31.7510
1398232854.498	n	11.1412	3.59008	18.121	31.7509
1398232854.562	n	11.1412	3.59007	18.105	31.7508
1398232854.624	n	11.1411	3.59006	18.086	31.7508
1398232854.686	n	11.1411	3.59006	18.073	31.7507
1398232854.749	n	11.1412	3.59005	18.056	31.7507
1398232854.811	n	11.1412	3.59004	18.040	31.7505
1398232854.874	n	11.1411	3.59002	18.025	31.7504
1398232854.937	n	11.1411	3.59000	18.010	31.7502
1398232854.998	n	11.1410	3.58998	17.994	31.7501
1398232855.061	n	11.1410	3.58997	17.978	31.7500
1398232855.123	n	11.1410	3.58996	17.962	31.7499
1398232855.187	n	11.1410	3.58995	17.952	31.7498
1398232855.249	n	11.1410	3.58993	17.937	31.7497
1398232855.311	n	11.1409	3.58993	17.920	31.7497
1398232855.374	n	11.1408	3.58992	17.908	31.7497
1398232855.437	n	11.1408	3.58991	17.895	31.7497
1398232855.499	n	11.1408	3.58990	17.878	31.7496
1398232855.561	n	11.1408	3.58989	17.867	31.7495
1398232855.624	n	11.1408	3.58988	17.855	31.7494
1398232855.688	n	11.1407	3.58987	17.840	31.7494
1398232855.748	n	11.1407	3.58986	17.826	31.7492
1398232855.810	n	11.1407	3.58984	17.814	31.7491
1398232855.873	n	11.1406	3.58983	17.801	31.7491
1398232855.936	n	11.1405	3.58982	17.791	31.7491
1398232855.999	n	11.1405	3.58983	17.776	31.7491
1398232856.062	n	11.1405	3.58982	17.766	31.7491
1398232856.124	n	11.1405	3.58981	17.751	31.7490
1398232856.186	n	11.1405	3.58981	17.744	31.7490
1398232856.249	n	11.1404	3.58980	17.734	31.7490
1398232856.311	n	11.1404	3.58980	17.724	31.7490
1398232856.374	n	11.1404	3.58979	17.713	31.7489
1398232856.438	n	11.1403	3.58978	17.701	31.7489
1398232856.498	n	11.1403	3.58978	17.691	31.7488
1398232856.562	n	11.1403	3.58977	17.678	31.7488
1398232856.624	n	11.1403	3.58976	17.668	31.7487
1398232856.685	n	11.1402	3.58974	17.656	31.7486
1398232856.748	n	11.1402	3.58972	17.649	31.7485
1398232856.810	n	11.1402	3.58972	17.638	31.7485
1398232856.873	n	11.1401	3.58972	17.626	31.7485
1398232856.936	n	11.1401	3.58972	17.618	31.7485
1398232856.999	n	11.1401	3.58972	17.606	31.7485
1398232857.062	n	11.1401	3.58971	17.595	31.7484
1398232857.124	n	11.1401	3.58969	17.582	31.7482
1398232857.185	n	11.1401	3.58968	17.574	31.7481
1398232857.249	n	11.1400	3.58967	17.562	31.7481
1398232857.311	n	11.1400	3.58966	17.552	31.7480
1398232857.373	n	11.1399	3.58966	17.541	31.7481
1398232857.437	n	11.1399	3.58965	17.529	31.7481
1398232857.499	n	11.1399	3.58964	17.523	31.7479
1398232857.562	n	11.1399	3.58963	17.511	31.7478
1398232857.624	n	11.1399	3.58962	17.500	31.7478
1398232857.686	n	11.1399	3.58961	17.489	31.7476
1398232857.885	y	11.1398	3.58960	17.472	31.7476
1398232857.891	n	11.1398	3.58959	17.463	31.7476
1398232857.896	n	11.1398	3.58958	17.450	31.7475
1398232857.936	y	11.1397	3.58958	17.440	31.7476
1398232857.999	n	11.1396	3.58958	17.427	31.7477
1398232858.061	n	11.1396	3.58958	17.417	31.7477
1398232858.124	n	11.1396	3.58957	17.405	31.7476
1398232858.187	n	11.1396	3.58955	17.394	31.7474
1398232858.248	n	11.1396	3.58954	17.383	31.7473
1398232858.310	n	11.1395	3.58954	17.369	31.7473
1398232858.373	n	11.1395	3.58953	17.359	31.7472
1398232858.438	n	11.1394	3.58952	17.348	31.7472
1398232858.499	n	11.1393	3.58951	17.334	31.7472
1398232858.562	n	11.1393	3.58951	17.322	31.7472
1398232858.624	n	11.1393	3.58951	17.310	31.7473
1398232858.686	n	11.1393	3.58951	17.298	31.7473
1398232858.749	n	11.1393	3.58950	17.285	31.7472
1398232858.811	n	11.1392	3.58948	17.268	31.7471
1398232858.874	n	11.1392	3.58946	17.252	31.7469
1398232858.936	n	11.1391	3.58944	17.241	31.7468
1398232858.998	n	11.1391	3.58943	17.229	31.7467
1398232859.061	n	11.1390	3.58942	17.212	31.7466
1398232859.124	n	11.1390	3.58940	17.199	31.7465
1398232859.188	n	11.1390	3.58939	17.181	31.7464
1398232859.250	n	11.1390	3.58937	17.170	31.7462
1398232859.310	n	11.1390	3.58936	17.156	31.7461
1398232859.375	n	11.1389	3.58936	17.139	31.7462
1398232859.437	n	11.1389	3.58936	17.125	31.7462
1398232859.498	n	11.1389	3.58936	17.107	31.7462
1398232859.562	n	11.1388	3.58936	17.092	31.7462
1398232859.624	n	11.1388	3.58935	17.074	31.7462
1398232859.685	n	11.1387	3.58933	17.058	31.7461
1398232859.748	n	11.1386	3.58932	17.045	31.7460
1398232859.810	n	11.1386	3.58930	17.029	31.7459
1398232859.873	n	11.1386	3.58929	17.012	31.7458
1398232859.937	n	11.1386	3.58928	17.001	31.7457
1398232860.000	n	11.1385	3.58927	16.982	31.7457
1398232860.061	n	11.1385	3.58927	16.963	31.7457
1398232860.125	n	11.1385	3.58927	16.947	31.7457
1398232860.187	n	11.1385	3.58926	16.932	31.7457
1398232860.249	n	11.1385	3.58925	16.915	31.7456
1398232860.312	n	11.1384	3.58924	16.899	31.7455
1398232860.374	n	11.1384	3.58923	16.880	31.7454
1398232860.438	n	11.1383	3.58922	16.863	31.7454
1398232860.500	n	11.1382	3.58921	16.850	31.7454
1398232860.560	n	11.1382	3.58920	16.830	31.7454
1398232860.624	n	11.1382	3.58919	16.814	31.7453
1398232860.688	n	11.1381	3.58918	16.800	31.7452
1398232860.749	n	11.1381	3.58918	16.781	31.7452
1398232860.812	n	11.1381	3.58918	16.762	31.7453
1398232860.874	n	11.1381	3.58917	16.746	31.7452
1398232860.937	n	11.1381	3.58916	16.729	31.7451
1398232860.999	n	11.1381	3.58915	16.712	31.7450
1398232861.061	n	11.1380	3.58915	16.694	31.7451
1398232861.124	n	11.1380	3.58914	16.676	31.7450
1398232861.187	n	11.1380	3.58914	16.657	31.7451
1398232861.249	n	11.1379	3.58913	16.639	31.7450
1398232861.311	n	11.1379	3.58911	16.621	31.7449
1398232861.374	n	11.1378	3.58911	16.601	31.7449
1398232861.437	n	11.1378	3.58910	16.584	31.7449
1398232861.500	n	11.1377	3.58909	16.569	31.7448
1398232861.562	n	11.1377	3.58909	16.552	31.7448
1398232861.644	y	11.1377	3.58909	16.533	31.7448
1398232861.686	n	11.1377	3.58908	16.516	31.7447
1398232861.748	n	11.1376	3.58907	16.499	31.7447
1398232861.811	n	11.1376	3.58906	16.480	31.7446
1398232861.875	n	11.1376	3.58905	16.467	31.7445
1398232861.936	n	11.1375	3.58905	16.449	31.7446
1398232862.178	y	11.1375	3.58904	16.435	31.7445
1398232862.188	n	11.1375	3.58903	16.414	31.7445
1398232862.194	n	11.1375	3.58903	16.399	31.7445
1398232862.200	n	11.1374	3.58902	16.384	31.7445
1398232862.248	n	11.1374	3.58902	16.364	31.7445
1398232862.311	n	11.1373	3.58902	16.351	31.7445
1398232862.373	n	11.1373	3.58901	16.332	31.7445
1398232862.437	n	11.1372	3.58900	16.318	31.7445
1398232862.499	n	11.1371	3.58900	16.299	31.7446
1398232862.561	n	11.1370	3.58900	16.282	31.7447
1398232862.624	n	11.1370	3.58900	16.269	31.7447
1398232862.686	n	11.1370	3.58899	16.250	31.7446
1398232862.748	n	11.1370	3.58897	16.240	31.7444
1398232862.812	n	11.1370	3.58896	16.223	31.7443
1398232862.875	n	11.1369	3.58894	16.205	31.7442
1398232862.937	n	11.1368	3.58893	16.191	31.7442
1398232862.999	n	11.1368	3.58893	16.178	31.7442
1398232863.062	n	11.1366	3.58892	16.160	31.7442
1398232863.124	n	11.1366	3.58891	16.145	31.7442
1398232863.186	n	11.1365	3.58891	16.127	31.7442
1398232863.250	n	11.1365	3.58890	16.115	31.7442
1398232863.311	n	11.1365	3.58890	16.098	31.7442
1398232863.373	n	11.1365	3.58890	16.081	31.7442
1398232863.436	n	11.1364	3.58889	16.065	31.7441
1398232863.498	n	11.1364	3.58888	16.052	31.7440
1398232863.561	n	11.1363	3.58886	16.035	31.7440
1398232863.623	n	11.1363	3.58885	16.023	31.7439
1398232863.687	n	11.1362	3.58885	16.005	31.7439
1398232863.749	n	11.1362	3.58884	15.990	31.7439
1398232863.811	n	11.1361	3.58882	15.973	31.7438
1398232863.874	n	11.1361	3.58879	15.957	31.7435
1398232863.936	n	11.1360	3.58877	15.941	31.7433
1398232863.998	n	11.1360	3.58875	15.929	31.7432
1398232864.060	n	11.1360	3.58874	15.911	31.7431
1398232864.123	n	11.1360	3.58873	15.898	31.7431
1398232864.187	n	11.1359	3.58872	15.880	31.7430
1398232864.250	n	11.1359	3.58871	15.866	31.7430
1398232864.371	y	11.1358	3.58869	15.851	31.7428
1398232864.377	n	11.1358	3.58867	15.836	31.7427
1398232864.436	n	11.1358	3.58866	15.820	31.7426
1398232864.499	n	11.1357	3.58864	15.803	31.7424
1398232864.562	n	11.1357	3.58863	15.786	31.7424
1398232864.624	n	11.1356	3.58863	15.768	31.7424
1398232864.687	n	11.1355	3.58862	15.756	31.7424
1398232864.749	n	11.1355	3.58862	15.741	31.7424
1398232864.811	n	11.1355	3.58861	15.722	31.7423
1398232864.873	n	11.1355	3.58860	15.705	31.7422
1398232864.936	n	11.1355	3.58859	15.688	31.7421
1398232864.998	n	11.1355	3.58858	15.678	31.7420
1398232865.061	n	11.1354	3.58856	15.659	31.7419
1398232865.123	n	11.1354	3.58854	15.640	31.7418
1398232865.188	n	11.1353	3.58852	15.624	31.7416
1398232865.252	y	11.1353	3.58850	15.608	31.7415
1398232865.311	n	11.1352	3.58848	15.590	31.7414
1398232865.373	n	11.1352	3.58847	15.571	31.7413
1398232865.435	n	11.1351	3.58846	15.555	31.7412
1398232865.498	n	11.1351	3.58844	15.535	31.7411
1398232865.562	n	11.1351	3.58842	15.517	31.7409
1398232865.623	n	11.1351	3.58841	15.500	31.7408
1398232865.687	n	11.1350	3.58839	15.480	31.7407
1398232865.749	n	11.1350	3.58838	15.465	31.7406
1398232865.811	n	11.1350	3.58837	15.447	31.7405
1398232865.873	n	11.1350	3.58835	15.430	31.7404
1398232865.936	n	11.1350	3.58833	15.415	31.7402
1398232865.999	n	11.1349	3.58832	15.390	31.7401
1398232866.062	n	11.1348	3.58831	15.372	31.7401
1398232866.125	n	11.1347	3.58829	15.357	31.7400
1398232866.187	n	11.1347	3.58828	15.339	31.7399
1398232866.386	y	11.1347	3.58827	15.319	31.7398
1398232866.394	n	11.1348	3.58825	15.300	31.7396
1398232866.399	n	11.1348	3.58824	15.278	31.7395
1398232866.436	n	11.1348	3.58824	15.257	31.7395
1398232866.498	n	11.1347	3.58822	15.233	31.7394
1398232866.563	n	11.1346	3.58819	15.213	31.7392
1398232866.623	n	11.1346	3.58818	15.195	31.7391
1398232866.686	n	11.1345	3.58816	15.176	31.7390
1398232866.749	n	11.1345	3.58816	15.153	31.7390
1398232866.812	n	11.1345	3.58815	15.134	31.7389
1398232866.873	n	11.1344	3.58814	15.113	31.7389
1398232866.936	n	11.1344	3.58812	15.090	31.7388
1398232867.000	n	11.1344	3.58812	15.067	31.7387
1398232867.062	n	11.1344	3.58810	15.051	31.7386
1398232867.123	n	11.1343	3.58809	15.030	31.7385
1398232867.187	n	11.1343	3.58808	15.006	31.7384
1398232867.249	n	11.1342	3.58805	14.984	31.7382
1398232867.311	n	11.1342	3.58803	14.966	31.7380
1398232867.373	n	11.1342	3.58801	14.943	31.7378
1398232867.438	n	11.1342	3.58799	14.920	31.7377
1398232867.500	n	11.1342	3.58799	14.898	31.7377
1398232867.561	n	11.1342	3.58799	14.878	31.7377
1398232867.624	n	11.1342	3.58798	14.858	31.7377
1398232867.687	n	11.1341	3.58798	14.834	31.7377
1398232867.748	n	11.1341	3.58797	14.813	31.7376
1398232867.811	n	11.1341	3.58796	14.793	31.7375
1398232867.875	n	11.1340	3.58794	14.769	31.7374
1398232867.937	n	11.1340	3.58793	14.747	31.7373
1398232867.998	n	11.1340	3.58792	14.725	31.7373
1398232868.061	n	11.1340	3.58791	14.704	31.7372
1398232868.124	n	11.1340	3.58791	14.685	31.7372
1398232868.185	n	11.1340	3.58790	14.662	31.7371
1398232868.249	n	11.1339	3.58789	14.639	31.7371
1398232868.311	n	11.1339	3.58789	14.615	31.7371
1398232868.375	n	11.1338	3.58789	14.595	31.7371
1398232868.438	n	11.1338	3.58788	14.572	31.7372
1398232868.498	n	11.1338	3.58788	14.549	31.7371
1398232868.561	n	11.1338	3.58788	14.526	31.7371
1398232868.625	n	11.1337	3.58787	14.507	31.7371
1398232868.686	n	11.1337	3.58787	14.482	31.7371
1398232868.750	n	11.1337	3.58786	14.461	31.7370
1398232868.812	n	11.1337	3.58784	14.439	31.7369
1398232868.874	n	11.1337	3.58783	14.420	31.7368
1398232868.936	y	11.1337	3.58782	14.395	31.7367
1398232869.000	n	11.1336	3.58782	14.375	31.7367
1398232869.062	n	11.1335	3.58782	14.352	31.7368
1398232869.124	n	11.1335	3.58782	14.329	31.7369
1398232869.186	n	11.1334	3.58782	14.311	31.7369
1398232869.250	n	11.1334	3.58781	14.293	31.7369
1398232869.311	n	11.1334	3.58781	14.271	31.7368
1398232869.373	n	11.1335	3.58780	14.252	31.7367
1398232869.437	n	11.1335	3.58779	14.235	31.7366
1398232869.499	n	11.1335	3.58778	14.214	31.7366
1398232869.561	n	11.1334	3.58778	14.194	31.7366
1398232869.624	n	11.1333	3.58777	14.175	31.7366
1398232869.687	n	11.1333	3.58777	14.155	31.7367
1398232869.748	n	11.1332	3.58777	14.133	31.7367
1398232869.812	n	11.1332	3.58776	14.115	31.7366
1398232869.874	n	11.1332	3.58775	14.099	31.7366
1398232869.937	n	11.1332	3.58774	14.081	31.7365
1398232869.999	n	11.1332	3.58773	14.062	31.7364
1398232870.061	n	11.1331	3.58773	14.046	31.7365
1398232870.123	n	11.1330	3.58772	14.027	31.7365
1398232870.187	n	11.1329	3.58772	14.012	31.7365
1398232870.249	n	11.1328	3.58772	13.995	31.7367
1398232870.312	n	11.1328	3.58772	13.983	31.7366
1398232870.374	n	11.1328	3.58772	13.965	31.7366
1398232870.441	n	11.1329	3.58772	13.948	31.7366
1398232870.642	y	11.1329	3.58771	13.933	31.7364
1398232870.648	n	11.1329	3.58771	13.920	31.7365
1398232870.653	n	11.1329	3.58771	13.904	31.7365
1398232870.686	n	11.1328	3.58770	13.890	31.7365
1398232870.749	n	11.1327	3.58769	13.876	31.7365
1398232870.812	n	11.1326	3.58768	13.859	31.7365
1398232870.873	n	11.1325	3.58767	13.846	31.7364
1398232870.936	n	11.1325	3.58768	13.835	31.7365
1398232871.000	n	11.1325	3.58769	13.820	31.7367
1398232871.062	n	11.1325	3.58769	13.806	31.7367
1398232871.123	n	11.1325	3.58768	13.792	31.7366
1398232871.188	n	11.1325	3.58766	13.780	31.7364
1398232871.249	n	11.1325	3.58764	13.771	31.7362
1398232871.311	n	11.1325	3.58763	13.756	31.7361
1398232871.373	n	11.1324	3.58763	13.744	31.7362
1398232871.437	n	11.1323	3.58763	13.736	31.7363
1398232871.499	n	11.1322	3.58762	13.725	31.7363
1398232871.562	n	11.1322	3.58760	13.709	31.7361
1398232871.624	n	11.1322	3.58758	13.698	31.7359
1398232871.686	n	11.1322	3.58756	13.684	31.7357
1398232871.748	n	11.1322	3.58755	13.678	31.7356
1398232871.811	n	11.1322	3.58753	13.669	31.7355
1398232871.873	n	11.1321	3.58752	13.661	31.7353
1398232871.937	n	11.1321	3.58749	13.655	31.7352
1398232872.000	n	11.1321	3.58748	13.643	31.7350
1398232872.061	n	11.1320	3.58746	13.633	31.7349
1398232872.123	n	11.1320	3.58744	13.623	31.7347
1398232872.188	n	11.1320	3.58742	13.621	31.7346
1398232872.248	n	11.1319	3.58740	13.615	31.7344
1398232872.311	n	11.1319	3.58738	13.605	31.7343
1398232872.373	n	11.1319	3.58737	13.593	31.7342
1398232872.438	n	11.1319	3.58736	13.589	31.7341
1398232872.574	y	11.1319	3.58735	13.581	31.7340
1398232872.579	n	11.1318	3.58734	13.574	31.7339
1398232872.623	n	11.1318	3.58732	13.565	31.7337
1398232872.686	n	11.1318	3.58730	13.560	31.7335
1398232872.748	n	11.1317	3.58727	13.554	31.7333
1398232872.812	n	11.1317	3.58725	13.548	31.7332
1398232872.875	n	11.1316	3.58723	13.542	31.7330
1398232872.936	n	11.1316	3.58721	13.535	31.7328
1398232873.000	n	11.1317	3.58719	13.530	31.7326
1398232873.062	n	11.1317	3.58716	13.527	31.7323
1398232873.124	n	11.1317	3.58714	13.520	31.7321
1398232873.187	n	11.1316	3.58712	13.509	31.7319
1398232873.248	n	11.1316	3.58711	13.503	31.7319
1398232873.311	n	11.1316	3.58710	13.500	31.7319
1398232873.373	n	11.1316	3.58710	13.495	31.7318
1398232873.438	n	11.1316	3.58709	13.493	31.7317
1398232873.499	n	11.1316	3.58708	13.487	31.7316
1398232873.562	n	11.1316	3.58707	13.481	31.7316
1398232873.624	n	11.1316	3.58706	13.470	31.7314
1398232873.688	n	11.1316	3.58705	13.468	31.7313
1398232873.749	n	11.1316	3.58703	13.462	31.7312
1398232873.812	n	11.1316	3.58702	13.456	31.7310
1398232873.874	n	11.1316	3.58700	13.452	31.7308
1398232873.936	n	11.1316	3.58698	13.447	31.7306
1398232873.999	n	11.1316	3.58696	13.443	31.7304
1398232874.062	n	11.1316	3.58694	13.436	31.7303
1398232874.125	n	11.1316	3.58693	13.427	31.7302
1398232874.188	n	11.1316	3.58692	13.420	31.7301
1398232874.249	n	11.1316	3.58691	13.413	31.7300
1398232874.312	n	11.1316	3.58690	13.407	31.7299
1398232874.375	n	11.1316	3.58689	13.401	31.7298
1398232874.441	n	11.1315	3.58688	13.393	31.7297
1398232874.499	n	11.1315	3.58686	13.386	31.7296
1398232874.562	n	11.1315	3.58685	13.377	31.7295
1398232874.624	n	11.1315	3.58683	13.369	31.7293
1398232874.686	n	11.1315	3.58682	13.362	31.7292
1398232874.892	y	11.1315	3.58681	13.354	31.7291
1398232874.899	n	11.1314	3.58681	13.347	31.7291
1398232874.904	n	11.1314	3.58680	13.337	31.7291
1398232874.936	n	11.1314	3.58680	13.328	31.7291
1398232875.000	n	11.1313	3.58679	13.323	31.7291
1398232875.062	n	11.1313	3.58678	13.315	31.7290
1398232875.123	n	11.1312	3.58677	13.310	31.7289
1398232875.185	n	11.1312	3.58675	13.302	31.7288
1398232875.249	n	11.1312	3.58674	13.292	31.7287
1398232875.311	n	11.1311	3.58673	13.280	31.7286
1398232875.374	n	11.1311	3.58672	13.274	31.7286
1398232875.439	n	11.1311	3.58672	13.268	31.7286
1398232875.498	n	11.1311	3.58672	13.255	31.7286
1398232875.562	n	11.1311	3.58672	13.247	31.7286
1398232875.623	n	11.1310	3.58671	13.239	31.7286
1398232875.686	n	11.1310	3.58671	13.228	31.7286
1398232875.749	n	11.1309	3.58670	13.215	31.7285
1398232875.811	n	11.1309	3.58670	13.207	31.7286
1398232875.875	n	11.1309	3.58669	13.194	31.7285
1398232875.937	n	11.1309	3.58668	13.183	31.7285
1398232875.999	n	11.1309	3.58667	13.170	31.7283
1398232876.062	n	11.1309	3.58665	13.158	31.7282
1398232876.125	n	11.1308	3.58664	13.147	31.7281
1398232876.191	y	11.1308	3.58664	13.136	31.7281
1398232876.250	n	11.1307	3.58664	13.127	31.7282
1398232876.312	n	11.1305	3.58665	13.113	31.7284
1398232876.374	n	11.1305	3.58665	13.097	31.7285
1398232876.442	n	11.1304	3.58664	13.082	31.7285
1398232876.498	n	11.1304	3.58663	13.068	31.7284
1398232876.561	n	11.1303	3.58662	13.055	31.7284
1398232876.625	n	11.1303	3.58661	13.044	31.7283
1398232876.686	n	11.1302	3.58659	13.026	31.7282
1398232876.749	n	11.1302	3.58657	13.010	31.7280
1398232876.811	n	11.1302	3.58655	12.995	31.7279
1398232876.874	n	11.1301	3.58654	12.984	31.7277
1398232876.937	n	11.1301	3.58653	12.967	31.7276
1398232876.998	n	11.1301	3.58651	12.947	31.7275
1398232877.062	n	11.1301	3.58649	12.933	31.7273
1398232877.124	n	11.1300	3.58648	12.918	31.7272
1398232877.187	n	11.1300	3.58646	12.904	31.7271
1398232877.248	n	11.1299	3.58645	12.889	31.7271
1398232877.312	n	11.1298	3.58644	12.867	31.7271
1398232877.374	n	11.1298	3.58642	12.848	31.7270
1398232877.436	n	11.1297	3.58640	12.828	31.7268
1398232877.499	n	11.1297	3.58638	12.810	31.7267
1398232877.562	n	11.1296	3.58636	12.793	31.7265
1398232877.624	n	11.1295	3.58634	12.774	31.7264
1398232877.686	n	11.1295	3.58632	12.751	31.7263
1398232877.748	n	11.1294	3.58630	12.728	31.7261
1398232877.811	n	11.1294	3.58627	12.710	31.7258
1398232877.873	n	11.1293	3.58624	12.686	31.7256
1398232877.936	n	11.1293	3.58622	12.660	31.7255
1398232878.000	n	11.1292	3.58621	12.640	31.7255
1398232878.062	n	11.1291	3.58620	12.616	31.7254
1398232878.125	n	11.1290	3.58619	12.591	31.7255
1398232878.187	n	11.1289	3.58617	12.568	31.7254
1398232878.250	n	11.1288	3.58614	12.540	31.7251
1398232878.312	n	11.1288	3.58611	12.514	31.7249
1398232878.374	n	11.1287	3.58609	12.490	31.7248
1398232878.442	n	11.1286	3.58607	12.466	31.7247
1398232878.500	n	11.1286	3.58606	12.439	31.7246
1398232878.561	n	11.1286	3.58604	12.414	31.7245
1398232878.623	n	11.1285	3.58603	12.384	31.7244
1398232878.687	n	11.1285	3.58600	12.360	31.7242
1398232878.750	n	11.1284	3.58599	12.335	31.7241
1398232878.812	n	11.1283	3.58597	12.311	31.7240
1398232878.874	n	11.1283	3.58596	12.283	31.7240
1398232878.936	n	11.1282	3.58595	12.256	31.7239
1398232879.145	y	11.1282	3.58595	12.232	31.7239
1398232879.151	n	11.1282	3.58594	12.208	31.7238
1398232879.157	n	11.1281	3.58592	12.178	31.7238
1398232879.186	n	11.1281	3.58591	12.152	31.7237
1398232879.248	n	11.1280	3.58589	12.128	31.7236
1398232879.311	n	11.1279	3.58587	12.101	31.7235
1398232879.374	n	11.1279	3.58586	12.075	31.7234
1398232879.438	n	11.1278	3.58585	12.050	31.7234
1398232879.498	n	11.1277	3.58585	12.020	31.7234
1398232879.562	n	11.1277	3.58583	11.992	31.7233
1398232879.625	n	11.1277	3.58582	11.965	31.7232
1398232879.686	n	11.1276	3.58580	11.939	31.7231
1398232879.837	y	11.1276	3.58578	11.912	31.7230
1398232879.841	n	11.1275	3.58577	11.883	31.7229
1398232879.883	y	11.1274	3.58576	11.854	31.7229
1398232879.936	n	11.1273	3.58575	11.826	31.7229
1398232879.999	n	11.1272	3.58574	11.798	31.7229
1398232880.062	n	11.1272	3.58573	11.773	31.7229
1398232880.126	n	11.1272	3.58573	11.744	31.7229
1398232880.188	n	11.1272	3.58572	11.717	31.7228
1398232880.250	n	11.1271	3.58571	11.689	31.7228
1398232880.312	n	11.1271	3.58571	11.665	31.7227
1398232880.375	n	11.1270	3.58570	11.640	31.7228
1398232880.438	n	11.1269	3.58570	11.615	31.7228
1398232880.498	n	11.1268	3.58570	11.589	31.7229
1398232880.561	n	11.1267	3.58569	11.565	31.7229
1398232880.626	n	11.1266	3.58568	11.544	31.7230
1398232880.687	n	11.1265	3.58568	11.520	31.7230
1398232880.749	n	11.1265	3.58567	11.499	31.7229
1398232880.811	n	11.1265	3.58565	11.475	31.7228
1398232880.875	n	11.1264	3.58564	11.455	31.7228
1398232880.937	n	11.1263	3.58563	11.434	31.7228
1398232880.999	n	11.1262	3.58563	11.411	31.7228
1398232881.062	n	11.1261	3.58562	11.389	31.7228
1398232881.123	n	11.1260	3.58561	11.371	31.7229
1398232881.187	n	11.1260	3.58561	11.353	31.7229
1398232881.248	n	11.1259	3.58561	11.332	31.7229
1398232881.312	n	11.1259	3.58561	11.312	31.7230
1398232881.375	n	11.1258	3.58561	11.294	31.7230
1398232881.437	n	11.1257	3.58560	11.277	31.7230
1398232881.499	n	11.1256	3.58559	11.256	31.7230
1398232881.561	n	11.1255	3.58558	11.240	31.7231
1398232881.624	n	11.1254	3.58556	11.217	31.7229
1398232881.685	n	11.1254	3.58554	11.200	31.7228
1398232881.748	n	11.1253	3.58552	11.182	31.7227
1398232881.811	n	11.1253	3.58550	11.164	31.7225
1398232881.876	n	11.1252	3.58548	11.150	31.7224
1398232881.937	n	11.1251	3.58545	11.135	31.7222
1398232881.998	n	11.1250	3.58543	11.119	31.7220
1398232882.061	n	11.1249	3.58541	11.103	31.7219
1398232882.124	n	11.1249	3.58539	11.084	31.7218
1398232882.187	n	11.1249	3.58537	11.070	31.7216
1398232882.249	n	11.1248	3.58534	11.056	31.7213
1398232882.311	n	11.1248	3.58530	11.040	31.7210
1398232882.374	n	11.1248	3.58527	11.027	31.7207
1398232882.436	n	11.1247	3.58525	11.014	31.7206
1398232882.499	n	11.1246	3.58522	11.002	31.7204
1398232882.561	n	11.1246	3.58519	10.989	31.7201
1398232882.624	n	11.1245	3.58516	10.973	31.7199
1398232882.688	n	11.1245	3.58512	10.961	31.7196
1398232882.749	n	11.1244	3.58509	10.949	31.7192
1398232882.812	n	11.1244	3.58505	10.939	31.7189
1398232882.875	n	11.1244	3.58501	10.927	31.7185
1398232882.935	n	11.1244	3.58497	10.918	31.7181
1398232882.999	n	11.1243	3.58493	10.908	31.7178
1398232883.061	n	11.1243	3.58489	10.898	31.7174
1398232883.124	n	11.1242	3.58486	10.887	31.7172
1398232883.187	n	11.1242	3.58482	10.879	31.7168
1398232883.368	y	11.1241	3.58478	10.871	31.7165
1398232883.374	n	11.1241	3.58474	10.861	31.7161
1398232883.380	n	11.1242	3.58470	10.852	31.7157
1398232883.437	n	11.1241	3.58466	10.841	31.7154
1398232883.498	n	11.1241	3.58463	10.832	31.7151
1398232883.561	y	11.1240	3.58459	10.823	31.7148
1398232883.624	n	11.1239	3.58456	10.812	31.7146
1398232883.686	n	11.1240	3.58453	10.803	31.7142
1398232883.750	n	11.1240	3.58449	10.798	31.7138
1398232883.812	n	11.1240	3.58446	10.788	31.7135
1398232883.876	n	11.1240	3.58442	10.778	31.7131
1398232883.939	n	11.1239	3.58439	10.769	31.7129
1398232883.999	n	11.1238	3.58436	10.761	31.7127
1398232884.061	n	11.1238	3.58433	10.752	31.7124
1398232884.125	n	11.1238	3.58430	10.743	31.7121
1398232884.188	n	11.1238	3.58427	10.735	31.7118
1398232884.248	n	11.1238	3.58423	10.724	31.7115
1398232884.311	n	11.1237	3.58421	10.712	31.7113
1398232884.375	n	11.1237	3.58417	10.708	31.7109
1398232884.439	n	11.1237	3.58415	10.698	31.7107
1398232884.499	n	11.1237	3.58411	10.687	31.7103
1398232884.561	n	11.1237	3.58407	10.679	31.7100
1398232884.624	n	11.1237	3.58404	10.666	31.7097
1398232884.688	n	11.1237	3.58400	10.662	31.7093
1398232884.750	n	11.1236	3.58396	10.648	31.7090
1398232884.811	n	11.1236	3.58393	10.641	31.7087
1398232884.875	n	11.1236	3.58390	10.633	31.7084
1398232884.938	n	11.1236	3.58387	10.624	31.7082
1398232884.999	n	11.1236	3.58385	10.613	31.7080
1398232885.061	n	11.1236	3.58383	10.609	31.7078
1398232885.125	n	11.1236	3.58381	10.599	31.7076
1398232885.188	n	11.1235	3.58379	10.588	31.7074
1398232885.248	n	11.1235	3.58377	10.582	31.7072
1398232885.312	n	11.1234	3.58375	10.574	31.7071
1398232885.374	n	11.1234	3.58373	10.568	31.7070
1398232885.441	n	11.1233	3.58371	10.560	31.7068
1398232885.499	n	11.1234	3.58368	10.554	31.7065
1398232885.561	n	11.1234	3.58366	10.544	31.7063
1398232885.625	n	11.1234	3.58364	10.534	31.7060
1398232885.686	n	11.1234	3.58361	10.527	31.7058
1398232885.750	n	11.1234	3.58359	10.518	31.7056
1398232885.812	n	11.1233	3.58355	10.512	31.7053
1398232885.876	n	11.1233	3.58352	10.505	31.7050
1398232885.938	n	11.1233	3.58350	10.493	31.7048
1398232886.000	n	11.1233	3.58347	10.484	31.7045
1398232886.061	n	11.1233	3.58345	10.471	31.7043
1398232886.124	n	11.1233	3.58342	10.465	31.7041
1398232886.186	y	11.1233	3.58340	10.456	31.7039
1398232886.248	n	11.1232	3.58338	10.449	31.7037
1398232886.311	n	11.1232	3.58335	10.442	31.7035
1398232886.375	n	11.1232	3.58333	10.430	31.7032
1398232886.436	n	11.1232	3.58330	10.421	31.7029
1398232886.500	n	11.1232	3.58327	10.409	31.7027
1398232886.562	n	11.1232	3.58324	10.401	31.7024
1398232886.623	n	11.1231	3.58320	10.393	31.7021
1398232886.687	n	11.1231	3.58317	10.380	31.7018
1398232886.749	n	11.1231	3.58314	10.370	31.7014
1398232886.812	n	11.1231	3.58311	10.360	31.7011
1398232886.875	n	11.1232	3.58308	10.350	31.7009
1398232886.936	n	11.1231	3.58303	10.340	31.7004
1398232887.000	n	11.1230	3.58277	10.328	31.6979
1398232887.061	n	11.1230	3.58223	10.318	31.6926
1398232887.124	n	11.1230	3.58141	10.308	31.6846
1398232887.186	n	11.1230	3.58049	10.298	31.6756
1398232887.252	y	11.1230	3.57974	10.289	31.6682
1398232887.312	n	11.1230	3.57933	10.277	31.6642
1398232887.375	n	11.1230	3.57920	10.266	31.6629
1398232887.437	n	11.1230	3.57924	10.256	31.6633
1398232887.618	y	11.1230	3.57931	10.242	31.6640
1398232887.625	n	11.1229	3.57935	10.233	31.6645
1398232887.630	n	11.1229	3.57939	10.224	31.6648
1398232887.687	n	11.1229	3.57942	10.214	31.6651
1398232887.748	n	11.1229	3.57945	10.206	31.6654
1398232887.811	n	11.1230	3.57943	10.195	31.6652
1398232887.874	n	11.1230	3.57935	10.184	31.6644
1398232887.937	n	11.1230	3.57918	10.174	31.6628
1398232887.999	n	11.1228	3.57898	10.161	31.6609
1398232888.061	n	11.1226	3.57881	10.147	31.6595
1398232888.124	n	11.1225	3.57878	10.134	31.6592
1398232888.186	n	11.1224	3.57884	10.124	31.6599
1398232888.249	n	11.1224	3.57897	10.111	31.6612
1398232888.312	n	11.1224	3.57907	10.100	31.6622
1398232888.375	n	11.1225	3.57911	10.085	31.6625
1398232888.437	n	11.1225	3.57907	10.071	31.6621
1398232888.498	n	11.1226	3.57901	10.059	31.6615
1398232888.562	n	11.1226	3.57894	10.044	31.6608
1398232888.625	n	11.1225	3.57885	10.035	31.6600
1398232888.687	n	11.1225	3.57870	10.021	31.6585
1398232888.749	n	11.1224	3.57844	10.006	31.6560
1398232888.811	n	11.1222	3.57810	9.996	31.6529
1398232888.874	n	11.1219	3.57774	9.980	31.6496
1398232888.938	n	11.1216	3.57745	9.965	31.6470
1398232888.999	n	11.1213	3.57726	9.958	31.6454
1398232889.062	n	11.1212	3.57717	9.947	31.6447
1398232889.124	n	11.1211	3.57713	9.934	31.6443
1398232889.187	n	11.1211	3.57712	9.921	31.6442
1398232889.248	n	11.1211	3.57713	9.912	31.6443
1398232889.313	n	11.1211	3.57716	9.900	31.6447
1398232889.374	n	11.1211	3.57720	9.888	31.6451
1398232889.437	n	11.1211	3.57725	9.875	31.6455
1398232889.498	n	11.1211	3.57731	9.864	31.6462
1398232889.561	n	11.1211	3.57739	9.853	31.6469
1398232889.625	n	11.1213	3.57749	9.839	31.6478
1398232889.686	n	11.1213	3.57758	9.829	31.6486
1398232889.748	n	11.1213	3.57761	9.815	31.6488
1398232889.812	n	11.1213	3.57754	9.801	31.6483
1398232889.874	n	11.1212	3.57742	9.790	31.6472
1398232889.937	n	11.1211	3.57730	9.777	31.6460
1398232889.999	n	11.1210	3.57719	9.763	31.6450
1398232890.061	n	11.1210	3.57709	9.751	31.6441
1398232890.126	n	11.1209	3.57699	9.739	31.6432
1398232890.186	n	11.1208	3.57688	9.726	31.6422
1398232890.249	n	11.1207	3.57680	9.711	31.6416
1398232890.312	n	11.1206	3.57679	9.698	31.6415
1398232890.373	n	11.1205	3.57682	9.686	31.6418
1398232890.437	n	11.1205	3.57684	9.673	31.6421
1398232890.499	n	11.1205	3.57685	9.660	31.6422
1398232890.561	n	11.1205	3.57684	9.647	31.6422
1398232890.625	n	11.1205	3.57685	9.632	31.6422
1398232890.688	n	11.1205	3.57687	9.621	31.6424
1398232890.749	n	11.1206	3.57689	9.612	31.6426
1398232890.812	n	11.1206	3.57692	9.598	31.6428
1398232890.886	y	11.1207	3.57695	9.580	31.6431
1398232890.937	n	11.1207	3.57697	9.566	31.6433
1398232890.999	n	11.1207	3.57699	9.553	31.6434
1398232891.062	n	11.1207	3.57700	9.540	31.6435
1398232891.124	n	11.1207	3.57699	9.524	31.6435
1398232891.187	n	11.1207	3.57698	9.511	31.6434
1398232891.249	n	11.1207	3.57697	9.493	31.6432
1398232891.311	n	11.1207	3.57693	9.479	31.6429
1398232891.375	n	11.1206	3.57682	9.464	31.6419
1398232891.436	n	11.1204	3.57665	9.446	31.6404
1398232891.498	n	11.1201	3.57641	9.430	31.6383
1398232891.562	n	11.1198	3.57611	9.413	31.6356
1398232891.626	n	11.1196	3.57588	9.392	31.6335
1398232891.686	n	11.1196	3.57578	9.374	31.6326
1398232891.872	y	11.1196	3.57577	9.356	31.6324
1398232891.879	n	11.1196	3.57579	9.338	31.6327
1398232891.884	n	11.1196	3.57582	9.320	31.6330
1398232891.936	n	11.1196	3.57583	9.300	31.6331
1398232892.000	n	11.1197	3.57594	9.282	31.6341
1398232892.061	n	11.1199	3.57614	9.261	31.6359
1398232892.125	n	11.1201	3.57638	9.240	31.6380
1398232892.187	n	11.1203	3.57653	9.222	31.6394
1398232892.249	n	11.1204	3.57660	9.203	31.6399
1398232892.311	n	11.1205	3.57664	9.181	31.6403
1398232892.373	n	11.1205	3.57666	9.157	31.6405
1398232892.437	n	11.1205	3.57672	9.135	31.6411
1398232892.500	n	11.1206	3.57677	9.113	31.6416
1398232892.562	n	11.1205	3.57672	9.088	31.6412
1398232892.624	n	11.1205	3.57659	9.066	31.6399
1398232892.687	n	11.1204	3.57649	9.044	31.6390
1398232892.749	n	11.1204	3.57644	9.016	31.6385
1398232892.811	n	11.1205	3.57651	8.993	31.6391
1398232892.876	n	11.1206	3.57666	8.973	31.6405
1398232892.938	n	11.1207	3.57680	8.947	31.6418
1398232892.999	n	11.1208	3.57688	8.919	31.6426
1398232893.062	n	11.1208	3.57693	8.892	31.6430
1398232893.124	n	11.1209	3.57697	8.864	31.6434
1398232893.188	n	11.1209	3.57700	8.836	31.6436
1398232893.249	n	11.1209	3.57699	8.813	31.6435
1398232893.312	n	11.1209	3.57696	8.782	31.6433
1398232893.373	n	11.1210	3.57694	8.754	31.6430
1398232893.437	n	11.1210	3.57691	8.730	31.6427
1398232893.500	n	11.1210	3.57689	8.704	31.6425
1398232893.562	n	11.1210	3.57687	8.676	31.6423
1398232893.623	n	11.1210	3.57686	8.648	31.6423
1398232893.688	n	11.1209	3.57685	8.621	31.6422
1398232893.749	n	11.1209	3.57682	8.594	31.6420
1398232893.811	n	11.1209	3.57677	8.566	31.6415
1398232893.875	n	11.1209	3.57671	8.539	31.6409
1398232893.938	n	11.1209	3.57665	8.512	31.6404
1398232893.999	n	11.1210	3.57662	8.490	31.6400
1398232894.061	n	11.1210	3.57662	8.461	31.6399
1398232894.125	n	11.1209	3.57660	8.435	31.6398
1398232894.188	n	11.1208	3.57654	8.409	31.6394
1398232894.249	n	11.1206	3.57642	8.382	31.6384
1398232894.311	n	11.1205	3.57623	8.354	31.6366
1398232894.373	n	11.1203	3.57603	8.328	31.6348
1398232894.437	n	11.1202	3.57588	8.301	31.6335
1398232894.500	n	11.1202	3.57579	8.278	31.6327
1398232894.561	y	11.1202	3.57577	8.251	31.6324
1398232894.625	n	11.1202	3.57579	8.228	31.6326
1398232894.687	n	11.1202	3.57581	8.207	31.6329
1398232894.749	n	11.1201	3.57584	8.180	31.6333
1398232894.811	n	11.1200	3.57588	8.157	31.6337
1398232894.874	n	11.1200	3.57589	8.132	31.6338
1398232894.936	n	11.1201	3.57587	8.110	31.6335
1398232894.999	n	11.1202	3.57585	8.085	31.6333
1398232895.063	n	11.1203	3.57583	8.064	31.6330
1398232895.123	n	11.1202	3.57578	8.039	31.6326
1398232895.188	n	11.1201	3.57571	8.021	31.6320
1398232895.249	n	11.1199	3.57562	8.002	31.6313
1398232895.312	n	11.1197	3.57552	7.981	31.6304
1398232895.537	y	11.1196	3.57544	7.960	31.6298
1398232895.543	n	11.1196	3.57542	7.937	31.6296
1398232895.548	n	11.1195	3.57544	7.923	31.6299
1398232895.561	n	11.1196	3.57549	7.904	31.6303
1398232895.623	n	11.1196	3.57554	7.883	31.6308
1398232895.687	n	11.1197	3.57558	7.863	31.6311
1398232895.750	n	11.1198	3.57558	7.848	31.6310
1398232895.812	n	11.1199	3.57554	7.833	31.6306
1398232895.874	n	11.1199	3.57549	7.813	31.6301
1398232895.938	n	11.1199	3.57545	7.798	31.6297
1398232896.187	y	11.1199	3.57542	7.787	31.6295
1398232896.195	n	11.1199	3.57540	7.770	31.6293
1398232896.202	n	11.1198	3.57537	7.754	31.6290
1398232896.208	n	11.1197	3.57533	7.740	31.6287
1398232896.250	n	11.1196	3.57530	7.725	31.6286
1398232896.311	n	11.1196	3.57531	7.713	31.6286
1398232896.373	n	11.1196	3.57532	7.703	31.6287
1398232896.436	n	11.1196	3.57534	7.690	31.6289
1398232896.500	n	11.1197	3.57535	7.679	31.6290
1398232896.561	n	11.1197	3.57536	7.666	31.6290
1398232896.625	n	11.1197	3.57536	7.657	31.6291
1398232896.686	n	11.1197	3.57536	7.646	31.6291
1398232896.750	n	11.1196	3.57537	7.637	31.6292
1398232896.812	n	11.1196	3.57538	7.629	31.6293
1398232896.874	n	11.1196	3.57539	7.619	31.6294
1398232896.937	n	11.1196	3.57540	7.608	31.6296
1398232896.999	n	11.1197	3.57541	7.602	31.6296
1398232897.061	n	11.1197	3.57541	7.592	31.6296
1398232897.125	n	11.1197	3.57539	7.586	31.6294
1398232897.188	n	11.1197	3.57536	7.580	31.6291
1398232897.249	n	11.1197	3.57532	7.577	31.6287
1398232897.311	n	11.1197	3.57529	7.574	31.6284
1398232897.375	n	11.1197	3.57528	7.566	31.6282
1398232897.437	n	11.1197	3.57527	7.563	31.6282
1398232897.500	n	11.1197	3.57530	7.560	31.6285
1398232897.562	n	11.1198	3.57534	7.555	31.6288
1398232897.624	n	11.1198	3.57539	7.555	31.6293
1398232897.686	n	11.1198	3.57542	7.551	31.6296
1398232897.749	n	11.1199	3.57544	7.547	31.6298
1398232897.812	n	11.1199	3.57544	7.542	31.6297
1398232897.875	n	11.1199	3.57544	7.542	31.6297
1398232897.937	n	11.1199	3.57544	7.540	31.6297
1398232898.000	n	11.1199	3.57547	7.539	31.6301
1398232898.062	n	11.1198	3.57551	7.533	31.6305
1398232898.125	n	11.1198	3.57556	7.534	31.6310
1398232898.187	n	11.1198	3.57562	7.535	31.6315
1398232898.279	y	11.1198	3.57568	7.536	31.6321
1398232898.311	n	11.1199	3.57575	7.534	31.6328
1398232898.374	n	11.1199	3.57581	7.536	31.6334
1398232898.437	n	11.1199	3.57584	7.536	31.6337
1398232898.499	n	11.1199	3.57586	7.533	31.6338
1398232898.561	n	11.1200	3.57587	7.534	31.6338
1398232898.624	n	11.1200	3.57588	7.536	31.6339
1398232898.687	n	11.1200	3.57592	7.532	31.6343
1398232898.748	n	11.1200	3.57595	7.530	31.6346
1398232898.811	n	11.1199	3.57594	7.522	31.6346
1398232898.875	n	11.1199	3.57590	7.524	31.6343
1398232898.936	n	11.1198	3.57583	7.524	31.6336
1398232898.999	n	11.1198	3.57576	7.519	31.6330
1398232899.062	n	11.1198	3.57570	7.516	31.6324
1398232899.124	n	11.1198	3.57565	7.512	31.6320
1398232899.187	n	11.1197	3.57560	7.513	31.6315
1398232899.249	n	11.1197	3.57553	7.507	31.6308
1398232899.312	n	11.1196	3.57542	7.507	31.6297
1398232899.375	n	11.1196	3.57532	7.504	31.6288
1398232899.436	n	11.1196	3.57526	7.502	31.6282
1398232899.499	n	11.1195	3.57525	7.499	31.6281
1398232899.561	n	11.1195	3.57527	7.495	31.6284
1398232899.625	n	11.1194	3.57529	7.493	31.6288
1398232899.686	n	11.1193	3.57529	7.488	31.6287
1398232899.750	n	11.1193	3.57528	7.482	31.6286
1398232899.811	n	11.1194	3.57527	7.479	31.6285
1398232899.875	n	11.1194	3.57526	7.477	31.6284
1398232899.936	n	11.1195	3.57526	7.472	31.6283
1398232899.999	n	11.1195	3.57526	7.465	31.6283
1398232900.062	n	11.1195	3.57526	7.457	31.6283
1398232900.124	n	11.1195	3.57528	7.454	31.6285
1398232900.187	n	11.1195	3.57530	7.449	31.6287
1398232900.333	y	11.1195	3.57532	7.439	31.6289
1398232900.338	n	11.1195	3.57534	7.432	31.6292
1398232900.375	n	11.1195	3.57535	7.422	31.6293
1398232900.438	n	11.1195	3.57535	7.415	31.6292
1398232900.498	n	11.1195	3.57533	7.402	31.6290
1398232900.562	n	11.1195	3.57531	7.393	31.6288
1398232900.624	n	11.1195	3.57529	7.381	31.6286
1398232900.688	n	11.1196	3.57529	7.371	31.6286
1398232900.749	n	11.1196	3.57529	7.361	31.6286
1398232900.811	n	11.1197	3.57530	7.350	31.6286
1398232900.874	n	11.1197	3.57530	7.334	31.6286
1398232900.937	n	11.1198	3.57530	7.320	31.6286
1398232900.999	n	11.1198	3.57529	7.308	31.6285
1398232901.061	n	11.1198	3.57529	7.297	31.6284
1398232901.124	n	11.1198	3.57528	7.282	31.6284
1398232901.186	n	11.1198	3.57528	7.271	31.6284
1398232901.250	n	11.1198	3.57529	7.257	31.6285
1398232901.312	n	11.1198	3.57529	7.237	31.6284
1398232901.375	n	11.1198	3.57527	7.224	31.6283
1398232901.436	n	11.1197	3.57525	7.211	31.6281
1398232901.500	n	11.1197	3.57522	7.198	31.6279
1398232901.562	n	11.1196	3.57520	7.184	31.6277
1398232901.624	n	11.1196	3.57517	7.171	31.6276
1398232901.688	n	11.1195	3.57515	7.158	31.6274
1398232901.749	n	11.1194	3.57513	7.142	31.6272
1398232901.850	y	11.1195	3.57511	7.130	31.6270
1398232901.875	n	11.1195	3.57511	7.114	31.6270
1398232901.937	n	11.1195	3.57510	7.102	31.6269
1398232901.998	n	11.1195	3.57508	7.089	31.6267
1398232902.061	n	11.1195	3.57505	7.079	31.6264
1398232902.126	n	11.1194	3.57502	7.067	31.6262
1398232902.187	n	11.1194	3.57501	7.054	31.6261
1398232902.249	n	11.1193	3.57501	7.039	31.6262
1398232902.312	n	11.1193	3.57503	7.030	31.6264
1398232902.374	n	11.1194	3.57504	7.012	31.6265
1398232902.438	n	11.1194	3.57503	7.000	31.6264
1398232902.499	n	11.1195	3.57502	6.990	31.6262
1398232902.561	n	11.1196	3.57501	6.975	31.6261
1398232902.624	n	11.1196	3.57502	6.962	31.6261
1398232902.686	n	11.1197	3.57503	6.947	31.6261
1398232902.750	n	11.1196	3.57503	6.934	31.6262
1398232902.812	n	11.1196	3.57501	6.918	31.6261
1398232902.876	n	11.1195	3.57499	6.904	31.6259
1398232902.938	n	11.1195	3.57496	6.891	31.6256
1398232902.999	n	11.1194	3.57496	6.875	31.6256
1398232903.061	n	11.1194	3.57499	6.865	31.6260
1398232903.124	n	11.1194	3.57507	6.851	31.6267
1398232903.188	n	11.1195	3.57519	6.837	31.6279
1398232903.249	n	11.1194	3.57533	6.823	31.6293
1398232903.311	n	11.1194	3.57543	6.811	31.6303
1398232903.376	n	11.1194	3.57546	6.800	31.6307
1398232903.437	n	11.1193	3.57542	6.784	31.6303
1398232903.499	n	11.1193	3.57530	6.768	31.6292
1398232903.564	n	11.1193	3.57517	6.755	31.6279
1398232903.625	n	11.1193	3.57507	6.737	31.6270
1398232903.689	n	11.1192	3.57503	6.719	31.6266
1398232903.749	n	11.1192	3.57503	6.707	31.6267
1398232903.812	n	11.1192	3.57505	6.697	31.6268
1398232903.876	n	11.1192	3.57503	6.677	31.6266
1398232903.936	n	11.1192	3.57496	6.662	31.6260
1398232903.999	n	11.1193	3.57488	6.646	31.6251
1398232904.062	n	11.1192	3.57479	6.630	31.6243
1398232904.124	n	11.1192	3.57474	6.613	31.6238
1398232904.187	n	11.1191	3.57474	6.599	31.6239
1398232904.248	n	11.1190	3.57477	6.584	31.6243
1398232904.311	n	11.1190	3.57483	6.571	31.6249
1398232904.374	n	11.1190	3.57489	6.551	31.6254
1398232904.437	n	11.1190	3.57488	6.532	31.6254
1398232904.605	y	11.1190	3.57486	6.517	31.6252
1398232904.610	n	11.1189	3.57482	6.496	31.6249
1398232904.624	n	11.1189	3.57479	6.479	31.6246
1398232904.688	n	11.1190	3.57479	6.463	31.6246
1398232904.749	n	11.1191	3.57481	6.444	31.6247
1398232904.812	n	11.1191	3.57484	6.424	31.6249
1398232904.873	n	11.1191	3.57486	6.404	31.6251
1398232904.938	n	11.1191	3.57488	6.387	31.6253
1398232904.999	n	11.1191	3.57489	6.366	31.6255
1398232905.062	n	11.1191	3.57491	6.340	31.6257
1398232905.125	n	11.1191	3.57487	6.321	31.6253
1398232905.187	n	11.1191	3.57478	6.299	31.6245
1398232905.249	n	11.1191	3.57467	6.282	31.6234
1398232905.311	n	11.1191	3.57459	6.262	31.6226
1398232905.376	n	11.1191	3.57460	6.241	31.6226
1398232905.437	n	11.1192	3.57465	6.219	31.6231
1398232905.565	y	11.1192	3.57468	6.201	31.6234
1398232905.570	n	11.1192	3.57464	6.182	31.6230
1398232905.626	n	11.1191	3.57453	6.160	31.6221
1398232905.687	n	11.1190	3.57441	6.140	31.6210
1398232905.749	n	11.1189	3.57434	6.121	31.6203
1398232905.812	n	11.1189	3.57434	6.101	31.6204
1398232905.874	n	11.1188	3.57441	6.081	31.6211
1398232905.938	n	11.1188	3.57450	6.064	31.6221
1398232905.998	n	11.1187	3.57459	6.046	31.6230
1398232906.061	n	11.1188	3.57466	6.024	31.6236
1398232906.124	n	11.1189	3.57468	6.008	31.6238
1398232906.188	n	11.1190	3.57468	5.990	31.6237
1398232906.250	n	11.1190	3.57466	5.973	31.6235
1398232906.312	n	11.1190	3.57462	5.955	31.6230
1398232906.374	n	11.1190	3.57457	5.935	31.6226
1398232906.438	n	11.1190	3.57452	5.923	31.6221
1398232906.499	n	11.1189	3.57448	5.905	31.6218
1398232906.562	n	11.1188	3.57448	5.886	31.6218
1398232906.629	n	11.1188	3.57452	5.866	31.6223
1398232906.688	n	11.1188	3.57458	5.852	31.6229
1398232906.749	n	11.1188	3.57462	5.838	31.6232
1398232906.811	n	11.1188	3.57462	5.821	31.6233
1398232906.875	n	11.1188	3.57458	5.802	31.6229
1398232906.936	n	11.1188	3.57455	5.786	31.6226
1398232907.000	n	11.1187	3.57455	5.773	31.6227
1398232907.062	n	11.1187	3.57458	5.760	31.6230
1398232907.124	n	11.1187	3.57462	5.745	31.6234
1398232907.187	n	11.1187	3.57465	5.726	31.6237
1398232907.249	n	11.1188	3.57463	5.714	31.6235
1398232907.311	n	11.1188	3.57456	5.699	31.6227
1398232907.376	n	11.1187	3.57447	5.687	31.6219
1398232907.437	n	11.1187	3.57442	5.675	31.6215
1398232907.499	n	11.1186	3.57442	5.657	31.6216
1398232907.561	n	11.1186	3.57445	5.644	31.6218
1398232907.625	n	11.1187	3.57442	5.634	31.6215
1398232907.688	n	11.1187	3.57432	5.619	31.6205
1398232907.749	n	11.1188	3.57416	5.605	31.6189
1398232907.812	n	11.1188	3.57402	5.592	31.6175
1398232907.873	n	11.1188	3.57394	5.579	31.6166
1398232907.937	n	11.1189	3.57390	5.566	31.6162
1398232908.000	n	11.1189	3.57386	5.551	31.6158
1398232908.062	n	11.1190	3.57384	5.540	31.6156
1398232908.125	n	11.1190	3.57384	5.523	31.6157
1398232908.188	n	11.1190	3.57386	5.511	31.6159
1398232908.249	n	11.1190	3.57388	5.497	31.6160
1398232908.312	n	11.1190	3.57387	5.483	31.6159
1398232908.376	n	11.1190	3.57382	5.467	31.6155
1398232908.439	n	11.1190	3.57376	5.455	31.6149
1398232908.499	n	11.1189	3.57371	5.441	31.6145
1398232908.562	n	11.1189	3.57369	5.430	31.6142
1398232908.627	n	11.1189	3.57369	5.418	31.6142
1398232908.687	n	11.1189	3.57372	5.408	31.6145
1398232908.876	y	11.1189	3.57375	5.395	31.6149
1398232908.883	n	11.1189	3.57377	5.387	31.6150
1398232908.888	n	11.1189	3.57377	5.379	31.6151
1398232908.937	n	11.1189	3.57377	5.373	31.6151
1398232909.000	n	11.1188	3.57377	5.361	31.6151
1398232909.061	n	11.1188	3.57378	5.348	31.6153
1398232909.125	n	11.1188	3.57380	5.340	31.6154
1398232909.207	y	11.1188	3.57381	5.333	31.6155
1398232909.249	n	11.1188	3.57381	5.325	31.6156
1398232909.313	n	11.1188	3.57381	5.315	31.6156
1398232909.374	n	11.1189	3.57381	5.304	31.6155
1398232909.438	n	11.1188	3.57380	5.295	31.6154
1398232909.499	n	11.1188	3.57381	5.285	31.6155
1398232909.561	n	11.1188	3.57384	5.274	31.6159
1398232909.627	n	11.1188	3.57390	5.267	31.6165
1398232909.808	y	11.1188	3.57396	5.256	31.6171
1398232909.814	n	11.1188	3.57400	5.244	31.6174
1398232909.819	n	11.1189	3.57403	5.237	31.6177
1398232909.876	n	11.1189	3.57405	5.227	31.6179
1398232909.936	n	11.1188	3.57406	5.214	31.6180
1398232910.001	n	11.1188	3.57402	5.204	31.6177
1398232910.061	n	11.1187	3.57394	5.194	31.6170
1398232910.124	n	11.1186	3.57384	5.184	31.6161
1398232910.186	n	11.1186	3.57375	5.173	31.6153
1398232910.249	n	11.1186	3.57371	5.162	31.6149
1398232910.312	n	11.1186	3.57372	5.152	31.6149
1398232910.374	n	11.1186	3.57374	5.140	31.6151
1398232910.436	n	11.1186	3.57379	5.131	31.6157
1398232910.500	n	11.1185	3.57388	5.122	31.6165
1398232910.562	n	11.1186	3.57396	5.111	31.6173
1398232910.626	n	11.1186	3.57402	5.098	31.6178
1398232910.687	n	11.1186	3.57407	5.090	31.6183
1398232910.750	n	11.1187	3.57410	5.077	31.6186
1398232910.812	n	11.1187	3.57413	5.066	31.6189
1398232910.874	n	11.1187	3.57418	5.054	31.6193
1398232910.937	n	11.1188	3.57421	5.043	31.6195
1398232910.998	n	11.1189	3.57425	5.032	31.6199
1398232911.063	n	11.1189	3.57428	5.022	31.6203
1398232911.124	n	11.1189	3.57433	5.007	31.6207
1398232911.186	n	11.1189	3.57436	4.998	31.6210
1398232911.248	n	11.1189	3.57435	4.985	31.6210
1398232911.313	n	11.1188	3.57424	4.972	31.6199
1398232911.375	n	11.1188	3.57405	4.956	31.6181
1398232911.436	n	11.1186	3.57384	4.942	31.6161
1398232911.500	n	11.1185	3.57372	4.931	31.6150
1398232911.562	n	11.1185	3.57374	4.916	31.6153
1398232911.628	n	11.1186	3.57389	4.900	31.6167
1398232911.687	n	11.1187	3.57404	4.882	31.6181
1398232911.748	n	11.1188	3.57414	4.868	31.6190
1398232911.811	n	11.1188	3.57417	4.855	31.6193
1398232911.875	n	11.1187	3.57413	4.838	31.6189
1398232911.938	n	11.1187	3.57405	4.822	31.6182
1398232911.999	n	11.1186	3.57396	4.806	31.6173
1398232912.062	n	11.1187	3.57388	4.790	31.6166
1398232912.124	n	11.1187	3.57383	4.774	31.6160
1398232912.187	n	11.1188	3.57381	4.754	31.6158
1398232912.250	n	11.1189	3.57382	4.738	31.6158
1398232912.311	n	11.1190	3.57386	4.721	31.6161
1398232912.375	n	11.1191	3.57395	4.700	31.6169
1398232912.437	n	11.1192	3.57406	4.677	31.6179
1398232912.498	n	11.1192	3.57413	4.661	31.6186
1398232912.562	n	11.1193	3.57416	4.645	31.6189
1398232912.626	n	11.1192	3.57419	4.628	31.6193
1398232912.687	n	11.1192	3.57420	4.609	31.6194
1398232912.813	y	11.1192	3.57416	4.592	31.6190
1398232912.818	n	11.1192	3.57407	4.573	31.6182
1398232912.876	n	11.1192	3.57393	4.556	31.6167
1398232912.937	n	11.1192	3.57374	4.535	31.6149
1398232913.128	y	11.1193	3.57361	4.520	31.6135
1398232913.135	n	11.1193	3.57355	4.499	31.6129
1398232913.141	n	11.1193	3.57353	4.479	31.6127
1398232913.187	n	11.1193	3.57354	4.464	31.6128
1398232913.250	n	11.1193	3.57355	4.444	31.6129
1398232913.312	n	11.1193	3.57353	4.421	31.6127
1398232913.374	n	11.1193	3.57346	4.401	31.6121
1398232913.438	n	11.1193	3.57337	4.377	31.6112
1398232913.499	n	11.1193	3.57328	4.360	31.6104
1398232913.563	n	11.1193	3.57321	4.340	31.6097
1398232913.627	n	11.1193	3.57316	4.318	31.6092
1398232913.688	n	11.1193	3.57313	4.300	31.6089
1398232913.749	n	11.1193	3.57310	4.280	31.6086
1398232913.811	n	11.1193	3.57310	4.259	31.6086
1398232913.874	n	11.1193	3.57311	4.242	31.6087
1398232913.937	n	11.1193	3.57315	4.219	31.6090
1398232913.998	n	11.1193	3.57318	4.201	31.6094
1398232914.062	n	11.1194	3.57321	4.186	31.6096
1398232914.125	n	11.1194	3.57323	4.169	31.6098
1398232914.188	n	11.1195	3.57325	4.151	31.6100
1398232914.249	n	11.1195	3.57327	4.133	31.6102
1398232914.311	n	11.1196	3.57329	4.115	31.6103
1398232914.374	n	11.1195	3.57330	4.095	31.6104
1398232914.438	n	11.1195	3.57330	4.081	31.6104
1398232914.500	n	11.1194	3.57328	4.059	31.6104
1398232914.562	n	11.1189	3.57324	4.043	31.6104
1398232914.628	n	11.1180	3.57310	4.028	31.6099
1398232914.687	n	11.1166	3.57285	4.008	31.6085
1398232914.748	n	11.1151	3.57252	3.991	31.6066
1398232914.811	n	11.1140	3.57221	3.974	31.6046
1398232914.875	n	11.1133	3.57199	3.958	31.6029
1398232914.939	n	11.1130	3.57189	3.939	31.6023
1398232915.000	n	11.1128	3.57186	3.923	31.6022
1398232915.063	n	11.1127	3.57184	3.907	31.6021
1398232915.125	n	11.1126	3.57183	3.891	31.6020
1398232915.187	n	11.1125	3.57185	3.878	31.6023
1398232915.249	n	11.1126	3.57191	3.859	31.6029
1398232915.311	n	11.1128	3.57200	3.842	31.6036
1398232915.374	n	11.1130	3.57209	3.826	31.6042
1398232915.438	n	11.1133	3.57215	3.813	31.6046
1398232915.499	n	11.1136	3.57219	3.802	31.6047
1398232915.561	n	11.1137	3.57219	3.787	31.6047
1398232915.624	n	11.1138	3.57221	3.776	31.6048
1398232915.688	n	11.1139	3.57225	3.772	31.6051
1398232915.749	n	11.1140	3.57230	3.763	31.6055
1398232915.811	n	11.1141	3.57236	3.757	31.6059
1398232915.875	n	11.1143	3.57241	3.754	31.6063
1398232915.938	n	11.1144	3.57242	3.749	31.6063
1398232916.000	n	11.1146	3.57242	3.745	31.6062
1398232916.061	n	11.1148	3.57243	3.744	31.6060
1398232916.125	n	11.1150	3.57242	3.740	31.6058
1398232916.186	n	11.1152	3.57242	3.737	31.6056
1398232916.249	n	11.1152	3.57240	3.733	31.6055
1398232916.312	n	11.1152	3.57238	3.731	31.6053
1398232916.374	n	11.1152	3.57236	3.729	31.6051
1398232916.436	y	11.1152	3.57235	3.724	31.6050
1398232916.500	n	11.1152	3.57234	3.723	31.6049
1398232916.562	n	11.1152	3.57235	3.722	31.6050
1398232916.629	n	11.1152	3.57236	3.719	31.6051
1398232916.688	n	11.1152	3.57238	3.720	31.6052
1398232916.749	n	11.1152	3.57239	3.719	31.6054
1398232916.812	n	11.1151	3.57239	3.722	31.6055
1398232916.874	n	11.1151	3.57239	3.722	31.6055
1398232916.938	n	11.1151	3.57239	3.719	31.6055
1398232916.998	n	11.1150	3.57239	3.724	31.6055
1398232917.062	n	11.1150	3.57238	3.726	31.6055
1398232917.126	n	11.1149	3.57236	3.725	31.6053
1398232917.187	n	11.1149	3.57234	3.725	31.6051
1398232917.372	y	11.1149	3.57233	3.727	31.6051
1398232917.378	n	11.1149	3.57234	3.727	31.6051
1398232917.384	n	11.1150	3.57236	3.724	31.6052
1398232917.436	n	11.1152	3.57239	3.723	31.6053
1398232917.499	n	11.1155	3.57244	3.726	31.6055
1398232917.562	n	11.1158	3.57250	3.723	31.6060
1398232917.630	n	11.1159	3.57257	3.719	31.6065
1398232917.687	n	11.1158	3.57257	3.719	31.6066
1398232917.750	n	11.1157	3.57251	3.717	31.6061
1398232917.812	n	11.1155	3.57240	3.712	31.6052
1398232917.874	n	11.1153	3.57228	3.711	31.6043
1398232917.937	n	11.1151	3.57222	3.712	31.6037
1398232918.000	n	11.1150	3.57221	3.705	31.6038
1398232918.063	n	11.1149	3.57222	3.702	31.6040
1398232918.125	n	11.1148	3.57221	3.699	31.6039
1398232918.186	n	11.1147	3.57217	3.695	31.6036
1398232918.249	n	11.1148	3.57210	3.691	31.6029
1398232918.312	n	11.1148	3.57203	3.689	31.6021
1398232918.374	n	11.1149	3.57195	3.683	31.6013
1398232918.438	n	11.1149	3.57188	3.682	31.6006
1398232918.499	n	11.1149	3.57184	3.673	31.6002
1398232918.562	n	11.1149	3.57183	3.672	31.6001
1398232918.625	n	11.1150	3.57184	3.668	31.6002
1398232918.688	n	11.1150	3.57186	3.662	31.6003
1398232918.749	n	11.1151	3.57188	3.654	31.6005
1398232918.812	n	11.1151	3.57189	3.650	31.6005
1398232918.874	n	11.1152	3.57191	3.640	31.6006
1398232918.937	n	11.1153	3.57193	3.630	31.6008
1398232918.998	n	11.1154	3.57196	3.619	31.6010
1398232919.062	n	11.1154	3.57198	3.609	31.6012
1398232919.124	n	11.1155	3.57199	3.598	31.6012
1398232919.187	n	11.1155	3.57198	3.587	31.6012
1398232919.250	n	11.1153	3.57196	3.574	31.6011
1398232919.313	n	11.1151	3.57193	3.561	31.6010
1398232919.376	n	11.1149	3.57190	3.548	31.6008
1398232919.437	n	11.1148	3.57188	3.535	31.6008
1398232919.498	n	11.1149	3.57187	3.524	31.6007
1398232919.562	n	11.1149	3.57187	3.508	31.6006
1398232919.624	n	11.1150	3.57188	3.495	31.6006
1398232919.688	n	11.1151	3.57189	3.482	31.6007
1398232919.749	n	11.1151	3.57191	3.467	31.6008
1398232919.811	n	11.1152	3.57194	3.454	31.6011
1398232919.875	n	11.1153	3.57197	3.440	31.6013
1398232919.936	n	11.1153	3.57197	3.426	31.6013
1398232919.998	n	11.1154	3.57195	3.411	31.6010
1398232920.062	n	11.1154	3.57192	3.392	31.6007
1398232920.124	n	11.1153	3.57188	3.381	31.6004
1398232920.187	y	11.1152	3.57186	3.370	31.6003
1398232920.250	n	11.1151	3.57186	3.353	31.6004
1398232920.313	n	11.1150	3.57186	3.338	31.6005
1398232920.374	n	11.1150	3.57186	3.327	31.6005
1398232920.437	n	11.1148	3.57185	3.312	31.6005
1398232920.500	n	11.1147	3.57184	3.301	31.6005
1398232920.562	n	11.1146	3.57184	3.285	31.6007
1398232920.625	n	11.1146	3.57187	3.271	31.6010
1398232920.686	n	11.1146	3.57192	3.260	31.6014
1398232920.750	n	11.1148	3.57198	3.248	31.6019
1398232920.812	n	11.1150	3.57204	3.226	31.6023
1398232920.873	n	11.1152	3.57208	3.211	31.6025
1398232920.938	n	11.1154	3.57211	3.202	31.6027
1398232920.999	n	11.1155	3.57212	3.186	31.6027
1398232921.061	n	11.1157	3.57215	3.169	31.6028
1398232921.124	n	11.1160	3.57222	3.154	31.6032
1398232921.186	n	11.1164	3.57234	3.139	31.6041
1398232921.250	n	11.1168	3.57247	3.122	31.6051
1398232921.313	n	11.1170	3.57258	3.111	31.6060
1398232921.376	n	11.1171	3.57265	3.094	31.6065
1398232921.437	n	11.1172	3.57268	3.075	31.6068
1398232921.636	y	11.1172	3.57271	3.060	31.6070
1398232921.651	n	11.1171	3.57272	3.046	31.6072
1398232921.658	n	11.1170	3.57268	3.031	31.6070
1398232921.687	n	11.1168	3.57262	3.013	31.6065
1398232921.750	n	11.1167	3.57257	3.002	31.6062
1398232921.812	n	11.1168	3.57261	2.989	31.6064
1398232921.874	n	11.1170	3.57274	2.976	31.6076
1398232921.938	n	11.1170	3.57289	2.957	31.6090
1398232921.999	n	11.1171	3.57297	2.941	31.6098
1398232922.062	n	11.1172	3.57303	2.929	31.6102
1398232922.123	n	11.1173	3.57307	2.917	31.6106
1398232922.187	n	11.1175	3.57311	2.901	31.6108
1398232922.250	n	11.1177	3.57316	2.889	31.6111
1398232922.312	n	11.1177	3.57318	2.875	31.6114
1398232922.374	n	11.1176	3.57318	2.862	31.6114
1398232922.438	n	11.1176	3.57315	2.851	31.6111
1398232922.499	n	11.1176	3.57310	2.839	31.6106
1398232922.561	n	11.1175	3.57299	2.827	31.6097
1398232922.623	n	11.1172	3.57285	2.813	31.6085
1398232922.689	n	11.1170	3.57273	2.806	31.6075
1398232922.748	n	11.1168	3.57266	2.791	31.6070
1398232922.812	n	11.1167	3.57263	2.780	31.6068
1398232922.875	n	11.1167	3.57259	2.774	31.6065
1398232922.938	n	11.1167	3.57257	2.762	31.6063
1398232922.999	n	11.1166	3.57257	2.753	31.6063
1398232923.061	n	11.1164	3.57256	2.744	31.6063
1398232923.124	n	11.1162	3.57250	2.734	31.6059
1398232923.187	n	11.1159	3.57239	2.723	31.6052
1398232923.249	n	11.1155	3.57226	2.707	31.6042
1398232923.312	n	11.1151	3.57215	2.694	31.6036
1398232923.374	n	11.1149	3.57217	2.681	31.6039
1398232923.436	n	11.1150	3.57229	2.664	31.6050
1398232923.499	n	11.1154	3.57249	2.645	31.6066
1398232923.561	n	11.1159	3.57269	2.631	31.6081
1398232923.626	n	11.1161	3.57280	2.614	31.6090
1398232923.688	n	11.1159	3.57278	2.593	31.6090
1398232923.801	y	11.1153	3.57261	2.577	31.6079
1398232923.811	n	11.1146	3.57236	2.555	31.6061
1398232923.873	n	11.1141	3.57214	2.535	31.6043
1398232923.936	n	11.1139	3.57197	2.513	31.6029
1398232923.998	n	11.1138	3.57188	2.490	31.6021
1398232924.063	n	11.1137	3.57185	2.468	31.6019
1398232924.124	n	11.1134	3.57181	2.444	31.6017
1398232924.186	n	11.1132	3.57175	2.417	31.6014
1398232924.249	n	11.1130	3.57170	2.392	31.6010
1398232924.311	n	11.1131	3.57165	2.366	31.6004
1398232924.374	n	11.1135	3.57164	2.341	31.6000
1398232924.438	n	11.1139	3.57165	2.313	31.5998
1398232924.499	n	11.1144	3.57168	2.283	31.5996
1398232924.561	n	11.1149	3.57170	2.260	31.5995
1398232924.624	n	11.1153	3.57174	2.235	31.5995
1398232924.686	n	11.1156	3.57178	2.206	31.5997
1398232924.750	n	11.1157	3.57180	2.183	31.5998
1398232924.811	n	11.1156	3.57180	2.160	31.5998
1398232924.875	n	11.1154	3.57177	2.137	31.5998
1398232924.937	n	11.1151	3.57174	2.112	31.5997
1398232925.000	n	11.1147	3.57170	2.088	31.5997
1398232925.062	n	11.1143	3.57166	2.062	31.5996
1398232925.225	y	11.1138	3.57162	2.039	31.5997
1398232925.232	n	11.1133	3.57159	2.014	31.5998
1398232925.249	n	11.1127	3.57155	1.989	31.6000
1398232925.311	n	11.1120	3.57152	1.964	31.6002
1398232925.374	n	11.1113	3.57148	1.940	31.6005
1398232925.438	n	11.1106	3.57143	1.913	31.6006
1398232925.499	n	11.1101	3.57138	1.887	31.6006
1398232925.561	n	11.1098	3.57134	1.861	31.6004
1398232925.626	n	11.1096	3.57130	1.836	31.6002
1398232925.686	n	11.1096	3.57130	1.817	31.6002
1398232925.952	y	11.1096	3.57130	1.796	31.6003
1398232925.959	n	11.1095	3.57131	1.777	31.6004
1398232925.965	n	11.1095	3.57130	1.759	31.6004
1398232925.971	n	11.1097	3.57130	1.743	31.6003
1398232926.000	n	11.1099	3.57131	1.725	31.6001
1398232926.063	n	11.1101	3.57132	1.712	31.6001
1398232926.125	n	11.1104	3.57134	1.700	31.6000
1398232926.187	n	11.1108	3.57136	1.687	31.5998
1398232926.249	n	11.1112	3.57138	1.677	31.5997
1398232926.311	n	11.1116	3.57142	1.664	31.5997
1398232926.374	n	11.1119	3.57146	1.652	31.5999
1398232926.438	n	11.1120	3.57149	1.641	31.6001
1398232926.499	n	11.1121	3.57152	1.633	31.6003
1398232926.561	n	11.1123	3.57153	1.622	31.6003
1398232926.624	n	11.1124	3.57153	1.614	31.6002
1398232926.686	n	11.1124	3.57153	1.602	31.6001
1398232926.750	n	11.1124	3.57153	1.592	31.6002
1398232926.812	n	11.1123	3.57153	1.580	31.6002
1398232926.874	n	11.1123	3.57152	1.573	31.6002
1398232926.937	n	11.1124	3.57151	1.564	31.6001
1398232926.999	n	11.1124	3.57149	1.549	31.5999
1398232927.062	n	11.1122	3.57148	1.544	31.5999
1398232927.125	n	11.1117	3.57146	1.538	31.6001
1398232927.187	n	11.1110	3.57143	1.524	31.6004
1398232927.248	n	11.1104	3.57139	1.513	31.6006
1398232927.311	n	11.1099	3.57136	1.500	31.6007
1398232927.373	n	11.1096	3.57134	1.488	31.6007
1398232927.465	y	11.1094	3.57132	1.476	31.6007
1398232927.499	n	11.1093	3.57130	1.463	31.6007
1398232927.562	n	11.1092	3.57130	1.451	31.6007
1398232927.624	n	11.1092	3.57129	1.436	31.6006
1398232927.686	n	11.1090	3.57127	1.423	31.6006
1398232927.749	n	11.1089	3.57126	1.411	31.6006
1398232927.811	n	11.1087	3.57125	1.405	31.6007
1398232927.874	n	11.1086	3.57125	1.400	31.6008
1398232927.937	n	11.1086	3.57126	1.394	31.6008
1398232928.000	n	11.1087	3.57125	1.389	31.6008
1398232928.063	n	11.1087	3.57126	1.384	31.6008
1398232928.124	n	11.1087	3.57126	1.377	31.6008
1398232928.188	n	11.1087	3.57128	1.375	31.6010
1398232928.249	n	11.1087	3.57129	1.368	31.6011
1398232928.311	n	11.1087	3.57130	1.363	31.6012
1398232928.374	n	11.1087	3.57130	1.361	31.6012
1398232928.437	n	11.1088	3.57130	1.358	31.6011
1398232928.499	n	11.1088	3.57128	1.351	31.6009
1398232928.561	n	11.1088	3.57126	1.350	31.6008
1398232928.624	n	11.1088	3.57126	1.348	31.6007
1398232928.687	n	11.1088	3.57126	1.343	31.6007
1398232928.749	n	11.1088	3.57127	1.336	31.6008
1398232928.813	n	11.1088	3.57128	1.335	31.6009
1398232928.874	n	11.1090	3.57128	1.333	31.6009
1398232928.938	n	11.1091	3.57129	1.330	31.6007
1398232928.999	n	11.1094	3.57129	1.324	31.6006
1398232929.062	n	11.1095	3.57130	1.319	31.6005
1398232929.124	n	11.1096	3.57131	1.315	31.6005
1398232929.186	n	11.1097	3.57133	1.314	31.6006
1398232929.249	n	11.1098	3.57135	1.311	31.6007
1398232929.312	n	11.1099	3.57135	1.305	31.6007
1398232929.375	n	11.1099	3.57134	1.302	31.6006
1398232929.436	n	11.1098	3.57132	1.294	31.6005
1398232929.500	n	11.1097	3.57130	1.289	31.6003
1398232929.562	n	11.1097	3.57129	1.286	31.6002
1398232929.625	n	11.1097	3.57129	1.280	31.6003
1398232929.688	n	11.1098	3.57131	1.271	31.6004
1398232929.748	n	11.1099	3.57132	1.269	31.6004
1398232929.812	n	11.1101	3.57132	1.266	31.6002
1398232929.875	n	11.1104	3.57132	1.257	31.6000
1398232929.936	n	11.1107	3.57133	1.252	31.5999
1398232930.150	y	11.1109	3.57135	1.242	31.5998
1398232930.156	n	11.1110	3.57136	1.233	31.5999
1398232930.162	n	11.1109	3.57135	1.225	31.5999
1398232930.186	n	11.1109	3.57134	1.217	31.5998
1398232930.249	n	11.1108	3.57133	1.208	31.5997
1398232930.312	n	11.1109	3.57133	1.199	31.5996
1398232930.374	n	11.1111	3.57135	1.188	31.5996
1398232930.438	n	11.1113	3.57138	1.177	31.5998
1398232930.500	n	11.1114	3.57140	1.167	31.6000
1398232930.563	n	11.1113	3.57141	1.161	31.6001
1398232930.626	n	11.1113	3.57140	1.151	31.6000
1398232930.688	n	11.1113	3.57138	1.142	31.5998
1398232930.749	n	11.1113	3.57134	1.131	31.5995
1398232930.813	n	11.1113	3.57132	1.124	31.5992
1398232930.873	n	11.1112	3.57130	1.114	31.5992
1398232930.937	n	11.1111	3.57131	1.106	31.5993
1398232931.000	n	11.1112	3.57133	1.097	31.5994
1398232931.062	n	11.1115	3.57136	1.090	31.5995
1398232931.125	n	11.1119	3.57138	1.082	31.5994
1398232931.186	y	11.1123	3.57139	1.078	31.5991
1398232931.249	n	11.1127	3.57139	1.076	31.5988
1398232931.312	n	11.1128	3.57139	1.070	31.5987
1398232931.375	n	11.1127	3.57138	1.067	31.5987
1398232931.438	n	11.1125	3.57139	1.068	31.5989
1398232931.499	n	11.1122	3.57139	1.071	31.5992
1398232931.562	n	11.1119	3.57139	1.068	31.5995
1398232931.625	n	11.1117	3.57139	1.075	31.5996
1398232931.687	n	11.1115	3.57137	1.076	31.5996
1398232931.749	n	11.1115	3.57137	1.075	31.5996
1398232931.813	n	11.1114	3.57137	1.079	31.5997
1398232931.875	n	11.1114	3.57140	1.080	31.6000
1398232931.936	n	11.1116	3.57146	1.080	31.6004
1398232932.000	n	11.1119	3.57155	1.083	31.6010
1398232932.062	n	11.1122	3.57166	1.080	31.6018
1398232932.125	n	11.1124	3.57173	1.083	31.6023
1398232932.188	n	11.1124	3.57174	1.083	31.6025
1398232932.249	n	11.1123	3.57172	1.082	31.6024
1398232932.311	n	11.1121	3.57169	1.080	31.6022
1398232932.374	n	11.1120	3.57168	1.079	31.6022
1398232932.438	n	11.1121	3.57173	1.076	31.6026
1398232932.499	n	11.1122	3.57179	1.072	31.6031
1398232932.562	n	11.1122	3.57180	1.074	31.6032
1398232932.624	n	11.1121	3.57176	1.069	31.6029
1398232932.687	n	11.1119	3.57167	1.064	31.6022
1398232932.749	n	11.1118	3.57155	1.056	31.6012
1398232932.811	n	11.1118	3.57146	1.051	31.6003
1398232932.875	n	11.1119	3.57142	1.040	31.5998
1398232932.937	n	11.1120	3.57140	1.027	31.5995
1398232933.000	n	11.1122	3.57140	1.016	31.5993
1398232933.062	n	11.1122	3.57140	1.001	31.5993
1398232933.125	n	11.1122	3.57139	0.988	31.5992
1398232933.188	n	11.1122	3.57138	0.971	31.5992
1398232933.249	n	11.1122	3.57137	0.958	31.5991
1398232933.311	n	11.1121	3.57138	0.943	31.5992
1398232933.374	n	11.1121	3.57138	0.932	31.5992
1398232933.437	n	11.1121	3.57139	0.920	31.5993
1398232933.499	n	11.1120	3.57138	0.909	31.5994
1398232933.563	n	11.1119	3.57137	0.896	31.5993
1398232933.626	n	11.1119	3.57136	0.887	31.5992
1398232933.687	n	11.1118	3.57136	0.883	31.5993
1398232933.749	n	11.1118	3.57136	0.878	31.5993
1398232933.812	n	11.1118	3.57137	0.873	31.5994
1398232933.874	n	11.1119	3.57138	0.869	31.5995
1398232933.938	n	11.1120	3.57138	0.865	31.5994
1398232934.075	y	11.1120	3.57138	0.864	31.5994
1398232934.081	n	11.1120	3.57138	0.864	31.5994
1398232934.124	n	11.1119	3.57138	0.860	31.5994
1398232934.187	n	11.1120	3.57138	0.860	31.5994
1398232934.249	n	11.1120	3.57138	0.856	31.5994
1398232934.312	n	11.1121	3.57138	0.852	31.5993
1398232934.375	n	11.1121	3.57138	0.851	31.5993
1398232934.437	n	11.1121	3.57138	0.846	31.5993
1398232934.501	n	11.1120	3.57138	0.843	31.5994
1398232934.561	n	11.1121	3.57138	0.840	31.5993
1398232934.624	n	11.1121	3.57138	0.834	31.5993
1398232934.687	n	11.1121	3.57138	0.831	31.5993
1398232934.810	y	11.1121	3.57139	0.822	31.5994
1398232934.815	n	11.1120	3.57138	0.813	31.5994
1398232934.876	n	11.1120	3.57137	0.809	31.5993
1398232934.937	n	11.1120	3.57138	0.799	31.5994
1398232934.999	n	11.1120	3.57137	0.789	31.5993
1398232935.061	n	11.1120	3.57137	0.780	31.5993
1398232935.125	n	11.1121	3.57141	0.770	31.5996
1398232935.187	n	11.1122	3.57145	0.764	31.5999
1398232935.250	n	11.1124	3.57153	0.756	31.6005
1398232935.312	n	11.1127	3.57161	0.748	31.6010
1398232935.375	n	11.1131	3.57164	0.733	31.6010
1398232935.437	n	11.1135	3.57161	0.718	31.6004
1398232935.499	n	11.1137	3.57155	0.707	31.5996
1398232935.562	n	11.1137	3.57147	0.695	31.5989
1398232935.626	n	11.1136	3.57142	0.680	31.5985
1398232935.688	n	11.1134	3.57142	0.666	31.5985
1398232935.753	n	11.1131	3.57142	0.647	31.5989
1398232935.814	n	11.1118	3.52507	0.630	31.1449
1398232935.875	n	11.1065	3.17267	0.610	27.7187
1398232935.938	n	11.0952	2.59691	0.589	22.2378
1398232936.000	n	11.0782	1.96535	0.571	16.4011
1398232936.063	n	11.0584	1.43951	0.555	11.6974
1398232936.125	n	11.0396	1.14133	0.537	9.1044
1398232936.187	n	11.0253	1.08271	0.523	8.6040
1398232936.249	n	11.0157	0.98875	0.510	7.8037
1398232936.311	n	11.0097	0.85947	0.500	6.7123
1398232936.376	n	11.0057	0.73407	0.495	5.6670
1398232936.437	n	11.0028	0.63295	0.479	4.8351
1398232936.501	n	11.0003	0.55974	0.468	4.2398
1398232936.561	n	10.9976	0.50957	0.458	3.8355
1398232936.625	n	10.9948	0.47499	0.445	3.5588
