Source File: D:\Storage\Programs\OOI\Group 5\Correspondence\07_18_14 sample files\files\11184167.PPB
Processed: 07/18/2014 12:27:47
Using Version: 1.11
Device: CTD
Start Date: 04/28/2014
Timestamp (s)	Suspect Timestamp	Temperature	Conductivity	Pressure	Salinity
1398679194.684	y	11.1036	3.56581	20.427	31.5437
1398679194.745	n	11.1038	3.56579	20.417	31.5434
1398679194.808	n	11.1037	3.56581	20.418	31.5436
1398679194.872	n	11.1038	3.56581	20.427	31.5435
1398679194.935	n	11.1037	3.56579	20.417	31.5434
1398679194.998	n	11.1036	3.56584	20.410	31.5440
1398679195.057	n	11.1037	3.56584	20.409	31.5440
1398679195.121	n	11.1037	3.56579	20.418	31.5435
1398679195.186	n	11.1037	3.56579	20.415	31.5435
1398679195.246	n	11.1037	3.56580	20.415	31.5436
1398679195.309	n	11.1037	3.56581	20.410	31.5437
1398679195.373	n	11.1037	3.56581	20.409	31.5437
1398679195.436	n	11.1037	3.56581	20.403	31.5437
1398679195.499	n	11.1037	3.56580	20.397	31.5436
1398679195.561	n	11.1037	3.56579	20.397	31.5435
1398679195.623	n	11.1038	3.56579	20.392	31.5435
1398679195.685	n	11.1038	3.56580	20.391	31.5434
1398679195.749	n	11.1039	3.56580	20.389	31.5434
1398679195.809	n	11.1039	3.56580	20.386	31.5434
1398679195.873	n	11.1039	3.56580	20.382	31.5434
1398679195.937	n	11.1039	3.56578	20.374	31.5433
1398679195.996	n	11.1039	3.56578	20.368	31.5433
1398679196.059	n	11.1039	3.56579	20.369	31.5433
1398679196.123	n	11.1039	3.56579	20.363	31.5433
1398679196.185	n	11.1039	3.56580	20.356	31.5434
1398679197.108	n	11.1039	3.56580	20.355	31.5434
1398679197.127	n	11.1040	3.56580	20.350	31.5434
1398679197.150	n	11.1040	3.56580	20.346	31.5433
1398679197.159	n	11.1040	3.56580	20.336	31.5433
1398679197.167	n	11.1040	3.56580	20.332	31.5433
1398679197.178	n	11.1041	3.56580	20.329	31.5433
1398679197.189	n	11.1041	3.56580	20.324	31.5433
1398679197.200	n	11.1041	3.56580	20.319	31.5433
1398679197.221	n	11.1041	3.56580	20.316	31.5433
1398679197.235	n	11.1041	3.56580	20.310	31.5432
1398679197.246	n	11.1041	3.56580	20.305	31.5432
1398679197.260	n	11.1041	3.56580	20.299	31.5432
1398679197.267	n	11.1042	3.56579	20.292	31.5431
1398679197.273	n	11.1042	3.56579	20.286	31.5431
1398679197.279	n	11.1042	3.56579	20.282	31.5431
1398679197.285	n	11.1042	3.56579	20.277	31.5431
1398679197.291	n	11.1042	3.56579	20.271	31.5431
1398679197.310	n	11.1043	3.56579	20.264	31.5431
1398679197.373	n	11.1043	3.56579	20.260	31.5430
1398679197.436	n	11.1043	3.56579	20.255	31.5430
1398679197.499	n	11.1043	3.56579	20.247	31.5430
1398679197.561	n	11.1043	3.56579	20.246	31.5431
1398679197.622	n	11.1042	3.56580	20.242	31.5432
1398679197.685	n	11.1043	3.56580	20.236	31.5432
1398679197.747	n	11.1043	3.56580	20.235	31.5431
1398679197.811	n	11.1043	3.56580	20.230	31.5431
1398679197.872	n	11.1042	3.56580	20.226	31.5432
1398679197.935	n	11.1042	3.56580	20.217	31.5432
1398679197.997	n	11.1042	3.56580	20.216	31.5432
1398679198.059	n	11.1042	3.56580	20.212	31.5432
1398679198.123	n	11.1042	3.56579	20.211	31.5431
1398679198.185	n	11.1042	3.56578	20.207	31.5430
1398679198.247	n	11.1043	3.56578	20.205	31.5430
1398679198.310	n	11.1043	3.56578	20.203	31.5429
1398679198.374	n	11.1043	3.56577	20.200	31.5429
1398679198.438	n	11.1043	3.56577	20.198	31.5429
1398679198.498	n	11.1043	3.56577	20.197	31.5428
1398679198.561	n	11.1043	3.56577	20.195	31.5428
1398679198.623	n	11.1043	3.56579	20.194	31.5430
1398679198.689	n	11.1043	3.56580	20.189	31.5432
1398679198.749	n	11.1043	3.56581	20.190	31.5433
1398679198.809	n	11.1043	3.56581	20.191	31.5433
1398679198.874	n	11.1043	3.56580	20.188	31.5432
1398679198.935	n	11.1043	3.56579	20.189	31.5430
1398679198.998	n	11.1043	3.56578	20.188	31.5429
1398679199.061	n	11.1043	3.56577	20.188	31.5429
1398679199.124	n	11.1043	3.56577	20.187	31.5429
1398679199.187	n	11.1043	3.56578	20.185	31.5429
1398679199.247	n	11.1043	3.56577	20.187	31.5429
1398679199.311	n	11.1043	3.56578	20.186	31.5429
1398679199.373	n	11.1043	3.56577	20.186	31.5429
1398679199.434	n	11.1042	3.56578	20.187	31.5430
1398679199.497	n	11.1042	3.56578	20.187	31.5430
1398679199.561	n	11.1043	3.56578	20.187	31.5430
1398679199.622	n	11.1043	3.56578	20.185	31.5429
1398679199.687	n	11.1043	3.56578	20.189	31.5429
1398679199.748	n	11.1043	3.56578	20.190	31.5429
1398679199.810	n	11.1043	3.56578	20.194	31.5430
1398679199.873	n	11.1043	3.56578	20.191	31.5430
1398679199.937	n	11.1043	3.56578	20.192	31.5430
1398679199.997	n	11.1043	3.56578	20.194	31.5430
1398679200.060	n	11.1043	3.56579	20.198	31.5431
1398679200.123	n	11.1043	3.56579	20.199	31.5431
1398679200.186	n	11.1042	3.56580	20.203	31.5432
1398679200.248	y	11.1042	3.56579	20.207	31.5431
1398679200.309	n	11.1042	3.56577	20.209	31.5430
1398679200.374	n	11.1042	3.56576	20.211	31.5429
1398679200.436	n	11.1042	3.56576	20.213	31.5429
1398679200.639	y	11.1042	3.56577	20.218	31.5429
1398679200.648	n	11.1042	3.56578	20.219	31.5430
1398679200.655	n	11.1042	3.56578	20.224	31.5430
1398679200.684	n	11.1042	3.56579	20.228	31.5431
1398679200.746	n	11.1042	3.56579	20.228	31.5431
1398679200.809	n	11.1042	3.56578	20.233	31.5430
1398679200.871	n	11.1042	3.56578	20.235	31.5430
1398679200.936	n	11.1041	3.56578	20.238	31.5431
1398679200.997	n	11.1040	3.56577	20.239	31.5430
1398679201.061	n	11.1040	3.56577	20.248	31.5430
1398679201.121	n	11.1040	3.56577	20.251	31.5431
1398679201.184	n	11.1040	3.56577	20.252	31.5431
1398679201.248	n	11.1040	3.56577	20.255	31.5431
1398679201.309	n	11.1040	3.56577	20.262	31.5431
1398679201.372	n	11.1041	3.56577	20.264	31.5430
1398679201.434	n	11.1041	3.56577	20.265	31.5430
1398679201.499	n	11.1041	3.56578	20.270	31.5431
1398679201.562	n	11.1041	3.56578	20.275	31.5431
1398679201.624	n	11.1042	3.56578	20.278	31.5430
1398679201.685	n	11.1042	3.56578	20.280	31.5430
1398679201.747	n	11.1042	3.56578	20.287	31.5430
1398679201.810	n	11.1042	3.56577	20.292	31.5430
1398679201.872	n	11.1041	3.56577	20.295	31.5430
1398679201.934	n	11.1041	3.56577	20.298	31.5430
1398679201.997	n	11.1040	3.56577	20.299	31.5431
1398679202.060	n	11.1040	3.56578	20.304	31.5431
1398679202.123	n	11.1041	3.56578	20.307	31.5432
1398679202.187	n	11.1041	3.56579	20.313	31.5432
1398679202.249	n	11.1041	3.56579	20.317	31.5432
1398679202.311	n	11.1041	3.56579	20.320	31.5431
1398679202.373	n	11.1041	3.56578	20.324	31.5431
1398679202.435	n	11.1040	3.56577	20.331	31.5431
1398679202.497	n	11.1040	3.56578	20.331	31.5431
1398679202.563	n	11.1040	3.56579	20.332	31.5432
1398679202.621	n	11.1039	3.56578	20.339	31.5432
1398679202.687	n	11.1039	3.56579	20.342	31.5433
1398679202.748	n	11.1038	3.56578	20.345	31.5433
1398679202.810	n	11.1038	3.56578	20.348	31.5433
1398679202.873	n	11.1039	3.56578	20.352	31.5432
1398679202.934	n	11.1039	3.56578	20.357	31.5432
1398679202.996	n	11.1039	3.56577	20.358	31.5432
1398679203.060	n	11.1039	3.56578	20.361	31.5432
1398679203.122	n	11.1038	3.56578	20.367	31.5433
1398679203.185	n	11.1038	3.56579	20.374	31.5434
1398679203.247	n	11.1038	3.56580	20.379	31.5435
1398679203.309	n	11.1038	3.56580	20.380	31.5435
1398679203.373	n	11.1037	3.56579	20.382	31.5435
1398679203.435	n	11.1037	3.56579	20.387	31.5434
1398679203.498	n	11.1037	3.56578	20.393	31.5433
1398679203.559	n	11.1037	3.56577	20.398	31.5433
1398679203.622	n	11.1038	3.56578	20.399	31.5433
1398679203.685	n	11.1038	3.56578	20.404	31.5433
1398679203.746	n	11.1038	3.56578	20.405	31.5433
1398679203.810	n	11.1038	3.56579	20.409	31.5433
1398679203.873	n	11.1038	3.56579	20.415	31.5434
1398679203.935	n	11.1037	3.56579	20.418	31.5434
1398679203.997	y	11.1037	3.56579	20.426	31.5435
1398679204.060	n	11.1037	3.56579	20.426	31.5435
1398679204.122	n	11.1038	3.56579	20.429	31.5434
1398679204.185	n	11.1038	3.56578	20.434	31.5433
1398679204.247	n	11.1038	3.56578	20.435	31.5433
1398679204.309	n	11.1038	3.56577	20.437	31.5432
1398679204.371	n	11.1038	3.56577	20.438	31.5431
1398679204.436	n	11.1038	3.56576	20.438	31.5431
1398679204.496	n	11.1039	3.56577	20.441	31.5431
1398679204.559	y	11.1039	3.56578	20.444	31.5432
1398679204.622	n	11.1039	3.56579	20.443	31.5433
1398679204.684	n	11.1039	3.56580	20.445	31.5434
1398679204.880	y	11.1039	3.56580	20.445	31.5434
1398679204.889	n	11.1039	3.56580	20.443	31.5434
1398679204.895	n	11.1038	3.56580	20.447	31.5434
1398679204.936	n	11.1038	3.56579	20.448	31.5433
1398679204.996	n	11.1039	3.56578	20.446	31.5432
1398679205.059	n	11.1038	3.56577	20.445	31.5431
1398679205.122	n	11.1038	3.56576	20.445	31.5430
1398679205.185	n	11.1038	3.56576	20.443	31.5431
1398679205.248	n	11.1038	3.56577	20.442	31.5432
1398679205.309	n	11.1038	3.56578	20.440	31.5433
1398679205.372	n	11.1038	3.56578	20.435	31.5433
1398679205.434	n	11.1039	3.56578	20.431	31.5432
1398679205.498	n	11.1039	3.56578	20.427	31.5432
1398679205.560	n	11.1039	3.56578	20.423	31.5432
1398679205.622	n	11.1038	3.56578	20.419	31.5432
1398679205.685	n	11.1038	3.56577	20.413	31.5432
1398679205.747	n	11.1038	3.56577	20.410	31.5432
1398679205.829	n	11.1037	3.56576	20.404	31.5432
1398679205.872	n	11.1037	3.56576	20.393	31.5432
1398679205.934	n	11.1037	3.56577	20.392	31.5433
1398679205.998	n	11.1037	3.56577	20.382	31.5433
1398679206.059	n	11.1037	3.56577	20.376	31.5433
1398679206.122	n	11.1038	3.56577	20.365	31.5433
1398679206.186	n	11.1038	3.56577	20.360	31.5432
1398679206.248	n	11.1038	3.56577	20.348	31.5432
1398679206.309	n	11.1038	3.56578	20.338	31.5433
1398679206.372	n	11.1038	3.56578	20.326	31.5433
1398679206.434	n	11.1038	3.56578	20.320	31.5434
1398679206.497	n	11.1038	3.56578	20.313	31.5434
1398679206.559	n	11.1037	3.56577	20.298	31.5433
1398679206.622	n	11.1037	3.56577	20.287	31.5434
1398679206.685	n	11.1036	3.56578	20.273	31.5435
1398679206.746	n	11.1037	3.56579	20.263	31.5435
1398679206.810	n	11.1037	3.56580	20.249	31.5436
1398679206.873	n	11.1037	3.56579	20.237	31.5435
1398679206.935	n	11.1037	3.56577	20.225	31.5433
1398679206.997	n	11.1037	3.56576	20.210	31.5432
1398679207.176	n	11.1037	3.56574	20.197	31.5431
1398679207.188	y	11.1037	3.56574	20.178	31.5431
1398679207.193	n	11.1036	3.56574	20.163	31.5432
1398679207.249	n	11.1036	3.56576	20.148	31.5433
1398679207.309	n	11.1036	3.56576	20.128	31.5434
1398679207.372	n	11.1036	3.56576	20.114	31.5434
1398679207.436	n	11.1036	3.56576	20.097	31.5434
1398679207.496	n	11.1036	3.56575	20.082	31.5434
1398679207.560	n	11.1036	3.56575	20.069	31.5433
1398679207.622	y	11.1036	3.56575	20.052	31.5433
1398679207.685	n	11.1037	3.56576	20.031	31.5433
1398679207.747	n	11.1037	3.56576	20.015	31.5433
1398679207.810	n	11.1037	3.56576	19.993	31.5434
1398679207.872	n	11.1037	3.56576	19.974	31.5433
1398679207.935	n	11.1037	3.56575	19.957	31.5433
1398679207.997	n	11.1036	3.56575	19.934	31.5434
1398679208.060	n	11.1036	3.56577	19.913	31.5435
1398679208.122	n	11.1036	3.56577	19.894	31.5436
1398679208.184	n	11.1035	3.56577	19.874	31.5437
1398679208.251	n	11.1035	3.56577	19.854	31.5436
1398679208.309	n	11.1035	3.56575	19.834	31.5435
1398679208.372	n	11.1036	3.56575	19.812	31.5434
1398679208.434	n	11.1036	3.56575	19.789	31.5434
1398679208.496	n	11.1036	3.56575	19.769	31.5434
1398679208.559	n	11.1036	3.56575	19.751	31.5434
1398679208.621	n	11.1036	3.56575	19.724	31.5434
1398679208.685	n	11.1036	3.56575	19.706	31.5434
1398679208.747	n	11.1037	3.56575	19.680	31.5434
1398679208.810	n	11.1037	3.56575	19.657	31.5434
1398679208.872	n	11.1037	3.56575	19.634	31.5434
1398679208.935	n	11.1037	3.56575	19.610	31.5434
1398679209.104	y	11.1037	3.56575	19.586	31.5434
1398679209.110	n	11.1038	3.56575	19.565	31.5434
1398679209.121	n	11.1037	3.56575	19.542	31.5434
1398679209.184	n	11.1037	3.56574	19.515	31.5434
1398679209.247	n	11.1037	3.56574	19.493	31.5433
1398679209.309	n	11.1037	3.56574	19.468	31.5434
1398679209.373	n	11.1037	3.56574	19.444	31.5433
1398679209.434	n	11.1038	3.56574	19.416	31.5433
1398679209.497	n	11.1039	3.56573	19.392	31.5432
1398679209.559	n	11.1040	3.56572	19.367	31.5430
1398679209.622	n	11.1040	3.56571	19.342	31.5428
1398679209.684	n	11.1040	3.56571	19.319	31.5428
1398679209.747	n	11.1040	3.56572	19.295	31.5430
1398679209.810	n	11.1040	3.56573	19.266	31.5431
1398679209.873	n	11.1040	3.56573	19.244	31.5431
1398679209.934	n	11.1040	3.56572	19.218	31.5430
1398679209.997	n	11.1041	3.56571	19.194	31.5429
1398679210.060	n	11.1042	3.56571	19.172	31.5428
1398679210.123	n	11.1043	3.56571	19.146	31.5428
1398679210.184	n	11.1043	3.56572	19.120	31.5428
1398679210.247	n	11.1043	3.56572	19.097	31.5429
1398679210.310	n	11.1043	3.56572	19.069	31.5428
1398679210.373	n	11.1043	3.56571	19.045	31.5428
1398679210.436	n	11.1043	3.56571	19.021	31.5427
1398679210.498	n	11.1044	3.56570	18.995	31.5426
1398679210.559	n	11.1045	3.56570	18.972	31.5425
1398679210.622	n	11.1046	3.56570	18.947	31.5425
1398679210.685	n	11.1046	3.56570	18.924	31.5424
1398679210.747	n	11.1047	3.56570	18.900	31.5424
1398679210.809	n	11.1047	3.56570	18.879	31.5423
1398679210.871	n	11.1047	3.56570	18.854	31.5424
1398679210.935	n	11.1048	3.56570	18.827	31.5423
1398679210.996	n	11.1048	3.56571	18.809	31.5423
1398679211.059	n	11.1049	3.56571	18.787	31.5423
1398679211.122	n	11.1050	3.56570	18.760	31.5422
1398679211.185	n	11.1051	3.56570	18.741	31.5420
1398679211.313	y	11.1052	3.56569	18.718	31.5419
1398679211.320	n	11.1053	3.56569	18.700	31.5418
1398679211.373	n	11.1054	3.56569	18.678	31.5418
1398679211.436	n	11.1055	3.56570	18.654	31.5418
1398679211.497	n	11.1056	3.56571	18.632	31.5418
1398679211.560	n	11.1056	3.56572	18.612	31.5418
1398679211.622	n	11.1057	3.56572	18.595	31.5418
1398679211.687	n	11.1058	3.56572	18.573	31.5417
1398679211.747	n	11.1059	3.56571	18.557	31.5416
1398679211.809	n	11.1060	3.56571	18.538	31.5415
1398679211.871	n	11.1061	3.56570	18.519	31.5413
1398679211.934	n	11.1062	3.56570	18.502	31.5412
1398679211.997	n	11.1063	3.56569	18.483	31.5411
1398679212.060	n	11.1064	3.56569	18.468	31.5409
1398679212.122	n	11.1065	3.56569	18.448	31.5409
1398679212.185	n	11.1066	3.56569	18.432	31.5408
1398679212.248	n	11.1066	3.56568	18.417	31.5407
1398679212.310	n	11.1068	3.56568	18.400	31.5406
1398679212.372	n	11.1069	3.56568	18.386	31.5405
1398679212.435	n	11.1070	3.56567	18.373	31.5403
1398679212.497	n	11.1071	3.56567	18.360	31.5402
1398679212.560	n	11.1072	3.56568	18.341	31.5402
1398679212.622	n	11.1073	3.56568	18.330	31.5402
1398679212.684	n	11.1074	3.56568	18.315	31.5401
1398679212.747	n	11.1075	3.56568	18.301	31.5400
1398679212.809	n	11.1077	3.56567	18.286	31.5398
1398679212.871	n	11.1078	3.56566	18.275	31.5396
1398679212.935	n	11.1079	3.56566	18.263	31.5395
1398679212.997	n	11.1081	3.56566	18.251	31.5394
1398679213.060	n	11.1082	3.56566	18.238	31.5393
1398679213.123	n	11.1083	3.56566	18.226	31.5392
1398679213.186	n	11.1084	3.56566	18.216	31.5391
1398679213.395	y	11.1085	3.56566	18.205	31.5390
1398679213.402	n	11.1086	3.56566	18.193	31.5389
1398679213.412	n	11.1088	3.56565	18.183	31.5387
1398679213.435	n	11.1089	3.56565	18.172	31.5386
1398679213.496	n	11.1090	3.56565	18.157	31.5385
1398679213.560	n	11.1092	3.56567	18.146	31.5385
1398679213.622	n	11.1093	3.56568	18.139	31.5385
1398679213.685	n	11.1095	3.56568	18.130	31.5384
1398679213.748	n	11.1096	3.56568	18.118	31.5382
1398679213.810	n	11.1098	3.56567	18.104	31.5381
1398679213.873	n	11.1099	3.56567	18.091	31.5379
1398679213.935	n	11.1101	3.56567	18.082	31.5377
1398679213.998	n	11.1103	3.56567	18.072	31.5376
1398679214.059	n	11.1105	3.56567	18.057	31.5374
1398679214.121	n	11.1106	3.56567	18.047	31.5373
1398679214.185	n	11.1107	3.56567	18.036	31.5372
1398679214.247	n	11.1109	3.56566	18.025	31.5370
1398679214.310	n	11.1110	3.56566	18.016	31.5369
1398679214.373	n	11.1111	3.56566	18.005	31.5368
1398679214.436	n	11.1113	3.56566	17.992	31.5367
1398679214.496	n	11.1114	3.56566	17.982	31.5366
1398679214.561	n	11.1115	3.56567	17.972	31.5366
1398679214.621	n	11.1117	3.56567	17.961	31.5365
1398679214.685	n	11.1118	3.56566	17.949	31.5363
1398679214.748	n	11.1119	3.56566	17.932	31.5362
1398679214.810	n	11.1121	3.56566	17.925	31.5360
1398679214.872	n	11.1122	3.56566	17.913	31.5359
1398679214.934	n	11.1123	3.56566	17.899	31.5359
1398679214.996	y	11.1124	3.56567	17.890	31.5359
1398679215.060	n	11.1125	3.56566	17.877	31.5358
1398679215.121	n	11.1126	3.56565	17.864	31.5356
1398679215.185	n	11.1127	3.56565	17.854	31.5354
1398679215.247	n	11.1128	3.56564	17.842	31.5353
1398679215.310	n	11.1129	3.56564	17.833	31.5352
1398679215.372	n	11.1129	3.56564	17.819	31.5352
1398679215.435	n	11.1130	3.56565	17.806	31.5352
1398679215.496	n	11.1131	3.56565	17.796	31.5352
1398679215.560	n	11.1131	3.56566	17.782	31.5352
1398679215.622	n	11.1132	3.56566	17.767	31.5352
1398679215.684	n	11.1132	3.56566	17.757	31.5352
1398679215.746	n	11.1132	3.56565	17.740	31.5351
1398679215.809	n	11.1132	3.56564	17.725	31.5349
1398679215.871	n	11.1133	3.56563	17.710	31.5348
1398679215.935	n	11.1134	3.56563	17.695	31.5347
1398679215.997	n	11.1134	3.56563	17.681	31.5347
1398679216.059	n	11.1135	3.56563	17.669	31.5347
1398679216.122	n	11.1136	3.56564	17.650	31.5346
1398679216.185	n	11.1137	3.56563	17.634	31.5345
1398679216.248	n	11.1138	3.56563	17.622	31.5344
1398679216.310	n	11.1139	3.56562	17.606	31.5342
1398679216.372	n	11.1140	3.56562	17.586	31.5342
1398679216.435	n	11.1141	3.56562	17.569	31.5341
1398679216.496	n	11.1142	3.56562	17.553	31.5339
1398679216.559	n	11.1143	3.56562	17.533	31.5339
1398679216.621	n	11.1144	3.56562	17.515	31.5338
1398679216.685	n	11.1145	3.56562	17.501	31.5337
1398679216.748	n	11.1146	3.56562	17.479	31.5337
1398679216.809	n	11.1147	3.56562	17.460	31.5336
1398679216.873	n	11.1147	3.56561	17.440	31.5335
1398679216.935	n	11.1149	3.56562	17.420	31.5334
1398679216.997	n	11.1150	3.56562	17.402	31.5334
1398679217.060	n	11.1152	3.56562	17.382	31.5333
1398679217.123	n	11.1153	3.56562	17.360	31.5331
1398679217.186	n	11.1155	3.56561	17.337	31.5329
1398679217.284	y	11.1156	3.56561	17.322	31.5328
1398679217.310	n	11.1157	3.56561	17.303	31.5327
1398679217.373	n	11.1158	3.56562	17.279	31.5327
1398679217.435	n	11.1159	3.56562	17.254	31.5326
1398679217.674	y	11.1161	3.56561	17.236	31.5324
1398679217.680	n	11.1163	3.56560	17.211	31.5322
1398679217.686	n	11.1164	3.56560	17.187	31.5320
1398679217.692	n	11.1165	3.56560	17.162	31.5319
1398679217.748	n	11.1167	3.56560	17.144	31.5318
1398679217.809	n	11.1168	3.56559	17.118	31.5317
1398679217.873	n	11.1169	3.56559	17.095	31.5316
1398679217.936	n	11.1170	3.56558	17.075	31.5315
1398679217.996	n	11.1171	3.56558	17.051	31.5313
1398679218.060	n	11.1172	3.56558	17.027	31.5312
1398679218.124	n	11.1173	3.56558	17.005	31.5312
1398679218.185	n	11.1174	3.56560	16.977	31.5312
1398679218.247	n	11.1175	3.56560	16.954	31.5312
1398679218.310	n	11.1176	3.56560	16.928	31.5311
1398679218.373	n	11.1178	3.56560	16.903	31.5310
1398679218.436	n	11.1179	3.56560	16.879	31.5308
1398679218.497	n	11.1181	3.56559	16.856	31.5306
1398679218.570	y	11.1183	3.56559	16.829	31.5305
1398679218.623	n	11.1185	3.56558	16.801	31.5302
1398679218.684	n	11.1186	3.56557	16.774	31.5300
1398679218.747	n	11.1188	3.56556	16.752	31.5298
1398679218.809	n	11.1190	3.56556	16.727	31.5296
1398679218.873	n	11.1193	3.56556	16.699	31.5294
1398679218.935	n	11.1195	3.56555	16.677	31.5291
1398679218.998	n	11.1198	3.56555	16.652	31.5289
1398679219.060	n	11.1200	3.56556	16.625	31.5288
1398679219.122	n	11.1203	3.56557	16.598	31.5286
1398679219.185	n	11.1207	3.56557	16.576	31.5284
1398679219.247	n	11.1210	3.56557	16.550	31.5280
1398679219.309	n	11.1214	3.56556	16.522	31.5276
1398679219.373	n	11.1217	3.56555	16.496	31.5272
1398679219.435	n	11.1221	3.56555	16.469	31.5269
1398679219.498	n	11.1225	3.56555	16.444	31.5266
1398679219.560	n	11.1229	3.56555	16.415	31.5263
1398679219.624	n	11.1234	3.56556	16.387	31.5260
1398679219.685	n	11.1238	3.56556	16.366	31.5257
1398679219.746	n	11.1242	3.56557	16.341	31.5254
1398679219.809	n	11.1246	3.56558	16.314	31.5251
1398679219.872	n	11.1251	3.56558	16.289	31.5247
1398679219.935	n	11.1256	3.56557	16.263	31.5243
1398679219.996	n	11.1261	3.56557	16.239	31.5238
1398679220.060	n	11.1266	3.56556	16.219	31.5233
1398679220.121	n	11.1270	3.56555	16.192	31.5228
1398679220.185	n	11.1275	3.56556	16.163	31.5225
1398679220.247	n	11.1279	3.56557	16.140	31.5223
1398679220.310	n	11.1284	3.56558	16.114	31.5221
1398679220.373	n	11.1288	3.56559	16.093	31.5218
1398679220.435	n	11.1292	3.56558	16.070	31.5214
1398679220.497	n	11.1296	3.56557	16.045	31.5209
1398679220.560	n	11.1300	3.56555	16.022	31.5204
1398679220.623	n	11.1305	3.56554	16.001	31.5199
1398679220.686	n	11.1308	3.56553	15.979	31.5195
1398679220.747	n	11.1312	3.56554	15.955	31.5193
1398679220.809	n	11.1315	3.56555	15.933	31.5191
1398679220.872	n	11.1319	3.56555	15.916	31.5189
1398679220.935	n	11.1322	3.56555	15.892	31.5185
1398679220.998	n	11.1326	3.56555	15.873	31.5182
1398679221.059	n	11.1330	3.56555	15.848	31.5179
1398679221.122	n	11.1333	3.56555	15.830	31.5176
1398679221.184	n	11.1336	3.56555	15.810	31.5175
1398679221.248	n	11.1339	3.56555	15.791	31.5172
1398679221.309	n	11.1342	3.56554	15.767	31.5168
1398679221.372	n	11.1345	3.56553	15.749	31.5165
1398679221.434	n	11.1348	3.56553	15.730	31.5162
1398679221.496	n	11.1352	3.56553	15.712	31.5159
1398679221.559	n	11.1355	3.56554	15.694	31.5158
1398679221.622	n	11.1358	3.56555	15.675	31.5155
1398679221.684	n	11.1360	3.56555	15.657	31.5153
1398679221.857	y	11.1363	3.56554	15.640	31.5151
1398679221.863	n	11.1365	3.56553	15.622	31.5148
1398679221.874	n	11.1368	3.56553	15.601	31.5145
1398679221.935	n	11.1371	3.56553	15.587	31.5143
1398679221.997	n	11.1373	3.56553	15.572	31.5141
1398679222.059	n	11.1375	3.56553	15.555	31.5139
1398679222.123	n	11.1378	3.56554	15.534	31.5139
1398679222.186	n	11.1380	3.56555	15.518	31.5137
1398679222.281	y	11.1383	3.56554	15.503	31.5135
1398679222.310	n	11.1385	3.56555	15.483	31.5133
1398679222.373	n	11.1388	3.56555	15.471	31.5131
1398679222.435	n	11.1390	3.56554	15.452	31.5128
1398679222.497	n	11.1393	3.56555	15.434	31.5127
1398679222.560	n	11.1395	3.56555	15.417	31.5125
1398679222.623	n	11.1398	3.56554	15.398	31.5122
1398679222.685	n	11.1400	3.56555	15.384	31.5121
1398679222.746	n	11.1402	3.56555	15.367	31.5119
1398679222.809	n	11.1405	3.56555	15.348	31.5117
1398679222.872	n	11.1407	3.56555	15.334	31.5115
1398679222.936	n	11.1408	3.56554	15.314	31.5113
1398679222.997	n	11.1411	3.56553	15.300	31.5111
1398679223.060	n	11.1413	3.56552	15.283	31.5107
1398679223.121	n	11.1416	3.56551	15.264	31.5104
1398679223.188	n	11.1419	3.56551	15.254	31.5102
1398679223.248	n	11.1421	3.56551	15.238	31.5100
1398679223.310	n	11.1424	3.56552	15.220	31.5099
1398679223.372	n	11.1426	3.56553	15.205	31.5097
1398679223.434	n	11.1429	3.56553	15.192	31.5095
1398679223.498	n	11.1431	3.56552	15.177	31.5092
1398679223.560	n	11.1433	3.56552	15.159	31.5090
1398679223.622	n	11.1436	3.56551	15.145	31.5088
1398679223.686	n	11.1438	3.56550	15.129	31.5085
1398679223.747	n	11.1441	3.56550	15.111	31.5082
1398679223.809	n	11.1443	3.56550	15.097	31.5080
1398679223.871	n	11.1445	3.56550	15.079	31.5079
1398679223.934	n	11.1447	3.56551	15.067	31.5078
1398679223.997	n	11.1449	3.56552	15.049	31.5077
1398679224.060	n	11.1451	3.56552	15.035	31.5076
1398679224.122	n	11.1453	3.56552	15.016	31.5074
1398679224.186	n	11.1455	3.56552	14.998	31.5073
1398679224.247	n	11.1457	3.56553	14.985	31.5072
1398679224.310	n	11.1459	3.56553	14.970	31.5070
1398679224.373	n	11.1461	3.56553	14.952	31.5069
1398679224.435	n	11.1463	3.56553	14.935	31.5067
1398679224.496	n	11.1465	3.56553	14.921	31.5065
1398679224.561	n	11.1466	3.56551	14.900	31.5062
1398679224.621	n	11.1468	3.56551	14.885	31.5061
1398679224.686	n	11.1469	3.56550	14.869	31.5059
1398679224.747	n	11.1471	3.56549	14.850	31.5057
1398679224.809	n	11.1472	3.56549	14.834	31.5056
1398679224.873	n	11.1474	3.56549	14.819	31.5054
1398679224.934	n	11.1475	3.56549	14.800	31.5054
1398679224.997	n	11.1476	3.56550	14.781	31.5053
1398679225.060	n	11.1477	3.56551	14.761	31.5053
1398679225.122	n	11.1479	3.56551	14.741	31.5052
1398679225.186	n	11.1480	3.56552	14.726	31.5052
1398679225.246	n	11.1481	3.56552	14.707	31.5051
1398679225.309	n	11.1482	3.56551	14.688	31.5050
1398679225.373	n	11.1484	3.56551	14.671	31.5048
1398679225.434	n	11.1485	3.56550	14.652	31.5046
1398679225.497	n	11.1487	3.56550	14.634	31.5045
1398679225.560	n	11.1488	3.56549	14.615	31.5043
1398679225.622	n	11.1489	3.56549	14.594	31.5043
1398679225.684	n	11.1490	3.56550	14.576	31.5042
1398679225.746	n	11.1491	3.56551	14.557	31.5042
1398679225.809	n	11.1493	3.56551	14.536	31.5041
1398679225.873	n	11.1494	3.56552	14.520	31.5041
1398679225.959	y	11.1496	3.56551	14.497	31.5039
1398679226.090	y	11.1498	3.56550	14.477	31.5036
1398679226.095	n	11.1499	3.56548	14.458	31.5033
1398679226.123	n	11.1500	3.56547	14.436	31.5031
1398679226.184	n	11.1502	3.56547	14.415	31.5030
1398679226.247	n	11.1503	3.56547	14.396	31.5029
1398679226.310	n	11.1504	3.56547	14.376	31.5028
1398679226.372	n	11.1506	3.56548	14.355	31.5027
1398679226.434	n	11.1507	3.56547	14.332	31.5026
1398679226.496	n	11.1508	3.56547	14.310	31.5025
1398679226.560	n	11.1509	3.56546	14.290	31.5024
1398679226.623	n	11.1510	3.56547	14.269	31.5024
1398679226.686	n	11.1511	3.56547	14.248	31.5023
1398679226.746	n	11.1512	3.56548	14.223	31.5024
1398679226.809	n	11.1513	3.56550	14.202	31.5024
1398679226.873	n	11.1514	3.56550	14.181	31.5023
1398679226.935	n	11.1515	3.56549	14.160	31.5022
1398679226.998	n	11.1516	3.56548	14.137	31.5020
1398679227.059	n	11.1517	3.56546	14.113	31.5017
1398679227.123	n	11.1519	3.56545	14.092	31.5015
1398679227.184	n	11.1520	3.56546	14.064	31.5015
1398679227.247	n	11.1521	3.56546	14.042	31.5014
1398679227.310	n	11.1522	3.56546	14.022	31.5013
1398679227.372	n	11.1523	3.56545	13.997	31.5012
1398679227.436	n	11.1524	3.56545	13.976	31.5010
1398679227.496	n	11.1525	3.56545	13.950	31.5010
1398679227.560	n	11.1526	3.56546	13.928	31.5010
1398679227.622	n	11.1527	3.56546	13.908	31.5009
1398679227.684	n	11.1529	3.56545	13.881	31.5006
1398679227.748	n	11.1530	3.56544	13.859	31.5005
1398679227.810	n	11.1532	3.56544	13.835	31.5004
1398679227.872	n	11.1533	3.56545	13.813	31.5003
1398679227.936	n	11.1534	3.56546	13.786	31.5004
1398679227.998	n	11.1536	3.56546	13.762	31.5003
1398679228.060	n	11.1537	3.56545	13.738	31.5001
1398679228.122	n	11.1538	3.56544	13.710	31.4999
1398679228.184	n	11.1538	3.56544	13.686	31.4998
1398679228.247	n	11.1540	3.56544	13.663	31.4998
1398679228.309	n	11.1541	3.56544	13.636	31.4997
1398679228.372	n	11.1542	3.56544	13.611	31.4996
1398679228.437	n	11.1543	3.56543	13.585	31.4994
1398679228.498	n	11.1544	3.56542	13.560	31.4993
1398679228.560	n	11.1545	3.56541	13.537	31.4991
1398679228.623	n	11.1545	3.56542	13.507	31.4991
1398679228.684	n	11.1546	3.56542	13.481	31.4991
1398679228.747	n	11.1548	3.56542	13.456	31.4990
1398679228.811	n	11.1549	3.56542	13.429	31.4989
1398679228.874	n	11.1550	3.56542	13.401	31.4988
1398679228.936	n	11.1551	3.56542	13.375	31.4987
1398679228.997	n	11.1551	3.56542	13.347	31.4987
1398679229.059	n	11.1552	3.56541	13.320	31.4986
1398679229.122	n	11.1553	3.56542	13.296	31.4985
1398679229.184	n	11.1554	3.56541	13.269	31.4984
1398679229.247	n	11.1555	3.56541	13.242	31.4983
1398679229.309	n	11.1555	3.56541	13.216	31.4983
1398679229.372	n	11.1555	3.56540	13.189	31.4983
1398679229.435	n	11.1556	3.56540	13.162	31.4982
1398679229.498	n	11.1556	3.56540	13.135	31.4982
1398679229.560	n	11.1557	3.56539	13.106	31.4980
1398679229.643	y	11.1558	3.56539	13.080	31.4979
1398679229.686	n	11.1559	3.56539	13.054	31.4978
1398679229.748	n	11.1560	3.56539	13.030	31.4979
1398679229.809	n	11.1560	3.56539	13.006	31.4978
1398679229.873	n	11.1561	3.56539	12.980	31.4978
1398679229.934	n	11.1562	3.56539	12.953	31.4976
1398679229.997	n	11.1563	3.56538	12.925	31.4975
1398679230.059	n	11.1563	3.56538	12.898	31.4975
1398679230.124	n	11.1563	3.56538	12.871	31.4975
1398679230.186	n	11.1564	3.56538	12.844	31.4974
1398679230.405	y	11.1565	3.56539	12.819	31.4975
1398679230.411	n	11.1565	3.56539	12.795	31.4974
1398679230.420	n	11.1566	3.56538	12.769	31.4973
1398679230.441	n	11.1567	3.56537	12.741	31.4972
1398679230.497	n	11.1567	3.56536	12.718	31.4970
1398679230.559	n	11.1568	3.56536	12.693	31.4970
1398679230.622	n	11.1568	3.56538	12.663	31.4971
1398679230.686	n	11.1569	3.56538	12.642	31.4971
1398679230.748	n	11.1569	3.56539	12.617	31.4971
1398679230.810	n	11.1570	3.56539	12.592	31.4971
1398679230.873	n	11.1570	3.56537	12.566	31.4970
1398679230.936	n	11.1570	3.56536	12.543	31.4968
1398679230.997	n	11.1571	3.56535	12.522	31.4967
1398679231.059	n	11.1571	3.56533	12.496	31.4965
1398679231.124	n	11.1571	3.56533	12.473	31.4965
1398679231.185	n	11.1572	3.56534	12.450	31.4965
1398679231.248	n	11.1572	3.56535	12.423	31.4966
1398679231.310	n	11.1573	3.56536	12.404	31.4966
1398679231.372	n	11.1573	3.56537	12.382	31.4967
1398679231.438	n	11.1573	3.56537	12.357	31.4968
1398679231.498	n	11.1573	3.56538	12.334	31.4968
1398679231.560	n	11.1574	3.56537	12.315	31.4967
1398679231.623	n	11.1574	3.56537	12.294	31.4966
1398679231.687	n	11.1575	3.56536	12.270	31.4966
1398679231.747	n	11.1576	3.56535	12.247	31.4964
1398679231.809	n	11.1577	3.56534	12.226	31.4963
1398679231.872	n	11.1577	3.56534	12.203	31.4961
1398679231.935	n	11.1578	3.56533	12.181	31.4960
1398679231.998	n	11.1578	3.56533	12.164	31.4960
1398679232.060	n	11.1578	3.56534	12.142	31.4961
1398679232.121	n	11.1579	3.56534	12.122	31.4961
1398679232.185	n	11.1579	3.56535	12.101	31.4961
1398679232.247	n	11.1580	3.56534	12.080	31.4960
1398679232.310	n	11.1580	3.56534	12.061	31.4959
1398679232.372	n	11.1581	3.56533	12.044	31.4958
1398679232.442	n	11.1581	3.56532	12.026	31.4957
1398679232.568	y	11.1582	3.56531	12.004	31.4956
1398679232.573	n	11.1583	3.56531	11.985	31.4954
1398679232.623	n	11.1583	3.56530	11.967	31.4954
1398679232.685	n	11.1583	3.56530	11.952	31.4954
1398679232.747	n	11.1583	3.56531	11.933	31.4955
1398679232.809	n	11.1583	3.56531	11.913	31.4955
1398679232.871	n	11.1583	3.56530	11.897	31.4954
1398679232.935	n	11.1584	3.56530	11.882	31.4954
1398679232.997	n	11.1585	3.56531	11.861	31.4954
1398679233.060	n	11.1586	3.56532	11.844	31.4954
1398679233.123	n	11.1586	3.56532	11.831	31.4954
1398679233.184	n	11.1587	3.56531	11.811	31.4953
1398679233.262	y	11.1587	3.56529	11.794	31.4950
1398679233.310	n	11.1588	3.56528	11.777	31.4949
1398679233.372	n	11.1589	3.56529	11.762	31.4948
1398679233.436	n	11.1590	3.56529	11.744	31.4948
1398679233.497	n	11.1591	3.56530	11.728	31.4948
1398679233.559	n	11.1592	3.56530	11.707	31.4947
1398679233.623	n	11.1593	3.56529	11.693	31.4945
1398679233.686	n	11.1594	3.56528	11.677	31.4944
1398679233.747	n	11.1595	3.56528	11.663	31.4943
1398679233.810	n	11.1596	3.56528	11.646	31.4942
1398679233.874	n	11.1597	3.56529	11.631	31.4942
1398679233.934	n	11.1598	3.56530	11.614	31.4942
1398679233.996	n	11.1600	3.56531	11.594	31.4942
1398679234.059	n	11.1601	3.56530	11.579	31.4939
1398679234.123	n	11.1603	3.56528	11.567	31.4936
1398679234.184	n	11.1606	3.56527	11.546	31.4933
1398679234.246	n	11.1608	3.56527	11.533	31.4931
1398679234.309	n	11.1611	3.56528	11.516	31.4930
1398679234.372	n	11.1613	3.56529	11.501	31.4929
1398679234.435	n	11.1616	3.56530	11.487	31.4928
1398679234.678	y	11.1619	3.56531	11.469	31.4927
1398679234.685	n	11.1622	3.56531	11.456	31.4924
1398679234.691	n	11.1625	3.56531	11.436	31.4921
1398679234.697	n	11.1628	3.56529	11.423	31.4917
1398679234.747	n	11.1630	3.56527	11.407	31.4913
1398679234.810	n	11.1632	3.56526	11.393	31.4910
1398679234.872	n	11.1634	3.56526	11.378	31.4908
1398679234.935	n	11.1637	3.56526	11.363	31.4906
1398679234.997	n	11.1640	3.56526	11.345	31.4904
1398679235.059	n	11.1643	3.56527	11.333	31.4902
1398679235.123	n	11.1646	3.56527	11.319	31.4900
1398679235.184	n	11.1648	3.56527	11.305	31.4898
1398679235.247	n	11.1650	3.56527	11.290	31.4896
1398679235.309	n	11.1652	3.56527	11.275	31.4894
1398679235.372	n	11.1654	3.56527	11.260	31.4893
1398679235.434	n	11.1656	3.56527	11.246	31.4891
1398679235.497	n	11.1658	3.56526	11.232	31.4889
1398679235.559	n	11.1661	3.56526	11.220	31.4886
1398679235.622	n	11.1664	3.56525	11.201	31.4883
1398679235.685	n	11.1666	3.56525	11.189	31.4881
1398679235.748	n	11.1668	3.56525	11.172	31.4879
1398679235.810	n	11.1670	3.56524	11.154	31.4877
1398679235.873	n	11.1672	3.56524	11.139	31.4876
1398679235.934	n	11.1673	3.56525	11.121	31.4875
1398679235.998	n	11.1675	3.56526	11.105	31.4874
1398679236.060	n	11.1677	3.56526	11.087	31.4873
1398679236.122	n	11.1679	3.56526	11.075	31.4872
1398679236.185	n	11.1680	3.56526	11.063	31.4870
1398679236.247	n	11.1682	3.56526	11.045	31.4869
1398679236.309	n	11.1684	3.56526	11.026	31.4868
1398679236.373	n	11.1685	3.56526	11.013	31.4867
1398679236.435	n	11.1687	3.56527	10.996	31.4866
1398679236.498	n	11.1689	3.56527	10.977	31.4864
1398679236.560	n	11.1690	3.56527	10.964	31.4863
1398679236.623	n	11.1692	3.56525	10.946	31.4860
1398679236.686	n	11.1694	3.56524	10.930	31.4858
1398679236.748	n	11.1696	3.56524	10.916	31.4856
1398679236.810	n	11.1697	3.56525	10.898	31.4855
1398679236.873	n	11.1698	3.56525	10.880	31.4855
1398679236.975	y	11.1699	3.56525	10.864	31.4854
1398679236.997	n	11.1700	3.56524	10.850	31.4852
1398679237.059	n	11.1701	3.56523	10.833	31.4851
1398679237.122	n	11.1702	3.56524	10.818	31.4851
1398679237.185	n	11.1704	3.56525	10.798	31.4851
1398679237.247	n	11.1705	3.56525	10.781	31.4849
1398679237.310	n	11.1707	3.56525	10.765	31.4848
1398679237.373	n	11.1709	3.56525	10.746	31.4846
1398679237.437	n	11.1710	3.56524	10.732	31.4845
1398679237.498	n	11.1711	3.56524	10.713	31.4844
1398679237.560	n	11.1711	3.56525	10.695	31.4844
1398679237.623	n	11.1712	3.56525	10.676	31.4843
1398679237.687	n	11.1713	3.56525	10.658	31.4843
1398679237.747	n	11.1715	3.56525	10.639	31.4841
1398679237.809	n	11.1716	3.56524	10.623	31.4840
1398679237.873	n	11.1717	3.56523	10.601	31.4838
1398679237.936	n	11.1718	3.56523	10.586	31.4837
1398679237.996	n	11.1719	3.56523	10.566	31.4836
1398679238.061	n	11.1720	3.56523	10.542	31.4836
1398679238.123	n	11.1721	3.56523	10.522	31.4835
1398679238.185	n	11.1722	3.56523	10.503	31.4835
1398679238.246	n	11.1723	3.56523	10.484	31.4834
1398679238.309	n	11.1724	3.56523	10.463	31.4833
1398679238.372	n	11.1724	3.56523	10.444	31.4833
1398679238.435	n	11.1725	3.56523	10.421	31.4832
1398679238.497	n	11.1726	3.56523	10.401	31.4831
1398679238.560	n	11.1727	3.56523	10.380	31.4831
1398679238.623	n	11.1727	3.56524	10.360	31.4831
1398679238.685	n	11.1728	3.56524	10.338	31.4831
1398679238.825	y	11.1729	3.56524	10.315	31.4830
1398679238.832	n	11.1730	3.56523	10.291	31.4828
1398679238.872	n	11.1731	3.56521	10.274	31.4826
1398679238.935	n	11.1732	3.56520	10.252	31.4824
1398679238.997	n	11.1732	3.56520	10.234	31.4824
1398679239.060	n	11.1733	3.56521	10.208	31.4824
1398679239.124	n	11.1734	3.56522	10.187	31.4824
1398679239.184	n	11.1734	3.56522	10.167	31.4824
1398679239.246	n	11.1735	3.56522	10.146	31.4824
1398679239.311	n	11.1735	3.56521	10.122	31.4822
1398679239.374	n	11.1736	3.56521	10.101	31.4821
1398679239.435	n	11.1736	3.56520	10.077	31.4820
1398679239.498	n	11.1737	3.56520	10.057	31.4820
1398679239.560	n	11.1738	3.56521	10.035	31.4820
1398679239.621	n	11.1739	3.56521	10.011	31.4820
1398679239.686	n	11.1739	3.56520	9.988	31.4819
1398679239.747	n	11.1740	3.56520	9.968	31.4818
1398679239.809	n	11.1741	3.56520	9.944	31.4818
1398679239.872	n	11.1741	3.56521	9.924	31.4818
1398679239.935	n	11.1742	3.56522	9.900	31.4818
1398679239.998	n	11.1743	3.56521	9.879	31.4817
1398679240.059	n	11.1743	3.56520	9.857	31.4816
1398679240.122	n	11.1744	3.56519	9.836	31.4814
1398679240.186	n	11.1744	3.56518	9.817	31.4813
1398679240.247	n	11.1745	3.56519	9.798	31.4813
1398679240.310	n	11.1745	3.56519	9.774	31.4813
1398679240.373	n	11.1745	3.56519	9.751	31.4813
1398679240.435	n	11.1745	3.56519	9.728	31.4814
1398679240.562	y	11.1743	3.56518	9.711	31.4815
1398679240.567	n	11.1740	3.56518	9.691	31.4817
1398679240.623	n	11.1736	3.56518	9.667	31.4820
1398679240.684	n	11.1732	3.56517	9.645	31.4823
1398679240.748	n	11.1728	3.56517	9.626	31.4827
1398679240.810	n	11.1723	3.56517	9.607	31.4831
1398679240.872	n	11.1719	3.56517	9.587	31.4834
1398679240.935	n	11.1715	3.56516	9.565	31.4837
1398679240.998	n	11.1711	3.56515	9.544	31.4840
1398679241.060	n	11.1709	3.56515	9.525	31.4842
1398679241.124	n	11.1708	3.56515	9.507	31.4843
1398679241.185	n	11.1709	3.56516	9.488	31.4842
1398679241.246	n	11.1711	3.56517	9.465	31.4841
1398679241.309	n	11.1713	3.56517	9.445	31.4840
1398679241.372	n	11.1715	3.56517	9.430	31.4839
1398679241.438	n	11.1715	3.56517	9.411	31.4838
1398679241.497	n	11.1716	3.56517	9.390	31.4838
1398679241.560	n	11.1715	3.56517	9.369	31.4838
1398679241.622	n	11.1715	3.56517	9.350	31.4839
1398679241.685	n	11.1714	3.56516	9.333	31.4839
1398679241.748	n	11.1714	3.56516	9.314	31.4839
1398679241.810	n	11.1715	3.56516	9.299	31.4839
1398679241.871	n	11.1717	3.56516	9.281	31.4836
1398679241.935	n	11.1721	3.56516	9.260	31.4833
1398679241.997	n	11.1724	3.56515	9.241	31.4830
1398679242.059	n	11.1728	3.56516	9.226	31.4827
1398679242.123	n	11.1731	3.56516	9.210	31.4825
1398679242.184	n	11.1733	3.56516	9.193	31.4823
1398679242.247	n	11.1734	3.56516	9.175	31.4822
1398679242.309	n	11.1735	3.56516	9.156	31.4821
1398679242.374	n	11.1736	3.56516	9.139	31.4821
1398679242.440	n	11.1737	3.56517	9.123	31.4820
1398679242.497	n	11.1739	3.56517	9.103	31.4820
1398679242.560	n	11.1740	3.56517	9.087	31.4819
1398679242.623	n	11.1739	3.56517	9.070	31.4819
1398679242.685	n	11.1736	3.56516	9.051	31.4821
1398679242.746	n	11.1732	3.56516	9.034	31.4824
1398679242.810	n	11.1726	3.56515	9.017	31.4829
1398679242.874	n	11.1719	3.56515	9.003	31.4835
1398679242.935	n	11.1710	3.56516	8.983	31.4844
1398679243.089	y	11.1700	3.56517	8.963	31.4853
1398679243.094	n	11.1690	3.56517	8.948	31.4861
1398679243.124	n	11.1681	3.56516	8.930	31.4868
1398679243.184	n	11.1673	3.56514	8.911	31.4873
1398679243.248	n	11.1666	3.56512	8.895	31.4878
1398679243.310	n	11.1659	3.56512	8.879	31.4883
1398679243.372	n	11.1653	3.56512	8.861	31.4890
1398679243.441	n	11.1646	3.56513	8.845	31.4896
1398679243.497	n	11.1639	3.56513	8.828	31.4902
1398679243.559	n	11.1633	3.56512	8.810	31.4907
1398679243.623	n	11.1627	3.56512	8.796	31.4911
1398679243.685	n	11.1621	3.56511	8.780	31.4916
1398679243.748	n	11.1617	3.56512	8.764	31.4920
1398679243.810	n	11.1613	3.56512	8.746	31.4923
1398679243.871	n	11.1610	3.56512	8.732	31.4926
1398679243.935	n	11.1607	3.56512	8.716	31.4929
1398679243.998	n	11.1605	3.56512	8.697	31.4931
1398679244.059	n	11.1603	3.56511	8.681	31.4931
1398679244.123	n	11.1602	3.56510	8.663	31.4932
1398679244.184	n	11.1601	3.56510	8.645	31.4933
1398679244.321	y	11.1599	3.56510	8.629	31.4934
1398679244.326	n	11.1598	3.56511	8.607	31.4936
1398679244.373	n	11.1598	3.56511	8.588	31.4937
1398679244.440	n	11.1598	3.56512	8.569	31.4937
1398679244.497	n	11.1598	3.56511	8.549	31.4936
1398679244.561	n	11.1598	3.56510	8.533	31.4936
1398679244.623	n	11.1598	3.56510	8.509	31.4936
1398679244.686	n	11.1599	3.56511	8.492	31.4936
1398679244.747	n	11.1600	3.56511	8.476	31.4935
1398679244.809	n	11.1602	3.56512	8.457	31.4934
1398679244.873	n	11.1604	3.56512	8.435	31.4933
1398679244.934	n	11.1605	3.56513	8.413	31.4933
1398679244.997	n	11.1606	3.56512	8.390	31.4932
1398679245.060	n	11.1606	3.56512	8.368	31.4932
1398679245.122	n	11.1606	3.56511	8.347	31.4931
1398679245.185	n	11.1605	3.56511	8.333	31.4931
1398679245.247	n	11.1605	3.56511	8.310	31.4931
1398679245.311	n	11.1605	3.56511	8.287	31.4931
1398679245.373	n	11.1606	3.56511	8.264	31.4931
1398679245.434	n	11.1606	3.56512	8.245	31.4931
1398679245.497	n	11.1608	3.56513	8.225	31.4931
1398679245.560	n	11.1610	3.56513	8.203	31.4929
1398679245.623	n	11.1613	3.56512	8.180	31.4926
1398679245.688	n	11.1616	3.56512	8.161	31.4923
1398679245.748	n	11.1620	3.56511	8.137	31.4919
1398679245.809	n	11.1624	3.56511	8.118	31.4916
1398679245.873	n	11.1628	3.56511	8.097	31.4913
1398679245.936	n	11.1632	3.56511	8.072	31.4910
1398679245.998	n	11.1637	3.56512	8.048	31.4906
1398679246.060	n	11.1641	3.56512	8.026	31.4903
1398679246.123	n	11.1645	3.56511	8.004	31.4899
1398679246.185	n	11.1647	3.56512	7.982	31.4897
1398679246.246	n	11.1648	3.56513	7.960	31.4898
1398679246.311	n	11.1649	3.56513	7.938	31.4897
1398679246.373	n	11.1650	3.56513	7.917	31.4896
1398679246.434	n	11.1651	3.56513	7.896	31.4896
1398679246.498	n	11.1652	3.56513	7.872	31.4894
1398679246.560	n	11.1653	3.56513	7.853	31.4893
1398679246.623	n	11.1654	3.56512	7.831	31.4893
1398679246.686	n	11.1654	3.56511	7.805	31.4891
1398679246.746	n	11.1654	3.56510	7.780	31.4890
1398679246.809	n	11.1654	3.56509	7.758	31.4890
1398679246.874	n	11.1653	3.56509	7.733	31.4890
1398679246.936	n	11.1653	3.56510	7.708	31.4891
1398679247.094	y	11.1653	3.56511	7.688	31.4893
1398679247.099	n	11.1653	3.56511	7.666	31.4894
1398679247.123	n	11.1652	3.56513	7.642	31.4895
1398679247.184	n	11.1652	3.56513	7.621	31.4896
1398679247.247	n	11.1651	3.56512	7.597	31.4896
1398679247.311	n	11.1651	3.56511	7.573	31.4896
1398679247.373	n	11.1650	3.56510	7.554	31.4895
1398679247.437	n	11.1649	3.56510	7.535	31.4896
1398679247.497	n	11.1648	3.56511	7.513	31.4898
1398679247.559	n	11.1647	3.56513	7.494	31.4900
1398679247.623	n	11.1645	3.56513	7.472	31.4902
1398679247.685	n	11.1643	3.56513	7.450	31.4905
1398679247.748	n	11.1639	3.56512	7.430	31.4907
1398679247.810	n	11.1636	3.56510	7.411	31.4908
1398679247.900	y	11.1632	3.56510	7.390	31.4911
1398679247.934	n	11.1628	3.56510	7.370	31.4914
1398679247.997	n	11.1623	3.56510	7.352	31.4918
1398679248.061	n	11.1619	3.56511	7.329	31.4924
1398679248.183	y	11.1614	3.56512	7.309	31.4928
1398679248.189	n	11.1610	3.56511	7.290	31.4931
1398679248.248	n	11.1606	3.56510	7.272	31.4934
1398679248.310	n	11.1602	3.56509	7.250	31.4936
1398679248.372	n	11.1598	3.56509	7.230	31.4939
1398679248.436	n	11.1594	3.56509	7.210	31.4943
1398679248.498	n	11.1590	3.56510	7.190	31.4948
1398679248.559	n	11.1587	3.56510	7.172	31.4951
1398679248.622	n	11.1584	3.56510	7.152	31.4952
1398679248.684	n	11.1583	3.56509	7.135	31.4953
1398679248.747	n	11.1582	3.56508	7.114	31.4953
1398679248.811	n	11.1582	3.56508	7.092	31.4953
1398679248.872	n	11.1582	3.56508	7.072	31.4953
1398679248.935	n	11.1582	3.56508	7.053	31.4954
1398679248.997	n	11.1581	3.56509	7.033	31.4955
1398679249.059	n	11.1581	3.56508	7.016	31.4954
1398679249.123	n	11.1581	3.56508	6.997	31.4954
1398679249.184	n	11.1580	3.56508	6.976	31.4955
1398679249.247	n	11.1579	3.56509	6.958	31.4956
1398679249.310	n	11.1579	3.56510	6.942	31.4958
1398679249.372	n	11.1578	3.56510	6.924	31.4959
1398679249.436	n	11.1578	3.56510	6.906	31.4959
1398679249.498	n	11.1579	3.56510	6.891	31.4958
1398679249.561	n	11.1581	3.56508	6.871	31.4956
1398679249.623	n	11.1582	3.56508	6.849	31.4954
1398679249.686	n	11.1583	3.56508	6.834	31.4953
1398679249.748	n	11.1584	3.56507	6.815	31.4951
1398679249.811	n	11.1585	3.56507	6.799	31.4951
1398679249.872	n	11.1585	3.56508	6.782	31.4952
1398679249.937	n	11.1584	3.56509	6.765	31.4953
1398679249.997	n	11.1583	3.56509	6.743	31.4955
1398679250.060	n	11.1581	3.56509	6.724	31.4957
1398679250.122	n	11.1578	3.56509	6.705	31.4958
1398679250.185	n	11.1576	3.56508	6.686	31.4960
1398679250.247	n	11.1573	3.56508	6.668	31.4962
1398679250.310	n	11.1570	3.56508	6.653	31.4965
1398679250.373	n	11.1567	3.56508	6.636	31.4968
1398679250.434	n	11.1562	3.56508	6.620	31.4972
1398679250.497	n	11.1558	3.56508	6.600	31.4976
1398679250.559	n	11.1554	3.56509	6.584	31.4980
1398679250.624	n	11.1553	3.56510	6.565	31.4982
1398679250.685	n	11.1554	3.56510	6.548	31.4981
1398679250.748	n	11.1556	3.56510	6.533	31.4980
1398679250.810	n	11.1559	3.56511	6.514	31.4978
1398679250.873	n	11.1561	3.56510	6.491	31.4976
1398679250.935	n	11.1562	3.56509	6.479	31.4973
1398679250.997	n	11.1563	3.56508	6.462	31.4972
1398679251.060	n	11.1565	3.56508	6.441	31.4971
1398679251.124	n	11.1567	3.56510	6.421	31.4971
1398679251.185	n	11.1570	3.56511	6.408	31.4969
1398679251.342	y	11.1575	3.56511	6.390	31.4965
1398679251.347	n	11.1581	3.56510	6.373	31.4959
1398679251.372	n	11.1589	3.56509	6.356	31.4951
1398679251.436	n	11.1599	3.56509	6.340	31.4943
1398679251.497	n	11.1610	3.56509	6.319	31.4933
1398679251.612	y	11.1622	3.56509	6.303	31.4924
1398679251.623	n	11.1634	3.56510	6.288	31.4914
1398679251.686	n	11.1646	3.56510	6.268	31.4904
1398679251.748	n	11.1658	3.56510	6.248	31.4894
1398679251.809	n	11.1671	3.56510	6.231	31.4882
1398679251.874	n	11.1684	3.56510	6.215	31.4871
1398679251.937	n	11.1697	3.56510	6.197	31.4860
1398679251.997	n	11.1710	3.56511	6.179	31.4850
1398679252.059	n	11.1722	3.56511	6.164	31.4840
1398679252.123	n	11.1734	3.56512	6.146	31.4831
1398679252.184	n	11.1745	3.56513	6.126	31.4822
1398679252.247	n	11.1755	3.56513	6.107	31.4814
1398679252.310	n	11.1765	3.56514	6.094	31.4807
1398679252.373	n	11.1774	3.56515	6.076	31.4800
1398679252.436	n	11.1781	3.56515	6.056	31.4794
1398679252.498	n	11.1788	3.56514	6.040	31.4788
1398679252.559	n	11.1793	3.56514	6.022	31.4783
1398679252.622	n	11.1798	3.56514	6.004	31.4779
1398679252.685	n	11.1802	3.56515	5.987	31.4776
1398679252.748	n	11.1807	3.56515	5.974	31.4772
1398679252.810	n	11.1811	3.56514	5.960	31.4767
1398679252.872	n	11.1816	3.56514	5.944	31.4763
1398679252.936	n	11.1820	3.56513	5.924	31.4759
1398679252.998	n	11.1825	3.56514	5.906	31.4756
1398679253.061	n	11.1830	3.56516	5.887	31.4754
1398679253.123	n	11.1835	3.56517	5.871	31.4750
1398679253.185	n	11.1840	3.56517	5.856	31.4747
1398679253.248	n	11.1844	3.56517	5.840	31.4742
1398679253.310	n	11.1849	3.56516	5.820	31.4738
1398679253.372	n	11.1854	3.56516	5.801	31.4733
1398679253.436	n	11.1858	3.56515	5.787	31.4729
1398679253.497	n	11.1862	3.56516	5.769	31.4726
1398679253.559	n	11.1867	3.56516	5.752	31.4723
1398679253.623	n	11.1872	3.56516	5.736	31.4719
1398679253.685	n	11.1877	3.56517	5.721	31.4715
1398679253.747	n	11.1883	3.56518	5.705	31.4711
1398679253.810	n	11.1889	3.56518	5.684	31.4706
1398679253.872	n	11.1897	3.56518	5.670	31.4700
1398679253.935	n	11.1906	3.56518	5.653	31.4691
1398679253.997	n	11.1917	3.56517	5.637	31.4682
1398679254.059	n	11.1931	3.56518	5.621	31.4671
1398679254.123	y	11.1947	3.56519	5.604	31.4659
1398679254.184	n	11.1963	3.56520	5.588	31.4645
1398679254.247	n	11.1980	3.56519	5.572	31.4630
1398679254.310	n	11.1997	3.56519	5.554	31.4615
1398679254.372	n	11.2012	3.56518	5.533	31.4602
1398679254.435	n	11.2026	3.56519	5.520	31.4590
1398679254.496	n	11.2039	3.56519	5.503	31.4579
1398679254.561	n	11.2051	3.56519	5.488	31.4570
1398679254.623	n	11.2060	3.56519	5.470	31.4562
1398679254.685	n	11.2068	3.56520	5.454	31.4556
1398679254.748	n	11.2072	3.56520	5.437	31.4553
1398679254.810	n	11.2072	3.56521	5.419	31.4554
1398679254.872	n	11.2069	3.56522	5.404	31.4558
1398679254.935	n	11.2062	3.56523	5.386	31.4565
1398679254.997	n	11.2056	3.56380	5.373	31.4430
1398679255.059	n	11.2056	3.55420	5.356	31.3489
1398679255.124	n	11.2066	3.53852	5.336	31.1945
1398679255.184	n	11.2082	3.52099	5.324	31.0217
1398679255.299	y	11.2096	3.50631	5.307	30.8770
1398679255.310	n	11.2103	3.49831	5.287	30.7981
1398679255.372	n	11.2101	3.49741	5.272	30.7895
1398679255.435	n	11.2091	3.49665	5.257	30.7829
1398679255.559	y	11.2077	3.49568	5.239	30.7747
1398679255.564	n	11.2060	3.49477	5.220	30.7672
1398679255.622	n	11.2045	3.49413	5.202	30.7622
1398679255.684	n	11.2035	3.49383	5.189	30.7601
1398679255.747	n	11.2032	3.49366	5.171	30.7587
1398679255.810	n	11.2034	3.49358	5.156	30.7578
1398679255.874	n	11.2037	3.49356	5.137	30.7573
1398679255.935	n	11.2039	3.49356	5.117	30.7571
1398679255.998	n	11.2042	3.49356	5.099	30.7570
1398679256.060	n	11.2045	3.49359	5.082	30.7569
1398679256.123	n	11.2050	3.49367	5.065	30.7574
1398679256.186	n	11.2057	3.49380	5.049	30.7580
1398679256.247	n	11.2066	3.49389	5.029	30.7581
1398679256.309	n	11.2076	3.49391	5.008	30.7576
1398679256.372	n	11.2086	3.49382	4.989	30.7558
1398679256.436	n	11.2096	3.49365	4.968	30.7533
1398679256.497	n	11.2104	3.49350	4.944	30.7513
1398679256.560	n	11.2109	3.49339	4.924	30.7497
1398679256.622	n	11.2111	3.49331	4.904	30.7487
1398679256.686	n	11.2113	3.49326	4.885	30.7482
1398679256.748	n	11.2113	3.49322	4.858	30.7478
1398679256.811	n	11.2114	3.49321	4.837	30.7476
1398679256.872	n	11.2114	3.49323	4.814	30.7478
1398679256.936	n	11.2114	3.49329	4.791	30.7484
1398679256.997	n	11.2114	3.49333	4.769	30.7488
1398679257.059	n	11.2113	3.49336	4.750	30.7491
1398679257.122	n	11.2113	3.49336	4.724	30.7491
1398679257.186	n	11.2113	3.49334	4.704	30.7490
1398679257.247	n	11.2113	3.49333	4.682	30.7489
1398679257.311	n	11.2113	3.49333	4.661	30.7489
1398679257.374	n	11.2114	3.49331	4.641	30.7487
1398679257.435	n	11.2115	3.49329	4.620	30.7484
1398679257.497	n	11.2117	3.49327	4.597	30.7481
1398679257.559	n	11.2118	3.49325	4.578	30.7477
1398679257.624	n	11.2119	3.49322	4.557	30.7473
1398679257.685	n	11.2119	3.49320	4.537	30.7471
1398679257.748	n	11.2119	3.49319	4.518	30.7471
1398679257.809	n	11.2118	3.49320	4.496	30.7473
1398679257.873	n	11.2117	3.49322	4.477	30.7476
1398679257.937	n	11.2117	3.49323	4.455	30.7477
1398679257.997	n	11.2117	3.49320	4.435	30.7475
1398679258.060	n	11.2117	3.49317	4.415	30.7471
1398679258.123	n	11.2118	3.49315	4.394	30.7468
1398679258.186	n	11.2119	3.49316	4.376	30.7468
1398679258.246	n	11.2121	3.49319	4.353	30.7470
1398679258.309	n	11.2123	3.49317	4.330	30.7467
1398679258.374	n	11.2124	3.49310	4.313	30.7459
1398679258.435	n	11.2123	3.49298	4.293	30.7447
1398679258.498	n	11.2122	3.49287	4.270	30.7438
1398679258.560	n	11.2121	3.49280	4.252	30.7432
1398679258.624	n	11.2120	3.49278	4.235	30.7431
1398679258.686	n	11.2119	3.49278	4.214	30.7432
1398679258.746	n	11.2120	3.49279	4.194	30.7432
1398679258.811	y	11.2120	3.49280	4.173	30.7433
1398679258.892	n	11.2120	3.49283	4.156	30.7436
1398679258.936	n	11.2121	3.49284	4.137	30.7437
1398679258.998	n	11.2122	3.49287	4.114	30.7438
1398679259.061	n	11.2123	3.49291	4.093	30.7442
1398679259.124	n	11.2123	3.49298	4.072	30.7448
1398679259.184	n	11.2123	3.49302	4.053	30.7453
1398679259.248	n	11.2122	3.49298	4.034	30.7450
1398679259.310	n	11.2121	3.49285	4.012	30.7438
1398679259.372	n	11.2122	3.49267	3.994	30.7420
1398679259.436	n	11.2123	3.49250	3.974	30.7402
1398679259.497	n	11.2123	3.49239	3.952	30.7392
1398679259.559	n	11.2123	3.49236	3.930	30.7389
1398679259.623	n	11.2123	3.49237	3.909	30.7390
1398679259.686	n	11.2124	3.49240	3.891	30.7393
1398679259.837	y	11.2125	3.49244	3.869	30.7395
1398679259.842	n	11.2126	3.49247	3.851	30.7398
1398679259.872	n	11.2126	3.49248	3.830	30.7398
1398679259.936	n	11.2126	3.49246	3.810	30.7397
1398679259.997	n	11.2126	3.49242	3.791	30.7393
1398679260.059	n	11.2126	3.49237	3.770	30.7388
1398679260.123	n	11.2126	3.49231	3.748	30.7383
1398679260.185	n	11.2127	3.49229	3.723	30.7380
1398679260.246	n	11.2127	3.49227	3.703	30.7378
1398679260.311	n	11.2127	3.49225	3.685	30.7376
1398679260.373	n	11.2127	3.49219	3.656	30.7371
1398679260.435	n	11.2126	3.49212	3.636	30.7364
1398679260.497	n	11.2125	3.49207	3.618	30.7360
1398679260.560	n	11.2125	3.49207	3.596	30.7360
1398679260.622	n	11.2125	3.49205	3.573	30.7359
1398679260.686	n	11.2124	3.49203	3.546	30.7358
1398679260.747	n	11.2122	3.49196	3.524	30.7352
1398679260.811	n	11.2121	3.49185	3.502	30.7343
1398679260.872	n	11.2120	3.49177	3.475	30.7336
1398679260.935	n	11.2119	3.49171	3.452	30.7331
1398679260.996	n	11.2119	3.49166	3.424	30.7326
1398679261.059	n	11.2118	3.49162	3.398	30.7323
1398679261.124	n	11.2118	3.49160	3.373	30.7320
1398679261.186	n	11.2118	3.49159	3.347	30.7320
1398679261.247	n	11.2119	3.49159	3.320	30.7320
1398679261.310	n	11.2119	3.49159	3.291	30.7320
1398679261.372	n	11.2119	3.49160	3.262	30.7321
1398679261.434	n	11.2119	3.49159	3.236	30.7320
1398679261.496	n	11.2119	3.49157	3.212	30.7318
1398679261.561	n	11.2119	3.49155	3.182	30.7316
1398679261.622	n	11.2118	3.49153	3.155	30.7315
1398679261.684	n	11.2117	3.49151	3.129	30.7315
1398679261.747	n	11.2116	3.49151	3.104	30.7315
1398679261.809	n	11.2116	3.49152	3.078	30.7316
1398679261.874	n	11.2117	3.49152	3.050	30.7316
1398679261.935	n	11.2117	3.49152	3.028	30.7315
1398679261.996	n	11.2117	3.49150	3.003	30.7314
1398679262.060	n	11.2117	3.49149	2.981	30.7313
1398679262.122	n	11.2117	3.49149	2.956	30.7313
1398679262.185	n	11.2116	3.49148	2.936	30.7313
1398679262.248	n	11.2115	3.49147	2.906	30.7312
1398679262.309	n	11.2114	3.49144	2.887	30.7311
1398679262.374	n	11.2112	3.49140	2.862	30.7309
1398679262.435	n	11.2111	3.49136	2.847	30.7305
1398679262.498	n	11.2111	3.49133	2.826	30.7303
1398679262.628	y	11.2111	3.49133	2.806	30.7303
1398679262.634	n	11.2112	3.49134	2.785	30.7304
1398679262.686	n	11.2112	3.49139	2.768	30.7307
1398679262.748	n	11.2113	3.49145	2.750	30.7313
1398679262.811	n	11.2114	3.49152	2.732	30.7319
1398679262.873	n	11.2115	3.49160	2.717	30.7327
1398679262.934	n	11.2115	3.49170	2.705	30.7336
1398679262.997	n	11.2115	3.49178	2.690	30.7344
1398679263.061	n	11.2114	3.49183	2.676	30.7350
1398679263.122	n	11.2115	3.49187	2.666	30.7353
1398679263.186	n	11.2115	3.49188	2.651	30.7354
1398679263.247	n	11.2116	3.49189	2.638	30.7354
1398679263.310	n	11.2116	3.49191	2.629	30.7356
1398679263.372	n	11.2116	3.49194	2.619	30.7359
1398679263.436	n	11.2116	3.49195	2.605	30.7360
1398679263.498	n	11.2116	3.49192	2.595	30.7357
1398679263.697	y	11.2116	3.49186	2.585	30.7351
1398679263.704	n	11.2115	3.49178	2.575	30.7344
1398679263.709	n	11.2115	3.49172	2.563	30.7339
1398679263.748	n	11.2114	3.49168	2.554	30.7336
1398679263.811	n	11.2114	3.49165	2.543	30.7333
1398679263.872	n	11.2114	3.49162	2.532	30.7330
1398679263.934	n	11.2113	3.49160	2.524	30.7328
1398679264.095	y	11.2113	3.49157	2.512	30.7327
1398679264.100	n	11.2112	3.49155	2.506	30.7324
1398679264.122	n	11.2112	3.49153	2.499	30.7323
1398679264.185	n	11.2112	3.49150	2.488	30.7321
1398679264.248	n	11.2111	3.49148	2.479	30.7319
1398679264.310	n	11.2111	3.49146	2.473	30.7317
1398679264.374	n	11.2111	3.49145	2.468	30.7316
1398679264.434	n	11.2111	3.49145	2.462	30.7316
1398679264.498	n	11.2111	3.49146	2.456	30.7317
1398679264.560	n	11.2111	3.49147	2.449	30.7318
1398679264.622	n	11.2111	3.49148	2.441	30.7319
1398679264.684	n	11.2111	3.49149	2.438	30.7320
1398679264.747	n	11.2111	3.49149	2.432	30.7321
1398679264.811	n	11.2110	3.49151	2.426	30.7322
1398679264.873	n	11.2110	3.49153	2.420	30.7325
1398679264.934	n	11.2110	3.49156	2.412	30.7327
1398679264.998	n	11.2111	3.49157	2.408	30.7328
1398679265.060	n	11.2111	3.49156	2.404	30.7327
1398679265.123	n	11.2110	3.49154	2.397	30.7326
1398679265.186	n	11.2110	3.49151	2.389	30.7323
1398679265.247	n	11.2110	3.49149	2.379	30.7321
1398679265.309	n	11.2110	3.49148	2.368	30.7321
1398679265.374	n	11.2110	3.49149	2.365	30.7322
1398679265.435	n	11.2110	3.49152	2.361	30.7325
1398679265.498	n	11.2110	3.49154	2.352	30.7327
1398679265.560	n	11.2110	3.49155	2.338	30.7328
1398679265.622	n	11.2109	3.49154	2.332	30.7327
1398679265.684	n	11.2109	3.49152	2.326	30.7325
1398679265.747	n	11.2108	3.49150	2.317	30.7324
1398679265.810	n	11.2108	3.49150	2.304	30.7324
1398679265.874	n	11.2108	3.49149	2.295	30.7322
1398679265.935	n	11.2109	3.49149	2.288	30.7322
1398679265.998	n	11.2109	3.49150	2.279	30.7323
1398679266.060	n	11.2109	3.49152	2.272	30.7326
1398679266.123	n	11.2109	3.49155	2.257	30.7329
1398679266.184	n	11.2109	3.49158	2.244	30.7331
1398679266.248	y	11.2109	3.49159	2.236	30.7332
1398679266.311	n	11.2109	3.49160	2.226	30.7333
1398679266.373	n	11.2109	3.49160	2.211	30.7334
1398679266.434	n	11.2109	3.49163	2.205	30.7336
1398679266.497	n	11.2109	3.49166	2.192	30.7339
1398679266.560	n	11.2110	3.49169	2.182	30.7342
1398679266.622	n	11.2110	3.49170	2.172	30.7343
1398679266.685	n	11.2109	3.49170	2.160	30.7343
1398679266.747	n	11.2108	3.49167	2.144	30.7341
1398679266.810	n	11.2108	3.49162	2.128	30.7337
1398679266.872	n	11.2108	3.49158	2.114	30.7333
1398679266.936	n	11.2109	3.49156	2.102	30.7330
1398679266.997	n	11.2110	3.49154	2.087	30.7327
1398679267.060	n	11.2112	3.49154	2.070	30.7326
1398679267.122	n	11.2113	3.49154	2.057	30.7325
1398679267.186	n	11.2114	3.49153	2.044	30.7324
1398679267.248	n	11.2114	3.49153	2.032	30.7323
1398679267.309	n	11.2114	3.49152	2.011	30.7322
1398679267.372	n	11.2114	3.49152	1.997	30.7322
1398679267.435	n	11.2114	3.49152	1.981	30.7323
1398679267.497	n	11.2113	3.49152	1.967	30.7323
1398679267.560	n	11.2113	3.49151	1.955	30.7323
1398679267.622	n	11.2112	3.49151	1.938	30.7323
1398679267.684	n	11.2112	3.49150	1.923	30.7322
1398679267.748	n	11.2112	3.49150	1.907	30.7322
1398679267.810	n	11.2112	3.49150	1.892	30.7322
1398679267.873	n	11.2112	3.49150	1.880	30.7322
1398679267.936	n	11.2112	3.49149	1.866	30.7322
1398679267.997	n	11.2112	3.49149	1.851	30.7321
1398679268.060	n	11.2112	3.49148	1.836	30.7321
1398679268.122	n	11.2112	3.49147	1.823	30.7320
1398679268.186	n	11.2111	3.49146	1.804	30.7320
1398679268.366	y	11.2111	3.49146	1.790	30.7320
1398679268.373	n	11.2111	3.49146	1.778	30.7320
1398679268.379	n	11.2110	3.49144	1.761	30.7318
1398679268.435	n	11.2110	3.49142	1.743	30.7316
1398679268.497	n	11.2110	3.49139	1.729	30.7314
1398679268.560	n	11.2111	3.49135	1.715	30.7309
1398679268.622	n	11.2111	3.49131	1.698	30.7306
1398679268.687	n	11.2111	3.49127	1.686	30.7302
1398679268.747	n	11.2110	3.49114	1.664	30.7289
1398679268.811	n	11.2109	3.49078	1.650	30.7256
1398679268.874	n	11.2107	3.49029	1.633	30.7209
1398679268.936	n	11.2105	3.48987	1.615	30.7170
1398679268.997	n	11.2101	3.48967	1.598	30.7154
1398679269.061	n	11.2096	3.48975	1.583	30.7166
1398679269.124	n	11.2091	3.49003	1.567	30.7197
1398679269.186	n	11.2087	3.49025	1.550	30.7222
1398679269.247	n	11.2080	3.49030	1.530	30.7234
1398679269.309	n	11.2052	3.48991	1.514	30.7219
1398679269.374	n	11.1998	3.48898	1.494	30.7172
1398679269.435	n	11.1922	3.48768	1.475	30.7110
1398679269.499	n	11.1822	3.48609	1.458	30.7038
1398679269.560	n	11.1719	3.48442	1.440	30.6960
1398679269.622	n	11.1635	3.48314	1.419	30.6904
1398679269.684	n	11.1572	3.48216	1.396	30.6861
1398679269.747	n	11.1534	3.48156	1.373	30.6834
1398679269.819	y	11.1520	3.48142	1.354	30.6833
1398679269.873	n	11.1509	3.48143	1.331	30.6843
1398679269.935	n	11.1494	3.48117	1.309	30.6830
1398679269.998	n	11.1478	3.48072	1.287	30.6800
1398679270.060	n	11.1463	3.48018	1.264	30.6759
1398679270.122	n	11.1451	3.47969	1.239	30.6721
1398679270.187	n	11.1439	3.47936	1.219	30.6699
1398679270.247	n	11.1415	3.47905	1.193	30.6689
1398679270.309	n	11.1380	3.47850	1.172	30.6665
1398679270.374	n	11.1350	3.47789	1.147	30.6630
1398679270.435	n	11.1341	3.47758	1.125	30.6608
1398679270.498	n	11.1353	3.47768	1.101	30.6608
1398679270.560	n	11.1372	3.47799	1.080	30.6622
1398679270.623	n	11.1382	3.47818	1.055	30.6632
1398679270.684	n	11.1379	3.47811	1.036	30.6628
1398679270.748	n	11.1370	3.47793	1.014	30.6618
1398679270.810	n	11.1366	3.47788	0.995	30.6616
1398679270.873	n	11.1368	3.47797	0.978	30.6623
1398679270.935	n	11.1369	3.47808	0.956	30.6633
1398679270.998	n	11.1368	3.47807	0.936	30.6634
1398679271.059	n	11.1363	3.47795	0.919	30.6626
1398679271.123	n	11.1345	3.47757	0.901	30.6604
1398679271.186	n	11.1305	3.47700	0.882	30.6581
1398679271.247	n	11.1266	3.47651	0.865	30.6566
1398679271.309	n	11.1247	3.47639	0.850	30.6570
1398679271.373	n	11.1271	3.47675	0.836	30.6586
1398679271.436	n	11.1338	3.47738	0.824	30.6591
1398679271.498	n	11.1413	3.47779	0.808	30.6569
1398679271.560	n	11.1450	3.47778	0.790	30.6537
1398679271.623	n	11.1443	3.47739	0.772	30.6505
1398679271.685	n	11.1387	3.47680	0.757	30.6494
1398679271.747	n	11.1303	3.47608	0.741	30.6494
1398679271.810	n	11.1218	3.47532	0.727	30.6491
1398679271.872	n	11.1144	3.47466	0.709	30.6487
1398679271.936	n	11.1091	3.47418	0.689	30.6485
1398679272.000	n	11.1071	3.47394	0.672	30.6478
1398679272.060	n	11.1075	3.47405	0.658	30.6485
1398679272.123	n	11.1090	3.46321	0.642	30.5412
1398679272.186	n	11.1086	3.16274	0.624	27.6212
1398679272.247	n	11.1008	2.60667	0.605	22.3263
1398679272.310	n	11.0809	1.92756	0.587	16.0564
1398679272.372	n	11.0487	1.30631	0.574	10.5325
1398679272.436	n	11.0080	0.91494	0.562	7.1797
1398679272.597	y	10.9665	0.84285	0.547	6.5805
1398679272.604	n	10.9326	0.82060	0.533	6.3998
