Source File: D:\Storage\Programs\OOI\Group 5\Correspondence\07_18_14 sample files\files\11192487.PPB
Processed: 07/18/2014 12:27:49
Using Version: 1.11
Device: CTD
Start Date: 04/29/2014
Timestamp (s)	Suspect Timestamp	Temperature	Conductivity	Pressure	Salinity
1398751081.682	y	10.9533	3.57425	23.063	31.7553
1398751081.746	n	10.9535	3.57426	23.093	31.7552
1398751081.807	n	10.9533	3.57425	23.108	31.7552
1398751081.871	n	10.9535	3.57425	23.063	31.7551
1398751081.935	n	10.9533	3.57426	23.093	31.7553
1398751081.998	n	10.9535	3.57426	23.150	31.7551
1398751082.059	n	10.9535	3.57426	23.167	31.7551
1398751082.123	n	10.9534	3.57425	23.108	31.7552
1398751082.184	n	10.9534	3.57425	23.123	31.7551
1398751082.249	n	10.9535	3.57425	23.135	31.7551
1398751082.310	n	10.9535	3.57426	23.150	31.7551
1398751082.374	n	10.9535	3.57426	23.167	31.7552
1398751082.435	n	10.9535	3.57426	23.178	31.7552
1398751082.497	n	10.9535	3.57426	23.191	31.7552
1398751082.559	n	10.9534	3.57426	23.209	31.7552
1398751082.621	n	10.9534	3.57425	23.225	31.7551
1398751082.687	n	10.9534	3.57425	23.242	31.7551
1398751082.750	n	10.9534	3.57426	23.255	31.7552
1398751082.809	n	10.9534	3.57426	23.270	31.7552
1398751082.873	n	10.9535	3.57426	23.281	31.7552
1398751082.937	n	10.9535	3.57426	23.301	31.7551
1398751082.997	n	10.9535	3.57426	23.319	31.7551
1398751083.061	n	10.9535	3.57427	23.332	31.7551
1398751083.122	n	10.9535	3.57428	23.350	31.7552
1398751083.187	n	10.9536	3.57429	23.360	31.7553
1398751084.046	n	10.9536	3.57429	23.375	31.7553
1398751084.066	n	10.9535	3.57428	23.392	31.7552
1398751084.085	n	10.9535	3.57427	23.408	31.7551
1398751084.092	n	10.9535	3.57426	23.420	31.7550
1398751084.099	n	10.9536	3.57425	23.434	31.7549
1398751084.106	n	10.9536	3.57426	23.445	31.7549
1398751084.113	n	10.9537	3.57427	23.462	31.7550
1398751084.119	n	10.9537	3.57428	23.472	31.7551
1398751084.127	n	10.9537	3.57429	23.488	31.7551
1398751084.135	n	10.9537	3.57429	23.500	31.7551
1398751084.142	n	10.9537	3.57429	23.515	31.7551
1398751084.149	n	10.9536	3.57428	23.524	31.7551
1398751084.156	n	10.9535	3.57428	23.535	31.7551
1398751084.163	n	10.9535	3.57427	23.545	31.7551
1398751084.171	n	10.9535	3.57426	23.560	31.7550
1398751084.186	n	10.9535	3.57426	23.574	31.7550
1398751084.252	n	10.9535	3.57426	23.581	31.7550
1398751084.312	n	10.9536	3.57427	23.594	31.7550
1398751084.372	n	10.9536	3.57428	23.605	31.7551
1398751084.437	n	10.9536	3.57428	23.613	31.7551
1398751084.499	n	10.9537	3.57428	23.628	31.7550
1398751084.560	n	10.9537	3.57428	23.636	31.7550
1398751084.623	n	10.9537	3.57428	23.642	31.7550
1398751084.684	n	10.9537	3.57428	23.654	31.7550
1398751084.747	n	10.9537	3.57429	23.666	31.7551
1398751084.811	n	10.9536	3.57429	23.672	31.7551
1398751084.872	n	10.9536	3.57429	23.682	31.7551
1398751084.936	n	10.9536	3.57428	23.691	31.7551
1398751084.999	n	10.9536	3.57428	23.698	31.7550
1398751085.059	n	10.9536	3.57428	23.705	31.7550
1398751085.123	n	10.9537	3.57428	23.715	31.7550
1398751085.185	n	10.9536	3.57428	23.720	31.7550
1398751085.261	n	10.9536	3.57429	23.727	31.7551
1398751085.309	n	10.9536	3.57428	23.730	31.7550
1398751085.373	n	10.9536	3.57428	23.738	31.7550
1398751085.435	n	10.9536	3.57429	23.743	31.7551
1398751085.499	n	10.9537	3.57429	23.746	31.7551
1398751085.560	n	10.9536	3.57429	23.750	31.7551
1398751085.623	n	10.9536	3.57429	23.756	31.7551
1398751085.684	n	10.9536	3.57428	23.759	31.7550
1398751085.749	n	10.9536	3.57428	23.763	31.7551
1398751085.811	n	10.9536	3.57429	23.766	31.7551
1398751085.872	n	10.9537	3.57430	23.770	31.7551
1398751085.935	n	10.9537	3.57429	23.773	31.7550
1398751085.998	n	10.9537	3.57428	23.775	31.7549
1398751086.060	n	10.9537	3.57428	23.777	31.7548
1398751086.122	n	10.9537	3.57428	23.779	31.7549
1398751086.185	n	10.9537	3.57428	23.780	31.7549
1398751086.257	n	10.9537	3.57430	23.782	31.7551
1398751086.309	n	10.9536	3.57430	23.784	31.7552
1398751086.372	n	10.9536	3.57431	23.783	31.7552
1398751086.435	n	10.9537	3.57431	23.783	31.7552
1398751086.502	n	10.9537	3.57431	23.781	31.7552
1398751086.559	n	10.9537	3.57430	23.780	31.7551
1398751086.623	n	10.9536	3.57430	23.779	31.7552
1398751086.685	n	10.9536	3.57429	23.775	31.7551
1398751086.749	n	10.9536	3.57429	23.774	31.7551
1398751086.810	n	10.9536	3.57429	23.770	31.7551
1398751086.872	n	10.9536	3.57428	23.765	31.7550
1398751086.934	n	10.9536	3.57428	23.763	31.7550
1398751086.998	n	10.9536	3.57428	23.761	31.7550
1398751087.059	n	10.9536	3.57428	23.758	31.7550
1398751087.122	n	10.9536	3.57428	23.752	31.7550
1398751087.188	n	10.9536	3.57428	23.746	31.7550
1398751087.253	n	10.9537	3.57428	23.738	31.7550
1398751087.319	y	10.9537	3.57428	23.735	31.7549
1398751087.372	n	10.9537	3.57428	23.730	31.7549
1398751087.435	n	10.9537	3.57429	23.723	31.7550
1398751087.498	n	10.9536	3.57429	23.715	31.7551
1398751087.674	y	10.9536	3.57430	23.702	31.7552
1398751087.682	n	10.9536	3.57431	23.693	31.7553
1398751087.690	n	10.9536	3.57431	23.685	31.7553
1398751087.747	n	10.9536	3.57430	23.678	31.7552
1398751087.812	n	10.9536	3.57429	23.667	31.7552
1398751087.874	n	10.9536	3.57428	23.657	31.7550
1398751087.937	n	10.9536	3.57428	23.644	31.7550
1398751087.999	n	10.9536	3.57428	23.636	31.7550
1398751088.061	n	10.9536	3.57428	23.626	31.7551
1398751088.124	n	10.9535	3.57428	23.616	31.7551
1398751088.187	n	10.9535	3.57428	23.604	31.7551
1398751088.256	n	10.9535	3.57427	23.591	31.7551
1398751088.311	n	10.9534	3.57428	23.573	31.7552
1398751088.374	n	10.9534	3.57428	23.563	31.7552
1398751088.435	n	10.9534	3.57428	23.554	31.7552
1398751088.500	n	10.9534	3.57428	23.543	31.7552
1398751088.560	n	10.9534	3.57427	23.524	31.7552
1398751088.622	n	10.9534	3.57426	23.510	31.7551
1398751088.684	n	10.9534	3.57426	23.497	31.7550
1398751088.750	n	10.9534	3.57425	23.481	31.7550
1398751088.810	n	10.9535	3.57425	23.466	31.7550
1398751088.871	n	10.9535	3.57425	23.453	31.7550
1398751088.936	n	10.9534	3.57425	23.436	31.7550
1398751089.000	n	10.9534	3.57426	23.421	31.7551
1398751089.060	n	10.9533	3.57427	23.406	31.7553
1398751089.122	n	10.9531	3.57427	23.389	31.7555
1398751089.186	n	10.9529	3.57428	23.377	31.7558
1398751089.247	n	10.9527	3.57428	23.361	31.7560
1398751089.310	n	10.9526	3.57428	23.344	31.7561
1398751089.372	n	10.9525	3.57429	23.328	31.7563
1398751089.436	n	10.9524	3.57429	23.311	31.7563
1398751089.497	n	10.9524	3.57428	23.297	31.7563
1398751089.561	n	10.9523	3.57426	23.282	31.7562
1398751089.623	n	10.9524	3.57425	23.261	31.7560
1398751089.687	n	10.9524	3.57425	23.247	31.7559
1398751089.751	n	10.9524	3.57425	23.230	31.7559
1398751089.810	n	10.9523	3.57425	23.216	31.7560
1398751089.873	n	10.9523	3.57425	23.201	31.7561
1398751089.936	n	10.9521	3.57425	23.179	31.7562
1398751090.000	n	10.9520	3.57425	23.166	31.7563
1398751090.059	n	10.9520	3.57425	23.151	31.7564
1398751090.123	n	10.9519	3.57425	23.133	31.7564
1398751090.185	n	10.9519	3.57425	23.116	31.7564
1398751090.246	n	10.9519	3.57425	23.100	31.7565
1398751090.310	n	10.9519	3.57425	23.085	31.7565
1398751090.374	n	10.9519	3.57425	23.072	31.7565
1398751090.437	n	10.9519	3.57425	23.057	31.7565
1398751090.499	n	10.9520	3.57425	23.041	31.7564
1398751090.560	n	10.9520	3.57425	23.024	31.7564
1398751090.622	n	10.9520	3.57426	23.012	31.7565
1398751090.686	n	10.9520	3.57426	22.995	31.7565
1398751090.749	n	10.9520	3.57426	22.980	31.7565
1398751090.810	n	10.9521	3.57425	22.969	31.7563
1398751090.872	n	10.9523	3.57423	22.955	31.7560
1398751090.935	n	10.9524	3.57423	22.941	31.7559
1398751090.997	y	10.9524	3.57422	22.927	31.7558
1398751091.059	n	10.9524	3.57424	22.915	31.7559
1398751091.123	n	10.9525	3.57425	22.902	31.7561
1398751091.185	n	10.9525	3.57427	22.890	31.7562
1398751091.248	n	10.9525	3.57427	22.878	31.7562
1398751091.319	n	10.9525	3.57426	22.866	31.7561
1398751091.372	n	10.9525	3.57424	22.858	31.7560
1398751091.434	n	10.9525	3.57424	22.847	31.7559
1398751091.499	n	10.9525	3.57423	22.836	31.7558
1398751091.560	y	10.9526	3.57424	22.826	31.7559
1398751091.622	n	10.9526	3.57425	22.818	31.7559
1398751091.687	n	10.9526	3.57425	22.807	31.7560
1398751091.746	y	10.9526	3.57424	22.800	31.7559
1398751091.958	n	10.9526	3.57424	22.793	31.7559
1398751091.964	n	10.9526	3.57424	22.788	31.7559
1398751091.970	n	10.9525	3.57424	22.780	31.7559
1398751091.999	n	10.9526	3.57424	22.775	31.7559
1398751092.059	n	10.9526	3.57424	22.766	31.7558
1398751092.123	n	10.9527	3.57424	22.760	31.7558
1398751092.185	n	10.9527	3.57424	22.754	31.7558
1398751092.250	n	10.9527	3.57424	22.752	31.7559
1398751092.309	n	10.9526	3.57425	22.747	31.7559
1398751092.373	n	10.9526	3.57425	22.743	31.7560
1398751092.434	n	10.9527	3.57425	22.738	31.7559
1398751092.500	n	10.9527	3.57425	22.735	31.7559
1398751092.560	n	10.9527	3.57425	22.733	31.7559
1398751092.623	n	10.9527	3.57425	22.733	31.7559
1398751092.685	n	10.9527	3.57425	22.734	31.7559
1398751092.747	n	10.9527	3.57424	22.733	31.7558
1398751092.810	n	10.9527	3.57424	22.728	31.7558
1398751092.873	n	10.9528	3.57423	22.732	31.7557
1398751092.936	n	10.9528	3.57423	22.727	31.7557
1398751092.997	n	10.9527	3.57423	22.729	31.7557
1398751093.182	n	10.9527	3.57424	22.736	31.7558
1398751093.189	n	10.9526	3.57424	22.734	31.7559
1398751093.196	n	10.9527	3.57424	22.738	31.7559
1398751093.248	n	10.9527	3.57423	22.738	31.7557
1398751093.309	n	10.9528	3.57423	22.742	31.7556
1398751093.372	n	10.9528	3.57423	22.744	31.7556
1398751093.436	n	10.9527	3.57423	22.743	31.7557
1398751093.498	n	10.9527	3.57423	22.743	31.7557
1398751093.560	n	10.9527	3.57423	22.751	31.7556
1398751093.623	n	10.9528	3.57423	22.755	31.7556
1398751093.685	n	10.9528	3.57423	22.760	31.7556
1398751093.748	n	10.9528	3.57423	22.764	31.7556
1398751093.809	n	10.9528	3.57423	22.766	31.7556
1398751093.872	n	10.9528	3.57423	22.770	31.7556
1398751093.935	n	10.9528	3.57423	22.772	31.7556
1398751093.997	n	10.9528	3.57423	22.775	31.7556
1398751094.060	n	10.9528	3.57423	22.784	31.7556
1398751094.122	n	10.9528	3.57423	22.790	31.7556
1398751094.186	n	10.9528	3.57423	22.793	31.7556
1398751094.249	n	10.9528	3.57425	22.793	31.7558
1398751094.310	n	10.9528	3.57426	22.798	31.7559
1398751094.372	n	10.9528	3.57426	22.802	31.7558
1398751094.435	n	10.9529	3.57425	22.811	31.7556
1398751094.497	n	10.9530	3.57423	22.815	31.7555
1398751094.561	y	10.9530	3.57422	22.821	31.7553
1398751094.623	n	10.9530	3.57422	22.825	31.7554
1398751094.685	n	10.9530	3.57423	22.832	31.7554
1398751094.747	n	10.9529	3.57422	22.837	31.7554
1398751094.809	n	10.9529	3.57422	22.842	31.7554
1398751094.872	n	10.9529	3.57423	22.848	31.7555
1398751094.934	n	10.9529	3.57423	22.848	31.7556
1398751094.998	n	10.9529	3.57424	22.853	31.7556
1398751095.061	n	10.9529	3.57424	22.859	31.7556
1398751095.122	n	10.9528	3.57424	22.866	31.7556
1398751095.185	n	10.9528	3.57424	22.867	31.7557
1398751095.252	n	10.9529	3.57425	22.869	31.7557
1398751095.309	n	10.9529	3.57425	22.870	31.7556
1398751095.373	n	10.9529	3.57423	22.876	31.7555
1398751095.434	n	10.9529	3.57423	22.881	31.7554
1398751095.498	n	10.9530	3.57422	22.884	31.7553
1398751095.560	n	10.9530	3.57422	22.886	31.7554
1398751095.623	n	10.9530	3.57423	22.889	31.7554
1398751095.684	n	10.9530	3.57424	22.892	31.7554
1398751095.747	n	10.9530	3.57423	22.896	31.7554
1398751095.810	n	10.9530	3.57424	22.895	31.7555
1398751095.872	n	10.9529	3.57424	22.896	31.7555
1398751095.936	n	10.9529	3.57425	22.899	31.7556
1398751096.128	y	10.9530	3.57425	22.901	31.7556
1398751096.134	n	10.9531	3.57425	22.901	31.7555
1398751096.139	n	10.9532	3.57424	22.901	31.7554
1398751096.186	n	10.9532	3.57424	22.898	31.7553
1398751096.247	n	10.9531	3.57424	22.901	31.7554
1398751096.310	n	10.9531	3.57425	22.901	31.7555
1398751096.372	n	10.9530	3.57425	22.901	31.7556
1398751096.436	n	10.9530	3.57425	22.900	31.7555
1398751096.497	n	10.9530	3.57424	22.895	31.7555
1398751096.560	n	10.9531	3.57424	22.893	31.7554
1398751096.623	n	10.9531	3.57424	22.889	31.7554
1398751096.686	n	10.9531	3.57425	22.888	31.7555
1398751096.747	n	10.9530	3.57425	22.882	31.7556
1398751096.809	n	10.9530	3.57425	22.876	31.7556
1398751096.872	n	10.9530	3.57425	22.873	31.7556
1398751096.935	n	10.9530	3.57425	22.868	31.7557
1398751096.998	n	10.9530	3.57425	22.862	31.7556
1398751097.060	n	10.9530	3.57425	22.855	31.7556
1398751097.123	n	10.9531	3.57425	22.847	31.7555
1398751097.185	n	10.9532	3.57425	22.838	31.7555
1398751097.247	n	10.9532	3.57424	22.832	31.7554
1398751097.311	n	10.9532	3.57423	22.823	31.7553
1398751097.371	n	10.9532	3.57423	22.814	31.7553
1398751097.435	n	10.9531	3.57423	22.805	31.7553
1398751097.496	n	10.9531	3.57423	22.797	31.7554
1398751097.560	n	10.9531	3.57423	22.789	31.7554
1398751097.623	n	10.9531	3.57423	22.780	31.7553
1398751097.684	n	10.9532	3.57423	22.766	31.7553
1398751097.747	n	10.9532	3.57423	22.750	31.7552
1398751097.810	n	10.9533	3.57423	22.739	31.7552
1398751097.872	n	10.9533	3.57424	22.727	31.7553
1398751097.934	n	10.9533	3.57424	22.711	31.7553
1398751097.997	n	10.9533	3.57423	22.698	31.7553
1398751098.060	n	10.9533	3.57423	22.687	31.7553
1398751098.124	n	10.9533	3.57423	22.672	31.7553
1398751098.184	n	10.9532	3.57423	22.658	31.7553
1398751098.247	n	10.9533	3.57424	22.641	31.7553
1398751098.335	y	10.9533	3.57424	22.625	31.7553
1398751098.372	n	10.9534	3.57424	22.607	31.7553
1398751098.434	n	10.9534	3.57424	22.589	31.7553
1398751098.497	n	10.9534	3.57424	22.570	31.7553
1398751098.560	n	10.9533	3.57423	22.553	31.7553
1398751098.622	n	10.9533	3.57422	22.535	31.7552
1398751098.684	n	10.9533	3.57421	22.516	31.7551
1398751098.747	n	10.9534	3.57421	22.496	31.7550
1398751098.809	n	10.9535	3.57421	22.476	31.7549
1398751098.871	n	10.9535	3.57421	22.455	31.7549
1398751098.935	n	10.9536	3.57422	22.432	31.7549
1398751098.997	n	10.9536	3.57422	22.410	31.7549
1398751099.060	n	10.9536	3.57422	22.389	31.7549
1398751099.122	n	10.9536	3.57421	22.369	31.7549
1398751099.186	n	10.9536	3.57421	22.341	31.7549
1398751099.247	n	10.9536	3.57421	22.321	31.7549
1398751099.310	n	10.9537	3.57421	22.297	31.7548
1398751099.373	n	10.9537	3.57420	22.272	31.7548
1398751099.435	n	10.9537	3.57419	22.247	31.7547
1398751099.497	n	10.9537	3.57420	22.226	31.7548
1398751099.560	n	10.9537	3.57420	22.197	31.7548
1398751099.622	n	10.9537	3.57420	22.173	31.7548
1398751099.685	n	10.9537	3.57420	22.147	31.7549
1398751099.747	n	10.9537	3.57421	22.118	31.7549
1398751099.810	n	10.9536	3.57421	22.095	31.7550
1398751099.872	n	10.9536	3.57422	22.067	31.7551
1398751099.936	n	10.9537	3.57421	22.038	31.7550
1398751099.998	n	10.9537	3.57419	22.009	31.7548
1398751100.059	n	10.9537	3.57418	21.983	31.7546
1398751100.121	n	10.9537	3.57417	21.955	31.7545
1398751100.184	n	10.9538	3.57416	21.920	31.7545
1398751100.385	y	10.9538	3.57417	21.890	31.7545
1398751100.397	n	10.9538	3.57418	21.862	31.7546
1398751100.402	n	10.9538	3.57419	21.830	31.7547
1398751100.437	n	10.9539	3.57419	21.797	31.7547
1398751100.498	n	10.9539	3.57418	21.771	31.7546
1398751100.560	n	10.9540	3.57418	21.739	31.7545
1398751100.622	n	10.9541	3.57418	21.708	31.7544
1398751100.684	n	10.9541	3.57417	21.677	31.7543
1398751100.747	n	10.9541	3.57417	21.640	31.7543
1398751100.809	n	10.9542	3.57416	21.607	31.7542
1398751100.873	n	10.9542	3.57416	21.576	31.7542
1398751100.935	n	10.9543	3.57417	21.543	31.7543
1398751100.997	n	10.9543	3.57417	21.511	31.7543
1398751101.060	n	10.9544	3.57417	21.479	31.7542
1398751101.123	n	10.9545	3.57416	21.442	31.7541
1398751101.185	n	10.9546	3.57416	21.407	31.7540
1398751101.247	n	10.9547	3.57417	21.375	31.7540
1398751101.309	n	10.9548	3.57417	21.343	31.7539
1398751101.372	n	10.9549	3.57417	21.309	31.7539
1398751101.436	n	10.9550	3.57417	21.274	31.7537
1398751101.496	n	10.9551	3.57416	21.239	31.7536
1398751101.561	n	10.9552	3.57416	21.206	31.7535
1398751101.623	n	10.9553	3.57416	21.171	31.7534
1398751101.684	n	10.9554	3.57416	21.136	31.7533
1398751101.747	n	10.9555	3.57416	21.104	31.7533
1398751101.810	n	10.9555	3.57416	21.067	31.7533
1398751101.873	n	10.9556	3.57416	21.035	31.7532
1398751101.935	n	10.9557	3.57416	21.001	31.7532
1398751101.997	y	10.9557	3.57415	20.966	31.7531
1398751102.060	n	10.9559	3.57415	20.933	31.7529
1398751102.122	n	10.9559	3.57414	20.896	31.7528
1398751102.184	n	10.9560	3.57414	20.865	31.7527
1398751102.248	n	10.9561	3.57413	20.831	31.7526
1398751102.310	n	10.9562	3.57413	20.796	31.7526
1398751102.373	n	10.9563	3.57413	20.760	31.7525
1398751102.434	n	10.9564	3.57413	20.728	31.7523
1398751102.497	n	10.9565	3.57412	20.695	31.7522
1398751102.560	n	10.9566	3.57411	20.663	31.7521
1398751102.622	n	10.9567	3.57412	20.627	31.7520
1398751102.685	n	10.9567	3.57412	20.593	31.7520
1398751102.747	n	10.9568	3.57412	20.564	31.7519
1398751102.809	n	10.9569	3.57412	20.532	31.7519
1398751102.872	n	10.9570	3.57412	20.494	31.7518
1398751102.935	n	10.9571	3.57412	20.464	31.7518
1398751102.997	n	10.9571	3.57411	20.429	31.7517
1398751103.060	n	10.9572	3.57411	20.398	31.7516
1398751103.122	n	10.9573	3.57410	20.369	31.7515
1398751103.185	n	10.9573	3.57411	20.336	31.7515
1398751103.249	n	10.9574	3.57410	20.308	31.7514
1398751103.310	n	10.9575	3.57410	20.276	31.7512
1398751103.373	n	10.9577	3.57410	20.244	31.7511
1398751103.434	n	10.9578	3.57410	20.214	31.7511
1398751103.497	n	10.9579	3.57411	20.186	31.7511
1398751103.559	n	10.9579	3.57412	20.155	31.7511
1398751103.621	n	10.9580	3.57411	20.127	31.7511
1398751103.685	n	10.9581	3.57410	20.096	31.7509
1398751103.746	n	10.9582	3.57408	20.069	31.7506
1398751103.810	n	10.9583	3.57408	20.042	31.7505
1398751103.872	n	10.9584	3.57408	20.014	31.7504
1398751103.935	n	10.9585	3.57409	19.983	31.7504
1398751104.061	y	10.9586	3.57409	19.956	31.7504
1398751104.066	n	10.9587	3.57409	19.930	31.7503
1398751104.123	n	10.9589	3.57409	19.903	31.7502
1398751104.184	n	10.9590	3.57409	19.877	31.7501
1398751104.247	n	10.9591	3.57409	19.852	31.7500
1398751104.310	n	10.9592	3.57408	19.827	31.7499
1398751104.372	n	10.9593	3.57407	19.802	31.7497
1398751104.436	n	10.9595	3.57407	19.776	31.7495
1398751104.632	y	10.9596	3.57407	19.751	31.7493
1398751104.638	n	10.9598	3.57407	19.726	31.7492
1398751104.644	n	10.9600	3.57407	19.705	31.7491
1398751104.686	n	10.9601	3.57408	19.681	31.7491
1398751104.746	n	10.9603	3.57407	19.654	31.7488
1398751104.811	n	10.9605	3.57407	19.631	31.7486
1398751104.873	n	10.9607	3.57405	19.609	31.7483
1398751104.936	n	10.9609	3.57405	19.582	31.7482
1398751104.998	n	10.9611	3.57406	19.559	31.7481
1398751105.059	n	10.9613	3.57408	19.537	31.7481
1398751105.123	n	10.9616	3.57408	19.517	31.7479
1398751105.184	n	10.9619	3.57409	19.496	31.7477
1398751105.247	n	10.9622	3.57408	19.470	31.7474
1398751105.310	n	10.9625	3.57407	19.449	31.7471
1398751105.372	n	10.9628	3.57407	19.429	31.7468
1398751105.436	n	10.9631	3.57407	19.409	31.7465
1398751105.497	n	10.9635	3.57407	19.387	31.7462
1398751105.568	y	10.9639	3.57407	19.369	31.7459
1398751105.622	n	10.9643	3.57407	19.347	31.7455
1398751105.686	n	10.9648	3.57407	19.327	31.7450
1398751105.747	n	10.9654	3.57406	19.305	31.7446
1398751105.809	n	10.9659	3.57406	19.287	31.7440
1398751105.871	n	10.9664	3.57406	19.267	31.7436
1398751105.936	n	10.9670	3.57406	19.249	31.7431
1398751105.997	n	10.9676	3.57406	19.230	31.7426
1398751106.059	n	10.9682	3.57407	19.213	31.7422
1398751106.122	n	10.9689	3.57408	19.192	31.7416
1398751106.185	n	10.9697	3.57409	19.171	31.7411
1398751106.248	n	10.9704	3.57409	19.152	31.7405
1398751106.310	n	10.9711	3.57409	19.133	31.7399
1398751106.373	n	10.9719	3.57408	19.114	31.7391
1398751106.435	n	10.9726	3.57407	19.097	31.7384
1398751106.497	n	10.9735	3.57406	19.081	31.7376
1398751106.559	n	10.9743	3.57407	19.063	31.7369
1398751106.622	n	10.9753	3.57407	19.043	31.7362
1398751106.684	n	10.9762	3.57408	19.023	31.7354
1398751106.748	n	10.9772	3.57408	19.009	31.7347
1398751106.810	n	10.9781	3.57409	18.989	31.7339
1398751106.872	n	10.9790	3.57409	18.968	31.7331
1398751106.935	n	10.9800	3.57409	18.952	31.7323
1398751106.998	n	10.9811	3.57410	18.936	31.7314
1398751107.060	n	10.9822	3.57410	18.918	31.7305
1398751107.122	n	10.9833	3.57409	18.902	31.7295
1398751107.186	n	10.9844	3.57408	18.886	31.7285
1398751107.248	n	10.9855	3.57407	18.866	31.7274
1398751107.309	n	10.9866	3.57406	18.849	31.7263
1398751107.373	n	10.9878	3.57406	18.832	31.7252
1398751107.435	n	10.9891	3.57407	18.812	31.7243
1398751107.497	n	10.9903	3.57409	18.798	31.7235
1398751107.559	n	10.9915	3.57410	18.783	31.7225
1398751107.622	n	10.9926	3.57410	18.763	31.7216
1398751107.684	n	10.9939	3.57409	18.745	31.7204
1398751107.748	n	10.9952	3.57408	18.726	31.7192
1398751107.810	n	10.9965	3.57408	18.711	31.7181
1398751107.873	n	10.9978	3.57408	18.694	31.7170
1398751107.934	n	10.9991	3.57409	18.676	31.7159
1398751107.997	n	11.0003	3.57409	18.660	31.7149
1398751108.060	n	11.0016	3.57410	18.643	31.7138
1398751108.122	n	11.0029	3.57411	18.627	31.7129
1398751108.184	n	11.0041	3.57412	18.608	31.7119
1398751108.249	n	11.0053	3.57412	18.594	31.7108
1398751108.310	n	11.0065	3.57411	18.576	31.7098
1398751108.372	n	11.0078	3.57411	18.558	31.7087
1398751108.434	n	11.0090	3.57411	18.544	31.7076
1398751108.498	n	11.0102	3.57411	18.524	31.7066
1398751108.560	n	11.0113	3.57412	18.507	31.7057
1398751108.622	n	11.0124	3.57413	18.495	31.7048
1398751108.686	n	11.0135	3.57413	18.477	31.7039
1398751108.912	y	11.0145	3.57412	18.460	31.7030
1398751108.923	n	11.0155	3.57410	18.445	31.7019
1398751108.930	n	11.0165	3.57409	18.430	31.7010
1398751108.938	n	11.0176	3.57409	18.411	31.7001
1398751108.996	n	11.0186	3.57409	18.395	31.6992
1398751109.061	n	11.0196	3.57409	18.380	31.6983
1398751109.121	n	11.0206	3.57409	18.363	31.6975
1398751109.185	n	11.0217	3.57409	18.346	31.6965
1398751109.249	n	11.0228	3.57409	18.327	31.6956
1398751109.316	y	11.0238	3.57409	18.309	31.6948
1398751109.372	n	11.0249	3.57410	18.298	31.6939
1398751109.435	n	11.0259	3.57410	18.281	31.6931
1398751109.496	n	11.0269	3.57411	18.263	31.6922
1398751109.560	n	11.0280	3.57411	18.245	31.6913
1398751109.623	n	11.0291	3.57411	18.229	31.6904
1398751109.684	n	11.0302	3.57411	18.211	31.6894
1398751109.747	n	11.0314	3.57411	18.192	31.6884
1398751109.810	n	11.0326	3.57412	18.176	31.6875
1398751109.872	n	11.0337	3.57412	18.156	31.6865
1398751109.934	n	11.0349	3.57412	18.140	31.6855
1398751109.997	n	11.0361	3.57411	18.123	31.6844
1398751110.059	n	11.0373	3.57412	18.101	31.6834
1398751110.122	n	11.0385	3.57412	18.088	31.6824
1398751110.187	n	11.0397	3.57412	18.074	31.6814
1398751110.249	n	11.0410	3.57412	18.054	31.6804
1398751110.310	n	11.0422	3.57412	18.039	31.6793
1398751110.373	n	11.0433	3.57411	18.020	31.6782
1398751110.437	n	11.0445	3.57412	18.002	31.6773
1398751110.497	n	11.0456	3.57413	17.983	31.6764
1398751110.560	n	11.0467	3.57414	17.969	31.6756
1398751110.622	n	11.0478	3.57414	17.949	31.6747
1398751110.686	n	11.0489	3.57414	17.934	31.6737
1398751110.747	n	11.0500	3.57413	17.913	31.6726
1398751110.811	n	11.0511	3.57412	17.897	31.6716
1398751110.871	n	11.0522	3.57411	17.880	31.6706
1398751110.936	n	11.0533	3.57411	17.862	31.6697
1398751110.997	n	11.0544	3.57413	17.845	31.6690
1398751111.059	n	11.0554	3.57414	17.826	31.6682
1398751111.122	n	11.0564	3.57414	17.807	31.6673
1398751111.186	n	11.0573	3.57413	17.791	31.6664
1398751111.249	n	11.0583	3.57412	17.774	31.6656
1398751111.310	n	11.0592	3.57412	17.754	31.6647
1398751111.373	n	11.0602	3.57413	17.738	31.6640
1398751111.436	n	11.0612	3.57413	17.720	31.6632
1398751111.497	n	11.0621	3.57414	17.700	31.6625
1398751111.561	n	11.0629	3.57413	17.679	31.6616
1398751111.623	n	11.0638	3.57412	17.662	31.6608
1398751111.686	n	11.0647	3.57411	17.644	31.6599
1398751111.747	n	11.0655	3.57410	17.624	31.6591
1398751111.809	n	11.0664	3.57409	17.607	31.6583
1398751111.872	n	11.0672	3.57409	17.586	31.6577
1398751111.934	n	11.0679	3.57410	17.567	31.6571
1398751111.998	n	11.0687	3.57411	17.547	31.6566
1398751112.060	n	11.0694	3.57411	17.531	31.6560
1398751112.121	n	11.0701	3.57411	17.510	31.6554
1398751112.185	n	11.0708	3.57411	17.486	31.6548
1398751112.247	n	11.0715	3.57410	17.464	31.6541
1398751112.310	n	11.0722	3.57410	17.448	31.6535
1398751112.372	n	11.0729	3.57410	17.430	31.6529
1398751112.435	n	11.0736	3.57410	17.409	31.6523
1398751112.498	n	11.0743	3.57410	17.385	31.6516
1398751112.559	n	11.0751	3.57409	17.369	31.6510
1398751112.623	n	11.0758	3.57409	17.346	31.6504
1398751112.685	n	11.0765	3.57409	17.325	31.6498
1398751112.747	n	11.0771	3.57409	17.303	31.6492
1398751112.810	n	11.0777	3.57409	17.284	31.6487
1398751112.872	n	11.0783	3.57409	17.265	31.6482
1398751112.949	y	11.0789	3.57409	17.242	31.6477
1398751113.106	y	11.0796	3.57409	17.220	31.6471
1398751113.113	n	11.0802	3.57409	17.198	31.6466
1398751113.124	n	11.0808	3.57409	17.179	31.6461
1398751113.185	n	11.0813	3.57409	17.161	31.6456
1398751113.248	n	11.0819	3.57409	17.137	31.6452
1398751113.310	n	11.0824	3.57409	17.115	31.6447
1398751113.372	n	11.0830	3.57408	17.099	31.6442
1398751113.435	n	11.0836	3.57407	17.072	31.6436
1398751113.498	n	11.0841	3.57406	17.049	31.6431
1398751113.560	n	11.0845	3.57406	17.029	31.6426
1398751113.623	n	11.0850	3.57405	17.010	31.6422
1398751113.684	n	11.0855	3.57406	16.986	31.6418
1398751113.748	n	11.0859	3.57406	16.964	31.6415
1398751113.810	n	11.0863	3.57406	16.942	31.6411
1398751113.873	n	11.0867	3.57407	16.921	31.6409
1398751113.935	n	11.0872	3.57407	16.902	31.6405
1398751113.997	n	11.0876	3.57406	16.881	31.6401
1398751114.060	n	11.0881	3.57405	16.859	31.6396
1398751114.123	n	11.0885	3.57405	16.834	31.6392
1398751114.184	n	11.0889	3.57404	16.813	31.6388
1398751114.248	n	11.0893	3.57404	16.788	31.6384
1398751114.309	n	11.0897	3.57403	16.767	31.6381
1398751114.372	n	11.0901	3.57403	16.746	31.6377
1398751114.435	n	11.0905	3.57403	16.723	31.6373
1398751114.497	n	11.0909	3.57403	16.699	31.6370
1398751114.559	n	11.0913	3.57404	16.680	31.6368
1398751114.622	n	11.0916	3.57404	16.657	31.6365
1398751114.686	n	11.0920	3.57404	16.631	31.6362
1398751114.746	n	11.0923	3.57403	16.608	31.6358
1398751114.810	n	11.0927	3.57402	16.586	31.6355
1398751114.874	n	11.0930	3.57402	16.563	31.6351
1398751114.935	n	11.0934	3.57402	16.543	31.6349
1398751114.998	n	11.0937	3.57403	16.523	31.6346
1398751115.059	n	11.0941	3.57403	16.498	31.6343
1398751115.124	n	11.0945	3.57402	16.475	31.6340
1398751115.186	n	11.0949	3.57402	16.450	31.6336
1398751115.248	n	11.0953	3.57401	16.430	31.6332
1398751115.310	n	11.0956	3.57401	16.405	31.6329
1398751115.375	n	11.0960	3.57401	16.379	31.6326
1398751115.435	n	11.0963	3.57401	16.360	31.6323
1398751115.498	n	11.0967	3.57401	16.339	31.6320
1398751115.560	n	11.0971	3.57401	16.313	31.6316
1398751115.623	n	11.0975	3.57400	16.291	31.6312
1398751115.687	n	11.0979	3.57399	16.271	31.6307
1398751115.747	n	11.0983	3.57398	16.244	31.6304
1398751115.811	n	11.0987	3.57398	16.221	31.6300
1398751115.872	n	11.0992	3.57398	16.199	31.6296
1398751115.935	n	11.0996	3.57398	16.175	31.6292
1398751115.998	n	11.1001	3.57397	16.151	31.6288
1398751116.060	n	11.1006	3.57397	16.127	31.6283
1398751116.124	n	11.1011	3.57398	16.103	31.6280
1398751116.184	n	11.1016	3.57399	16.082	31.6276
1398751116.250	n	11.1022	3.57399	16.057	31.6272
1398751116.310	n	11.1027	3.57399	16.037	31.6268
1398751116.372	n	11.1033	3.57399	16.011	31.6263
1398751116.434	n	11.1039	3.57399	15.990	31.6257
1398751116.496	y	11.1045	3.57398	15.964	31.6251
1398751116.568	n	11.1051	3.57398	15.936	31.6245
1398751116.624	n	11.1057	3.57397	15.912	31.6240
1398751116.685	n	11.1063	3.57397	15.890	31.6235
1398751116.747	n	11.1068	3.57397	15.866	31.6231
1398751116.810	n	11.1074	3.57396	15.845	31.6225
1398751116.873	n	11.1079	3.57395	15.824	31.6220
1398751116.934	n	11.1085	3.57394	15.798	31.6214
1398751116.998	n	11.1090	3.57394	15.772	31.6210
1398751117.059	n	11.1095	3.57395	15.748	31.6206
1398751117.122	n	11.1100	3.57395	15.724	31.6203
1398751117.186	n	11.1104	3.57396	15.700	31.6199
1398751117.396	y	11.1109	3.57395	15.677	31.6195
1398751117.402	n	11.1112	3.57394	15.650	31.6191
1398751117.411	n	11.1116	3.57394	15.628	31.6188
1398751117.434	n	11.1119	3.57394	15.603	31.6185
1398751117.497	n	11.1122	3.57394	15.579	31.6183
1398751117.561	n	11.1125	3.57393	15.558	31.6180
1398751117.622	n	11.1128	3.57394	15.531	31.6178
1398751117.685	n	11.1131	3.57395	15.506	31.6176
1398751117.747	n	11.1134	3.57396	15.481	31.6174
1398751117.811	n	11.1137	3.57396	15.459	31.6172
1398751117.872	n	11.1140	3.57395	15.430	31.6169
1398751117.935	n	11.1142	3.57394	15.410	31.6166
1398751117.998	n	11.1143	3.57393	15.388	31.6164
1398751118.060	n	11.1144	3.57392	15.360	31.6163
1398751118.123	n	11.1145	3.57392	15.336	31.6162
1398751118.185	n	11.1146	3.57391	15.312	31.6160
1398751118.246	n	11.1147	3.57391	15.289	31.6159
1398751118.309	n	11.1148	3.57391	15.262	31.6159
1398751118.373	n	11.1148	3.57392	15.239	31.6160
1398751118.436	n	11.1148	3.57392	15.216	31.6160
1398751118.498	n	11.1148	3.57392	15.193	31.6160
1398751118.561	n	11.1147	3.57391	15.167	31.6160
1398751118.622	n	11.1147	3.57390	15.141	31.6159
1398751118.684	n	11.1147	3.57389	15.120	31.6159
1398751118.747	n	11.1147	3.57389	15.093	31.6159
1398751118.809	n	11.1146	3.57389	15.068	31.6159
1398751118.873	n	11.1145	3.57388	15.042	31.6160
1398751118.935	y	11.1144	3.57388	15.020	31.6160
1398751119.050	n	11.1142	3.57387	14.999	31.6161
1398751119.061	n	11.1141	3.57387	14.973	31.6162
1398751119.122	n	11.1139	3.57388	14.947	31.6164
1398751119.186	n	11.1139	3.57388	14.924	31.6165
1398751119.249	n	11.1137	3.57387	14.899	31.6165
1398751119.310	n	11.1136	3.57387	14.877	31.6167
1398751119.373	n	11.1134	3.57386	14.854	31.6168
1398751119.436	n	11.1131	3.57386	14.826	31.6170
1398751119.498	n	11.1129	3.57386	14.805	31.6172
1398751119.560	n	11.1127	3.57385	14.778	31.6173
1398751119.623	n	11.1125	3.57385	14.754	31.6174
1398751119.685	n	11.1124	3.57385	14.734	31.6175
1398751119.746	n	11.1124	3.57385	14.708	31.6176
1398751119.809	n	11.1123	3.57384	14.686	31.6176
1398751119.872	n	11.1122	3.57383	14.665	31.6176
1398751119.936	n	11.1121	3.57383	14.641	31.6177
1398751119.997	n	11.1121	3.57384	14.616	31.6178
1398751120.059	n	11.1120	3.57384	14.592	31.6179
1398751120.123	n	11.1120	3.57385	14.573	31.6180
1398751120.185	n	11.1120	3.57385	14.548	31.6180
1398751120.248	n	11.1120	3.57385	14.525	31.6180
1398751120.310	y	11.1120	3.57385	14.501	31.6180
1398751120.372	n	11.1122	3.57384	14.476	31.6178
1398751120.434	n	11.1123	3.57382	14.456	31.6175
1398751120.497	n	11.1124	3.57381	14.434	31.6173
1398751120.561	n	11.1124	3.57380	14.408	31.6172
1398751120.623	n	11.1125	3.57380	14.387	31.6172
1398751120.685	n	11.1125	3.57381	14.368	31.6172
1398751120.747	n	11.1125	3.57381	14.344	31.6173
1398751120.810	n	11.1126	3.57381	14.324	31.6172
1398751120.874	n	11.1126	3.57382	14.302	31.6172
1398751120.934	n	11.1126	3.57382	14.280	31.6173
1398751120.998	n	11.1126	3.57383	14.256	31.6174
1398751121.061	n	11.1125	3.57383	14.233	31.6175
1398751121.122	n	11.1124	3.57383	14.213	31.6176
1398751121.186	n	11.1123	3.57382	14.194	31.6176
1398751121.250	n	11.1122	3.57381	14.177	31.6176
1398751121.310	n	11.1120	3.57380	14.153	31.6177
1398751121.371	n	11.1118	3.57380	14.134	31.6179
1398751121.439	n	11.1115	3.57380	14.113	31.6181
1398751121.635	y	11.1113	3.57380	14.089	31.6183
1398751121.641	n	11.1109	3.57380	14.067	31.6186
1398751121.646	n	11.1106	3.57380	14.050	31.6189
1398751121.686	n	11.1102	3.57380	14.031	31.6193
1398751121.748	n	11.1096	3.57380	14.008	31.6198
1398751121.810	n	11.1089	3.57380	13.987	31.6204
1398751121.872	n	11.1078	3.57381	13.966	31.6214
1398751121.936	n	11.1063	3.57380	13.945	31.6227
1398751121.997	n	11.1045	3.57380	13.927	31.6242
1398751122.060	n	11.1026	3.57380	13.907	31.6259
1398751122.122	n	11.1005	3.57380	13.888	31.6276
1398751122.185	n	11.0984	3.57378	13.868	31.6293
1398751122.249	n	11.0964	3.57377	13.847	31.6309
1398751122.309	n	11.0945	3.57377	13.830	31.6325
1398751122.373	n	11.0928	3.57376	13.808	31.6339
1398751122.438	n	11.0914	3.57376	13.787	31.6351
1398751122.498	n	11.0903	3.57376	13.765	31.6361
1398751122.560	n	11.0892	3.57375	13.746	31.6369
1398751122.623	n	11.0884	3.57374	13.725	31.6376
1398751122.685	n	11.0876	3.57373	13.708	31.6382
1398751122.747	n	11.0870	3.57373	13.687	31.6387
1398751122.809	n	11.0864	3.57373	13.667	31.6392
1398751122.872	n	11.0858	3.57373	13.650	31.6397
1398751122.935	n	11.0852	3.57374	13.631	31.6403
1398751122.997	n	11.0846	3.57374	13.609	31.6409
1398751123.060	n	11.0839	3.57374	13.593	31.6415
1398751123.124	n	11.0832	3.57373	13.572	31.6420
1398751123.186	n	11.0825	3.57374	13.549	31.6426
1398751123.248	n	11.0819	3.57374	13.533	31.6432
1398751123.309	n	11.0812	3.57374	13.515	31.6439
1398751123.374	n	11.0804	3.57375	13.496	31.6447
1398751123.438	n	11.0792	3.57375	13.475	31.6456
1398751123.498	n	11.0779	3.57375	13.453	31.6468
1398751123.560	n	11.0765	3.57374	13.436	31.6480
1398751123.625	n	11.0752	3.57374	13.416	31.6490
1398751123.685	n	11.0743	3.57374	13.398	31.6498
1398751123.747	n	11.0736	3.57374	13.379	31.6504
1398751123.809	n	11.0729	3.57375	13.360	31.6511
1398751123.873	n	11.0719	3.57376	13.338	31.6521
1398751124.002	y	11.0704	3.57376	13.320	31.6534
1398751124.007	n	11.0684	3.57375	13.301	31.6550
1398751124.061	n	11.0663	3.57374	13.283	31.6567
1398751124.121	n	11.0644	3.57373	13.262	31.6583
1398751124.185	n	11.0627	3.57372	13.245	31.6596
1398751124.249	n	11.0613	3.57370	13.223	31.6608
1398751124.311	n	11.0598	3.57370	13.203	31.6620
1398751124.373	n	11.0581	3.57370	13.185	31.6634
1398751124.435	n	11.0562	3.57370	13.167	31.6651
1398751124.497	n	11.0543	3.57370	13.148	31.6668
1398751124.559	n	11.0526	3.57370	13.130	31.6682
1398751124.623	n	11.0513	3.57370	13.112	31.6693
1398751124.684	n	11.0503	3.57369	13.094	31.6701
1398751124.747	n	11.0495	3.57368	13.075	31.6707
1398751124.810	n	11.0488	3.57367	13.057	31.6713
1398751124.873	n	11.0482	3.57366	13.038	31.6717
1398751124.936	n	11.0477	3.57366	13.020	31.6721
1398751124.997	n	11.0473	3.57367	13.004	31.6725
1398751125.059	n	11.0470	3.57368	12.984	31.6729
1398751125.124	n	11.0467	3.57368	12.962	31.6731
1398751125.184	n	11.0464	3.57367	12.943	31.6733
1398751125.249	n	11.0461	3.57366	12.926	31.6735
1398751125.310	n	11.0456	3.57366	12.907	31.6739
1398751125.372	n	11.0450	3.57366	12.886	31.6745
1398751125.437	n	11.0441	3.57366	12.870	31.6753
1398751125.498	n	11.0431	3.57366	12.852	31.6761
1398751125.561	n	11.0420	3.57365	12.833	31.6770
1398751125.623	n	11.0408	3.57365	12.813	31.6780
1398751125.684	n	11.0396	3.57365	12.795	31.6791
1398751125.851	y	11.0383	3.57365	12.776	31.6802
1398751125.856	n	11.0371	3.57364	12.757	31.6812
1398751125.872	n	11.0358	3.57363	12.739	31.6821
1398751125.935	n	11.0345	3.57362	12.723	31.6832
1398751125.996	n	11.0330	3.57362	12.704	31.6844
1398751126.061	n	11.0314	3.57362	12.684	31.6860
1398751126.123	n	11.0295	3.57363	12.665	31.6876
1398751126.184	n	11.0278	3.57363	12.648	31.6891
1398751126.250	n	11.0267	3.57362	12.628	31.6900
1398751126.310	n	11.0266	3.57362	12.607	31.6900
1398751126.374	n	11.0278	3.57362	12.591	31.6890
1398751126.438	n	11.0298	3.57363	12.572	31.6874
1398751126.497	n	11.0322	3.57365	12.550	31.6856
1398751126.560	n	11.0344	3.57366	12.534	31.6838
1398751126.624	n	11.0365	3.57368	12.512	31.6822
1398751126.685	n	11.0383	3.57368	12.493	31.6807
1398751126.747	n	11.0398	3.57368	12.477	31.6793
1398751126.809	n	11.0412	3.57369	12.459	31.6781
1398751126.873	n	11.0425	3.57369	12.441	31.6772
1398751126.934	n	11.0436	3.57371	12.422	31.6763
1398751126.997	n	11.0446	3.57372	12.401	31.6756
1398751127.060	n	11.0457	3.57374	12.383	31.6749
1398751127.122	n	11.0468	3.57374	12.364	31.6740
1398751127.186	n	11.0478	3.57374	12.346	31.6731
1398751127.247	n	11.0489	3.57374	12.326	31.6720
1398751127.309	n	11.0500	3.57374	12.311	31.6712
1398751127.375	n	11.0509	3.57374	12.292	31.6704
1398751127.441	n	11.0517	3.57374	12.271	31.6697
1398751127.534	y	11.0522	3.57374	12.255	31.6692
1398751127.560	n	11.0524	3.57374	12.234	31.6691
1398751127.622	n	11.0522	3.57374	12.215	31.6694
1398751127.686	n	11.0514	3.57375	12.197	31.6701
1398751127.747	n	11.0502	3.57376	12.179	31.6712
1398751127.809	n	11.0487	3.57375	12.160	31.6725
1398751127.874	n	11.0470	3.57374	12.143	31.6738
1398751127.934	n	11.0455	3.57373	12.126	31.6751
1398751127.999	n	11.0440	3.57373	12.106	31.6763
1398751128.061	n	11.0429	3.57373	12.083	31.6773
1398751128.123	n	11.0418	3.57373	12.067	31.6782
1398751128.184	n	11.0409	3.57372	12.046	31.6790
1398751128.249	n	11.0401	3.57372	12.027	31.6797
1398751128.310	n	11.0395	3.57372	12.008	31.6802
1398751128.374	n	11.0394	3.57373	11.989	31.6804
1398751128.437	n	11.0398	3.57374	11.972	31.6802
1398751128.498	n	11.0408	3.57374	11.952	31.6793
1398751128.560	n	11.0422	3.57373	11.934	31.6780
1398751128.623	n	11.0438	3.57373	11.912	31.6766
1398751128.685	n	11.0453	3.57374	11.893	31.6754
1398751128.748	n	11.0464	3.57375	11.870	31.6746
1398751128.810	n	11.0470	3.57377	11.854	31.6742
1398751128.872	n	11.0472	3.57378	11.832	31.6742
1398751128.936	n	11.0470	3.57377	11.811	31.6743
1398751128.997	n	11.0466	3.57377	11.795	31.6746
1398751129.059	n	11.0460	3.57376	11.772	31.6751
1398751129.122	n	11.0452	3.57376	11.751	31.6758
1398751129.186	n	11.0444	3.57377	11.731	31.6765
1398751129.247	n	11.0436	3.57377	11.712	31.6773
1398751129.310	n	11.0427	3.57376	11.691	31.6780
1398751129.372	n	11.0419	3.57375	11.672	31.6785
1398751129.438	n	11.0411	3.57374	11.650	31.6791
1398751129.497	n	11.0404	3.57373	11.627	31.6796
1398751129.559	n	11.0397	3.57373	11.604	31.6802
1398751129.624	n	11.0391	3.57372	11.586	31.6807
1398751129.687	n	11.0385	3.57372	11.567	31.6812
1398751129.749	n	11.0380	3.57372	11.543	31.6817
1398751129.809	n	11.0376	3.57373	11.521	31.6821
1398751129.873	n	11.0371	3.57374	11.499	31.6826
1398751129.934	n	11.0367	3.57375	11.482	31.6831
1398751130.100	y	11.0362	3.57376	11.457	31.6836
1398751130.105	n	11.0358	3.57376	11.432	31.6840
1398751130.123	n	11.0353	3.57375	11.408	31.6843
1398751130.185	n	11.0348	3.57374	11.387	31.6847
1398751130.249	n	11.0344	3.57375	11.365	31.6851
1398751130.309	n	11.0338	3.57375	11.342	31.6857
1398751130.372	n	11.0333	3.57376	11.320	31.6862
1398751130.440	n	11.0327	3.57378	11.295	31.6869
1398751130.498	n	11.0322	3.57377	11.270	31.6872
1398751130.560	n	11.0318	3.57377	11.248	31.6876
1398751130.622	n	11.0316	3.57377	11.228	31.6878
1398751130.686	n	11.0317	3.57377	11.202	31.6877
1398751130.747	n	11.0321	3.57376	11.175	31.6874
1398751130.809	n	11.0329	3.57376	11.145	31.6867
1398751130.874	n	11.0341	3.57376	11.122	31.6856
1398751130.937	n	11.0356	3.57377	11.100	31.6843
1398751130.997	n	11.0375	3.57378	11.075	31.6828
1398751131.060	n	11.0395	3.57379	11.048	31.6812
1398751131.122	n	11.0416	3.57379	11.021	31.6795
1398751131.186	n	11.0437	3.57381	10.996	31.6778
1398751131.247	n	11.0458	3.57382	10.970	31.6762
1398751131.330	y	11.0477	3.57383	10.947	31.6746
1398751131.373	n	11.0495	3.57383	10.916	31.6731
1398751131.441	n	11.0511	3.57383	10.889	31.6717
1398751131.497	n	11.0527	3.57382	10.862	31.6702
1398751131.560	n	11.0541	3.57382	10.836	31.6690
1398751131.624	n	11.0554	3.57382	10.807	31.6679
1398751131.685	n	11.0566	3.57383	10.780	31.6670
1398751131.748	n	11.0576	3.57383	10.748	31.6662
1398751131.810	n	11.0585	3.57384	10.723	31.6656
1398751131.873	n	11.0593	3.57385	10.695	31.6649
1398751131.936	n	11.0601	3.57386	10.668	31.6644
1398751131.996	n	11.0607	3.57386	10.642	31.6638
1398751132.060	n	11.0613	3.57387	10.612	31.6634
1398751132.123	n	11.0618	3.57387	10.582	31.6630
1398751132.186	n	11.0622	3.57387	10.553	31.6627
1398751132.249	n	11.0627	3.57388	10.524	31.6624
1398751132.309	n	11.0630	3.57387	10.495	31.6620
1398751132.373	n	11.0635	3.57387	10.464	31.6616
1398751132.441	n	11.0639	3.57386	10.440	31.6612
1398751132.497	n	11.0644	3.57386	10.410	31.6608
1398751132.560	n	11.0649	3.57387	10.379	31.6605
1398751132.621	n	11.0654	3.57387	10.349	31.6601
1398751132.686	n	11.0659	3.57387	10.319	31.6596
1398751132.747	n	11.0665	3.57388	10.287	31.6592
1398751132.809	n	11.0672	3.57388	10.260	31.6587
1398751132.873	n	11.0679	3.57389	10.233	31.6581
1398751132.936	n	11.0687	3.57390	10.203	31.6575
1398751132.997	n	11.0696	3.57390	10.177	31.6568
1398751133.060	n	11.0705	3.57391	10.148	31.6561
1398751133.122	n	11.0714	3.57391	10.120	31.6554
1398751133.186	n	11.0722	3.57391	10.092	31.6546
1398751133.249	n	11.0731	3.57390	10.064	31.6538
1398751133.310	n	11.0739	3.57390	10.035	31.6531
1398751133.373	n	11.0746	3.57390	10.006	31.6525
1398751133.435	n	11.0753	3.57391	9.980	31.6521
1398751133.497	n	11.0759	3.57392	9.951	31.6516
1398751133.559	n	11.0764	3.57392	9.926	31.6512
1398751133.623	n	11.0769	3.57392	9.898	31.6508
1398751133.686	n	11.0774	3.57392	9.869	31.6504
1398751133.748	n	11.0778	3.57392	9.845	31.6501
1398751133.810	n	11.0782	3.57392	9.819	31.6497
1398751133.872	n	11.0785	3.57392	9.791	31.6494
1398751133.935	n	11.0789	3.57393	9.768	31.6491
1398751133.998	n	11.0793	3.57393	9.740	31.6489
1398751134.059	n	11.0797	3.57395	9.717	31.6488
1398751134.124	n	11.0799	3.57395	9.689	31.6486
1398751134.185	n	11.0802	3.57395	9.666	31.6483
1398751134.386	y	11.0804	3.57394	9.639	31.6481
1398751134.394	n	11.0806	3.57393	9.618	31.6478
1398751134.402	n	11.0808	3.57393	9.596	31.6476
1398751134.497	y	11.0810	3.57394	9.572	31.6476
1398751134.503	n	11.0813	3.57396	9.546	31.6475
1398751134.559	n	11.0816	3.57397	9.531	31.6473
1398751134.621	n	11.0819	3.57397	9.508	31.6471
1398751134.685	n	11.0822	3.57397	9.485	31.6468
1398751134.748	n	11.0825	3.57396	9.463	31.6465
1398751134.810	n	11.0828	3.57395	9.442	31.6462
1398751134.879	y	11.0832	3.57395	9.422	31.6459
1398751134.935	n	11.0835	3.57395	9.403	31.6456
1398751134.998	n	11.0839	3.57395	9.381	31.6453
1398751135.060	n	11.0842	3.57396	9.360	31.6451
1398751135.124	n	11.0845	3.57397	9.341	31.6449
1398751135.185	n	11.0848	3.57396	9.322	31.6446
1398751135.247	n	11.0852	3.57396	9.303	31.6443
1398751135.309	n	11.0855	3.57396	9.287	31.6440
1398751135.371	n	11.0859	3.57396	9.273	31.6437
1398751135.436	n	11.0863	3.57398	9.253	31.6435
1398751135.498	n	11.0867	3.57399	9.236	31.6433
1398751135.560	n	11.0872	3.57400	9.221	31.6429
1398751135.622	n	11.0877	3.57400	9.203	31.6425
1398751135.686	n	11.0882	3.57400	9.191	31.6421
1398751135.747	n	11.0887	3.57400	9.172	31.6417
1398751135.810	n	11.0893	3.57400	9.155	31.6412
1398751135.874	n	11.0898	3.57400	9.141	31.6408
1398751135.935	n	11.0904	3.57400	9.125	31.6403
1398751135.998	n	11.0909	3.57400	9.110	31.6398
1398751136.060	n	11.0915	3.57400	9.097	31.6394
1398751136.123	n	11.0921	3.57401	9.086	31.6389
1398751136.184	n	11.0927	3.57402	9.074	31.6384
1398751136.249	n	11.0934	3.57403	9.059	31.6380
1398751136.309	n	11.0941	3.57403	9.046	31.6374
1398751136.372	n	11.0948	3.57403	9.038	31.6368
1398751136.436	n	11.0956	3.57403	9.026	31.6361
1398751136.499	n	11.0964	3.57403	9.017	31.6355
1398751136.560	n	11.0972	3.57403	9.002	31.6347
1398751136.622	n	11.0980	3.57403	8.993	31.6340
1398751136.685	n	11.0988	3.57403	8.981	31.6334
1398751136.747	n	11.0996	3.57404	8.971	31.6328
1398751136.809	n	11.1004	3.57405	8.963	31.6322
1398751136.874	n	11.1012	3.57406	8.954	31.6317
1398751136.936	n	11.1020	3.57407	8.942	31.6311
1398751136.998	n	11.1028	3.57407	8.933	31.6304
1398751137.061	n	11.1036	3.57407	8.926	31.6297
1398751137.124	n	11.1045	3.57407	8.918	31.6290
1398751137.185	n	11.1054	3.57408	8.907	31.6282
1398751137.247	n	11.1064	3.57408	8.898	31.6274
1398751137.310	n	11.1074	3.57408	8.891	31.6266
1398751137.373	n	11.1084	3.57408	8.882	31.6257
1398751137.436	n	11.1094	3.57409	8.875	31.6249
1398751137.500	n	11.1104	3.57409	8.863	31.6241
1398751137.561	n	11.1115	3.57411	8.855	31.6233
1398751137.624	n	11.1126	3.57412	8.850	31.6225
1398751137.686	n	11.1137	3.57413	8.844	31.6216
1398751137.748	n	11.1149	3.57414	8.832	31.6207
1398751137.810	n	11.1161	3.57414	8.827	31.6197
1398751137.872	n	11.1172	3.57414	8.823	31.6187
1398751137.936	n	11.1181	3.57414	8.814	31.6179
1398751137.997	n	11.1189	3.57414	8.809	31.6173
1398751138.059	n	11.1195	3.57414	8.801	31.6167
1398751138.124	n	11.1201	3.57414	8.793	31.6162
1398751138.186	n	11.1206	3.57414	8.786	31.6159
1398751138.249	n	11.1209	3.57414	8.780	31.6155
1398751138.310	n	11.1212	3.57413	8.772	31.6153
1398751138.373	n	11.1214	3.57414	8.767	31.6151
1398751138.498	y	11.1216	3.57413	8.758	31.6149
1398751138.508	n	11.1217	3.57414	8.755	31.6149
1398751138.695	y	11.1220	3.57416	8.747	31.6148
1398751138.703	n	11.1222	3.57417	8.738	31.6147
1398751138.710	n	11.1224	3.57417	8.733	31.6146
1398751138.747	n	11.1227	3.57417	8.728	31.6144
1398751138.809	n	11.1229	3.57417	8.721	31.6142
1398751138.873	n	11.1231	3.57417	8.718	31.6139
1398751138.934	n	11.1234	3.57416	8.708	31.6137
1398751138.997	n	11.1236	3.57417	8.703	31.6135
1398751139.060	n	11.1238	3.57418	8.693	31.6135
1398751139.123	n	11.1239	3.57420	8.686	31.6136
1398751139.184	n	11.1241	3.57421	8.676	31.6135
1398751139.248	n	11.1243	3.57420	8.671	31.6132
1398751139.309	n	11.1246	3.57419	8.663	31.6129
1398751139.372	n	11.1249	3.57419	8.652	31.6127
1398751139.435	n	11.1253	3.57420	8.647	31.6125
1398751139.497	n	11.1256	3.57421	8.637	31.6123
1398751139.560	n	11.1261	3.57422	8.624	31.6120
1398751139.623	n	11.1265	3.57421	8.616	31.6115
1398751139.685	n	11.1270	3.57421	8.610	31.6111
1398751139.747	n	11.1274	3.57422	8.601	31.6108
1398751139.810	n	11.1279	3.57423	8.591	31.6105
1398751139.873	n	11.1285	3.57424	8.581	31.6101
1398751139.934	n	11.1291	3.57424	8.566	31.6096
1398751139.998	n	11.1296	3.57424	8.554	31.6092
1398751140.060	n	11.1301	3.57424	8.546	31.6087
1398751140.123	n	11.1306	3.57424	8.535	31.6083
1398751140.185	n	11.1311	3.57424	8.523	31.6079
1398751140.248	n	11.1317	3.57424	8.511	31.6074
1398751140.311	n	11.1323	3.57424	8.496	31.6069
1398751140.372	n	11.1330	3.57425	8.484	31.6064
1398751140.436	n	11.1336	3.57426	8.472	31.6059
1398751140.498	n	11.1343	3.57427	8.460	31.6055
1398751140.561	n	11.1349	3.57427	8.446	31.6049
1398751140.622	n	11.1357	3.57427	8.434	31.6043
1398751140.686	n	11.1364	3.57427	8.420	31.6037
1398751140.749	y	11.1370	3.57428	8.405	31.6032
1398751140.809	n	11.1377	3.57428	8.391	31.6026
1398751140.874	n	11.1384	3.57428	8.376	31.6021
1398751140.936	n	11.1390	3.57428	8.358	31.6016
1398751140.998	n	11.1397	3.57429	8.344	31.6010
1398751141.061	n	11.1404	3.57429	8.327	31.6005
1398751141.124	n	11.1412	3.57430	8.312	31.5999
1398751141.184	n	11.1421	3.57431	8.295	31.5993
1398751141.247	n	11.1431	3.57432	8.276	31.5985
1398751141.311	n	11.1441	3.57433	8.263	31.5977
1398751141.373	n	11.1453	3.57434	8.245	31.5968
1398751141.434	n	11.1464	3.57435	8.227	31.5959
1398751141.498	n	11.1475	3.57435	8.206	31.5951
1398751141.560	n	11.1485	3.57435	8.190	31.5942
1398751141.623	n	11.1495	3.57435	8.173	31.5934
1398751141.687	n	11.1503	3.57435	8.155	31.5927
1398751141.747	n	11.1510	3.57435	8.135	31.5920
1398751141.810	n	11.1517	3.57435	8.115	31.5915
1398751141.873	n	11.1521	3.57434	8.098	31.5910
1398751141.936	n	11.1527	3.57438	8.081	31.5908
1398751141.997	n	11.1552	3.57438	8.064	31.5888
1398751142.059	n	11.1617	3.57314	8.042	31.5710
1398751142.122	n	11.1724	3.57009	8.024	31.5320
1398751142.186	n	11.1852	3.56584	8.003	31.4793
1398751142.247	n	11.1971	3.56148	7.982	31.4264
1398751142.381	y	11.2054	3.55824	7.963	31.3876
1398751142.388	n	11.2098	3.55693	7.942	31.3709
1398751142.436	n	11.2121	3.55670	7.921	31.3668
1398751142.497	n	11.2132	3.55672	7.901	31.3661
1398751142.561	n	11.2139	3.55677	7.883	31.3660
1398751142.623	n	11.2144	3.55682	7.861	31.3660
1398751142.685	n	11.2150	3.55685	7.836	31.3659
1398751142.839	y	11.2155	3.55688	7.818	31.3657
1398751142.845	n	11.2159	3.55692	7.797	31.3658
1398751142.875	n	11.2157	3.55695	7.776	31.3662
1398751142.936	n	11.2151	3.55698	7.755	31.3671
1398751142.997	n	11.2142	3.55704	7.733	31.3684
1398751143.059	n	11.2135	3.55713	7.714	31.3699
1398751143.122	n	11.2132	3.55722	7.693	31.3710
1398751143.186	n	11.2135	3.55729	7.670	31.3714
1398751143.247	n	11.2142	3.55733	7.646	31.3713
1398751143.310	n	11.2151	3.55735	7.626	31.3707
1398751143.373	n	11.2161	3.55735	7.603	31.3699
1398751143.436	n	11.2168	3.55737	7.580	31.3695
1398751143.497	n	11.2173	3.55738	7.563	31.3691
1398751143.561	n	11.2174	3.55738	7.541	31.3692
1398751143.623	n	11.2170	3.55739	7.522	31.3695
1398751143.684	n	11.2166	3.55741	7.499	31.3701
1398751143.747	n	11.2163	3.55744	7.476	31.3706
1398751143.810	n	11.2160	3.55747	7.454	31.3713
1398751143.872	n	11.2156	3.55752	7.437	31.3721
1398751143.936	n	11.2151	3.55757	7.415	31.3730
1398751143.998	n	11.2148	3.55760	7.392	31.3736
1398751144.060	n	11.2150	3.55759	7.369	31.3732
1398751144.123	n	11.2161	3.55754	7.350	31.3718
1398751144.185	n	11.2178	3.55748	7.328	31.3698
1398751144.247	n	11.2196	3.55744	7.306	31.3679
1398751144.311	n	11.2213	3.55744	7.284	31.3665
1398751144.374	n	11.2226	3.55748	7.264	31.3658
1398751144.435	n	11.2238	3.55754	7.248	31.3654
1398751144.497	n	11.2247	3.55761	7.223	31.3653
1398751144.559	n	11.2250	3.55765	7.203	31.3654
1398751144.622	n	11.2246	3.55764	7.183	31.3656
1398751144.686	n	11.2236	3.55758	7.161	31.3659
1398751144.748	n	11.2223	3.55749	7.137	31.3662
1398751144.810	n	11.2213	3.55742	7.115	31.3664
1398751144.874	n	11.2214	3.55743	7.096	31.3664
1398751144.935	n	11.2233	3.55756	7.073	31.3661
1398751144.998	n	11.2272	3.55781	7.051	31.3651
1398751145.060	n	11.2324	3.55811	7.031	31.3637
1398751145.126	n	11.2375	3.55840	7.007	31.3621
1398751145.184	n	11.2416	3.55859	6.988	31.3606
1398751145.247	n	11.2443	3.55870	6.966	31.3594
1398751145.311	n	11.2459	3.55876	6.942	31.3586
1398751145.372	n	11.2471	3.55880	6.924	31.3581
1398751145.436	n	11.2482	3.55884	6.900	31.3574
1398751145.498	n	11.2500	3.55890	6.878	31.3565
1398751145.561	n	11.2524	3.55899	6.857	31.3554
1398751145.623	n	11.2544	3.55907	6.839	31.3545
1398751145.684	n	11.2551	3.55910	6.816	31.3542
1398751145.747	n	11.2544	3.55906	6.799	31.3544
1398751145.809	n	11.2536	3.55901	6.778	31.3546
1398751145.895	y	11.2544	3.55901	6.756	31.3539
1398751145.934	n	11.2578	3.55913	6.734	31.3522
1398751145.997	n	11.2628	3.55935	6.712	31.3500
1398751146.059	n	11.2683	3.55962	6.691	31.3481
1398751146.123	n	11.2732	3.55991	6.668	31.3468
1398751146.186	n	11.2775	3.56016	6.649	31.3455
1398751146.247	n	11.2821	3.56037	6.628	31.3438
1398751146.309	n	11.2888	3.56058	6.609	31.3401
1398751146.374	n	11.2984	3.56084	6.586	31.3345
1398751146.436	n	11.3102	3.56115	6.566	31.3275
1398751146.497	n	11.3225	3.56148	6.544	31.3203
1398751146.560	n	11.3337	3.56178	6.526	31.3137
1398751146.623	n	11.3420	3.56203	6.505	31.3091
1398751146.685	n	11.3481	3.56224	6.483	31.3060
1398751146.747	n	11.3541	3.56245	6.464	31.3030
1398751146.809	n	11.3610	3.56270	6.446	31.2996
1398751146.874	n	11.3685	3.56297	6.425	31.2959
1398751146.935	n	11.3762	3.56325	6.403	31.2921
1398751147.100	y	11.3824	3.56353	6.387	31.2896
1398751147.105	n	11.3860	3.56374	6.364	31.2886
1398751147.124	n	11.3885	3.56390	6.344	31.2881
1398751147.187	n	11.3909	3.56401	6.323	31.2871
1398751147.248	n	11.3942	3.56410	6.308	31.2852
1398751147.311	n	11.3980	3.56421	6.291	31.2831
1398751147.372	n	11.4019	3.56434	6.269	31.2810
1398751147.435	n	11.4053	3.56446	6.250	31.2794
1398751147.497	n	11.4080	3.56458	6.234	31.2782
1398751147.560	n	11.4103	3.56468	6.213	31.2773
1398751147.623	n	11.4121	3.56475	6.198	31.2764
1398751147.684	n	11.4135	3.56479	6.180	31.2757
1398751147.747	n	11.4148	3.56483	6.159	31.2750
1398751147.809	n	11.4162	3.56488	6.144	31.2742
1398751147.875	n	11.4178	3.56494	6.129	31.2735
1398751147.937	n	11.4193	3.56501	6.109	31.2730
1398751147.997	n	11.4204	3.56506	6.092	31.2725
1398751148.060	n	11.4209	3.56507	6.073	31.2722
1398751148.123	n	11.4208	3.56503	6.056	31.2719
1398751148.185	n	11.4204	3.56498	6.041	31.2717
1398751148.247	n	11.4201	3.56493	6.025	31.2714
1398751148.311	n	11.4201	3.56491	6.006	31.2712
1398751148.372	n	11.4203	3.56491	5.991	31.2711
1398751148.436	n	11.4206	3.56492	5.978	31.2709
1398751148.498	n	11.4209	3.56493	5.960	31.2709
1398751148.560	n	11.4211	3.56495	5.943	31.2709
1398751148.624	n	11.4215	3.56497	5.927	31.2707
1398751148.688	n	11.4215	3.56498	5.912	31.2708
1398751148.747	n	11.4211	3.56498	5.894	31.2711
1398751148.809	n	11.4206	3.56496	5.877	31.2714
1398751148.872	n	11.4200	3.56495	5.862	31.2718
1398751148.936	n	11.4198	3.56493	5.847	31.2719
1398751148.997	n	11.4200	3.56493	5.835	31.2716
1398751149.061	n	11.4204	3.56493	5.816	31.2713
1398751149.124	n	11.4207	3.56493	5.798	31.2711
1398751149.185	n	11.4209	3.56493	5.785	31.2709
1398751149.248	n	11.4212	3.56495	5.765	31.2708
1398751149.309	n	11.4219	3.56498	5.752	31.2706
1398751149.373	n	11.4230	3.56503	5.738	31.2702
1398751149.459	y	11.4243	3.56511	5.722	31.2697
1398751149.497	n	11.4258	3.56519	5.708	31.2694
1398751149.559	n	11.4273	3.56529	5.690	31.2691
1398751149.622	n	11.4288	3.56539	5.674	31.2688
1398751149.686	n	11.4302	3.56548	5.658	31.2684
1398751149.749	n	11.4316	3.56556	5.645	31.2681
1398751149.810	n	11.4328	3.56563	5.630	31.2677
1398751149.944	y	11.4338	3.56569	5.616	31.2675
1398751149.950	n	11.4347	3.56574	5.599	31.2672
1398751149.998	n	11.4354	3.56578	5.585	31.2669
1398751150.060	n	11.4358	3.56579	5.572	31.2667
1398751150.124	n	11.4359	3.56578	5.553	31.2666
1398751150.186	n	11.4358	3.56575	5.539	31.2664
1398751150.247	n	11.4356	3.56571	5.524	31.2661
1398751150.310	n	11.4354	3.56566	5.508	31.2659
1398751150.374	n	11.4353	3.56562	5.490	31.2656
1398751150.435	n	11.4351	3.56559	5.478	31.2654
1398751150.498	n	11.4348	3.56556	5.464	31.2654
1398751150.559	n	11.4346	3.56554	5.447	31.2654
1398751150.623	n	11.4345	3.56554	5.432	31.2655
1398751150.686	n	11.4344	3.56554	5.415	31.2656
1398751150.748	n	11.4345	3.56554	5.404	31.2656
1398751150.811	n	11.4346	3.56555	5.391	31.2655
1398751150.874	n	11.4347	3.56557	5.373	31.2656
1398751150.935	n	11.4348	3.56559	5.353	31.2658
1398751151.075	y	11.4346	3.56561	5.339	31.2662
1398751151.080	n	11.4342	3.56562	5.324	31.2665
1398751151.124	n	11.4341	3.56562	5.310	31.2667
1398751151.185	n	11.4341	3.56564	5.295	31.2669
1398751151.248	n	11.4345	3.56571	5.274	31.2672
1398751151.309	n	11.4360	3.56583	5.260	31.2672
1398751151.373	n	11.4396	3.56602	5.246	31.2659
1398751151.437	n	11.4454	3.56624	5.229	31.2632
1398751151.497	n	11.4526	3.56646	5.210	31.2592
1398751151.561	n	11.4596	3.56663	5.198	31.2550
1398751151.622	n	11.4649	3.56677	5.179	31.2518
1398751151.685	n	11.4680	3.56685	5.162	31.2500
1398751151.748	n	11.4695	3.56690	5.149	31.2493
1398751151.810	n	11.4698	3.56691	5.132	31.2492
1398751151.874	n	11.4695	3.56691	5.116	31.2493
1398751151.935	n	11.4692	3.56689	5.097	31.2494
1398751151.998	n	11.4687	3.56687	5.080	31.2497
1398751152.060	n	11.4681	3.56686	5.058	31.2501
1398751152.122	n	11.4673	3.56685	5.043	31.2507
1398751152.185	n	11.4663	3.56682	5.027	31.2512
1398751152.248	n	11.4656	3.56679	5.013	31.2515
1398751152.309	n	11.4655	3.56678	4.997	31.2515
1398751152.372	n	11.4656	3.56678	4.976	31.2514
1398751152.436	n	11.4660	3.56680	4.958	31.2513
1398751152.498	n	11.4664	3.56683	4.942	31.2513
1398751152.559	n	11.4670	3.56685	4.924	31.2510
1398751152.622	n	11.4677	3.56687	4.902	31.2506
1398751152.686	n	11.4687	3.56689	4.888	31.2499
1398751152.748	n	11.4700	3.56690	4.874	31.2490
1398751152.811	n	11.4713	3.56692	4.861	31.2480
1398751152.874	n	11.4723	3.56693	4.841	31.2473
1398751152.935	n	11.4727	3.56692	4.824	31.2469
1398751152.997	n	11.4727	3.56692	4.809	31.2469
1398751153.060	n	11.4724	3.56691	4.790	31.2470
1398751153.123	n	11.4728	3.56691	4.772	31.2468
1398751153.187	n	11.4740	3.56694	4.757	31.2460
1398751153.284	y	11.4761	3.56698	4.742	31.2446
1398751153.310	n	11.4783	3.56702	4.731	31.2432
1398751153.373	n	11.4802	3.56706	4.716	31.2420
1398751153.434	n	11.4815	3.56711	4.702	31.2414
1398751153.498	n	11.4821	3.56714	4.689	31.2412
1398751153.559	n	11.4824	3.56717	4.674	31.2412
1398751153.624	n	11.4829	3.56720	4.661	31.2410
1398751153.685	n	11.4833	3.56721	4.645	31.2409
1398751153.747	n	11.4831	3.56721	4.632	31.2410
1398751153.810	n	11.4822	3.56720	4.622	31.2417
1398751153.873	n	11.4804	3.56717	4.610	31.2429
1398751153.936	n	11.4783	3.56714	4.595	31.2444
1398751153.999	n	11.4761	3.56709	4.586	31.2458
1398751154.061	n	11.4739	3.56704	4.578	31.2471
1398751154.124	n	11.4719	3.56698	4.564	31.2483
1398751154.186	n	11.4703	3.56692	4.555	31.2490
1398751154.248	n	11.4696	3.56686	4.540	31.2491
1398751154.311	n	11.4698	3.56683	4.529	31.2486
1398751154.372	n	11.4705	3.56679	4.519	31.2477
1398751154.436	n	11.4711	3.56678	4.510	31.2470
1398751154.499	n	11.4712	3.56676	4.496	31.2467
1398751154.560	n	11.4712	3.56675	4.486	31.2466
1398751154.624	n	11.4714	3.56674	4.479	31.2464
1398751154.685	n	11.4718	3.56674	4.466	31.2460
1398751154.748	n	11.4729	3.56674	4.456	31.2451
1398751154.811	n	11.4748	3.56675	4.444	31.2437
1398751154.872	n	11.4770	3.56677	4.433	31.2419
1398751154.937	n	11.4792	3.56678	4.425	31.2402
1398751154.998	n	11.4802	3.56678	4.418	31.2394
1398751155.061	n	11.4797	3.56678	4.406	31.2398
1398751155.124	n	11.4781	3.56678	4.397	31.2412
1398751155.185	n	11.4765	3.56679	4.386	31.2426
1398751155.346	y	11.4756	3.56681	4.381	31.2435
1398751155.351	n	11.4756	3.56683	4.372	31.2437
1398751155.374	n	11.4761	3.56685	4.362	31.2435
1398751155.435	n	11.4765	3.56685	4.350	31.2432
1398751155.498	n	11.4768	3.56685	4.341	31.2429
1398751155.560	n	11.4771	3.56685	4.332	31.2427
1398751155.623	n	11.4778	3.56686	4.326	31.2423
1398751155.687	n	11.4789	3.56689	4.318	31.2416
1398751155.747	n	11.4804	3.56692	4.306	31.2406
1398751155.811	n	11.4823	3.56695	4.299	31.2393
1398751155.873	n	11.4845	3.56698	4.288	31.2377
1398751155.936	n	11.4868	3.56701	4.277	31.2361
1398751155.998	n	11.4886	3.56703	4.262	31.2348
1398751156.060	n	11.4897	3.56706	4.252	31.2341
1398751156.124	n	11.4898	3.56709	4.238	31.2343
1398751156.185	n	11.4892	3.56710	4.224	31.2349
1398751156.248	n	11.4882	3.56710	4.213	31.2358
1398751156.311	n	11.4869	3.56711	4.204	31.2370
1398751156.372	n	11.4854	3.56712	4.187	31.2384
1398751156.436	n	11.4844	3.56712	4.173	31.2393
1398751156.497	n	11.4844	3.56713	4.162	31.2393
1398751156.560	n	11.4856	3.56713	4.149	31.2383
1398751156.623	n	11.4875	3.56714	4.134	31.2368
1398751156.684	n	11.4900	3.56717	4.119	31.2349
1398751156.747	n	11.4932	3.56722	4.105	31.2328
1398751156.839	y	11.4966	3.56729	4.094	31.2306
1398751156.873	n	11.5000	3.56735	4.079	31.2283
1398751156.935	n	11.5026	3.56740	4.060	31.2266
1398751156.998	n	11.5033	3.56743	4.046	31.2263
1398751157.060	n	11.5025	3.56744	4.030	31.2271
1398751157.123	n	11.5016	3.56748	4.016	31.2282
1398751157.186	n	11.5016	3.56754	3.997	31.2289
1398751157.248	n	11.5032	3.56766	3.980	31.2286
1398751157.311	n	11.5065	3.56780	3.967	31.2273
1398751157.372	n	11.5102	3.56795	3.948	31.2255
1398751157.435	n	11.5131	3.56806	3.929	31.2242
1398751157.498	n	11.5144	3.56810	3.910	31.2235
1398751157.560	n	11.5143	3.56807	3.894	31.2233
1398751157.624	n	11.5131	3.56800	3.875	31.2237
1398751157.685	n	11.5116	3.56793	3.859	31.2243
1398751157.747	n	11.5107	3.56789	3.838	31.2246
1398751157.810	n	11.5102	3.56789	3.818	31.2251
1398751157.874	n	11.5094	3.56790	3.802	31.2258
1398751157.935	n	11.5086	3.56790	3.783	31.2266
1398751157.998	n	11.5077	3.56789	3.762	31.2272
1398751158.061	n	11.5072	3.56787	3.743	31.2275
1398751158.124	n	11.5084	3.56790	3.725	31.2267
1398751158.187	n	11.5118	3.56799	3.704	31.2247
1398751158.248	n	11.5168	3.56814	3.686	31.2220
1398751158.309	n	11.5226	3.56832	3.662	31.2188
1398751158.372	n	11.5281	3.56851	3.644	31.2161
1398751158.436	n	11.5320	3.56867	3.624	31.2144
1398751158.498	n	11.5343	3.56879	3.605	31.2136
1398751158.560	n	11.5358	3.56889	3.589	31.2134
1398751158.623	n	11.5363	3.56896	3.564	31.2135
1398751158.685	n	11.5362	3.56899	3.543	31.2139
1398751158.747	n	11.5361	3.56901	3.524	31.2143
1398751158.809	n	11.5361	3.56901	3.504	31.2142
1398751158.873	n	11.5368	3.56900	3.485	31.2136
1398751158.936	n	11.5384	3.56903	3.466	31.2125
1398751158.999	n	11.5404	3.56909	3.446	31.2114
1398751159.061	n	11.5424	3.56918	3.424	31.2106
1398751159.123	n	11.5445	3.56930	3.406	31.2100
1398751159.186	n	11.5465	3.56945	3.391	31.2098
1398751159.249	n	11.5480	3.56957	3.367	31.2097
1398751159.310	n	11.5490	3.56965	3.346	31.2097
1398751159.374	n	11.5489	3.56966	3.330	31.2099
1398751159.435	n	11.5481	3.56961	3.313	31.2101
1398751159.574	y	11.5476	3.56957	3.291	31.2100
1398751159.579	n	11.5483	3.56960	3.267	31.2099
1398751159.623	n	11.5500	3.56972	3.249	31.2095
1398751159.685	n	11.5522	3.56986	3.231	31.2090
1398751159.747	n	11.5541	3.56999	3.211	31.2088
1398751159.809	n	11.5551	3.57006	3.189	31.2086
1398751159.872	n	11.5553	3.57005	3.169	31.2084
1398751159.936	n	11.5551	3.57002	3.148	31.2083
1398751159.997	n	11.5551	3.57003	3.129	31.2083
1398751160.061	n	11.5556	3.57009	3.110	31.2085
1398751160.124	n	11.5564	3.57018	3.091	31.2087
1398751160.185	n	11.5571	3.57025	3.070	31.2087
1398751160.248	n	11.5574	3.57024	3.049	31.2084
1398751160.311	n	11.5573	3.57018	3.026	31.2079
1398751160.374	n	11.5573	3.57015	3.007	31.2076
1398751160.437	n	11.5577	3.57018	2.988	31.2076
1398751160.512	y	11.5582	3.57023	2.967	31.2076
1398751160.560	n	11.5585	3.57026	2.947	31.2077
1398751160.623	n	11.5581	3.57025	2.923	31.2080
1398751160.687	n	11.5573	3.57020	2.902	31.2082
1398751160.748	n	11.5565	3.57016	2.880	31.2085
1398751160.811	n	11.5561	3.57018	2.860	31.2090
1398751160.874	n	11.5562	3.57021	2.837	31.2093
1398751160.935	n	11.5565	3.57024	2.811	31.2093
1398751160.997	n	11.5568	3.57027	2.790	31.2094
1398751161.060	n	11.5571	3.57028	2.769	31.2092
1398751161.123	n	11.5572	3.57025	2.744	31.2088
1398751161.185	n	11.5571	3.57021	2.724	31.2085
1398751161.248	n	11.5571	3.57019	2.703	31.2084
1398751161.311	n	11.5576	3.57019	2.679	31.2079
1398751161.374	n	11.5590	3.57022	2.658	31.2070
1398751161.434	n	11.5612	3.57028	2.636	31.2058
1398751161.498	n	11.5637	3.57036	2.613	31.2044
1398751161.560	n	11.5661	3.57046	2.590	31.2034
1398751161.624	n	11.5678	3.57056	2.566	31.2029
1398751161.687	n	11.5690	3.57065	2.542	31.2028
1398751161.748	n	11.5696	3.57072	2.523	31.2030
1398751161.810	n	11.5702	3.57076	2.502	31.2030
1398751161.874	n	11.5713	3.57081	2.479	31.2025
1398751161.935	n	11.5731	3.57086	2.456	31.2015
1398751161.997	n	11.5751	3.57092	2.437	31.2004
1398751162.060	n	11.5767	3.57100	2.414	31.1998
1398751162.123	n	11.5777	3.57108	2.392	31.1998
1398751162.185	n	11.5783	3.57115	2.370	31.2000
1398751162.248	n	11.5788	3.57121	2.348	31.2001
1398751162.311	n	11.5792	3.57125	2.324	31.2001
1398751162.374	n	11.5794	3.57126	2.300	31.2001
1398751162.436	n	11.5794	3.57126	2.280	31.2001
1398751162.498	n	11.5791	3.57125	2.257	31.2003
1398751162.560	n	11.5789	3.57125	2.238	31.2005
1398751162.623	n	11.5789	3.57127	2.214	31.2007
1398751162.687	n	11.5791	3.57129	2.195	31.2007
1398751162.748	n	11.5795	3.57130	2.173	31.2005
1398751162.812	n	11.5799	3.57131	2.152	31.2002
1398751162.873	n	11.5806	3.57132	2.132	31.1998
1398751162.937	n	11.5812	3.57134	2.109	31.1994
1398751162.998	n	11.5816	3.57134	2.088	31.1992
1398751163.061	n	11.5818	3.57134	2.067	31.1990
1398751163.123	n	11.5819	3.57134	2.047	31.1988
1398751163.187	n	11.5821	3.57132	2.027	31.1986
1398751163.249	n	11.5825	3.57132	2.007	31.1982
1398751163.310	n	11.5829	3.57131	1.986	31.1977
1398751163.373	n	11.5834	3.57130	1.967	31.1973
1398751163.435	n	11.5839	3.57131	1.949	31.1969
1398751163.498	n	11.5842	3.57131	1.928	31.1967
1398751163.560	n	11.5843	3.57132	1.910	31.1968
1398751163.624	n	11.5842	3.57134	1.894	31.1970
1398751163.686	n	11.5844	3.57134	1.872	31.1969
1398751163.850	y	11.5848	3.57134	1.854	31.1965
1398751163.855	n	11.5854	3.57133	1.839	31.1959
1398751163.874	n	11.5859	3.57130	1.818	31.1953
1398751163.934	n	11.5858	3.57129	1.805	31.1952
1398751164.061	y	11.5852	3.57129	1.792	31.1957
1398751164.066	n	11.5844	3.57130	1.771	31.1965
1398751164.124	n	11.5834	3.57130	1.754	31.1974
1398751164.244	y	11.5825	3.57130	1.741	31.1981
1398751164.251	n	11.5818	3.57128	1.725	31.1985
1398751164.312	n	11.5813	3.57126	1.707	31.1988
1398751164.374	n	11.5811	3.57127	1.693	31.1990
1398751164.435	n	11.5816	3.57128	1.679	31.1988
1398751164.498	n	11.5826	3.57131	1.664	31.1981
1398751164.560	n	11.5839	3.57134	1.651	31.1973
1398751164.623	n	11.5850	3.57137	1.636	31.1967
1398751164.686	n	11.5855	3.57139	1.620	31.1965
1398751164.748	n	11.5856	3.57140	1.605	31.1965
1398751164.810	n	11.5856	3.57139	1.592	31.1964
1398751164.874	n	11.5861	3.57137	1.581	31.1959
1398751164.935	n	11.5872	3.57136	1.567	31.1948
1398751164.998	n	11.5886	3.57136	1.554	31.1937
1398751165.060	n	11.5897	3.57136	1.544	31.1927
1398751165.123	n	11.5906	3.57135	1.535	31.1920
1398751165.185	n	11.5910	3.57135	1.520	31.1915
1398751165.249	n	11.5913	3.57135	1.507	31.1913
1398751165.310	n	11.5917	3.57135	1.500	31.1910
1398751165.374	n	11.5923	3.57136	1.489	31.1906
1398751165.435	n	11.5928	3.57137	1.480	31.1902
1398751165.497	n	11.5932	3.57135	1.466	31.1897
1398751165.560	n	11.5935	3.57134	1.459	31.1893
1398751165.623	n	11.5937	3.57132	1.451	31.1890
1398751165.686	n	11.5939	3.57132	1.442	31.1889
1398751165.748	n	11.5940	3.57133	1.431	31.1889
1398751165.811	n	11.5939	3.57134	1.425	31.1890
1398751165.874	n	11.5937	3.57135	1.415	31.1893
1398751165.935	n	11.5935	3.57135	1.404	31.1895
1398751165.997	n	11.5933	3.57136	1.394	31.1898
1398751166.059	n	11.5932	3.57135	1.392	31.1898
1398751166.122	n	11.5932	3.57135	1.382	31.1898
1398751166.186	n	11.5932	3.57135	1.371	31.1897
1398751166.248	n	11.5930	3.57133	1.364	31.1897
1398751166.310	n	11.5923	3.57132	1.356	31.1902
1398751166.374	n	11.5913	3.57131	1.348	31.1910
1398751166.435	n	11.5905	3.57130	1.340	31.1916
1398751166.497	n	11.5902	3.57130	1.334	31.1918
1398751166.560	n	11.5905	3.57130	1.325	31.1916
1398751166.622	n	11.5910	3.57130	1.313	31.1912
1398751166.686	n	11.5913	3.57131	1.304	31.1910
1398751166.748	n	11.5914	3.57131	1.296	31.1909
1398751166.810	n	11.5915	3.57132	1.291	31.1909
1398751166.873	n	11.5916	3.57132	1.276	31.1908
1398751166.935	n	11.5918	3.57132	1.269	31.1907
1398751166.998	n	11.5921	3.57133	1.261	31.1905
1398751167.059	n	11.5923	3.57133	1.252	31.1904
1398751167.123	n	11.5924	3.57133	1.244	31.1903
1398751167.185	n	11.5924	3.57133	1.234	31.1903
1398751167.248	n	11.5922	3.57133	1.222	31.1905
1398751167.311	n	11.5919	3.57134	1.213	31.1908
1398751167.374	n	11.5918	3.57134	1.204	31.1909
1398751167.436	n	11.5917	3.57133	1.192	31.1909
1398751167.497	n	11.5918	3.57132	1.181	31.1907
1398751167.561	n	11.5917	3.57130	1.170	31.1907
1398751167.622	n	11.5915	3.57129	1.154	31.1907
1398751167.686	n	11.5912	3.57129	1.143	31.1909
1398751167.748	n	11.5911	3.57130	1.130	31.1911
1398751167.810	n	11.5910	3.57130	1.120	31.1913
1398751167.889	y	11.5910	3.57132	1.103	31.1914
1398751167.936	n	11.5911	3.57133	1.092	31.1914
1398751168.166	y	11.5912	3.57133	1.082	31.1914
1398751168.173	n	11.5914	3.57134	1.067	31.1913
1398751168.179	n	11.5914	3.57135	1.050	31.1913
1398751168.185	n	11.5913	3.57135	1.038	31.1914
1398751168.247	n	11.5911	3.57136	1.026	31.1917
1398751168.311	n	11.5909	3.57137	1.009	31.1921
1398751168.374	n	11.5907	3.57137	0.994	31.1922
1398751168.435	n	11.5906	3.57137	0.983	31.1923
1398751168.497	n	11.5906	3.57139	0.971	31.1925
1398751168.559	n	11.5905	3.57139	0.954	31.1926
1398751168.623	n	11.5904	3.57139	0.935	31.1927
1398751168.686	n	11.5901	3.57138	0.927	31.1929
1398751168.748	n	11.5897	3.57138	0.913	31.1931
1398751168.810	n	11.5895	3.57138	0.899	31.1933
1398751168.874	n	11.5895	3.57139	0.883	31.1934
1398751168.935	n	11.5896	3.57139	0.868	31.1934
1398751168.997	n	11.5899	3.57140	0.854	31.1932
1398751169.061	n	11.5901	3.57140	0.845	31.1930
1398751169.123	n	11.5902	3.57139	0.827	31.1929
1398751169.185	n	11.5902	3.57138	0.814	31.1928
1398751169.247	n	11.5901	3.57136	0.799	31.1927
1398751169.310	n	11.5898	3.57133	0.784	31.1926
1398751169.375	n	11.5892	3.57128	0.768	31.1926
1398751169.436	n	11.5884	3.57119	0.755	31.1925
1398751169.499	n	11.5874	3.57111	0.743	31.1925
1398751169.561	n	11.5866	3.57103	0.731	31.1925
1398751169.624	n	11.5858	3.57093	0.716	31.1922
1398751169.686	n	11.5845	3.57080	0.703	31.1920
1398751169.747	n	11.5828	3.57063	0.690	31.1917
1398751169.810	n	11.5814	3.57043	0.677	31.1910
1398751169.879	n	11.5804	3.57027	0.664	31.1904
1398751169.937	n	11.5798	3.57022	0.656	31.1904
1398751169.998	n	11.5796	3.57024	0.645	31.1907
1398751170.059	n	11.5796	3.57029	0.634	31.1913
1398751170.123	n	11.5793	3.57035	0.625	31.1921
1398751170.186	n	11.5788	3.57037	0.614	31.1927
1398751170.247	n	11.5779	3.57034	0.608	31.1932
1398751170.310	n	11.5761	3.33928	0.600	28.9636
1398751170.374	n	11.5731	2.83322	0.592	24.1589
1398751170.435	n	11.5688	2.18947	0.587	18.2110
1398751170.498	n	11.5626	1.57186	0.575	12.6948
1398751170.561	n	11.5547	1.12945	0.569	8.8779
