Source File: D:\Storage\Programs\OOI\Group 5\Correspondence\07_18_14 sample files\files\11197512.PPB
Processed: 07/18/2014 12:27:50
Using Version: 1.11
Device: CTD
Start Date: 04/29/2014
Timestamp (s)	Suspect Timestamp	Temperature	Conductivity	Pressure	Salinity
1398794495.683	y	10.7725	3.57105	22.406	31.8808
1398794495.747	n	10.7724	3.57104	22.409	31.8808
1398794495.808	n	10.7723	3.57108	22.409	31.8813
1398794495.873	n	10.7724	3.57105	22.406	31.8809
1398794495.935	n	10.7723	3.57104	22.409	31.8809
1398794495.998	n	10.7725	3.57104	22.413	31.8807
1398794496.060	n	10.7725	3.57102	22.411	31.8806
1398794496.124	n	10.7724	3.57105	22.409	31.8810
1398794496.187	n	10.7724	3.57105	22.410	31.8810
1398794496.247	n	10.7725	3.57105	22.412	31.8809
1398794496.312	n	10.7725	3.57104	22.413	31.8808
1398794496.373	n	10.7725	3.57104	22.411	31.8808
1398794496.435	n	10.7725	3.57104	22.415	31.8808
1398794496.499	n	10.7725	3.57104	22.416	31.8808
1398794496.560	n	10.7725	3.57105	22.417	31.8809
1398794496.623	n	10.7724	3.57105	22.417	31.8809
1398794496.686	n	10.7724	3.57105	22.418	31.8809
1398794496.749	n	10.7724	3.57105	22.421	31.8809
1398794496.810	n	10.7725	3.57105	22.427	31.8809
1398794496.874	n	10.7725	3.57105	22.428	31.8808
1398794496.936	n	10.7725	3.57106	22.428	31.8809
1398794496.999	n	10.7726	3.57106	22.432	31.8809
1398794497.062	n	10.7726	3.57107	22.435	31.8809
1398794497.123	n	10.7726	3.57107	22.442	31.8810
1398794497.185	n	10.7726	3.57107	22.441	31.8809
1398794497.926	n	10.7726	3.57107	22.445	31.8809
1398794497.939	n	10.7726	3.57107	22.445	31.8809
1398794497.955	n	10.7726	3.57107	22.447	31.8809
1398794497.962	n	10.7726	3.57107	22.454	31.8809
1398794497.968	n	10.7726	3.57106	22.458	31.8809
1398794497.973	n	10.7726	3.57106	22.460	31.8808
1398794497.979	n	10.7727	3.57107	22.463	31.8808
1398794497.984	n	10.7728	3.57107	22.468	31.8808
1398794497.990	n	10.7728	3.57107	22.476	31.8808
1398794497.996	n	10.7729	3.57108	22.480	31.8808
1398794498.001	n	10.7729	3.57107	22.486	31.8807
1398794498.008	n	10.7728	3.57106	22.488	31.8806
1398794498.014	n	10.7728	3.57106	22.490	31.8806
1398794498.062	n	10.7729	3.57106	22.496	31.8806
1398794498.123	n	10.7729	3.57106	22.503	31.8805
1398794498.187	n	10.7730	3.57106	22.509	31.8805
1398794498.249	n	10.7730	3.57107	22.514	31.8806
1398794498.313	n	10.7729	3.57107	22.518	31.8806
1398794498.373	n	10.7729	3.57107	22.526	31.8807
1398794498.435	n	10.7730	3.57107	22.531	31.8806
1398794498.498	n	10.7730	3.57107	22.532	31.8805
1398794498.560	n	10.7731	3.57106	22.532	31.8804
1398794498.624	n	10.7732	3.57106	22.543	31.8803
1398794498.687	n	10.7733	3.57106	22.547	31.8802
1398794498.748	n	10.7733	3.57107	22.556	31.8803
1398794498.811	n	10.7733	3.57107	22.561	31.8803
1398794498.874	n	10.7734	3.57107	22.565	31.8803
1398794498.937	n	10.7734	3.57107	22.569	31.8802
1398794498.999	n	10.7734	3.57106	22.574	31.8801
1398794499.062	n	10.7735	3.57105	22.580	31.8800
1398794499.123	n	10.7735	3.57105	22.585	31.8799
1398794499.185	n	10.7736	3.57106	22.590	31.8799
1398794499.248	n	10.7736	3.57106	22.593	31.8800
1398794499.312	n	10.7736	3.57108	22.598	31.8801
1398794499.372	n	10.7737	3.57108	22.605	31.8801
1398794499.436	n	10.7737	3.57108	22.611	31.8800
1398794499.498	n	10.7738	3.57108	22.616	31.8800
1398794499.562	n	10.7738	3.57108	22.620	31.8800
1398794499.624	n	10.7737	3.57108	22.624	31.8799
1398794499.686	n	10.7738	3.57107	22.628	31.8799
1398794499.747	n	10.7738	3.57108	22.635	31.8799
1398794499.813	n	10.7739	3.57108	22.638	31.8799
1398794499.873	n	10.7739	3.57109	22.640	31.8799
1398794499.935	n	10.7740	3.57109	22.647	31.8798
1398794499.997	n	10.7740	3.57108	22.651	31.8797
1398794500.062	n	10.7740	3.57106	22.656	31.8795
1398794500.123	n	10.7740	3.57106	22.659	31.8795
1398794500.185	n	10.7740	3.57106	22.663	31.8796
1398794500.249	n	10.7740	3.57107	22.666	31.8796
1398794500.310	n	10.7741	3.57107	22.671	31.8795
1398794500.374	n	10.7742	3.57107	22.671	31.8795
1398794500.436	n	10.7743	3.57107	22.670	31.8794
1398794500.498	n	10.7744	3.57107	22.675	31.8793
1398794500.560	n	10.7745	3.57107	22.679	31.8792
1398794500.623	n	10.7745	3.57107	22.677	31.8792
1398794500.685	n	10.7745	3.57107	22.683	31.8792
1398794500.749	n	10.7746	3.57107	22.690	31.8791
1398794500.810	n	10.7746	3.57106	22.692	31.8790
1398794500.874	n	10.7746	3.57106	22.689	31.8790
1398794500.937	n	10.7746	3.57106	22.690	31.8790
1398794500.999	n	10.7745	3.57107	22.689	31.8791
1398794501.060	n	10.7745	3.57108	22.693	31.8793
1398794501.125	n	10.7744	3.57108	22.694	31.8794
1398794501.187	n	10.7745	3.57108	22.692	31.8794
1398794501.249	n	10.7745	3.57108	22.690	31.8792
1398794501.312	n	10.7746	3.57107	22.689	31.8791
1398794501.392	y	10.7747	3.57106	22.697	31.8789
1398794501.435	n	10.7747	3.57106	22.696	31.8789
1398794501.501	n	10.7747	3.57107	22.693	31.8790
1398794501.562	n	10.7748	3.57108	22.689	31.8790
1398794501.746	y	10.7748	3.57108	22.684	31.8790
1398794501.753	n	10.7748	3.57107	22.686	31.8789
1398794501.760	n	10.7748	3.57107	22.683	31.8789
1398794501.811	n	10.7748	3.57107	22.682	31.8790
1398794501.872	n	10.7748	3.57108	22.678	31.8790
1398794501.935	n	10.7748	3.57108	22.675	31.8790
1398794501.999	n	10.7748	3.57107	22.672	31.8790
1398794502.061	n	10.7748	3.57107	22.672	31.8789
1398794502.123	n	10.7748	3.57106	22.666	31.8789
1398794502.185	n	10.7749	3.57107	22.663	31.8789
1398794502.250	n	10.7749	3.57107	22.657	31.8789
1398794502.310	n	10.7749	3.57108	22.650	31.8790
1398794502.374	n	10.7749	3.57108	22.650	31.8790
1398794502.437	n	10.7748	3.57108	22.646	31.8790
1398794502.499	n	10.7748	3.57108	22.641	31.8790
1398794502.562	n	10.7748	3.57107	22.636	31.8789
1398794502.624	n	10.7748	3.57106	22.631	31.8789
1398794502.686	n	10.7748	3.57105	22.626	31.8788
1398794502.751	n	10.7748	3.57105	22.614	31.8787
1398794502.812	n	10.7748	3.57105	22.609	31.8787
1398794502.873	n	10.7748	3.57104	22.605	31.8787
1398794502.936	n	10.7747	3.57104	22.599	31.8788
1398794502.998	n	10.7747	3.57104	22.595	31.8788
1398794503.063	n	10.7746	3.57104	22.588	31.8789
1398794503.123	n	10.7746	3.57105	22.577	31.8789
1398794503.186	n	10.7747	3.57104	22.570	31.8788
1398794503.254	n	10.7747	3.57104	22.562	31.8788
1398794503.311	n	10.7747	3.57104	22.552	31.8788
1398794503.375	n	10.7747	3.57103	22.545	31.8787
1398794503.437	n	10.7747	3.57103	22.538	31.8787
1398794503.498	n	10.7746	3.57103	22.531	31.8787
1398794503.561	n	10.7746	3.57103	22.522	31.8788
1398794503.625	n	10.7747	3.57104	22.511	31.8788
1398794503.687	n	10.7747	3.57104	22.505	31.8788
1398794503.749	n	10.7748	3.57103	22.492	31.8787
1398794503.812	n	10.7747	3.57102	22.489	31.8786
1398794503.873	n	10.7747	3.57102	22.476	31.8786
1398794503.935	n	10.7746	3.57102	22.470	31.8787
1398794504.000	n	10.7746	3.57103	22.462	31.8788
1398794504.062	n	10.7746	3.57103	22.448	31.8788
1398794504.124	n	10.7746	3.57103	22.438	31.8788
1398794504.186	n	10.7746	3.57103	22.426	31.8789
1398794504.254	n	10.7746	3.57103	22.420	31.8788
1398794504.311	n	10.7746	3.57102	22.409	31.8788
1398794504.374	n	10.7746	3.57102	22.399	31.8788
1398794504.436	n	10.7746	3.57102	22.390	31.8788
1398794504.498	n	10.7746	3.57103	22.377	31.8789
1398794504.562	n	10.7745	3.57103	22.364	31.8789
1398794504.623	n	10.7745	3.57103	22.353	31.8790
1398794504.685	n	10.7745	3.57103	22.342	31.8789
1398794504.748	n	10.7745	3.57102	22.333	31.8789
1398794504.811	n	10.7745	3.57102	22.321	31.8789
1398794504.873	n	10.7745	3.57102	22.308	31.8789
1398794504.936	n	10.7745	3.57102	22.298	31.8788
1398794504.998	y	10.7745	3.57102	22.287	31.8789
1398794505.061	n	10.7745	3.57103	22.278	31.8789
1398794505.124	n	10.7745	3.57103	22.263	31.8790
1398794505.186	n	10.7745	3.57104	22.253	31.8791
1398794505.253	n	10.7745	3.57104	22.243	31.8792
1398794505.310	n	10.7745	3.57104	22.229	31.8791
1398794505.372	n	10.7745	3.57103	22.217	31.8790
1398794505.435	n	10.7745	3.57103	22.202	31.8790
1398794505.499	n	10.7744	3.57102	22.190	31.8790
1398794505.561	y	10.7744	3.57102	22.178	31.8790
1398794505.623	n	10.7744	3.57102	22.167	31.8790
1398794505.687	n	10.7744	3.57103	22.157	31.8790
1398794505.747	n	10.7745	3.57103	22.139	31.8791
1398794505.822	n	10.7745	3.57103	22.129	31.8791
1398794505.989	y	10.7745	3.57103	22.116	31.8791
1398794505.996	n	10.7745	3.57103	22.100	31.8791
1398794506.002	n	10.7745	3.57103	22.091	31.8790
1398794506.061	n	10.7746	3.57102	22.073	31.8789
1398794506.124	n	10.7746	3.57101	22.063	31.8788
1398794506.186	n	10.7746	3.57101	22.049	31.8788
1398794506.252	n	10.7746	3.57101	22.041	31.8788
1398794506.332	n	10.7747	3.57103	22.025	31.8789
1398794506.374	n	10.7747	3.57103	22.012	31.8789
1398794506.435	n	10.7748	3.57103	22.000	31.8788
1398794506.500	n	10.7748	3.57102	21.985	31.8787
1398794506.560	n	10.7748	3.57101	21.973	31.8787
1398794506.623	n	10.7748	3.57101	21.960	31.8786
1398794506.685	n	10.7748	3.57101	21.948	31.8786
1398794506.749	n	10.7749	3.57101	21.934	31.8786
1398794506.810	n	10.7749	3.57101	21.927	31.8786
1398794506.873	n	10.7749	3.57101	21.913	31.8785
1398794506.936	n	10.7750	3.57101	21.898	31.8785
1398794507.001	n	10.7751	3.57101	21.889	31.8784
1398794507.063	n	10.7752	3.57102	21.878	31.8784
1398794507.123	n	10.7753	3.57103	21.861	31.8785
1398794507.186	n	10.7754	3.57103	21.854	31.8784
1398794507.253	n	10.7754	3.57102	21.844	31.8783
1398794507.311	n	10.7755	3.57102	21.837	31.8782
1398794507.373	n	10.7755	3.57102	21.827	31.8782
1398794507.436	n	10.7756	3.57103	21.819	31.8782
1398794507.499	n	10.7756	3.57103	21.809	31.8782
1398794507.710	n	10.7757	3.57102	21.798	31.8780
1398794507.717	n	10.7758	3.57101	21.787	31.8778
1398794507.723	n	10.7759	3.57101	21.778	31.8778
1398794507.749	n	10.7759	3.57102	21.769	31.8778
1398794507.810	n	10.7760	3.57103	21.762	31.8779
1398794507.873	n	10.7761	3.57104	21.754	31.8779
1398794507.936	n	10.7762	3.57104	21.746	31.8778
1398794507.998	n	10.7764	3.57104	21.740	31.8776
1398794508.060	n	10.7765	3.57103	21.736	31.8774
1398794508.124	n	10.7767	3.57102	21.728	31.8773
1398794508.186	n	10.7768	3.57102	21.721	31.8771
1398794508.253	n	10.7769	3.57102	21.717	31.8770
1398794508.312	n	10.7770	3.57103	21.713	31.8770
1398794508.374	n	10.7771	3.57104	21.710	31.8770
1398794508.436	n	10.7773	3.57104	21.706	31.8769
1398794508.499	n	10.7775	3.57105	21.698	31.8768
1398794508.562	n	10.7777	3.57105	21.694	31.8766
1398794508.624	y	10.7779	3.57105	21.691	31.8764
1398794508.685	n	10.7781	3.57103	21.689	31.8761
1398794508.749	n	10.7783	3.57102	21.686	31.8758
1398794508.812	n	10.7785	3.57101	21.682	31.8755
1398794508.874	n	10.7787	3.57102	21.679	31.8754
1398794508.936	n	10.7789	3.57104	21.679	31.8755
1398794508.998	n	10.7791	3.57105	21.676	31.8754
1398794509.062	n	10.7793	3.57105	21.676	31.8752
1398794509.123	n	10.7795	3.57103	21.673	31.8749
1398794509.186	n	10.7796	3.57101	21.673	31.8746
1398794509.253	n	10.7798	3.57101	21.670	31.8744
1398794509.312	n	10.7800	3.57102	21.672	31.8743
1398794509.373	n	10.7802	3.57103	21.674	31.8743
1398794509.435	n	10.7804	3.57103	21.671	31.8742
1398794509.498	n	10.7805	3.57103	21.666	31.8740
1398794509.562	n	10.7807	3.57103	21.666	31.8738
1398794509.624	n	10.7809	3.57104	21.674	31.8737
1398794509.686	n	10.7811	3.57103	21.671	31.8735
1398794509.748	n	10.7814	3.57104	21.672	31.8733
1398794509.812	n	10.7816	3.57103	21.673	31.8730
1398794509.970	y	10.7818	3.57102	21.672	31.8728
1398794509.976	n	10.7820	3.57103	21.674	31.8727
1398794510.000	n	10.7822	3.57104	21.675	31.8726
1398794510.060	n	10.7824	3.57104	21.675	31.8725
1398794510.123	n	10.7826	3.57105	21.677	31.8723
1398794510.186	n	10.7829	3.57105	21.676	31.8722
1398794510.248	n	10.7830	3.57105	21.680	31.8720
1398794510.313	n	10.7832	3.57105	21.678	31.8718
1398794510.374	n	10.7834	3.57105	21.679	31.8717
1398794510.436	n	10.7836	3.57105	21.679	31.8715
1398794510.499	n	10.7839	3.57105	21.681	31.8713
1398794510.560	n	10.7841	3.57105	21.683	31.8711
1398794510.624	n	10.7844	3.57105	21.680	31.8708
1398794510.686	n	10.7847	3.57106	21.681	31.8706
1398794510.748	n	10.7850	3.57106	21.681	31.8703
1398794510.812	n	10.7853	3.57106	21.683	31.8701
1398794510.873	n	10.7856	3.57106	21.683	31.8698
1398794510.936	n	10.7859	3.57105	21.686	31.8695
1398794510.998	n	10.7862	3.57105	21.683	31.8692
1398794511.062	n	10.7864	3.57104	21.680	31.8690
1398794511.124	n	10.7867	3.57104	21.678	31.8687
1398794511.186	n	10.7870	3.57104	21.680	31.8684
1398794511.253	n	10.7873	3.57104	21.679	31.8681
1398794511.312	n	10.7876	3.57103	21.677	31.8678
1398794511.373	n	10.7879	3.57102	21.677	31.8675
1398794511.435	n	10.7882	3.57102	21.676	31.8672
1398794511.498	n	10.7885	3.57103	21.671	31.8670
1398794511.562	n	10.7889	3.57105	21.668	31.8669
1398794511.623	n	10.7892	3.57106	21.668	31.8667
1398794511.685	n	10.7895	3.57106	21.661	31.8665
1398794511.748	n	10.7897	3.57106	21.661	31.8663
1398794511.811	n	10.7900	3.57106	21.661	31.8661
1398794511.874	n	10.7903	3.57106	21.652	31.8657
1398794511.935	n	10.7907	3.57105	21.645	31.8653
1398794512.000	n	10.7910	3.57104	21.640	31.8650
1398794512.061	n	10.7912	3.57104	21.635	31.8648
1398794512.124	n	10.7914	3.57104	21.631	31.8646
1398794512.187	n	10.7916	3.57105	21.626	31.8645
1398794512.247	n	10.7919	3.57106	21.617	31.8645
1398794512.358	y	10.7922	3.57107	21.611	31.8642
1398794512.373	n	10.7924	3.57106	21.599	31.8640
1398794512.435	n	10.7927	3.57105	21.591	31.8636
1398794512.498	n	10.7929	3.57104	21.586	31.8633
1398794512.560	n	10.7932	3.57102	21.575	31.8629
1398794512.622	n	10.7934	3.57103	21.565	31.8628
1398794512.687	n	10.7937	3.57104	21.556	31.8627
1398794512.747	n	10.7939	3.57105	21.544	31.8626
1398794512.811	n	10.7941	3.57105	21.535	31.8624
1398794512.873	n	10.7943	3.57106	21.523	31.8623
1398794512.935	n	10.7945	3.57105	21.511	31.8621
1398794512.999	n	10.7948	3.57106	21.499	31.8619
1398794513.060	n	10.7951	3.57105	21.489	31.8616
1398794513.124	n	10.7953	3.57106	21.471	31.8614
1398794513.186	n	10.7955	3.57107	21.455	31.8614
1398794513.249	n	10.7957	3.57107	21.440	31.8613
1398794513.311	n	10.7959	3.57107	21.428	31.8611
1398794513.374	n	10.7961	3.57106	21.415	31.8608
1398794513.435	n	10.7964	3.57104	21.399	31.8604
1398794513.500	n	10.7966	3.57103	21.381	31.8600
1398794513.560	n	10.7968	3.57102	21.364	31.8598
1398794513.624	n	10.7970	3.57102	21.347	31.8597
1398794513.685	n	10.7972	3.57103	21.333	31.8596
1398794513.748	n	10.7974	3.57103	21.316	31.8595
1398794513.812	n	10.7975	3.57103	21.295	31.8593
1398794513.873	n	10.7977	3.57102	21.275	31.8591
1398794513.936	n	10.7979	3.57102	21.253	31.8590
1398794513.999	n	10.7980	3.57102	21.233	31.8588
1398794514.061	n	10.7982	3.57102	21.209	31.8586
1398794514.295	y	10.7984	3.57102	21.189	31.8585
1398794514.308	n	10.7985	3.57102	21.168	31.8584
1398794514.315	n	10.7986	3.57102	21.148	31.8584
1398794514.322	n	10.7987	3.57102	21.124	31.8583
1398794514.373	n	10.7989	3.57103	21.099	31.8582
1398794514.435	n	10.7990	3.57103	21.077	31.8581
1398794514.499	n	10.7991	3.57102	21.052	31.8580
1398794514.562	n	10.7993	3.57102	21.024	31.8578
1398794514.623	n	10.7994	3.57101	21.000	31.8577
1398794514.686	n	10.7995	3.57101	20.975	31.8575
1398794514.748	n	10.7997	3.57102	20.952	31.8575
1398794514.812	n	10.7998	3.57102	20.923	31.8574
1398794514.873	n	10.7999	3.57102	20.897	31.8573
1398794514.936	n	10.8000	3.57102	20.875	31.8572
1398794514.999	n	10.8002	3.57102	20.846	31.8571
1398794515.061	n	10.8003	3.57101	20.817	31.8569
1398794515.123	n	10.8005	3.57101	20.792	31.8567
1398794515.186	n	10.8007	3.57100	20.758	31.8565
1398794515.250	n	10.8009	3.57100	20.726	31.8563
1398794515.311	n	10.8010	3.57099	20.699	31.8561
1398794515.374	n	10.8012	3.57099	20.669	31.8560
1398794515.437	n	10.8013	3.57098	20.639	31.8558
1398794515.498	n	10.8015	3.57097	20.613	31.8556
1398794515.561	n	10.8017	3.57097	20.580	31.8554
1398794515.623	n	10.8019	3.57097	20.554	31.8552
1398794515.686	n	10.8021	3.57097	20.521	31.8551
1398794515.749	n	10.8023	3.57097	20.485	31.8550
1398794515.811	n	10.8024	3.57098	20.456	31.8549
1398794515.873	y	10.8026	3.57098	20.421	31.8548
1398794515.935	n	10.8027	3.57098	20.388	31.8547
1398794515.999	n	10.8029	3.57098	20.359	31.8546
1398794516.060	n	10.8030	3.57098	20.327	31.8544
1398794516.123	n	10.8032	3.57098	20.290	31.8542
1398794516.185	n	10.8034	3.57097	20.262	31.8540
1398794516.249	n	10.8035	3.57095	20.228	31.8538
1398794516.315	n	10.8037	3.57095	20.198	31.8536
1398794516.375	n	10.8039	3.57094	20.161	31.8534
1398794516.435	n	10.8041	3.57095	20.129	31.8534
1398794516.499	n	10.8043	3.57097	20.097	31.8533
1398794516.562	n	10.8045	3.57096	20.064	31.8531
1398794516.623	n	10.8046	3.57095	20.031	31.8529
1398794516.686	n	10.8048	3.57095	19.997	31.8527
1398794516.749	n	10.8050	3.57093	19.963	31.8524
1398794516.810	n	10.8052	3.57093	19.934	31.8522
1398794516.874	n	10.8054	3.57094	19.900	31.8521
1398794516.936	n	10.8057	3.57094	19.867	31.8519
1398794516.999	n	10.8059	3.57094	19.835	31.8518
1398794517.062	n	10.8061	3.57095	19.799	31.8517
1398794517.123	n	10.8063	3.57094	19.770	31.8514
1398794517.185	n	10.8065	3.57094	19.737	31.8513
1398794517.249	n	10.8067	3.57093	19.700	31.8511
1398794517.314	n	10.8068	3.57092	19.667	31.8509
1398794517.374	n	10.8070	3.57092	19.636	31.8507
1398794517.436	n	10.8072	3.57092	19.605	31.8505
1398794517.499	n	10.8075	3.57093	19.570	31.8504
1398794517.562	n	10.8077	3.57094	19.535	31.8503
1398794517.624	n	10.8078	3.57094	19.503	31.8502
1398794517.686	n	10.8080	3.57094	19.477	31.8500
1398794517.750	n	10.8082	3.57093	19.440	31.8498
1398794517.812	n	10.8084	3.57091	19.411	31.8495
1398794517.873	n	10.8086	3.57090	19.379	31.8492
1398794517.936	n	10.8088	3.57090	19.345	31.8491
1398794517.999	n	10.8090	3.57090	19.317	31.8489
1398794518.061	n	10.8092	3.57090	19.282	31.8487
1398794518.124	y	10.8094	3.57089	19.256	31.8485
1398794518.221	n	10.8096	3.57090	19.226	31.8483
1398794518.248	n	10.8099	3.57090	19.197	31.8482
1398794518.311	n	10.8100	3.57091	19.167	31.8481
1398794518.509	y	10.8102	3.57091	19.135	31.8480
1398794518.517	n	10.8104	3.57090	19.107	31.8478
1398794518.523	n	10.8107	3.57090	19.078	31.8475
1398794518.562	n	10.8109	3.57090	19.047	31.8473
1398794518.623	n	10.8111	3.57090	19.021	31.8472
1398794518.686	n	10.8112	3.57090	18.995	31.8471
1398794518.749	n	10.8114	3.57091	18.964	31.8470
1398794518.813	n	10.8116	3.57091	18.940	31.8469
1398794518.874	n	10.8118	3.57090	18.913	31.8467
1398794518.936	n	10.8120	3.57090	18.883	31.8464
1398794518.998	n	10.8122	3.57089	18.855	31.8462
1398794519.061	n	10.8124	3.57088	18.827	31.8460
1398794519.123	n	10.8125	3.57087	18.805	31.8458
1398794519.186	n	10.8127	3.57086	18.779	31.8455
1398794519.248	n	10.8129	3.57085	18.754	31.8452
1398794519.316	n	10.8131	3.57085	18.729	31.8450
1398794519.373	n	10.8133	3.57085	18.707	31.8449
1398794519.435	n	10.8135	3.57086	18.682	31.8448
1398794519.498	n	10.8137	3.57086	18.657	31.8447
1398794519.571	y	10.8139	3.57087	18.635	31.8446
1398794519.624	n	10.8141	3.57087	18.611	31.8445
1398794519.685	n	10.8143	3.57087	18.586	31.8443
1398794519.749	n	10.8146	3.57087	18.562	31.8441
1398794519.812	n	10.8148	3.57087	18.541	31.8439
1398794519.874	n	10.8150	3.57086	18.520	31.8437
1398794519.937	n	10.8152	3.57086	18.500	31.8435
1398794519.998	n	10.8153	3.57086	18.481	31.8433
1398794520.060	n	10.8155	3.57085	18.459	31.8431
1398794520.124	n	10.8157	3.57084	18.438	31.8429
1398794520.186	n	10.8159	3.57084	18.418	31.8427
1398794520.249	n	10.8161	3.57083	18.397	31.8425
1398794520.310	n	10.8163	3.57083	18.377	31.8423
1398794520.374	n	10.8165	3.57083	18.361	31.8421
1398794520.436	n	10.8167	3.57083	18.341	31.8419
1398794520.499	n	10.8170	3.57083	18.319	31.8417
1398794520.562	n	10.8173	3.57084	18.304	31.8415
1398794520.624	n	10.8175	3.57084	18.288	31.8413
1398794520.686	n	10.8177	3.57084	18.267	31.8412
1398794520.748	n	10.8178	3.57083	18.249	31.8410
1398794520.812	n	10.8180	3.57083	18.244	31.8408
1398794520.874	n	10.8182	3.57083	18.222	31.8406
1398794520.936	n	10.8184	3.57083	18.202	31.8405
1398794520.998	n	10.8186	3.57083	18.189	31.8403
1398794521.061	n	10.8187	3.57083	18.174	31.8402
1398794521.123	n	10.8189	3.57083	18.165	31.8400
1398794521.185	n	10.8191	3.57082	18.145	31.8398
1398794521.248	n	10.8194	3.57082	18.127	31.8396
1398794521.314	n	10.8196	3.57082	18.113	31.8394
1398794521.373	n	10.8198	3.57082	18.102	31.8392
1398794521.437	n	10.8199	3.57082	18.085	31.8391
1398794521.497	n	10.8201	3.57081	18.074	31.8389
1398794521.561	n	10.8203	3.57082	18.063	31.8388
1398794521.624	n	10.8205	3.57083	18.046	31.8387
1398794521.685	n	10.8208	3.57083	18.036	31.8385
1398794521.749	n	10.8210	3.57083	18.027	31.8383
1398794521.812	n	10.8211	3.57083	18.012	31.8382
1398794521.873	n	10.8213	3.57083	17.996	31.8380
1398794521.936	n	10.8215	3.57083	17.988	31.8379
1398794521.999	n	10.8216	3.57083	17.975	31.8378
1398794522.062	n	10.8217	3.57083	17.961	31.8377
1398794522.123	n	10.8218	3.57083	17.950	31.8376
1398794522.187	n	10.8219	3.57082	17.940	31.8375
1398794522.249	n	10.8220	3.57081	17.931	31.8374
1398794522.313	n	10.8220	3.57081	17.918	31.8372
1398794522.373	n	10.8221	3.57080	17.910	31.8371
1398794522.436	n	10.8222	3.57080	17.898	31.8371
1398794522.498	n	10.8223	3.57081	17.887	31.8371
1398794522.562	n	10.8223	3.57082	17.876	31.8371
1398794522.695	y	10.8223	3.57083	17.865	31.8372
1398794522.700	n	10.8223	3.57082	17.853	31.8371
1398794522.748	n	10.8222	3.57081	17.847	31.8371
1398794522.811	n	10.8221	3.57080	17.837	31.8371
1398794522.873	n	10.8221	3.57080	17.826	31.8372
1398794522.936	n	10.8220	3.57080	17.817	31.8372
1398794522.999	n	10.8219	3.57081	17.808	31.8374
1398794523.061	n	10.8219	3.57082	17.795	31.8375
1398794523.124	n	10.8218	3.57082	17.787	31.8376
1398794523.186	n	10.8217	3.57082	17.781	31.8377
1398794523.274	y	10.8215	3.57081	17.769	31.8378
1398794523.313	n	10.8214	3.57080	17.760	31.8378
1398794523.374	n	10.8212	3.57079	17.750	31.8378
1398794523.436	n	10.8211	3.57079	17.742	31.8380
1398794523.499	n	10.8209	3.57080	17.731	31.8381
1398794523.560	n	10.8208	3.57081	17.723	31.8384
1398794523.623	n	10.8207	3.57083	17.713	31.8386
1398794523.686	n	10.8207	3.57083	17.708	31.8387
1398794523.747	n	10.8206	3.57081	17.696	31.8386
1398794523.811	n	10.8205	3.57079	17.688	31.8385
1398794523.874	n	10.8204	3.57079	17.679	31.8385
1398794523.935	n	10.8204	3.57079	17.670	31.8386
1398794524.000	n	10.8203	3.57079	17.658	31.8387
1398794524.062	n	10.8202	3.57080	17.650	31.8388
1398794524.124	n	10.8202	3.57080	17.640	31.8389
1398794524.185	n	10.8201	3.57079	17.630	31.8389
1398794524.248	n	10.8200	3.57078	17.620	31.8389
1398794524.310	n	10.8200	3.57078	17.613	31.8388
1398794524.374	n	10.8200	3.57078	17.602	31.8389
1398794524.435	n	10.8201	3.57079	17.590	31.8389
1398794524.498	n	10.8202	3.57080	17.579	31.8389
1398794524.562	n	10.8203	3.57080	17.567	31.8388
1398794524.623	n	10.8204	3.57080	17.557	31.8387
1398794524.685	n	10.8205	3.57079	17.549	31.8386
1398794524.748	n	10.8206	3.57078	17.535	31.8384
1398794524.811	n	10.8207	3.57078	17.524	31.8382
1398794524.874	n	10.8210	3.57077	17.515	31.8380
1398794524.935	n	10.8212	3.57078	17.505	31.8378
1398794524.998	n	10.8216	3.57079	17.496	31.8376
1398794525.062	n	10.8220	3.57079	17.483	31.8373
1398794525.123	n	10.8224	3.57080	17.474	31.8370
1398794525.185	n	10.8228	3.57079	17.460	31.8366
1398794525.250	n	10.8233	3.57078	17.450	31.8361
1398794525.311	n	10.8237	3.57078	17.436	31.8357
1398794525.373	n	10.8241	3.57077	17.427	31.8353
1398794525.436	n	10.8245	3.57077	17.414	31.8349
1398794525.499	n	10.8250	3.57078	17.401	31.8346
1398794525.563	n	10.8254	3.57078	17.391	31.8342
1398794525.624	n	10.8259	3.57077	17.377	31.8337
1398794525.685	n	10.8263	3.57077	17.363	31.8333
1398794525.747	n	10.8268	3.57078	17.351	31.8330
1398794525.811	n	10.8273	3.57079	17.337	31.8327
1398794525.873	n	10.8278	3.57080	17.326	31.8324
1398794525.935	n	10.8284	3.57080	17.313	31.8319
1398794525.998	n	10.8289	3.57080	17.298	31.8315
1398794526.062	n	10.8293	3.57079	17.283	31.8310
1398794526.123	n	10.8298	3.57079	17.270	31.8305
1398794526.185	n	10.8303	3.57079	17.257	31.8301
1398794526.250	n	10.8308	3.57079	17.241	31.8297
1398794526.311	n	10.8313	3.57080	17.227	31.8294
1398794526.373	n	10.8318	3.57080	17.214	31.8290
1398794526.435	n	10.8322	3.57079	17.199	31.8285
1398794526.498	n	10.8327	3.57079	17.180	31.8280
1398794526.560	n	10.8332	3.57078	17.165	31.8275
1398794526.623	n	10.8337	3.57077	17.148	31.8271
1398794526.686	n	10.8341	3.57077	17.132	31.8267
1398794526.749	n	10.8345	3.57078	17.122	31.8264
1398794526.859	y	10.8349	3.57078	17.106	31.8260
1398794526.969	y	10.8354	3.57077	17.090	31.8256
1398794526.974	n	10.8359	3.57077	17.071	31.8251
1398794526.999	n	10.8364	3.57078	17.053	31.8248
1398794527.060	n	10.8368	3.57078	17.035	31.8245
1398794527.123	n	10.8372	3.57079	17.016	31.8242
1398794527.186	n	10.8376	3.57079	17.000	31.8239
1398794527.250	n	10.8380	3.57078	16.981	31.8235
1398794527.313	n	10.8385	3.57078	16.960	31.8231
1398794527.374	n	10.8389	3.57079	16.948	31.8228
1398794527.435	n	10.8392	3.57079	16.930	31.8225
1398794527.498	n	10.8396	3.57079	16.910	31.8222
1398794527.562	n	10.8399	3.57079	16.893	31.8220
1398794527.624	n	10.8403	3.57080	16.873	31.8217
1398794527.685	n	10.8407	3.57080	16.853	31.8214
1398794527.748	n	10.8411	3.57081	16.835	31.8211
1398794527.811	n	10.8414	3.57080	16.815	31.8207
1398794527.874	n	10.8418	3.57078	16.794	31.8203
1398794527.936	n	10.8422	3.57077	16.777	31.8198
1398794528.000	n	10.8426	3.57077	16.755	31.8195
1398794528.061	n	10.8429	3.57077	16.735	31.8192
1398794528.124	n	10.8433	3.57078	16.716	31.8190
1398794528.187	n	10.8436	3.57078	16.695	31.8187
1398794528.248	n	10.8440	3.57079	16.674	31.8184
1398794528.313	n	10.8444	3.57079	16.654	31.8181
1398794528.374	n	10.8447	3.57079	16.630	31.8178
1398794528.435	n	10.8451	3.57079	16.610	31.8175
1398794528.497	n	10.8454	3.57079	16.588	31.8172
1398794528.561	n	10.8458	3.57079	16.563	31.8170
1398794528.624	n	10.8461	3.57079	16.543	31.8167
1398794528.686	n	10.8465	3.57079	16.521	31.8164
1398794528.749	n	10.8469	3.57079	16.501	31.8161
1398794528.810	n	10.8472	3.57080	16.479	31.8159
1398794528.873	n	10.8475	3.57080	16.455	31.8156
1398794528.937	n	10.8478	3.57080	16.432	31.8153
1398794528.998	n	10.8481	3.57079	16.413	31.8150
1398794529.061	n	10.8484	3.57079	16.390	31.8147
1398794529.122	n	10.8487	3.57079	16.369	31.8145
1398794529.186	n	10.8490	3.57079	16.344	31.8143
1398794529.250	n	10.8492	3.57079	16.317	31.8141
1398794529.315	n	10.8495	3.57079	16.295	31.8139
1398794529.373	n	10.8498	3.57079	16.275	31.8136
1398794529.436	n	10.8501	3.57079	16.251	31.8134
1398794529.499	n	10.8503	3.57078	16.226	31.8131
1398794529.561	n	10.8506	3.57078	16.203	31.8129
1398794529.623	n	10.8508	3.57078	16.180	31.8127
1398794529.686	n	10.8511	3.57077	16.155	31.8124
1398794529.750	n	10.8514	3.57076	16.135	31.8121
1398794529.810	n	10.8516	3.57077	16.109	31.8119
1398794529.873	n	10.8519	3.57077	16.081	31.8116
1398794529.937	n	10.8522	3.57077	16.061	31.8114
1398794529.998	n	10.8524	3.57077	16.038	31.8112
1398794530.062	n	10.8526	3.57076	16.011	31.8110
1398794530.124	n	10.8529	3.57076	15.988	31.8107
1398794530.185	n	10.8531	3.57076	15.964	31.8105
1398794530.249	n	10.8534	3.57076	15.940	31.8104
1398794530.311	n	10.8537	3.57076	15.917	31.8101
1398794530.373	n	10.8539	3.57075	15.890	31.8098
1398794530.435	n	10.8542	3.57076	15.862	31.8096
1398794530.498	y	10.8546	3.57076	15.837	31.8094
1398794530.567	n	10.8549	3.57077	15.812	31.8091
1398794530.625	n	10.8552	3.57077	15.790	31.8089
1398794530.685	n	10.8555	3.57077	15.762	31.8086
1398794530.748	n	10.8558	3.57076	15.737	31.8084
1398794530.812	n	10.8560	3.57076	15.710	31.8082
1398794530.873	n	10.8563	3.57076	15.683	31.8079
1398794530.936	n	10.8566	3.57076	15.660	31.8077
1398794531.000	n	10.8568	3.57077	15.628	31.8075
1398794531.062	n	10.8571	3.57077	15.608	31.8073
1398794531.209	y	10.8574	3.57077	15.586	31.8071
1398794531.214	n	10.8578	3.57077	15.559	31.8068
1398794531.250	n	10.8581	3.57076	15.533	31.8064
1398794531.313	n	10.8585	3.57074	15.504	31.8059
1398794531.373	n	10.8588	3.57074	15.480	31.8056
1398794531.436	n	10.8592	3.57075	15.453	31.8054
1398794531.499	n	10.8595	3.57076	15.425	31.8052
1398794531.560	n	10.8599	3.57078	15.400	31.8051
1398794531.624	n	10.8602	3.57078	15.377	31.8049
1398794531.685	n	10.8604	3.57078	15.350	31.8047
1398794531.748	n	10.8607	3.57078	15.322	31.8044
1398794531.812	n	10.8610	3.57078	15.296	31.8042
1398794531.874	n	10.8614	3.57078	15.270	31.8038
1398794531.936	n	10.8617	3.57077	15.245	31.8034
1398794532.001	n	10.8621	3.57076	15.221	31.8030
1398794532.061	n	10.8625	3.57076	15.195	31.8027
1398794532.123	n	10.8629	3.57076	15.166	31.8024
1398794532.185	n	10.8633	3.57076	15.142	31.8021
1398794532.249	n	10.8636	3.57076	15.116	31.8018
1398794532.311	n	10.8640	3.57075	15.089	31.8014
1398794532.373	n	10.8644	3.57075	15.064	31.8010
1398794532.436	n	10.8648	3.57075	15.036	31.8007
1398794532.500	n	10.8652	3.57076	15.011	31.8004
1398794532.561	n	10.8657	3.57076	14.982	31.8001
1398794532.623	n	10.8661	3.57076	14.959	31.7998
1398794532.687	n	10.8665	3.57076	14.934	31.7994
1398794532.749	n	10.8668	3.57076	14.905	31.7991
1398794532.812	n	10.8672	3.57076	14.881	31.7988
1398794532.874	n	10.8676	3.57076	14.858	31.7984
1398794532.936	n	10.8679	3.57075	14.831	31.7981
1398794533.000	n	10.8683	3.57076	14.806	31.7978
1398794533.061	n	10.8687	3.57077	14.780	31.7976
1398794533.123	n	10.8691	3.57078	14.754	31.7974
1398794533.187	n	10.8696	3.57079	14.727	31.7971
1398794533.251	n	10.8700	3.57078	14.700	31.7967
1398794533.387	y	10.8704	3.57077	14.675	31.7962
1398794533.397	n	10.8708	3.57076	14.651	31.7958
1398794533.435	n	10.8712	3.57075	14.627	31.7954
1398794533.499	n	10.8716	3.57075	14.599	31.7950
1398794533.562	n	10.8720	3.57075	14.573	31.7947
1398794533.624	n	10.8724	3.57076	14.550	31.7945
1398794533.687	n	10.8727	3.57076	14.526	31.7942
1398794533.750	n	10.8731	3.57077	14.500	31.7939
1398794533.811	n	10.8736	3.57077	14.477	31.7935
1398794533.873	n	10.8741	3.57077	14.456	31.7931
1398794533.935	n	10.8746	3.57076	14.429	31.7926
1398794533.998	n	10.8751	3.57076	14.405	31.7921
1398794534.063	n	10.8755	3.57075	14.382	31.7917
1398794534.124	n	10.8759	3.57075	14.355	31.7913
1398794534.187	n	10.8763	3.57075	14.333	31.7910
1398794534.249	y	10.8768	3.57076	14.309	31.7907
1398794534.311	n	10.8772	3.57076	14.284	31.7904
1398794534.374	n	10.8777	3.57076	14.262	31.7900
1398794534.436	n	10.8782	3.57076	14.240	31.7895
1398794534.500	n	10.8786	3.57076	14.217	31.7892
1398794534.561	n	10.8790	3.57076	14.195	31.7888
1398794534.623	n	10.8794	3.57076	14.169	31.7884
1398794534.687	n	10.8799	3.57074	14.148	31.7879
1398794534.748	n	10.8804	3.57074	14.125	31.7875
1398794534.811	n	10.8809	3.57074	14.104	31.7870
1398794534.873	n	10.8814	3.57074	14.080	31.7866
1398794534.935	n	10.8818	3.57074	14.062	31.7862
1398794534.998	n	10.8823	3.57073	14.039	31.7858
1398794535.062	n	10.8828	3.57073	14.021	31.7853
1398794535.125	n	10.8832	3.57073	13.998	31.7850
1398794535.186	n	10.8837	3.57074	13.978	31.7846
1398794535.248	n	10.8843	3.57075	13.956	31.7843
1398794535.310	n	10.8847	3.57075	13.936	31.7838
1398794535.472	y	10.8852	3.57074	13.917	31.7834
1398794535.486	n	10.8856	3.57073	13.894	31.7829
1398794535.499	n	10.8861	3.57072	13.873	31.7825
1398794535.561	n	10.8865	3.57072	13.851	31.7821
1398794535.624	n	10.8870	3.57073	13.833	31.7818
1398794535.687	n	10.8875	3.57074	13.815	31.7814
1398794535.748	n	10.8880	3.57075	13.797	31.7811
1398794535.812	n	10.8884	3.57076	13.782	31.7808
1398794535.873	n	10.8889	3.57076	13.763	31.7805
1398794535.937	n	10.8893	3.57076	13.742	31.7801
1398794535.998	n	10.8898	3.57076	13.724	31.7797
1398794536.062	n	10.8902	3.57075	13.706	31.7792
1398794536.124	n	10.8906	3.57074	13.690	31.7788
1398794536.186	n	10.8911	3.57074	13.671	31.7784
1398794536.250	n	10.8915	3.57074	13.654	31.7780
1398794536.311	n	10.8920	3.57074	13.637	31.7776
1398794536.373	n	10.8924	3.57073	13.622	31.7772
1398794536.435	n	10.8929	3.57074	13.604	31.7768
1398794536.499	n	10.8934	3.57074	13.590	31.7764
1398794536.560	n	10.8939	3.57074	13.575	31.7760
1398794536.624	n	10.8944	3.57075	13.560	31.7756
1398794536.687	n	10.8949	3.57075	13.542	31.7753
1398794536.748	n	10.8953	3.57075	13.526	31.7748
1398794536.812	n	10.8958	3.57074	13.511	31.7744
1398794536.873	n	10.8963	3.57074	13.494	31.7739
1398794536.937	n	10.8968	3.57073	13.478	31.7734
1398794536.998	n	10.8974	3.57073	13.465	31.7729
1398794537.060	n	10.8979	3.57073	13.450	31.7725
1398794537.123	n	10.8985	3.57074	13.441	31.7721
1398794537.186	n	10.8990	3.57074	13.424	31.7716
1398794537.249	n	10.8996	3.57074	13.409	31.7711
1398794537.311	n	10.9002	3.57074	13.398	31.7706
1398794537.373	n	10.9008	3.57074	13.382	31.7700
1398794537.436	n	10.9015	3.57075	13.366	31.7696
1398794537.499	n	10.9021	3.57076	13.354	31.7692
1398794537.560	n	10.9028	3.57077	13.341	31.7686
1398794537.624	n	10.9036	3.57077	13.325	31.7680
1398794537.685	n	10.9044	3.57077	13.313	31.7673
1398794537.749	n	10.9053	3.57077	13.298	31.7665
1398794537.855	y	10.9062	3.57078	13.288	31.7658
1398794537.873	n	10.9072	3.57078	13.277	31.7650
1398794537.935	n	10.9082	3.57078	13.259	31.7642
1398794537.999	n	10.9092	3.57079	13.249	31.7633
1398794538.062	n	10.9103	3.57080	13.236	31.7625
1398794538.123	n	10.9114	3.57080	13.225	31.7615
1398794538.186	n	10.9126	3.57081	13.211	31.7606
1398794538.248	n	10.9137	3.57080	13.202	31.7596
1398794538.310	n	10.9149	3.57080	13.187	31.7585
1398794538.373	n	10.9160	3.57080	13.172	31.7576
1398794538.435	n	10.9173	3.57082	13.167	31.7567
1398794538.499	n	10.9186	3.57083	13.150	31.7557
1398794538.562	n	10.9198	3.57084	13.139	31.7547
1398794538.624	n	10.9211	3.57085	13.127	31.7536
1398794538.686	n	10.9224	3.57085	13.114	31.7526
1398794538.748	n	10.9237	3.57085	13.103	31.7514
1398794538.812	n	10.9251	3.57086	13.090	31.7503
1398794538.873	n	10.9264	3.57086	13.078	31.7492
1398794538.937	n	10.9277	3.57086	13.067	31.7481
1398794538.999	n	10.9290	3.57087	13.055	31.7471
1398794539.060	n	10.9303	3.57088	13.046	31.7461
1398794539.123	n	10.9316	3.57088	13.033	31.7450
1398794539.187	n	10.9329	3.57088	13.021	31.7438
1398794539.250	n	10.9343	3.57089	13.012	31.7427
1398794539.312	n	10.9358	3.57090	12.997	31.7415
1398794539.374	n	10.9372	3.57090	12.986	31.7403
1398794539.436	n	10.9387	3.57090	12.974	31.7390
1398794539.499	n	10.9402	3.57090	12.964	31.7377
1398794539.560	n	10.9418	3.57090	12.954	31.7363
1398794539.706	y	10.9434	3.57090	12.943	31.7350
1398794539.711	n	10.9450	3.57091	12.929	31.7336
1398794539.749	n	10.9468	3.57092	12.919	31.7322
1398794539.811	n	10.9486	3.57093	12.907	31.7308
1398794539.873	n	10.9504	3.57095	12.898	31.7294
1398794539.935	n	10.9523	3.57097	12.882	31.7279
1398794540.000	n	10.9542	3.57097	12.871	31.7264
1398794540.061	n	10.9562	3.57098	12.857	31.7247
1398794540.123	n	10.9582	3.57097	12.846	31.7229
1398794540.185	n	10.9603	3.57098	12.832	31.7212
1398794540.248	n	10.9623	3.57098	12.823	31.7195
1398794540.312	n	10.9644	3.57099	12.812	31.7177
1398794540.373	n	10.9666	3.57099	12.797	31.7159
1398794540.435	n	10.9687	3.57099	12.783	31.7141
1398794540.503	n	10.9708	3.57100	12.771	31.7123
1398794540.560	n	10.9730	3.57101	12.758	31.7105
1398794540.623	n	10.9751	3.57102	12.746	31.7088
1398794540.686	n	10.9772	3.57102	12.729	31.7070
1398794540.750	n	10.9793	3.57102	12.718	31.7053
1398794540.811	n	10.9814	3.57103	12.704	31.7035
1398794540.874	n	10.9834	3.57104	12.689	31.7018
1398794540.937	n	10.9854	3.57105	12.675	31.7003
1398794540.999	n	10.9873	3.57106	12.665	31.6988
1398794541.060	n	10.9891	3.57107	12.649	31.6972
1398794541.123	n	10.9909	3.57107	12.631	31.6957
1398794541.187	n	10.9926	3.57106	12.619	31.6942
1398794541.249	n	10.9944	3.57107	12.602	31.6927
1398794541.311	n	10.9960	3.57108	12.587	31.6914
1398794541.373	n	10.9976	3.57108	12.569	31.6900
1398794541.437	n	10.9992	3.57109	12.556	31.6888
1398794541.530	y	11.0007	3.57109	12.541	31.6875
1398794541.561	n	11.0023	3.57110	12.524	31.6863
1398794541.624	n	11.0038	3.57110	12.508	31.6850
1398794541.685	n	11.0052	3.57111	12.492	31.6838
1398794541.748	n	11.0067	3.57112	12.473	31.6826
1398794541.811	n	11.0081	3.57112	12.455	31.6814
1398794541.874	n	11.0096	3.57111	12.439	31.6801
1398794541.936	n	11.0111	3.57111	12.422	31.6788
1398794541.999	n	11.0125	3.57110	12.405	31.6775
1398794542.062	n	11.0140	3.57111	12.383	31.6763
1398794542.123	n	11.0154	3.57111	12.364	31.6751
1398794542.186	n	11.0168	3.57112	12.348	31.6740
1398794542.249	n	11.0182	3.57112	12.331	31.6728
1398794542.311	n	11.0196	3.57112	12.312	31.6716
1398794542.373	n	11.0209	3.57112	12.296	31.6704
1398794542.435	n	11.0222	3.57111	12.275	31.6692
1398794542.500	n	11.0235	3.57111	12.257	31.6682
1398794542.561	n	11.0248	3.57111	12.236	31.6671
1398794542.624	n	11.0260	3.57112	12.215	31.6662
1398794542.686	n	11.0271	3.57113	12.200	31.6653
1398794542.750	n	11.0283	3.57114	12.177	31.6643
1398794542.811	n	11.0295	3.57115	12.159	31.6634
1398794542.874	n	11.0307	3.57115	12.137	31.6624
1398794542.936	n	11.0318	3.57115	12.119	31.6614
1398794542.999	n	11.0329	3.57115	12.095	31.6605
1398794543.062	n	11.0339	3.57115	12.074	31.6596
1398794543.124	n	11.0350	3.57116	12.051	31.6588
1398794543.186	n	11.0361	3.57117	12.030	31.6580
1398794543.249	n	11.0372	3.57119	12.011	31.6572
1398794543.311	n	11.0382	3.57119	11.990	31.6564
1398794543.374	n	11.0392	3.57119	11.969	31.6555
1398794543.435	n	11.0403	3.57118	11.944	31.6545
1398794543.500	n	11.0413	3.57117	11.922	31.6535
1398794543.562	n	11.0424	3.57116	11.900	31.6526
1398794543.623	n	11.0434	3.57116	11.874	31.6516
1398794543.686	n	11.0445	3.57116	11.854	31.6508
1398794543.748	n	11.0455	3.57117	11.832	31.6500
1398794543.811	n	11.0467	3.57118	11.809	31.6491
1398794543.942	y	11.0478	3.57119	11.786	31.6482
1398794543.947	n	11.0490	3.57119	11.762	31.6472
1398794543.998	n	11.0501	3.57119	11.742	31.6462
1398794544.063	n	11.0513	3.57119	11.719	31.6452
1398794544.123	n	11.0526	3.57118	11.697	31.6441
1398794544.187	n	11.0539	3.57119	11.675	31.6430
1398794544.248	n	11.0552	3.57118	11.649	31.6418
1398794544.312	n	11.0566	3.57119	11.624	31.6406
1398794544.374	n	11.0580	3.57120	11.605	31.6395
1398794544.436	n	11.0594	3.57119	11.584	31.6383
1398794544.499	n	11.0609	3.57119	11.557	31.6370
1398794544.561	n	11.0624	3.57119	11.530	31.6357
1398794544.623	n	11.0640	3.57119	11.512	31.6344
1398794544.685	n	11.0656	3.57120	11.487	31.6330
1398794544.749	n	11.0673	3.57119	11.467	31.6316
1398794544.810	n	11.0690	3.57119	11.443	31.6301
1398794544.874	n	11.0707	3.57119	11.420	31.6286
1398794544.935	n	11.0724	3.57119	11.397	31.6271
1398794544.999	n	11.0742	3.57120	11.377	31.6257
1398794545.061	n	11.0760	3.57121	11.352	31.6242
1398794545.123	n	11.0779	3.57121	11.328	31.6227
1398794545.226	y	11.0798	3.57122	11.309	31.6212
1398794545.248	n	11.0816	3.57123	11.286	31.6197
1398794545.310	n	11.0834	3.57123	11.265	31.6181
1398794545.374	n	11.0852	3.57124	11.247	31.6167
1398794545.436	n	11.0871	3.57124	11.222	31.6151
1398794545.499	n	11.0890	3.57125	11.200	31.6135
1398794545.562	n	11.0910	3.57125	11.178	31.6119
1398794545.624	n	11.0928	3.57124	11.157	31.6102
1398794545.685	n	11.0947	3.57124	11.137	31.6086
1398794545.749	n	11.0965	3.57124	11.111	31.6070
1398794545.810	n	11.0984	3.57124	11.091	31.6054
1398794545.873	n	11.1002	3.57123	11.072	31.6038
1398794545.935	n	11.1020	3.57123	11.051	31.6022
1398794545.998	n	11.1038	3.57122	11.031	31.6007
1398794546.061	n	11.1055	3.57122	11.011	31.5992
1398794546.124	n	11.1073	3.57121	10.992	31.5976
1398794546.186	n	11.1089	3.57120	10.975	31.5960
1398794546.251	n	11.1106	3.57119	10.953	31.5946
1398794546.313	n	11.1122	3.57120	10.933	31.5933
1398794546.373	n	11.1137	3.57121	10.913	31.5921
1398794546.435	n	11.1152	3.57123	10.892	31.5909
1398794546.500	n	11.1167	3.57123	10.874	31.5897
1398794546.561	n	11.1182	3.57122	10.856	31.5884
1398794546.623	n	11.1197	3.57122	10.836	31.5871
1398794546.687	n	11.1210	3.57122	10.813	31.5859
1398794546.749	n	11.1224	3.57122	10.797	31.5847
1398794546.812	n	11.1238	3.57122	10.777	31.5835
1398794546.873	n	11.1251	3.57121	10.755	31.5824
1398794546.937	n	11.1264	3.57121	10.737	31.5812
1398794547.000	n	11.1277	3.57120	10.720	31.5800
1398794547.061	n	11.1289	3.57118	10.700	31.5789
1398794547.124	n	11.1301	3.57117	10.682	31.5777
1398794547.185	n	11.1313	3.57116	10.663	31.5766
1398794547.248	n	11.1325	3.57115	10.646	31.5755
1398794547.312	n	11.1336	3.57115	10.627	31.5745
1398794547.374	n	11.1348	3.57114	10.610	31.5734
1398794547.436	n	11.1359	3.57112	10.590	31.5723
1398794547.500	n	11.1369	3.57111	10.573	31.5713
1398794547.561	n	11.1381	3.57110	10.555	31.5702
1398794547.623	n	11.1392	3.57109	10.539	31.5691
1398794547.687	n	11.1404	3.57109	10.521	31.5682
1398794547.749	n	11.1415	3.57109	10.502	31.5672
1398794547.812	n	11.1426	3.57109	10.489	31.5663
1398794547.873	n	11.1436	3.57109	10.473	31.5654
1398794547.936	n	11.1447	3.57108	10.455	31.5644
1398794548.000	n	11.1458	3.57108	10.435	31.5635
1398794548.061	n	11.1467	3.57107	10.420	31.5625
1398794548.210	y	11.1477	3.57106	10.402	31.5616
1398794548.215	n	11.1486	3.57104	10.385	31.5607
1398794548.248	n	11.1496	3.57103	10.369	31.5597
1398794548.310	n	11.1506	3.57100	10.351	31.5586
1398794548.373	n	11.1515	3.57098	10.334	31.5576
1398794548.435	n	11.1524	3.57096	10.319	31.5566
1398794548.498	n	11.1534	3.57095	10.300	31.5557
1398794548.561	n	11.1544	3.57094	10.283	31.5548
1398794548.623	n	11.1554	3.57093	10.266	31.5538
1398794548.770	y	11.1565	3.57092	10.250	31.5528
1398794548.795	y	11.1575	3.57091	10.232	31.5518
1398794548.811	n	11.1586	3.57089	10.214	31.5508
1398794548.874	n	11.1596	3.57088	10.197	31.5497
1398794548.936	n	11.1607	3.57087	10.178	31.5487
1398794548.999	n	11.1618	3.57085	10.163	31.5476
1398794549.062	n	11.1629	3.57083	10.145	31.5465
1398794549.123	n	11.1640	3.57081	10.130	31.5453
1398794549.186	n	11.1651	3.57079	10.112	31.5442
1398794549.248	n	11.1662	3.57078	10.095	31.5432
1398794549.310	n	11.1673	3.57077	10.081	31.5422
1398794549.374	n	11.1683	3.57076	10.062	31.5412
1398794549.436	n	11.1693	3.57074	10.042	31.5402
1398794549.498	n	11.1703	3.57072	10.027	31.5392
1398794549.561	n	11.1712	3.57070	10.009	31.5382
1398794549.623	n	11.1720	3.57068	9.994	31.5373
1398794549.687	n	11.1728	3.57066	9.978	31.5364
1398794549.748	n	11.1736	3.57065	9.956	31.5356
1398794549.810	n	11.1743	3.57064	9.943	31.5349
1398794549.873	n	11.1750	3.57063	9.928	31.5342
1398794549.937	n	11.1757	3.57061	9.914	31.5334
1398794550.000	n	11.1763	3.57059	9.895	31.5327
1398794550.061	n	11.1768	3.57055	9.880	31.5319
1398794550.124	n	11.1774	3.57052	9.867	31.5311
1398794550.187	n	11.1779	3.57048	9.851	31.5303
1398794550.250	n	11.1784	3.57045	9.832	31.5296
1398794550.312	n	11.1790	3.57042	9.819	31.5288
1398794550.373	n	11.1795	3.57039	9.808	31.5281
1398794550.436	n	11.1801	3.57037	9.789	31.5274
1398794550.499	n	11.1807	3.57035	9.774	31.5267
1398794550.563	n	11.1814	3.57032	9.757	31.5258
1398794550.624	n	11.1821	3.57029	9.742	31.5249
1398794550.686	n	11.1828	3.57025	9.729	31.5239
1398794550.750	n	11.1836	3.57021	9.716	31.5228
1398794550.812	n	11.1843	3.57018	9.699	31.5220
1398794550.874	n	11.1850	3.57014	9.686	31.5210
1398794550.936	n	11.1858	3.57009	9.673	31.5199
1398794550.999	n	11.1866	3.57005	9.661	31.5187
1398794551.061	n	11.1875	3.57001	9.645	31.5176
1398794551.123	n	11.1884	3.56996	9.632	31.5163
1398794551.186	n	11.1894	3.56992	9.614	31.5151
1398794551.249	n	11.1903	3.56987	9.602	31.5138
1398794551.311	n	11.1912	3.56982	9.588	31.5125
1398794551.374	n	11.1921	3.56977	9.573	31.5113
1398794551.437	n	11.1930	3.56973	9.559	31.5101
1398794551.500	n	11.1939	3.56968	9.550	31.5088
1398794551.561	n	11.1949	3.56962	9.533	31.5075
1398794551.624	n	11.1958	3.56957	9.522	31.5061
1398794551.687	n	11.1968	3.56952	9.510	31.5048
1398794551.748	n	11.1977	3.56947	9.496	31.5036
1398794551.812	n	11.1986	3.56941	9.480	31.5023
1398794551.874	n	11.1994	3.56935	9.470	31.5010
1398794551.936	n	11.2002	3.56929	9.460	31.4997
1398794551.999	n	11.2010	3.56923	9.444	31.4985
1398794552.060	n	11.2019	3.56917	9.433	31.4971
1398794552.123	n	11.2028	3.56910	9.426	31.4957
1398794552.186	n	11.2036	3.56903	9.413	31.4942
1398794552.249	n	11.2045	3.56897	9.399	31.4929
1398794552.311	n	11.2053	3.56892	9.387	31.4918
1398794552.506	y	11.2060	3.56887	9.374	31.4906
1398794552.619	y	11.2068	3.56882	9.360	31.4895
1398794552.626	n	11.2074	3.56876	9.350	31.4883
1398794552.636	n	11.2081	3.56869	9.340	31.4872
1398794552.642	n	11.2087	3.56863	9.330	31.4861
1398794552.686	n	11.2093	3.56859	9.316	31.4851
1398794552.750	n	11.2099	3.56854	9.305	31.4841
1398794552.811	n	11.2106	3.56849	9.297	31.4831
1398794552.873	n	11.2112	3.56844	9.284	31.4820
1398794552.937	n	11.2118	3.56838	9.271	31.4809
1398794553.000	n	11.2125	3.56832	9.259	31.4798
1398794553.061	n	11.2131	3.56825	9.249	31.4785
1398794553.124	n	11.2139	3.56817	9.239	31.4771
1398794553.187	n	11.2146	3.56810	9.225	31.4758
1398794553.250	n	11.2153	3.56804	9.213	31.4746
1398794553.312	n	11.2161	3.56800	9.202	31.4735
1398794553.374	n	11.2169	3.56794	9.192	31.4724
1398794553.436	n	11.2176	3.56788	9.180	31.4711
1398794553.498	n	11.2184	3.56782	9.166	31.4698
1398794553.562	n	11.2192	3.56776	9.157	31.4686
1398794553.624	n	11.2199	3.56770	9.146	31.4674
1398794553.685	n	11.2207	3.56764	9.133	31.4662
1398794553.748	n	11.2214	3.56758	9.122	31.4649
1398794553.812	n	11.2222	3.56751	9.106	31.4636
1398794553.874	n	11.2230	3.56745	9.093	31.4624
1398794553.937	n	11.2237	3.56739	9.081	31.4611
1398794553.998	n	11.2244	3.56734	9.070	31.4600
1398794554.061	n	11.2251	3.56728	9.057	31.4590
1398794554.123	n	11.2258	3.56723	9.047	31.4579
1398794554.185	n	11.2264	3.56717	9.032	31.4567
1398794554.248	n	11.2271	3.56713	9.020	31.4557
1398794554.312	n	11.2277	3.56706	9.003	31.4546
1398794554.374	n	11.2284	3.56700	8.989	31.4534
1398794554.436	n	11.2290	3.56694	8.981	31.4522
1398794554.499	n	11.2297	3.56688	8.965	31.4510
1398794554.560	n	11.2305	3.56681	8.947	31.4498
1398794554.623	n	11.2312	3.56675	8.935	31.4486
1398794554.686	n	11.2320	3.56670	8.922	31.4474
1398794554.750	n	11.2328	3.56664	8.907	31.4462
1398794554.811	n	11.2337	3.56659	8.892	31.4449
1398794554.873	n	11.2345	3.56653	8.877	31.4436
1398794554.935	n	11.2355	3.56647	8.862	31.4422
1398794555.000	n	11.2365	3.56641	8.846	31.4407
1398794555.061	n	11.2374	3.56634	8.832	31.4393
1398794555.124	n	11.2384	3.56628	8.816	31.4378
1398794555.186	y	11.2395	3.56621	8.795	31.4363
1398794555.249	n	11.2405	3.56615	8.780	31.4349
1398794555.312	n	11.2414	3.56609	8.763	31.4335
1398794555.373	n	11.2424	3.56604	8.746	31.4321
1398794555.437	n	11.2434	3.56598	8.730	31.4307
1398794555.500	n	11.2444	3.56592	8.714	31.4292
1398794555.562	n	11.2453	3.56585	8.693	31.4278
1398794555.623	n	11.2462	3.56579	8.674	31.4264
1398794555.686	n	11.2471	3.56571	8.659	31.4249
1398794555.749	n	11.2480	3.56563	8.643	31.4234
1398794555.812	n	11.2489	3.56556	8.622	31.4219
1398794555.873	n	11.2498	3.56548	8.604	31.4203
1398794555.937	n	11.2508	3.56518	8.585	31.4167
1398794555.998	n	11.2527	3.56444	8.562	31.4078
1398794556.061	n	11.2566	3.56346	8.546	31.3949
1398794556.175	y	11.2626	3.56198	8.527	31.3753
1398794556.186	n	11.2695	3.56027	8.507	31.3527
1398794556.249	n	11.2758	3.55874	8.487	31.3324
1398794556.310	n	11.2799	3.55758	8.469	31.3175
1398794556.373	n	11.2808	3.55680	8.449	31.3091
1398794556.436	n	11.2797	3.55664	8.427	31.3086
1398794556.499	n	11.2784	3.55662	8.405	31.3095
1398794556.562	n	11.2782	3.55662	8.384	31.3096
1398794556.677	y	11.2795	3.55659	8.364	31.3083
1398794556.685	n	11.2822	3.55656	8.345	31.3057
1398794556.750	n	11.2846	3.55651	8.322	31.3032
1398794556.811	n	11.2863	3.55648	8.302	31.3014
1398794556.874	n	11.2878	3.55646	8.280	31.3000
1398794556.937	n	11.2890	3.55648	8.258	31.2992
1398794556.998	n	11.2901	3.55652	8.238	31.2987
1398794557.062	n	11.2910	3.55659	8.216	31.2986
1398794557.123	n	11.2918	3.55667	8.195	31.2987
1398794557.186	n	11.2924	3.55673	8.173	31.2988
1398794557.249	n	11.2928	3.55677	8.149	31.2988
1398794557.311	n	11.2927	3.55681	8.130	31.2993
1398794557.374	n	11.2921	3.55685	8.109	31.3003
1398794557.436	n	11.2915	3.55687	8.088	31.3009
1398794557.499	n	11.2915	3.55685	8.065	31.3007
1398794557.560	n	11.2923	3.55681	8.040	31.2997
1398794557.624	n	11.2937	3.55676	8.020	31.2980
1398794557.691	n	11.2951	3.55671	7.998	31.2964
1398794557.750	n	11.2960	3.55669	7.975	31.2954
1398794557.811	n	11.2967	3.55670	7.955	31.2949
1398794557.874	n	11.2972	3.55672	7.932	31.2947
1398794557.936	n	11.2978	3.55673	7.912	31.2943
1398794557.999	n	11.2983	3.55673	7.891	31.2939
1398794558.060	n	11.2989	3.55673	7.872	31.2934
1398794558.123	n	11.2994	3.55671	7.851	31.2928
1398794558.186	n	11.2998	3.55670	7.830	31.2923
1398794558.249	n	11.3002	3.55669	7.809	31.2919
1398794558.314	n	11.3005	3.55667	7.787	31.2915
1398794558.374	n	11.3007	3.55666	7.768	31.2912
1398794558.437	n	11.3009	3.55664	7.746	31.2908
1398794558.498	n	11.3012	3.55663	7.728	31.2906
1398794558.560	n	11.3015	3.55663	7.711	31.2903
1398794558.624	n	11.3019	3.55662	7.688	31.2899
1398794558.685	n	11.3022	3.55662	7.668	31.2895
1398794558.748	n	11.3025	3.55662	7.652	31.2893
1398794558.812	n	11.3028	3.55661	7.633	31.2891
1398794558.874	n	11.3030	3.55662	7.616	31.2889
1398794558.936	n	11.3034	3.55663	7.595	31.2887
1398794558.999	n	11.3038	3.55664	7.577	31.2884
1398794559.061	n	11.3043	3.55664	7.562	31.2881
1398794559.124	n	11.3047	3.55664	7.545	31.2877
1398794559.186	n	11.3051	3.55663	7.526	31.2872
1398794559.249	n	11.3056	3.55661	7.508	31.2867
1398794559.312	n	11.3062	3.55660	7.492	31.2860
1398794559.374	n	11.3071	3.55660	7.480	31.2852
1398794559.437	n	11.3084	3.55661	7.459	31.2844
1398794559.500	n	11.3099	3.55664	7.442	31.2833
1398794559.562	n	11.3117	3.55667	7.424	31.2821
1398794559.625	n	11.3134	3.55670	7.408	31.2810
1398794559.686	n	11.3148	3.55671	7.391	31.2799
1398794559.785	y	11.3159	3.55673	7.372	31.2792
1398794559.811	n	11.3167	3.55676	7.359	31.2788
1398794559.873	n	11.3176	3.55680	7.345	31.2785
1398794559.935	n	11.3185	3.55686	7.329	31.2782
1398794559.998	n	11.3196	3.55692	7.314	31.2779
1398794560.062	n	11.3208	3.55699	7.301	31.2776
1398794560.123	n	11.3219	3.55705	7.286	31.2772
1398794560.185	n	11.3231	3.55711	7.271	31.2768
1398794560.249	n	11.3242	3.55717	7.253	31.2765
1398794560.311	n	11.3253	3.55723	7.241	31.2761
1398794560.374	n	11.3263	3.55727	7.224	31.2757
1398794560.437	n	11.3271	3.55730	7.211	31.2754
1398794560.498	n	11.3275	3.55733	7.198	31.2753
1398794560.561	n	11.3278	3.55735	7.185	31.2752
1398794560.625	n	11.3279	3.55736	7.171	31.2752
1398794560.686	n	11.3278	3.55736	7.159	31.2753
1398794560.750	n	11.3277	3.55737	7.144	31.2755
1398794560.811	n	11.3277	3.55740	7.135	31.2758
1398794560.942	y	11.3283	3.55746	7.119	31.2759
1398794560.947	n	11.3297	3.55753	7.108	31.2754
1398794560.999	n	11.3317	3.55762	7.097	31.2746
1398794561.060	n	11.3338	3.55770	7.085	31.2736
1398794561.123	n	11.3356	3.55777	7.072	31.2727
1398794561.187	n	11.3368	3.55781	7.057	31.2722
1398794561.248	n	11.3376	3.55784	7.046	31.2718
1398794561.310	n	11.3383	3.55788	7.038	31.2716
1398794561.373	n	11.3389	3.55793	7.023	31.2715
1398794561.436	n	11.3395	3.55799	7.009	31.2715
1398794561.499	n	11.3402	3.55803	6.999	31.2714
1398794561.560	n	11.3409	3.55805	6.987	31.2711
1398794561.623	n	11.3415	3.55808	6.977	31.2708
1398794561.687	n	11.3420	3.55811	6.964	31.2707
1398794561.750	n	11.3425	3.55815	6.953	31.2707
1398794561.813	n	11.3427	3.55818	6.944	31.2708
1398794561.874	n	11.3430	3.55820	6.935	31.2708
1398794561.936	n	11.3433	3.55821	6.926	31.2705
1398794562.000	n	11.3439	3.55822	6.915	31.2702
1398794562.061	n	11.3447	3.55825	6.905	31.2698
1398794562.124	n	11.3455	3.55828	6.895	31.2695
1398794562.187	n	11.3462	3.55833	6.885	31.2693
1398794562.250	n	11.3470	3.55838	6.873	31.2691
1398794562.313	n	11.3478	3.55844	6.864	31.2690
1398794562.373	n	11.3488	3.55850	6.858	31.2688
1398794562.436	n	11.3498	3.55859	6.847	31.2688
1398794562.499	n	11.3509	3.55870	6.837	31.2689
1398794562.563	n	11.3519	3.55879	6.827	31.2690
1398794562.623	n	11.3528	3.55889	6.817	31.2691
1398794562.687	n	11.3537	3.55896	6.806	31.2691
1398794562.750	n	11.3546	3.55903	6.797	31.2691
1398794562.811	n	11.3552	3.55909	6.785	31.2691
1398794562.874	n	11.3552	3.55914	6.780	31.2696
1398794562.937	n	11.3547	3.55917	6.771	31.2703
1398794563.000	n	11.3541	3.55920	6.764	31.2712
1398794563.061	n	11.3537	3.55925	6.758	31.2719
1398794563.123	n	11.3538	3.55931	6.747	31.2725
1398794563.186	n	11.3541	3.55937	6.738	31.2729
1398794563.249	n	11.3542	3.55942	6.732	31.2732
1398794563.311	n	11.3542	3.55946	6.721	31.2736
1398794563.375	y	11.3544	3.55950	6.712	31.2738
1398794563.455	n	11.3553	3.55952	6.704	31.2733
1398794563.499	n	11.3570	3.55956	6.695	31.2723
1398794563.560	n	11.3587	3.55959	6.683	31.2711
1398794563.623	n	11.3601	3.55961	6.676	31.2702
1398794563.687	n	11.3608	3.55964	6.663	31.2698
1398794563.750	n	11.3613	3.55968	6.657	31.2697
1398794563.811	n	11.3619	3.55971	6.651	31.2696
1398794563.875	n	11.3627	3.55976	6.639	31.2694
1398794563.936	n	11.3636	3.55980	6.630	31.2690
1398794563.999	n	11.3644	3.55982	6.622	31.2686
1398794564.065	n	11.3654	3.55984	6.615	31.2679
1398794564.124	n	11.3667	3.55986	6.607	31.2670
1398794564.256	y	11.3678	3.55988	6.597	31.2662
1398794564.262	n	11.3682	3.55989	6.586	31.2661
1398794564.312	n	11.3677	3.55990	6.580	31.2665
1398794564.373	n	11.3668	3.55990	6.569	31.2673
1398794564.435	n	11.3663	3.55990	6.561	31.2678
1398794564.499	n	11.3665	3.55990	6.548	31.2676
1398794564.562	n	11.3676	3.55990	6.539	31.2667
1398794564.624	n	11.3691	3.55992	6.534	31.2656
1398794564.686	n	11.3707	3.55995	6.522	31.2645
1398794564.749	n	11.3719	3.55999	6.512	31.2639
1398794564.810	n	11.3728	3.56006	6.505	31.2639
1398794564.873	n	11.3736	3.56013	6.496	31.2639
1398794564.935	n	11.3747	3.56021	6.485	31.2637
1398794564.998	n	11.3760	3.56029	6.474	31.2633
1398794565.062	n	11.3774	3.56036	6.462	31.2629
1398794565.252	y	11.3787	3.56042	6.455	31.2624
1398794565.259	n	11.3797	3.56048	6.445	31.2621
1398794565.265	n	11.3806	3.56054	6.435	31.2619
1398794565.313	n	11.3814	3.56058	6.421	31.2617
1398794565.374	n	11.3822	3.56064	6.413	31.2616
1398794565.435	n	11.3831	3.56070	6.402	31.2614
1398794565.499	n	11.3842	3.56076	6.388	31.2610
1398794565.560	n	11.3856	3.56082	6.380	31.2604
1398794565.623	n	11.3869	3.56085	6.367	31.2597
1398794565.687	n	11.3881	3.56087	6.358	31.2589
1398794565.750	n	11.3890	3.56086	6.347	31.2580
1398794565.811	n	11.3897	3.56083	6.333	31.2572
1398794565.874	n	11.3900	3.56080	6.320	31.2565
1398794565.935	n	11.3903	3.56077	6.311	31.2561
1398794566.000	n	11.3904	3.56076	6.296	31.2558
1398794566.061	n	11.3907	3.56078	6.284	31.2558
1398794566.123	n	11.3911	3.56081	6.271	31.2558
1398794566.186	n	11.3917	3.56085	6.257	31.2557
1398794566.250	n	11.3924	3.56089	6.242	31.2555
1398794566.311	n	11.3931	3.56092	6.230	31.2552
1398794566.374	n	11.3938	3.56094	6.219	31.2548
1398794566.437	n	11.3944	3.56094	6.205	31.2543
1398794566.499	n	11.3950	3.56092	6.193	31.2536
1398794566.561	n	11.3955	3.56089	6.180	31.2528
1398794566.623	n	11.3960	3.56086	6.164	31.2522
1398794566.687	n	11.3965	3.56088	6.151	31.2520
1398794566.750	n	11.3972	3.56095	6.142	31.2520
1398794566.812	n	11.3982	3.56104	6.129	31.2521
1398794566.874	n	11.3994	3.56115	6.116	31.2521
1398794566.937	n	11.4007	3.56125	6.103	31.2520
1398794567.000	n	11.4019	3.56135	6.085	31.2520
1398794567.062	n	11.4031	3.56143	6.071	31.2518
1398794567.124	y	11.4041	3.56150	6.057	31.2516
1398794567.186	n	11.4050	3.56158	6.043	31.2516
1398794567.250	n	11.4056	3.56165	6.031	31.2517
1398794567.312	n	11.4062	3.56175	6.017	31.2522
1398794567.373	n	11.4066	3.56186	6.003	31.2530
1398794567.436	n	11.4074	3.56198	5.990	31.2534
1398794567.499	n	11.4087	3.56207	5.975	31.2533
1398794567.560	n	11.4103	3.56214	5.963	31.2526
1398794567.624	n	11.4121	3.56219	5.947	31.2516
1398794567.688	n	11.4137	3.56223	5.932	31.2506
1398794567.749	n	11.4147	3.56226	5.916	31.2501
1398794567.813	n	11.4147	3.56227	5.902	31.2502
1398794567.874	n	11.4142	3.56227	5.891	31.2506
1398794567.936	n	11.4137	3.56226	5.877	31.2509
1398794567.999	n	11.4137	3.56226	5.861	31.2509
1398794568.061	n	11.4143	3.56227	5.849	31.2505
1398794568.123	n	11.4153	3.56228	5.830	31.2498
1398794568.186	n	11.4161	3.56229	5.819	31.2493
1398794568.249	n	11.4166	3.56231	5.803	31.2489
1398794568.313	n	11.4172	3.56233	5.792	31.2487
1398794568.374	n	11.4178	3.56238	5.774	31.2487
1398794568.436	n	11.4184	3.56243	5.760	31.2486
1398794568.498	n	11.4192	3.56248	5.748	31.2484
1398794568.561	n	11.4208	3.56255	5.731	31.2478
1398794568.624	n	11.4232	3.56266	5.717	31.2469
1398794568.689	n	11.4263	3.56283	5.706	31.2459
1398794568.749	n	11.4296	3.56304	5.692	31.2452
1398794568.811	n	11.4325	3.56325	5.675	31.2447
1398794568.874	n	11.4350	3.56340	5.661	31.2442
1398794568.936	n	11.4373	3.56349	5.649	31.2431
1398794569.000	n	11.4397	3.56352	5.632	31.2414
1398794569.062	n	11.4417	3.56355	5.617	31.2400
1398794569.124	n	11.4430	3.56361	5.605	31.2394
1398794569.187	n	11.4434	3.56368	5.591	31.2398
1398794569.250	n	11.4431	3.56377	5.577	31.2409
1398794569.312	n	11.4427	3.56382	5.562	31.2418
1398794569.537	y	11.4425	3.56387	5.548	31.2424
1398794569.545	n	11.4430	3.56392	5.530	31.2425
1398794569.552	n	11.4438	3.56398	5.514	31.2424
1398794569.563	n	11.4448	3.56405	5.505	31.2422
1398794569.624	n	11.4458	3.56409	5.488	31.2418
1398794569.690	n	11.4465	3.56410	5.471	31.2413
1398794569.751	n	11.4469	3.56409	5.459	31.2408
1398794569.814	n	11.4472	3.56408	5.444	31.2405
1398794569.874	n	11.4472	3.56409	5.428	31.2406
1398794569.936	n	11.4471	3.56412	5.412	31.2410
1398794569.999	n	11.4468	3.56415	5.394	31.2416
1398794570.061	n	11.4464	3.56418	5.380	31.2422
1398794570.123	n	11.4459	3.56418	5.365	31.2427
1398794570.186	n	11.4454	3.56416	5.351	31.2430
1398794570.249	n	11.4450	3.56414	5.338	31.2430
1398794570.311	n	11.4449	3.56412	5.320	31.2430
1398794570.374	n	11.4449	3.56411	5.306	31.2428
1398794570.436	n	11.4451	3.56412	5.287	31.2427
1398794570.501	n	11.4452	3.56412	5.271	31.2427
1398794570.561	n	11.4452	3.56413	5.256	31.2428
1398794570.623	n	11.4452	3.56414	5.239	31.2429
1398794570.686	n	11.4454	3.56414	5.221	31.2427
1398794570.755	y	11.4458	3.56415	5.204	31.2425
1398794570.812	n	11.4463	3.56417	5.191	31.2423
1398794570.873	n	11.4467	3.56420	5.171	31.2422
1398794570.938	n	11.4470	3.56424	5.154	31.2424
1398794570.998	n	11.4473	3.56428	5.137	31.2425
1398794571.063	n	11.4477	3.56429	5.121	31.2423
1398794571.124	n	11.4480	3.56429	5.106	31.2421
1398794571.186	n	11.4481	3.56429	5.089	31.2419
1398794571.249	n	11.4481	3.56430	5.074	31.2420
1398794571.313	n	11.4482	3.56433	5.056	31.2423
1398794571.373	n	11.4486	3.56437	5.037	31.2423
1398794571.435	n	11.4494	3.56443	5.021	31.2422
1398794571.499	n	11.4504	3.56450	5.002	31.2420
1398794571.561	n	11.4512	3.56456	4.988	31.2420
1398794571.623	n	11.4515	3.56457	4.968	31.2419
1398794571.686	n	11.4512	3.56454	4.949	31.2419
1398794571.748	n	11.4507	3.56451	4.935	31.2420
1398794571.811	n	11.4506	3.56457	4.916	31.2427
1398794571.874	n	11.4516	3.56483	4.899	31.2444
1398794571.935	n	11.4547	3.56533	4.881	31.2466
1398794571.998	n	11.4599	3.56599	4.863	31.2486
1398794572.060	n	11.4664	3.56662	4.846	31.2492
1398794572.124	n	11.4728	3.56705	4.828	31.2481
1398794572.185	n	11.4773	3.56720	4.812	31.2457
1398794572.248	n	11.4793	3.56713	4.793	31.2433
1398794572.310	n	11.4797	3.56698	4.775	31.2416
1398794572.373	n	11.4813	3.56708	4.759	31.2412
1398794572.436	n	11.4874	3.56763	4.741	31.2414
1398794572.499	n	11.4993	3.56852	4.722	31.2401
1398794572.562	n	11.5144	3.56957	4.701	31.2375
1398794572.624	n	11.5275	3.57037	4.683	31.2343
1398794572.685	n	11.5361	3.57072	4.665	31.2304
1398794572.749	n	11.5412	3.57088	4.646	31.2277
1398794572.810	n	11.5449	3.57117	4.628	31.2273
1398794572.873	n	11.5496	3.57165	4.612	31.2281
1398794572.937	n	11.5520	3.57226	4.594	31.2320
1398794573.000	n	11.5469	3.57266	4.571	31.2402
1398794573.062	n	11.5387	3.57251	4.555	31.2457
1398794573.125	n	11.5337	3.57193	4.536	31.2443
1398794573.187	n	11.5350	3.57111	4.518	31.2351
1398794573.248	n	11.5418	3.57044	4.498	31.2229
1398794573.311	n	11.5498	3.57037	4.483	31.2155
1398794573.374	n	11.5552	3.57107	4.465	31.2178
1398794573.437	n	11.5594	3.57220	4.444	31.2253
1398794573.500	n	11.5652	3.57341	4.423	31.2321
1398794573.562	n	11.5721	3.57431	4.407	31.2350
1398794573.724	y	11.5766	3.57480	4.391	31.2360
1398794573.730	n	11.5784	3.57514	4.369	31.2378
1398794573.750	n	11.5808	3.57559	4.348	31.2401
1398794573.812	n	11.5855	3.57614	4.332	31.2415
1398794573.874	n	11.5930	3.57670	4.313	31.2407
1398794573.936	n	11.6016	3.57722	4.294	31.2384
1398794573.999	n	11.6085	3.57761	4.275	31.2364
1398794574.062	n	11.6124	3.57785	4.257	31.2355
1398794574.124	n	11.6142	3.57801	4.239	31.2356
1398794574.185	n	11.6146	3.57810	4.219	31.2361
1398794574.249	n	11.6152	3.57820	4.199	31.2365
1398794574.311	n	11.6165	3.57833	4.179	31.2367
1398794574.374	y	11.6182	3.57836	4.162	31.2355
1398794574.437	n	11.6192	3.57829	4.144	31.2341
1398794574.500	n	11.6180	3.57809	4.127	31.2331
1398794574.561	n	11.6144	3.57774	4.108	31.2328
1398794574.623	n	11.6094	3.57740	4.087	31.2337
1398794574.686	n	11.6040	3.57715	4.070	31.2358
1398794574.749	n	11.5999	3.57698	4.051	31.2377
1398794574.811	n	11.5979	3.57696	4.035	31.2392
1398794574.873	n	11.5977	3.57698	4.017	31.2394
1398794574.937	n	11.5987	3.57693	3.996	31.2382
1398794574.998	n	11.5999	3.57685	3.978	31.2364
1398794575.063	n	11.6010	3.57686	3.959	31.2355
1398794575.124	n	11.6021	3.57700	3.940	31.2360
1398794575.187	n	11.6019	3.57715	3.923	31.2377
1398794575.249	n	11.5998	3.57719	3.905	31.2399
1398794575.311	n	11.5970	3.57712	3.891	31.2416
1398794575.373	n	11.5964	3.57705	3.872	31.2413
1398794575.437	n	11.5999	3.57713	3.852	31.2392
1398794575.500	n	11.6065	3.57737	3.837	31.2360
1398794575.562	n	11.6118	3.57750	3.816	31.2328
1398794575.624	n	11.6110	3.57729	3.797	31.2313
1398794575.686	n	11.6044	3.57676	3.781	31.2318
1398794575.748	n	11.5958	3.57615	3.764	31.2332
1398794575.811	n	11.5883	3.57569	3.747	31.2350
1398794575.873	n	11.5842	3.57556	3.731	31.2372
1398794575.937	n	11.5831	3.57569	3.713	31.2395
1398794575.999	n	11.5830	3.57585	3.697	31.2411
1398794576.060	n	11.5835	3.57591	3.682	31.2413
1398794576.124	n	11.5850	3.57594	3.669	31.2402
1398794576.187	n	11.5872	3.57590	3.651	31.2381
1398794576.249	n	11.5894	3.57585	3.634	31.2357
1398794576.311	n	11.5910	3.57584	3.620	31.2342
1398794576.374	n	11.5909	3.57580	3.604	31.2340
1398794576.436	n	11.5892	3.57572	3.592	31.2346
1398794576.500	n	11.5870	3.57564	3.575	31.2357
1398794576.562	n	11.5857	3.57558	3.560	31.2363
1398794576.623	n	11.5861	3.57559	3.546	31.2361
1398794576.687	n	11.5887	3.57570	3.532	31.2348
1398794576.750	n	11.5923	3.57582	3.519	31.2330
1398794576.811	n	11.5943	3.57588	3.499	31.2319
1398794576.873	n	11.5936	3.57580	3.488	31.2318
1398794576.936	n	11.5907	3.57561	3.472	31.2324
1398794576.999	n	11.5868	3.57542	3.458	31.2338
1398794577.061	n	11.5839	3.57529	3.449	31.2349
1398794577.123	n	11.5823	3.57520	3.439	31.2354
1398794577.186	n	11.5813	3.57514	3.425	31.2357
1398794577.250	n	11.5806	3.57509	3.414	31.2359
1398794577.311	n	11.5801	3.57505	3.399	31.2359
1398794577.374	n	11.5795	3.57501	3.388	31.2359
1398794577.437	n	11.5790	3.57497	3.378	31.2361
1398794577.499	n	11.5791	3.57503	3.365	31.2365
1398794577.563	n	11.5801	3.57520	3.358	31.2374
1398794577.623	n	11.5817	3.57543	3.346	31.2382
1398794577.685	n	11.5837	3.57563	3.337	31.2385
1398794577.750	n	11.5854	3.57573	3.328	31.2380
1398794577.812	n	11.5870	3.57569	3.321	31.2363
1398794577.972	y	11.5900	3.57563	3.311	31.2332
1398794577.978	n	11.5947	3.57563	3.304	31.2292
1398794578.086	y	11.6009	3.57569	3.294	31.2247
1398794578.165	y	11.6075	3.57582	3.289	31.2203
1398794578.171	n	11.6127	3.57597	3.282	31.2174
1398794578.187	n	11.6142	3.57606	3.272	31.2170
1398794578.249	n	11.6108	3.57602	3.263	31.2195
1398794578.311	n	11.6033	3.57589	3.259	31.2245
1398794578.373	n	11.5941	3.57570	3.249	31.2304
1398794578.437	n	11.5864	3.57552	3.243	31.2352
1398794578.499	n	11.5826	3.57541	3.234	31.2374
1398794578.560	n	11.5824	3.57538	3.231	31.2372
1398794578.623	n	11.5845	3.57539	3.226	31.2356
1398794578.686	n	11.5871	3.57541	3.221	31.2336
1398794578.750	n	11.5887	3.57544	3.215	31.2325
1398794578.811	n	11.5888	3.57547	3.210	31.2327
1398794578.873	n	11.5881	3.57550	3.205	31.2336
1398794578.937	n	11.5885	3.57557	3.203	31.2339
1398794579.000	n	11.5909	3.57569	3.195	31.2330
1398794579.060	n	11.5944	3.57581	3.190	31.2312
1398794579.123	n	11.5974	3.57593	3.193	31.2299
1398794579.186	n	11.5991	3.57605	3.189	31.2297
1398794579.250	n	11.5994	3.57616	3.187	31.2305
1398794579.312	n	11.5994	3.57625	3.184	31.2313
1398794579.374	n	11.5997	3.57633	3.182	31.2318
1398794579.437	n	11.5999	3.57638	3.178	31.2322
1398794579.498	n	11.5998	3.57642	3.173	31.2327
1398794579.562	n	11.5997	3.57646	3.173	31.2332
1398794579.624	n	11.5999	3.57650	3.169	31.2333
1398794579.687	n	11.6006	3.57654	3.170	31.2332
1398794579.752	n	11.6012	3.57657	3.169	31.2329
1398794579.812	n	11.6015	3.57657	3.169	31.2327
1398794579.874	n	11.6008	3.57656	3.171	31.2332
1398794579.936	n	11.5995	3.57651	3.169	31.2338
1398794579.998	n	11.5981	3.57645	3.168	31.2343
1398794580.062	n	11.5971	3.57639	3.168	31.2347
1398794580.123	n	11.5962	3.57632	3.165	31.2347
1398794580.187	n	11.5954	3.57624	3.167	31.2346
1398794580.248	n	11.5942	3.57615	3.167	31.2347
1398794580.312	n	11.5931	3.57607	3.169	31.2349
1398794580.374	n	11.5924	3.57601	3.168	31.2349
1398794580.436	n	11.5917	3.57598	3.168	31.2352
1398794580.499	n	11.5911	3.57596	3.167	31.2355
1398794580.562	n	11.5908	3.57596	3.167	31.2358
1398794580.623	n	11.5908	3.57596	3.174	31.2358
1398794580.686	n	11.5911	3.57597	3.175	31.2356
1398794580.751	n	11.5916	3.57599	3.179	31.2354
1398794580.812	n	11.5918	3.57602	3.181	31.2355
1398794580.873	n	11.5919	3.57605	3.183	31.2357
1398794580.936	n	11.5922	3.57608	3.180	31.2357
1398794581.000	n	11.5927	3.57609	3.179	31.2355
1398794581.061	n	11.5924	3.57609	3.182	31.2357
1398794581.123	n	11.5901	3.57607	3.183	31.2374
1398794581.186	n	11.5869	3.57601	3.185	31.2396
1398794581.248	n	11.5838	3.57593	3.187	31.2413
1398794581.313	n	11.5823	3.57583	3.189	31.2416
1398794581.374	n	11.5830	3.57574	3.188	31.2402
1398794581.437	n	11.5849	3.57568	3.187	31.2381
1398794581.499	n	11.5861	3.57562	3.188	31.2364
1398794581.562	n	11.5868	3.57557	3.187	31.2354
1398794581.663	y	11.5870	3.57555	3.186	31.2350
1398794581.686	n	11.5874	3.57556	3.185	31.2348
1398794581.751	n	11.5882	3.57560	3.189	31.2345
1398794581.812	n	11.5889	3.57564	3.187	31.2343
1398794581.874	n	11.5889	3.57564	3.184	31.2343
1398794581.937	n	11.5875	3.57560	3.182	31.2350
1398794581.999	n	11.5849	3.57552	3.175	31.2364
1398794582.063	n	11.5822	3.57540	3.174	31.2376
1398794582.204	y	11.5797	3.57520	3.172	31.2377
1398794582.212	n	11.5784	3.57495	3.166	31.2364
1398794582.250	n	11.5792	3.57475	3.165	31.2338
1398794582.313	n	11.5827	3.57475	3.160	31.2309
1398794582.374	n	11.5873	3.57495	3.155	31.2289
1398794582.436	n	11.5921	3.57522	3.154	31.2275
1398794582.500	n	11.5956	3.57541	3.149	31.2264
1398794582.561	n	11.5968	3.57554	3.144	31.2267
1398794582.625	n	11.5961	3.57568	3.139	31.2286
1398794582.686	n	11.5954	3.57596	3.128	31.2319
1398794582.753	n	11.5958	3.57638	3.122	31.2356
1398794582.812	n	11.5974	3.57679	3.114	31.2382
1398794582.873	n	11.5992	3.57696	3.108	31.2384
1398794582.935	n	11.5994	3.57683	3.102	31.2370
1398794582.998	n	11.5970	3.57645	3.092	31.2354
1398794583.061	n	11.5938	3.57600	3.084	31.2337
1398794583.123	n	11.5919	3.57566	3.077	31.2320
1398794583.186	n	11.5917	3.57560	3.065	31.2316
1398794583.251	n	11.5932	3.57576	3.058	31.2319
1398794583.312	n	11.5955	3.57604	3.047	31.2326
1398794583.374	n	11.5968	3.57630	3.036	31.2341
1398794583.437	n	11.5953	3.57637	3.025	31.2360
1398794583.501	n	11.5909	3.57621	3.016	31.2382
1398794583.562	n	11.5844	3.57594	3.005	31.2410
1398794583.623	n	11.5778	3.57572	2.989	31.2444
1398794583.686	n	11.5737	3.57567	2.977	31.2474
1398794583.751	n	11.5744	3.57581	2.962	31.2482
1398794583.812	n	11.5809	3.57616	2.948	31.2462
1398794583.873	n	11.5916	3.57666	2.935	31.2420
1398794583.936	n	11.6041	3.57724	2.918	31.2370
1398794584.000	n	11.6148	3.57781	2.903	31.2336
1398794584.064	n	11.6208	3.57827	2.888	31.2329
1398794584.123	n	11.6231	3.57852	2.873	31.2334
1398794584.186	n	11.6241	3.57864	2.856	31.2339
1398794584.249	n	11.6252	3.57870	2.837	31.2335
1398794584.313	n	11.6272	3.57877	2.820	31.2325
1398794584.374	n	11.6293	3.57881	2.801	31.2311
1398794584.437	n	11.6305	3.57879	2.783	31.2300
1398794584.499	n	11.6303	3.57873	2.764	31.2295
1398794584.563	n	11.6289	3.57865	2.743	31.2299
1398794584.623	n	11.6274	3.57858	2.720	31.2306
1398794584.686	n	11.6272	3.57859	2.701	31.2308
1398794584.750	n	11.6288	3.57863	2.681	31.2298
1398794584.812	n	11.6319	3.57873	2.661	31.2283
1398794584.873	n	11.6352	3.57894	2.639	31.2274
1398794584.936	n	11.6370	3.57912	2.617	31.2278
1398794584.999	n	11.6360	3.57912	2.594	31.2286
1398794585.061	n	11.6320	3.57887	2.571	31.2296
1398794585.124	n	11.6256	3.57843	2.550	31.2307
1398794585.187	n	11.6189	3.57795	2.527	31.2317
1398794585.248	n	11.6146	3.57765	2.503	31.2323
1398794585.312	n	11.6135	3.57764	2.478	31.2332
1398794585.374	y	11.6136	3.57770	2.454	31.2337
1398794585.436	n	11.6133	3.57767	2.433	31.2337
1398794585.500	n	11.6112	3.57754	2.412	31.2343
1398794585.563	n	11.6079	3.57735	2.385	31.2351
1398794585.624	n	11.6053	3.57715	2.358	31.2355
1398794585.687	n	11.6048	3.57711	2.334	31.2355
1398794585.751	n	11.6071	3.57718	2.309	31.2342
1398794585.810	n	11.6112	3.57736	2.282	31.2324
1398794585.874	n	11.6159	3.57762	2.254	31.2311
1398794585.936	n	11.6197	3.57786	2.230	31.2302
1398794585.998	n	11.6220	3.57807	2.202	31.2303
1398794586.062	n	11.6237	3.57828	2.175	31.2310
1398794586.125	n	11.6265	3.57857	2.145	31.2314
1398794586.186	n	11.6307	3.57899	2.123	31.2319
1398794586.248	n	11.6356	3.57948	2.100	31.2326
1398794586.312	n	11.6395	3.57984	2.073	31.2328
1398794586.465	y	11.6419	3.58001	2.044	31.2324
1398794586.472	n	11.6433	3.58004	2.017	31.2316
1398794586.500	n	11.6445	3.58000	1.992	31.2302
1398794586.561	n	11.6457	3.57994	1.965	31.2286
1398794586.624	n	11.6469	3.57993	1.937	31.2275
1398794586.686	n	11.6477	3.57997	1.907	31.2272
1398794586.748	n	11.6481	3.58008	1.878	31.2279
1398794586.812	n	11.6484	3.58023	1.855	31.2291
1398794586.873	n	11.6491	3.58039	1.828	31.2301
1398794586.936	n	11.6503	3.58054	1.800	31.2306
1398794586.998	n	11.6516	3.58067	1.772	31.2308
1398794587.061	n	11.6528	3.58076	1.745	31.2307
1398794587.123	n	11.6538	3.58083	1.720	31.2306
1398794587.185	n	11.6544	3.58086	1.691	31.2303
1398794587.248	n	11.6545	3.58087	1.662	31.2303
1398794587.312	n	11.6543	3.58088	1.638	31.2306
1398794587.374	n	11.6537	3.58087	1.611	31.2310
1398794587.436	n	11.6532	3.58086	1.581	31.2314
1398794587.501	n	11.6535	3.58090	1.558	31.2315
1398794587.561	n	11.6544	3.58096	1.531	31.2313
1398794587.624	n	11.6558	3.58103	1.506	31.2309
1398794587.687	n	11.6569	3.58109	1.483	31.2305
1398794587.750	n	11.6577	3.58111	1.457	31.2301
1398794587.811	n	11.6582	3.58112	1.433	31.2297
1398794587.874	n	11.6586	3.58114	1.410	31.2296
1398794587.936	n	11.6586	3.58116	1.385	31.2298
1398794587.998	n	11.6582	3.58115	1.363	31.2300
1398794588.063	n	11.6578	3.58111	1.343	31.2300
1398794588.125	n	11.6579	3.58109	1.321	31.2298
1398794588.187	n	11.6587	3.58112	1.297	31.2294
1398794588.250	n	11.6598	3.58120	1.275	31.2292
1398794588.313	n	11.6605	3.58129	1.253	31.2295
1398794588.374	n	11.6607	3.58137	1.232	31.2301
1398794588.436	n	11.6608	3.58143	1.210	31.2307
1398794588.498	n	11.6612	3.58145	1.189	31.2305
1398794588.561	n	11.6621	3.58149	1.166	31.2302
1398794588.623	n	11.6630	3.58153	1.143	31.2299
1398794588.687	n	11.6628	3.58152	1.122	31.2298
1398794588.748	n	11.6615	3.58141	1.105	31.2300
1398794588.811	n	11.6595	3.58126	1.084	31.2302
1398794588.874	n	11.6579	3.58110	1.063	31.2300
1398794588.936	n	11.6570	3.58103	1.043	31.2300
1398794589.001	y	11.6572	3.58106	1.024	31.2302
1398794589.060	n	11.6580	3.58116	1.005	31.2305
1398794589.124	n	11.6593	3.58130	0.989	31.2308
1398794589.186	n	11.6617	3.58150	0.972	31.2306
1398794589.250	n	11.6649	3.58172	0.958	31.2301
1398794589.312	n	11.6681	3.58192	0.945	31.2294
1398794589.374	n	11.6699	3.58203	0.929	31.2289
1398794589.436	n	11.6697	3.58199	0.915	31.2287
1398794589.499	n	11.6678	3.58183	0.899	31.2288
1398794589.563	n	11.6661	3.58169	0.887	31.2288
1398794589.623	n	11.6655	3.58159	0.873	31.2283
1398794589.686	n	11.6667	3.58159	0.860	31.2274
1398794589.749	n	11.6700	3.58176	0.848	31.2262
1398794589.811	n	11.6734	3.58193	0.832	31.2250
1398794589.873	n	11.6749	3.58200	0.816	31.2245
1398794589.936	n	11.6742	3.58194	0.805	31.2245
1398794589.999	n	11.6715	3.58174	0.796	31.2248
1398794590.062	n	11.6682	3.58148	0.784	31.2251
1398794590.124	n	11.6664	3.58134	0.771	31.2252
1398794590.186	n	11.6667	3.58136	0.763	31.2252
1398794590.250	n	11.6686	3.58149	0.754	31.2249
1398794590.312	n	11.6714	3.58167	0.741	31.2243
1398794590.374	n	11.6739	3.58189	0.732	31.2243
1398794590.437	n	11.6751	3.58207	0.725	31.2250
1398794590.499	n	11.6748	3.58215	0.718	31.2260
1398794590.563	n	11.6740	3.58216	0.709	31.2269
1398794590.685	y	11.6737	3.58215	0.706	31.2270
1398794590.690	n	11.6743	3.58216	0.704	31.2266
1398794590.751	n	11.6753	3.58228	0.703	31.2269
1398794590.810	n	11.6760	3.58245	0.697	31.2280
1398794590.873	n	11.6757	3.58254	0.695	31.2291
1398794590.936	n	11.6752	3.58252	0.692	31.2293
1398794590.999	n	11.6765	3.58262	0.688	31.2291
1398794591.061	n	11.6808	3.58300	0.685	31.2292
1398794591.123	n	11.6873	3.58363	0.682	31.2299
1398794591.186	n	11.6940	3.56557	0.676	31.0494
1398794591.248	n	11.6989	3.22719	0.670	27.7973
1398794591.313	n	11.7012	2.65985	0.663	22.4604
1398794591.375	n	11.7021	2.22181	0.660	18.4391
1398794591.437	n	11.7030	2.07474	0.658	17.1091
1398794591.499	n	11.7044	2.18977	0.651	18.1474
1398794591.562	n	11.7054	2.35122	0.652	19.6159
1398794591.623	n	11.7056	2.18748	0.652	18.1261
1398794591.686	n	11.7049	1.74142	0.649	14.1357
1398794591.752	n	11.7041	1.31609	0.646	10.4319
1398794591.810	n	11.7046	1.05289	0.651	8.1972
1398794591.875	n	11.7069	0.95556	0.649	7.3832
1398794591.936	n	11.7110	0.87280	0.644	6.6966
1398794591.998	n	11.7159	0.79654	0.644	6.0691
1398794592.062	n	11.7199	0.74529	0.642	5.6503
1398794592.123	n	11.7214	0.70833	0.645	5.3501
1398794592.185	n	11.7200	0.67738	0.647	5.1002
1398794592.250	n	11.7166	0.67325	0.648	5.0673
1398794592.312	n	11.7128	0.69579	0.650	5.2499
1398794592.373	n	11.7099	0.74744	0.650	5.6693
1398794592.436	n	11.7083	0.84421	0.651	6.4615
1398794592.498	n	11.7074	0.95690	0.655	7.3942
1398794592.561	n	11.7067	1.07929	0.656	8.4187
1398794592.633	y	11.7059	1.21112	0.657	9.5345
1398794592.686	n	11.7049	1.35474	0.663	10.7638
1398794592.752	n	11.7037	1.47556	0.668	11.8083
1398794592.811	n	11.7027	1.52569	0.671	12.2445
1398794592.874	n	11.7020	1.45841	0.675	11.6600
1398794592.936	n	11.7017	1.28140	0.678	10.1354
1398794592.998	n	11.7018	1.04621	0.681	8.1418
1398794593.062	n	11.7021	0.82919	0.682	6.3391
1398794593.123	n	11.7026	0.68328	0.686	5.1501
1398794593.186	n	11.7039	0.62450	0.689	4.6770
1398794593.248	n	11.7057	0.65693	0.691	4.9373
1398794593.311	n	11.7078	0.79284	0.691	6.0401
1398794593.374	n	11.7094	0.98371	0.695	7.6172
1398794593.475	y	11.7102	1.15427	0.698	9.0509
1398794593.500	n	11.7102	1.27346	0.697	10.0652
1398794593.562	n	11.7100	1.37146	0.696	10.9062
1398794593.624	n	11.7098	1.44812	0.697	11.5684
1398794593.686	n	11.7100	1.50686	0.700	12.0781
1398794593.748	n	11.7103	1.51595	0.698	12.1571
1398794593.812	n	11.7104	1.46705	0.700	11.7323
1398794593.874	n	11.7102	1.40928	0.701	11.2324
1398794593.937	n	11.7098	1.39350	0.704	11.0963
1398794593.999	n	11.7092	1.40825	0.708	11.2238
1398794594.061	n	11.7087	1.40466	0.714	11.1930
1398794594.124	n	11.7084	1.37051	0.721	10.8986
1398794594.186	n	11.7080	1.32725	0.724	10.5266
1398794594.249	n	11.7074	1.28560	0.728	10.1698
1398794594.311	n	11.7068	1.24115	0.737	9.7901
1398794594.373	n	11.7064	1.15591	0.745	9.0657
1398794594.435	n	11.7063	1.05020	0.749	8.1743
1398794594.500	n	11.7062	1.02438	0.750	7.9577
1398794594.562	n	11.7059	1.09044	0.753	8.5127
1398794594.625	n	11.7048	1.23382	0.759	9.7281
1398794594.686	n	11.7030	1.40829	0.760	11.2260
1398794594.749	n	11.7008	1.51720	0.763	12.1711
1398794594.812	n	11.6981	1.58791	0.764	12.7890
1398794594.955	y	11.6949	1.76092	0.762	14.3118
1398794594.960	n	11.6913	2.02749	0.761	16.6894
1398794595.000	n	11.6877	2.31087	0.760	19.2568
1398794595.062	n	11.6844	2.48853	0.757	20.8866
1398794595.124	n	11.6819	2.47484	0.754	20.7620
1398794595.187	n	11.6802	2.28109	0.750	18.9892
1398794595.250	n	11.6792	2.05062	0.746	16.9029
1398794595.312	n	11.6786	1.92017	0.745	15.7337
1398794595.374	n	11.6787	1.88465	0.739	15.4168
1398794595.436	n	11.6792	1.92336	0.738	15.7620
1398794595.499	n	11.6799	2.13462	0.734	17.6601
1398794595.562	n	11.6808	2.46785	0.730	20.6983
1398794595.624	n	11.6814	2.82888	0.724	24.0480
1398794595.687	n	11.6814	3.15418	0.721	27.1157
1398794595.749	n	11.6806	3.35093	0.717	28.9938
1398794595.812	n	11.6790	3.37373	0.715	29.2137
1398794595.873	n	11.6768	3.33190	0.710	28.8144
1398794595.937	n	11.6747	3.28079	0.706	28.3271
1398794596.001	n	11.6732	3.24910	0.705	28.0256
1398794596.062	n	11.6723	3.25562	0.700	28.0885
1398794596.123	n	11.6721	3.29487	0.696	28.4637
1398794596.186	n	11.6721	3.34312	0.697	28.9256
1398794596.248	n	11.6720	3.35959	0.697	29.0835
1398794596.368	y	11.6716	3.34312	0.700	28.9260
1398794596.374	n	11.6712	3.32449	0.699	28.7478
1398794596.436	n	11.6712	3.31781	0.696	28.6838
1398794596.499	n	11.6717	3.30621	0.696	28.5724
1398794596.563	n	11.6723	3.27363	0.698	28.2605
1398794596.623	n	11.6724	3.21793	0.697	27.7289
1398794596.687	n	11.6720	3.18387	0.692	27.4049
1398794596.748	n	11.6711	3.20475	0.694	27.6043
1398794596.813	n	11.6701	3.26637	0.690	28.1928
1398794596.874	n	11.6693	3.33080	0.691	28.8097
1398794596.936	n	11.6684	3.36104	0.688	29.1002
1398794597.000	n	11.6676	3.34834	0.684	28.9791
1398794597.062	n	11.6671	3.30997	0.683	28.6120
1398794597.124	n	11.6669	3.26159	0.683	28.1496
1398794597.186	n	11.6669	3.21503	0.675	27.7054
1398794597.249	n	11.6669	3.17913	0.667	27.3635
1398794597.311	n	11.6666	3.17667	0.662	27.3403
1398794597.374	n	11.6660	3.20822	0.657	27.6412
1398794597.437	n	11.6653	3.22993	0.647	27.8487
1398794597.500	n	11.6650	3.24571	0.640	27.9994
1398794597.563	n	11.6652	3.25989	0.629	28.1347
1398794597.627	n	11.6660	3.26816	0.626	28.2130
1398794597.688	n	11.6673	3.26704	0.616	28.2014
1398794597.750	n	11.6689	3.19408	0.605	27.5043
1398794597.813	n	11.6710	2.99779	0.599	25.6424
1398794597.873	n	11.6734	2.81031	0.592	23.8794
1398794597.936	n	11.6762	2.69632	0.584	22.8145
1398794598.000	n	11.6790	2.70962	0.575	22.9364
1398794598.063	n	11.6817	2.86290	0.566	24.3665
1398794598.125	n	11.6843	3.06055	0.559	26.2260
1398794598.187	n	11.6861	3.20181	0.552	27.5652
1398794598.248	n	11.6864	3.31310	0.544	28.6271
1398794598.312	n	11.6848	3.37639	0.539	29.2347
1398794598.373	n	11.6809	3.39265	0.531	29.3938
1398794598.436	n	11.6757	3.38459	0.524	29.3206
1398794598.500	n	11.6704	3.35305	0.522	29.0221
1398794598.562	n	11.6663	3.23199	0.517	27.8676
1398794598.623	n	11.6637	3.04242	0.517	26.0691
1398794598.686	n	11.6626	2.89558	0.513	24.6858
1398794598.751	n	11.6624	2.86673	0.513	24.4151
