Source File: D:\Storage\Programs\OOI\Group 5\Correspondence\07_18_14 sample files\files\11194982.PPB
Processed: 07/18/2014 12:27:49
Using Version: 1.11
Device: CTD
Start Date: 04/29/2014
Timestamp (s)	Suspect Timestamp	Temperature	Conductivity	Pressure	Salinity
1398772638.723	y	10.7412	3.57013	21.422	31.8994
1398772638.788	n	10.7412	3.57016	21.415	31.8997
1398772638.850	n	10.7412	3.57016	21.415	31.8997
1398772638.911	n	10.7412	3.57013	21.422	31.8993
1398772638.975	n	10.7412	3.57016	21.415	31.8997
1398772639.037	n	10.7409	3.57016	21.410	31.9000
1398772639.099	n	10.7411	3.57005	21.407	31.8988
1398772639.163	n	10.7412	3.57014	21.415	31.8995
1398772639.224	n	10.7411	3.57013	21.414	31.8995
1398772639.288	n	10.7411	3.57012	21.413	31.8994
1398772639.350	n	10.7411	3.57012	21.410	31.8994
1398772639.413	n	10.7410	3.57012	21.407	31.8995
1398772639.474	n	10.7410	3.57012	21.405	31.8995
1398772639.539	n	10.7409	3.57011	21.405	31.8995
1398772639.602	n	10.7409	3.57012	21.403	31.8996
1398772639.664	n	10.7409	3.57012	21.399	31.8996
1398772639.726	n	10.7409	3.57012	21.398	31.8997
1398772639.787	n	10.7408	3.57013	21.399	31.8997
1398772639.851	n	10.7408	3.57013	21.397	31.8998
1398772639.912	n	10.7408	3.57013	21.396	31.8998
1398772639.976	n	10.7408	3.57013	21.396	31.8998
1398772640.038	n	10.7408	3.57013	21.394	31.8998
1398772640.100	n	10.7408	3.57012	21.393	31.8997
1398772640.164	n	10.7407	3.57011	21.395	31.8996
1398772640.226	n	10.7407	3.57011	21.389	31.8996
1398772641.119	n	10.7407	3.57011	21.388	31.8997
1398772641.135	n	10.7407	3.57011	21.390	31.8997
1398772641.157	n	10.7406	3.57011	21.390	31.8997
1398772641.164	n	10.7406	3.57011	21.387	31.8998
1398772641.172	n	10.7405	3.57011	21.390	31.8998
1398772641.179	n	10.7405	3.57012	21.386	31.8999
1398772641.186	n	10.7405	3.57012	21.386	31.9000
1398772641.193	n	10.7405	3.57013	21.387	31.9001
1398772641.200	n	10.7404	3.57013	21.386	31.9001
1398772641.207	n	10.7404	3.57013	21.390	31.9001
1398772641.215	n	10.7404	3.57011	21.390	31.9000
1398772641.222	n	10.7404	3.57010	21.391	31.8999
1398772641.228	n	10.7403	3.57010	21.389	31.8999
1398772641.236	n	10.7403	3.57011	21.392	31.9000
1398772641.244	n	10.7403	3.57012	21.395	31.9001
1398772641.253	n	10.7403	3.57012	21.394	31.9001
1398772641.288	n	10.7402	3.57011	21.395	31.9001
1398772641.350	n	10.7401	3.57011	21.396	31.9002
1398772641.412	n	10.7400	3.57012	21.399	31.9003
1398772641.476	n	10.7399	3.57012	21.407	31.9004
1398772641.538	n	10.7399	3.57012	21.406	31.9005
1398772641.607	n	10.7398	3.57012	21.401	31.9006
1398772641.663	n	10.7397	3.57011	21.402	31.9005
1398772641.727	n	10.7397	3.57010	21.404	31.9005
1398772641.789	n	10.7396	3.57010	21.405	31.9005
1398772641.850	n	10.7396	3.57009	21.406	31.9004
1398772641.914	n	10.7395	3.57008	21.410	31.9004
1398772641.975	n	10.7395	3.57008	21.411	31.9004
1398772642.040	n	10.7395	3.57007	21.412	31.9004
1398772642.101	n	10.7394	3.57007	21.413	31.9004
1398772642.162	n	10.7393	3.57008	21.414	31.9005
1398772642.226	n	10.7392	3.57008	21.416	31.9007
1398772642.303	n	10.7390	3.57008	21.416	31.9008
1398772642.350	n	10.7389	3.57007	21.418	31.9008
1398772642.413	n	10.7389	3.57006	21.424	31.9008
1398772642.478	n	10.7388	3.57006	21.426	31.9008
1398772642.538	n	10.7388	3.57007	21.430	31.9009
1398772642.602	n	10.7388	3.57007	21.432	31.9010
1398772642.662	n	10.7387	3.57007	21.433	31.9010
1398772642.727	n	10.7386	3.57007	21.435	31.9011
1398772642.787	n	10.7385	3.57007	21.437	31.9012
1398772642.850	n	10.7384	3.57007	21.440	31.9013
1398772642.914	n	10.7383	3.57007	21.443	31.9014
1398772642.977	n	10.7382	3.57006	21.446	31.9013
1398772643.041	n	10.7381	3.57004	21.451	31.9013
1398772643.101	n	10.7381	3.57004	21.450	31.9012
1398772643.164	n	10.7381	3.57005	21.450	31.9013
1398772643.226	n	10.7381	3.57006	21.452	31.9014
1398772643.289	n	10.7381	3.57007	21.456	31.9016
1398772643.351	n	10.7381	3.57008	21.462	31.9016
1398772643.412	n	10.7380	3.57007	21.464	31.9016
1398772643.475	n	10.7379	3.57006	21.466	31.9016
1398772643.541	n	10.7379	3.57006	21.470	31.9016
1398772643.600	n	10.7378	3.57005	21.472	31.9016
1398772643.663	n	10.7378	3.57006	21.478	31.9017
1398772643.726	n	10.7378	3.57008	21.478	31.9018
1398772643.789	n	10.7379	3.57010	21.479	31.9020
1398772643.850	n	10.7379	3.57011	21.483	31.9021
1398772643.912	n	10.7379	3.57012	21.485	31.9022
1398772643.975	n	10.7379	3.57012	21.486	31.9022
1398772644.039	n	10.7379	3.57012	21.490	31.9022
1398772644.100	n	10.7379	3.57012	21.491	31.9021
1398772644.163	n	10.7379	3.57011	21.495	31.9021
1398772644.225	n	10.7379	3.57010	21.495	31.9020
1398772644.289	n	10.7378	3.57010	21.500	31.9021
1398772644.351	y	10.7377	3.57011	21.505	31.9023
1398772644.412	n	10.7377	3.57012	21.508	31.9023
1398772644.475	n	10.7377	3.57012	21.509	31.9024
1398772644.538	n	10.7378	3.57013	21.513	31.9024
1398772644.753	y	10.7379	3.57015	21.512	31.9025
1398772644.764	n	10.7379	3.57016	21.517	31.9025
1398772644.775	n	10.7380	3.57017	21.519	31.9025
1398772644.788	n	10.7381	3.57016	21.523	31.9024
1398772644.850	n	10.7382	3.57015	21.527	31.9022
1398772644.915	n	10.7383	3.57014	21.526	31.9021
1398772644.974	n	10.7384	3.57015	21.525	31.9020
1398772645.040	n	10.7385	3.57015	21.530	31.9019
1398772645.102	n	10.7387	3.57015	21.533	31.9018
1398772645.165	n	10.7389	3.57016	21.533	31.9017
1398772645.224	n	10.7391	3.57017	21.534	31.9016
1398772645.292	n	10.7393	3.57018	21.538	31.9015
1398772645.349	n	10.7395	3.57019	21.541	31.9015
1398772645.414	n	10.7397	3.57019	21.539	31.9014
1398772645.475	n	10.7399	3.57019	21.543	31.9011
1398772645.540	n	10.7400	3.57018	21.545	31.9009
1398772645.600	n	10.7401	3.57018	21.545	31.9008
1398772645.663	n	10.7402	3.57018	21.547	31.9007
1398772645.725	n	10.7404	3.57019	21.547	31.9007
1398772645.790	n	10.7405	3.57020	21.549	31.9007
1398772645.851	n	10.7406	3.57021	21.548	31.9007
1398772645.913	n	10.7406	3.57021	21.551	31.9006
1398772645.977	n	10.7408	3.57021	21.549	31.9005
1398772646.039	n	10.7410	3.57021	21.551	31.9003
1398772646.099	n	10.7412	3.57022	21.553	31.9002
1398772646.162	n	10.7414	3.57023	21.558	31.9002
1398772646.225	n	10.7415	3.57024	21.559	31.9002
1398772646.287	n	10.7416	3.57025	21.557	31.9002
1398772646.350	n	10.7416	3.57025	21.558	31.9002
1398772646.414	n	10.7417	3.57024	21.558	31.9000
1398772646.478	n	10.7418	3.57023	21.560	31.8998
1398772646.539	n	10.7419	3.57023	21.559	31.8997
1398772646.601	n	10.7420	3.57024	21.558	31.8998
1398772646.665	n	10.7420	3.57024	21.559	31.8998
1398772646.729	n	10.7420	3.57025	21.561	31.8999
1398772646.791	n	10.7420	3.57026	21.560	31.9000
1398772646.850	n	10.7420	3.57025	21.569	31.8999
1398772646.913	n	10.7420	3.57025	21.566	31.8999
1398772646.976	n	10.7420	3.57025	21.561	31.8998
1398772647.043	n	10.7421	3.57024	21.559	31.8997
1398772647.100	n	10.7421	3.57024	21.560	31.8996
1398772647.164	n	10.7422	3.57024	21.558	31.8995
1398772647.226	n	10.7423	3.57024	21.556	31.8995
1398772647.288	n	10.7423	3.57024	21.555	31.8994
1398772647.350	n	10.7424	3.57024	21.554	31.8994
1398772647.413	n	10.7424	3.57024	21.553	31.8994
1398772647.476	n	10.7425	3.57023	21.553	31.8993
1398772647.545	n	10.7425	3.57022	21.552	31.8992
1398772647.600	n	10.7425	3.57023	21.547	31.8993
1398772647.663	n	10.7424	3.57023	21.546	31.8993
1398772647.726	n	10.7424	3.57022	21.547	31.8993
1398772647.787	n	10.7424	3.57022	21.548	31.8992
1398772647.849	n	10.7424	3.57021	21.544	31.8991
1398772647.913	n	10.7424	3.57020	21.540	31.8990
1398772647.976	n	10.7423	3.57020	21.537	31.8991
1398772648.078	y	10.7423	3.57020	21.535	31.8992
1398772648.100	n	10.7422	3.57021	21.532	31.8993
1398772648.162	n	10.7421	3.57020	21.528	31.8993
1398772648.227	n	10.7421	3.57020	21.526	31.8993
1398772648.289	n	10.7420	3.57019	21.521	31.8993
1398772648.349	n	10.7420	3.57018	21.514	31.8993
1398772648.414	n	10.7419	3.57017	21.510	31.8992
1398772648.476	n	10.7419	3.57016	21.509	31.8991
1398772648.539	n	10.7419	3.57014	21.502	31.8990
1398772648.602	y	10.7419	3.57013	21.494	31.8988
1398772648.663	n	10.7419	3.57012	21.490	31.8987
1398772648.725	n	10.7419	3.57011	21.484	31.8986
1398772648.788	n	10.7419	3.57010	21.479	31.8985
1398772648.982	y	10.7419	3.57008	21.471	31.8984
1398772648.991	n	10.7419	3.57008	21.464	31.8983
1398772648.996	n	10.7418	3.57008	21.454	31.8984
1398772649.039	n	10.7418	3.57009	21.446	31.8986
1398772649.101	n	10.7417	3.57010	21.436	31.8987
1398772649.164	n	10.7416	3.57010	21.429	31.8987
1398772649.227	n	10.7415	3.57009	21.425	31.8988
1398772649.291	n	10.7413	3.57008	21.419	31.8989
1398772649.361	n	10.7411	3.57008	21.405	31.8990
1398772649.414	n	10.7410	3.57007	21.397	31.8991
1398772649.474	n	10.7410	3.57007	21.388	31.8990
1398772649.538	n	10.7410	3.57006	21.379	31.8989
1398772649.601	n	10.7411	3.57005	21.366	31.8988
1398772649.662	n	10.7411	3.57005	21.360	31.8988
1398772649.726	n	10.7411	3.57005	21.352	31.8988
1398772649.787	n	10.7410	3.57006	21.341	31.8989
1398772649.865	n	10.7410	3.57006	21.331	31.8989
1398772649.913	n	10.7410	3.57006	21.323	31.8989
1398772649.975	n	10.7410	3.57006	21.308	31.8989
1398772650.038	n	10.7410	3.57006	21.300	31.8989
1398772650.101	n	10.7410	3.57006	21.292	31.8990
1398772650.164	n	10.7411	3.57006	21.282	31.8990
1398772650.226	n	10.7411	3.57006	21.271	31.8990
1398772650.290	n	10.7411	3.57006	21.260	31.8989
1398772650.350	n	10.7411	3.57004	21.248	31.8987
1398772650.413	n	10.7411	3.57004	21.237	31.8987
1398772650.475	n	10.7411	3.57004	21.229	31.8987
1398772650.539	n	10.7411	3.57004	21.222	31.8987
1398772650.602	n	10.7411	3.57006	21.209	31.8989
1398772650.662	n	10.7411	3.57007	21.198	31.8990
1398772650.725	n	10.7412	3.57008	21.188	31.8990
1398772650.788	n	10.7412	3.57008	21.177	31.8990
1398772650.850	n	10.7412	3.57007	21.166	31.8990
1398772650.913	n	10.7412	3.57007	21.153	31.8990
1398772650.974	n	10.7411	3.57007	21.141	31.8990
1398772651.038	n	10.7411	3.57007	21.136	31.8991
1398772651.225	n	10.7411	3.57008	21.126	31.8991
1398772651.234	n	10.7411	3.57007	21.113	31.8991
1398772651.240	n	10.7412	3.57008	21.100	31.8991
1398772651.291	n	10.7412	3.57007	21.089	31.8990
1398772651.350	n	10.7413	3.57007	21.079	31.8989
1398772651.412	n	10.7413	3.57007	21.070	31.8989
1398772651.476	n	10.7413	3.57007	21.061	31.8989
1398772651.538	n	10.7413	3.57007	21.050	31.8989
1398772651.637	y	10.7413	3.57008	21.037	31.8990
1398772651.663	n	10.7413	3.57008	21.027	31.8990
1398772651.725	n	10.7414	3.57009	21.019	31.8990
1398772651.789	n	10.7415	3.57009	21.006	31.8989
1398772651.851	n	10.7416	3.57009	20.997	31.8988
1398772651.913	n	10.7416	3.57009	20.985	31.8988
1398772651.976	n	10.7417	3.57009	20.972	31.8988
1398772652.038	n	10.7418	3.57010	20.961	31.8988
1398772652.100	n	10.7418	3.57010	20.952	31.8988
1398772652.163	n	10.7419	3.57010	20.945	31.8987
1398772652.225	n	10.7420	3.57010	20.932	31.8987
1398772652.293	n	10.7421	3.57011	20.920	31.8987
1398772652.350	n	10.7422	3.57012	20.914	31.8987
1398772652.412	n	10.7423	3.57013	20.895	31.8986
1398772652.474	n	10.7425	3.57013	20.879	31.8985
1398772652.538	n	10.7427	3.57012	20.873	31.8983
1398772652.599	n	10.7428	3.57012	20.862	31.8982
1398772652.663	n	10.7429	3.57013	20.849	31.8981
1398772652.727	n	10.7431	3.57013	20.838	31.8980
1398772652.788	n	10.7434	3.57013	20.826	31.8978
1398772652.850	n	10.7436	3.57014	20.814	31.8977
1398772652.912	n	10.7439	3.57015	20.800	31.8975
1398772652.976	n	10.7442	3.57016	20.787	31.8974
1398772653.038	n	10.7446	3.57017	20.775	31.8971
1398772653.209	y	10.7451	3.57017	20.762	31.8967
1398772653.214	n	10.7455	3.57017	20.754	31.8963
1398772653.226	n	10.7460	3.57017	20.741	31.8960
1398772653.288	n	10.7465	3.57017	20.725	31.8956
1398772653.351	n	10.7470	3.57018	20.713	31.8952
1398772653.414	n	10.7475	3.57019	20.696	31.8948
1398772653.476	n	10.7481	3.57019	20.683	31.8943
1398772653.537	n	10.7487	3.57019	20.671	31.8938
1398772653.600	n	10.7493	3.57019	20.656	31.8932
1398772653.664	n	10.7499	3.57018	20.642	31.8927
1398772653.725	n	10.7506	3.57018	20.627	31.8921
1398772653.788	n	10.7513	3.57018	20.610	31.8915
1398772653.851	n	10.7520	3.57019	20.594	31.8910
1398772653.912	n	10.7527	3.57020	20.581	31.8904
1398772653.975	n	10.7535	3.57020	20.564	31.8898
1398772654.038	n	10.7543	3.57021	20.547	31.8892
1398772654.100	n	10.7551	3.57021	20.529	31.8885
1398772654.162	n	10.7559	3.57021	20.514	31.8878
1398772654.226	n	10.7567	3.57021	20.500	31.8871
1398772654.288	n	10.7575	3.57021	20.480	31.8864
1398772654.350	n	10.7584	3.57020	20.462	31.8856
1398772654.413	n	10.7593	3.57021	20.447	31.8849
1398772654.475	n	10.7602	3.57022	20.430	31.8842
1398772654.539	n	10.7611	3.57024	20.411	31.8836
1398772654.600	n	10.7621	3.57026	20.394	31.8829
1398772654.662	n	10.7630	3.57028	20.374	31.8823
1398772654.727	n	10.7639	3.57028	20.352	31.8816
1398772654.788	n	10.7648	3.57028	20.335	31.8808
1398772654.851	n	10.7657	3.57027	20.314	31.8800
1398772654.913	n	10.7665	3.57027	20.297	31.8792
1398772654.977	n	10.7674	3.57026	20.277	31.8784
1398772655.039	n	10.7683	3.57027	20.255	31.8777
1398772655.100	n	10.7691	3.57026	20.235	31.8769
1398772655.162	n	10.7699	3.57026	20.217	31.8762
1398772655.225	n	10.7706	3.57027	20.191	31.8756
1398772655.289	n	10.7713	3.57028	20.170	31.8752
1398772655.402	y	10.7720	3.57029	20.149	31.8747
1398772655.412	n	10.7726	3.57029	20.128	31.8742
1398772655.475	n	10.7733	3.57029	20.103	31.8736
1398772655.538	n	10.7740	3.57029	20.081	31.8730
1398772655.601	n	10.7747	3.57028	20.058	31.8724
1398772655.663	n	10.7753	3.57028	20.038	31.8717
1398772655.726	n	10.7760	3.57027	20.013	31.8710
1398772655.787	n	10.7767	3.57026	19.992	31.8704
1398772655.850	n	10.7774	3.57027	19.966	31.8698
1398772655.912	n	10.7781	3.57027	19.943	31.8693
1398772655.975	n	10.7788	3.57028	19.919	31.8688
1398772656.039	n	10.7795	3.57027	19.895	31.8682
1398772656.101	n	10.7801	3.57028	19.869	31.8676
1398772656.163	n	10.7808	3.57028	19.847	31.8670
1398772656.226	n	10.7815	3.57029	19.823	31.8665
1398772656.288	n	10.7822	3.57030	19.800	31.8661
1398772656.350	n	10.7830	3.57031	19.774	31.8655
1398772656.414	n	10.7837	3.57031	19.749	31.8649
1398772656.476	n	10.7844	3.57033	19.723	31.8644
1398772656.539	n	10.7851	3.57032	19.700	31.8638
1398772656.600	n	10.7857	3.57031	19.672	31.8632
1398772656.663	n	10.7863	3.57030	19.646	31.8625
1398772656.726	n	10.7869	3.57029	19.619	31.8619
1398772656.787	n	10.7876	3.57030	19.594	31.8615
1398772656.850	n	10.7882	3.57031	19.569	31.8611
1398772656.912	n	10.7888	3.57032	19.544	31.8606
1398772656.975	n	10.7894	3.57031	19.517	31.8600
1398772657.039	n	10.7900	3.57030	19.491	31.8594
1398772657.099	n	10.7906	3.57030	19.465	31.8589
1398772657.162	n	10.7912	3.57030	19.438	31.8584
1398772657.227	n	10.7918	3.57031	19.414	31.8580
1398772657.289	n	10.7924	3.57032	19.383	31.8575
1398772657.461	y	10.7930	3.57033	19.360	31.8571
1398772657.467	n	10.7936	3.57033	19.335	31.8566
1398772657.475	n	10.7942	3.57033	19.307	31.8561
1398772657.537	n	10.7948	3.57034	19.282	31.8556
1398772657.600	n	10.7954	3.57034	19.256	31.8552
1398772657.664	n	10.7961	3.57034	19.230	31.8546
1398772657.726	n	10.7967	3.57034	19.202	31.8541
1398772657.787	n	10.7973	3.57033	19.176	31.8535
1398772657.849	n	10.7979	3.57032	19.147	31.8529
1398772657.913	n	10.7985	3.57032	19.127	31.8523
1398772657.976	n	10.7991	3.57032	19.095	31.8518
1398772658.037	n	10.7997	3.57032	19.075	31.8513
1398772658.100	n	10.8003	3.57032	19.048	31.8508
1398772658.163	n	10.8009	3.57032	19.023	31.8503
1398772658.227	n	10.8015	3.57033	18.996	31.8499
1398772658.288	n	10.8021	3.57033	18.972	31.8494
1398772658.350	n	10.8027	3.57034	18.947	31.8489
1398772658.413	n	10.8033	3.57033	18.924	31.8484
1398772658.477	n	10.8039	3.57033	18.898	31.8478
1398772658.537	n	10.8045	3.57033	18.875	31.8473
1398772658.599	n	10.8051	3.57033	18.850	31.8469
1398772658.662	n	10.8056	3.57034	18.827	31.8464
1398772658.728	n	10.8062	3.57034	18.804	31.8459
1398772658.790	n	10.8069	3.57034	18.781	31.8454
1398772658.851	n	10.8076	3.57033	18.757	31.8448
1398772658.914	n	10.8082	3.57034	18.734	31.8442
1398772658.977	n	10.8089	3.57034	18.711	31.8437
1398772659.037	y	10.8095	3.57034	18.686	31.8432
1398772659.101	n	10.8100	3.57034	18.665	31.8427
1398772659.162	n	10.8106	3.57034	18.644	31.8422
1398772659.226	n	10.8112	3.57033	18.623	31.8417
1398772659.287	n	10.8118	3.57034	18.599	31.8412
1398772659.350	n	10.8124	3.57034	18.576	31.8407
1398772659.414	n	10.8131	3.57035	18.553	31.8402
1398772659.475	n	10.8137	3.57035	18.537	31.8397
1398772659.537	n	10.8143	3.57035	18.519	31.8391
1398772659.600	n	10.8150	3.57035	18.495	31.8386
1398772659.662	n	10.8156	3.57035	18.477	31.8380
1398772659.727	n	10.8162	3.57035	18.457	31.8375
1398772659.787	n	10.8168	3.57035	18.438	31.8370
1398772659.850	n	10.8175	3.57034	18.416	31.8364
1398772659.912	n	10.8181	3.57034	18.401	31.8358
1398772659.975	n	10.8188	3.57033	18.381	31.8352
1398772660.039	n	10.8194	3.57033	18.358	31.8346
1398772660.100	n	10.8200	3.57033	18.341	31.8341
1398772660.162	n	10.8205	3.57034	18.327	31.8338
1398772660.227	n	10.8211	3.57034	18.302	31.8333
1398772660.288	n	10.8216	3.57034	18.282	31.8328
1398772660.350	n	10.8222	3.57034	18.270	31.8323
1398772660.412	n	10.8229	3.57034	18.253	31.8318
1398772660.475	n	10.8235	3.57035	18.235	31.8313
1398772660.539	n	10.8241	3.57035	18.218	31.8308
1398772660.601	n	10.8247	3.57036	18.198	31.8304
1398772660.664	n	10.8252	3.57037	18.181	31.8300
1398772660.726	n	10.8257	3.57037	18.168	31.8296
1398772660.789	n	10.8262	3.57037	18.153	31.8291
1398772660.850	n	10.8267	3.57036	18.134	31.8287
1398772660.914	n	10.8272	3.57036	18.118	31.8282
1398772660.975	n	10.8277	3.57035	18.099	31.8277
1398772661.040	n	10.8282	3.57034	18.086	31.8272
1398772661.101	n	10.8287	3.57034	18.072	31.8268
1398772661.280	y	10.8291	3.57034	18.055	31.8264
1398772661.288	n	10.8296	3.57034	18.035	31.8260
1398772661.294	n	10.8300	3.57034	18.019	31.8257
1398772661.351	n	10.8305	3.57034	18.008	31.8253
1398772661.413	n	10.8309	3.57034	17.992	31.8249
1398772661.476	n	10.8314	3.57034	17.976	31.8245
1398772661.538	n	10.8318	3.57034	17.957	31.8241
1398772661.703	y	10.8322	3.57033	17.943	31.8236
1398772661.708	n	10.8327	3.57033	17.926	31.8232
1398772661.725	n	10.8331	3.57032	17.912	31.8228
1398772661.789	n	10.8336	3.57033	17.894	31.8224
1398772661.850	n	10.8340	3.57033	17.881	31.8221
1398772661.913	n	10.8345	3.57034	17.864	31.8218
1398772661.976	n	10.8349	3.57034	17.849	31.8215
1398772662.038	n	10.8354	3.57034	17.833	31.8211
1398772662.099	n	10.8359	3.57034	17.820	31.8207
1398772662.164	n	10.8364	3.57034	17.802	31.8202
1398772662.226	n	10.8369	3.57034	17.783	31.8198
1398772662.288	n	10.8374	3.57034	17.768	31.8194
1398772662.350	n	10.8378	3.57034	17.754	31.8190
1398772662.412	n	10.8383	3.57034	17.735	31.8186
1398772662.476	n	10.8388	3.57034	17.719	31.8181
1398772662.537	n	10.8393	3.57033	17.705	31.8176
1398772662.682	y	10.8398	3.57032	17.693	31.8171
1398772662.686	n	10.8403	3.57032	17.675	31.8166
1398772662.725	n	10.8408	3.57033	17.659	31.8163
1398772662.789	n	10.8413	3.57034	17.641	31.8160
1398772662.850	n	10.8418	3.57035	17.627	31.8157
1398772662.913	n	10.8423	3.57036	17.611	31.8153
1398772662.977	n	10.8428	3.57035	17.593	31.8148
1398772663.039	n	10.8433	3.57035	17.575	31.8143
1398772663.101	n	10.8438	3.57034	17.562	31.8139
1398772663.163	n	10.8443	3.57034	17.543	31.8134
1398772663.225	n	10.8448	3.57033	17.528	31.8129
1398772663.288	n	10.8453	3.57034	17.509	31.8125
1398772663.351	n	10.8458	3.57033	17.495	31.8120
1398772663.413	n	10.8463	3.57033	17.478	31.8115
1398772663.475	n	10.8468	3.57032	17.461	31.8111
1398772663.537	n	10.8473	3.57032	17.442	31.8106
1398772663.600	n	10.8479	3.57032	17.423	31.8101
1398772663.663	n	10.8484	3.57032	17.401	31.8097
1398772663.724	n	10.8489	3.57031	17.390	31.8092
1398772663.788	n	10.8494	3.57031	17.371	31.8088
1398772663.850	n	10.8498	3.57031	17.353	31.8083
1398772663.914	n	10.8503	3.57030	17.333	31.8079
1398772663.976	n	10.8508	3.57030	17.314	31.8075
1398772664.038	n	10.8513	3.57030	17.296	31.8071
1398772664.101	n	10.8517	3.57030	17.279	31.8067
1398772664.163	n	10.8522	3.57030	17.261	31.8063
1398772664.226	n	10.8527	3.57031	17.239	31.8060
1398772664.288	n	10.8531	3.57031	17.218	31.8057
1398772664.350	n	10.8534	3.57031	17.201	31.8053
1398772664.413	n	10.8538	3.57032	17.181	31.8051
1398772664.475	n	10.8541	3.57032	17.163	31.8048
1398772664.537	n	10.8545	3.57032	17.146	31.8045
1398772664.600	n	10.8548	3.57032	17.125	31.8042
1398772664.663	n	10.8552	3.57031	17.104	31.8038
1398772664.725	n	10.8556	3.57030	17.082	31.8034
1398772664.789	n	10.8559	3.57029	17.062	31.8030
1398772664.850	n	10.8563	3.57028	17.041	31.8026
1398772664.912	n	10.8566	3.57028	17.019	31.8023
1398772664.977	n	10.8570	3.57029	17.001	31.8021
1398772665.038	n	10.8573	3.57029	16.984	31.8019
1398772665.101	n	10.8576	3.57030	16.957	31.8017
1398772665.163	n	10.8579	3.57030	16.937	31.8014
1398772665.227	n	10.8583	3.57029	16.913	31.8010
1398772665.289	n	10.8588	3.57029	16.891	31.8006
1398772665.350	n	10.8592	3.57028	16.871	31.8002
1398772665.412	n	10.8595	3.57028	16.848	31.7999
1398772665.477	n	10.8598	3.57028	16.826	31.7996
1398772665.537	n	10.8602	3.57028	16.801	31.7993
1398772665.601	n	10.8605	3.57027	16.778	31.7990
1398772665.663	n	10.8609	3.57027	16.760	31.7987
1398772665.725	n	10.8612	3.57027	16.737	31.7984
1398772665.787	n	10.8615	3.57027	16.716	31.7982
1398772665.954	y	10.8618	3.57028	16.690	31.7979
1398772665.962	n	10.8622	3.57027	16.664	31.7975
1398772665.975	n	10.8626	3.57026	16.647	31.7971
1398772666.039	n	10.8630	3.57025	16.626	31.7966
1398772666.101	n	10.8635	3.57025	16.599	31.7962
1398772666.163	n	10.8638	3.57025	16.576	31.7959
1398772666.226	n	10.8641	3.57024	16.552	31.7956
1398772666.288	n	10.8645	3.57024	16.527	31.7954
1398772666.366	y	10.8648	3.57024	16.507	31.7951
1398772666.413	n	10.8651	3.57024	16.481	31.7948
1398772666.475	n	10.8655	3.57024	16.456	31.7945
1398772666.539	n	10.8660	3.57024	16.435	31.7941
1398772666.600	n	10.8665	3.57025	16.412	31.7937
1398772666.664	n	10.8670	3.57026	16.388	31.7934
1398772666.727	n	10.8674	3.57027	16.365	31.7931
1398772666.788	n	10.8678	3.57026	16.341	31.7927
1398772666.851	n	10.8682	3.57025	16.319	31.7923
1398772666.913	n	10.8686	3.57024	16.298	31.7918
1398772666.975	n	10.8690	3.57023	16.273	31.7914
1398772667.038	n	10.8694	3.57024	16.246	31.7911
1398772667.100	n	10.8699	3.57024	16.222	31.7907
1398772667.162	n	10.8704	3.57022	16.200	31.7902
1398772667.226	n	10.8708	3.57021	16.178	31.7897
1398772667.288	n	10.8713	3.57021	16.158	31.7892
1398772667.349	n	10.8718	3.57021	16.132	31.7888
1398772667.412	n	10.8723	3.57022	16.108	31.7885
1398772667.477	n	10.8728	3.57023	16.084	31.7881
1398772667.538	n	10.8734	3.57023	16.062	31.7877
1398772667.600	n	10.8739	3.57023	16.040	31.7872
1398772667.663	n	10.8744	3.57022	16.016	31.7868
1398772667.725	n	10.8749	3.57022	15.992	31.7863
1398772667.787	n	10.8755	3.57023	15.971	31.7859
1398772667.850	n	10.8759	3.57023	15.950	31.7855
1398772667.913	n	10.8764	3.57022	15.928	31.7850
1398772667.977	n	10.8769	3.57022	15.906	31.7845
1398772668.038	n	10.8774	3.57021	15.881	31.7841
1398772668.101	n	10.8779	3.57021	15.859	31.7837
1398772668.164	n	10.8784	3.57022	15.837	31.7833
1398772668.224	n	10.8788	3.57022	15.814	31.7830
1398772668.289	n	10.8793	3.57022	15.795	31.7826
1398772668.350	n	10.8797	3.57022	15.774	31.7822
1398772668.413	n	10.8801	3.57022	15.755	31.7818
1398772668.475	n	10.8806	3.57021	15.733	31.7814
1398772668.538	n	10.8810	3.57021	15.713	31.7810
1398772668.601	n	10.8815	3.57020	15.687	31.7806
1398772668.662	n	10.8820	3.57020	15.670	31.7801
1398772668.725	n	10.8824	3.57020	15.649	31.7797
1398772668.789	n	10.8828	3.57019	15.630	31.7793
1398772668.851	n	10.8833	3.57019	15.609	31.7789
1398772668.914	n	10.8837	3.57018	15.587	31.7784
1398772668.976	n	10.8841	3.57018	15.570	31.7780
1398772669.038	n	10.8846	3.57018	15.549	31.7777
1398772669.101	n	10.8850	3.57018	15.526	31.7774
1398772669.164	n	10.8854	3.57018	15.506	31.7770
1398772669.227	n	10.8858	3.57018	15.488	31.7767
1398772669.288	n	10.8862	3.57018	15.475	31.7764
1398772669.351	n	10.8866	3.57017	15.453	31.7759
1398772669.413	n	10.8870	3.57017	15.433	31.7755
1398772669.477	n	10.8874	3.57016	15.414	31.7751
1398772669.538	n	10.8878	3.57017	15.398	31.7748
1398772669.601	n	10.8882	3.57018	15.376	31.7746
1398772669.663	n	10.8886	3.57018	15.362	31.7743
1398772669.724	n	10.8890	3.57019	15.343	31.7740
1398772669.787	n	10.8893	3.57018	15.326	31.7737
1398772669.850	n	10.8897	3.57019	15.307	31.7734
1398772669.912	n	10.8900	3.57019	15.288	31.7732
1398772669.977	y	10.8904	3.57019	15.271	31.7729
1398772670.038	n	10.8908	3.57018	15.253	31.7725
1398772670.222	y	10.8912	3.57018	15.235	31.7721
1398772670.229	n	10.8916	3.57017	15.221	31.7717
1398772670.234	n	10.8919	3.57017	15.206	31.7714
1398772670.289	n	10.8923	3.57017	15.189	31.7711
1398772670.351	n	10.8927	3.57018	15.174	31.7708
1398772670.414	n	10.8931	3.57018	15.160	31.7705
1398772670.476	n	10.8935	3.57018	15.143	31.7702
1398772670.538	n	10.8938	3.57018	15.126	31.7699
1398772670.600	n	10.8941	3.57018	15.110	31.7696
1398772670.663	n	10.8944	3.57019	15.096	31.7694
1398772670.727	n	10.8948	3.57019	15.081	31.7692
1398772670.787	n	10.8951	3.57019	15.064	31.7689
1398772670.850	n	10.8954	3.57019	15.046	31.7686
1398772670.913	n	10.8958	3.57018	15.033	31.7682
1398772670.976	n	10.8962	3.57018	15.015	31.7679
1398772671.039	n	10.8966	3.57017	14.997	31.7675
1398772671.100	n	10.8970	3.57017	14.983	31.7671
1398772671.162	n	10.8973	3.57017	14.968	31.7668
1398772671.226	n	10.8977	3.57017	14.955	31.7665
1398772671.288	n	10.8981	3.57017	14.939	31.7662
1398772671.351	n	10.8984	3.57016	14.922	31.7658
1398772671.413	n	10.8988	3.57017	14.906	31.7655
1398772671.477	n	10.8991	3.57018	14.891	31.7653
1398772671.537	n	10.8994	3.57019	14.873	31.7652
1398772671.601	n	10.8997	3.57020	14.859	31.7651
1398772671.662	n	10.9001	3.57020	14.842	31.7648
1398772671.727	n	10.9004	3.57018	14.823	31.7643
1398772671.789	n	10.9008	3.57018	14.807	31.7640
1398772671.851	n	10.9012	3.57018	14.792	31.7636
1398772671.912	n	10.9016	3.57019	14.770	31.7634
1398772671.977	n	10.9019	3.57019	14.757	31.7631
1398772672.037	n	10.9023	3.57018	14.741	31.7626
1398772672.100	n	10.9026	3.57016	14.729	31.7622
1398772672.164	n	10.9030	3.57015	14.710	31.7618
1398772672.225	n	10.9034	3.57017	14.691	31.7616
1398772672.287	n	10.9038	3.57018	14.671	31.7615
1398772672.350	n	10.9042	3.57020	14.654	31.7612
1398772672.412	n	10.9047	3.57019	14.638	31.7608
1398772672.475	n	10.9051	3.57018	14.621	31.7604
1398772672.539	n	10.9055	3.57017	14.603	31.7599
1398772672.600	n	10.9059	3.57017	14.586	31.7595
1398772672.664	n	10.9064	3.57017	14.567	31.7591
1398772672.725	n	10.9068	3.57017	14.549	31.7588
1398772672.788	n	10.9072	3.57017	14.528	31.7585
1398772672.851	n	10.9075	3.57017	14.513	31.7581
1398772672.913	n	10.9079	3.57017	14.493	31.7578
1398772672.976	n	10.9083	3.57018	14.473	31.7575
1398772673.039	n	10.9087	3.57018	14.453	31.7572
1398772673.100	n	10.9092	3.57018	14.434	31.7569
1398772673.162	n	10.9096	3.57018	14.417	31.7565
1398772673.226	n	10.9101	3.57017	14.398	31.7560
1398772673.288	n	10.9106	3.57018	14.376	31.7556
1398772673.350	n	10.9111	3.57017	14.355	31.7551
1398772673.413	n	10.9116	3.57017	14.332	31.7547
1398772673.476	n	10.9121	3.57016	14.315	31.7542
1398772673.657	y	10.9126	3.57015	14.293	31.7536
1398772673.661	n	10.9132	3.57014	14.274	31.7531
1398772673.667	n	10.9137	3.57015	14.252	31.7528
1398772673.725	n	10.9141	3.57016	14.229	31.7524
1398772673.789	n	10.9146	3.57016	14.206	31.7521
1398772673.850	n	10.9150	3.57017	14.184	31.7519
1398772673.913	n	10.9154	3.57018	14.165	31.7516
1398772673.974	n	10.9158	3.57018	14.140	31.7512
1398772674.038	n	10.9162	3.57017	14.116	31.7508
1398772674.101	n	10.9167	3.57015	14.096	31.7502
1398772674.163	n	10.9172	3.57014	14.075	31.7497
1398772674.227	n	10.9176	3.57013	14.048	31.7492
1398772674.289	n	10.9181	3.57013	14.023	31.7488
1398772674.457	y	10.9185	3.57014	14.000	31.7485
1398772674.463	n	10.9190	3.57014	13.980	31.7482
1398772674.476	n	10.9195	3.57014	13.954	31.7478
1398772674.538	n	10.9199	3.57015	13.931	31.7475
1398772674.600	n	10.9203	3.57014	13.906	31.7471
1398772674.662	n	10.9206	3.57014	13.878	31.7468
1398772674.726	n	10.9210	3.57014	13.856	31.7465
1398772674.787	n	10.9214	3.57015	13.835	31.7462
1398772674.849	n	10.9218	3.57015	13.805	31.7459
1398772674.912	n	10.9222	3.57015	13.778	31.7455
1398772674.975	n	10.9227	3.57014	13.755	31.7450
1398772675.037	n	10.9233	3.57013	13.729	31.7445
1398772675.101	n	10.9238	3.57013	13.704	31.7440
1398772675.163	n	10.9243	3.57013	13.679	31.7436
1398772675.225	n	10.9249	3.57014	13.651	31.7432
1398772675.289	n	10.9254	3.57014	13.627	31.7427
1398772675.350	n	10.9260	3.57013	13.602	31.7422
1398772675.412	n	10.9266	3.57013	13.573	31.7416
1398772675.477	n	10.9272	3.57013	13.554	31.7412
1398772675.539	n	10.9277	3.57014	13.523	31.7408
1398772675.601	n	10.9283	3.57015	13.498	31.7404
1398772675.663	n	10.9289	3.57015	13.471	31.7399
1398772675.726	n	10.9295	3.57015	13.445	31.7394
1398772675.788	n	10.9301	3.57014	13.417	31.7388
1398772675.850	n	10.9307	3.57014	13.394	31.7383
1398772675.912	n	10.9314	3.57014	13.365	31.7377
1398772675.976	n	10.9320	3.57014	13.340	31.7371
1398772676.037	n	10.9326	3.57014	13.316	31.7366
1398772676.099	n	10.9332	3.57013	13.288	31.7360
1398772676.162	n	10.9338	3.57012	13.261	31.7355
1398772676.226	n	10.9343	3.57012	13.233	31.7350
1398772676.288	n	10.9349	3.57012	13.203	31.7345
1398772676.350	n	10.9355	3.57012	13.176	31.7340
1398772676.413	n	10.9360	3.57013	13.149	31.7336
1398772676.478	n	10.9365	3.57013	13.121	31.7333
1398772676.539	n	10.9370	3.57013	13.094	31.7328
1398772676.601	n	10.9375	3.57013	13.065	31.7324
1398772676.726	y	10.9380	3.57013	13.039	31.7320
1398772676.732	n	10.9384	3.57013	13.012	31.7317
1398772676.789	n	10.9388	3.57013	12.984	31.7313
1398772676.851	n	10.9392	3.57012	12.954	31.7309
1398772676.913	n	10.9395	3.57011	12.928	31.7306
1398772676.975	n	10.9398	3.57011	12.900	31.7303
1398772677.038	n	10.9401	3.57011	12.873	31.7301
1398772677.101	n	10.9404	3.57011	12.847	31.7298
1398772677.163	n	10.9407	3.57010	12.817	31.7295
1398772677.225	n	10.9409	3.57010	12.793	31.7293
1398772677.289	n	10.9412	3.57011	12.767	31.7291
1398772677.351	y	10.9414	3.57012	12.739	31.7290
1398772677.413	n	10.9416	3.57012	12.716	31.7289
1398772677.479	n	10.9418	3.57012	12.688	31.7287
1398772677.538	n	10.9420	3.57012	12.663	31.7285
1398772677.600	n	10.9423	3.57012	12.635	31.7283
1398772677.662	n	10.9425	3.57011	12.613	31.7281
1398772677.727	n	10.9427	3.57011	12.588	31.7279
1398772677.788	n	10.9429	3.57011	12.564	31.7277
1398772677.850	n	10.9432	3.57011	12.539	31.7275
1398772677.912	n	10.9434	3.57012	12.512	31.7274
1398772677.976	n	10.9437	3.57012	12.492	31.7272
1398772678.039	n	10.9439	3.57011	12.465	31.7269
1398772678.100	n	10.9442	3.57010	12.444	31.7266
1398772678.162	n	10.9445	3.57010	12.421	31.7263
1398772678.226	n	10.9448	3.57011	12.399	31.7261
1398772678.288	n	10.9452	3.57012	12.375	31.7259
1398772678.351	n	10.9457	3.57011	12.352	31.7255
1398772678.413	n	10.9462	3.57011	12.333	31.7250
1398772678.482	n	10.9468	3.57010	12.313	31.7244
1398772678.539	n	10.9473	3.57009	12.289	31.7239
1398772678.713	y	10.9478	3.57010	12.267	31.7235
1398772678.719	n	10.9484	3.57011	12.246	31.7231
1398772678.725	n	10.9489	3.57011	12.224	31.7227
1398772678.789	n	10.9494	3.57011	12.203	31.7223
1398772678.850	n	10.9499	3.57011	12.186	31.7219
1398772678.912	n	10.9505	3.57011	12.161	31.7214
1398772678.975	n	10.9510	3.57011	12.140	31.7209
1398772679.037	n	10.9515	3.57010	12.121	31.7204
1398772679.101	n	10.9520	3.57009	12.101	31.7199
1398772679.162	n	10.9524	3.57009	12.083	31.7195
1398772679.226	n	10.9529	3.57010	12.066	31.7193
1398772679.289	n	10.9533	3.57011	12.046	31.7190
1398772679.350	n	10.9536	3.57012	12.026	31.7188
1398772679.414	n	10.9540	3.57012	12.010	31.7184
1398772679.482	n	10.9544	3.57012	11.994	31.7181
1398772679.539	n	10.9547	3.57011	11.975	31.7178
1398772679.601	n	10.9551	3.57011	11.957	31.7175
1398772679.663	n	10.9554	3.57011	11.939	31.7172
1398772679.725	n	10.9557	3.57011	11.924	31.7169
1398772679.788	n	10.9561	3.57011	11.906	31.7166
1398772679.850	n	10.9564	3.57011	11.887	31.7164
1398772679.912	n	10.9567	3.57011	11.870	31.7161
1398772679.976	n	10.9570	3.57011	11.854	31.7159
1398772680.039	n	10.9573	3.57011	11.839	31.7156
1398772680.101	n	10.9576	3.57010	11.821	31.7152
1398772680.163	n	10.9578	3.57008	11.807	31.7149
1398772680.225	n	10.9581	3.57007	11.791	31.7146
1398772680.287	n	10.9583	3.57007	11.773	31.7144
1398772680.351	n	10.9586	3.57007	11.755	31.7141
1398772680.414	n	10.9590	3.57008	11.738	31.7138
1398772680.480	n	10.9593	3.57008	11.723	31.7136
1398772680.537	n	10.9597	3.57008	11.706	31.7133
1398772680.600	n	10.9600	3.57008	11.694	31.7131
1398772680.662	n	10.9603	3.57009	11.674	31.7128
1398772680.726	n	10.9607	3.57009	11.656	31.7125
1398772680.787	n	10.9611	3.57009	11.641	31.7122
1398772680.851	n	10.9615	3.57009	11.622	31.7119
1398772680.913	n	10.9619	3.57008	11.610	31.7115
1398772681.017	y	10.9623	3.57008	11.597	31.7111
1398772681.038	n	10.9626	3.57008	11.578	31.7108
1398772681.100	n	10.9630	3.57008	11.561	31.7105
1398772681.163	n	10.9633	3.57008	11.545	31.7102
1398772681.226	n	10.9637	3.57007	11.529	31.7098
1398772681.287	n	10.9640	3.57006	11.514	31.7095
1398772681.350	n	10.9643	3.57005	11.499	31.7091
1398772681.412	n	10.9647	3.57005	11.482	31.7088
1398772681.475	n	10.9651	3.57006	11.468	31.7085
1398772681.538	n	10.9655	3.57007	11.450	31.7083
1398772681.600	n	10.9658	3.57007	11.437	31.7080
1398772681.664	n	10.9661	3.57006	11.418	31.7077
1398772681.725	n	10.9664	3.57006	11.402	31.7074
1398772681.789	n	10.9667	3.57005	11.388	31.7070
1398772681.850	n	10.9671	3.57005	11.373	31.7068
1398772681.912	n	10.9674	3.57006	11.354	31.7065
1398772681.976	n	10.9677	3.57005	11.336	31.7062
1398772682.038	n	10.9680	3.57004	11.320	31.7059
1398772682.101	n	10.9682	3.57003	11.304	31.7056
1398772682.163	n	10.9685	3.57002	11.287	31.7053
1398772682.225	n	10.9687	3.57001	11.266	31.7050
1398772682.287	n	10.9689	3.57001	11.249	31.7048
1398772682.351	n	10.9691	3.57001	11.234	31.7046
1398772682.413	n	10.9693	3.57000	11.217	31.7044
1398772682.475	n	10.9696	3.56999	11.196	31.7042
1398772682.538	n	10.9698	3.56999	11.181	31.7039
1398772682.600	n	10.9700	3.56999	11.163	31.7037
1398772682.664	n	10.9701	3.56998	11.143	31.7036
1398772682.726	n	10.9703	3.56998	11.125	31.7034
1398772682.790	n	10.9704	3.56996	11.106	31.7031
1398772682.915	y	10.9705	3.56996	11.085	31.7030
1398772682.921	n	10.9707	3.56996	11.065	31.7028
1398772682.976	n	10.9708	3.56996	11.051	31.7027
1398772683.037	n	10.9710	3.56995	11.030	31.7025
1398772683.101	n	10.9712	3.56994	11.010	31.7023
1398772683.162	n	10.9714	3.56992	10.990	31.7020
1398772683.226	n	10.9716	3.56991	10.972	31.7017
1398772683.288	n	10.9718	3.56990	10.953	31.7014
1398772683.351	n	10.9720	3.56991	10.932	31.7013
1398772683.414	n	10.9723	3.56991	10.912	31.7011
1398772683.482	n	10.9726	3.56991	10.896	31.7008
1398772683.538	n	10.9729	3.56990	10.878	31.7004
1398772683.601	n	10.9732	3.56988	10.857	31.7000
1398772683.663	n	10.9734	3.56986	10.837	31.6996
1398772683.726	n	10.9737	3.56985	10.816	31.6993
1398772683.789	n	10.9740	3.56985	10.794	31.6991
1398772683.851	n	10.9742	3.56984	10.779	31.6987
1398772683.912	n	10.9745	3.56982	10.762	31.6984
1398772683.976	n	10.9748	3.56982	10.745	31.6981
1398772684.039	n	10.9751	3.56981	10.722	31.6978
1398772684.101	n	10.9754	3.56981	10.703	31.6975
1398772684.163	n	10.9757	3.56980	10.685	31.6972
1398772684.225	n	10.9761	3.56979	10.670	31.6968
1398772684.289	n	10.9764	3.56978	10.646	31.6964
1398772684.351	n	10.9767	3.56977	10.628	31.6960
1398772684.414	n	10.9770	3.56976	10.609	31.6956
1398772684.482	n	10.9774	3.56976	10.588	31.6953
1398772684.575	y	10.9778	3.56975	10.569	31.6949
1398772684.600	n	10.9781	3.56974	10.551	31.6945
1398772684.663	n	10.9784	3.56972	10.533	31.6941
1398772684.727	n	10.9787	3.56970	10.514	31.6936
1398772684.788	n	10.9790	3.56968	10.497	31.6931
1398772684.851	n	10.9794	3.56967	10.479	31.6927
1398772684.914	n	10.9798	3.56967	10.460	31.6924
1398772684.976	n	10.9802	3.56968	10.443	31.6921
1398772685.037	n	10.9806	3.56968	10.420	31.6919
1398772685.101	n	10.9809	3.56968	10.407	31.6916
1398772685.163	n	10.9812	3.56966	10.388	31.6911
1398772685.225	n	10.9815	3.56966	10.368	31.6908
1398772685.289	n	10.9819	3.56964	10.351	31.6904
1398772685.351	n	10.9822	3.56963	10.334	31.6900
1398772685.413	n	10.9825	3.56962	10.313	31.6896
1398772685.482	n	10.9828	3.56962	10.298	31.6893
1398772685.538	n	10.9831	3.56961	10.281	31.6890
1398772685.600	n	10.9834	3.56960	10.263	31.6887
1398772685.663	n	10.9837	3.56959	10.246	31.6884
1398772685.726	n	10.9839	3.56959	10.226	31.6881
1398772685.789	n	10.9842	3.56958	10.207	31.6879
1398772685.850	n	10.9844	3.56958	10.191	31.6876
1398772685.912	n	10.9846	3.56957	10.174	31.6874
1398772685.976	n	10.9849	3.56956	10.154	31.6871
1398772686.037	n	10.9851	3.56956	10.136	31.6869
1398772686.101	n	10.9853	3.56956	10.121	31.6867
1398772686.162	n	10.9856	3.56955	10.105	31.6864
1398772686.225	n	10.9858	3.56954	10.090	31.6861
1398772686.288	n	10.9861	3.56954	10.069	31.6858
1398772686.352	n	10.9863	3.56953	10.053	31.6856
1398772686.413	n	10.9865	3.56952	10.035	31.6853
1398772686.474	n	10.9868	3.56952	10.019	31.6851
1398772686.539	n	10.9871	3.56951	10.002	31.6848
1398772686.600	n	10.9874	3.56951	9.982	31.6845
1398772686.662	n	10.9876	3.56951	9.963	31.6843
1398772686.727	n	10.9879	3.56952	9.945	31.6841
1398772686.788	n	10.9882	3.56952	9.930	31.6839
1398772686.851	n	10.9885	3.56951	9.914	31.6835
1398772686.913	n	10.9888	3.56948	9.898	31.6830
1398772686.975	n	10.9891	3.56947	9.881	31.6826
1398772687.039	n	10.9895	3.56945	9.861	31.6822
1398772687.184	y	10.9898	3.56945	9.844	31.6818
1398772687.189	n	10.9902	3.56945	9.823	31.6815
1398772687.226	n	10.9906	3.56945	9.809	31.6812
1398772687.289	n	10.9909	3.56944	9.792	31.6808
1398772687.350	n	10.9912	3.56943	9.776	31.6804
1398772687.413	n	10.9916	3.56942	9.758	31.6801
1398772687.475	n	10.9919	3.56941	9.739	31.6797
1398772687.539	n	10.9923	3.56941	9.720	31.6793
1398772687.600	n	10.9927	3.56942	9.703	31.6790
1398772687.662	n	10.9932	3.56942	9.689	31.6788
1398772687.727	n	10.9936	3.56942	9.675	31.6784
1398772687.787	n	10.9940	3.56942	9.653	31.6780
1398772687.851	n	10.9943	3.56940	9.634	31.6776
1398772687.913	n	10.9947	3.56939	9.617	31.6771
1398772687.977	n	10.9951	3.56939	9.600	31.6768
1398772688.038	n	10.9955	3.56939	9.582	31.6765
1398772688.100	n	10.9958	3.56939	9.563	31.6761
1398772688.162	n	10.9962	3.56939	9.547	31.6759
1398772688.225	n	10.9965	3.56938	9.527	31.6755
1398772688.289	n	10.9969	3.56936	9.509	31.6750
1398772688.426	y	10.9973	3.56935	9.487	31.6745
1398772688.431	n	10.9977	3.56933	9.468	31.6740
1398772688.475	n	10.9981	3.56933	9.450	31.6737
1398772688.539	n	10.9984	3.56933	9.431	31.6734
1398772688.603	n	10.9987	3.56932	9.412	31.6731
1398772688.663	n	10.9990	3.56932	9.394	31.6727
1398772688.725	n	10.9994	3.56931	9.375	31.6723
1398772688.789	n	10.9999	3.56931	9.354	31.6719
1398772688.850	n	11.0003	3.56930	9.335	31.6715
1398772688.912	n	11.0007	3.56929	9.316	31.6711
1398772688.976	n	11.0010	3.56927	9.295	31.6707
1398772689.039	n	11.0013	3.56926	9.277	31.6703
1398772689.101	n	11.0017	3.56925	9.256	31.6698
1398772689.163	n	11.0021	3.56924	9.236	31.6694
1398772689.226	n	11.0025	3.56923	9.219	31.6689
1398772689.289	n	11.0030	3.56921	9.198	31.6684
1398772689.350	n	11.0035	3.56920	9.178	31.6678
1398772689.414	n	11.0041	3.56919	9.160	31.6672
1398772689.475	n	11.0047	3.56918	9.139	31.6666
1398772689.539	n	11.0054	3.56917	9.120	31.6660
1398772689.600	n	11.0061	3.56917	9.099	31.6653
1398772689.662	n	11.0070	3.56918	9.079	31.6647
1398772689.727	n	11.0079	3.56919	9.060	31.6639
1398772689.789	n	11.0090	3.56921	9.037	31.6632
1398772689.850	n	11.0101	3.56922	9.017	31.6624
1398772689.912	n	11.0113	3.56922	8.998	31.6614
1398772689.975	n	11.0126	3.56923	8.977	31.6604
1398772690.038	n	11.0138	3.56924	8.955	31.6595
1398772690.101	n	11.0150	3.56925	8.936	31.6586
1398772690.164	n	11.0162	3.56929	8.920	31.6579
1398772690.225	n	11.0174	3.56932	8.897	31.6572
1398772690.289	n	11.0185	3.56935	8.875	31.6565
1398772690.351	n	11.0196	3.56939	8.856	31.6559
1398772690.413	n	11.0207	3.56941	8.837	31.6552
1398772690.477	n	11.0218	3.56943	8.818	31.6545
1398772690.538	n	11.0228	3.56946	8.793	31.6539
1398772690.601	n	11.0238	3.56948	8.771	31.6532
1398772690.663	n	11.0248	3.56950	8.749	31.6527
1398772690.726	n	11.0258	3.56953	8.733	31.6521
1398772690.789	n	11.0267	3.56954	8.709	31.6514
1398772690.850	n	11.0278	3.56956	8.687	31.6507
1398772690.914	n	11.0289	3.56959	8.668	31.6500
1398772690.976	n	11.0299	3.56961	8.650	31.6494
1398772691.039	n	11.0310	3.56964	8.624	31.6488
1398772691.101	n	11.0319	3.56966	8.602	31.6481
1398772691.163	n	11.0328	3.56968	8.580	31.6475
1398772691.226	n	11.0337	3.56969	8.559	31.6469
1398772691.288	n	11.0346	3.56971	8.535	31.6463
1398772691.458	y	11.0355	3.56973	8.513	31.6457
1398772691.464	n	11.0364	3.56975	8.488	31.6451
1398772691.476	n	11.0373	3.56977	8.467	31.6446
1398772691.538	n	11.0381	3.56980	8.448	31.6442
1398772691.601	n	11.0390	3.56983	8.421	31.6438
1398772691.663	n	11.0399	3.56985	8.399	31.6432
1398772691.725	n	11.0409	3.56987	8.374	31.6426
1398772691.789	n	11.0419	3.56989	8.352	31.6419
1398772691.850	n	11.0431	3.56990	8.325	31.6410
1398772691.916	y	11.0443	3.56991	8.302	31.6400
1398772691.977	n	11.0456	3.56992	8.281	31.6391
1398772692.039	n	11.0468	3.56993	8.257	31.6381
1398772692.101	y	11.0481	3.56994	8.233	31.6371
1398772692.193	n	11.0494	3.56997	8.209	31.6363
1398772692.227	n	11.0506	3.56998	8.185	31.6354
1398772692.289	n	11.0516	3.57000	8.162	31.6346
1398772692.350	n	11.0527	3.57001	8.132	31.6340
1398772692.412	n	11.0536	3.57002	8.109	31.6332
1398772692.477	n	11.0546	3.57004	8.087	31.6325
1398772692.539	n	11.0557	3.57006	8.063	31.6318
1398772692.600	n	11.0567	3.57008	8.038	31.6312
1398772692.662	n	11.0577	3.57010	8.014	31.6306
1398772692.727	n	11.0587	3.57013	7.991	31.6300
1398772692.788	n	11.0597	3.57014	7.969	31.6293
1398772692.850	n	11.0606	3.57016	7.946	31.6286
1398772692.913	n	11.0616	3.57018	7.920	31.6280
1398772692.975	n	11.0625	3.57020	7.894	31.6274
1398772693.037	n	11.0635	3.57022	7.869	31.6268
1398772693.100	n	11.0644	3.57023	7.849	31.6261
1398772693.163	n	11.0654	3.57024	7.825	31.6253
1398772693.225	n	11.0664	3.57025	7.797	31.6246
1398772693.288	n	11.0674	3.57026	7.776	31.6238
1398772693.351	n	11.0685	3.57027	7.751	31.6230
1398772693.414	n	11.0695	3.57027	7.727	31.6221
1398772693.477	n	11.0706	3.57026	7.703	31.6211
1398772693.538	n	11.0717	3.57027	7.682	31.6202
1398772693.600	n	11.0728	3.57027	7.659	31.6193
1398772693.663	n	11.0739	3.57028	7.636	31.6184
1398772693.726	n	11.0750	3.57027	7.612	31.6174
1398772693.787	n	11.0761	3.57025	7.594	31.6164
1398772693.850	n	11.0772	3.57023	7.568	31.6153
1398772693.912	n	11.0782	3.57022	7.545	31.6142
1398772693.977	n	11.0792	3.57020	7.527	31.6132
1398772694.039	n	11.0802	3.57019	7.506	31.6122
1398772694.100	n	11.0812	3.57016	7.484	31.6111
1398772694.163	n	11.0822	3.57014	7.462	31.6101
1398772694.225	n	11.0831	3.57013	7.437	31.6092
1398772694.290	n	11.0840	3.57012	7.419	31.6083
1398772694.351	n	11.0848	3.57010	7.398	31.6075
1398772694.414	n	11.0856	3.57008	7.378	31.6066
1398772694.477	n	11.0863	3.57006	7.355	31.6058
1398772694.539	n	11.0870	3.57004	7.333	31.6050
1398772694.600	n	11.0876	3.57001	7.316	31.6042
1398772694.663	n	11.0882	3.56999	7.292	31.6034
1398772694.727	n	11.0888	3.56996	7.276	31.6026
1398772694.788	n	11.0894	3.56993	7.255	31.6019
1398772694.851	n	11.0898	3.56991	7.237	31.6013
1398772694.915	n	11.0902	3.56988	7.216	31.6007
1398772694.976	n	11.0907	3.56985	7.197	31.6001
1398772695.038	n	11.0911	3.56982	7.179	31.5994
1398772695.101	n	11.0914	3.56980	7.161	31.5989
1398772695.163	n	11.0919	3.56978	7.143	31.5983
1398772695.226	n	11.0923	3.56976	7.123	31.5978
1398772695.288	n	11.0927	3.56973	7.102	31.5972
1398772695.350	n	11.0931	3.56970	7.085	31.5965
1398772695.412	n	11.0936	3.56967	7.067	31.5958
1398772695.543	y	11.0940	3.56964	7.045	31.5952
1398772695.549	n	11.0943	3.56963	7.030	31.5947
1398772695.687	y	11.0947	3.56960	7.008	31.5942
1398772695.692	n	11.0951	3.56958	6.991	31.5937
1398772695.727	n	11.0955	3.56956	6.972	31.5931
1398772695.789	n	11.0959	3.56953	6.956	31.5925
1398772695.851	n	11.0963	3.56950	6.939	31.5918
1398772695.914	n	11.0967	3.56947	6.920	31.5912
1398772695.975	n	11.0971	3.56945	6.899	31.5907
1398772696.038	n	11.0974	3.56943	6.882	31.5903
1398772696.101	n	11.0977	3.56941	6.865	31.5898
1398772696.164	n	11.0980	3.56938	6.848	31.5893
1398772696.227	n	11.0983	3.56935	6.829	31.5888
1398772696.289	n	11.0986	3.56933	6.809	31.5883
1398772696.350	n	11.0988	3.56931	6.794	31.5879
1398772696.414	n	11.0991	3.56930	6.780	31.5876
1398772696.475	n	11.0993	3.56929	6.764	31.5872
1398772696.539	n	11.0996	3.56927	6.744	31.5869
1398772696.601	n	11.0998	3.56925	6.727	31.5865
1398772696.663	n	11.0999	3.56923	6.713	31.5862
1398772696.726	n	11.1001	3.56922	6.697	31.5859
1398772696.789	n	11.1002	3.56921	6.680	31.5857
1398772696.850	n	11.1005	3.56921	6.662	31.5855
1398772696.912	n	11.1007	3.56921	6.645	31.5853
1398772696.975	n	11.1010	3.56921	6.629	31.5851
1398772697.037	n	11.1013	3.56921	6.611	31.5848
1398772697.100	n	11.1015	3.56920	6.596	31.5846
1398772697.163	n	11.1018	3.56920	6.584	31.5843
1398772697.225	n	11.1020	3.56920	6.566	31.5841
1398772697.289	n	11.1024	3.56921	6.550	31.5839
1398772697.350	n	11.1027	3.56921	6.535	31.5836
1398772697.413	n	11.1031	3.56920	6.519	31.5833
1398772697.475	n	11.1035	3.56920	6.504	31.5829
1398772697.540	n	11.1039	3.56919	6.489	31.5825
1398772697.601	n	11.1044	3.56920	6.472	31.5821
1398772697.664	n	11.1049	3.56921	6.455	31.5818
1398772697.726	n	11.1056	3.56922	6.440	31.5813
1398772697.790	n	11.1063	3.56922	6.429	31.5807
1398772697.851	n	11.1070	3.56921	6.415	31.5800
1398772697.913	n	11.1078	3.56920	6.399	31.5792
1398772697.975	n	11.1085	3.56919	6.383	31.5786
1398772698.038	n	11.1092	3.56919	6.368	31.5780
1398772698.100	n	11.1100	3.56919	6.357	31.5773
1398772698.162	y	11.1107	3.56919	6.342	31.5767
1398772698.226	n	11.1114	3.56918	6.331	31.5760
1398772698.289	n	11.1121	3.56917	6.317	31.5753
1398772698.351	n	11.1127	3.56917	6.306	31.5747
1398772698.413	n	11.1134	3.56916	6.292	31.5741
1398772698.476	n	11.1141	3.56915	6.280	31.5734
1398772698.537	n	11.1148	3.56914	6.264	31.5726
1398772698.602	n	11.1156	3.56911	6.253	31.5718
1398772698.662	n	11.1163	3.56909	6.240	31.5710
1398772698.727	n	11.1171	3.56907	6.227	31.5701
1398772698.789	n	11.1179	3.56906	6.215	31.5693
1398772698.851	n	11.1186	3.56904	6.202	31.5685
1398772698.913	n	11.1194	3.56902	6.188	31.5676
1398772698.976	n	11.1203	3.56904	6.174	31.5671
1398772699.037	n	11.1227	3.56915	6.165	31.5661
1398772699.100	n	11.1280	3.56877	6.152	31.5578
1398772699.163	n	11.1364	3.56742	6.139	31.5373
1398772699.226	n	11.1463	3.56530	6.125	31.5081
1398772699.291	y	11.1552	3.56292	6.115	31.4770
1398772699.377	n	11.1612	3.56091	6.104	31.4522
1398772699.414	n	11.1640	3.55985	6.092	31.4394
1398772699.477	n	11.1650	3.55946	6.077	31.4348
1398772699.539	n	11.1649	3.55926	6.064	31.4329
1398772699.601	n	11.1642	3.55913	6.054	31.4322
1398772699.663	n	11.1634	3.55903	6.041	31.4320
1398772699.726	n	11.1631	3.55898	6.029	31.4317
1398772699.788	n	11.1636	3.55896	6.014	31.4312
1398772699.917	y	11.1646	3.55896	6.004	31.4303
1398772699.922	n	11.1657	3.55895	5.993	31.4292
1398772699.976	n	11.1665	3.55892	5.982	31.4282
1398772700.039	n	11.1671	3.55888	5.970	31.4274
1398772700.101	n	11.1674	3.55883	5.958	31.4266
1398772700.164	n	11.1677	3.55880	5.945	31.4261
1398772700.225	n	11.1677	3.55876	5.931	31.4257
1398772700.289	n	11.1678	3.55873	5.923	31.4253
1398772700.350	n	11.1679	3.55870	5.911	31.4249
1398772700.413	n	11.1682	3.55868	5.897	31.4245
1398772700.477	n	11.1685	3.55867	5.884	31.4240
1398772700.538	n	11.1689	3.55867	5.869	31.4238
1398772700.602	n	11.1693	3.55867	5.857	31.4235
1398772700.662	n	11.1696	3.55869	5.843	31.4234
1398772700.726	n	11.1699	3.55870	5.829	31.4232
1398772700.787	n	11.1702	3.55869	5.820	31.4229
1398772700.850	n	11.1704	3.55867	5.808	31.4225
1398772700.912	n	11.1705	3.55864	5.794	31.4222
1398772700.975	n	11.1704	3.55860	5.777	31.4218
1398772701.038	n	11.1704	3.55856	5.765	31.4214
1398772701.101	n	11.1704	3.55851	5.754	31.4210
1398772701.164	n	11.1704	3.55846	5.736	31.4205
1398772701.225	n	11.1705	3.55842	5.726	31.4201
1398772701.289	n	11.1706	3.55841	5.710	31.4198
1398772701.350	n	11.1708	3.55840	5.699	31.4196
1398772701.412	n	11.1709	3.55839	5.682	31.4193
1398772701.477	n	11.1709	3.55834	5.668	31.4189
1398772701.538	n	11.1706	3.55825	5.656	31.4182
1398772701.600	n	11.1702	3.55809	5.643	31.4171
1398772701.663	n	11.1694	3.55787	5.627	31.4156
1398772701.727	n	11.1684	3.55759	5.612	31.4138
1398772701.789	n	11.1673	3.55731	5.597	31.4119
1398772701.850	n	11.1663	3.55704	5.584	31.4102
1398772701.912	n	11.1656	3.55684	5.572	31.4088
1398772701.977	n	11.1653	3.55672	5.555	31.4078
1398772702.038	n	11.1656	3.55667	5.544	31.4071
1398772702.101	n	11.1662	3.55666	5.530	31.4065
1398772702.164	n	11.1669	3.55664	5.509	31.4057
1398772702.226	n	11.1674	3.55660	5.493	31.4049
1398772702.288	n	11.1675	3.55651	5.478	31.4039
1398772702.350	n	11.1671	3.55639	5.466	31.4031
1398772702.412	n	11.1663	3.55626	5.450	31.4025
1398772702.475	n	11.1655	3.55614	5.436	31.4020
1398772702.538	n	11.1649	3.55605	5.422	31.4017
1398772702.601	n	11.1644	3.55599	5.405	31.4015
1398772702.664	n	11.1643	3.55595	5.391	31.4012
1398772702.727	n	11.1643	3.55592	5.375	31.4009
1398772702.788	n	11.1647	3.55589	5.359	31.4004
1398772702.853	n	11.1651	3.55588	5.345	31.3998
1398772702.939	y	11.1657	3.55587	5.331	31.3993
1398772702.977	n	11.1662	3.55587	5.318	31.3989
1398772703.039	n	11.1669	3.55592	5.300	31.3988
1398772703.102	n	11.1678	3.55604	5.286	31.3992
1398772703.163	n	11.1693	3.55625	5.272	31.3999
1398772703.225	n	11.1717	3.55652	5.258	31.4006
1398772703.288	n	11.1746	3.55680	5.244	31.4009
1398772703.351	n	11.1776	3.55705	5.230	31.4007
1398772703.413	n	11.1801	3.55723	5.216	31.4004
1398772703.476	n	11.1819	3.55737	5.205	31.4001
1398772703.539	n	11.1834	3.55748	5.188	31.4000
1398772703.600	n	11.1848	3.55758	5.176	31.3998
1398772703.662	n	11.1863	3.55767	5.163	31.3995
1398772703.725	n	11.1878	3.55778	5.150	31.3992
1398772703.789	n	11.1891	3.55787	5.137	31.3990
1398772703.851	n	11.1901	3.55796	5.125	31.3990
1398772703.913	n	11.1909	3.55802	5.110	31.3990
1398772703.976	n	11.1914	3.55807	5.097	31.3990
1398772704.038	n	11.1918	3.55810	5.086	31.3990
1398772704.244	y	11.1922	3.55814	5.078	31.3990
1398772704.255	y	11.1928	3.55818	5.066	31.3989
1398772704.261	n	11.1935	3.55821	5.051	31.3986
1398772704.288	n	11.1942	3.55823	5.038	31.3982
1398772704.351	n	11.1949	3.55825	5.028	31.3978
1398772704.413	n	11.1954	3.55826	5.014	31.3975
1398772704.476	n	11.1958	3.55828	5.001	31.3973
1398772704.540	n	11.1961	3.55830	4.989	31.3973
1398772704.601	n	11.1964	3.55831	4.975	31.3972
1398772704.664	n	11.1965	3.55831	4.961	31.3970
1398772704.727	n	11.1967	3.55831	4.951	31.3969
1398772704.789	n	11.1970	3.55832	4.941	31.3968
1398772704.851	n	11.1972	3.55835	4.928	31.3969
1398772704.913	n	11.1974	3.55837	4.914	31.3969
1398772704.975	n	11.1975	3.55839	4.901	31.3970
1398772705.038	n	11.1976	3.55839	4.887	31.3970
1398772705.101	n	11.1976	3.55839	4.876	31.3970
1398772705.163	n	11.1977	3.55838	4.867	31.3969
1398772705.226	n	11.1977	3.55839	4.851	31.3969
1398772705.290	n	11.1977	3.55838	4.839	31.3968
1398772705.351	n	11.1976	3.55838	4.826	31.3969
1398772705.413	n	11.1975	3.55838	4.814	31.3970
1398772705.476	n	11.1973	3.55837	4.798	31.3970
1398772705.539	n	11.1971	3.55833	4.787	31.3969
1398772705.601	n	11.1969	3.55830	4.773	31.3967
1398772705.663	n	11.1968	3.55828	4.758	31.3967
1398772705.727	n	11.1967	3.55828	4.743	31.3967
1398772705.788	n	11.1967	3.55828	4.727	31.3967
1398772705.850	n	11.1972	3.55831	4.716	31.3966
1398772705.912	n	11.1984	3.55834	4.700	31.3959
1398772705.977	n	11.2003	3.55835	4.684	31.3944
1398772706.039	n	11.2029	3.55834	4.664	31.3921
1398772706.100	n	11.2061	3.55831	4.649	31.3891
1398772706.163	n	11.2094	3.55827	4.635	31.3858
1398772706.226	n	11.2125	3.55825	4.619	31.3830
1398772706.288	n	11.2148	3.55825	4.602	31.3810
1398772706.350	n	11.2162	3.55826	4.589	31.3799
1398772706.412	n	11.2170	3.55826	4.567	31.3793
1398772706.475	n	11.2173	3.55827	4.545	31.3791
1398772706.566	y	11.2172	3.55828	4.526	31.3793
1398772706.601	n	11.2168	3.55829	4.509	31.3798
1398772706.663	n	11.2164	3.55830	4.490	31.3803
1398772706.726	n	11.2168	3.55830	4.470	31.3799
1398772706.790	n	11.2196	3.55829	4.451	31.3774
1398772706.850	n	11.2243	3.55826	4.433	31.3731
1398772706.912	n	11.2299	3.55823	4.412	31.3680
1398772706.975	n	11.2355	3.55820	4.386	31.3630
1398772707.039	n	11.2401	3.55815	4.368	31.3587
1398772707.100	n	11.2431	3.55811	4.346	31.3557
1398772707.164	n	11.2454	3.55807	4.325	31.3534
1398772707.227	n	11.2469	3.55805	4.303	31.3518
1398772707.288	n	11.2479	3.55803	4.282	31.3508
1398772707.351	n	11.2487	3.55803	4.258	31.3502
1398772707.414	n	11.2501	3.55801	4.235	31.3489
1398772707.476	n	11.2525	3.55797	4.214	31.3464
1398772707.538	n	11.2558	3.55789	4.190	31.3428
1398772707.688	y	11.2594	3.55779	4.167	31.3388
1398772707.693	n	11.2622	3.55772	4.141	31.3357
1398772707.725	n	11.2634	3.55769	4.120	31.3344
1398772707.788	n	11.2631	3.55770	4.095	31.3347
1398772707.851	n	11.2619	3.55772	4.072	31.3359
1398772707.913	n	11.2609	3.55773	4.048	31.3369
1398772707.976	n	11.2606	3.55772	4.025	31.3372
1398772708.039	n	11.2609	3.55772	4.000	31.3368
1398772708.100	n	11.2618	3.55769	3.974	31.3359
1398772708.163	n	11.2627	3.55768	3.949	31.3350
1398772708.226	n	11.2632	3.55769	3.926	31.3346
1398772708.288	n	11.2633	3.55771	3.902	31.3348
1398772708.461	y	11.2630	3.55771	3.881	31.3351
1398772708.468	n	11.2626	3.55771	3.855	31.3354
1398772708.475	n	11.2624	3.55769	3.833	31.3354
1398772708.540	n	11.2623	3.55765	3.809	31.3351
1398772708.601	n	11.2620	3.55763	3.790	31.3352
1398772708.664	n	11.2617	3.55766	3.761	31.3357
1398772708.727	n	11.2614	3.55768	3.737	31.3362
1398772708.788	n	11.2613	3.55770	3.711	31.3364
1398772708.850	n	11.2615	3.55772	3.688	31.3365
1398772708.913	n	11.2618	3.55770	3.664	31.3361
1398772708.975	n	11.2623	3.55770	3.638	31.3356
1398772709.038	n	11.2628	3.55770	3.617	31.3353
1398772709.100	n	11.2630	3.55770	3.594	31.3351
1398772709.165	n	11.2630	3.55770	3.569	31.3351
1398772709.226	n	11.2624	3.55769	3.547	31.3356
1398772709.287	n	11.2610	3.55769	3.525	31.3367
1398772709.351	n	11.2596	3.55771	3.498	31.3381
1398772709.413	n	11.2590	3.55772	3.478	31.3386
1398772709.476	n	11.2605	3.55766	3.457	31.3368
1398772709.538	n	11.2642	3.55753	3.431	31.3324
1398772709.600	n	11.2690	3.55736	3.408	31.3267
1398772709.664	n	11.2735	3.55720	3.388	31.3213
1398772709.725	n	11.2764	3.55711	3.366	31.3180
1398772709.788	n	11.2775	3.55711	3.342	31.3170
1398772709.851	n	11.2777	3.55714	3.321	31.3172
1398772709.913	n	11.2777	3.55717	3.299	31.3176
1398772709.976	n	11.2777	3.55717	3.282	31.3176
1398772710.040	n	11.2779	3.55715	3.260	31.3172
1398772710.100	n	11.2781	3.55712	3.243	31.3167
1398772710.163	n	11.2781	3.55710	3.225	31.3165
1398772710.225	n	11.2779	3.55709	3.201	31.3166
1398772710.290	y	11.2776	3.55710	3.179	31.3170
1398772710.351	n	11.2773	3.55711	3.159	31.3173
1398772710.413	n	11.2772	3.55710	3.140	31.3173
1398772710.476	n	11.2773	3.55709	3.122	31.3172
1398772710.538	n	11.2776	3.55707	3.105	31.3167
1398772710.600	n	11.2779	3.55704	3.089	31.3162
1398772710.664	n	11.2780	3.55700	3.069	31.3157
1398772710.726	n	11.2779	3.55698	3.055	31.3156
1398772710.787	n	11.2775	3.55698	3.034	31.3159
1398772710.850	n	11.2769	3.55701	3.016	31.3168
1398772710.914	n	11.2761	3.55705	3.000	31.3178
1398772710.975	n	11.2756	3.55708	2.984	31.3186
1398772711.038	n	11.2753	3.55708	2.971	31.3188
1398772711.102	n	11.2755	3.55707	2.953	31.3185
1398772711.164	n	11.2760	3.55704	2.938	31.3179
1398772711.225	n	11.2766	3.55702	2.925	31.3171
1398772711.290	n	11.2772	3.55701	2.907	31.3166
1398772711.350	n	11.2777	3.55700	2.894	31.3161
1398772711.414	n	11.2779	3.55699	2.880	31.3158
1398772711.476	n	11.2779	3.55698	2.867	31.3157
1398772711.539	n	11.2779	3.55696	2.852	31.3155
1398772711.600	n	11.2779	3.55695	2.841	31.3154
1398772711.663	n	11.2781	3.55695	2.828	31.3153
1398772711.726	n	11.2782	3.55694	2.820	31.3151
1398772711.789	n	11.2781	3.55694	2.809	31.3151
1398772711.851	n	11.2779	3.55692	2.793	31.3151
1398772711.913	n	11.2776	3.55689	2.779	31.3151
1398772711.976	n	11.2775	3.55686	2.769	31.3149
1398772712.040	n	11.2777	3.55684	2.760	31.3146
1398772712.100	n	11.2782	3.55682	2.745	31.3140
1398772712.163	n	11.2786	3.55681	2.735	31.3134
1398772712.226	n	11.2790	3.55679	2.724	31.3129
1398772712.288	n	11.2791	3.55675	2.713	31.3125
1398772712.350	n	11.2791	3.55670	2.702	31.3120
1398772712.414	n	11.2789	3.55664	2.688	31.3116
1398772712.475	n	11.2787	3.55660	2.680	31.3113
1398772712.538	n	11.2786	3.55656	2.668	31.3111
1398772712.761	y	11.2785	3.55652	2.653	31.3108
1398772712.769	n	11.2784	3.55648	2.645	31.3104
1398772712.779	n	11.2783	3.55644	2.636	31.3102
1398772712.788	n	11.2782	3.55643	2.622	31.3102
1398772712.850	n	11.2783	3.55646	2.608	31.3104
1398772712.913	n	11.2786	3.55650	2.602	31.3106
1398772712.976	n	11.2790	3.55655	2.588	31.3106
1398772713.038	n	11.2794	3.55658	2.576	31.3106
1398772713.100	n	11.2797	3.55660	2.564	31.3106
1398772713.163	n	11.2798	3.55662	2.555	31.3107
1398772713.226	n	11.2797	3.55664	2.542	31.3109
1398772713.288	n	11.2796	3.55666	2.533	31.3112
1398772713.350	n	11.2795	3.55668	2.525	31.3115
1398772713.412	n	11.2795	3.55668	2.513	31.3116
1398772713.475	n	11.2795	3.55667	2.505	31.3114
1398772713.540	n	11.2796	3.55666	2.497	31.3113
1398772713.601	n	11.2795	3.55665	2.490	31.3112
1398772713.663	n	11.2794	3.55664	2.480	31.3112
1398772713.727	n	11.2791	3.55662	2.471	31.3113
1398772713.789	n	11.2789	3.55660	2.465	31.3113
1398772713.901	y	11.2788	3.55659	2.454	31.3112
1398772713.913	n	11.2788	3.55659	2.448	31.3113
1398772713.977	n	11.2789	3.55661	2.442	31.3114
1398772714.038	n	11.2789	3.55661	2.438	31.3114
1398772714.100	n	11.2788	3.55661	2.433	31.3115
1398772714.163	n	11.2786	3.55660	2.426	31.3115
1398772714.227	n	11.2784	3.55659	2.419	31.3116
1398772714.288	n	11.2781	3.55657	2.417	31.3117
1398772714.351	n	11.2780	3.55657	2.412	31.3118
1398772714.413	n	11.2779	3.55656	2.407	31.3118
1398772714.477	n	11.2778	3.55657	2.401	31.3119
1398772714.538	n	11.2779	3.55657	2.395	31.3119
1398772714.601	n	11.2779	3.55657	2.392	31.3118
1398772714.663	n	11.2780	3.55656	2.389	31.3117
1398772714.726	n	11.2781	3.55654	2.386	31.3114
1398772714.789	n	11.2782	3.55652	2.383	31.3111
1398772714.851	n	11.2783	3.55651	2.382	31.3110
1398772714.913	n	11.2783	3.55651	2.376	31.3110
1398772714.977	n	11.2784	3.55653	2.372	31.3110
1398772715.038	n	11.2784	3.55654	2.371	31.3111
1398772715.101	n	11.2784	3.55655	2.362	31.3112
1398772715.164	n	11.2784	3.55657	2.358	31.3115
1398772715.225	n	11.2783	3.55660	2.353	31.3118
1398772715.290	n	11.2783	3.55661	2.350	31.3120
1398772715.351	n	11.2784	3.55662	2.346	31.3119
1398772715.413	n	11.2787	3.55660	2.340	31.3116
1398772715.476	n	11.2790	3.55657	2.336	31.3110
1398772715.539	n	11.2794	3.55655	2.332	31.3105
1398772715.601	n	11.2796	3.55653	2.324	31.3100
1398772715.663	n	11.2797	3.55650	2.322	31.3096
1398772715.726	n	11.2798	3.55648	2.317	31.3095
1398772715.789	n	11.2797	3.55647	2.313	31.3094
1398772715.850	n	11.2794	3.55644	2.308	31.3093
1398772715.914	n	11.2788	3.55638	2.300	31.3093
1398772715.976	n	11.2778	3.55629	2.292	31.3093
1398772716.038	n	11.2768	3.55617	2.287	31.3090
1398772716.100	n	11.2760	3.55608	2.283	31.3087
1398772716.163	n	11.2755	3.55604	2.276	31.3087
1398772716.226	n	11.2752	3.55600	2.270	31.3087
1398772716.290	n	11.2748	3.55592	2.262	31.3082
1398772716.351	n	11.2740	3.55575	2.256	31.3071
1398772716.413	n	11.2730	3.55550	2.245	31.3056
1398772716.476	n	11.2719	3.55526	2.239	31.3042
1398772716.537	n	11.2709	3.55511	2.235	31.3036
1398772716.651	y	11.2704	3.55506	2.224	31.3036
1398772716.664	n	11.2702	3.55510	2.221	31.3041
1398772716.725	n	11.2703	3.55518	2.211	31.3048
1398772716.790	n	11.2704	3.55528	2.205	31.3057
1398772716.850	n	11.2706	3.55538	2.198	31.3066
1398772716.912	n	11.2707	3.55549	2.188	31.3075
1398772716.976	n	11.2713	3.55559	2.182	31.3080
1398772717.038	n	11.2720	3.55569	2.174	31.3084
1398772717.100	n	11.2726	3.55577	2.163	31.3087
1398772717.164	n	11.2728	3.55582	2.155	31.3090
1398772717.225	n	11.2728	3.55586	2.154	31.3093
1398772717.287	n	11.2729	3.55589	2.143	31.3095
1398772717.351	n	11.2734	3.55590	2.133	31.3093
1398772717.413	n	11.2744	3.55590	2.123	31.3084
1398772717.485	y	11.2754	3.55588	2.112	31.3074
1398772717.539	n	11.2761	3.55585	2.108	31.3064
1398772717.601	n	11.2765	3.55580	2.098	31.3057
1398772717.664	n	11.2763	3.55576	2.088	31.3054
1398772717.727	n	11.2761	3.55572	2.080	31.3052
1398772717.788	n	11.2761	3.55569	2.067	31.3050
1398772717.852	n	11.2760	3.55570	2.059	31.3051
1398772717.914	n	11.2756	3.55573	2.048	31.3057
1398772717.977	n	11.2751	3.55575	2.040	31.3064
1398772718.038	n	11.2745	3.55578	2.029	31.3072
1398772718.101	n	11.2742	3.55578	2.019	31.3075
1398772718.164	n	11.2742	3.55575	2.006	31.3071
1398772718.228	n	11.2744	3.55567	1.994	31.3061
1398772718.287	n	11.2744	3.55557	1.983	31.3052
1398772718.351	n	11.2741	3.55547	1.971	31.3045
1398772718.413	n	11.2737	3.55539	1.956	31.3041
1398772718.476	n	11.2733	3.55533	1.944	31.3039
1398772718.538	n	11.2729	3.55527	1.929	31.3036
1398772718.601	n	11.2727	3.55520	1.914	31.3031
1398772718.664	n	11.2726	3.55515	1.902	31.3026
1398772718.725	n	11.2727	3.55513	1.886	31.3024
1398772718.790	n	11.2730	3.55514	1.873	31.3023
1398772718.850	n	11.2732	3.55517	1.857	31.3024
1398772718.912	n	11.2735	3.55521	1.839	31.3026
1398772718.975	n	11.2736	3.55525	1.826	31.3028
1398772719.039	n	11.2737	3.55528	1.812	31.3030
1398772719.101	n	11.2738	3.55531	1.796	31.3033
1398772719.164	n	11.2739	3.55536	1.780	31.3036
1398772719.226	n	11.2741	3.55544	1.761	31.3043
1398772719.288	n	11.2744	3.55555	1.745	31.3051
1398772719.350	n	11.2746	3.55563	1.732	31.3057
1398772719.413	n	11.2746	3.55568	1.718	31.3062
1398772719.477	n	11.2746	3.55570	1.697	31.3064
1398772719.538	n	11.2747	3.55571	1.681	31.3064
1398772719.600	n	11.2750	3.55574	1.665	31.3065
1398772719.663	n	11.2754	3.55577	1.649	31.3065
1398772719.727	n	11.2757	3.55580	1.632	31.3065
1398772719.788	n	11.2760	3.55582	1.615	31.3065
1398772719.850	n	11.2764	3.55586	1.598	31.3065
1398772719.913	n	11.2768	3.55593	1.575	31.3069
1398772719.976	n	11.2772	3.55601	1.560	31.3074
1398772720.039	n	11.2774	3.55609	1.540	31.3079
1398772720.101	n	11.2775	3.55613	1.527	31.3082
1398772720.162	n	11.2771	3.55608	1.506	31.3081
1398772720.226	n	11.2766	3.55601	1.489	31.3079
1398772720.288	n	11.2760	3.55596	1.469	31.3079
1398772720.351	n	11.2756	3.55590	1.450	31.3076
1398772720.414	n	11.2755	3.55582	1.434	31.3070
1398772720.477	n	11.2757	3.55573	1.411	31.3059
1398772720.539	n	11.2759	3.55561	1.390	31.3045
1398772720.601	n	11.2762	3.55555	1.371	31.3037
1398772720.664	n	11.2764	3.55556	1.350	31.3037
1398772720.727	n	11.2764	3.55560	1.331	31.3040
1398772720.790	n	11.2760	3.55558	1.308	31.3042
1398772720.942	y	11.2754	3.55552	1.287	31.3042
1398772720.949	n	11.2747	3.55541	1.264	31.3037
1398772720.976	n	11.2740	3.55532	1.241	31.3034
1398772721.038	n	11.2736	3.55526	1.218	31.3032
1398772721.100	n	11.2733	3.55524	1.197	31.3032
1398772721.163	n	11.2734	3.55523	1.170	31.3031
1398772721.242	y	11.2736	3.55523	1.146	31.3029
1398772721.289	n	11.2740	3.55523	1.122	31.3026
1398772721.351	n	11.2743	3.55523	1.098	31.3023
1398772721.414	n	11.2746	3.55524	1.077	31.3022
1398772721.475	n	11.2748	3.55526	1.056	31.3022
1398772721.539	n	11.2746	3.55526	1.030	31.3024
1398772721.601	n	11.2740	3.55521	1.010	31.3025
1398772721.663	n	11.2733	3.55513	0.988	31.3023
1398772721.783	y	11.2723	3.55502	0.963	31.3020
1398772721.789	n	11.2711	3.55493	0.939	31.3022
1398772721.850	n	11.2698	3.55486	0.921	31.3026
1398772721.913	n	11.2685	3.55483	0.900	31.3035
1398772721.975	n	11.2676	3.55486	0.877	31.3045
1398772722.038	n	11.2675	3.55492	0.862	31.3052
1398772722.101	n	11.2680	3.55498	0.847	31.3053
1398772722.163	n	11.2687	3.55502	0.828	31.3052
1398772722.225	n	11.2690	3.55503	0.809	31.3050
1398772722.289	n	11.2691	3.55501	0.786	31.3048
1398772722.350	n	11.2687	3.55498	0.770	31.3048
1398772722.414	n	11.2682	3.55498	0.758	31.3052
1398772722.476	n	11.2683	3.55501	0.738	31.3054
1398772722.539	n	11.2686	3.51689	0.717	30.9326
1398772722.602	n	11.2670	3.18022	0.705	27.6709
1398772722.662	n	11.2608	2.62661	0.686	22.4166
1398772722.735	n	11.2474	1.98549	0.673	16.5088
1398772722.788	n	11.2273	1.41526	0.656	11.4316
1398772722.851	n	11.2039	1.05342	0.639	8.3128
1398772722.913	n	11.1817	0.95363	0.624	7.4719
1398772722.977	n	11.1647	0.86773	0.606	6.7533
1398772723.038	n	11.1540	0.80972	0.595	6.2711
1398772723.101	n	11.1480	0.77043	0.581	5.9458
1398772723.162	n	11.1432	0.74502	0.572	5.7364
1398772723.226	n	11.1378	0.72152	0.561	5.5433
1398772723.288	n	11.1318	0.69742	0.549	5.3459
1398772723.350	n	11.1263	0.67053	0.542	5.1261
1398772723.413	n	11.1222	0.64524	0.537	4.9198
1398772723.477	n	11.1186	0.61898	0.531	4.7063
1398772723.538	n	11.1139	0.59345	0.524	4.4995
1398772723.600	n	11.1073	0.56916	0.518	4.3036
1398772723.664	n	11.0997	0.54632	0.517	4.1202
1398772723.726	n	11.0924	0.52398	0.514	3.9413
