Source File: D:\Storage\Programs\OOI\Group 5\Correspondence\07_18_14 sample files\files\11204990.PPB
Processed: 07/18/2014 12:27:51
Using Version: 1.11
Device: CTD
Start Date: 04/30/2014
Timestamp (s)	Suspect Timestamp	Temperature	Conductivity	Pressure	Salinity
1398859108.682	y	10.8230	3.59826	21.507	32.1071
1398859108.745	n	10.8233	3.59825	21.501	32.1066
1398859108.809	n	10.8233	3.59826	21.503	32.1068
1398859108.872	n	10.8233	3.59826	21.507	32.1068
1398859108.934	n	10.8233	3.59825	21.501	32.1066
1398859108.996	n	10.8236	3.59826	21.498	32.1065
1398859109.057	n	10.8235	3.59830	21.496	32.1069
1398859109.122	n	10.8234	3.59827	21.503	32.1067
1398859109.186	n	10.8235	3.59827	21.500	32.1066
1398859109.248	n	10.8236	3.59828	21.497	32.1066
1398859109.310	n	10.8236	3.59828	21.498	32.1066
1398859109.373	n	10.8237	3.59827	21.496	32.1065
1398859109.438	n	10.8237	3.59827	21.495	32.1064
1398859109.498	n	10.8238	3.59826	21.494	32.1063
1398859109.560	n	10.8238	3.59826	21.489	32.1062
1398859109.621	n	10.8238	3.59826	21.487	32.1063
1398859109.686	n	10.8239	3.59827	21.488	32.1063
1398859109.747	n	10.8240	3.59827	21.483	32.1062
1398859109.810	n	10.8241	3.59828	21.480	32.1062
1398859109.873	n	10.8241	3.59828	21.482	32.1062
1398859109.936	n	10.8242	3.59828	21.479	32.1061
1398859109.997	n	10.8242	3.59827	21.477	32.1061
1398859110.061	n	10.8242	3.59827	21.473	32.1061
1398859110.124	n	10.8242	3.59827	21.470	32.1060
1398859110.184	n	10.8242	3.59827	21.466	32.1061
1398859111.141	n	10.8243	3.59827	21.466	32.1060
1398859111.161	n	10.8243	3.59827	21.466	32.1059
1398859111.186	n	10.8244	3.59828	21.459	32.1059
1398859111.197	n	10.8246	3.59828	21.462	32.1058
1398859111.205	n	10.8247	3.59828	21.460	32.1057
1398859111.212	n	10.8247	3.59828	21.454	32.1057
1398859111.219	n	10.8247	3.59828	21.455	32.1057
1398859111.229	n	10.8247	3.59828	21.451	32.1057
1398859111.236	n	10.8247	3.59828	21.447	32.1057
1398859111.243	n	10.8248	3.59828	21.448	32.1057
1398859111.250	n	10.8248	3.59828	21.448	32.1056
1398859111.257	n	10.8250	3.59829	21.442	32.1055
1398859111.263	n	10.8251	3.59828	21.434	32.1054
1398859111.269	n	10.8251	3.59828	21.437	32.1053
1398859111.275	n	10.8251	3.59827	21.438	32.1052
1398859111.281	n	10.8252	3.59826	21.438	32.1051
1398859111.287	n	10.8251	3.59826	21.434	32.1051
1398859111.311	n	10.8252	3.59826	21.430	32.1052
1398859111.375	n	10.8252	3.59826	21.435	32.1052
1398859111.435	n	10.8252	3.59827	21.433	32.1052
1398859111.497	n	10.8252	3.59828	21.431	32.1053
1398859111.561	n	10.8253	3.59827	21.429	32.1052
1398859111.622	n	10.8253	3.59826	21.429	32.1051
1398859111.686	n	10.8253	3.59826	21.428	32.1050
1398859111.747	n	10.8252	3.59825	21.426	32.1050
1398859111.811	n	10.8252	3.59825	21.422	32.1050
1398859111.871	n	10.8252	3.59825	21.424	32.1051
1398859111.934	n	10.8252	3.59826	21.425	32.1051
1398859111.997	n	10.8252	3.59825	21.426	32.1051
1398859112.061	n	10.8251	3.59826	21.423	32.1051
1398859112.122	n	10.8250	3.59826	21.426	32.1052
1398859112.185	n	10.8250	3.59826	21.427	32.1053
1398859112.256	n	10.8249	3.59827	21.425	32.1055
1398859112.311	n	10.8248	3.59828	21.424	32.1056
1398859112.375	n	10.8248	3.59827	21.425	32.1056
1398859112.435	n	10.8247	3.59827	21.427	32.1056
1398859112.498	n	10.8246	3.59827	21.432	32.1057
1398859112.560	n	10.8244	3.59828	21.431	32.1059
1398859112.625	n	10.8243	3.59828	21.430	32.1061
1398859112.684	n	10.8242	3.59828	21.433	32.1061
1398859112.747	n	10.8242	3.59827	21.430	32.1061
1398859112.810	n	10.8242	3.59827	21.434	32.1061
1398859112.874	n	10.8241	3.59827	21.437	32.1061
1398859112.938	n	10.8241	3.59827	21.439	32.1061
1398859112.998	n	10.8240	3.59827	21.438	32.1062
1398859113.061	n	10.8239	3.59827	21.440	32.1063
1398859113.122	n	10.8239	3.59828	21.443	32.1064
1398859113.185	n	10.8238	3.59828	21.442	32.1066
1398859113.247	n	10.8238	3.59829	21.447	32.1066
1398859113.309	n	10.8238	3.59828	21.450	32.1065
1398859113.375	n	10.8238	3.59827	21.452	32.1065
1398859113.436	n	10.8238	3.59826	21.454	32.1064
1398859113.500	n	10.8238	3.59826	21.458	32.1063
1398859113.560	n	10.8238	3.59826	21.461	32.1064
1398859113.623	n	10.8237	3.59827	21.464	32.1065
1398859113.686	n	10.8237	3.59828	21.463	32.1066
1398859113.749	n	10.8237	3.59828	21.462	32.1066
1398859113.811	n	10.8236	3.59828	21.468	32.1067
1398859113.873	n	10.8236	3.59828	21.474	32.1067
1398859113.935	n	10.8236	3.59829	21.472	32.1067
1398859113.996	n	10.8236	3.59830	21.476	32.1069
1398859114.059	n	10.8236	3.59831	21.478	32.1070
1398859114.125	n	10.8235	3.59830	21.483	32.1069
1398859114.188	n	10.8235	3.59828	21.486	32.1068
1398859114.252	n	10.8235	3.59827	21.487	32.1067
1398859114.309	n	10.8235	3.59827	21.490	32.1067
1398859114.409	y	10.8234	3.59828	21.494	32.1069
1398859114.435	n	10.8234	3.59830	21.494	32.1070
1398859114.497	n	10.8234	3.59830	21.495	32.1070
1398859114.559	n	10.8234	3.59829	21.500	32.1069
1398859114.625	n	10.8234	3.59828	21.502	32.1069
1398859114.687	n	10.8233	3.59828	21.503	32.1069
1398859114.943	y	10.8233	3.59828	21.506	32.1069
1398859114.954	n	10.8233	3.59829	21.507	32.1070
1398859114.961	n	10.8234	3.59830	21.510	32.1070
1398859114.969	n	10.8234	3.59830	21.509	32.1070
1398859115.000	n	10.8234	3.59830	21.512	32.1071
1398859115.060	n	10.8234	3.59830	21.512	32.1071
1398859115.123	n	10.8234	3.59830	21.514	32.1071
1398859115.186	n	10.8233	3.59830	21.515	32.1071
1398859115.250	n	10.8233	3.59830	21.520	32.1071
1398859115.309	n	10.8232	3.59830	21.523	32.1072
1398859115.372	n	10.8232	3.59830	21.522	32.1073
1398859115.435	n	10.8231	3.59830	21.524	32.1073
1398859115.497	n	10.8230	3.59829	21.524	32.1073
1398859115.560	n	10.8229	3.59829	21.523	32.1073
1398859115.622	n	10.8228	3.59829	21.524	32.1074
1398859115.685	n	10.8228	3.59829	21.525	32.1075
1398859115.747	n	10.8227	3.59829	21.526	32.1076
1398859115.810	n	10.8226	3.59830	21.528	32.1077
1398859115.872	n	10.8226	3.59829	21.529	32.1077
1398859115.936	n	10.8225	3.59829	21.526	32.1077
1398859115.999	n	10.8225	3.59828	21.528	32.1076
1398859116.059	n	10.8225	3.59827	21.529	32.1076
1398859116.125	n	10.8225	3.59826	21.529	32.1074
1398859116.185	n	10.8227	3.59826	21.527	32.1072
1398859116.252	n	10.8228	3.59826	21.527	32.1071
1398859116.311	n	10.8230	3.59826	21.528	32.1070
1398859116.374	n	10.8232	3.59827	21.527	32.1069
1398859116.435	n	10.8233	3.59827	21.521	32.1068
1398859116.499	n	10.8235	3.59828	21.525	32.1067
1398859116.559	n	10.8237	3.59828	21.525	32.1066
1398859116.622	n	10.8238	3.59828	21.521	32.1065
1398859116.684	n	10.8238	3.59828	21.521	32.1065
1398859116.749	n	10.8238	3.59828	21.520	32.1065
1398859116.811	n	10.8238	3.59828	21.521	32.1065
1398859116.874	n	10.8238	3.59828	21.519	32.1065
1398859116.937	n	10.8238	3.59828	21.513	32.1065
1398859116.996	n	10.8238	3.59828	21.511	32.1064
1398859117.059	n	10.8238	3.59828	21.512	32.1065
1398859117.122	n	10.8237	3.59828	21.509	32.1066
1398859117.186	n	10.8237	3.59829	21.510	32.1067
1398859117.252	n	10.8237	3.59830	21.507	32.1068
1398859117.309	n	10.8236	3.59830	21.499	32.1068
1398859117.374	n	10.8236	3.59829	21.501	32.1068
1398859117.434	n	10.8236	3.59829	21.502	32.1068
1398859117.497	n	10.8235	3.59829	21.497	32.1069
1398859117.560	n	10.8234	3.59830	21.495	32.1070
1398859117.621	n	10.8233	3.59830	21.493	32.1071
1398859117.685	n	10.8233	3.59829	21.491	32.1070
1398859117.748	n	10.8233	3.59829	21.488	32.1070
1398859117.834	n	10.8233	3.59829	21.481	32.1070
1398859117.871	n	10.8233	3.59830	21.479	32.1071
1398859117.935	n	10.8233	3.59830	21.477	32.1071
1398859117.996	y	10.8234	3.59829	21.471	32.1070
1398859118.059	n	10.8234	3.59829	21.466	32.1069
1398859118.123	n	10.8234	3.59829	21.466	32.1069
1398859118.185	n	10.8235	3.59830	21.462	32.1070
1398859118.251	n	10.8235	3.59830	21.456	32.1070
1398859118.309	y	10.8235	3.59830	21.448	32.1070
1398859118.372	n	10.8235	3.59830	21.442	32.1070
1398859118.435	n	10.8235	3.59830	21.435	32.1070
1398859118.497	n	10.8235	3.59830	21.429	32.1070
1398859118.559	n	10.8236	3.59830	21.427	32.1069
1398859118.621	n	10.8236	3.59830	21.422	32.1069
1398859118.685	n	10.8237	3.59830	21.416	32.1068
1398859118.746	n	10.8237	3.59829	21.411	32.1067
1398859118.809	n	10.8237	3.59827	21.405	32.1065
1398859118.873	n	10.8238	3.59826	21.393	32.1064
1398859118.934	n	10.8238	3.59826	21.390	32.1063
1398859119.098	y	10.8238	3.59826	21.382	32.1062
1398859119.107	n	10.8238	3.59826	21.374	32.1063
1398859119.123	n	10.8239	3.59827	21.366	32.1064
1398859119.185	n	10.8239	3.59828	21.360	32.1065
1398859119.250	n	10.8239	3.59828	21.349	32.1065
1398859119.309	n	10.8240	3.59828	21.343	32.1064
1398859119.373	n	10.8240	3.59827	21.341	32.1063
1398859119.435	n	10.8239	3.59826	21.333	32.1063
1398859119.497	n	10.8240	3.59827	21.323	32.1063
1398859119.559	n	10.8241	3.59828	21.313	32.1063
1398859119.765	n	10.8242	3.59829	21.305	32.1063
1398859119.770	n	10.8243	3.59830	21.295	32.1063
1398859119.775	n	10.8243	3.59830	21.289	32.1063
1398859119.809	n	10.8243	3.59831	21.276	32.1064
1398859119.874	n	10.8243	3.59831	21.271	32.1064
1398859119.934	n	10.8243	3.59830	21.264	32.1063
1398859119.997	n	10.8243	3.59829	21.254	32.1062
1398859120.059	n	10.8243	3.59828	21.242	32.1061
1398859120.123	n	10.8244	3.59826	21.237	32.1059
1398859120.184	n	10.8244	3.59826	21.231	32.1058
1398859120.249	n	10.8245	3.59826	21.217	32.1058
1398859120.309	n	10.8245	3.59826	21.208	32.1057
1398859120.373	n	10.8245	3.59826	21.198	32.1057
1398859120.434	n	10.8246	3.59826	21.196	32.1057
1398859120.497	n	10.8246	3.59826	21.183	32.1057
1398859120.560	n	10.8245	3.59826	21.174	32.1057
1398859120.623	n	10.8245	3.59826	21.167	32.1058
1398859120.684	n	10.8245	3.59828	21.154	32.1059
1398859120.746	n	10.8245	3.59828	21.143	32.1060
1398859120.809	n	10.8245	3.59828	21.131	32.1060
1398859120.871	n	10.8246	3.59827	21.120	32.1059
1398859120.935	n	10.8246	3.59826	21.110	32.1058
1398859120.997	n	10.8245	3.59826	21.102	32.1058
1398859121.060	n	10.8245	3.59827	21.092	32.1059
1398859121.124	n	10.8246	3.59827	21.083	32.1059
1398859121.185	n	10.8246	3.59827	21.070	32.1058
1398859121.249	n	10.8246	3.59826	21.062	32.1058
1398859121.310	n	10.8245	3.59826	21.052	32.1058
1398859121.372	n	10.8245	3.59826	21.041	32.1059
1398859121.436	n	10.8244	3.59826	21.030	32.1060
1398859121.498	n	10.8244	3.59827	21.019	32.1060
1398859121.559	n	10.8244	3.59826	21.007	32.1060
1398859121.623	y	10.8244	3.59826	20.998	32.1060
1398859121.685	n	10.8244	3.59825	20.988	32.1059
1398859121.747	n	10.8244	3.59825	20.976	32.1058
1398859121.809	n	10.8245	3.59825	20.964	32.1058
1398859121.873	n	10.8245	3.59826	20.951	32.1059
1398859121.934	n	10.8245	3.59826	20.941	32.1059
1398859121.996	n	10.8245	3.59826	20.929	32.1059
1398859122.060	n	10.8244	3.59826	20.910	32.1059
1398859122.122	n	10.8244	3.59826	20.900	32.1059
1398859122.186	n	10.8244	3.59826	20.895	32.1059
1398859122.252	n	10.8244	3.59826	20.881	32.1060
1398859122.310	n	10.8244	3.59826	20.868	32.1060
1398859122.372	n	10.8244	3.59826	20.855	32.1060
1398859122.436	n	10.8245	3.59826	20.842	32.1059
1398859122.498	n	10.8245	3.59825	20.829	32.1059
1398859122.560	n	10.8245	3.59825	20.818	32.1058
1398859122.621	n	10.8245	3.59825	20.808	32.1058
1398859122.684	n	10.8245	3.59824	20.798	32.1057
1398859122.746	n	10.8246	3.59824	20.780	32.1057
1398859122.810	n	10.8246	3.59824	20.764	32.1057
1398859122.873	n	10.8247	3.59824	20.753	32.1056
1398859122.935	n	10.8247	3.59824	20.740	32.1056
1398859122.998	n	10.8247	3.59824	20.728	32.1057
1398859123.060	n	10.8246	3.59824	20.715	32.1056
1398859123.122	n	10.8246	3.59823	20.701	32.1056
1398859123.184	n	10.8246	3.59824	20.687	32.1057
1398859123.312	y	10.8246	3.59825	20.671	32.1058
1398859123.318	n	10.8247	3.59825	20.658	32.1058
1398859123.372	n	10.8247	3.59826	20.643	32.1059
1398859123.434	n	10.8247	3.59826	20.630	32.1058
1398859123.497	n	10.8247	3.59825	20.617	32.1057
1398859123.559	n	10.8247	3.59825	20.601	32.1057
1398859123.624	n	10.8247	3.59825	20.586	32.1057
1398859123.684	n	10.8247	3.59824	20.572	32.1057
1398859123.748	n	10.8247	3.59825	20.558	32.1058
1398859123.810	n	10.8247	3.59826	20.539	32.1058
1398859123.873	n	10.8247	3.59826	20.526	32.1059
1398859123.936	n	10.8247	3.59826	20.511	32.1059
1398859123.997	n	10.8247	3.59826	20.495	32.1059
1398859124.059	n	10.8247	3.59826	20.478	32.1059
1398859124.123	n	10.8247	3.59826	20.462	32.1059
1398859124.185	n	10.8247	3.59826	20.445	32.1059
1398859124.247	n	10.8247	3.59826	20.427	32.1059
1398859124.309	n	10.8247	3.59826	20.413	32.1059
1398859124.371	n	10.8247	3.59825	20.397	32.1058
1398859124.435	n	10.8248	3.59825	20.380	32.1058
1398859124.497	n	10.8248	3.59824	20.363	32.1057
1398859124.559	n	10.8248	3.59824	20.346	32.1056
1398859124.622	n	10.8248	3.59823	20.328	32.1056
1398859124.686	n	10.8249	3.59823	20.311	32.1055
1398859124.746	n	10.8249	3.59823	20.293	32.1055
1398859124.810	n	10.8250	3.59823	20.274	32.1055
1398859124.872	n	10.8250	3.59823	20.255	32.1055
1398859124.934	n	10.8250	3.59823	20.239	32.1054
1398859124.998	n	10.8250	3.59821	20.223	32.1053
1398859125.061	n	10.8250	3.59821	20.202	32.1053
1398859125.122	n	10.8250	3.59821	20.185	32.1053
1398859125.184	n	10.8250	3.59822	20.167	32.1054
1398859125.248	n	10.8250	3.59823	20.146	32.1055
1398859125.341	y	10.8250	3.59823	20.129	32.1055
1398859125.373	n	10.8251	3.59822	20.110	32.1054
1398859125.434	n	10.8251	3.59821	20.087	32.1052
1398859125.497	n	10.8252	3.59821	20.068	32.1051
1398859125.560	n	10.8252	3.59820	20.045	32.1051
1398859125.624	n	10.8252	3.59820	20.024	32.1051
1398859125.685	n	10.8252	3.59821	20.004	32.1052
1398859125.747	n	10.8253	3.59822	19.988	32.1052
1398859125.809	n	10.8253	3.59822	19.968	32.1052
1398859125.873	n	10.8254	3.59822	19.948	32.1052
1398859125.934	n	10.8254	3.59822	19.925	32.1051
1398859125.997	n	10.8255	3.59821	19.904	32.1050
1398859126.061	n	10.8255	3.59820	19.884	32.1049
1398859126.123	n	10.8255	3.59820	19.864	32.1049
1398859126.185	n	10.8255	3.59819	19.841	32.1048
1398859126.248	n	10.8255	3.59819	19.822	32.1048
1398859126.310	n	10.8255	3.59820	19.806	32.1049
1398859126.373	n	10.8255	3.59821	19.782	32.1050
1398859126.434	n	10.8255	3.59821	19.758	32.1050
1398859126.498	n	10.8256	3.59821	19.735	32.1050
1398859126.560	n	10.8257	3.59821	19.714	32.1049
1398859126.622	n	10.8258	3.59820	19.691	32.1047
1398859126.686	n	10.8259	3.59819	19.672	32.1046
1398859126.747	n	10.8259	3.59819	19.649	32.1045
1398859126.809	n	10.8260	3.59819	19.625	32.1045
1398859126.873	n	10.8259	3.59819	19.605	32.1045
1398859126.935	n	10.8259	3.59818	19.583	32.1045
1398859126.998	n	10.8259	3.59817	19.556	32.1043
1398859127.060	n	10.8260	3.59817	19.536	32.1043
1398859127.122	n	10.8260	3.59817	19.517	32.1043
1398859127.186	n	10.8261	3.59818	19.492	32.1043
1398859127.247	n	10.8262	3.59818	19.468	32.1042
1398859127.309	n	10.8262	3.59817	19.447	32.1041
1398859127.372	n	10.8262	3.59817	19.429	32.1041
1398859127.434	n	10.8263	3.59817	19.406	32.1041
1398859127.584	y	10.8263	3.59818	19.383	32.1041
1398859127.591	n	10.8264	3.59818	19.363	32.1041
1398859127.621	n	10.8265	3.59818	19.342	32.1040
1398859127.685	n	10.8266	3.59818	19.318	32.1039
1398859127.747	n	10.8267	3.59817	19.303	32.1038
1398859127.809	n	10.8268	3.59817	19.276	32.1037
1398859127.872	n	10.8267	3.59817	19.253	32.1038
1398859127.936	n	10.8268	3.59818	19.232	32.1038
1398859127.997	n	10.8268	3.59818	19.211	32.1038
1398859128.059	n	10.8269	3.59817	19.190	32.1037
1398859128.121	n	10.8270	3.59817	19.169	32.1036
1398859128.185	n	10.8271	3.59817	19.147	32.1035
1398859128.247	n	10.8272	3.59818	19.125	32.1035
1398859128.310	n	10.8273	3.59818	19.106	32.1034
1398859128.374	n	10.8274	3.59818	19.088	32.1033
1398859128.435	n	10.8275	3.59817	19.067	32.1032
1398859128.498	n	10.8276	3.59817	19.042	32.1031
1398859128.560	n	10.8277	3.59817	19.024	32.1030
1398859128.622	n	10.8278	3.59817	19.003	32.1029
1398859128.685	n	10.8278	3.59816	18.985	32.1028
1398859128.746	n	10.8278	3.59816	18.963	32.1028
1398859128.810	n	10.8279	3.59815	18.943	32.1027
1398859128.872	n	10.8280	3.59815	18.926	32.1026
1398859128.936	n	10.8281	3.59815	18.906	32.1025
1398859128.997	y	10.8283	3.59815	18.887	32.1024
1398859129.059	n	10.8284	3.59816	18.867	32.1023
1398859129.121	n	10.8285	3.59816	18.849	32.1023
1398859129.185	n	10.8286	3.59817	18.832	32.1023
1398859129.247	n	10.8287	3.59816	18.817	32.1021
1398859129.310	n	10.8288	3.59815	18.797	32.1020
1398859129.372	n	10.8289	3.59815	18.779	32.1019
1398859129.436	n	10.8290	3.59816	18.761	32.1019
1398859129.497	n	10.8290	3.59817	18.747	32.1019
1398859129.560	n	10.8292	3.59817	18.729	32.1019
1398859129.622	n	10.8293	3.59816	18.710	32.1016
1398859129.684	n	10.8294	3.59815	18.694	32.1014
1398859129.748	n	10.8296	3.59815	18.681	32.1013
1398859129.810	n	10.8297	3.59816	18.660	32.1013
1398859129.873	n	10.8298	3.59816	18.649	32.1012
1398859129.934	n	10.8299	3.59816	18.635	32.1012
1398859129.997	n	10.8300	3.59816	18.616	32.1010
1398859130.060	n	10.8301	3.59815	18.597	32.1009
1398859130.122	n	10.8302	3.59815	18.586	32.1008
1398859130.185	n	10.8303	3.59815	18.571	32.1007
1398859130.248	n	10.8305	3.59814	18.555	32.1004
1398859130.310	n	10.8306	3.59814	18.544	32.1003
1398859130.373	n	10.8307	3.59813	18.527	32.1002
1398859130.434	n	10.8308	3.59812	18.515	32.1001
1398859130.498	n	10.8309	3.59813	18.501	32.1001
1398859130.560	n	10.8310	3.59814	18.487	32.1001
1398859130.623	n	10.8311	3.59814	18.474	32.1000
1398859130.685	n	10.8313	3.59815	18.458	32.0999
1398859130.747	n	10.8315	3.59816	18.448	32.0999
1398859130.810	n	10.8316	3.59817	18.435	32.0998
1398859130.873	n	10.8317	3.59816	18.421	32.0997
1398859130.936	n	10.8318	3.59815	18.408	32.0995
1398859130.998	y	10.8320	3.59815	18.393	32.0993
1398859131.100	n	10.8321	3.59815	18.379	32.0992
1398859131.122	n	10.8323	3.59815	18.366	32.0991
1398859131.185	n	10.8324	3.59815	18.353	32.0990
1398859131.248	n	10.8325	3.59814	18.343	32.0988
1398859131.311	n	10.8326	3.59813	18.331	32.0986
1398859131.373	n	10.8327	3.59813	18.319	32.0985
1398859131.437	n	10.8328	3.59813	18.305	32.0985
1398859131.498	n	10.8329	3.59814	18.288	32.0985
1398859131.560	n	10.8331	3.59815	18.278	32.0984
1398859131.623	n	10.8332	3.59815	18.265	32.0983
1398859131.684	n	10.8334	3.59815	18.254	32.0981
1398859131.843	y	10.8335	3.59814	18.238	32.0980
1398859131.851	n	10.8336	3.59814	18.226	32.0978
1398859131.872	n	10.8338	3.59813	18.214	32.0976
1398859131.935	n	10.8339	3.59812	18.201	32.0974
1398859131.998	n	10.8340	3.59812	18.187	32.0973
1398859132.061	n	10.8341	3.59812	18.179	32.0973
1398859132.122	n	10.8342	3.59812	18.163	32.0972
1398859132.185	n	10.8344	3.59812	18.147	32.0971
1398859132.246	n	10.8345	3.59812	18.136	32.0969
1398859132.309	n	10.8346	3.59811	18.122	32.0967
1398859132.372	n	10.8348	3.59810	18.110	32.0965
1398859132.435	n	10.8349	3.59811	18.094	32.0965
1398859132.498	n	10.8351	3.59811	18.078	32.0964
1398859132.587	y	10.8352	3.59812	18.064	32.0963
1398859132.621	n	10.8354	3.59812	18.047	32.0962
1398859132.685	n	10.8355	3.59812	18.032	32.0961
1398859132.748	n	10.8357	3.59812	18.018	32.0959
1398859132.810	n	10.8359	3.59812	18.006	32.0957
1398859132.871	n	10.8361	3.59811	17.992	32.0955
1398859132.936	n	10.8362	3.59812	17.976	32.0954
1398859132.998	n	10.8364	3.59811	17.959	32.0953
1398859133.060	n	10.8366	3.59811	17.944	32.0951
1398859133.121	n	10.8367	3.59810	17.925	32.0948
1398859133.185	n	10.8369	3.59809	17.908	32.0946
1398859133.246	n	10.8371	3.59809	17.893	32.0945
1398859133.309	n	10.8373	3.59809	17.878	32.0943
1398859133.372	n	10.8375	3.59810	17.861	32.0942
1398859133.435	n	10.8377	3.59811	17.847	32.0942
1398859133.496	n	10.8379	3.59812	17.833	32.0940
1398859133.560	n	10.8382	3.59812	17.811	32.0938
1398859133.624	n	10.8385	3.59812	17.794	32.0936
1398859133.684	n	10.8388	3.59812	17.777	32.0933
1398859133.747	n	10.8391	3.59812	17.757	32.0931
1398859133.809	n	10.8394	3.59811	17.743	32.0928
1398859133.872	n	10.8396	3.59811	17.724	32.0925
1398859133.935	n	10.8399	3.59810	17.705	32.0922
1398859133.998	n	10.8402	3.59810	17.687	32.0919
1398859134.059	n	10.8406	3.59811	17.667	32.0917
1398859134.121	n	10.8409	3.59811	17.651	32.0914
1398859134.186	n	10.8412	3.59811	17.632	32.0912
1398859134.246	n	10.8416	3.59811	17.608	32.0909
1398859134.310	n	10.8419	3.59811	17.590	32.0905
1398859134.372	n	10.8423	3.59810	17.568	32.0901
1398859134.436	n	10.8428	3.59810	17.547	32.0898
1398859134.496	n	10.8432	3.59811	17.531	32.0894
1398859134.560	n	10.8436	3.59811	17.509	32.0891
1398859134.622	n	10.8441	3.59812	17.488	32.0888
1398859134.685	n	10.8446	3.59812	17.465	32.0884
1398859134.748	n	10.8451	3.59812	17.443	32.0880
1398859134.810	n	10.8456	3.59812	17.422	32.0876
1398859134.873	n	10.8460	3.59811	17.405	32.0870
1398859134.935	n	10.8465	3.59810	17.381	32.0866
1398859134.998	n	10.8469	3.59810	17.360	32.0862
1398859135.059	n	10.8473	3.59810	17.339	32.0859
1398859135.122	n	10.8477	3.59811	17.318	32.0856
1398859135.186	n	10.8481	3.59813	17.295	32.0854
1398859135.248	n	10.8486	3.59813	17.267	32.0851
1398859135.311	n	10.8490	3.59813	17.245	32.0847
1398859135.377	n	10.8495	3.59812	17.226	32.0842
1398859135.435	n	10.8500	3.59812	17.204	32.0837
1398859135.497	n	10.8505	3.59812	17.179	32.0833
1398859135.560	n	10.8509	3.59812	17.157	32.0829
1398859135.623	n	10.8514	3.59813	17.132	32.0826
1398859135.684	n	10.8519	3.59813	17.108	32.0822
1398859135.747	n	10.8524	3.59813	17.086	32.0818
1398859135.809	n	10.8530	3.59813	17.060	32.0813
1398859135.872	n	10.8535	3.59812	17.039	32.0808
1398859135.935	y	10.8540	3.59811	17.015	32.0803
1398859136.125	n	10.8545	3.59811	16.991	32.0798
1398859136.132	n	10.8550	3.59810	16.964	32.0793
1398859136.137	n	10.8555	3.59810	16.944	32.0788
1398859136.184	n	10.8561	3.59810	16.922	32.0783
1398859136.270	y	10.8567	3.59810	16.898	32.0778
1398859136.310	n	10.8573	3.59811	16.870	32.0773
1398859136.376	n	10.8579	3.59811	16.849	32.0769
1398859136.435	n	10.8584	3.59810	16.824	32.0764
1398859136.497	n	10.8589	3.59809	16.797	32.0758
1398859136.560	n	10.8594	3.59808	16.773	32.0753
1398859136.623	n	10.8599	3.59808	16.751	32.0748
1398859136.685	n	10.8605	3.59807	16.726	32.0743
1398859136.747	n	10.8610	3.59807	16.701	32.0738
1398859136.809	n	10.8615	3.59806	16.679	32.0733
1398859136.872	n	10.8620	3.59806	16.654	32.0729
1398859136.937	n	10.8624	3.59807	16.630	32.0726
1398859136.999	n	10.8629	3.59808	16.608	32.0723
1398859137.059	n	10.8634	3.59808	16.584	32.0719
1398859137.122	n	10.8638	3.59807	16.559	32.0715
1398859137.187	n	10.8643	3.59806	16.537	32.0710
1398859137.248	n	10.8648	3.59806	16.511	32.0705
1398859137.310	n	10.8652	3.59806	16.488	32.0701
1398859137.374	n	10.8656	3.59807	16.467	32.0698
1398859137.436	n	10.8661	3.59808	16.440	32.0695
1398859137.497	n	10.8666	3.59809	16.419	32.0692
1398859137.559	n	10.8670	3.59809	16.397	32.0689
1398859137.623	n	10.8674	3.59809	16.373	32.0685
1398859137.684	n	10.8678	3.59809	16.349	32.0681
1398859137.747	n	10.8683	3.59809	16.325	32.0678
1398859137.810	n	10.8688	3.59809	16.302	32.0674
1398859137.873	n	10.8692	3.59808	16.279	32.0669
1398859137.935	n	10.8697	3.59807	16.258	32.0664
1398859137.996	n	10.8701	3.59807	16.233	32.0661
1398859138.059	n	10.8704	3.59808	16.216	32.0658
1398859138.124	n	10.8708	3.59808	16.189	32.0655
1398859138.187	n	10.8712	3.59808	16.167	32.0652
1398859138.247	n	10.8716	3.59809	16.148	32.0649
1398859138.310	n	10.8719	3.59808	16.128	32.0646
1398859138.374	n	10.8722	3.59808	16.102	32.0643
1398859138.436	n	10.8725	3.59807	16.083	32.0640
1398859138.497	n	10.8728	3.59807	16.062	32.0637
1398859138.561	n	10.8732	3.59807	16.042	32.0634
1398859138.622	n	10.8735	3.59807	16.018	32.0631
1398859138.686	n	10.8739	3.59807	15.997	32.0628
1398859138.748	n	10.8742	3.59807	15.979	32.0626
1398859138.810	n	10.8744	3.59808	15.959	32.0625
1398859138.874	n	10.8746	3.59808	15.936	32.0623
1398859138.934	n	10.8749	3.59808	15.913	32.0621
1398859138.996	n	10.8751	3.59807	15.891	32.0618
1398859139.059	n	10.8754	3.59807	15.872	32.0616
1398859139.123	n	10.8755	3.59807	15.857	32.0614
1398859139.184	n	10.8757	3.59807	15.836	32.0613
1398859139.247	n	10.8758	3.59807	15.815	32.0612
1398859139.309	n	10.8760	3.59807	15.796	32.0610
1398859139.379	n	10.8762	3.59806	15.775	32.0608
1398859139.435	n	10.8765	3.59805	15.758	32.0605
1398859139.497	n	10.8768	3.59805	15.738	32.0602
1398859139.559	n	10.8770	3.59804	15.721	32.0599
1398859139.623	n	10.8772	3.59804	15.698	32.0597
1398859139.686	n	10.8774	3.59804	15.680	32.0596
1398859139.747	n	10.8777	3.59804	15.662	32.0594
1398859139.810	n	10.8780	3.59805	15.642	32.0592
1398859139.871	n	10.8783	3.59804	15.625	32.0589
1398859139.935	y	10.8786	3.59804	15.606	32.0585
1398859140.014	n	10.8789	3.59803	15.588	32.0582
1398859140.059	n	10.8792	3.59802	15.569	32.0579
1398859140.124	n	10.8795	3.59802	15.549	32.0576
1398859140.185	y	10.8799	3.59804	15.532	32.0574
1398859140.308	n	10.8803	3.59804	15.518	32.0572
1398859140.313	n	10.8806	3.59804	15.500	32.0569
1398859140.373	n	10.8810	3.59804	15.482	32.0566
1398859140.436	n	10.8813	3.59804	15.465	32.0563
1398859140.498	n	10.8817	3.59805	15.444	32.0560
1398859140.559	n	10.8821	3.59806	15.427	32.0557
1398859140.621	n	10.8825	3.59805	15.407	32.0553
1398859140.685	n	10.8829	3.59805	15.389	32.0549
1398859140.747	n	10.8833	3.59805	15.376	32.0546
1398859140.809	n	10.8837	3.59805	15.359	32.0543
1398859140.872	n	10.8840	3.59805	15.341	32.0540
1398859140.935	n	10.8844	3.59804	15.326	32.0536
1398859140.997	n	10.8848	3.59803	15.309	32.0531
1398859141.059	n	10.8853	3.59802	15.292	32.0527
1398859141.124	n	10.8858	3.59802	15.280	32.0523
1398859141.186	n	10.8862	3.59803	15.264	32.0520
1398859141.247	n	10.8866	3.59803	15.249	32.0517
1398859141.310	n	10.8869	3.59804	15.233	32.0515
1398859141.371	n	10.8873	3.59805	15.215	32.0512
1398859141.434	n	10.8877	3.59804	15.200	32.0508
1398859141.497	n	10.8882	3.59804	15.184	32.0504
1398859141.561	n	10.8886	3.59803	15.168	32.0499
1398859141.622	n	10.8890	3.59803	15.153	32.0495
1398859141.685	n	10.8895	3.59803	15.134	32.0491
1398859141.747	n	10.8899	3.59803	15.123	32.0488
1398859141.809	n	10.8902	3.59803	15.107	32.0485
1398859141.873	n	10.8906	3.59803	15.091	32.0482
1398859141.934	n	10.8909	3.59803	15.078	32.0479
1398859141.997	n	10.8913	3.59802	15.062	32.0475
1398859142.059	n	10.8917	3.59802	15.047	32.0471
1398859142.123	n	10.8921	3.59802	15.031	32.0468
1398859142.185	n	10.8925	3.59802	15.016	32.0465
1398859142.247	n	10.8928	3.59802	14.998	32.0462
1398859142.310	n	10.8931	3.59803	14.983	32.0460
1398859142.374	n	10.8934	3.59803	14.970	32.0458
1398859142.436	n	10.8937	3.59803	14.955	32.0455
1398859142.497	n	10.8940	3.59803	14.946	32.0453
1398859142.559	n	10.8943	3.59803	14.933	32.0450
1398859142.623	n	10.8946	3.59803	14.913	32.0448
1398859142.684	n	10.8949	3.59803	14.903	32.0445
1398859142.747	n	10.8951	3.59803	14.885	32.0444
1398859142.810	n	10.8952	3.59803	14.870	32.0442
1398859142.872	n	10.8954	3.59803	14.855	32.0441
1398859142.935	n	10.8955	3.59802	14.841	32.0440
1398859142.997	n	10.8955	3.59801	14.827	32.0439
1398859143.059	n	10.8956	3.59801	14.813	32.0438
1398859143.123	n	10.8956	3.59801	14.802	32.0438
1398859143.184	n	10.8955	3.59802	14.785	32.0439
1398859143.246	n	10.8955	3.59802	14.770	32.0440
1398859143.311	n	10.8954	3.59801	14.756	32.0440
1398859143.373	n	10.8953	3.59801	14.743	32.0441
1398859143.434	n	10.8951	3.59800	14.732	32.0442
1398859143.498	n	10.8949	3.59800	14.719	32.0443
1398859143.560	n	10.8947	3.59801	14.704	32.0446
1398859143.643	y	10.8944	3.59801	14.687	32.0448
1398859143.687	n	10.8941	3.59800	14.678	32.0450
1398859143.747	n	10.8938	3.59800	14.662	32.0452
1398859143.811	n	10.8935	3.59799	14.646	32.0455
1398859143.872	n	10.8931	3.59799	14.629	32.0458
1398859143.935	n	10.8928	3.59799	14.617	32.0462
1398859143.998	n	10.8923	3.59799	14.605	32.0465
1398859144.059	n	10.8918	3.59799	14.594	32.0469
1398859144.123	n	10.8913	3.59799	14.577	32.0474
1398859144.186	n	10.8908	3.59798	14.564	32.0478
1398859144.248	n	10.8902	3.59797	14.548	32.0482
1398859144.311	n	10.8895	3.59797	14.534	32.0488
1398859144.375	n	10.8888	3.59796	14.521	32.0493
1398859144.437	y	10.8881	3.59796	14.508	32.0499
1398859144.578	n	10.8873	3.59797	14.495	32.0507
1398859144.584	n	10.8864	3.59797	14.482	32.0516
1398859144.623	n	10.8854	3.59797	14.464	32.0524
1398859144.684	n	10.8844	3.59797	14.446	32.0533
1398859144.748	n	10.8834	3.59795	14.431	32.0540
1398859144.810	n	10.8823	3.59794	14.415	32.0549
1398859144.872	n	10.8812	3.59793	14.405	32.0558
1398859144.936	n	10.8800	3.59794	14.390	32.0569
1398859144.997	n	10.8788	3.59794	14.371	32.0580
1398859145.059	n	10.8776	3.59795	14.359	32.0591
1398859145.123	n	10.8763	3.59795	14.343	32.0603
1398859145.186	n	10.8750	3.59794	14.324	32.0613
1398859145.247	n	10.8738	3.59793	14.310	32.0623
1398859145.310	n	10.8725	3.59792	14.299	32.0633
1398859145.376	n	10.8711	3.59791	14.280	32.0644
1398859145.436	n	10.8698	3.59791	14.263	32.0656
1398859145.496	n	10.8684	3.59791	14.249	32.0668
1398859145.559	n	10.8669	3.59790	14.235	32.0680
1398859145.623	n	10.8655	3.59790	14.218	32.0692
1398859145.687	n	10.8641	3.59790	14.201	32.0704
1398859145.748	n	10.8627	3.59790	14.185	32.0716
1398859145.810	n	10.8614	3.59789	14.170	32.0728
1398859145.872	n	10.8600	3.59789	14.152	32.0740
1398859145.936	n	10.8585	3.59788	14.132	32.0752
1398859145.997	n	10.8571	3.59788	14.119	32.0764
1398859146.059	n	10.8557	3.59788	14.100	32.0777
1398859146.121	n	10.8542	3.59787	14.080	32.0788
1398859146.186	n	10.8528	3.59786	14.063	32.0800
1398859146.247	n	10.8514	3.59785	14.047	32.0812
1398859146.311	y	10.8500	3.59785	14.029	32.0824
1398859146.477	n	10.8486	3.59785	14.009	32.0836
1398859146.486	n	10.8472	3.59785	13.987	32.0849
1398859146.497	n	10.8457	3.59785	13.971	32.0862
1398859146.559	n	10.8443	3.59785	13.950	32.0874
1398859146.624	n	10.8429	3.59785	13.933	32.0886
1398859146.686	n	10.8416	3.59785	13.912	32.0898
1398859146.748	n	10.8402	3.59784	13.896	32.0909
1398859146.811	n	10.8388	3.59784	13.873	32.0921
1398859146.873	n	10.8374	3.59783	13.852	32.0934
1398859146.935	n	10.8360	3.59782	13.831	32.0945
1398859146.997	n	10.8346	3.59782	13.812	32.0957
1398859147.060	n	10.8333	3.59782	13.794	32.0969
1398859147.123	n	10.8319	3.59782	13.770	32.0981
1398859147.185	n	10.8304	3.59782	13.748	32.0993
1398859147.248	y	10.8290	3.59781	13.727	32.1005
1398859147.310	n	10.8276	3.59781	13.707	32.1017
1398859147.372	n	10.8263	3.59780	13.682	32.1028
1398859147.435	n	10.8249	3.59779	13.660	32.1040
1398859147.497	n	10.8236	3.59779	13.634	32.1052
1398859147.561	n	10.8222	3.59779	13.613	32.1063
1398859147.624	n	10.8209	3.59779	13.591	32.1075
1398859147.685	n	10.8196	3.59779	13.567	32.1086
1398859147.747	n	10.8183	3.59778	13.545	32.1097
1398859147.809	n	10.8170	3.59778	13.520	32.1108
1398859147.872	n	10.8158	3.59779	13.497	32.1120
1398859147.936	n	10.8146	3.59779	13.476	32.1131
1398859147.998	n	10.8135	3.59779	13.455	32.1141
1398859148.060	n	10.8123	3.59778	13.427	32.1150
1398859148.123	n	10.8112	3.59777	13.400	32.1159
1398859148.186	n	10.8100	3.59777	13.376	32.1169
1398859148.246	n	10.8089	3.59777	13.352	32.1179
1398859148.309	n	10.8077	3.59777	13.326	32.1190
1398859148.373	n	10.8066	3.59777	13.302	32.1200
1398859148.435	n	10.8055	3.59775	13.274	32.1208
1398859148.497	n	10.8045	3.59774	13.247	32.1216
1398859148.561	n	10.8035	3.59775	13.222	32.1225
1398859148.621	n	10.8026	3.59775	13.194	32.1234
1398859148.684	y	10.8016	3.59777	13.169	32.1244
1398859148.854	n	10.8007	3.59777	13.143	32.1253
1398859148.859	n	10.7997	3.59776	13.113	32.1260
1398859148.872	n	10.7987	3.59775	13.089	32.1267
1398859148.934	n	10.7978	3.59773	13.062	32.1274
1398859148.998	n	10.7969	3.59772	13.036	32.1282
1398859149.061	n	10.7961	3.59772	13.010	32.1289
1398859149.121	n	10.7952	3.59772	12.982	32.1296
1398859149.185	n	10.7944	3.59772	12.953	32.1303
1398859149.247	n	10.7936	3.59773	12.927	32.1311
1398859149.311	n	10.7928	3.59773	12.899	32.1319
1398859149.373	n	10.7920	3.59773	12.867	32.1326
1398859149.434	n	10.7912	3.59773	12.840	32.1333
1398859149.498	n	10.7904	3.59773	12.813	32.1340
1398859149.561	n	10.7897	3.59772	12.788	32.1346
1398859149.623	n	10.7890	3.59774	12.754	32.1354
1398859149.685	n	10.7884	3.59776	12.728	32.1361
1398859149.747	n	10.7877	3.59777	12.699	32.1368
1398859149.810	n	10.7871	3.59777	12.669	32.1373
1398859149.873	n	10.7865	3.59775	12.641	32.1377
1398859149.934	n	10.7859	3.59773	12.615	32.1380
1398859149.998	n	10.7853	3.59773	12.584	32.1385
1398859150.060	n	10.7848	3.59773	12.557	32.1390
1398859150.124	n	10.7843	3.59774	12.524	32.1396
1398859150.185	n	10.7838	3.59774	12.498	32.1401
1398859150.248	n	10.7833	3.59776	12.469	32.1406
1398859150.310	n	10.7829	3.59776	12.443	32.1411
1398859150.373	n	10.7825	3.59776	12.413	32.1414
1398859150.434	n	10.7821	3.59775	12.385	32.1417
1398859150.498	n	10.7817	3.59775	12.356	32.1420
1398859150.560	n	10.7814	3.59775	12.327	32.1423
1398859150.624	n	10.7811	3.59776	12.301	32.1427
1398859150.684	n	10.7808	3.59775	12.275	32.1429
1398859150.746	n	10.7805	3.59774	12.251	32.1431
1398859150.809	n	10.7802	3.59774	12.218	32.1433
1398859150.872	n	10.7800	3.59773	12.195	32.1435
1398859151.024	y	10.7797	3.59774	12.168	32.1438
1398859151.031	n	10.7795	3.59775	12.141	32.1440
1398859151.059	n	10.7793	3.59775	12.110	32.1443
1398859151.124	n	10.7791	3.59775	12.085	32.1444
1398859151.185	n	10.7789	3.59774	12.061	32.1445
1398859151.248	n	10.7788	3.59773	12.035	32.1445
1398859151.311	n	10.7787	3.59773	12.011	32.1446
1398859151.373	n	10.7786	3.59774	11.985	32.1447
1398859151.436	n	10.7786	3.59774	11.959	32.1448
1398859151.499	n	10.7786	3.59774	11.933	32.1449
1398859151.561	n	10.7786	3.59774	11.907	32.1449
1398859151.622	n	10.7786	3.59774	11.883	32.1449
1398859151.685	n	10.7787	3.59774	11.862	32.1448
1398859151.748	n	10.7788	3.59775	11.841	32.1448
1398859151.810	n	10.7790	3.59775	11.816	32.1447
1398859151.871	n	10.7792	3.59776	11.793	32.1446
1398859151.935	n	10.7794	3.59776	11.771	32.1444
1398859151.997	n	10.7797	3.59777	11.746	32.1442
1398859152.059	n	10.7799	3.59777	11.725	32.1440
1398859152.124	n	10.7802	3.59777	11.705	32.1438
1398859152.185	n	10.7806	3.59778	11.684	32.1436
1398859152.248	n	10.7810	3.59778	11.663	32.1433
1398859152.310	n	10.7814	3.59778	11.641	32.1429
1398859152.373	n	10.7818	3.59778	11.624	32.1425
1398859152.436	n	10.7823	3.59778	11.606	32.1421
1398859152.497	n	10.7828	3.59778	11.586	32.1417
1398859152.559	n	10.7832	3.59779	11.570	32.1414
1398859152.622	n	10.7838	3.59779	11.550	32.1410
1398859152.685	n	10.7843	3.59780	11.536	32.1406
1398859152.748	n	10.7849	3.59781	11.517	32.1402
1398859152.809	n	10.7855	3.59781	11.498	32.1397
1398859152.874	n	10.7862	3.59781	11.481	32.1391
1398859153.031	y	10.7869	3.59781	11.465	32.1385
1398859153.036	n	10.7876	3.59782	11.451	32.1379
1398859153.060	n	10.7883	3.59782	11.437	32.1373
1398859153.122	n	10.7891	3.59782	11.420	32.1366
1398859153.185	n	10.7900	3.59783	11.405	32.1359
1398859153.246	n	10.7908	3.59783	11.392	32.1353
1398859153.311	n	10.7916	3.59784	11.378	32.1346
1398859153.372	n	10.7925	3.59785	11.364	32.1339
1398859153.436	n	10.7934	3.59786	11.350	32.1333
1398859153.497	n	10.7942	3.59786	11.337	32.1325
1398859153.559	n	10.7951	3.59786	11.326	32.1317
1398859153.623	n	10.7960	3.59785	11.309	32.1310
1398859153.685	n	10.7969	3.59786	11.301	32.1302
1398859153.747	n	10.7978	3.59786	11.290	32.1294
1398859153.809	n	10.7987	3.59787	11.279	32.1287
1398859153.872	n	10.7996	3.59788	11.267	32.1280
1398859153.934	n	10.8005	3.59788	11.257	32.1273
1398859153.998	n	10.8013	3.59788	11.247	32.1266
1398859154.060	n	10.8022	3.59789	11.236	32.1259
1398859154.121	n	10.8030	3.59789	11.229	32.1252
1398859154.185	n	10.8039	3.59789	11.217	32.1245
1398859154.248	n	10.8047	3.59789	11.208	32.1238
1398859154.311	n	10.8055	3.59790	11.199	32.1231
1398859154.373	n	10.8064	3.59790	11.190	32.1224
1398859154.434	n	10.8072	3.59790	11.182	32.1216
1398859154.565	y	10.8081	3.59791	11.175	32.1209
1398859154.570	n	10.8089	3.59791	11.163	32.1202
1398859154.621	n	10.8097	3.59791	11.155	32.1196
1398859154.685	n	10.8105	3.59791	11.151	32.1189
1398859154.747	n	10.8113	3.59792	11.142	32.1182
1398859154.809	n	10.8121	3.59791	11.132	32.1175
1398859154.872	n	10.8128	3.59792	11.125	32.1169
1398859154.935	n	10.8135	3.59792	11.121	32.1163
1398859154.998	n	10.8143	3.59793	11.114	32.1157
1398859155.060	n	10.8150	3.59793	11.103	32.1152
1398859155.124	n	10.8156	3.59794	11.099	32.1147
1398859155.185	n	10.8163	3.59794	11.090	32.1141
1398859155.248	n	10.8169	3.59795	11.085	32.1137
1398859155.310	n	10.8175	3.59796	11.079	32.1132
1398859155.373	n	10.8182	3.59796	11.073	32.1127
1398859155.435	n	10.8189	3.59796	11.069	32.1120
1398859155.498	n	10.8195	3.59796	11.059	32.1114
1398859155.559	n	10.8202	3.59795	11.054	32.1107
1398859155.621	n	10.8209	3.59795	11.047	32.1102
1398859155.686	n	10.8216	3.59796	11.042	32.1097
1398859155.747	n	10.8223	3.59797	11.037	32.1092
1398859155.809	n	10.8229	3.59797	11.030	32.1086
1398859155.874	n	10.8235	3.59797	11.025	32.1081
1398859155.935	n	10.8241	3.59798	11.023	32.1076
1398859155.997	n	10.8247	3.59798	11.015	32.1071
1398859156.059	n	10.8254	3.59798	11.010	32.1066
1398859156.124	n	10.8261	3.59799	11.004	32.1060
1398859156.184	n	10.8268	3.59800	11.000	32.1054
1398859156.247	n	10.8276	3.59800	10.995	32.1048
1398859156.309	n	10.8283	3.59800	10.990	32.1042
1398859156.374	n	10.8291	3.59800	10.985	32.1035
1398859156.435	n	10.8299	3.59800	10.976	32.1028
1398859156.497	n	10.8308	3.59801	10.974	32.1021
1398859156.559	n	10.8317	3.59802	10.969	32.1014
1398859156.623	n	10.8325	3.59802	10.959	32.1007
1398859156.684	n	10.8334	3.59802	10.952	32.0999
1398859156.747	n	10.8343	3.59802	10.944	32.0991
1398859156.810	n	10.8352	3.59802	10.938	32.0983
1398859156.874	n	10.8362	3.59803	10.933	32.0975
1398859156.935	n	10.8372	3.59804	10.924	32.0968
1398859156.996	n	10.8381	3.59805	10.917	32.0961
1398859157.062	n	10.8390	3.59806	10.911	32.0954
1398859157.122	n	10.8399	3.59806	10.902	32.0946
1398859157.301	y	10.8408	3.59806	10.896	32.0939
1398859157.306	n	10.8417	3.59805	10.884	32.0931
1398859157.311	n	10.8426	3.59806	10.877	32.0923
1398859157.372	n	10.8434	3.59806	10.867	32.0916
1398859157.434	n	10.8442	3.59807	10.860	32.0909
1398859157.499	n	10.8450	3.59807	10.853	32.0903
1398859157.561	n	10.8458	3.59808	10.838	32.0897
1398859157.622	n	10.8466	3.59808	10.831	32.0890
1398859157.685	n	10.8473	3.59809	10.819	32.0885
1398859157.748	n	10.8481	3.59810	10.812	32.0879
1398859157.810	n	10.8488	3.59811	10.801	32.0873
1398859157.871	n	10.8496	3.59811	10.789	32.0867
1398859157.934	n	10.8502	3.59811	10.776	32.0861
1398859157.998	n	10.8509	3.59811	10.763	32.0856
1398859158.059	n	10.8516	3.59811	10.753	32.0850
1398859158.122	n	10.8523	3.59811	10.743	32.0844
1398859158.242	y	10.8530	3.59811	10.729	32.0838
1398859158.248	n	10.8537	3.59811	10.714	32.0832
1398859158.310	n	10.8543	3.59812	10.701	32.0826
1398859158.373	n	10.8550	3.59812	10.686	32.0821
1398859158.434	n	10.8557	3.59812	10.671	32.0815
1398859158.498	n	10.8564	3.59812	10.655	32.0809
1398859158.559	n	10.8571	3.59812	10.640	32.0803
1398859158.622	n	10.8578	3.59811	10.629	32.0796
1398859158.685	n	10.8585	3.59810	10.611	32.0789
1398859158.748	n	10.8592	3.59809	10.593	32.0782
1398859158.810	n	10.8598	3.59809	10.577	32.0776
1398859158.872	n	10.8605	3.59809	10.561	32.0770
1398859158.935	n	10.8611	3.59809	10.542	32.0765
1398859158.998	n	10.8619	3.59809	10.524	32.0759
1398859159.060	n	10.8625	3.59808	10.503	32.0752
1398859159.123	n	10.8632	3.59806	10.483	32.0745
1398859159.186	n	10.8638	3.59805	10.466	32.0738
1398859159.247	n	10.8645	3.59804	10.447	32.0731
1398859159.311	n	10.8651	3.59802	10.425	32.0724
1398859159.374	n	10.8657	3.59801	10.404	32.0717
1398859159.435	n	10.8663	3.59799	10.385	32.0710
1398859159.502	n	10.8669	3.59796	10.365	32.0703
1398859159.559	n	10.8674	3.59793	10.348	32.0695
1398859159.623	n	10.8679	3.59791	10.326	32.0688
1398859159.684	n	10.8685	3.59788	10.302	32.0681
1398859159.748	n	10.8690	3.59785	10.280	32.0674
1398859159.811	n	10.8694	3.59781	10.258	32.0666
1398859159.872	n	10.8699	3.59776	10.237	32.0657
1398859159.934	n	10.8704	3.59772	10.213	32.0648
1398859159.997	n	10.8709	3.59768	10.190	32.0640
1398859160.060	n	10.8714	3.59765	10.168	32.0633
1398859160.123	n	10.8718	3.59762	10.145	32.0627
1398859160.184	n	10.8722	3.59759	10.123	32.0620
1398859160.247	n	10.8727	3.59753	10.097	32.0611
1398859160.309	n	10.8731	3.59747	10.073	32.0601
1398859160.373	n	10.8735	3.59741	10.049	32.0592
1398859160.436	n	10.8739	3.59736	10.025	32.0583
1398859160.498	n	10.8743	3.59731	9.998	32.0574
1398859160.561	n	10.8747	3.59726	9.978	32.0567
1398859160.622	n	10.8750	3.59722	9.953	32.0559
1398859160.685	n	10.8754	3.59718	9.932	32.0553
1398859160.748	n	10.8757	3.59714	9.906	32.0546
1398859160.810	n	10.8761	3.59709	9.881	32.0538
1398859160.871	n	10.8764	3.59704	9.858	32.0530
1398859160.935	n	10.8768	3.59699	9.834	32.0522
1398859160.997	n	10.8771	3.59693	9.809	32.0514
1398859161.060	n	10.8774	3.59688	9.787	32.0507
1398859161.124	n	10.8777	3.59683	9.766	32.0499
1398859161.185	n	10.8780	3.59679	9.737	32.0492
1398859161.247	n	10.8783	3.59675	9.714	32.0486
1398859161.311	n	10.8785	3.59672	9.693	32.0481
1398859161.374	n	10.8788	3.59669	9.669	32.0475
1398859161.575	y	10.8791	3.59665	9.645	32.0469
1398859161.589	n	10.8793	3.59661	9.620	32.0463
1398859161.595	n	10.8796	3.59657	9.599	32.0458
1398859161.622	n	10.8798	3.59653	9.578	32.0452
1398859161.685	n	10.8800	3.59650	9.555	32.0447
1398859161.747	n	10.8802	3.59647	9.534	32.0442
1398859161.846	y	10.8804	3.59643	9.514	32.0436
1398859161.884	y	10.8806	3.59640	9.492	32.0432
1398859161.935	n	10.8808	3.59637	9.467	32.0427
1398859161.997	n	10.8810	3.59634	9.446	32.0422
1398859162.059	n	10.8811	3.59630	9.428	32.0418
1398859162.124	n	10.8813	3.59627	9.405	32.0413
1398859162.184	n	10.8815	3.59624	9.386	32.0409
1398859162.248	n	10.8816	3.59622	9.362	32.0405
1398859162.309	n	10.8818	3.59619	9.344	32.0401
1398859162.372	n	10.8820	3.59617	9.325	32.0397
1398859162.435	n	10.8821	3.59614	9.302	32.0393
1398859162.497	n	10.8822	3.59611	9.278	32.0390
1398859162.559	n	10.8824	3.59608	9.260	32.0386
1398859162.622	n	10.8825	3.59606	9.241	32.0382
1398859162.685	n	10.8827	3.59604	9.221	32.0379
1398859162.747	n	10.8829	3.59602	9.203	32.0375
1398859162.811	n	10.8831	3.59600	9.184	32.0371
1398859162.873	n	10.8832	3.59596	9.165	32.0367
1398859162.935	n	10.8833	3.59593	9.145	32.0363
1398859162.997	n	10.8834	3.59590	9.129	32.0359
1398859163.059	n	10.8835	3.59587	9.111	32.0356
1398859163.124	n	10.8836	3.59585	9.090	32.0352
1398859163.184	n	10.8837	3.59581	9.074	32.0348
1398859163.247	n	10.8838	3.59577	9.054	32.0343
1398859163.310	n	10.8839	3.59574	9.035	32.0339
1398859163.373	n	10.8841	3.59571	9.018	32.0335
1398859163.434	n	10.8842	3.59568	9.001	32.0331
1398859163.498	n	10.8843	3.59566	8.985	32.0328
1398859163.559	n	10.8845	3.59564	8.967	32.0325
1398859163.622	n	10.8846	3.59562	8.947	32.0322
1398859163.685	n	10.8848	3.59559	8.932	32.0318
1398859163.748	n	10.8849	3.59556	8.918	32.0313
1398859163.810	n	10.8850	3.59552	8.898	32.0309
1398859163.872	n	10.8851	3.59549	8.883	32.0305
1398859163.935	n	10.8852	3.59547	8.865	32.0301
1398859163.997	n	10.8854	3.59544	8.849	32.0298
1398859164.059	n	10.8855	3.59542	8.832	32.0294
1398859164.122	n	10.8857	3.59539	8.817	32.0290
1398859164.185	n	10.8859	3.59536	8.800	32.0286
1398859164.248	n	10.8861	3.59533	8.782	32.0281
1398859164.310	n	10.8862	3.59530	8.768	32.0276
1398859164.374	n	10.8864	3.59526	8.754	32.0272
1398859164.435	n	10.8865	3.59523	8.736	32.0268
1398859164.497	n	10.8866	3.59521	8.721	32.0264
1398859164.560	n	10.8867	3.59517	8.706	32.0260
1398859164.623	n	10.8868	3.59514	8.691	32.0255
1398859164.685	n	10.8870	3.59509	8.677	32.0249
1398859164.747	n	10.8873	3.59506	8.660	32.0244
1398859164.809	n	10.8876	3.59502	8.650	32.0238
1398859164.874	n	10.8879	3.59499	8.634	32.0233
1398859164.934	n	10.8882	3.59497	8.617	32.0228
1398859164.998	n	10.8884	3.59494	8.601	32.0223
1398859165.061	n	10.8887	3.59492	8.588	32.0218
1398859165.123	n	10.8890	3.59488	8.573	32.0212
1398859165.184	n	10.8893	3.59484	8.560	32.0206
1398859165.247	n	10.8896	3.59480	8.543	32.0199
1398859165.309	n	10.8899	3.59476	8.527	32.0192
1398859165.373	n	10.8901	3.59471	8.511	32.0186
1398859165.435	n	10.8904	3.59467	8.500	32.0179
1398859165.498	n	10.8907	3.59463	8.486	32.0172
1398859165.568	y	10.8911	3.59459	8.470	32.0165
1398859165.622	n	10.8914	3.59455	8.454	32.0158
1398859165.893	y	10.8917	3.59451	8.437	32.0152
1398859165.903	n	10.8920	3.59446	8.427	32.0145
1398859165.910	n	10.8923	3.59442	8.413	32.0138
1398859165.917	n	10.8925	3.59437	8.397	32.0131
1398859165.935	n	10.8927	3.59431	8.383	32.0124
1398859165.998	n	10.8930	3.59426	8.370	32.0116
1398859166.060	n	10.8932	3.59421	8.353	32.0109
1398859166.123	n	10.8934	3.59416	8.340	32.0103
1398859166.185	n	10.8936	3.59413	8.328	32.0098
1398859166.248	n	10.8938	3.59408	8.315	32.0092
1398859166.310	n	10.8940	3.59404	8.298	32.0085
1398859166.373	n	10.8943	3.59398	8.282	32.0078
1398859166.435	n	10.8945	3.59392	8.271	32.0070
1398859166.497	n	10.8947	3.59387	8.257	32.0063
1398859166.560	n	10.8949	3.59381	8.242	32.0055
1398859166.623	n	10.8951	3.59376	8.228	32.0049
1398859166.686	n	10.8952	3.59370	8.215	32.0042
1398859166.748	n	10.8954	3.59364	8.203	32.0035
1398859166.810	n	10.8955	3.59358	8.186	32.0028
1398859166.873	n	10.8956	3.59353	8.172	32.0021
1398859166.936	n	10.8958	3.59347	8.158	32.0014
1398859166.997	n	10.8960	3.59340	8.145	32.0006
1398859167.061	n	10.8962	3.59333	8.133	31.9998
1398859167.124	n	10.8963	3.59327	8.118	31.9990
1398859167.184	n	10.8965	3.59320	8.103	31.9982
1398859167.247	n	10.8966	3.59314	8.091	31.9975
1398859167.310	n	10.8968	3.59309	8.075	31.9968
1398859167.373	n	10.8969	3.59303	8.062	31.9961
1398859167.435	n	10.8970	3.59297	8.045	31.9955
1398859167.498	n	10.8972	3.59291	8.031	31.9947
1398859167.560	n	10.8973	3.59284	8.017	31.9939
1398859167.622	n	10.8975	3.59277	7.999	31.9931
1398859167.684	n	10.8976	3.59269	7.986	31.9922
1398859167.748	n	10.8978	3.59262	7.974	31.9913
1398859167.809	n	10.8979	3.59254	7.958	31.9905
1398859167.873	n	10.8980	3.59246	7.942	31.9896
1398859167.936	n	10.8982	3.59238	7.930	31.9887
1398859167.997	n	10.8983	3.59230	7.914	31.9878
1398859168.059	n	10.8985	3.59222	7.899	31.9869
1398859168.123	y	10.8986	3.59214	7.883	31.9859
1398859168.185	n	10.8988	3.59206	7.866	31.9850
1398859168.247	n	10.8990	3.59198	7.854	31.9840
1398859168.310	n	10.8991	3.59190	7.840	31.9831
1398859168.373	n	10.8993	3.59182	7.824	31.9822
1398859168.435	n	10.8994	3.59175	7.811	31.9814
1398859168.498	n	10.8996	3.59168	7.797	31.9806
1398859168.561	n	10.8997	3.59160	7.778	31.9797
1398859168.624	n	10.8998	3.59151	7.766	31.9787
1398859168.684	n	10.9000	3.59143	7.750	31.9777
1398859168.747	n	10.9002	3.59134	7.737	31.9767
1398859168.811	n	10.9003	3.59126	7.723	31.9758
1398859168.873	n	10.9005	3.59118	7.704	31.9749
1398859168.935	n	10.9009	3.59075	7.689	31.9702
1398859168.998	n	10.9031	3.58883	7.673	31.9493
1398859169.060	n	10.9093	3.58527	7.659	31.9087
1398859169.124	n	10.9200	3.58031	7.644	31.8504
1398859169.185	n	10.9338	3.57511	7.624	31.7871
1398859169.247	y	10.9483	3.57099	7.610	31.7338
1398859169.310	n	10.9604	3.56867	7.596	31.7004
1398859169.372	n	10.9688	3.56753	7.582	31.6819
1398859169.435	n	10.9736	3.56721	7.565	31.6747
1398859169.497	n	10.9751	3.56711	7.552	31.6724
1398859169.560	n	10.9744	3.56706	7.535	31.6725
1398859169.623	n	10.9735	3.56701	7.520	31.6729
1398859169.686	n	10.9726	3.56697	7.505	31.6731
1398859169.748	n	10.9714	3.56693	7.488	31.6739
1398859169.811	n	10.9700	3.56695	7.474	31.6753
1398859169.872	n	10.9686	3.56697	7.462	31.6767
1398859170.042	y	10.9676	3.56698	7.444	31.6777
1398859170.047	n	10.9675	3.56694	7.426	31.6774
1398859170.059	n	10.9686	3.56687	7.412	31.6758
1398859170.124	n	10.9705	3.56680	7.398	31.6734
1398859170.186	n	10.9732	3.56675	7.383	31.6705
1398859170.248	n	10.9769	3.56671	7.370	31.6670
1398859170.310	n	10.9809	3.56670	7.355	31.6635
1398859170.374	n	10.9840	3.56671	7.335	31.6609
1398859170.435	n	10.9860	3.56674	7.318	31.6594
1398859170.498	n	10.9873	3.56676	7.306	31.6586
1398859170.560	n	10.9880	3.56680	7.288	31.6583
1398859170.623	n	10.9883	3.56682	7.271	31.6582
1398859170.686	n	10.9887	3.56686	7.260	31.6584
1398859170.748	n	10.9892	3.56689	7.244	31.6582
1398859170.811	n	10.9892	3.56691	7.227	31.6584
1398859170.872	n	10.9890	3.56691	7.212	31.6586
1398859170.935	n	10.9899	3.56693	7.198	31.6581
1398859170.997	n	10.9929	3.56696	7.180	31.6558
1398859171.060	n	10.9980	3.56698	7.166	31.6516
1398859171.122	n	11.0044	3.56697	7.151	31.6459
1398859171.185	n	11.0102	3.56692	7.137	31.6405
1398859171.247	n	11.0139	3.56686	7.120	31.6366
1398859171.309	n	11.0161	3.56682	7.106	31.6344
1398859171.373	n	11.0184	3.56681	7.088	31.6323
1398859171.435	n	11.0242	3.56681	7.075	31.6273
1398859171.498	n	11.0366	3.56683	7.063	31.6169
1398859171.560	n	11.0541	3.56689	7.047	31.6024
1398859171.624	n	11.0736	3.56697	7.030	31.5864
1398859171.686	n	11.0909	3.56705	7.013	31.5724
1398859171.747	n	11.1028	3.56712	7.001	31.5628
1398859171.811	n	11.1078	3.56716	6.983	31.5590
1398859171.873	n	11.1078	3.56718	6.967	31.5592
1398859171.935	n	11.1070	3.56719	6.954	31.5599
1398859171.997	n	11.1068	3.56718	6.938	31.5600
1398859172.060	n	11.1058	3.56715	6.922	31.5606
1398859172.122	n	11.1042	3.56710	6.909	31.5615
1398859172.184	n	11.1011	3.56708	6.895	31.5639
1398859172.247	n	11.0981	3.56708	6.877	31.5665
1398859172.310	n	11.1004	3.56711	6.862	31.5649
1398859172.373	n	11.1085	3.56716	6.847	31.5585
1398859172.434	n	11.1183	3.56721	6.833	31.5504
1398859172.496	n	11.1276	3.56725	6.813	31.5429
1398859172.559	n	11.1356	3.56730	6.797	31.5366
1398859172.624	n	11.1425	3.56734	6.784	31.5311
1398859172.685	n	11.1484	3.56737	6.769	31.5263
1398859172.747	n	11.1523	3.56738	6.758	31.5230
1398859172.809	n	11.1544	3.56736	6.741	31.5211
1398859172.872	y	11.1545	3.56734	6.727	31.5209
1398859172.934	n	11.1530	3.56734	6.711	31.5221
1398859172.997	n	11.1504	3.56735	6.701	31.5244
1398859173.059	n	11.1467	3.56736	6.685	31.5278
1398859173.124	n	11.1424	3.56737	6.669	31.5315
1398859173.184	n	11.1399	3.56736	6.651	31.5335
1398859173.247	n	11.1401	3.56733	6.634	31.5331
1398859173.310	n	11.1425	3.56731	6.619	31.5309
1398859173.373	n	11.1460	3.56731	6.606	31.5278
1398859173.436	n	11.1495	3.56731	6.592	31.5249
1398859173.497	n	11.1525	3.56731	6.579	31.5223
1398859173.561	n	11.1550	3.56731	6.562	31.5201
1398859173.622	n	11.1565	3.56732	6.548	31.5190
1398859173.685	n	11.1567	3.56735	6.532	31.5191
1398859173.747	n	11.1579	3.56739	6.519	31.5185
1398859173.811	n	11.1624	3.56742	6.505	31.5149
1398859173.872	n	11.1706	3.56745	6.487	31.5081
1398859174.057	y	11.1821	3.56747	6.471	31.4986
1398859174.062	n	11.1943	3.56749	6.455	31.4883
1398859174.067	n	11.2045	3.56751	6.443	31.4798
1398859174.123	n	11.2118	3.56754	6.425	31.4739
1398859174.185	n	11.2168	3.56756	6.415	31.4699
1398859174.248	n	11.2194	3.56758	6.399	31.4678
1398859174.311	n	11.2191	3.56757	6.381	31.4680
1398859174.372	n	11.2163	3.56755	6.367	31.4702
1398859174.434	n	11.2129	3.56752	6.353	31.4728
1398859174.497	n	11.2091	3.56749	6.340	31.4758
1398859174.559	n	11.2040	3.56748	6.323	31.4799
1398859174.622	n	11.1979	3.56747	6.303	31.4851
1398859174.685	n	11.1911	3.56746	6.292	31.4909
1398859174.747	n	11.1851	3.56747	6.278	31.4961
1398859174.809	n	11.1816	3.56747	6.262	31.4991
1398859174.873	n	11.1801	3.56746	6.245	31.5003
1398859174.934	n	11.1792	3.56745	6.234	31.5009
1398859174.997	n	11.1784	3.56744	6.215	31.5015
1398859175.060	n	11.1785	3.56743	6.200	31.5014
1398859175.122	n	11.1798	3.56742	6.185	31.5002
1398859175.185	n	11.1827	3.56742	6.168	31.4977
1398859175.247	n	11.1867	3.56743	6.152	31.4944
1398859175.310	n	11.1915	3.56746	6.136	31.4906
1398859175.373	n	11.1971	3.56750	6.121	31.4861
1398859175.434	n	11.2035	3.56754	6.105	31.4811
1398859175.497	n	11.2095	3.56756	6.091	31.4762
1398859175.561	n	11.2144	3.56758	6.074	31.4722
1398859175.622	n	11.2180	3.56758	6.060	31.4692
1398859175.685	n	11.2209	3.56759	6.041	31.4667
1398859175.747	n	11.2250	3.56759	6.025	31.4632
1398859175.809	n	11.2316	3.56760	6.010	31.4577
1398859175.874	n	11.2404	3.56761	5.992	31.4504
1398859175.934	n	11.2491	3.56764	5.980	31.4431
1398859175.998	n	11.2559	3.56765	5.963	31.4376
1398859176.060	n	11.2595	3.56767	5.944	31.4347
1398859176.123	n	11.2606	3.56769	5.929	31.4339
1398859176.185	n	11.2603	3.56770	5.912	31.4343
1398859176.248	n	11.2592	3.56772	5.897	31.4354
1398859176.311	n	11.2582	3.56772	5.879	31.4363
1398859176.373	n	11.2578	3.56772	5.864	31.4366
1398859176.435	n	11.2580	3.56772	5.843	31.4365
1398859176.497	n	11.2584	3.56773	5.829	31.4363
1398859176.573	y	11.2582	3.56775	5.809	31.4365
1398859176.624	n	11.2574	3.56776	5.794	31.4373
1398859176.685	n	11.2561	3.56774	5.779	31.4384
1398859176.747	n	11.2549	3.56773	5.758	31.4392
1398859176.809	n	11.2551	3.56772	5.744	31.4390
1398859176.873	n	11.2570	3.56773	5.723	31.4374
1398859176.934	n	11.2605	3.56774	5.710	31.4346
1398859176.998	n	11.2657	3.56776	5.692	31.4304
1398859177.059	n	11.2704	3.56778	5.675	31.4265
1398859177.123	n	11.2729	3.56778	5.656	31.4244
1398859177.186	n	11.2730	3.56778	5.637	31.4243
1398859177.247	n	11.2714	3.56776	5.622	31.4255
1398859177.334	y	11.2693	3.56772	5.605	31.4269
1398859177.374	n	11.2689	3.56769	5.588	31.4269
1398859177.434	n	11.2708	3.56768	5.572	31.4253
1398859177.497	n	11.2741	3.56768	5.553	31.4224
1398859177.559	n	11.2781	3.56770	5.538	31.4193
1398859177.622	n	11.2814	3.56773	5.519	31.4168
1398859177.685	n	11.2827	3.56774	5.498	31.4158
1398859177.749	n	11.2820	3.56774	5.481	31.4163
1398859177.810	n	11.2807	3.56773	5.465	31.4174
1398859177.873	n	11.2802	3.56772	5.452	31.4177
1398859177.934	n	11.2809	3.56771	5.431	31.4170
1398859177.998	n	11.2825	3.56771	5.413	31.4156
1398859178.061	n	11.2840	3.56770	5.399	31.4142
1398859178.123	n	11.2845	3.56769	5.380	31.4138
1398859178.309	y	11.2845	3.56770	5.361	31.4139
1398859178.315	n	11.2848	3.56770	5.343	31.4136
1398859178.320	n	11.2855	3.56769	5.325	31.4130
1398859178.374	n	11.2863	3.56770	5.308	31.4123
1398859178.436	n	11.2875	3.56769	5.294	31.4112
1398859178.497	n	11.2883	3.56769	5.279	31.4106
1398859178.560	n	11.2884	3.56770	5.263	31.4106
1398859178.623	n	11.2883	3.56771	5.242	31.4108
1398859178.685	n	11.2880	3.56771	5.228	31.4110
1398859178.748	n	11.2878	3.56771	5.211	31.4112
1398859178.810	n	11.2881	3.56770	5.194	31.4109
1398859178.872	n	11.2886	3.56769	5.179	31.4104
1398859178.935	n	11.2891	3.56769	5.164	31.4100
1398859178.998	n	11.2895	3.56769	5.148	31.4096
1398859179.059	n	11.2901	3.56769	5.130	31.4091
1398859179.124	n	11.2908	3.56768	5.118	31.4084
1398859179.184	n	11.2917	3.56767	5.102	31.4076
1398859179.247	n	11.2923	3.56766	5.089	31.4070
1398859179.309	n	11.2925	3.56765	5.075	31.4067
1398859179.373	n	11.2926	3.56764	5.060	31.4065
1398859179.436	n	11.2928	3.56764	5.044	31.4063
1398859179.497	n	11.2929	3.56764	5.030	31.4063
1398859179.559	n	11.2930	3.56764	5.012	31.4062
1398859179.623	n	11.2928	3.56764	4.998	31.4064
1398859179.686	n	11.2925	3.56765	4.986	31.4068
1398859179.748	n	11.2926	3.56765	4.974	31.4067
1398859179.810	n	11.2939	3.56766	4.958	31.4056
1398859179.872	n	11.2966	3.56767	4.948	31.4034
1398859179.935	n	11.3003	3.56767	4.934	31.4003
1398859179.997	n	11.3042	3.56768	4.925	31.3971
1398859180.059	n	11.3070	3.56768	4.910	31.3947
1398859180.122	n	11.3084	3.56768	4.897	31.3936
1398859180.184	n	11.3090	3.56769	4.888	31.3932
1398859180.247	y	11.3098	3.56770	4.874	31.3926
1398859180.309	n	11.3116	3.56773	4.862	31.3912
1398859180.373	n	11.3143	3.56775	4.851	31.3892
1398859180.435	n	11.3171	3.56776	4.840	31.3870
1398859180.498	n	11.3195	3.56779	4.829	31.3852
1398859180.560	n	11.3214	3.56782	4.819	31.3838
1398859180.624	n	11.3229	3.56784	4.805	31.3828
1398859180.685	n	11.3236	3.56785	4.796	31.3823
1398859180.747	n	11.3234	3.56785	4.784	31.3825
1398859180.810	n	11.3232	3.56784	4.773	31.3826
1398859180.872	n	11.3241	3.56784	4.761	31.3818
1398859180.935	n	11.3265	3.56784	4.752	31.3797
1398859180.997	n	11.3299	3.56783	4.740	31.3768
1398859181.060	n	11.3328	3.56783	4.732	31.3743
1398859181.122	n	11.3339	3.56782	4.723	31.3733
1398859181.185	n	11.3331	3.56781	4.714	31.3739
1398859181.247	n	11.3314	3.56782	4.701	31.3754
1398859181.311	n	11.3299	3.56784	4.689	31.3769
1398859181.374	n	11.3293	3.56785	4.681	31.3775
1398859181.434	n	11.3296	3.56785	4.672	31.3773
1398859181.498	n	11.3305	3.56785	4.658	31.3765
1398859181.560	n	11.3315	3.56785	4.648	31.3756
1398859181.624	n	11.3324	3.56785	4.638	31.3750
1398859181.684	n	11.3330	3.56787	4.631	31.3746
1398859181.748	n	11.3333	3.56788	4.622	31.3744
1398859181.810	n	11.3334	3.56788	4.606	31.3744
1398859181.872	n	11.3333	3.56789	4.600	31.3745
1398859181.934	n	11.3333	3.56789	4.591	31.3746
1398859181.998	n	11.3334	3.56789	4.576	31.3744
1398859182.059	n	11.3335	3.56789	4.568	31.3743
1398859182.124	n	11.3335	3.56787	4.558	31.3742
1398859182.184	n	11.3333	3.56786	4.550	31.3742
1398859182.247	n	11.3328	3.56785	4.539	31.3746
1398859182.310	n	11.3321	3.56784	4.524	31.3752
1398859182.373	n	11.3315	3.56784	4.516	31.3757
1398859182.630	y	11.3311	3.56786	4.507	31.3761
1398859182.637	n	11.3310	3.56788	4.494	31.3765
1398859182.647	n	11.3312	3.56790	4.481	31.3765
1398859182.652	n	11.3317	3.56792	4.469	31.3762
1398859182.686	n	11.3324	3.56792	4.464	31.3757
1398859182.748	n	11.3329	3.56791	4.452	31.3752
1398859182.810	n	11.3331	3.56790	4.442	31.3749
1398859182.872	n	11.3330	3.56790	4.431	31.3750
1398859182.936	n	11.3325	3.56789	4.422	31.3754
1398859182.998	n	11.3318	3.56789	4.408	31.3758
1398859183.060	n	11.3313	3.56789	4.399	31.3763
1398859183.123	n	11.3309	3.56789	4.385	31.3766
1398859183.185	n	11.3305	3.56790	4.372	31.3771
1398859183.248	n	11.3299	3.56789	4.359	31.3776
1398859183.310	n	11.3292	3.56789	4.347	31.3781
1398859183.372	n	11.3287	3.56787	4.335	31.3784
1398859183.436	n	11.3285	3.56786	4.324	31.3785
1398859183.498	n	11.3288	3.56785	4.309	31.3781
1398859183.559	n	11.3292	3.56784	4.293	31.3776
1398859183.624	n	11.3299	3.56782	4.282	31.3769
1398859183.685	n	11.3305	3.56780	4.269	31.3762
1398859183.747	n	11.3309	3.56780	4.258	31.3759
1398859183.810	n	11.3310	3.56783	4.243	31.3760
1398859183.872	n	11.3307	3.56785	4.227	31.3764
1398859183.934	y	11.3303	3.56786	4.213	31.3770
1398859183.998	n	11.3303	3.56785	4.201	31.3769
1398859184.060	n	11.3309	3.56785	4.185	31.3764
1398859184.122	n	11.3320	3.56786	4.174	31.3755
1398859184.186	n	11.3334	3.56786	4.157	31.3743
1398859184.248	n	11.3351	3.56786	4.142	31.3729
1398859184.310	n	11.3368	3.56783	4.126	31.3712
1398859184.374	n	11.3384	3.56780	4.115	31.3695
1398859184.435	n	11.3393	3.56779	4.096	31.3686
1398859184.498	n	11.3395	3.56780	4.084	31.3685
1398859184.561	n	11.3392	3.56782	4.070	31.3691
1398859184.623	n	11.3390	3.56784	4.055	31.3694
1398859184.686	n	11.3395	3.56785	4.040	31.3691
1398859184.747	n	11.3406	3.56785	4.024	31.3682
1398859184.811	n	11.3416	3.56783	4.007	31.3671
1398859184.872	n	11.3422	3.56780	3.993	31.3664
1398859184.935	n	11.3424	3.56779	3.977	31.3661
1398859184.997	n	11.3422	3.56778	3.959	31.3662
1398859185.060	n	11.3420	3.56778	3.944	31.3663
1398859185.124	n	11.3419	3.56778	3.926	31.3665
1398859185.184	n	11.3418	3.56778	3.910	31.3666
1398859185.247	n	11.3416	3.56778	3.893	31.3667
1398859185.309	n	11.3415	3.56778	3.876	31.3668
1398859185.372	n	11.3414	3.56777	3.863	31.3668
1398859185.435	n	11.3415	3.56776	3.845	31.3666
1398859185.498	n	11.3417	3.56776	3.828	31.3665
1398859185.560	n	11.3417	3.56776	3.811	31.3665
1398859185.622	n	11.3417	3.56777	3.797	31.3666
1398859185.686	n	11.3415	3.56778	3.779	31.3668
1398859185.747	n	11.3414	3.56778	3.762	31.3669
1398859185.812	n	11.3415	3.56777	3.745	31.3668
1398859185.872	n	11.3417	3.56777	3.728	31.3666
1398859185.936	n	11.3420	3.56776	3.711	31.3663
1398859185.998	n	11.3422	3.56776	3.693	31.3660
1398859186.061	n	11.3425	3.56775	3.679	31.3658
1398859186.123	n	11.3426	3.56774	3.658	31.3656
1398859186.186	n	11.3426	3.56774	3.642	31.3655
1398859186.248	n	11.3425	3.56773	3.626	31.3656
1398859186.310	n	11.3423	3.56774	3.607	31.3658
1398859186.374	n	11.3421	3.56774	3.590	31.3661
1398859186.436	n	11.3418	3.56775	3.578	31.3663
1398859186.498	n	11.3417	3.56775	3.558	31.3665
1398859186.560	n	11.3415	3.56775	3.544	31.3666
1398859186.622	n	11.3415	3.56774	3.528	31.3665
1398859186.803	y	11.3415	3.56774	3.512	31.3666
1398859186.808	n	11.3415	3.56775	3.494	31.3666
1398859186.812	n	11.3415	3.56775	3.478	31.3667
1398859186.872	n	11.3414	3.56775	3.463	31.3667
1398859186.936	n	11.3414	3.56774	3.445	31.3666
1398859186.997	n	11.3414	3.56772	3.426	31.3665
1398859187.060	n	11.3414	3.56771	3.413	31.3664
1398859187.122	n	11.3415	3.56772	3.396	31.3664
1398859187.185	n	11.3416	3.56772	3.380	31.3664
1398859187.247	n	11.3416	3.56771	3.361	31.3663
1398859187.310	n	11.3416	3.56769	3.347	31.3661
1398859187.374	n	11.3416	3.56766	3.328	31.3658
1398859187.442	y	11.3416	3.56764	3.314	31.3655
1398859187.497	n	11.3416	3.56762	3.298	31.3654
1398859187.559	n	11.3415	3.56762	3.283	31.3654
1398859187.622	n	11.3413	3.56762	3.269	31.3656
1398859187.685	n	11.3412	3.56762	3.251	31.3658
1398859187.749	n	11.3411	3.56762	3.235	31.3658
1398859187.810	n	11.3413	3.56764	3.220	31.3659
1398859187.872	n	11.3414	3.56765	3.209	31.3658
1398859187.935	n	11.3416	3.56765	3.194	31.3658
1398859187.998	n	11.3416	3.56766	3.175	31.3658
1398859188.060	n	11.3415	3.56765	3.160	31.3658
1398859188.125	n	11.3413	3.56764	3.144	31.3659
1398859188.185	n	11.3411	3.56763	3.130	31.3660
1398859188.247	n	11.3410	3.56762	3.115	31.3660
1398859188.310	n	11.3409	3.56761	3.101	31.3660
1398859188.373	n	11.3410	3.56762	3.084	31.3660
1398859188.435	n	11.3412	3.56762	3.069	31.3659
1398859188.498	n	11.3414	3.56763	3.057	31.3657
1398859188.559	n	11.3416	3.56764	3.042	31.3656
1398859188.624	n	11.3416	3.56763	3.028	31.3655
1398859188.685	n	11.3415	3.56763	3.015	31.3657
1398859188.747	n	11.3412	3.56763	2.998	31.3659
1398859188.809	n	11.3410	3.56763	2.986	31.3661
1398859188.872	n	11.3409	3.56762	2.972	31.3661
1398859188.936	n	11.3409	3.56763	2.960	31.3662
1398859188.998	n	11.3410	3.56762	2.945	31.3661
1398859189.060	n	11.3410	3.56762	2.929	31.3661
1398859189.123	n	11.3410	3.56762	2.917	31.3660
1398859189.185	n	11.3411	3.56764	2.906	31.3661
1398859189.248	n	11.3412	3.56765	2.890	31.3662
1398859189.309	n	11.3412	3.56765	2.877	31.3661
1398859189.373	n	11.3413	3.56764	2.864	31.3660
1398859189.435	n	11.3414	3.56763	2.848	31.3658
1398859189.497	n	11.3415	3.56763	2.832	31.3657
1398859189.560	n	11.3416	3.56763	2.823	31.3657
1398859189.622	n	11.3416	3.56763	2.809	31.3657
1398859189.685	n	11.3417	3.56763	2.795	31.3656
1398859189.747	n	11.3418	3.56763	2.781	31.3656
1398859189.810	n	11.3418	3.56763	2.770	31.3655
1398859189.872	n	11.3419	3.56763	2.756	31.3654
1398859189.936	n	11.3420	3.56762	2.739	31.3653
1398859189.998	n	11.3421	3.56761	2.724	31.3651
1398859190.061	n	11.3423	3.56759	2.711	31.3648
1398859190.123	n	11.3424	3.56757	2.699	31.3645
1398859190.186	n	11.3426	3.56756	2.687	31.3642
1398859190.247	n	11.3427	3.56757	2.671	31.3642
1398859190.309	n	11.3427	3.56757	2.658	31.3642
1398859190.375	n	11.3427	3.56760	2.645	31.3645
1398859190.435	n	11.3426	3.56762	2.635	31.3648
1398859190.498	n	11.3425	3.56764	2.618	31.3650
1398859190.560	n	11.3424	3.56764	2.603	31.3652
1398859190.623	n	11.3423	3.56763	2.593	31.3651
1398859190.686	n	11.3422	3.56761	2.574	31.3651
1398859190.748	n	11.3421	3.56759	2.558	31.3650
1398859190.810	n	11.3420	3.56758	2.547	31.3650
1398859190.874	n	11.3420	3.56759	2.533	31.3650
1398859191.060	y	11.3420	3.56758	2.522	31.3650
1398859191.065	n	11.3421	3.56757	2.508	31.3649
1398859191.070	n	11.3421	3.56756	2.494	31.3647
1398859191.124	n	11.3420	3.56755	2.480	31.3646
1398859191.204	y	11.3420	3.56754	2.465	31.3646
1398859191.247	n	11.3420	3.56755	2.452	31.3648
1398859191.310	n	11.3420	3.56757	2.434	31.3649
1398859191.373	n	11.3420	3.56757	2.421	31.3649
1398859191.435	n	11.3421	3.56758	2.406	31.3649
1398859191.498	n	11.3423	3.56757	2.393	31.3647
1398859191.559	n	11.3423	3.56756	2.380	31.3646
1398859191.689	y	11.3423	3.56754	2.366	31.3644
1398859191.694	n	11.3422	3.56753	2.353	31.3644
1398859191.747	n	11.3420	3.56751	2.334	31.3643
1398859191.811	n	11.3419	3.56750	2.319	31.3644
1398859191.873	n	11.3420	3.56750	2.306	31.3643
1398859191.934	n	11.3421	3.56751	2.293	31.3643
1398859191.998	n	11.3423	3.56753	2.279	31.3643
1398859192.061	n	11.3423	3.56754	2.265	31.3644
1398859192.123	n	11.3422	3.56754	2.247	31.3645
1398859192.186	n	11.3420	3.56754	2.232	31.3647
1398859192.248	n	11.3418	3.56753	2.218	31.3648
1398859192.311	n	11.3416	3.56752	2.204	31.3648
1398859192.372	n	11.3415	3.56751	2.195	31.3649
1398859192.435	n	11.3414	3.56751	2.177	31.3649
1398859192.497	n	11.3414	3.56752	2.161	31.3651
1398859192.560	n	11.3415	3.56754	2.146	31.3651
1398859192.623	n	11.3417	3.56755	2.131	31.3651
1398859192.684	n	11.3418	3.56754	2.119	31.3649
1398859192.749	n	11.3420	3.56754	2.102	31.3648
1398859192.809	n	11.3421	3.56754	2.085	31.3647
1398859192.874	n	11.3423	3.56754	2.072	31.3645
1398859192.935	n	11.3425	3.56755	2.059	31.3645
1398859192.998	n	11.3426	3.56756	2.043	31.3644
1398859193.061	n	11.3427	3.56757	2.031	31.3645
1398859193.122	n	11.3426	3.56758	2.018	31.3646
1398859193.184	n	11.3425	3.56759	2.000	31.3648
1398859193.247	n	11.3424	3.56758	1.981	31.3648
1398859193.310	n	11.3422	3.56757	1.968	31.3649
1398859193.374	n	11.3421	3.56756	1.954	31.3649
1398859193.436	n	11.3421	3.56756	1.939	31.3649
1398859193.499	n	11.3420	3.56756	1.923	31.3650
1398859193.561	n	11.3420	3.56757	1.906	31.3651
1398859193.623	n	11.3420	3.56756	1.892	31.3651
1398859193.686	n	11.3420	3.56755	1.874	31.3650
1398859193.747	n	11.3420	3.56754	1.860	31.3648
1398859193.811	n	11.3420	3.56753	1.843	31.3647
1398859193.872	n	11.3421	3.56754	1.828	31.3647
1398859193.934	n	11.3422	3.56754	1.813	31.3647
1398859193.998	n	11.3422	3.56755	1.794	31.3647
1398859194.059	n	11.3422	3.56755	1.779	31.3648
1398859194.124	n	11.3422	3.56754	1.764	31.3647
1398859194.185	n	11.3423	3.56754	1.747	31.3646
1398859194.248	n	11.3426	3.56754	1.731	31.3644
1398859194.310	n	11.3431	3.56754	1.721	31.3639
1398859194.374	n	11.3438	3.56754	1.704	31.3633
1398859194.436	n	11.3445	3.56754	1.682	31.3628
1398859194.498	n	11.3450	3.56754	1.668	31.3623
1398859194.560	n	11.3453	3.56752	1.653	31.3619
1398859194.623	n	11.3454	3.56752	1.640	31.3618
1398859194.685	n	11.3454	3.56752	1.622	31.3618
1398859194.747	n	11.3454	3.56752	1.607	31.3618
1398859194.809	n	11.3453	3.56751	1.592	31.3618
1398859194.887	y	11.3452	3.56750	1.576	31.3619
1398859194.935	n	11.3451	3.56750	1.557	31.3620
1398859194.997	n	11.3449	3.56750	1.548	31.3621
1398859195.059	n	11.3449	3.56750	1.530	31.3622
1398859195.124	n	11.3448	3.56750	1.516	31.3622
1398859195.387	y	11.3448	3.56750	1.500	31.3622
1398859195.395	n	11.3446	3.56750	1.484	31.3623
1398859195.402	n	11.3445	3.56748	1.473	31.3623
1398859195.407	n	11.3443	3.56748	1.456	31.3625
1398859195.435	n	11.3441	3.56748	1.444	31.3626
1398859195.497	n	11.3439	3.56746	1.429	31.3626
1398859195.561	n	11.3437	3.56745	1.412	31.3627
1398859195.624	n	11.3433	3.56745	1.401	31.3630
1398859195.686	n	11.3431	3.56743	1.388	31.3631
1398859195.748	n	11.3429	3.56743	1.376	31.3631
1398859195.810	n	11.3429	3.56743	1.363	31.3631
1398859195.873	n	11.3431	3.56742	1.348	31.3630
1398859195.935	n	11.3431	3.56741	1.336	31.3629
1398859195.997	n	11.3431	3.56741	1.324	31.3629
1398859196.059	n	11.3429	3.56741	1.310	31.3630
1398859196.124	n	11.3427	3.56740	1.298	31.3631
1398859196.184	n	11.3425	3.56740	1.284	31.3633
1398859196.249	n	11.3425	3.56740	1.272	31.3633
1398859196.309	n	11.3426	3.56741	1.260	31.3633
1398859196.373	n	11.3429	3.56742	1.249	31.3631
1398859196.435	n	11.3433	3.56742	1.232	31.3628
1398859196.497	n	11.3437	3.56742	1.213	31.3624
1398859196.561	n	11.3443	3.56741	1.201	31.3619
1398859196.623	n	11.3450	3.56741	1.191	31.3613
1398859196.685	n	11.3456	3.56741	1.177	31.3608
1398859196.747	n	11.3459	3.56741	1.163	31.3606
1398859196.810	n	11.3459	3.56742	1.149	31.3606
1398859196.874	n	11.3457	3.56741	1.139	31.3608
1398859196.935	n	11.3454	3.56741	1.128	31.3609
1398859196.998	n	11.3452	3.56740	1.112	31.3610
1398859197.059	n	11.3451	3.56740	1.103	31.3611
1398859197.124	n	11.3451	3.56732	1.094	31.3604
1398859197.185	n	11.3451	3.56725	1.083	31.3597
1398859197.248	n	11.3450	3.56721	1.071	31.3594
1398859197.311	n	11.3449	3.56723	1.061	31.3596
1398859197.372	n	11.3448	3.56729	1.051	31.3603
1398859197.434	n	11.3448	3.56737	1.041	31.3612
1398859197.497	n	11.3449	3.56740	1.038	31.3614
1398859197.559	n	11.3449	3.56741	1.024	31.3615
1398859197.622	n	11.3448	3.56742	1.015	31.3616
1398859197.686	n	11.3447	3.56742	1.003	31.3617
1398859197.748	n	11.3446	3.56741	0.993	31.3618
1398859197.811	n	11.3444	3.56741	0.981	31.3619
1398859197.872	n	11.3443	3.56741	0.968	31.3620
1398859197.935	n	11.3443	3.56742	0.959	31.3620
1398859197.998	n	11.3446	3.56742	0.949	31.3618
1398859198.059	n	11.3449	3.56741	0.938	31.3616
1398859198.122	n	11.3452	3.56742	0.923	31.3613
1398859198.185	n	11.3455	3.56743	0.910	31.3612
1398859198.247	n	11.3456	3.56743	0.900	31.3611
1398859198.310	n	11.3455	3.56743	0.887	31.3612
1398859198.374	n	11.3454	3.56743	0.877	31.3612
1398859198.434	y	11.3453	3.56742	0.863	31.3613
1398859198.498	n	11.3452	3.56741	0.850	31.3612
1398859198.560	n	11.3453	3.56740	0.837	31.3611
1398859198.623	n	11.3453	3.56739	0.826	31.3609
1398859198.685	n	11.3453	3.56737	0.814	31.3608
1398859198.749	n	11.3451	3.56736	0.805	31.3609
1398859198.810	n	11.3449	3.56736	0.794	31.3611
1398859198.873	n	11.3447	3.56736	0.781	31.3612
1398859198.937	n	11.3445	3.56736	0.770	31.3614
1398859198.998	n	11.3444	3.56736	0.763	31.3615
1398859199.060	n	11.3443	3.56735	0.753	31.3615
1398859199.122	n	11.3443	3.56734	0.743	31.3614
1398859199.185	n	11.3442	3.56734	0.736	31.3614
1398859199.247	n	11.3442	3.56733	0.729	31.3613
1398859199.310	n	11.3443	3.56733	0.722	31.3613
1398859199.374	n	11.3444	3.56734	0.717	31.3613
1398859199.579	y	11.3445	3.56735	0.710	31.3613
1398859199.586	n	11.3446	3.56736	0.705	31.3613
1398859199.592	n	11.3446	3.56736	0.705	31.3614
1398859199.624	n	11.3445	3.56737	0.702	31.3615
1398859199.686	n	11.3443	3.56736	0.697	31.3616
1398859199.749	n	11.3441	3.56735	0.688	31.3618
1398859199.811	n	11.3437	3.56733	0.684	31.3618
1398859199.872	n	11.3434	3.56730	0.678	31.3618
1398859199.935	n	11.3431	3.56727	0.668	31.3617
1398859199.997	n	11.3427	3.56723	0.654	31.3617
1398859200.059	n	11.3418	3.52657	0.643	30.9658
1398859200.122	n	11.3391	3.18010	0.632	27.6158
1398859200.188	n	11.3334	2.57127	0.621	21.8556
1398859200.248	n	11.3234	1.85606	0.608	15.3078
1398859200.310	n	11.3094	1.24090	0.595	9.8932
1398859200.373	n	11.2930	0.89046	0.587	6.9197
1398859200.435	n	11.2773	0.85817	0.573	6.6531
1398859200.497	n	11.2648	0.87214	0.563	6.7719
1398859200.560	n	11.2565	0.86870	0.556	6.7446
1398859200.626	n	11.2522	0.83339	0.540	6.4511
1398859200.684	n	11.2505	0.78142	0.528	6.0202
1398859200.748	n	11.2499	0.71712	0.521	5.4904
1398859200.811	n	11.2498	0.65106	0.511	4.9503
1398859200.873	n	11.2496	0.59138	0.499	4.4663
1398859200.935	n	11.2491	0.53954	0.492	4.0493
1398859200.997	n	11.2487	0.49837	0.480	3.7203
1398859201.061	n	11.2503	0.46800	0.471	3.4790
1398859201.123	n	11.2546	0.44611	0.466	3.3055
1398859201.186	n	11.2612	0.43225	0.459	3.1956
1398859201.248	n	11.2683	0.42631	0.453	3.1483
1398859201.309	n	11.2735	0.42693	0.452	3.1527
1398859201.373	n	11.2754	0.43031	0.445	3.1791
1398859201.435	n	11.2748	0.43118	0.443	3.1861
1398859201.497	n	11.2724	0.42686	0.441	3.1523
1398859201.560	n	11.2690	0.41789	0.441	3.0821
1398859201.623	n	11.2650	0.40636	0.442	2.9920
1398859201.685	n	11.2607	0.39446	0.446	2.8993
