Source File: D:\Storage\Programs\OOI\Group 5\Correspondence\07_18_14 sample files\files\11207480.PPB
Processed: 07/18/2014 12:27:52
Using Version: 1.11
Device: CTD
Start Date: 04/30/2014
Timestamp (s)	Suspect Timestamp	Temperature	Conductivity	Pressure	Salinity
1398880617.683	y	10.8703	3.59056	21.717	31.9892
1398880617.746	n	10.8705	3.59056	21.708	31.9891
1398880617.808	n	10.8706	3.59056	21.702	31.9890
1398880617.872	n	10.8705	3.59056	21.717	31.9891
1398880617.935	n	10.8706	3.59056	21.708	31.9890
1398880617.997	n	10.8708	3.59057	21.690	31.9888
1398880618.060	n	10.8712	3.59056	21.686	31.9885
1398880618.124	n	10.8707	3.59055	21.702	31.9888
1398880618.186	n	10.8708	3.59055	21.698	31.9887
1398880618.248	n	10.8710	3.59055	21.692	31.9886
1398880618.311	n	10.8711	3.59056	21.690	31.9885
1398880618.372	n	10.8712	3.59057	21.686	31.9885
1398880618.436	n	10.8713	3.59057	21.680	31.9884
1398880618.499	n	10.8714	3.59056	21.675	31.9882
1398880618.561	n	10.8716	3.59055	21.677	31.9880
1398880618.624	n	10.8717	3.59054	21.668	31.9878
1398880618.685	n	10.8719	3.59054	21.664	31.9876
1398880618.750	n	10.8721	3.59054	21.658	31.9874
1398880618.812	n	10.8723	3.59054	21.654	31.9873
1398880618.874	n	10.8724	3.59055	21.652	31.9873
1398880618.937	n	10.8725	3.59055	21.646	31.9873
1398880618.998	n	10.8725	3.59056	21.644	31.9873
1398880619.061	n	10.8726	3.59056	21.646	31.9873
1398880619.123	n	10.8727	3.59056	21.642	31.9872
1398880619.187	n	10.8728	3.59055	21.638	31.9869
1398880620.004	n	10.8729	3.59055	21.636	31.9868
1398880620.017	n	10.8730	3.59055	21.634	31.9867
1398880620.022	n	10.8731	3.59055	21.632	31.9866
1398880620.041	n	10.8732	3.59055	21.633	31.9866
1398880620.046	n	10.8734	3.59055	21.627	31.9865
1398880620.052	n	10.8735	3.59054	21.626	31.9863
1398880620.058	n	10.8736	3.59054	21.630	31.9862
1398880620.064	n	10.8738	3.59054	21.628	31.9860
1398880620.070	n	10.8739	3.59054	21.623	31.9858
1398880620.075	n	10.8741	3.59054	21.624	31.9857
1398880620.080	n	10.8743	3.59054	21.624	31.9856
1398880620.085	n	10.8745	3.59054	21.627	31.9854
1398880620.090	n	10.8748	3.59055	21.629	31.9852
1398880620.097	n	10.8753	3.59056	21.629	31.9849
1398880620.124	n	10.8759	3.59057	21.628	31.9844
1398880620.187	n	10.8767	3.59058	21.627	31.9839
1398880620.249	n	10.8774	3.59059	21.632	31.9833
1398880620.312	n	10.8782	3.59060	21.631	31.9827
1398880620.373	n	10.8789	3.59059	21.636	31.9820
1398880620.437	n	10.8796	3.59059	21.639	31.9814
1398880620.497	n	10.8803	3.59058	21.638	31.9808
1398880620.562	n	10.8809	3.59058	21.641	31.9802
1398880620.624	n	10.8815	3.59059	21.643	31.9797
1398880620.687	n	10.8820	3.59060	21.646	31.9794
1398880620.748	n	10.8826	3.59061	21.647	31.9790
1398880620.810	n	10.8831	3.59063	21.652	31.9787
1398880620.875	n	10.8837	3.59063	21.652	31.9783
1398880620.938	n	10.8841	3.59063	21.657	31.9778
1398880620.997	n	10.8845	3.59062	21.664	31.9775
1398880621.061	n	10.8848	3.59062	21.666	31.9772
1398880621.123	n	10.8851	3.59063	21.664	31.9770
1398880621.185	n	10.8855	3.59064	21.671	31.9768
1398880621.249	n	10.8860	3.59065	21.678	31.9765
1398880621.310	n	10.8865	3.59065	21.680	31.9760
1398880621.375	n	10.8871	3.59066	21.682	31.9755
1398880621.435	n	10.8877	3.59067	21.684	31.9750
1398880621.498	n	10.8883	3.59067	21.690	31.9745
1398880621.562	n	10.8888	3.59067	21.695	31.9741
1398880621.623	n	10.8892	3.59067	21.694	31.9738
1398880621.688	n	10.8895	3.59068	21.702	31.9736
1398880621.747	n	10.8898	3.59068	21.702	31.9734
1398880621.810	n	10.8901	3.59068	21.707	31.9732
1398880621.873	n	10.8903	3.59068	21.720	31.9730
1398880621.937	n	10.8904	3.59068	21.721	31.9729
1398880622.000	n	10.8904	3.59068	21.722	31.9729
1398880622.062	n	10.8905	3.59069	21.727	31.9729
1398880622.124	n	10.8906	3.59069	21.730	31.9728
1398880622.186	n	10.8907	3.59069	21.735	31.9727
1398880622.251	n	10.8907	3.59069	21.739	31.9726
1398880622.310	n	10.8908	3.59069	21.744	31.9726
1398880622.374	n	10.8909	3.59070	21.746	31.9726
1398880622.436	n	10.8910	3.59069	21.750	31.9724
1398880622.500	n	10.8912	3.59070	21.755	31.9723
1398880622.562	n	10.8914	3.59069	21.760	31.9721
1398880622.625	n	10.8916	3.59068	21.761	31.9718
1398880622.686	n	10.8918	3.59067	21.763	31.9715
1398880622.748	n	10.8920	3.59067	21.770	31.9713
1398880622.810	n	10.8922	3.59066	21.773	31.9711
1398880622.874	n	10.8923	3.59067	21.777	31.9710
1398880622.938	n	10.8924	3.59067	21.778	31.9710
1398880622.997	n	10.8925	3.59067	21.781	31.9709
1398880623.062	n	10.8927	3.59068	21.783	31.9708
1398880623.125	n	10.8929	3.59068	21.786	31.9706
1398880623.188	n	10.8930	3.59068	21.788	31.9705
1398880623.249	n	10.8932	3.59068	21.790	31.9704
1398880623.311	y	10.8933	3.59068	21.793	31.9703
1398880623.377	n	10.8933	3.59067	21.797	31.9702
1398880623.438	n	10.8934	3.59067	21.798	31.9701
1398880623.500	n	10.8934	3.59066	21.801	31.9700
1398880623.561	n	10.8934	3.59065	21.804	31.9699
1398880623.623	n	10.8934	3.59064	21.806	31.9698
1398880623.687	n	10.8934	3.59064	21.806	31.9698
1398880623.865	y	10.8934	3.59063	21.807	31.9697
1398880623.874	n	10.8934	3.59063	21.811	31.9697
1398880623.880	n	10.8934	3.59063	21.811	31.9697
1398880623.938	n	10.8935	3.59063	21.811	31.9697
1398880623.998	n	10.8935	3.59064	21.812	31.9697
1398880624.062	n	10.8935	3.59065	21.816	31.9698
1398880624.124	n	10.8935	3.59065	21.814	31.9698
1398880624.187	n	10.8936	3.59064	21.817	31.9696
1398880624.254	n	10.8936	3.59062	21.817	31.9694
1398880624.311	n	10.8936	3.59061	21.818	31.9693
1398880624.376	n	10.8936	3.59061	21.816	31.9693
1398880624.437	n	10.8935	3.59061	21.815	31.9694
1398880624.498	n	10.8936	3.59061	21.819	31.9694
1398880624.562	n	10.8936	3.59061	21.818	31.9693
1398880624.624	n	10.8937	3.59061	21.818	31.9692
1398880624.688	n	10.8938	3.59060	21.824	31.9691
1398880624.750	n	10.8938	3.59060	21.821	31.9691
1398880624.812	n	10.8937	3.59060	21.816	31.9692
1398880624.874	n	10.8936	3.59060	21.815	31.9692
1398880624.935	n	10.8935	3.59059	21.814	31.9693
1398880625.000	n	10.8934	3.59059	21.815	31.9693
1398880625.060	n	10.8933	3.59059	21.810	31.9693
1398880625.125	n	10.8932	3.59059	21.815	31.9694
1398880625.188	n	10.8931	3.59059	21.811	31.9696
1398880625.252	n	10.8930	3.59060	21.811	31.9698
1398880625.311	n	10.8928	3.59060	21.810	31.9699
1398880625.373	n	10.8926	3.59059	21.805	31.9700
1398880625.437	n	10.8925	3.59058	21.805	31.9701
1398880625.498	n	10.8923	3.59057	21.806	31.9701
1398880625.562	n	10.8921	3.59057	21.802	31.9703
1398880625.624	n	10.8920	3.59057	21.803	31.9704
1398880625.688	n	10.8918	3.59058	21.803	31.9706
1398880625.750	n	10.8916	3.59058	21.796	31.9708
1398880625.812	n	10.8914	3.59057	21.793	31.9709
1398880625.874	n	10.8912	3.59056	21.793	31.9709
1398880625.938	n	10.8910	3.59055	21.787	31.9711
1398880625.999	n	10.8908	3.59055	21.785	31.9712
1398880626.065	n	10.8906	3.59055	21.783	31.9714
1398880626.124	n	10.8903	3.59056	21.777	31.9717
1398880626.187	n	10.8901	3.59056	21.772	31.9719
1398880626.253	n	10.8899	3.59056	21.771	31.9720
1398880626.311	n	10.8897	3.59056	21.767	31.9722
1398880626.375	n	10.8896	3.59056	21.766	31.9724
1398880626.436	n	10.8894	3.59056	21.761	31.9725
1398880626.499	n	10.8892	3.59055	21.759	31.9727
1398880626.561	n	10.8890	3.59054	21.755	31.9727
1398880626.625	n	10.8888	3.59054	21.750	31.9729
1398880626.686	n	10.8886	3.59054	21.746	31.9730
1398880626.749	n	10.8884	3.59054	21.742	31.9732
1398880626.828	n	10.8883	3.59054	21.736	31.9733
1398880626.873	n	10.8882	3.59054	21.731	31.9734
1398880626.936	n	10.8880	3.59054	21.728	31.9735
1398880626.998	y	10.8879	3.59054	21.720	31.9736
1398880627.061	n	10.8877	3.59054	21.716	31.9738
1398880627.125	n	10.8876	3.59054	21.708	31.9739
1398880627.187	n	10.8874	3.59054	21.704	31.9741
1398880627.250	n	10.8872	3.59054	21.700	31.9743
1398880627.314	y	10.8870	3.59054	21.697	31.9744
1398880627.375	n	10.8868	3.59054	21.691	31.9746
1398880627.437	n	10.8866	3.59053	21.679	31.9746
1398880627.498	n	10.8865	3.59051	21.678	31.9747
1398880627.560	n	10.8862	3.59051	21.669	31.9748
1398880627.624	n	10.8860	3.59051	21.660	31.9751
1398880627.685	n	10.8857	3.59052	21.655	31.9753
1398880627.748	n	10.8855	3.59052	21.650	31.9756
1398880627.810	n	10.8853	3.59052	21.642	31.9757
1398880627.873	n	10.8852	3.59052	21.634	31.9759
1398880627.937	n	10.8850	3.59052	21.624	31.9760
1398880628.096	y	10.8848	3.59052	21.621	31.9762
1398880628.105	n	10.8847	3.59053	21.612	31.9764
1398880628.124	n	10.8845	3.59053	21.605	31.9765
1398880628.186	n	10.8844	3.59053	21.597	31.9766
1398880628.249	n	10.8843	3.59053	21.587	31.9767
1398880628.311	n	10.8842	3.59053	21.580	31.9768
1398880628.375	n	10.8841	3.59051	21.571	31.9767
1398880628.436	n	10.8840	3.59050	21.563	31.9767
1398880628.497	n	10.8839	3.59049	21.553	31.9768
1398880628.560	n	10.8837	3.59049	21.545	31.9769
1398880628.769	n	10.8835	3.59051	21.537	31.9772
1398880628.775	n	10.8834	3.59052	21.529	31.9775
1398880628.780	n	10.8833	3.59053	21.518	31.9777
1398880628.810	n	10.8832	3.59053	21.514	31.9778
1398880628.873	n	10.8831	3.59053	21.508	31.9778
1398880628.936	n	10.8830	3.59053	21.497	31.9779
1398880628.998	n	10.8829	3.59053	21.486	31.9781
1398880629.060	n	10.8827	3.59054	21.476	31.9782
1398880629.123	n	10.8826	3.59053	21.469	31.9783
1398880629.186	n	10.8825	3.59053	21.459	31.9784
1398880629.251	n	10.8823	3.59053	21.453	31.9785
1398880629.312	n	10.8822	3.59053	21.445	31.9787
1398880629.373	n	10.8821	3.59053	21.433	31.9788
1398880629.436	n	10.8820	3.59054	21.426	31.9789
1398880629.498	n	10.8820	3.59053	21.421	31.9789
1398880629.561	n	10.8820	3.59052	21.412	31.9788
1398880629.623	n	10.8819	3.59051	21.404	31.9787
1398880629.686	n	10.8820	3.59051	21.394	31.9786
1398880629.748	n	10.8819	3.59051	21.387	31.9787
1398880629.811	n	10.8819	3.59052	21.379	31.9788
1398880629.873	n	10.8819	3.59053	21.372	31.9789
1398880629.937	n	10.8819	3.59053	21.361	31.9789
1398880629.999	n	10.8820	3.59053	21.353	31.9788
1398880630.062	n	10.8822	3.59053	21.347	31.9787
1398880630.124	n	10.8823	3.59053	21.339	31.9786
1398880630.187	n	10.8824	3.59053	21.330	31.9784
1398880630.252	n	10.8825	3.59053	21.320	31.9784
1398880630.310	n	10.8826	3.59053	21.316	31.9783
1398880630.374	n	10.8828	3.59053	21.308	31.9782
1398880630.437	n	10.8830	3.59054	21.303	31.9780
1398880630.499	n	10.8833	3.59053	21.293	31.9778
1398880630.560	y	10.8836	3.59053	21.288	31.9775
1398880630.625	n	10.8839	3.59052	21.279	31.9771
1398880630.687	n	10.8844	3.59052	21.272	31.9767
1398880630.749	n	10.8849	3.59054	21.268	31.9764
1398880630.811	n	10.8856	3.59055	21.259	31.9760
1398880630.873	n	10.8863	3.59056	21.252	31.9754
1398880630.936	n	10.8871	3.59056	21.243	31.9747
1398880630.998	n	10.8880	3.59055	21.234	31.9739
1398880631.060	n	10.8888	3.59055	21.230	31.9732
1398880631.124	n	10.8895	3.59054	21.224	31.9725
1398880631.185	n	10.8903	3.59055	21.215	31.9719
1398880631.253	n	10.8910	3.59056	21.207	31.9713
1398880631.311	n	10.8918	3.59056	21.201	31.9707
1398880631.374	n	10.8925	3.59057	21.195	31.9701
1398880631.436	n	10.8932	3.59057	21.189	31.9695
1398880631.498	n	10.8938	3.59057	21.180	31.9690
1398880631.560	n	10.8944	3.59057	21.171	31.9686
1398880631.624	n	10.8949	3.59058	21.164	31.9682
1398880631.686	n	10.8953	3.59058	21.157	31.9678
1398880631.749	n	10.8957	3.59059	21.150	31.9675
1398880631.811	n	10.8961	3.59058	21.144	31.9671
1398880631.873	n	10.8964	3.59057	21.138	31.9668
1398880631.938	y	10.8967	3.59057	21.131	31.9665
1398880632.102	n	10.8970	3.59058	21.121	31.9663
1398880632.108	n	10.8973	3.59057	21.116	31.9660
1398880632.123	n	10.8975	3.59058	21.107	31.9659
1398880632.187	n	10.8977	3.59058	21.099	31.9657
1398880632.253	n	10.8979	3.59058	21.095	31.9656
1398880632.310	n	10.8981	3.59058	21.088	31.9655
1398880632.375	n	10.8982	3.59059	21.079	31.9654
1398880632.436	n	10.8983	3.59058	21.071	31.9652
1398880632.498	n	10.8985	3.59058	21.061	31.9651
1398880632.562	n	10.8986	3.59059	21.056	31.9650
1398880632.625	n	10.8987	3.59058	21.046	31.9649
1398880632.685	n	10.8988	3.59058	21.036	31.9648
1398880632.749	n	10.8990	3.59058	21.027	31.9647
1398880632.811	n	10.8991	3.59057	21.019	31.9645
1398880632.874	n	10.8993	3.59057	21.012	31.9644
1398880632.939	n	10.8994	3.59058	21.003	31.9643
1398880632.998	n	10.8994	3.59057	20.995	31.9642
1398880633.060	n	10.8995	3.59056	20.986	31.9641
1398880633.125	n	10.8996	3.59056	20.978	31.9640
1398880633.187	n	10.8997	3.59056	20.963	31.9639
1398880633.248	n	10.8998	3.59057	20.955	31.9639
1398880633.312	n	10.9000	3.59057	20.943	31.9638
1398880633.375	n	10.9001	3.59057	20.932	31.9637
1398880633.437	n	10.9002	3.59056	20.925	31.9635
1398880633.498	n	10.9003	3.59056	20.913	31.9634
1398880633.562	n	10.9004	3.59057	20.904	31.9634
1398880633.624	n	10.9005	3.59058	20.890	31.9634
1398880633.685	n	10.9006	3.59058	20.879	31.9633
1398880633.749	n	10.9007	3.59057	20.865	31.9631
1398880633.811	n	10.9009	3.59055	20.853	31.9628
1398880633.873	n	10.9011	3.59054	20.844	31.9625
1398880633.938	n	10.9013	3.59054	20.833	31.9623
1398880633.998	n	10.9014	3.59054	20.818	31.9622
1398880634.061	n	10.9015	3.59055	20.804	31.9623
1398880634.125	n	10.9016	3.59056	20.793	31.9623
1398880634.188	n	10.9017	3.59056	20.780	31.9623
1398880634.310	y	10.9018	3.59057	20.765	31.9622
1398880634.315	n	10.9019	3.59057	20.753	31.9621
1398880634.373	n	10.9020	3.59057	20.737	31.9621
1398880634.435	n	10.9021	3.59058	20.721	31.9620
1398880634.498	n	10.9021	3.59057	20.708	31.9620
1398880634.561	n	10.9021	3.59057	20.690	31.9620
1398880634.623	n	10.9020	3.59057	20.675	31.9621
1398880634.685	n	10.9018	3.59057	20.661	31.9623
1398880634.748	n	10.9016	3.59058	20.642	31.9625
1398880634.810	n	10.9015	3.59058	20.627	31.9627
1398880634.875	n	10.9013	3.59058	20.610	31.9628
1398880634.935	n	10.9012	3.59058	20.591	31.9629
1398880634.999	n	10.9011	3.59057	20.573	31.9630
1398880635.061	n	10.9010	3.59057	20.557	31.9630
1398880635.123	n	10.9008	3.59057	20.538	31.9632
1398880635.187	n	10.9007	3.59058	20.521	31.9634
1398880635.250	n	10.9005	3.59060	20.504	31.9637
1398880635.312	n	10.9004	3.59061	20.486	31.9640
1398880635.375	n	10.9002	3.59062	20.468	31.9642
1398880635.437	n	10.9000	3.59062	20.448	31.9644
1398880635.498	n	10.8998	3.59061	20.426	31.9645
1398880635.561	n	10.8995	3.59061	20.404	31.9647
1398880635.624	n	10.8992	3.59061	20.382	31.9650
1398880635.686	n	10.8990	3.59062	20.364	31.9653
1398880635.748	n	10.8988	3.59062	20.346	31.9655
1398880635.811	n	10.8985	3.59062	20.323	31.9658
1398880635.873	n	10.8983	3.59061	20.301	31.9659
1398880635.937	n	10.8979	3.59060	20.279	31.9661
1398880635.999	n	10.8976	3.59059	20.261	31.9663
1398880636.062	n	10.8973	3.59059	20.238	31.9665
1398880636.125	n	10.8970	3.59059	20.216	31.9668
1398880636.185	y	10.8966	3.59060	20.191	31.9672
1398880636.340	n	10.8962	3.59061	20.169	31.9677
1398880636.346	n	10.8959	3.59062	20.147	31.9681
1398880636.373	n	10.8956	3.59062	20.120	31.9685
1398880636.437	n	10.8953	3.59062	20.099	31.9687
1398880636.499	n	10.8950	3.59062	20.076	31.9690
1398880636.562	n	10.8947	3.59062	20.052	31.9692
1398880636.623	n	10.8944	3.59062	20.029	31.9694
1398880636.687	n	10.8941	3.59062	20.004	31.9697
1398880636.749	n	10.8938	3.59063	19.981	31.9701
1398880636.811	n	10.8935	3.59064	19.957	31.9705
1398880636.873	n	10.8931	3.59064	19.935	31.9708
1398880636.935	n	10.8928	3.59064	19.909	31.9711
1398880636.999	n	10.8925	3.59064	19.882	31.9714
1398880637.060	n	10.8922	3.59063	19.857	31.9716
1398880637.123	n	10.8919	3.59063	19.829	31.9718
1398880637.185	n	10.8917	3.59064	19.805	31.9722
1398880637.249	n	10.8914	3.59066	19.780	31.9725
1398880637.311	n	10.8911	3.59067	19.752	31.9730
1398880637.375	n	10.8907	3.59069	19.727	31.9735
1398880637.437	n	10.8903	3.59071	19.697	31.9740
1398880637.499	n	10.8899	3.59072	19.677	31.9746
1398880637.561	n	10.8895	3.59073	19.651	31.9750
1398880637.624	n	10.8891	3.59074	19.625	31.9755
1398880637.686	n	10.8887	3.59076	19.602	31.9760
1398880637.748	n	10.8883	3.59078	19.572	31.9766
1398880637.811	n	10.8878	3.59079	19.544	31.9771
1398880637.873	y	10.8873	3.59080	19.520	31.9777
1398880637.936	n	10.8869	3.59081	19.494	31.9781
1398880637.998	n	10.8865	3.59081	19.470	31.9785
1398880638.061	n	10.8860	3.59084	19.441	31.9791
1398880638.124	n	10.8856	3.59086	19.417	31.9798
1398880638.186	n	10.8851	3.59087	19.389	31.9804
1398880638.250	n	10.8846	3.59088	19.361	31.9809
1398880638.310	n	10.8841	3.59089	19.337	31.9814
1398880638.375	n	10.8835	3.59089	19.309	31.9820
1398880638.436	n	10.8829	3.59090	19.282	31.9826
1398880638.498	n	10.8823	3.59090	19.257	31.9831
1398880638.562	n	10.8817	3.59089	19.229	31.9836
1398880638.625	n	10.8812	3.59089	19.206	31.9841
1398880638.687	n	10.8807	3.59091	19.178	31.9846
1398880638.749	n	10.8802	3.59092	19.148	31.9852
1398880638.811	n	10.8797	3.59093	19.128	31.9858
1398880638.874	n	10.8792	3.59093	19.104	31.9862
1398880638.938	n	10.8788	3.59094	19.077	31.9866
1398880638.999	n	10.8784	3.59094	19.050	31.9870
1398880639.062	n	10.8780	3.59094	19.026	31.9874
1398880639.124	n	10.8776	3.59094	19.001	31.9878
1398880639.186	n	10.8772	3.59095	18.977	31.9882
1398880639.248	n	10.8768	3.59095	18.954	31.9886
1398880639.310	n	10.8763	3.59096	18.929	31.9891
1398880639.373	n	10.8759	3.59096	18.907	31.9895
1398880639.436	n	10.8754	3.59097	18.881	31.9900
1398880639.499	n	10.8749	3.59097	18.856	31.9905
1398880639.561	n	10.8745	3.59098	18.830	31.9909
1398880639.624	n	10.8740	3.59098	18.807	31.9913
1398880639.685	n	10.8736	3.59098	18.786	31.9917
1398880639.748	n	10.8732	3.59098	18.762	31.9920
1398880639.812	n	10.8728	3.59099	18.737	31.9925
1398880639.875	n	10.8724	3.59100	18.713	31.9930
1398880639.936	n	10.8719	3.59101	18.693	31.9935
1398880639.998	n	10.8715	3.59102	18.669	31.9940
1398880640.061	n	10.8711	3.59103	18.646	31.9944
1398880640.124	n	10.8707	3.59103	18.625	31.9948
1398880640.312	y	10.8703	3.59102	18.603	31.9950
1398880640.317	n	10.8700	3.59101	18.581	31.9952
1398880640.325	n	10.8696	3.59100	18.562	31.9955
1398880640.374	n	10.8693	3.59100	18.537	31.9958
1398880640.576	y	10.8690	3.59101	18.515	31.9961
1398880640.583	n	10.8688	3.59102	18.499	31.9964
1398880640.588	n	10.8685	3.59103	18.479	31.9968
1398880640.623	n	10.8682	3.59103	18.454	31.9971
1398880640.686	n	10.8679	3.59104	18.438	31.9975
1398880640.748	n	10.8675	3.59104	18.419	31.9978
1398880640.810	n	10.8672	3.59104	18.397	31.9981
1398880640.874	n	10.8669	3.59103	18.380	31.9983
1398880640.937	n	10.8666	3.59103	18.360	31.9984
1398880640.999	n	10.8664	3.59102	18.340	31.9986
1398880641.061	n	10.8661	3.59102	18.320	31.9988
1398880641.125	n	10.8658	3.59102	18.302	31.9991
1398880641.186	n	10.8655	3.59102	18.285	31.9994
1398880641.248	n	10.8653	3.59102	18.264	31.9996
1398880641.311	n	10.8650	3.59102	18.246	31.9998
1398880641.373	n	10.8647	3.59102	18.233	32.0001
1398880641.437	n	10.8644	3.59102	18.217	32.0004
1398880641.499	n	10.8640	3.59102	18.198	32.0007
1398880641.568	y	10.8637	3.59103	18.182	32.0011
1398880641.624	n	10.8635	3.59104	18.166	32.0014
1398880641.685	n	10.8633	3.59104	18.148	32.0016
1398880641.749	n	10.8631	3.59103	18.130	32.0017
1398880641.812	n	10.8629	3.59102	18.116	32.0018
1398880641.873	n	10.8626	3.59102	18.099	32.0020
1398880641.936	n	10.8623	3.59103	18.085	32.0023
1398880641.999	n	10.8620	3.59103	18.070	32.0026
1398880642.061	n	10.8618	3.59102	18.055	32.0028
1398880642.123	n	10.8615	3.59100	18.038	32.0028
1398880642.186	n	10.8612	3.59099	18.024	32.0030
1398880642.248	n	10.8609	3.59099	18.006	32.0033
1398880642.310	n	10.8606	3.59099	17.995	32.0035
1398880642.373	n	10.8603	3.59099	17.975	32.0038
1398880642.436	n	10.8600	3.59099	17.963	32.0040
1398880642.499	n	10.8598	3.59098	17.945	32.0042
1398880642.561	n	10.8595	3.59098	17.930	32.0043
1398880642.624	n	10.8593	3.59098	17.917	32.0046
1398880642.686	n	10.8590	3.59098	17.903	32.0049
1398880642.748	n	10.8587	3.59098	17.892	32.0051
1398880642.810	n	10.8585	3.59098	17.877	32.0053
1398880642.874	n	10.8582	3.59097	17.859	32.0055
1398880642.937	n	10.8579	3.59096	17.850	32.0056
1398880642.998	n	10.8577	3.59095	17.833	32.0057
1398880643.061	n	10.8574	3.59095	17.819	32.0060
1398880643.125	n	10.8571	3.59095	17.804	32.0063
1398880643.185	n	10.8568	3.59096	17.788	32.0066
1398880643.249	n	10.8564	3.59096	17.777	32.0070
1398880643.311	n	10.8560	3.59096	17.763	32.0073
1398880643.373	n	10.8556	3.59096	17.749	32.0077
1398880643.436	n	10.8553	3.59096	17.737	32.0080
1398880643.498	n	10.8548	3.59096	17.723	32.0084
1398880643.560	n	10.8544	3.59096	17.710	32.0087
1398880643.625	n	10.8540	3.59096	17.694	32.0091
1398880643.685	n	10.8535	3.59096	17.682	32.0095
1398880643.748	n	10.8530	3.59096	17.669	32.0099
1398880643.812	n	10.8526	3.59096	17.657	32.0104
1398880643.874	n	10.8520	3.59097	17.643	32.0110
1398880643.936	n	10.8514	3.59099	17.628	32.0117
1398880643.999	n	10.8507	3.59100	17.616	32.0124
1398880644.060	n	10.8500	3.59101	17.608	32.0131
1398880644.124	n	10.8494	3.59102	17.592	32.0138
1398880644.186	n	10.8487	3.59105	17.578	32.0146
1398880644.248	n	10.8481	3.59107	17.564	32.0154
1398880644.311	n	10.8476	3.59109	17.552	32.0160
1398880644.374	n	10.8472	3.59110	17.535	32.0165
1398880644.436	n	10.8467	3.59111	17.521	32.0170
1398880644.499	n	10.8463	3.59112	17.511	32.0175
1398880644.561	n	10.8458	3.59114	17.490	32.0181
1398880644.625	n	10.8454	3.59115	17.480	32.0186
1398880644.804	y	10.8450	3.59117	17.467	32.0191
1398880644.809	n	10.8446	3.59118	17.453	32.0195
1398880644.814	n	10.8443	3.59118	17.438	32.0198
1398880644.874	n	10.8441	3.59118	17.424	32.0201
1398880644.937	n	10.8439	3.59118	17.409	32.0202
1398880644.998	n	10.8437	3.59118	17.395	32.0203
1398880645.062	n	10.8437	3.59119	17.383	32.0205
1398880645.124	n	10.8437	3.59120	17.369	32.0206
1398880645.187	n	10.8437	3.59121	17.356	32.0207
1398880645.268	y	10.8438	3.59122	17.340	32.0207
1398880645.311	n	10.8439	3.59123	17.329	32.0208
1398880645.373	n	10.8440	3.59124	17.315	32.0208
1398880645.436	n	10.8441	3.59126	17.301	32.0208
1398880645.498	n	10.8443	3.59127	17.285	32.0208
1398880645.560	n	10.8445	3.59129	17.266	32.0208
1398880645.624	n	10.8448	3.59130	17.251	32.0208
1398880645.687	n	10.8449	3.59132	17.238	32.0207
1398880645.749	n	10.8451	3.59134	17.224	32.0208
1398880645.811	n	10.8452	3.59136	17.209	32.0209
1398880645.873	n	10.8453	3.59138	17.195	32.0210
1398880645.936	n	10.8454	3.59139	17.183	32.0210
1398880645.998	n	10.8455	3.59140	17.163	32.0211
1398880646.061	n	10.8454	3.59141	17.146	32.0213
1398880646.123	n	10.8453	3.59141	17.129	32.0214
1398880646.187	n	10.8452	3.59142	17.114	32.0215
1398880646.248	n	10.8451	3.59143	17.100	32.0218
1398880646.310	n	10.8451	3.59144	17.082	32.0220
1398880646.373	n	10.8450	3.59146	17.065	32.0222
1398880646.436	n	10.8449	3.59147	17.048	32.0224
1398880646.498	n	10.8448	3.59148	17.034	32.0226
1398880646.562	n	10.8447	3.59149	17.019	32.0228
1398880646.624	n	10.8445	3.59151	17.002	32.0231
1398880646.686	n	10.8444	3.59154	16.981	32.0236
1398880646.749	n	10.8442	3.59157	16.963	32.0240
1398880646.811	n	10.8439	3.59159	16.948	32.0244
1398880646.874	n	10.8437	3.59160	16.931	32.0248
1398880646.935	n	10.8435	3.59161	16.914	32.0250
1398880646.999	n	10.8433	3.59162	16.895	32.0253
1398880647.060	n	10.8431	3.59163	16.878	32.0256
1398880647.125	n	10.8430	3.59164	16.855	32.0258
1398880647.185	n	10.8428	3.59165	16.839	32.0261
1398880647.250	n	10.8427	3.59165	16.822	32.0262
1398880647.312	n	10.8425	3.59165	16.805	32.0263
1398880647.373	n	10.8424	3.59166	16.785	32.0265
1398880647.436	n	10.8422	3.59167	16.764	32.0268
1398880647.498	n	10.8421	3.59170	16.749	32.0272
1398880647.561	n	10.8420	3.59172	16.729	32.0275
1398880647.625	n	10.8419	3.59174	16.708	32.0278
1398880647.687	n	10.8418	3.59175	16.692	32.0280
1398880647.749	n	10.8417	3.59175	16.672	32.0281
1398880647.811	n	10.8416	3.59175	16.655	32.0282
1398880647.874	n	10.8415	3.59176	16.633	32.0283
1398880647.936	n	10.8414	3.59177	16.611	32.0285
1398880647.998	n	10.8413	3.59178	16.591	32.0288
1398880648.061	n	10.8412	3.59178	16.572	32.0289
1398880648.124	n	10.8411	3.59179	16.552	32.0290
1398880648.185	n	10.8410	3.59179	16.533	32.0292
1398880648.249	n	10.8410	3.59181	16.511	32.0294
1398880648.310	n	10.8409	3.59182	16.489	32.0295
1398880648.373	n	10.8408	3.59183	16.466	32.0298
1398880648.437	n	10.8407	3.59183	16.449	32.0299
1398880648.499	n	10.8405	3.59183	16.429	32.0301
1398880648.561	n	10.8404	3.59184	16.407	32.0303
1398880648.624	n	10.8403	3.59185	16.386	32.0304
1398880648.686	n	10.8402	3.59185	16.361	32.0306
1398880648.749	n	10.8401	3.59186	16.342	32.0307
1398880648.890	y	10.8400	3.59187	16.320	32.0309
1398880648.896	n	10.8399	3.59188	16.299	32.0311
1398880649.088	y	10.8398	3.59189	16.275	32.0313
1398880649.096	n	10.8397	3.59189	16.250	32.0314
1398880649.101	n	10.8396	3.59189	16.232	32.0316
1398880649.124	n	10.8395	3.59188	16.209	32.0315
1398880649.186	n	10.8394	3.59187	16.183	32.0315
1398880649.248	n	10.8393	3.59187	16.161	32.0316
1398880649.310	n	10.8393	3.59187	16.139	32.0316
1398880649.374	n	10.8392	3.59188	16.115	32.0318
1398880649.436	n	10.8391	3.59189	16.095	32.0320
1398880649.498	n	10.8390	3.59189	16.070	32.0321
1398880649.562	n	10.8389	3.59189	16.045	32.0322
1398880649.624	n	10.8388	3.59188	16.018	32.0322
1398880649.686	n	10.8387	3.59188	15.996	32.0323
1398880649.748	n	10.8387	3.59189	15.976	32.0324
1398880649.811	n	10.8386	3.59191	15.950	32.0327
1398880649.874	n	10.8385	3.59192	15.922	32.0329
1398880649.936	n	10.8383	3.59192	15.895	32.0331
1398880649.998	n	10.8382	3.59192	15.876	32.0332
1398880650.061	n	10.8380	3.59191	15.850	32.0333
1398880650.124	n	10.8378	3.59191	15.824	32.0335
1398880650.186	n	10.8375	3.59191	15.798	32.0337
1398880650.248	n	10.8373	3.59191	15.773	32.0339
1398880650.311	n	10.8371	3.59191	15.745	32.0341
1398880650.374	n	10.8368	3.59191	15.722	32.0343
1398880650.437	n	10.8364	3.59190	15.701	32.0346
1398880650.499	n	10.8360	3.59190	15.671	32.0350
1398880650.561	n	10.8354	3.59190	15.651	32.0355
1398880650.623	n	10.8349	3.59190	15.624	32.0359
1398880650.686	n	10.8344	3.59189	15.599	32.0363
1398880650.748	n	10.8338	3.59188	15.569	32.0368
1398880650.811	n	10.8332	3.59188	15.544	32.0373
1398880650.874	n	10.8325	3.59187	15.518	32.0379
1398880650.935	n	10.8318	3.59187	15.491	32.0384
1398880650.998	n	10.8310	3.59185	15.462	32.0390
1398880651.061	n	10.8303	3.59183	15.439	32.0394
1398880651.123	n	10.8295	3.59181	15.413	32.0399
1398880651.186	n	10.8287	3.59180	15.385	32.0405
1398880651.248	n	10.8279	3.59180	15.362	32.0412
1398880651.311	n	10.8272	3.59179	15.335	32.0418
1398880651.375	n	10.8264	3.59177	15.312	32.0422
1398880651.436	n	10.8258	3.59175	15.284	32.0426
1398880651.499	n	10.8251	3.59174	15.258	32.0431
1398880651.561	n	10.8245	3.59172	15.231	32.0435
1398880651.624	n	10.8238	3.59171	15.207	32.0440
1398880651.686	n	10.8231	3.59170	15.178	32.0445
1398880651.749	n	10.8224	3.59168	15.152	32.0449
1398880651.812	n	10.8217	3.59166	15.125	32.0454
1398880651.873	n	10.8209	3.59165	15.101	32.0460
1398880651.936	n	10.8201	3.59164	15.075	32.0466
1398880651.998	n	10.8193	3.59162	15.049	32.0471
1398880652.062	n	10.8185	3.59160	15.022	32.0476
1398880652.123	n	10.8178	3.59158	14.995	32.0481
1398880652.186	n	10.8170	3.59157	14.970	32.0486
1398880652.248	n	10.8162	3.59156	14.943	32.0493
1398880652.310	n	10.8155	3.59156	14.916	32.0499
1398880652.375	n	10.8147	3.59155	14.886	32.0505
1398880652.436	n	10.8139	3.59154	14.863	32.0511
1398880652.565	y	10.8132	3.59152	14.841	32.0516
1398880652.571	n	10.8124	3.59150	14.811	32.0521
1398880652.625	n	10.8116	3.59148	14.786	32.0526
1398880652.686	n	10.8108	3.59147	14.760	32.0531
1398880652.748	n	10.8101	3.59145	14.729	32.0535
1398880652.811	n	10.8095	3.59142	14.709	32.0538
1398880652.874	n	10.8090	3.59140	14.686	32.0541
1398880652.935	n	10.8085	3.59138	14.663	32.0544
1398880652.999	n	10.8080	3.59136	14.637	32.0546
1398880653.061	n	10.8075	3.59134	14.611	32.0549
1398880653.124	n	10.8071	3.59132	14.584	32.0551
1398880653.321	y	10.8066	3.59130	14.560	32.0553
1398880653.328	n	10.8062	3.59129	14.536	32.0556
1398880653.333	n	10.8058	3.59128	14.512	32.0558
1398880653.374	n	10.8054	3.59126	14.489	32.0560
1398880653.436	n	10.8050	3.59124	14.466	32.0561
1398880653.498	n	10.8046	3.59121	14.443	32.0562
1398880653.560	n	10.8041	3.59119	14.418	32.0564
1398880653.624	n	10.8037	3.59117	14.393	32.0566
1398880653.685	n	10.8033	3.59115	14.372	32.0567
1398880653.748	n	10.8029	3.59112	14.347	32.0568
1398880653.812	n	10.8024	3.59109	14.324	32.0569
1398880653.873	n	10.8020	3.59107	14.304	32.0571
1398880653.936	n	10.8015	3.59104	14.281	32.0572
1398880653.999	n	10.8011	3.59102	14.259	32.0574
1398880654.061	n	10.8007	3.59100	14.234	32.0576
1398880654.124	n	10.8003	3.59099	14.211	32.0578
1398880654.186	n	10.8000	3.59097	14.191	32.0579
1398880654.249	n	10.7996	3.59096	14.169	32.0581
1398880654.312	n	10.7992	3.59093	14.146	32.0582
1398880654.374	n	10.7988	3.59091	14.126	32.0584
1398880654.437	n	10.7984	3.59089	14.104	32.0586
1398880654.499	n	10.7980	3.59088	14.083	32.0588
1398880654.561	n	10.7977	3.59086	14.063	32.0589
1398880654.624	n	10.7973	3.59084	14.047	32.0591
1398880654.687	n	10.7970	3.59083	14.024	32.0592
1398880654.748	n	10.7967	3.59082	14.002	32.0594
1398880654.810	n	10.7964	3.59082	13.981	32.0597
1398880654.874	n	10.7961	3.59081	13.962	32.0598
1398880654.937	n	10.7958	3.59080	13.946	32.0600
1398880654.999	n	10.7955	3.59079	13.922	32.0602
1398880655.062	n	10.7952	3.59077	13.906	32.0603
1398880655.123	n	10.7948	3.59076	13.889	32.0605
1398880655.187	n	10.7945	3.59075	13.869	32.0607
1398880655.249	n	10.7942	3.59075	13.848	32.0609
1398880655.311	n	10.7940	3.59074	13.833	32.0611
1398880655.376	n	10.7937	3.59074	13.814	32.0614
1398880655.436	n	10.7934	3.59073	13.797	32.0615
1398880655.598	y	10.7931	3.59071	13.779	32.0616
1398880655.604	n	10.7928	3.59069	13.760	32.0616
1398880655.624	n	10.7926	3.59068	13.744	32.0618
1398880655.685	n	10.7923	3.59068	13.729	32.0619
1398880655.748	n	10.7921	3.59067	13.711	32.0621
1398880655.810	n	10.7919	3.59067	13.694	32.0623
1398880655.873	n	10.7916	3.59066	13.673	32.0624
1398880655.937	n	10.7914	3.59065	13.663	32.0625
1398880655.999	n	10.7913	3.59064	13.644	32.0626
1398880656.062	n	10.7911	3.59063	13.627	32.0626
1398880656.123	n	10.7909	3.59062	13.613	32.0627
1398880656.187	n	10.7907	3.59061	13.595	32.0627
1398880656.249	y	10.7905	3.59060	13.579	32.0628
1398880656.311	n	10.7903	3.59060	13.566	32.0629
1398880656.374	n	10.7902	3.59059	13.550	32.0630
1398880656.435	n	10.7900	3.59058	13.532	32.0632
1398880656.498	n	10.7898	3.59058	13.517	32.0633
1398880656.562	n	10.7895	3.59058	13.505	32.0635
1398880656.624	n	10.7894	3.59058	13.488	32.0637
1398880656.686	n	10.7892	3.59059	13.472	32.0638
1398880656.749	n	10.7891	3.59059	13.460	32.0639
1398880656.811	n	10.7890	3.59058	13.447	32.0640
1398880656.875	n	10.7889	3.59057	13.428	32.0640
1398880656.936	n	10.7887	3.59056	13.414	32.0640
1398880656.999	n	10.7886	3.59055	13.400	32.0641
1398880657.060	n	10.7885	3.59055	13.389	32.0642
1398880657.124	n	10.7884	3.59055	13.371	32.0642
1398880657.185	n	10.7884	3.59054	13.358	32.0642
1398880657.249	n	10.7883	3.59053	13.345	32.0642
1398880657.312	n	10.7882	3.59052	13.329	32.0642
1398880657.375	n	10.7880	3.59052	13.318	32.0642
1398880657.579	y	10.7879	3.59052	13.302	32.0644
1398880657.588	n	10.7878	3.59051	13.283	32.0644
1398880657.593	n	10.7878	3.59050	13.274	32.0643
1398880657.623	n	10.7877	3.59049	13.259	32.0643
1398880657.686	n	10.7876	3.59049	13.244	32.0644
1398880657.749	n	10.7876	3.59048	13.230	32.0644
1398880657.811	n	10.7875	3.59048	13.215	32.0645
1398880657.874	n	10.7874	3.59048	13.201	32.0645
1398880657.936	n	10.7873	3.59047	13.189	32.0645
1398880657.999	n	10.7872	3.59047	13.176	32.0646
1398880658.061	n	10.7872	3.59047	13.166	32.0647
1398880658.123	n	10.7871	3.59047	13.149	32.0646
1398880658.186	n	10.7871	3.59046	13.132	32.0646
1398880658.249	n	10.7870	3.59045	13.119	32.0646
1398880658.311	n	10.7868	3.59045	13.105	32.0647
1398880658.374	n	10.7867	3.59046	13.093	32.0649
1398880658.436	n	10.7867	3.59046	13.082	32.0650
1398880658.499	n	10.7866	3.59046	13.065	32.0650
1398880658.562	n	10.7865	3.59045	13.051	32.0651
1398880658.623	n	10.7864	3.59045	13.038	32.0652
1398880658.686	n	10.7862	3.59045	13.021	32.0653
1398880658.749	n	10.7862	3.59045	13.009	32.0654
1398880658.811	n	10.7861	3.59045	12.993	32.0654
1398880658.875	n	10.7861	3.59044	12.981	32.0654
1398880658.937	n	10.7860	3.59044	12.969	32.0655
1398880658.999	n	10.7859	3.59044	12.957	32.0655
1398880659.061	n	10.7858	3.59044	12.939	32.0656
1398880659.123	n	10.7857	3.59043	12.924	32.0656
1398880659.186	n	10.7857	3.59043	12.908	32.0656
1398880659.248	n	10.7857	3.59043	12.896	32.0657
1398880659.310	n	10.7857	3.59042	12.882	32.0656
1398880659.375	n	10.7856	3.59042	12.864	32.0656
1398880659.437	n	10.7855	3.59042	12.848	32.0657
1398880659.498	n	10.7854	3.59041	12.834	32.0657
1398880659.560	n	10.7853	3.59042	12.820	32.0659
1398880659.623	n	10.7852	3.59042	12.806	32.0660
1398880659.687	n	10.7851	3.59042	12.794	32.0661
1398880659.749	n	10.7850	3.59042	12.777	32.0662
1398880659.832	y	10.7849	3.59043	12.760	32.0663
1398880659.874	n	10.7849	3.59043	12.744	32.0664
1398880659.935	n	10.7848	3.59043	12.731	32.0665
1398880659.999	n	10.7848	3.59043	12.715	32.0665
1398880660.061	n	10.7847	3.59042	12.703	32.0665
1398880660.125	n	10.7847	3.59042	12.684	32.0665
1398880660.186	n	10.7846	3.59042	12.665	32.0667
1398880660.248	n	10.7845	3.59043	12.651	32.0668
1398880660.310	n	10.7844	3.59044	12.638	32.0669
1398880660.375	n	10.7844	3.59044	12.620	32.0670
1398880660.438	n	10.7843	3.59043	12.602	32.0670
1398880660.499	n	10.7843	3.59043	12.583	32.0670
1398880660.562	n	10.7842	3.59042	12.566	32.0670
1398880660.623	n	10.7841	3.59041	12.551	32.0670
1398880660.686	n	10.7841	3.59041	12.529	32.0671
1398880660.749	n	10.7840	3.59041	12.517	32.0671
1398880660.811	n	10.7839	3.59042	12.497	32.0672
1398880660.873	n	10.7839	3.59042	12.481	32.0673
1398880660.936	n	10.7839	3.59041	12.461	32.0672
1398880660.998	n	10.7839	3.59042	12.444	32.0673
1398880661.061	n	10.7839	3.59042	12.428	32.0673
1398880661.123	n	10.7838	3.59041	12.406	32.0673
1398880661.185	n	10.7838	3.59042	12.387	32.0674
1398880661.248	n	10.7837	3.59043	12.371	32.0675
1398880661.311	n	10.7837	3.59043	12.352	32.0676
1398880661.376	n	10.7837	3.59044	12.334	32.0677
1398880661.437	n	10.7836	3.59043	12.314	32.0678
1398880661.499	n	10.7835	3.59042	12.295	32.0677
1398880661.562	n	10.7835	3.59041	12.278	32.0676
1398880661.624	n	10.7834	3.59040	12.259	32.0676
1398880661.769	y	10.7834	3.59040	12.239	32.0676
1398880661.774	n	10.7834	3.59040	12.219	32.0676
1398880661.811	n	10.7834	3.59040	12.199	32.0676
1398880661.873	n	10.7834	3.59039	12.180	32.0676
1398880661.936	n	10.7834	3.59039	12.162	32.0676
1398880661.998	n	10.7833	3.59039	12.140	32.0676
1398880662.061	n	10.7834	3.59040	12.119	32.0677
1398880662.125	n	10.7833	3.59041	12.102	32.0678
1398880662.186	n	10.7833	3.59042	12.080	32.0679
1398880662.248	n	10.7833	3.59041	12.059	32.0679
1398880662.312	n	10.7832	3.59040	12.038	32.0678
1398880662.375	n	10.7832	3.59039	12.018	32.0677
1398880662.435	n	10.7832	3.59039	11.997	32.0677
1398880662.499	n	10.7833	3.59039	11.975	32.0678
1398880662.562	n	10.7833	3.59040	11.953	32.0679
1398880662.623	n	10.7833	3.59041	11.933	32.0679
1398880662.686	n	10.7833	3.59040	11.912	32.0679
1398880662.749	n	10.7833	3.59040	11.893	32.0679
1398880662.811	n	10.7833	3.59040	11.871	32.0678
1398880662.874	n	10.7834	3.59039	11.845	32.0677
1398880662.936	n	10.7834	3.59038	11.823	32.0676
1398880662.998	n	10.7834	3.59038	11.805	32.0676
1398880663.061	n	10.7834	3.59038	11.784	32.0677
1398880663.124	n	10.7833	3.59040	11.761	32.0679
1398880663.186	n	10.7833	3.59040	11.737	32.0680
1398880663.248	n	10.7832	3.59040	11.717	32.0680
1398880663.311	n	10.7832	3.59040	11.694	32.0680
1398880663.373	n	10.7832	3.59039	11.673	32.0679
1398880663.436	n	10.7833	3.59039	11.649	32.0679
1398880663.576	y	10.7833	3.59039	11.627	32.0679
1398880663.581	n	10.7833	3.59040	11.606	32.0679
1398880663.623	n	10.7833	3.59040	11.584	32.0680
1398880663.686	n	10.7833	3.59040	11.561	32.0680
1398880663.749	n	10.7833	3.59040	11.539	32.0680
1398880663.811	n	10.7833	3.59040	11.519	32.0680
1398880663.875	n	10.7833	3.59040	11.495	32.0680
1398880663.936	n	10.7833	3.59042	11.470	32.0682
1398880663.999	n	10.7833	3.59043	11.449	32.0683
1398880664.061	n	10.7833	3.59044	11.428	32.0684
1398880664.125	n	10.7834	3.59043	11.411	32.0683
1398880664.186	n	10.7834	3.59043	11.386	32.0683
1398880664.248	n	10.7834	3.59042	11.359	32.0682
1398880664.310	n	10.7835	3.59043	11.338	32.0682
1398880664.378	n	10.7835	3.59044	11.321	32.0684
1398880664.437	n	10.7834	3.59046	11.294	32.0686
1398880664.499	n	10.7834	3.59048	11.273	32.0688
1398880664.561	n	10.7834	3.59049	11.251	32.0688
1398880664.623	n	10.7835	3.59048	11.229	32.0688
1398880664.686	n	10.7836	3.59049	11.209	32.0687
1398880664.749	n	10.7837	3.59049	11.186	32.0687
1398880664.812	n	10.7837	3.59049	11.164	32.0687
1398880664.873	n	10.7837	3.59049	11.142	32.0687
1398880664.936	n	10.7837	3.59049	11.126	32.0687
1398880664.999	n	10.7838	3.59049	11.107	32.0687
1398880665.061	n	10.7837	3.59050	11.085	32.0688
1398880665.123	n	10.7838	3.59050	11.062	32.0688
1398880665.186	n	10.7838	3.59049	11.038	32.0687
1398880665.248	n	10.7839	3.59049	11.022	32.0686
1398880665.310	n	10.7839	3.59050	11.004	32.0686
1398880665.378	n	10.7840	3.59051	10.980	32.0687
1398880665.436	n	10.7840	3.59052	10.962	32.0689
1398880665.499	n	10.7839	3.59053	10.944	32.0690
1398880665.561	n	10.7839	3.59053	10.923	32.0690
1398880665.625	n	10.7839	3.59052	10.904	32.0690
1398880665.686	n	10.7839	3.59052	10.885	32.0689
1398880665.748	n	10.7839	3.59051	10.866	32.0689
1398880665.812	n	10.7839	3.59052	10.844	32.0689
1398880665.873	n	10.7839	3.59052	10.830	32.0689
1398880666.089	y	10.7840	3.59051	10.810	32.0688
1398880666.096	n	10.7840	3.59050	10.797	32.0687
1398880666.102	n	10.7841	3.59049	10.776	32.0686
1398880666.124	n	10.7841	3.59049	10.758	32.0686
1398880666.187	n	10.7841	3.59050	10.738	32.0686
1398880666.248	n	10.7842	3.59049	10.721	32.0685
1398880666.312	n	10.7842	3.59049	10.704	32.0685
1398880666.377	n	10.7843	3.59048	10.685	32.0684
1398880666.436	n	10.7843	3.59049	10.669	32.0683
1398880666.498	n	10.7843	3.59048	10.655	32.0683
1398880666.560	n	10.7843	3.59047	10.639	32.0682
1398880666.624	n	10.7844	3.59047	10.619	32.0682
1398880666.687	n	10.7844	3.59047	10.605	32.0681
1398880666.749	n	10.7844	3.59046	10.589	32.0681
1398880666.812	n	10.7843	3.59046	10.574	32.0680
1398880666.875	n	10.7843	3.59044	10.557	32.0680
1398880666.936	n	10.7843	3.59043	10.540	32.0679
1398880666.999	n	10.7843	3.59042	10.527	32.0677
1398880667.060	n	10.7843	3.59041	10.512	32.0677
1398880667.124	n	10.7844	3.59041	10.498	32.0676
1398880667.240	y	10.7844	3.59040	10.480	32.0675
1398880667.249	n	10.7844	3.59040	10.466	32.0675
1398880667.312	n	10.7844	3.59040	10.452	32.0675
1398880667.373	n	10.7844	3.59039	10.438	32.0674
1398880667.436	n	10.7844	3.59039	10.422	32.0674
1398880667.498	n	10.7844	3.59039	10.409	32.0674
1398880667.560	n	10.7844	3.59039	10.393	32.0675
1398880667.624	n	10.7844	3.59039	10.377	32.0674
1398880667.687	n	10.7845	3.59038	10.368	32.0672
1398880667.749	n	10.7845	3.59037	10.356	32.0671
1398880667.812	n	10.7846	3.59036	10.338	32.0670
1398880667.873	n	10.7847	3.59036	10.324	32.0669
1398880667.936	n	10.7848	3.59036	10.310	32.0668
1398880667.999	n	10.7848	3.59035	10.298	32.0667
1398880668.062	n	10.7849	3.59034	10.288	32.0665
1398880668.124	n	10.7849	3.59033	10.274	32.0665
1398880668.186	n	10.7850	3.59034	10.259	32.0664
1398880668.249	n	10.7850	3.59034	10.247	32.0664
1398880668.311	n	10.7851	3.59034	10.233	32.0664
1398880668.374	n	10.7852	3.59033	10.221	32.0662
1398880668.437	n	10.7853	3.59031	10.206	32.0660
1398880668.499	n	10.7854	3.59030	10.195	32.0658
1398880668.561	n	10.7854	3.59028	10.179	32.0656
1398880668.624	n	10.7854	3.59027	10.170	32.0654
1398880668.687	n	10.7855	3.59026	10.159	32.0653
1398880668.749	n	10.7855	3.59026	10.147	32.0652
1398880668.812	n	10.7856	3.59026	10.130	32.0651
1398880668.874	n	10.7857	3.59026	10.120	32.0651
1398880668.936	n	10.7857	3.59026	10.108	32.0650
1398880668.999	n	10.7858	3.59025	10.095	32.0649
1398880669.061	n	10.7859	3.59024	10.080	32.0648
1398880669.123	n	10.7859	3.59023	10.069	32.0646
1398880669.187	n	10.7860	3.59022	10.060	32.0645
1398880669.249	n	10.7860	3.59021	10.047	32.0644
1398880669.312	n	10.7861	3.59021	10.040	32.0643
1398880669.375	n	10.7862	3.59021	10.020	32.0642
1398880669.435	n	10.7863	3.59022	10.008	32.0642
1398880669.498	n	10.7864	3.59022	9.995	32.0641
1398880669.562	n	10.7866	3.59021	9.985	32.0639
1398880669.623	n	10.7867	3.59019	9.973	32.0636
1398880669.687	n	10.7867	3.59018	9.962	32.0635
1398880669.749	n	10.7868	3.59018	9.949	32.0634
1398880669.812	n	10.7869	3.59019	9.938	32.0634
1398880669.873	n	10.7870	3.59019	9.924	32.0634
1398880669.936	n	10.7871	3.59019	9.912	32.0633
1398880669.998	n	10.7871	3.59018	9.900	32.0631
1398880670.061	n	10.7872	3.59017	9.884	32.0630
1398880670.123	n	10.7873	3.59018	9.874	32.0630
1398880670.321	y	10.7874	3.59019	9.860	32.0631
1398880670.328	n	10.7874	3.59020	9.847	32.0631
1398880670.334	n	10.7875	3.59020	9.836	32.0630
1398880670.374	n	10.7876	3.59019	9.823	32.0629
1398880670.437	n	10.7877	3.59019	9.810	32.0628
1398880670.500	n	10.7878	3.59018	9.797	32.0626
1398880670.562	n	10.7879	3.59018	9.781	32.0625
1398880670.623	n	10.7880	3.59017	9.766	32.0623
1398880670.686	n	10.7881	3.59017	9.758	32.0622
1398880670.749	y	10.7882	3.59017	9.745	32.0622
1398880670.811	n	10.7883	3.59018	9.731	32.0622
1398880670.874	n	10.7885	3.59018	9.718	32.0621
1398880671.014	y	10.7886	3.59019	9.703	32.0621
1398880671.019	n	10.7887	3.59019	9.689	32.0619
1398880671.063	n	10.7888	3.59018	9.677	32.0617
1398880671.125	n	10.7890	3.59017	9.660	32.0615
1398880671.187	n	10.7891	3.59016	9.647	32.0614
1398880671.248	n	10.7892	3.59016	9.634	32.0613
1398880671.312	n	10.7893	3.59017	9.618	32.0613
1398880671.374	n	10.7895	3.59018	9.604	32.0612
1398880671.437	n	10.7897	3.59019	9.593	32.0611
1398880671.498	n	10.7898	3.59019	9.578	32.0611
1398880671.561	n	10.7900	3.59019	9.563	32.0609
1398880671.625	n	10.7901	3.59019	9.551	32.0608
1398880671.686	n	10.7903	3.59019	9.533	32.0607
1398880671.748	n	10.7904	3.59020	9.517	32.0606
1398880671.812	n	10.7906	3.59020	9.504	32.0604
1398880671.874	n	10.7908	3.59019	9.485	32.0603
1398880671.937	n	10.7909	3.59020	9.471	32.0602
1398880671.999	n	10.7911	3.59020	9.459	32.0600
1398880672.060	n	10.7913	3.59020	9.442	32.0599
1398880672.125	n	10.7915	3.59020	9.426	32.0597
1398880672.187	n	10.7916	3.59020	9.413	32.0596
1398880672.249	n	10.7917	3.59020	9.396	32.0596
1398880672.312	n	10.7919	3.59021	9.379	32.0595
1398880672.375	n	10.7920	3.59022	9.364	32.0595
1398880672.435	n	10.7922	3.59023	9.349	32.0594
1398880672.499	n	10.7924	3.59024	9.332	32.0593
1398880672.562	n	10.7926	3.59024	9.319	32.0592
1398880672.625	n	10.7928	3.59025	9.300	32.0591
1398880672.686	n	10.7930	3.59025	9.285	32.0590
1398880672.748	n	10.7932	3.59025	9.269	32.0589
1398880672.810	n	10.7933	3.59025	9.255	32.0587
1398880672.874	n	10.7935	3.59025	9.242	32.0586
1398880672.937	n	10.7937	3.59025	9.226	32.0584
1398880672.999	n	10.7938	3.59026	9.207	32.0583
1398880673.062	n	10.7940	3.59026	9.192	32.0582
1398880673.124	n	10.7943	3.59027	9.176	32.0581
1398880673.186	n	10.7945	3.59028	9.158	32.0580
1398880673.248	n	10.7948	3.59028	9.141	32.0578
1398880673.311	n	10.7950	3.59028	9.126	32.0576
1398880673.373	n	10.7952	3.59029	9.109	32.0575
1398880673.436	n	10.7954	3.59029	9.091	32.0573
1398880673.499	n	10.7957	3.59030	9.076	32.0571
1398880673.562	n	10.7960	3.59030	9.063	32.0569
1398880673.623	n	10.7963	3.59030	9.047	32.0567
1398880673.687	n	10.7966	3.59030	9.029	32.0564
1398880673.750	n	10.7968	3.59031	9.011	32.0563
1398880673.812	n	10.7972	3.59031	8.997	32.0560
1398880673.873	n	10.7975	3.59031	8.978	32.0558
1398880673.935	n	10.7978	3.59031	8.962	32.0555
1398880674.000	n	10.7981	3.59032	8.944	32.0553
1398880674.062	n	10.7984	3.59032	8.928	32.0551
1398880674.124	n	10.7988	3.59034	8.914	32.0549
1398880674.186	n	10.7993	3.59035	8.899	32.0546
1398880674.248	n	10.7998	3.59035	8.881	32.0542
1398880674.311	n	10.8002	3.59035	8.867	32.0538
1398880674.374	n	10.8007	3.59034	8.846	32.0533
1398880674.495	y	10.8013	3.59034	8.830	32.0528
1398880674.648	y	10.8018	3.59035	8.810	32.0525
1398880674.656	n	10.8023	3.59036	8.794	32.0521
1398880674.661	n	10.8029	3.59036	8.778	32.0516
1398880674.687	n	10.8035	3.59036	8.761	32.0511
1398880674.748	n	10.8041	3.59035	8.747	32.0505
1398880674.811	n	10.8048	3.59035	8.729	32.0499
1398880674.876	n	10.8054	3.59036	8.710	32.0494
1398880674.937	n	10.8060	3.59036	8.691	32.0489
1398880674.999	n	10.8065	3.59036	8.676	32.0484
1398880675.062	n	10.8071	3.59037	8.661	32.0481
1398880675.124	n	10.8075	3.59037	8.644	32.0477
1398880675.186	n	10.8080	3.59037	8.626	32.0473
1398880675.248	n	10.8085	3.59037	8.612	32.0469
1398880675.311	n	10.8091	3.59037	8.594	32.0464
1398880675.378	n	10.8096	3.59037	8.576	32.0459
1398880675.436	n	10.8102	3.59038	8.560	32.0455
1398880675.498	n	10.8107	3.59039	8.544	32.0452
1398880675.561	n	10.8112	3.59040	8.527	32.0448
1398880675.625	n	10.8117	3.59041	8.508	32.0445
1398880675.686	n	10.8122	3.59040	8.493	32.0440
1398880675.748	n	10.8127	3.59041	8.481	32.0436
1398880675.810	n	10.8132	3.59041	8.460	32.0431
1398880675.874	n	10.8137	3.59041	8.443	32.0427
1398880675.937	n	10.8143	3.59042	8.425	32.0424
1398880675.999	n	10.8148	3.59042	8.407	32.0419
1398880676.061	n	10.8154	3.59041	8.395	32.0412
1398880676.123	n	10.8161	3.59039	8.375	32.0406
1398880676.186	n	10.8167	3.59038	8.358	32.0399
1398880676.248	n	10.8174	3.59037	8.342	32.0392
1398880676.313	n	10.8180	3.59038	8.322	32.0388
1398880676.378	n	10.8186	3.59038	8.305	32.0383
1398880676.436	n	10.8192	3.59039	8.289	32.0378
1398880676.499	n	10.8198	3.59039	8.273	32.0373
1398880676.561	n	10.8204	3.59038	8.258	32.0367
1398880676.623	n	10.8210	3.59037	8.242	32.0361
1398880676.686	n	10.8216	3.59038	8.221	32.0356
1398880676.750	n	10.8222	3.59038	8.206	32.0351
1398880676.811	n	10.8228	3.59037	8.187	32.0345
1398880676.874	n	10.8235	3.59036	8.170	32.0339
1398880676.937	n	10.8241	3.59035	8.154	32.0332
1398880676.999	n	10.8248	3.59035	8.137	32.0326
1398880677.062	n	10.8255	3.59035	8.120	32.0320
1398880677.125	y	10.8262	3.59035	8.104	32.0314
1398880677.187	n	10.8269	3.59035	8.083	32.0308
1398880677.248	n	10.8277	3.59035	8.068	32.0301
1398880677.312	n	10.8285	3.59036	8.052	32.0295
1398880677.379	n	10.8294	3.59037	8.035	32.0287
1398880677.436	n	10.8305	3.59037	8.019	32.0279
1398880677.499	n	10.8315	3.59037	7.996	32.0270
1398880677.562	n	10.8326	3.59037	7.978	32.0260
1398880677.625	n	10.8337	3.59036	7.963	32.0249
1398880677.687	n	10.8349	3.59036	7.944	32.0240
1398880677.748	n	10.8360	3.59035	7.928	32.0229
1398880677.813	n	10.8371	3.59035	7.912	32.0219
1398880677.874	n	10.8383	3.59034	7.890	32.0208
1398880677.937	n	10.8398	3.59035	7.873	32.0196
1398880677.999	n	10.8454	3.58988	7.856	32.0101
1398880678.062	n	10.8597	3.58845	7.836	31.9834
1398880678.140	y	10.8831	3.58622	7.819	31.9409
1398880678.186	n	10.9113	3.58374	7.802	31.8918
1398880678.251	n	10.9376	3.58168	7.784	31.8486
1398880678.312	n	10.9563	3.58061	7.763	31.8219
1398880678.373	n	10.9667	3.58033	7.747	31.8100
1398880678.437	n	10.9724	3.58030	7.728	31.8048
1398880678.499	n	10.9759	3.58030	7.709	31.8018
1398880678.563	n	10.9780	3.58028	7.691	31.7998
1398880678.624	n	10.9787	3.58026	7.674	31.7990
1398880678.756	y	10.9783	3.58023	7.655	31.7990
1398880678.761	n	10.9776	3.58022	7.637	31.7995
1398880678.813	n	10.9769	3.58020	7.618	31.8000
1398880678.873	n	10.9763	3.58021	7.602	31.8006
1398880678.937	n	10.9757	3.58023	7.584	31.8014
1398880678.998	n	10.9753	3.58024	7.567	31.8017
1398880679.064	n	10.9755	3.58023	7.549	31.8015
1398880679.125	n	10.9764	3.58024	7.533	31.8008
1398880679.187	n	10.9783	3.58026	7.512	31.7995
1398880679.249	n	10.9803	3.58031	7.492	31.7981
1398880679.312	n	10.9818	3.58036	7.474	31.7973
1398880679.374	n	10.9826	3.58040	7.458	31.7971
1398880679.436	n	10.9826	3.58042	7.438	31.7973
1398880679.499	n	10.9823	3.58046	7.422	31.7979
1398880679.562	n	10.9822	3.58048	7.402	31.7983
1398880679.624	n	10.9823	3.58048	7.387	31.7981
1398880679.687	n	10.9825	3.58045	7.368	31.7977
1398880679.749	n	10.9827	3.58040	7.350	31.7970
1398880679.813	n	10.9829	3.58036	7.334	31.7965
1398880679.874	n	10.9829	3.58035	7.317	31.7963
1398880679.937	n	10.9829	3.58035	7.301	31.7965
1398880679.999	n	10.9822	3.58034	7.283	31.7969
1398880680.063	n	10.9806	3.58028	7.263	31.7977
1398880680.124	n	10.9781	3.58017	7.250	31.7989
1398880680.187	n	10.9758	3.58009	7.232	31.8000
1398880680.248	n	10.9758	3.58010	7.213	31.8002
1398880680.311	n	10.9792	3.58020	7.196	31.7982
1398880680.375	n	10.9857	3.58033	7.182	31.7938
1398880680.437	n	10.9918	3.58043	7.162	31.7895
1398880680.498	n	10.9941	3.58044	7.147	31.7876
1398880680.564	n	10.9934	3.58042	7.131	31.7880
1398880680.623	n	10.9915	3.58043	7.115	31.7898
1398880680.686	n	10.9899	3.58047	7.099	31.7917
1398880680.748	n	10.9900	3.58056	7.079	31.7925
1398880680.811	n	10.9919	3.58068	7.067	31.7919
1398880680.875	n	10.9946	3.58077	7.049	31.7905
1398880680.937	n	10.9988	3.58087	7.033	31.7878
1398880680.999	n	11.0040	3.58095	7.017	31.7842
1398880681.063	n	11.0084	3.58101	6.998	31.7809
1398880681.124	n	11.0107	3.58103	6.985	31.7792
1398880681.186	n	11.0113	3.58101	6.971	31.7785
1398880681.248	n	11.0107	3.58095	6.956	31.7784
1398880681.312	n	11.0096	3.58090	6.942	31.7788
1398880681.373	n	11.0090	3.58087	6.924	31.7791
1398880681.437	n	11.0096	3.58089	6.905	31.7788
1398880681.499	n	11.0116	3.58097	6.891	31.7778
1398880681.561	n	11.0148	3.58108	6.877	31.7762
1398880681.624	n	11.0184	3.58120	6.861	31.7742
1398880681.763	y	11.0215	3.58129	6.846	31.7724
1398880681.768	n	11.0239	3.58136	6.835	31.7711
1398880681.811	n	11.0266	3.58144	6.820	31.7696
1398880681.874	n	11.0298	3.58154	6.805	31.7677
1398880681.936	n	11.0329	3.58163	6.789	31.7659
1398880681.999	n	11.0350	3.58168	6.773	31.7646
1398880682.062	n	11.0354	3.58169	6.761	31.7644
1398880682.124	n	11.0346	3.58168	6.744	31.7650
1398880682.186	n	11.0337	3.58168	6.733	31.7657
1398880682.248	n	11.0330	3.58166	6.716	31.7662
1398880682.312	n	11.0317	3.58163	6.700	31.7671
1398880682.373	n	11.0294	3.58158	6.688	31.7686
1398880682.437	n	11.0271	3.58155	6.674	31.7702
1398880682.500	n	11.0257	3.58154	6.659	31.7713
1398880682.562	n	11.0253	3.58154	6.645	31.7717
1398880682.623	n	11.0251	3.58152	6.631	31.7717
1398880682.686	n	11.0240	3.58146	6.618	31.7721
1398880682.748	n	11.0222	3.58140	6.607	31.7730
1398880682.811	n	11.0207	3.58133	6.591	31.7737
1398880682.873	n	11.0199	3.58128	6.578	31.7739
1398880683.041	y	11.0197	3.58127	6.563	31.7739
1398880683.046	n	11.0198	3.58130	6.550	31.7742
1398880683.061	n	11.0201	3.58135	6.535	31.7744
1398880683.125	n	11.0205	3.58139	6.521	31.7745
1398880683.186	n	11.0207	3.58137	6.511	31.7741
1398880683.248	n	11.0199	3.58128	6.491	31.7738
1398880683.312	n	11.0182	3.58116	6.478	31.7742
1398880683.373	n	11.0157	3.58107	6.464	31.7755
1398880683.437	n	11.0134	3.58104	6.450	31.7772
1398880683.499	n	11.0129	3.58106	6.434	31.7778
1398880683.562	n	11.0144	3.58108	6.420	31.7767
1398880683.624	n	11.0173	3.58109	6.409	31.7743
1398880683.686	n	11.0209	3.58110	6.394	31.7712
1398880683.749	n	11.0240	3.58109	6.380	31.7685
1398880683.812	n	11.0257	3.58108	6.364	31.7670
1398880683.875	n	11.0263	3.58107	6.344	31.7663
1398880683.936	n	11.0254	3.58104	6.332	31.7669
1398880683.999	n	11.0227	3.58101	6.318	31.7689
1398880684.062	n	11.0194	3.58099	6.302	31.7715
1398880684.124	n	11.0161	3.58096	6.288	31.7741
1398880684.187	n	11.0134	3.58094	6.274	31.7762
1398880684.248	n	11.0118	3.58094	6.256	31.7776
1398880684.312	n	11.0106	3.58100	6.241	31.7793
1398880684.373	n	11.0095	3.58110	6.229	31.7812
1398880684.435	n	11.0090	3.58127	6.209	31.7833
1398880684.500	n	11.0114	3.58156	6.199	31.7841
1398880684.563	n	11.0194	3.58195	6.184	31.7810
1398880684.624	n	11.0323	3.58239	6.167	31.7742
1398880684.687	n	11.0473	3.58282	6.153	31.7655
1398880684.748	n	11.0609	3.58316	6.138	31.7570
1398880684.812	n	11.0702	3.58335	6.123	31.7509
1398880684.873	n	11.0757	3.58343	6.109	31.7470
1398880684.935	n	11.0789	3.58344	6.093	31.7443
1398880684.998	n	11.0800	3.58338	6.079	31.7428
1398880685.061	n	11.0792	3.58330	6.064	31.7427
1398880685.125	n	11.0789	3.58324	6.046	31.7424
1398880685.187	n	11.0808	3.58324	6.033	31.7407
1398880685.249	n	11.0852	3.58329	6.018	31.7374
1398880685.312	n	11.0909	3.58340	6.003	31.7335
1398880685.375	n	11.0964	3.58352	5.985	31.7301
1398880685.437	y	11.1001	3.58364	5.973	31.7280
1398880685.499	n	11.1006	3.58374	5.958	31.7286
1398880685.563	n	11.0973	3.58378	5.941	31.7319
1398880685.623	n	11.0908	3.58375	5.925	31.7372
1398880685.686	n	11.0835	3.58367	5.911	31.7427
1398880685.748	n	11.0783	3.58359	5.894	31.7464
1398880685.812	n	11.0760	3.58352	5.880	31.7477
1398880685.873	n	11.0759	3.58349	5.860	31.7475
1398880685.936	n	11.0772	3.58349	5.849	31.7464
1398880686.000	n	11.0802	3.58351	5.833	31.7440
1398880686.063	n	11.0840	3.58355	5.822	31.7411
1398880686.125	n	11.0876	3.58361	5.807	31.7386
1398880686.186	n	11.0896	3.58366	5.788	31.7374
1398880686.248	n	11.0894	3.58370	5.771	31.7379
1398880686.311	n	11.0882	3.58371	5.758	31.7391
1398880686.374	y	11.0873	3.58371	5.744	31.7399
1398880686.482	n	11.0867	3.58370	5.729	31.7402
1398880686.498	n	11.0866	3.58368	5.716	31.7402
1398880686.562	n	11.0867	3.58365	5.699	31.7399
1398880686.623	n	11.0865	3.58362	5.683	31.7396
1398880686.687	n	11.0862	3.58357	5.667	31.7395
1398880686.749	n	11.0858	3.58353	5.654	31.7395
1398880686.813	n	11.0858	3.58350	5.639	31.7392
1398880686.874	n	11.0857	3.58348	5.624	31.7391
1398880686.936	n	11.0857	3.58348	5.609	31.7391
1398880686.998	n	11.0861	3.58349	5.598	31.7389
1398880687.062	n	11.0869	3.58352	5.583	31.7384
1398880687.123	n	11.0880	3.58356	5.569	31.7379
1398880687.301	y	11.0891	3.58361	5.555	31.7374
1398880687.307	n	11.0895	3.58365	5.541	31.7375
1398880687.313	n	11.0893	3.58367	5.529	31.7379
1398880687.375	n	11.0887	3.58368	5.517	31.7384
1398880687.437	n	11.0881	3.58366	5.501	31.7388
1398880687.499	n	11.0874	3.58363	5.491	31.7391
1398880687.561	n	11.0868	3.58361	5.479	31.7394
1398880687.625	n	11.0865	3.58359	5.468	31.7395
1398880687.686	n	11.0865	3.58359	5.455	31.7395
1398880687.749	n	11.0866	3.58359	5.440	31.7394
1398880687.812	n	11.0867	3.58360	5.432	31.7394
1398880687.874	n	11.0865	3.58360	5.416	31.7396
1398880687.936	n	11.0863	3.58361	5.405	31.7399
1398880687.998	n	11.0861	3.58363	5.393	31.7403
1398880688.062	n	11.0859	3.58364	5.384	31.7405
1398880688.123	n	11.0860	3.58364	5.374	31.7405
1398880688.185	n	11.0861	3.58365	5.360	31.7405
1398880688.250	n	11.0864	3.58367	5.347	31.7405
1398880688.311	n	11.0868	3.58369	5.331	31.7404
1398880688.375	n	11.0871	3.58372	5.320	31.7403
1398880688.437	n	11.0875	3.58373	5.311	31.7401
1398880688.498	n	11.0878	3.58375	5.301	31.7400
1398880688.561	n	11.0879	3.58375	5.287	31.7399
1398880688.625	n	11.0881	3.58376	5.276	31.7398
1398880688.687	n	11.0884	3.58376	5.264	31.7396
1398880688.749	n	11.0888	3.58376	5.251	31.7393
1398880688.813	n	11.0892	3.58376	5.240	31.7390
1398880688.874	n	11.0894	3.58376	5.225	31.7388
1398880688.936	n	11.0895	3.58376	5.216	31.7387
1398880688.998	n	11.0895	3.58377	5.209	31.7388
1398880689.062	n	11.0894	3.58377	5.199	31.7389
1398880689.123	y	11.0893	3.58377	5.187	31.7389
1398880689.185	n	11.0893	3.58377	5.174	31.7389
1398880689.250	n	11.0893	3.58376	5.159	31.7389
1398880689.311	n	11.0893	3.58375	5.146	31.7388
1398880689.374	n	11.0893	3.58375	5.132	31.7388
1398880689.437	n	11.0892	3.58375	5.120	31.7388
1398880689.499	n	11.0892	3.58374	5.110	31.7388
1398880689.562	n	11.0893	3.58373	5.096	31.7386
1398880689.623	n	11.0892	3.58371	5.076	31.7385
1398880689.687	n	11.0891	3.58369	5.064	31.7384
1398880689.749	n	11.0890	3.58369	5.051	31.7385
1398880689.813	n	11.0889	3.58369	5.040	31.7386
1398880689.874	n	11.0886	3.58369	5.025	31.7389
1398880689.936	n	11.0881	3.58368	5.007	31.7392
1398880689.998	n	11.0869	3.58364	4.997	31.7399
1398880690.063	n	11.0851	3.58360	4.979	31.7410
1398880690.124	n	11.0831	3.58355	4.965	31.7422
1398880690.186	n	11.0817	3.58351	4.949	31.7431
1398880690.248	n	11.0809	3.58348	4.934	31.7434
1398880690.314	n	11.0808	3.58345	4.918	31.7433
1398880690.373	n	11.0809	3.58343	4.901	31.7429
1398880690.436	n	11.0810	3.58341	4.885	31.7427
1398880690.498	n	11.0811	3.58342	4.868	31.7427
1398880690.561	n	11.0818	3.58345	4.849	31.7424
1398880690.625	n	11.0833	3.58352	4.832	31.7418
1398880690.687	n	11.0852	3.58361	4.814	31.7411
1398880690.748	n	11.0872	3.58371	4.797	31.7404
1398880690.812	n	11.0887	3.58380	4.782	31.7400
1398880690.873	n	11.0894	3.58384	4.764	31.7397
1398880690.937	n	11.0898	3.58384	4.746	31.7393
1398880690.999	n	11.0903	3.58382	4.727	31.7387
1398880691.061	n	11.0908	3.58379	4.712	31.7381
1398880691.125	n	11.0917	3.58378	4.694	31.7372
1398880691.187	n	11.0934	3.58381	4.670	31.7361
1398880691.249	n	11.0955	3.58388	4.652	31.7349
1398880691.313	n	11.0979	3.58398	4.634	31.7339
1398880691.374	n	11.1011	3.58411	4.614	31.7323
1398880691.569	y	11.1059	3.58427	4.594	31.7298
1398880691.586	n	11.1125	3.58446	4.575	31.7261
1398880691.593	n	11.1198	3.58466	4.553	31.7217
1398880691.625	n	11.1254	3.58482	4.537	31.7184
1398880691.687	n	11.1275	3.58489	4.523	31.7174
1398880691.749	n	11.1269	3.58490	4.501	31.7179
1398880691.812	n	11.1259	3.58489	4.482	31.7187
1398880691.875	n	11.1263	3.58490	4.459	31.7185
1398880691.936	n	11.1279	3.58492	4.439	31.7173
1398880691.999	n	11.1292	3.58493	4.422	31.7162
1398880692.062	n	11.1295	3.58489	4.404	31.7157
1398880692.124	n	11.1283	3.58485	4.386	31.7163
1398880692.186	n	11.1260	3.58479	4.370	31.7176
1398880692.248	n	11.1236	3.58473	4.351	31.7191
1398880692.311	n	11.1215	3.58472	4.330	31.7209
1398880692.375	n	11.1205	3.58479	4.311	31.7225
1398880692.437	n	11.1227	3.58496	4.294	31.7223
1398880692.498	n	11.1285	3.58521	4.278	31.7197
1398880692.561	n	11.1358	3.58545	4.259	31.7158
1398880692.623	n	11.1418	3.58559	4.242	31.7120
1398880692.697	y	11.1438	3.58562	4.224	31.7106
1398880692.748	n	11.1411	3.58554	4.210	31.7121
1398880692.813	n	11.1353	3.58541	4.191	31.7158
1398880692.874	n	11.1295	3.58527	4.170	31.7195
1398880692.936	n	11.1250	3.58517	4.152	31.7224
1398880692.999	n	11.1224	3.58513	4.133	31.7242
1398880693.061	n	11.1215	3.58513	4.118	31.7250
1398880693.125	n	11.1216	3.58515	4.099	31.7251
1398880693.188	n	11.1221	3.58518	4.086	31.7250
1398880693.248	n	11.1226	3.58520	4.066	31.7248
1398880693.312	n	11.1231	3.58520	4.053	31.7243
1398880693.373	n	11.1239	3.58520	4.033	31.7236
1398880693.437	n	11.1259	3.58520	4.016	31.7220
1398880693.500	n	11.1301	3.58525	4.003	31.7188
1398880693.561	n	11.1360	3.58535	3.986	31.7147
1398880693.624	n	11.1420	3.58547	3.969	31.7108
1398880693.686	n	11.1466	3.58559	3.953	31.7080
1398880693.748	n	11.1487	3.58567	3.938	31.7070
1398880693.811	n	11.1483	3.58570	3.924	31.7076
1398880693.875	n	11.1468	3.58572	3.914	31.7090
1398880693.936	n	11.1449	3.58571	3.900	31.7107
1398880693.999	n	11.1431	3.58571	3.886	31.7122
1398880694.061	n	11.1419	3.58569	3.868	31.7130
1398880694.124	n	11.1418	3.58569	3.852	31.7131
1398880694.186	n	11.1424	3.58570	3.839	31.7126
1398880694.249	n	11.1435	3.58572	3.830	31.7120
1398880694.311	n	11.1449	3.58578	3.816	31.7113
1398880694.374	n	11.1464	3.58586	3.801	31.7109
1398880694.436	n	11.1476	3.58593	3.787	31.7105
1398880694.499	n	11.1493	3.58601	3.775	31.7098
1398880694.562	n	11.1516	3.58609	3.764	31.7086
1398880694.625	n	11.1546	3.58618	3.750	31.7069
1398880694.686	n	11.1576	3.58628	3.737	31.7054
1398880694.749	n	11.1589	3.58635	3.723	31.7049
1398880694.813	n	11.1588	3.58636	3.711	31.7051
1398880694.874	n	11.1577	3.58629	3.699	31.7054
1398880694.935	n	11.1556	3.58615	3.687	31.7058
1398880694.999	n	11.1533	3.58599	3.670	31.7062
1398880695.063	n	11.1509	3.58584	3.658	31.7068
1398880695.124	n	11.1492	3.58574	3.646	31.7073
1398880695.186	n	11.1507	3.58581	3.636	31.7067
1398880695.248	n	11.1561	3.58605	3.623	31.7044
1398880695.313	n	11.1638	3.58638	3.607	31.7011
1398880695.374	n	11.1711	3.58671	3.598	31.6980
1398880695.436	n	11.1758	3.58692	3.584	31.6960
1398880695.500	n	11.1769	3.58695	3.573	31.6954
1398880695.561	n	11.1756	3.58688	3.557	31.6958
1398880695.624	n	11.1732	3.58679	3.543	31.6970
1398880695.851	y	11.1712	3.58671	3.532	31.6979
1398880695.857	n	11.1712	3.58669	3.520	31.6978
1398880695.862	n	11.1731	3.58675	3.508	31.6967
1398880695.875	n	11.1762	3.58686	3.498	31.6951
1398880695.937	n	11.1788	3.58697	3.481	31.6940
1398880695.999	n	11.1792	3.58704	3.471	31.6944
1398880696.061	n	11.1788	3.58710	3.463	31.6953
1398880696.123	n	11.1817	3.58727	3.447	31.6945
1398880696.187	n	11.1894	3.58758	3.433	31.6908
1398880696.248	n	11.2007	3.58793	3.420	31.6847
1398880696.313	n	11.2118	3.58823	3.408	31.6780
1398880696.375	y	11.2185	3.58836	3.395	31.6735
1398880696.437	n	11.2198	3.58829	3.381	31.6717
1398880696.498	n	11.2183	3.58817	3.366	31.6718
1398880696.561	n	11.2161	3.58807	3.353	31.6727
1398880696.624	n	11.2147	3.58803	3.341	31.6736
1398880696.686	n	11.2146	3.58806	3.326	31.6739
1398880696.749	n	11.2152	3.58810	3.318	31.6738
1398880696.812	n	11.2156	3.58813	3.302	31.6738
1398880696.875	n	11.2148	3.58816	3.286	31.6747
1398880696.937	n	11.2127	3.58817	3.275	31.6767
1398880696.999	n	11.2099	3.58817	3.260	31.6791
1398880697.061	n	11.2076	3.58818	3.247	31.6812
1398880697.125	n	11.2064	3.58819	3.234	31.6823
1398880697.187	n	11.2066	3.58821	3.222	31.6824
1398880697.249	n	11.2084	3.58827	3.208	31.6814
1398880697.313	n	11.2109	3.58836	3.192	31.6802
1398880697.374	n	11.2136	3.58846	3.180	31.6788
1398880697.436	n	11.2165	3.58855	3.165	31.6771
1398880697.499	n	11.2191	3.58858	3.152	31.6752
1398880697.563	n	11.2210	3.58857	3.136	31.6735
1398880697.625	n	11.2221	3.58855	3.124	31.6724
1398880697.686	n	11.2212	3.58849	3.109	31.6725
1398880697.749	n	11.2185	3.58841	3.095	31.6741
1398880697.812	n	11.2149	3.58831	3.081	31.6763
1398880697.874	n	11.2117	3.58822	3.065	31.6781
1398880697.937	n	11.2096	3.58816	3.049	31.6794
1398880697.999	n	11.2084	3.58814	3.037	31.6802
1398880698.061	n	11.2077	3.58813	3.022	31.6807
1398880698.125	n	11.2074	3.58812	3.009	31.6808
1398880698.186	n	11.2076	3.58811	2.993	31.6806
1398880698.248	n	11.2081	3.58811	2.978	31.6801
1398880698.313	n	11.2088	3.58812	2.966	31.6797
1398880698.374	n	11.2092	3.58814	2.949	31.6795
1398880698.436	n	11.2093	3.58816	2.936	31.6797
1398880698.498	n	11.2095	3.58818	2.923	31.6797
1398880698.562	n	11.2098	3.58819	2.910	31.6795
1398880698.625	n	11.2103	3.58821	2.897	31.6793
1398880698.687	n	11.2108	3.58827	2.880	31.6794
1398880698.748	n	11.2112	3.58835	2.865	31.6800
1398880698.812	n	11.2115	3.58844	2.849	31.6806
1398880698.873	n	11.2116	3.58850	2.837	31.6810
1398880698.937	n	11.2117	3.58849	2.826	31.6808
1398880698.999	n	11.2121	3.58845	2.810	31.6801
1398880699.061	n	11.2128	3.58841	2.796	31.6792
1398880699.125	n	11.2135	3.58841	2.783	31.6785
1398880699.186	n	11.2139	3.58841	2.769	31.6782
1398880699.249	n	11.2138	3.58841	2.752	31.6783
1398880699.313	n	11.2132	3.58838	2.736	31.6785
1398880699.375	n	11.2138	3.58834	2.724	31.6776
1398880699.436	n	11.2164	3.58831	2.710	31.6752
1398880699.499	n	11.2197	3.58834	2.698	31.6725
1398880699.562	n	11.2223	3.58840	2.682	31.6709
1398880699.626	n	11.2232	3.58850	2.669	31.6711
1398880699.687	n	11.2228	3.58857	2.653	31.6722
1398880699.749	n	11.2228	3.58860	2.637	31.6725
1398880699.813	n	11.2243	3.58860	2.621	31.6712
1398880699.874	n	11.2264	3.58860	2.611	31.6694
1398880700.044	y	11.2281	3.58862	2.594	31.6681
1398880700.113	y	11.2288	3.58868	2.579	31.6681
1398880700.119	n	11.2285	3.58874	2.563	31.6690
1398880700.125	n	11.2275	3.58880	2.551	31.6704
1398880700.186	n	11.2264	3.58882	2.535	31.6716
1398880700.248	n	11.2253	3.58883	2.521	31.6726
1398880700.310	n	11.2244	3.58881	2.508	31.6732
1398880700.373	n	11.2239	3.58878	2.490	31.6733
1398880700.437	n	11.2238	3.58875	2.479	31.6732
1398880700.500	n	11.2236	3.58872	2.464	31.6730
1398880700.561	n	11.2236	3.58869	2.453	31.6728
1398880700.624	n	11.2236	3.58868	2.438	31.6726
1398880700.686	n	11.2236	3.58867	2.424	31.6726
1398880700.748	n	11.2234	3.58866	2.409	31.6727
1398880700.813	n	11.2242	3.58868	2.394	31.6722
1398880700.876	n	11.2275	3.58871	2.379	31.6696
1398880700.974	y	11.2329	3.58874	2.368	31.6653
1398880700.998	n	11.2385	3.58877	2.356	31.6608
1398880701.061	n	11.2414	3.58879	2.341	31.6585
1398880701.125	n	11.2399	3.58877	2.329	31.6596
1398880701.186	n	11.2348	3.58871	2.316	31.6635
1398880701.248	n	11.2291	3.58864	2.304	31.6676
1398880701.312	n	11.2250	3.58857	2.290	31.6704
1398880701.373	n	11.2233	3.58850	2.276	31.6713
1398880701.436	n	11.2230	3.58847	2.261	31.6713
1398880701.500	n	11.2230	3.58846	2.248	31.6711
1398880701.562	n	11.2228	3.58844	2.237	31.6711
1398880701.624	n	11.2223	3.58844	2.222	31.6715
1398880701.686	n	11.2219	3.58845	2.209	31.6720
1398880701.749	n	11.2214	3.58846	2.197	31.6725
1398880701.811	n	11.2208	3.58847	2.178	31.6731
1398880701.874	n	11.2200	3.58846	2.168	31.6737
1398880701.937	n	11.2191	3.58843	2.158	31.6742
1398880701.999	n	11.2182	3.58838	2.140	31.6745
1398880702.063	n	11.2173	3.58834	2.127	31.6749
1398880702.124	n	11.2170	3.58831	2.113	31.6748
1398880702.187	n	11.2172	3.58829	2.097	31.6745
1398880702.249	n	11.2178	3.58829	2.081	31.6739
1398880702.311	n	11.2185	3.58829	2.065	31.6733
1398880702.375	n	11.2190	3.58828	2.050	31.6729
1398880702.436	n	11.2190	3.58827	2.035	31.6728
1398880702.499	n	11.2191	3.58825	2.019	31.6725
1398880702.562	n	11.2193	3.58823	2.003	31.6721
1398880702.625	n	11.2197	3.58822	1.986	31.6717
1398880702.687	n	11.2202	3.58826	1.972	31.6716
1398880702.749	n	11.2207	3.58832	1.953	31.6718
1398880702.811	n	11.2209	3.58838	1.939	31.6722
1398880702.874	n	11.2206	3.58840	1.924	31.6726
1398880702.936	n	11.2196	3.58836	1.908	31.6732
1398880702.999	n	11.2182	3.58830	1.892	31.6738
1398880703.062	n	11.2167	3.58824	1.878	31.6744
1398880703.123	n	11.2155	3.58818	1.861	31.6750
1398880703.187	n	11.2145	3.58813	1.851	31.6754
1398880703.250	n	11.2135	3.58810	1.838	31.6759
1398880703.312	n	11.2124	3.58807	1.822	31.6766
1398880703.374	n	11.2129	3.58806	1.806	31.6761
1398880703.437	n	11.2162	3.58808	1.795	31.6734
1398880703.500	n	11.2215	3.58813	1.780	31.6694
1398880703.561	n	11.2260	3.58820	1.763	31.6661
1398880703.669	y	11.2275	3.58828	1.752	31.6656
1398880703.686	n	11.2252	3.58835	1.737	31.6684
1398880703.748	n	11.2208	3.58841	1.719	31.6727
1398880703.812	n	11.2170	3.58845	1.705	31.6763
1398880703.875	n	11.2151	3.58845	1.690	31.6781
1398880703.937	n	11.2143	3.58842	1.676	31.6785
1398880703.999	n	11.2139	3.58837	1.661	31.6783
1398880704.061	n	11.2141	3.58833	1.642	31.6778
1398880704.125	n	11.2150	3.58835	1.628	31.6772
1398880704.321	y	11.2165	3.58842	1.612	31.6766
1398880704.327	n	11.2193	3.58857	1.596	31.6756
1398880704.333	n	11.2238	3.58878	1.577	31.6739
1398880704.375	n	11.2284	3.58898	1.559	31.6718
1398880704.437	n	11.2321	3.58913	1.540	31.6701
1398880704.499	n	11.2351	3.58920	1.526	31.6683
1398880704.564	n	11.2397	3.58928	1.510	31.6651
1398880704.624	n	11.2485	3.58951	1.495	31.6598
1398880704.687	n	11.2614	3.58995	1.477	31.6530
1398880704.750	n	11.2752	3.59051	1.460	31.6466
1398880704.812	n	11.2861	3.59101	1.441	31.6423
1398880704.874	n	11.2921	3.59136	1.428	31.6405
1398880704.936	n	11.2946	3.59152	1.409	31.6400
1398880705.000	n	11.2954	3.59158	1.392	31.6398
1398880705.061	n	11.2956	3.59160	1.377	31.6399
1398880705.124	n	11.2953	3.59160	1.363	31.6401
1398880705.187	n	11.2949	3.59160	1.347	31.6404
1398880705.249	n	11.2944	3.59159	1.332	31.6409
1398880705.312	n	11.2937	3.59158	1.314	31.6414
1398880705.376	n	11.2929	3.59156	1.300	31.6418
1398880705.437	n	11.2920	3.59152	1.286	31.6422
1398880705.498	n	11.2908	3.59146	1.269	31.6427
1398880705.562	n	11.2892	3.59138	1.256	31.6432
1398880705.625	n	11.2870	3.59128	1.245	31.6441
1398880705.686	n	11.2845	3.59117	1.232	31.6453
1398880705.748	n	11.2818	3.59106	1.220	31.6465
1398880705.813	n	11.2793	3.59095	1.204	31.6475
1398880705.874	n	11.2775	3.59085	1.192	31.6481
1398880705.936	n	11.2767	3.59077	1.177	31.6480
1398880705.999	n	11.2767	3.59072	1.167	31.6476
1398880706.061	n	11.2777	3.59073	1.156	31.6468
1398880706.124	n	11.2794	3.59077	1.142	31.6457
1398880706.185	n	11.2814	3.59082	1.130	31.6445
1398880706.250	n	11.2833	3.59086	1.119	31.6433
1398880706.312	n	11.2847	3.59090	1.107	31.6425
1398880706.377	n	11.2852	3.59094	1.095	31.6425
1398880706.437	n	11.2848	3.59099	1.083	31.6433
1398880706.498	n	11.2837	3.59102	1.069	31.6445
1398880706.562	n	11.2824	3.59102	1.055	31.6456
1398880706.624	n	11.2812	3.59099	1.039	31.6464
1398880706.687	n	11.2807	3.59098	1.025	31.6467
1398880706.748	n	11.2806	3.59097	1.010	31.6467
1398880706.812	n	11.2804	3.59096	0.995	31.6468
1398880706.875	n	11.2798	3.59094	0.979	31.6471
1398880706.936	n	11.2790	3.59091	0.960	31.6475
1398880706.999	n	11.2783	3.59089	0.945	31.6479
1398880707.062	n	11.2785	3.59089	0.929	31.6478
1398880707.124	n	11.2795	3.59094	0.912	31.6474
1398880707.187	n	11.2811	3.59099	0.895	31.6465
1398880707.249	n	11.2827	3.59105	0.881	31.6457
1398880707.322	y	11.2841	3.59110	0.865	31.6451
1398880707.374	n	11.2849	3.59115	0.846	31.6449
1398880707.436	n	11.2855	3.59118	0.832	31.6447
1398880707.500	n	11.2861	3.59120	0.819	31.6443
1398880707.562	n	11.2866	3.59119	0.805	31.6438
1398880707.625	n	11.2867	3.59116	0.795	31.6435
1398880707.686	n	11.2861	3.59114	0.780	31.6437
1398880707.749	n	11.2850	3.59112	0.767	31.6445
1398880707.811	n	11.2841	3.59113	0.755	31.6454
1398880707.873	n	11.2837	3.59113	0.743	31.6457
1398880707.936	n	11.2843	3.59113	0.730	31.6452
1398880708.000	n	11.2859	3.59116	0.716	31.6441
1398880708.062	n	11.2886	3.59129	0.703	31.6431
1398880708.126	n	11.2918	3.59150	0.693	31.6424
1398880708.186	n	11.2944	3.59170	0.679	31.6422
1398880708.248	n	11.2959	3.59182	0.667	31.6421
1398880708.311	n	11.2964	3.59186	0.657	31.6420
1398880708.374	n	11.2962	3.59183	0.650	31.6419
1398880708.651	y	11.2962	3.59182	0.641	31.6418
1398880708.663	n	11.2973	3.59184	0.633	31.6411
1398880708.670	n	11.2998	3.59188	0.625	31.6393
1398880708.676	n	11.3032	3.58575	0.621	31.5764
1398880708.686	n	11.3082	3.31253	0.616	28.9152
1398880708.748	n	11.3169	2.80070	0.612	24.0192
1398880708.813	n	11.3313	2.15166	0.606	17.9822
1398880708.874	n	11.3494	1.55193	0.605	12.5922
1398880708.936	n	11.3622	1.14192	0.596	9.0304
1398880708.998	n	11.3629	1.01225	0.592	7.9290
1398880709.060	n	11.3514	0.90864	0.589	7.0608
1398880709.126	n	11.3334	0.80692	0.584	6.2176
1398880709.188	n	11.3177	0.71540	0.578	5.4663
1398880709.248	n	11.3094	0.70088	0.571	5.3486
1398880709.313	n	11.3058	0.78748	0.563	6.0614
1398880709.374	n	11.3048	0.93411	0.554	7.2832
1398880709.437	n	11.3059	1.05991	0.544	8.3451
1398880709.498	n	11.3086	1.10851	0.540	8.7581
1398880709.562	n	11.3134	1.08332	0.529	8.5424
1398880709.624	n	11.3199	1.01761	0.515	7.9836
