Source File: D:\Storage\Programs\OOI\Group 5\Correspondence\07_18_14 sample files\files\11214980.PPB
Processed: 07/18/2014 12:27:53
Using Version: 1.11
Device: CTD
Start Date: 05/01/2014
Timestamp (s)	Suspect Timestamp	Temperature	Conductivity	Pressure	Salinity
1398945417.685	y	10.9541	3.61411	22.232	32.1486
1398945417.748	n	10.9539	3.61414	22.241	32.1491
1398945417.809	n	10.9539	3.61412	22.243	32.1490
1398945417.871	n	10.9539	3.61411	22.232	32.1488
1398945417.936	n	10.9539	3.61414	22.241	32.1491
1398945417.996	n	10.9539	3.61412	22.255	32.1490
1398945418.058	n	10.9540	3.61414	22.258	32.1490
1398945418.123	n	10.9539	3.61413	22.243	32.1491
1398945418.185	n	10.9539	3.61413	22.249	32.1491
1398945418.249	n	10.9539	3.61413	22.251	32.1491
1398945418.309	n	10.9540	3.61413	22.255	32.1491
1398945418.372	n	10.9540	3.61413	22.258	32.1490
1398945418.434	n	10.9540	3.61413	22.259	32.1490
1398945418.498	n	10.9540	3.61413	22.268	32.1490
1398945418.560	n	10.9539	3.61412	22.273	32.1490
1398945418.623	n	10.9539	3.61412	22.275	32.1489
1398945418.686	n	10.9539	3.61411	22.277	32.1489
1398945418.747	n	10.9539	3.61410	22.282	32.1488
1398945418.810	n	10.9539	3.61409	22.286	32.1487
1398945418.873	n	10.9539	3.61409	22.290	32.1486
1398945418.935	n	10.9539	3.61409	22.291	32.1487
1398945418.998	n	10.9540	3.61411	22.296	32.1488
1398945419.061	n	10.9540	3.61412	22.302	32.1488
1398945419.124	n	10.9540	3.61412	22.306	32.1488
1398945419.187	n	10.9540	3.61412	22.308	32.1489
1398945420.039	n	10.9540	3.61412	22.313	32.1488
1398945420.052	n	10.9539	3.61411	22.316	32.1488
1398945420.071	n	10.9539	3.61411	22.318	32.1488
1398945420.077	n	10.9539	3.61411	22.321	32.1488
1398945420.082	n	10.9538	3.61412	22.323	32.1490
1398945420.088	n	10.9538	3.61413	22.326	32.1491
1398945420.094	n	10.9539	3.61413	22.334	32.1490
1398945420.099	n	10.9539	3.61411	22.335	32.1488
1398945420.105	n	10.9540	3.61410	22.336	32.1487
1398945420.111	n	10.9539	3.61408	22.340	32.1485
1398945420.116	n	10.9539	3.61409	22.341	32.1486
1398945420.121	n	10.9539	3.61410	22.346	32.1488
1398945420.126	n	10.9539	3.61411	22.350	32.1489
1398945420.132	n	10.9539	3.61412	22.349	32.1489
1398945420.137	n	10.9539	3.61412	22.350	32.1490
1398945420.186	n	10.9539	3.61411	22.349	32.1488
1398945420.250	n	10.9540	3.61410	22.357	32.1487
1398945420.310	n	10.9540	3.61410	22.360	32.1486
1398945420.372	n	10.9540	3.61411	22.361	32.1487
1398945420.435	n	10.9540	3.61411	22.362	32.1487
1398945420.500	n	10.9540	3.61412	22.364	32.1489
1398945420.561	n	10.9540	3.61412	22.363	32.1489
1398945420.624	n	10.9540	3.61411	22.364	32.1488
1398945420.687	n	10.9540	3.61410	22.364	32.1487
1398945420.747	n	10.9540	3.61410	22.368	32.1486
1398945420.810	n	10.9540	3.61410	22.369	32.1486
1398945420.872	n	10.9540	3.61411	22.365	32.1487
1398945420.935	n	10.9540	3.61411	22.368	32.1487
1398945421.000	n	10.9540	3.61411	22.373	32.1488
1398945421.060	n	10.9539	3.61411	22.371	32.1488
1398945421.123	n	10.9539	3.61411	22.373	32.1488
1398945421.186	n	10.9540	3.61412	22.370	32.1489
1398945421.255	n	10.9540	3.61413	22.371	32.1490
1398945421.311	n	10.9540	3.61413	22.370	32.1490
1398945421.374	n	10.9540	3.61412	22.369	32.1489
1398945421.437	n	10.9540	3.61412	22.366	32.1488
1398945421.497	n	10.9540	3.61410	22.367	32.1487
1398945421.559	n	10.9540	3.61410	22.366	32.1486
1398945421.624	n	10.9540	3.61409	22.363	32.1486
1398945421.687	n	10.9540	3.61409	22.364	32.1486
1398945421.748	n	10.9540	3.61410	22.366	32.1487
1398945421.810	n	10.9540	3.61411	22.363	32.1487
1398945421.874	n	10.9540	3.61411	22.359	32.1488
1398945421.937	n	10.9540	3.61412	22.359	32.1489
1398945421.998	n	10.9540	3.61413	22.356	32.1489
1398945422.059	n	10.9540	3.61413	22.355	32.1490
1398945422.124	n	10.9540	3.61413	22.354	32.1490
1398945422.187	n	10.9540	3.61413	22.351	32.1490
1398945422.250	n	10.9540	3.61413	22.344	32.1489
1398945422.311	n	10.9540	3.61412	22.344	32.1489
1398945422.373	n	10.9540	3.61411	22.344	32.1488
1398945422.437	n	10.9540	3.61411	22.339	32.1487
1398945422.500	n	10.9540	3.61411	22.337	32.1488
1398945422.562	n	10.9540	3.61412	22.333	32.1489
1398945422.622	n	10.9540	3.61412	22.330	32.1489
1398945422.688	n	10.9540	3.61412	22.328	32.1489
1398945422.749	n	10.9540	3.61412	22.323	32.1489
1398945422.809	n	10.9540	3.61412	22.317	32.1489
1398945422.874	n	10.9540	3.61412	22.317	32.1489
1398945422.937	n	10.9539	3.61413	22.311	32.1490
1398945422.998	n	10.9539	3.61413	22.306	32.1491
1398945423.059	n	10.9539	3.61412	22.304	32.1490
1398945423.124	n	10.9539	3.61412	22.304	32.1490
1398945423.188	n	10.9539	3.61412	22.298	32.1489
1398945423.254	n	10.9539	3.61412	22.293	32.1490
1398945423.312	n	10.9539	3.61412	22.289	32.1489
1398945423.380	y	10.9540	3.61411	22.285	32.1488
1398945423.439	n	10.9540	3.61411	22.283	32.1488
1398945423.500	n	10.9540	3.61411	22.279	32.1487
1398945423.693	y	10.9540	3.61411	22.274	32.1488
1398945423.701	n	10.9539	3.61412	22.268	32.1489
1398945423.707	n	10.9539	3.61411	22.263	32.1489
1398945423.749	n	10.9539	3.61410	22.262	32.1487
1398945423.810	n	10.9539	3.61409	22.257	32.1486
1398945423.874	n	10.9539	3.61409	22.254	32.1487
1398945423.935	n	10.9540	3.61410	22.249	32.1487
1398945423.997	n	10.9540	3.61410	22.246	32.1488
1398945424.060	n	10.9539	3.61409	22.239	32.1487
1398945424.122	n	10.9539	3.61408	22.236	32.1486
1398945424.185	n	10.9538	3.61408	22.231	32.1486
1398945424.252	n	10.9538	3.61409	22.230	32.1488
1398945424.312	n	10.9538	3.61410	22.224	32.1489
1398945424.374	n	10.9538	3.61411	22.223	32.1490
1398945424.437	n	10.9539	3.61411	22.216	32.1489
1398945424.499	n	10.9539	3.61410	22.211	32.1488
1398945424.560	n	10.9539	3.61410	22.211	32.1488
1398945424.624	n	10.9539	3.61411	22.209	32.1488
1398945424.688	n	10.9539	3.61411	22.205	32.1488
1398945424.749	n	10.9539	3.61411	22.203	32.1489
1398945424.810	n	10.9539	3.61412	22.200	32.1490
1398945424.872	n	10.9539	3.61411	22.194	32.1489
1398945424.936	n	10.9539	3.61411	22.188	32.1490
1398945425.000	n	10.9538	3.61411	22.185	32.1490
1398945425.060	n	10.9538	3.61410	22.185	32.1490
1398945425.122	n	10.9538	3.61409	22.179	32.1489
1398945425.186	n	10.9538	3.61410	22.179	32.1488
1398945425.253	n	10.9538	3.61410	22.176	32.1489
1398945425.310	n	10.9539	3.61411	22.171	32.1490
1398945425.372	n	10.9539	3.61412	22.169	32.1490
1398945425.435	n	10.9539	3.61412	22.163	32.1490
1398945425.501	n	10.9538	3.61411	22.161	32.1490
1398945425.563	n	10.9539	3.61411	22.161	32.1489
1398945425.623	n	10.9539	3.61411	22.158	32.1489
1398945425.687	n	10.9539	3.61411	22.156	32.1490
1398945425.748	n	10.9539	3.61411	22.153	32.1489
1398945425.811	n	10.9539	3.61410	22.147	32.1488
1398945425.873	n	10.9539	3.61409	22.148	32.1488
1398945425.937	n	10.9539	3.61408	22.148	32.1487
1398945425.998	n	10.9539	3.61409	22.141	32.1488
1398945426.061	n	10.9539	3.61410	22.139	32.1489
1398945426.123	n	10.9539	3.61411	22.137	32.1490
1398945426.186	n	10.9539	3.61412	22.137	32.1490
1398945426.257	n	10.9539	3.61411	22.134	32.1490
1398945426.310	n	10.9538	3.61410	22.132	32.1489
1398945426.373	n	10.9538	3.61410	22.129	32.1489
1398945426.437	n	10.9538	3.61410	22.128	32.1489
1398945426.500	n	10.9538	3.61411	22.123	32.1490
1398945426.560	n	10.9538	3.61411	22.127	32.1490
1398945426.624	n	10.9538	3.61412	22.120	32.1491
1398945426.685	n	10.9538	3.61412	22.120	32.1491
1398945426.748	n	10.9538	3.61412	22.118	32.1491
1398945426.809	n	10.9538	3.61411	22.117	32.1490
1398945426.874	n	10.9539	3.61410	22.114	32.1489
1398945426.935	n	10.9539	3.61409	22.113	32.1487
1398945427.005	y	10.9539	3.61408	22.110	32.1487
1398945427.060	n	10.9539	3.61409	22.104	32.1487
1398945427.124	n	10.9539	3.61410	22.105	32.1488
1398945427.185	n	10.9539	3.61411	22.101	32.1489
1398945427.254	n	10.9539	3.61411	22.095	32.1489
1398945427.311	n	10.9539	3.61410	22.094	32.1489
1398945427.374	n	10.9539	3.61410	22.089	32.1488
1398945427.435	n	10.9539	3.61409	22.086	32.1488
1398945427.501	n	10.9539	3.61410	22.081	32.1489
1398945427.560	y	10.9539	3.61411	22.077	32.1489
1398945427.624	n	10.9538	3.61410	22.073	32.1489
1398945427.686	n	10.9538	3.61409	22.068	32.1488
1398945427.748	n	10.9538	3.61408	22.063	32.1487
1398945427.915	y	10.9538	3.61406	22.059	32.1486
1398945427.923	n	10.9539	3.61406	22.055	32.1485
1398945427.936	n	10.9539	3.61406	22.048	32.1485
1398945427.997	n	10.9539	3.61407	22.042	32.1486
1398945428.060	n	10.9538	3.61407	22.037	32.1486
1398945428.122	n	10.9538	3.61408	22.027	32.1487
1398945428.187	n	10.9538	3.61408	22.020	32.1488
1398945428.255	n	10.9539	3.61409	22.015	32.1488
1398945428.311	n	10.9539	3.61409	22.007	32.1488
1398945428.372	n	10.9539	3.61410	22.004	32.1489
1398945428.439	n	10.9539	3.61409	21.993	32.1489
1398945428.497	n	10.9538	3.61410	21.987	32.1489
1398945428.560	n	10.9538	3.61410	21.979	32.1490
1398945428.622	n	10.9538	3.61410	21.974	32.1490
1398945428.686	n	10.9538	3.61410	21.965	32.1490
1398945428.749	n	10.9539	3.61411	21.958	32.1490
1398945428.842	n	10.9539	3.61410	21.946	32.1490
1398945428.873	n	10.9539	3.61409	21.936	32.1489
1398945428.936	n	10.9539	3.61409	21.934	32.1488
1398945428.999	n	10.9539	3.61408	21.927	32.1488
1398945429.061	n	10.9539	3.61409	21.916	32.1488
1398945429.122	n	10.9540	3.61410	21.908	32.1488
1398945429.187	n	10.9540	3.61410	21.899	32.1488
1398945429.248	n	10.9540	3.61410	21.895	32.1489
1398945429.310	n	10.9539	3.61410	21.886	32.1489
1398945429.372	n	10.9539	3.61410	21.877	32.1489
1398945429.436	n	10.9539	3.61409	21.868	32.1489
1398945429.501	n	10.9539	3.61410	21.858	32.1489
1398945429.560	n	10.9539	3.61409	21.849	32.1489
1398945429.623	n	10.9539	3.61410	21.838	32.1489
1398945429.686	n	10.9539	3.61409	21.828	32.1488
1398945429.749	n	10.9539	3.61407	21.820	32.1487
1398945429.810	n	10.9539	3.61406	21.810	32.1486
1398945429.872	n	10.9539	3.61407	21.797	32.1487
1398945429.935	n	10.9538	3.61407	21.789	32.1488
1398945429.998	n	10.9538	3.61408	21.780	32.1489
1398945430.060	n	10.9538	3.61408	21.769	32.1488
1398945430.124	n	10.9538	3.61408	21.757	32.1489
1398945430.186	n	10.9538	3.61407	21.745	32.1488
1398945430.248	n	10.9537	3.61407	21.734	32.1489
1398945430.311	n	10.9537	3.61408	21.726	32.1490
1398945430.373	n	10.9538	3.61409	21.715	32.1490
1398945430.439	n	10.9539	3.61409	21.707	32.1490
1398945430.498	n	10.9539	3.61410	21.694	32.1491
1398945430.744	n	10.9539	3.61410	21.681	32.1491
1398945430.792	y	10.9538	3.61409	21.671	32.1490
1398945430.798	n	10.9538	3.61407	21.660	32.1489
1398945430.804	n	10.9538	3.61407	21.646	32.1488
1398945430.810	n	10.9538	3.61407	21.635	32.1488
1398945430.873	n	10.9538	3.61408	21.626	32.1489
1398945430.936	n	10.9539	3.61408	21.614	32.1489
1398945430.997	n	10.9539	3.61407	21.605	32.1488
1398945431.060	n	10.9539	3.61406	21.590	32.1487
1398945431.123	n	10.9539	3.61405	21.579	32.1486
1398945431.185	n	10.9539	3.61405	21.562	32.1486
1398945431.249	n	10.9539	3.61406	21.551	32.1487
1398945431.311	n	10.9539	3.61406	21.542	32.1487
1398945431.373	n	10.9540	3.61407	21.527	32.1487
1398945431.436	n	10.9540	3.61406	21.514	32.1486
1398945431.499	n	10.9540	3.61406	21.499	32.1486
1398945431.561	n	10.9540	3.61406	21.488	32.1486
1398945431.623	n	10.9540	3.61405	21.471	32.1485
1398945431.686	n	10.9540	3.61405	21.458	32.1485
1398945431.747	n	10.9540	3.61404	21.446	32.1484
1398945431.810	n	10.9540	3.61402	21.435	32.1482
1398945431.874	n	10.9540	3.61401	21.420	32.1482
1398945431.937	n	10.9540	3.61401	21.404	32.1482
1398945431.999	n	10.9541	3.61402	21.391	32.1482
1398945432.179	y	10.9541	3.61404	21.377	32.1483
1398945432.185	n	10.9542	3.61405	21.361	32.1485
1398945432.191	n	10.9542	3.61406	21.344	32.1486
1398945432.248	n	10.9541	3.61407	21.329	32.1486
1398945432.311	n	10.9541	3.61406	21.318	32.1486
1398945432.372	n	10.9542	3.61405	21.298	32.1485
1398945432.437	n	10.9542	3.61404	21.287	32.1483
1398945432.500	n	10.9543	3.61404	21.270	32.1483
1398945432.561	n	10.9543	3.61405	21.253	32.1483
1398945432.623	n	10.9543	3.61405	21.236	32.1484
1398945432.685	n	10.9543	3.61405	21.218	32.1483
1398945432.749	n	10.9543	3.61404	21.201	32.1483
1398945432.811	n	10.9543	3.61403	21.184	32.1482
1398945432.874	n	10.9542	3.61402	21.170	32.1482
1398945432.937	n	10.9543	3.61401	21.153	32.1481
1398945432.999	n	10.9543	3.61402	21.134	32.1481
1398945433.060	n	10.9544	3.61403	21.118	32.1481
1398945433.124	n	10.9544	3.61403	21.098	32.1482
1398945433.187	n	10.9545	3.61403	21.082	32.1481
1398945433.248	n	10.9545	3.61403	21.064	32.1481
1398945433.310	n	10.9545	3.61402	21.047	32.1480
1398945433.373	n	10.9545	3.61402	21.031	32.1480
1398945433.437	n	10.9545	3.61402	21.011	32.1480
1398945433.500	n	10.9545	3.61402	20.993	32.1480
1398945433.561	n	10.9545	3.61402	20.974	32.1480
1398945433.623	n	10.9545	3.61402	20.955	32.1480
1398945433.685	n	10.9546	3.61402	20.938	32.1480
1398945433.749	n	10.9547	3.61402	20.918	32.1479
1398945433.810	n	10.9547	3.61402	20.900	32.1478
1398945433.873	n	10.9547	3.61402	20.881	32.1478
1398945433.935	n	10.9547	3.61401	20.863	32.1478
1398945433.998	n	10.9547	3.61401	20.844	32.1477
1398945434.061	n	10.9548	3.61401	20.825	32.1477
1398945434.122	n	10.9549	3.61400	20.802	32.1476
1398945434.187	n	10.9549	3.61400	20.784	32.1475
1398945434.250	n	10.9550	3.61400	20.763	32.1475
1398945434.337	y	10.9551	3.61401	20.743	32.1475
1398945434.373	n	10.9551	3.61401	20.724	32.1475
1398945434.437	n	10.9551	3.61402	20.705	32.1476
1398945434.499	n	10.9552	3.61402	20.686	32.1476
1398945434.561	n	10.9552	3.61402	20.668	32.1475
1398945434.623	n	10.9552	3.61401	20.648	32.1475
1398945434.685	n	10.9552	3.61400	20.626	32.1474
1398945434.749	n	10.9552	3.61400	20.607	32.1473
1398945434.810	n	10.9552	3.61399	20.584	32.1473
1398945434.872	n	10.9552	3.61399	20.566	32.1473
1398945434.936	n	10.9552	3.61399	20.549	32.1473
1398945434.997	n	10.9553	3.61399	20.531	32.1472
1398945435.060	n	10.9554	3.61399	20.508	32.1471
1398945435.123	n	10.9554	3.61400	20.487	32.1471
1398945435.185	n	10.9555	3.61400	20.468	32.1472
1398945435.250	n	10.9555	3.61400	20.450	32.1471
1398945435.310	n	10.9555	3.61399	20.428	32.1471
1398945435.374	n	10.9555	3.61398	20.413	32.1470
1398945435.438	n	10.9555	3.61398	20.388	32.1469
1398945435.499	n	10.9556	3.61397	20.373	32.1469
1398945435.561	n	10.9556	3.61397	20.351	32.1468
1398945435.623	n	10.9557	3.61397	20.333	32.1468
1398945435.686	n	10.9557	3.61398	20.312	32.1468
1398945435.747	n	10.9557	3.61398	20.293	32.1468
1398945435.811	n	10.9557	3.61398	20.274	32.1469
1398945435.873	n	10.9557	3.61398	20.257	32.1469
1398945435.935	n	10.9557	3.61396	20.239	32.1467
1398945435.999	n	10.9557	3.61395	20.218	32.1465
1398945436.060	n	10.9558	3.61395	20.204	32.1464
1398945436.123	n	10.9559	3.61395	20.183	32.1464
1398945436.187	n	10.9560	3.61396	20.162	32.1465
1398945436.251	n	10.9560	3.61398	20.141	32.1466
1398945436.397	y	10.9560	3.61398	20.124	32.1467
1398945436.403	n	10.9560	3.61398	20.108	32.1467
1398945436.437	n	10.9560	3.61398	20.087	32.1467
1398945436.500	n	10.9561	3.61398	20.065	32.1466
1398945436.560	n	10.9561	3.61398	20.050	32.1466
1398945436.623	n	10.9562	3.61398	20.032	32.1465
1398945436.684	n	10.9563	3.61398	20.015	32.1465
1398945436.749	n	10.9563	3.61398	19.996	32.1464
1398945436.809	n	10.9563	3.61397	19.978	32.1463
1398945436.873	n	10.9564	3.61396	19.957	32.1462
1398945436.936	n	10.9564	3.61395	19.940	32.1461
1398945436.999	n	10.9564	3.61395	19.924	32.1460
1398945437.060	n	10.9565	3.61394	19.906	32.1460
1398945437.123	n	10.9565	3.61395	19.887	32.1460
1398945437.185	n	10.9565	3.61395	19.866	32.1460
1398945437.253	n	10.9566	3.61396	19.851	32.1461
1398945437.310	n	10.9566	3.61396	19.835	32.1460
1398945437.373	n	10.9567	3.61396	19.816	32.1459
1398945437.437	n	10.9568	3.61395	19.796	32.1458
1398945437.499	n	10.9568	3.61395	19.778	32.1458
1398945437.560	n	10.9569	3.61395	19.761	32.1457
1398945437.624	n	10.9569	3.61396	19.745	32.1457
1398945437.685	n	10.9570	3.61396	19.724	32.1458
1398945437.747	n	10.9571	3.61396	19.711	32.1456
1398945437.810	n	10.9571	3.61395	19.690	32.1455
1398945437.873	n	10.9572	3.61393	19.671	32.1453
1398945437.935	n	10.9573	3.61392	19.652	32.1451
1398945437.997	y	10.9573	3.61391	19.636	32.1451
1398945438.060	n	10.9573	3.61391	19.620	32.1450
1398945438.123	n	10.9574	3.61391	19.602	32.1450
1398945438.185	n	10.9575	3.61391	19.586	32.1449
1398945438.253	n	10.9576	3.61391	19.568	32.1448
1398945438.310	n	10.9577	3.61390	19.551	32.1447
1398945438.374	n	10.9577	3.61391	19.528	32.1447
1398945438.436	n	10.9577	3.61391	19.508	32.1447
1398945438.500	n	10.9578	3.61392	19.493	32.1448
1398945438.561	n	10.9578	3.61393	19.476	32.1448
1398945438.623	n	10.9579	3.61392	19.451	32.1447
1398945438.686	n	10.9579	3.61391	19.436	32.1445
1398945438.748	n	10.9580	3.61390	19.419	32.1444
1398945438.811	n	10.9581	3.61390	19.400	32.1444
1398945438.873	n	10.9581	3.61391	19.378	32.1444
1398945438.937	n	10.9582	3.61392	19.361	32.1445
1398945438.997	n	10.9583	3.61393	19.341	32.1445
1398945439.061	n	10.9583	3.61393	19.322	32.1444
1398945439.123	n	10.9583	3.61392	19.307	32.1444
1398945439.186	n	10.9584	3.61392	19.285	32.1443
1398945439.248	n	10.9584	3.61391	19.266	32.1442
1398945439.310	n	10.9584	3.61390	19.246	32.1441
1398945439.373	n	10.9585	3.61389	19.229	32.1440
1398945439.437	n	10.9586	3.61389	19.209	32.1438
1398945439.500	n	10.9587	3.61389	19.192	32.1438
1398945439.561	n	10.9587	3.61389	19.171	32.1438
1398945439.623	n	10.9587	3.61390	19.148	32.1439
1398945439.687	n	10.9587	3.61391	19.131	32.1440
1398945439.750	n	10.9587	3.61392	19.110	32.1441
1398945439.811	n	10.9588	3.61392	19.090	32.1440
1398945439.873	n	10.9588	3.61391	19.069	32.1439
1398945439.937	n	10.9588	3.61391	19.046	32.1439
1398945440.000	n	10.9589	3.61390	19.029	32.1438
1398945440.154	y	10.9589	3.61389	19.011	32.1437
1398945440.161	n	10.9589	3.61389	18.991	32.1437
1398945440.186	n	10.9589	3.61389	18.969	32.1437
1398945440.248	n	10.9590	3.61388	18.946	32.1435
1398945440.311	n	10.9590	3.61387	18.926	32.1435
1398945440.373	n	10.9590	3.61386	18.903	32.1433
1398945440.435	n	10.9591	3.61386	18.883	32.1433
1398945440.501	n	10.9591	3.61386	18.864	32.1433
1398945440.655	y	10.9591	3.61387	18.843	32.1433
1398945440.661	n	10.9591	3.61387	18.819	32.1434
1398945440.686	n	10.9592	3.61388	18.803	32.1434
1398945440.748	n	10.9592	3.61387	18.782	32.1434
1398945440.810	n	10.9593	3.61387	18.759	32.1432
1398945440.872	n	10.9594	3.61387	18.740	32.1432
1398945440.937	n	10.9594	3.61387	18.723	32.1431
1398945440.998	n	10.9595	3.61387	18.698	32.1431
1398945441.061	n	10.9595	3.61387	18.679	32.1431
1398945441.123	n	10.9595	3.61387	18.657	32.1431
1398945441.186	n	10.9595	3.61386	18.635	32.1430
1398945441.249	n	10.9596	3.61385	18.618	32.1429
1398945441.311	n	10.9596	3.61384	18.597	32.1427
1398945441.373	n	10.9596	3.61383	18.570	32.1426
1398945441.438	n	10.9596	3.61382	18.553	32.1426
1398945441.501	n	10.9597	3.61382	18.533	32.1425
1398945441.571	y	10.9597	3.61382	18.511	32.1425
1398945441.623	n	10.9598	3.61383	18.492	32.1425
1398945441.687	n	10.9598	3.61383	18.470	32.1425
1398945441.748	n	10.9598	3.61384	18.450	32.1426
1398945441.811	n	10.9598	3.61384	18.429	32.1427
1398945441.874	n	10.9597	3.61384	18.409	32.1427
1398945441.937	n	10.9597	3.61384	18.387	32.1427
1398945441.998	n	10.9597	3.61383	18.366	32.1427
1398945442.060	n	10.9597	3.61383	18.347	32.1426
1398945442.123	n	10.9598	3.61383	18.326	32.1426
1398945442.186	n	10.9599	3.61383	18.308	32.1425
1398945442.248	n	10.9599	3.61382	18.290	32.1424
1398945442.310	n	10.9599	3.61382	18.268	32.1424
1398945442.373	n	10.9599	3.61382	18.246	32.1424
1398945442.437	n	10.9599	3.61382	18.228	32.1424
1398945442.500	n	10.9599	3.61382	18.208	32.1424
1398945442.560	n	10.9599	3.61381	18.186	32.1424
1398945442.623	n	10.9599	3.61381	18.168	32.1423
1398945442.685	n	10.9600	3.61380	18.147	32.1422
1398945442.749	n	10.9600	3.61379	18.125	32.1421
1398945442.811	n	10.9601	3.61380	18.110	32.1421
1398945442.873	n	10.9601	3.61381	18.088	32.1422
1398945442.937	n	10.9601	3.61381	18.070	32.1423
1398945442.999	n	10.9600	3.61382	18.052	32.1424
1398945443.060	n	10.9600	3.61381	18.033	32.1424
1398945443.123	n	10.9600	3.61380	18.015	32.1423
1398945443.186	n	10.9599	3.61379	17.998	32.1423
1398945443.248	n	10.9599	3.61379	17.980	32.1423
1398945443.311	n	10.9600	3.61379	17.962	32.1423
1398945443.372	n	10.9600	3.61380	17.941	32.1423
1398945443.437	n	10.9599	3.61380	17.920	32.1423
1398945443.500	n	10.9599	3.61379	17.903	32.1424
1398945443.560	n	10.9598	3.61379	17.884	32.1424
1398945443.623	n	10.9598	3.61379	17.869	32.1424
1398945443.686	n	10.9597	3.61379	17.850	32.1424
1398945443.747	n	10.9597	3.61379	17.834	32.1425
1398945443.810	n	10.9597	3.61378	17.815	32.1424
1398945443.872	n	10.9597	3.61378	17.796	32.1424
1398945443.936	n	10.9596	3.61378	17.776	32.1425
1398945443.997	n	10.9595	3.61378	17.760	32.1426
1398945444.061	n	10.9595	3.61379	17.743	32.1427
1398945444.123	n	10.9594	3.61379	17.723	32.1428
1398945444.186	n	10.9594	3.61378	17.705	32.1428
1398945444.247	n	10.9593	3.61378	17.687	32.1428
1398945444.310	n	10.9593	3.61378	17.671	32.1428
1398945444.374	n	10.9593	3.61378	17.658	32.1428
1398945444.437	n	10.9592	3.61377	17.642	32.1428
1398945444.499	n	10.9592	3.61376	17.622	32.1428
1398945444.560	n	10.9591	3.61376	17.606	32.1428
1398945444.624	n	10.9591	3.61376	17.588	32.1428
1398945444.687	n	10.9591	3.61376	17.569	32.1429
1398945444.749	n	10.9590	3.61376	17.554	32.1430
1398945444.889	y	10.9589	3.61376	17.538	32.1430
1398945444.896	n	10.9588	3.61376	17.521	32.1431
1398945444.936	n	10.9587	3.61376	17.502	32.1432
1398945444.998	n	10.9587	3.61376	17.487	32.1433
1398945445.060	n	10.9587	3.61376	17.466	32.1433
1398945445.123	n	10.9586	3.61376	17.451	32.1433
1398945445.186	n	10.9586	3.61376	17.434	32.1434
1398945445.248	n	10.9585	3.61376	17.415	32.1435
1398945445.345	y	10.9584	3.61376	17.397	32.1435
1398945445.373	n	10.9584	3.61376	17.379	32.1435
1398945445.436	n	10.9584	3.61376	17.361	32.1436
1398945445.499	n	10.9584	3.61376	17.345	32.1435
1398945445.560	n	10.9583	3.61375	17.326	32.1435
1398945445.623	n	10.9582	3.61375	17.310	32.1436
1398945445.687	n	10.9582	3.61375	17.289	32.1437
1398945445.748	n	10.9582	3.61375	17.270	32.1437
1398945445.810	n	10.9581	3.61375	17.255	32.1438
1398945445.874	n	10.9581	3.61375	17.236	32.1437
1398945445.938	n	10.9580	3.61374	17.219	32.1437
1398945445.999	n	10.9580	3.61373	17.199	32.1437
1398945446.061	n	10.9579	3.61372	17.183	32.1437
1398945446.123	n	10.9579	3.61372	17.162	32.1436
1398945446.186	n	10.9579	3.61371	17.144	32.1436
1398945446.249	n	10.9579	3.61371	17.122	32.1436
1398945446.310	n	10.9578	3.61371	17.104	32.1437
1398945446.373	n	10.9578	3.61371	17.085	32.1437
1398945446.437	n	10.9577	3.61372	17.064	32.1438
1398945446.498	n	10.9577	3.61373	17.047	32.1440
1398945446.560	n	10.9576	3.61374	17.024	32.1441
1398945446.622	n	10.9576	3.61374	17.006	32.1443
1398945446.685	n	10.9575	3.61375	16.986	32.1443
1398945446.750	n	10.9575	3.61375	16.968	32.1444
1398945446.811	n	10.9575	3.61375	16.942	32.1444
1398945446.872	n	10.9574	3.61373	16.921	32.1443
1398945446.937	n	10.9574	3.61372	16.902	32.1442
1398945446.998	n	10.9573	3.61370	16.882	32.1442
1398945447.060	n	10.9573	3.61369	16.863	32.1441
1398945447.123	n	10.9573	3.61369	16.839	32.1441
1398945447.185	n	10.9573	3.61370	16.819	32.1441
1398945447.249	n	10.9573	3.61370	16.800	32.1442
1398945447.311	n	10.9572	3.61370	16.774	32.1442
1398945447.373	n	10.9572	3.61371	16.757	32.1444
1398945447.437	n	10.9571	3.61371	16.729	32.1444
1398945447.499	n	10.9571	3.61371	16.707	32.1445
1398945447.560	n	10.9570	3.61371	16.685	32.1445
1398945447.623	n	10.9570	3.61371	16.663	32.1446
1398945447.686	n	10.9570	3.61370	16.639	32.1445
1398945447.748	n	10.9569	3.61369	16.617	32.1445
1398945447.811	n	10.9569	3.61369	16.594	32.1444
1398945447.874	n	10.9569	3.61368	16.572	32.1444
1398945447.935	n	10.9569	3.61368	16.549	32.1444
1398945447.998	n	10.9568	3.61368	16.529	32.1445
1398945448.060	n	10.9568	3.61368	16.499	32.1445
1398945448.123	n	10.9568	3.61367	16.483	32.1445
1398945448.185	n	10.9567	3.61367	16.462	32.1445
1398945448.251	n	10.9567	3.61366	16.432	32.1445
1398945448.311	n	10.9566	3.61366	16.408	32.1445
1398945448.373	n	10.9565	3.61366	16.386	32.1446
1398945448.437	n	10.9565	3.61367	16.362	32.1447
1398945448.500	n	10.9565	3.61367	16.338	32.1448
1398945448.562	n	10.9564	3.61367	16.314	32.1448
1398945448.624	n	10.9564	3.61367	16.290	32.1449
1398945448.685	n	10.9564	3.61367	16.268	32.1448
1398945448.748	n	10.9564	3.61367	16.243	32.1449
1398945448.810	n	10.9563	3.61367	16.218	32.1449
1398945448.872	n	10.9563	3.61367	16.195	32.1450
1398945448.979	y	10.9563	3.61367	16.177	32.1450
1398945448.998	n	10.9563	3.61366	16.147	32.1450
1398945449.171	y	10.9562	3.61366	16.124	32.1449
1398945449.178	n	10.9562	3.61366	16.100	32.1450
1398945449.186	n	10.9562	3.61365	16.072	32.1450
1398945449.248	n	10.9561	3.61364	16.051	32.1450
1398945449.311	n	10.9560	3.61364	16.024	32.1450
1398945449.374	n	10.9560	3.61363	16.003	32.1449
1398945449.437	n	10.9560	3.61362	15.982	32.1449
1398945449.501	n	10.9560	3.61362	15.959	32.1448
1398945449.561	n	10.9560	3.61362	15.933	32.1448
1398945449.623	n	10.9560	3.61361	15.908	32.1448
1398945449.685	n	10.9560	3.61362	15.884	32.1449
1398945449.750	n	10.9559	3.61362	15.861	32.1450
1398945449.811	n	10.9559	3.61362	15.840	32.1450
1398945449.873	n	10.9559	3.61363	15.818	32.1451
1398945449.935	n	10.9559	3.61363	15.796	32.1452
1398945449.999	n	10.9558	3.61364	15.769	32.1453
1398945450.060	n	10.9558	3.61365	15.750	32.1453
1398945450.123	n	10.9558	3.61364	15.730	32.1453
1398945450.185	n	10.9558	3.61363	15.705	32.1452
1398945450.249	n	10.9558	3.61362	15.685	32.1451
1398945450.310	n	10.9558	3.61362	15.663	32.1452
1398945450.373	n	10.9557	3.61362	15.640	32.1453
1398945450.437	n	10.9556	3.61362	15.617	32.1453
1398945450.499	n	10.9556	3.61361	15.594	32.1453
1398945450.562	n	10.9556	3.61360	15.575	32.1452
1398945450.624	n	10.9556	3.61360	15.557	32.1452
1398945450.687	n	10.9555	3.61359	15.539	32.1452
1398945450.749	n	10.9555	3.61359	15.513	32.1452
1398945450.810	n	10.9554	3.61360	15.492	32.1453
1398945450.873	n	10.9554	3.61360	15.475	32.1454
1398945450.936	n	10.9553	3.61361	15.456	32.1455
1398945450.999	n	10.9553	3.61362	15.438	32.1457
1398945451.061	n	10.9553	3.61362	15.419	32.1457
1398945451.123	n	10.9554	3.61361	15.401	32.1456
1398945451.185	n	10.9554	3.61360	15.382	32.1454
1398945451.249	n	10.9554	3.61359	15.359	32.1453
1398945451.310	n	10.9553	3.61359	15.340	32.1454
1398945451.373	n	10.9553	3.61359	15.323	32.1455
1398945451.436	n	10.9552	3.61360	15.305	32.1456
1398945451.499	n	10.9552	3.61361	15.287	32.1457
1398945451.561	n	10.9552	3.61361	15.268	32.1457
1398945451.623	n	10.9552	3.61360	15.249	32.1456
1398945451.687	n	10.9552	3.61359	15.232	32.1456
1398945451.750	n	10.9552	3.61359	15.218	32.1455
1398945451.812	n	10.9551	3.61358	15.201	32.1455
1398945451.873	n	10.9551	3.61358	15.180	32.1455
1398945451.936	n	10.9551	3.61358	15.163	32.1456
1398945451.998	n	10.9550	3.61358	15.145	32.1457
1398945452.061	n	10.9550	3.61357	15.128	32.1456
1398945452.123	n	10.9549	3.61358	15.108	32.1457
1398945452.187	n	10.9549	3.61358	15.093	32.1458
1398945452.249	n	10.9548	3.61357	15.079	32.1458
1398945452.310	n	10.9548	3.61357	15.064	32.1458
1398945452.373	n	10.9548	3.61357	15.047	32.1458
1398945452.436	n	10.9547	3.61357	15.031	32.1459
1398945452.499	y	10.9547	3.61357	15.016	32.1459
1398945452.577	n	10.9546	3.61357	14.998	32.1459
1398945452.624	n	10.9546	3.61356	14.982	32.1459
1398945452.686	n	10.9546	3.61355	14.963	32.1458
1398945452.747	n	10.9545	3.61354	14.951	32.1458
1398945452.811	n	10.9544	3.61354	14.932	32.1459
1398945452.873	n	10.9543	3.61354	14.919	32.1460
1398945452.936	n	10.9543	3.61355	14.901	32.1461
1398945452.999	n	10.9543	3.61356	14.885	32.1462
1398945453.061	n	10.9542	3.61357	14.872	32.1463
1398945453.123	n	10.9542	3.61357	14.854	32.1464
1398945453.186	n	10.9541	3.61357	14.838	32.1465
1398945453.250	n	10.9540	3.61357	14.823	32.1466
1398945453.398	y	10.9540	3.61356	14.810	32.1465
1398945453.405	n	10.9540	3.61355	14.792	32.1464
1398945453.438	n	10.9540	3.61354	14.777	32.1463
1398945453.498	n	10.9539	3.61354	14.761	32.1464
1398945453.561	n	10.9538	3.61354	14.744	32.1465
1398945453.624	n	10.9538	3.61355	14.731	32.1466
1398945453.686	n	10.9537	3.61355	14.715	32.1467
1398945453.748	n	10.9537	3.61356	14.697	32.1468
1398945453.811	n	10.9536	3.61355	14.681	32.1468
1398945453.873	n	10.9535	3.61355	14.666	32.1468
1398945453.936	n	10.9535	3.61354	14.646	32.1468
1398945454.000	n	10.9534	3.61354	14.631	32.1468
1398945454.061	n	10.9534	3.61354	14.613	32.1469
1398945454.123	n	10.9533	3.61354	14.598	32.1470
1398945454.186	n	10.9533	3.61353	14.583	32.1470
1398945454.247	n	10.9532	3.61353	14.565	32.1470
1398945454.311	n	10.9531	3.61353	14.551	32.1471
1398945454.373	n	10.9531	3.61352	14.532	32.1470
1398945454.438	n	10.9530	3.61351	14.515	32.1471
1398945454.498	n	10.9529	3.61351	14.497	32.1471
1398945454.560	n	10.9529	3.61351	14.480	32.1471
1398945454.624	n	10.9528	3.61352	14.464	32.1473
1398945454.685	n	10.9527	3.61352	14.448	32.1474
1398945454.748	n	10.9527	3.61351	14.428	32.1473
1398945454.811	n	10.9526	3.61350	14.406	32.1473
1398945454.873	n	10.9526	3.61350	14.389	32.1473
1398945454.935	n	10.9525	3.61350	14.375	32.1473
1398945454.998	n	10.9524	3.61350	14.358	32.1475
1398945455.060	n	10.9523	3.61351	14.336	32.1477
1398945455.122	n	10.9522	3.61351	14.316	32.1478
1398945455.187	n	10.9522	3.61352	14.296	32.1479
1398945455.250	n	10.9522	3.61352	14.276	32.1480
1398945455.448	y	10.9521	3.61352	14.260	32.1480
1398945455.461	n	10.9520	3.61351	14.243	32.1480
1398945455.467	n	10.9520	3.61350	14.221	32.1480
1398945455.500	n	10.9519	3.61350	14.203	32.1480
1398945455.561	n	10.9519	3.61350	14.182	32.1480
1398945455.623	n	10.9518	3.61349	14.162	32.1480
1398945455.685	n	10.9516	3.61348	14.138	32.1481
1398945455.749	n	10.9515	3.61348	14.119	32.1482
1398945455.810	n	10.9515	3.61349	14.102	32.1483
1398945455.872	n	10.9514	3.61349	14.081	32.1483
1398945455.937	n	10.9514	3.61349	14.058	32.1484
1398945455.998	n	10.9513	3.61349	14.037	32.1485
1398945456.060	n	10.9513	3.61350	14.019	32.1486
1398945456.124	n	10.9512	3.61350	13.997	32.1487
1398945456.187	n	10.9511	3.61351	13.976	32.1488
1398945456.248	n	10.9510	3.61350	13.952	32.1488
1398945456.311	y	10.9509	3.61350	13.931	32.1489
1398945456.372	n	10.9509	3.61349	13.914	32.1489
1398945456.438	n	10.9508	3.61348	13.890	32.1489
1398945456.500	n	10.9507	3.61347	13.866	32.1489
1398945456.561	n	10.9506	3.61348	13.844	32.1490
1398945456.623	n	10.9506	3.61348	13.821	32.1491
1398945456.687	n	10.9505	3.61348	13.802	32.1492
1398945456.749	n	10.9504	3.61347	13.778	32.1491
1398945456.811	n	10.9503	3.61346	13.757	32.1491
1398945456.875	n	10.9503	3.61345	13.739	32.1492
1398945456.936	n	10.9502	3.61346	13.714	32.1493
1398945456.999	n	10.9501	3.61348	13.688	32.1496
1398945457.061	n	10.9500	3.61348	13.662	32.1497
1398945457.123	n	10.9499	3.61347	13.644	32.1496
1398945457.186	n	10.9498	3.61346	13.621	32.1496
1398945457.247	n	10.9498	3.61345	13.600	32.1496
1398945457.311	n	10.9498	3.61345	13.575	32.1496
1398945457.373	n	10.9497	3.61346	13.551	32.1498
1398945457.438	n	10.9496	3.61345	13.531	32.1498
1398945457.500	n	10.9495	3.61344	13.506	32.1498
1398945457.670	y	10.9494	3.61344	13.480	32.1498
1398945457.677	n	10.9493	3.61344	13.459	32.1499
1398945457.686	n	10.9492	3.61344	13.436	32.1500
1398945457.749	n	10.9492	3.61344	13.412	32.1501
1398945457.811	n	10.9491	3.61344	13.388	32.1501
1398945457.873	n	10.9491	3.61344	13.365	32.1502
1398945457.935	n	10.9490	3.61344	13.343	32.1503
1398945457.999	n	10.9489	3.61345	13.318	32.1505
1398945458.060	n	10.9488	3.61345	13.297	32.1506
1398945458.123	n	10.9487	3.61344	13.273	32.1506
1398945458.185	n	10.9486	3.61342	13.248	32.1506
1398945458.248	n	10.9485	3.61341	13.225	32.1505
1398945458.310	n	10.9484	3.61341	13.201	32.1506
1398945458.373	n	10.9483	3.61342	13.175	32.1508
1398945458.435	n	10.9481	3.61343	13.153	32.1510
1398945458.499	n	10.9480	3.61343	13.130	32.1512
1398945458.560	n	10.9478	3.61342	13.107	32.1512
1398945458.624	n	10.9477	3.61342	13.080	32.1513
1398945458.687	n	10.9476	3.61341	13.057	32.1513
1398945458.748	n	10.9474	3.61340	13.032	32.1515
1398945458.811	n	10.9473	3.61340	13.007	32.1516
1398945458.873	n	10.9471	3.61340	12.981	32.1517
1398945458.937	n	10.9469	3.61339	12.958	32.1518
1398945458.998	n	10.9467	3.61340	12.933	32.1520
1398945459.061	n	10.9465	3.61339	12.910	32.1522
1398945459.124	n	10.9463	3.61339	12.890	32.1524
1398945459.186	n	10.9460	3.61338	12.864	32.1526
1398945459.248	n	10.9457	3.61338	12.837	32.1528
1398945459.311	n	10.9454	3.61337	12.812	32.1530
1398945459.374	n	10.9451	3.61337	12.789	32.1532
1398945459.438	n	10.9448	3.61337	12.766	32.1535
1398945459.500	n	10.9445	3.61337	12.740	32.1537
1398945459.561	n	10.9442	3.61337	12.719	32.1541
1398945459.623	n	10.9438	3.61337	12.695	32.1545
1398945459.685	n	10.9433	3.61338	12.671	32.1549
1398945459.749	n	10.9428	3.61338	12.647	32.1555
1398945459.810	n	10.9423	3.61338	12.623	32.1559
1398945459.874	n	10.9418	3.61339	12.600	32.1564
1398945459.977	y	10.9412	3.61338	12.578	32.1569
1398945459.998	n	10.9406	3.61338	12.549	32.1574
1398945460.062	n	10.9400	3.61337	12.527	32.1578
1398945460.123	n	10.9393	3.61336	12.501	32.1584
1398945460.186	n	10.9386	3.61336	12.480	32.1590
1398945460.249	n	10.9378	3.61336	12.454	32.1597
1398945460.311	n	10.9369	3.61336	12.431	32.1605
1398945460.373	n	10.9361	3.61336	12.409	32.1612
1398945460.438	n	10.9353	3.61335	12.385	32.1618
1398945460.499	n	10.9345	3.61334	12.365	32.1625
1398945460.561	n	10.9337	3.61334	12.337	32.1631
1398945460.624	n	10.9329	3.61334	12.315	32.1638
1398945460.686	n	10.9321	3.61334	12.291	32.1645
1398945460.749	n	10.9313	3.61333	12.268	32.1652
1398945460.811	n	10.9305	3.61333	12.246	32.1659
1398945460.873	n	10.9296	3.61333	12.228	32.1667
1398945460.935	n	10.9288	3.61333	12.202	32.1674
1398945460.999	n	10.9279	3.61332	12.179	32.1681
1398945461.060	n	10.9271	3.61332	12.156	32.1688
1398945461.123	n	10.9262	3.61330	12.134	32.1695
1398945461.188	n	10.9253	3.61330	12.112	32.1702
1398945461.248	n	10.9244	3.61329	12.093	32.1709
1398945461.311	n	10.9236	3.61329	12.069	32.1716
1398945461.374	n	10.9228	3.61328	12.046	32.1722
1398945461.436	n	10.9220	3.61327	12.026	32.1728
1398945461.498	n	10.9211	3.61325	12.001	32.1735
1398945461.560	n	10.9203	3.61325	11.979	32.1742
1398945461.622	n	10.9194	3.61326	11.963	32.1750
1398945461.685	n	10.9186	3.61327	11.940	32.1759
1398945461.749	n	10.9177	3.61327	11.915	32.1767
1398945461.856	y	10.9168	3.61327	11.897	32.1774
1398945461.873	n	10.9160	3.61325	11.878	32.1781
1398945461.937	n	10.9151	3.61324	11.857	32.1787
1398945461.998	n	10.9143	3.61324	11.835	32.1793
1398945462.061	n	10.9136	3.61324	11.818	32.1800
1398945462.124	n	10.9128	3.61324	11.798	32.1806
1398945462.186	n	10.9121	3.61323	11.780	32.1812
1398945462.248	n	10.9113	3.61322	11.757	32.1818
1398945462.310	n	10.9106	3.61322	11.737	32.1825
1398945462.373	n	10.9098	3.61322	11.717	32.1831
1398945462.435	n	10.9090	3.61322	11.699	32.1838
1398945462.499	n	10.9082	3.61322	11.680	32.1846
1398945462.560	n	10.9074	3.61321	11.661	32.1853
1398945462.623	n	10.9065	3.61321	11.644	32.1861
1398945462.686	n	10.9055	3.61321	11.626	32.1869
1398945462.749	n	10.9045	3.61321	11.609	32.1878
1398945462.810	n	10.9034	3.61321	11.588	32.1887
1398945462.872	n	10.9023	3.61321	11.570	32.1897
1398945462.935	n	10.9012	3.61320	11.554	32.1906
1398945462.998	n	10.9000	3.61318	11.532	32.1915
1398945463.061	n	10.8989	3.61317	11.514	32.1924
1398945463.124	n	10.8977	3.61317	11.498	32.1934
1398945463.187	n	10.8966	3.61316	11.482	32.1943
1398945463.248	n	10.8955	3.61317	11.464	32.1953
1398945463.312	n	10.8945	3.61317	11.444	32.1962
1398945463.374	n	10.8935	3.61316	11.429	32.1970
1398945463.437	n	10.8925	3.61316	11.413	32.1979
1398945463.498	y	10.8916	3.61316	11.395	32.1987
1398945463.621	n	10.8907	3.61315	11.381	32.1995
1398945463.626	n	10.8898	3.61315	11.364	32.2002
1398945463.687	n	10.8889	3.61315	11.344	32.2010
1398945463.748	n	10.8881	3.61314	11.327	32.2016
1398945463.810	n	10.8874	3.61314	11.312	32.2023
1398945463.872	n	10.8866	3.61314	11.298	32.2029
1398945463.937	n	10.8859	3.61314	11.280	32.2035
1398945463.999	n	10.8853	3.61313	11.266	32.2041
1398945464.061	n	10.8846	3.61312	11.249	32.2045
1398945464.124	n	10.8840	3.61311	11.229	32.2050
1398945464.187	n	10.8835	3.61311	11.216	32.2054
1398945464.248	n	10.8830	3.61311	11.201	32.2059
1398945464.311	n	10.8824	3.61311	11.184	32.2064
1398945464.374	n	10.8819	3.61312	11.168	32.2069
1398945464.437	n	10.8814	3.61311	11.152	32.2073
1398945464.499	n	10.8809	3.61311	11.137	32.2077
1398945464.561	n	10.8805	3.61310	11.120	32.2080
1398945464.622	n	10.8801	3.61310	11.101	32.2084
1398945464.686	n	10.8796	3.61309	11.086	32.2086
1398945464.749	n	10.8792	3.61307	11.073	32.2089
1398945464.811	n	10.8788	3.61307	11.055	32.2092
1398945464.874	n	10.8785	3.61306	11.040	32.2095
1398945464.938	n	10.8781	3.61307	11.023	32.2098
1398945464.997	n	10.8778	3.61306	11.008	32.2100
1398945465.061	n	10.8775	3.61305	10.989	32.2102
1398945465.124	n	10.8772	3.61304	10.975	32.2104
1398945465.187	n	10.8769	3.61304	10.966	32.2107
1398945465.248	n	10.8767	3.61305	10.948	32.2109
1398945465.311	n	10.8764	3.61306	10.931	32.2113
1398945465.373	n	10.8762	3.61306	10.914	32.2115
1398945465.436	n	10.8760	3.61305	10.900	32.2116
1398945465.500	n	10.8758	3.61304	10.884	32.2117
1398945465.560	n	10.8756	3.61304	10.864	32.2118
1398945465.622	n	10.8754	3.61303	10.849	32.2119
1398945465.686	n	10.8753	3.61303	10.831	32.2121
1398945465.748	n	10.8751	3.61304	10.817	32.2123
1398945465.811	n	10.8749	3.61304	10.800	32.2124
1398945465.873	n	10.8749	3.61304	10.786	32.2125
1398945465.936	n	10.8748	3.61304	10.766	32.2125
1398945465.997	y	10.8748	3.61302	10.751	32.2124
1398945466.175	n	10.8748	3.61301	10.740	32.2124
1398945466.181	n	10.8747	3.61301	10.719	32.2123
1398945466.189	n	10.8748	3.61301	10.703	32.2123
1398945466.249	n	10.8748	3.61301	10.685	32.2123
1398945466.311	n	10.8748	3.61301	10.669	32.2122
1398945466.374	n	10.8748	3.61299	10.650	32.2121
1398945466.436	n	10.8749	3.61298	10.632	32.2120
1398945466.498	n	10.8750	3.61298	10.616	32.2119
1398945466.560	n	10.8751	3.61297	10.602	32.2117
1398945466.623	n	10.8752	3.61297	10.587	32.2116
1398945466.685	n	10.8754	3.61297	10.565	32.2115
1398945466.749	n	10.8756	3.61297	10.548	32.2113
1398945466.811	n	10.8757	3.61298	10.528	32.2113
1398945466.874	n	10.8759	3.61298	10.511	32.2111
1398945466.936	n	10.8761	3.61298	10.496	32.2109
1398945466.999	n	10.8764	3.61298	10.477	32.2107
1398945467.060	n	10.8767	3.61298	10.460	32.2105
1398945467.124	n	10.8770	3.61298	10.441	32.2102
1398945467.186	n	10.8774	3.61298	10.425	32.2098
1398945467.248	n	10.8777	3.61296	10.406	32.2094
1398945467.337	y	10.8781	3.61294	10.387	32.2089
1398945467.373	n	10.8784	3.61293	10.368	32.2085
1398945467.436	n	10.8788	3.61293	10.350	32.2081
1398945467.497	n	10.8793	3.61292	10.330	32.2076
1398945467.563	n	10.8798	3.61291	10.312	32.2071
1398945467.624	n	10.8803	3.61291	10.294	32.2066
1398945467.687	n	10.8808	3.61290	10.277	32.2061
1398945467.749	n	10.8814	3.61291	10.253	32.2057
1398945467.811	n	10.8820	3.61291	10.240	32.2052
1398945467.874	n	10.8826	3.61292	10.218	32.2047
1398945467.936	n	10.8833	3.61292	10.201	32.2041
1398945467.998	n	10.8841	3.61291	10.180	32.2034
1398945468.060	n	10.8849	3.61290	10.160	32.2026
1398945468.123	n	10.8857	3.61290	10.142	32.2018
1398945468.186	n	10.8866	3.61289	10.119	32.2010
1398945468.248	n	10.8874	3.61289	10.103	32.2002
1398945468.310	n	10.8883	3.61288	10.082	32.1994
1398945468.373	n	10.8893	3.61287	10.063	32.1985
1398945468.438	n	10.8902	3.61285	10.043	32.1975
1398945468.499	n	10.8912	3.61284	10.025	32.1965
1398945468.560	n	10.8923	3.61284	10.006	32.1956
1398945468.624	n	10.8934	3.61284	9.985	32.1946
1398945468.687	n	10.8945	3.61285	9.968	32.1937
1398945468.749	n	10.8956	3.61285	9.948	32.1928
1398945468.811	n	10.8967	3.61285	9.929	32.1918
1398945468.873	n	10.8978	3.61284	9.905	32.1908
1398945468.936	n	10.8989	3.61283	9.886	32.1897
1398945468.998	n	10.9000	3.61281	9.865	32.1886
1398945469.060	n	10.9011	3.61280	9.850	32.1874
1398945469.123	n	10.9023	3.61278	9.831	32.1863
1398945469.186	n	10.9035	3.61278	9.808	32.1851
1398945469.247	n	10.9048	3.61278	9.788	32.1840
1398945469.312	n	10.9060	3.61277	9.769	32.1829
1398945469.373	n	10.9073	3.61277	9.754	32.1818
1398945469.435	n	10.9085	3.61276	9.730	32.1806
1398945469.500	n	10.9097	3.61276	9.710	32.1796
1398945469.561	n	10.9110	3.61275	9.689	32.1784
1398945469.625	n	10.9122	3.61275	9.669	32.1772
1398945469.686	n	10.9136	3.61274	9.651	32.1760
1398945469.750	n	10.9150	3.61273	9.627	32.1746
1398945469.812	n	10.9165	3.61272	9.606	32.1732
1398945469.874	n	10.9179	3.61271	9.588	32.1719
1398945469.935	n	10.9194	3.61270	9.569	32.1705
1398945469.998	n	10.9210	3.61269	9.551	32.1690
1398945470.061	n	10.9225	3.61267	9.528	32.1675
1398945470.123	n	10.9242	3.61267	9.509	32.1660
1398945470.187	n	10.9259	3.61265	9.491	32.1644
1398945470.250	y	10.9277	3.61264	9.469	32.1627
1398945470.403	n	10.9295	3.61263	9.449	32.1611
1398945470.408	n	10.9313	3.61262	9.431	32.1594
1398945470.436	n	10.9331	3.61261	9.410	32.1577
1398945470.498	n	10.9350	3.61261	9.392	32.1560
1398945470.561	n	10.9370	3.61260	9.373	32.1542
1398945470.624	n	10.9389	3.61259	9.351	32.1525
1398945470.685	n	10.9408	3.61259	9.329	32.1508
1398945470.750	n	10.9426	3.61258	9.310	32.1491
1398945470.885	y	10.9445	3.61258	9.291	32.1475
1398945470.914	y	10.9464	3.61257	9.270	32.1458
1398945470.937	n	10.9482	3.61256	9.256	32.1441
1398945470.998	n	10.9501	3.61255	9.233	32.1423
1398945471.060	n	10.9520	3.61252	9.213	32.1404
1398945471.123	n	10.9539	3.61250	9.194	32.1385
1398945471.187	n	10.9558	3.61249	9.172	32.1367
1398945471.248	n	10.9578	3.61247	9.153	32.1348
1398945471.310	n	10.9598	3.61245	9.131	32.1329
1398945471.373	n	10.9618	3.61243	9.109	32.1309
1398945471.436	n	10.9638	3.61240	9.091	32.1288
1398945471.500	n	10.9658	3.61237	9.068	32.1268
1398945471.561	n	10.9678	3.61234	9.053	32.1248
1398945471.624	n	10.9698	3.61231	9.035	32.1227
1398945471.685	n	10.9719	3.61227	9.012	32.1206
1398945471.749	n	10.9739	3.61224	8.991	32.1184
1398945471.812	n	10.9760	3.61219	8.970	32.1162
1398945471.873	n	10.9781	3.61214	8.953	32.1139
1398945471.936	n	10.9802	3.61209	8.933	32.1114
1398945471.998	n	10.9823	3.61203	8.915	32.1091
1398945472.060	n	10.9844	3.61198	8.893	32.1068
1398945472.123	n	10.9864	3.61193	8.874	32.1046
1398945472.187	n	10.9884	3.61188	8.848	32.1023
1398945472.249	n	10.9904	3.61181	8.830	32.0998
1398945472.310	n	10.9925	3.61172	8.809	32.0972
1398945472.373	n	10.9945	3.61164	8.792	32.0946
1398945472.436	n	10.9965	3.61156	8.771	32.0920
1398945472.503	n	10.9986	3.61149	8.749	32.0896
1398945472.561	n	11.0006	3.61141	8.729	32.0870
1398945472.623	n	11.0026	3.61133	8.711	32.0845
1398945472.687	n	11.0046	3.61125	8.691	32.0820
1398945472.748	n	11.0066	3.61117	8.673	32.0795
1398945472.810	n	11.0087	3.61110	8.650	32.0770
1398945472.873	n	11.0108	3.61104	8.631	32.0745
1398945472.937	n	11.0129	3.61097	8.612	32.0719
1398945473.000	n	11.0151	3.61089	8.588	32.0693
1398945473.060	n	11.0173	3.61081	8.573	32.0666
1398945473.124	n	11.0195	3.61074	8.555	32.0640
1398945473.188	n	11.0217	3.61066	8.530	32.0613
1398945473.249	n	11.0239	3.61059	8.511	32.0586
1398945473.311	n	11.0262	3.61051	8.493	32.0559
1398945473.374	n	11.0285	3.61043	8.471	32.0531
1398945473.437	n	11.0308	3.61035	8.451	32.0503
1398945473.499	n	11.0332	3.61029	8.433	32.0476
1398945473.560	n	11.0356	3.61021	8.414	32.0448
1398945473.623	n	11.0380	3.61013	8.393	32.0418
1398945473.688	n	11.0405	3.61004	8.375	32.0388
1398945473.747	n	11.0431	3.60997	8.355	32.0358
1398945473.811	n	11.0457	3.60990	8.336	32.0329
1398945473.874	n	11.0484	3.60984	8.316	32.0300
1398945473.935	n	11.0511	3.60978	8.296	32.0270
1398945473.999	n	11.0539	3.60970	8.277	32.0238
1398945474.061	n	11.0567	3.60963	8.257	32.0207
1398945474.123	n	11.0596	3.60956	8.240	32.0175
1398945474.185	n	11.0624	3.60948	8.219	32.0143
1398945474.249	n	11.0653	3.60941	8.201	32.0111
1398945474.311	n	11.0682	3.60934	8.185	32.0078
1398945474.374	n	11.0712	3.60926	8.167	32.0045
1398945474.435	n	11.0741	3.60920	8.146	32.0013
1398945474.502	y	11.0771	3.60913	8.129	31.9980
1398945474.733	n	11.0801	3.60904	8.110	31.9945
1398945474.738	n	11.0832	3.60897	8.091	31.9912
1398945474.744	n	11.0862	3.60888	8.068	31.9877
1398945474.750	n	11.0892	3.60881	8.054	31.9843
1398945474.811	n	11.0923	3.60874	8.035	31.9810
1398945474.873	n	11.0954	3.60868	8.017	31.9777
1398945474.936	n	11.0985	3.60861	8.001	31.9744
1398945474.999	n	11.1015	3.60854	7.984	31.9710
1398945475.060	n	11.1045	3.60847	7.965	31.9677
1398945475.123	n	11.1074	3.60839	7.947	31.9645
1398945475.187	n	11.1103	3.60832	7.928	31.9613
1398945475.248	n	11.1131	3.60825	7.912	31.9581
1398945475.310	n	11.1159	3.60818	7.892	31.9550
1398945475.373	n	11.1187	3.60811	7.873	31.9519
1398945475.436	n	11.1215	3.60803	7.857	31.9488
1398945475.498	n	11.1242	3.60796	7.841	31.9456
1398945475.562	n	11.1269	3.60789	7.827	31.9426
1398945475.624	n	11.1296	3.60782	7.807	31.9397
1398945475.686	n	11.1322	3.60776	7.792	31.9368
1398945475.749	n	11.1349	3.60771	7.774	31.9340
1398945475.811	n	11.1374	3.60764	7.758	31.9312
1398945475.875	n	11.1399	3.60758	7.744	31.9284
1398945475.937	n	11.1424	3.60753	7.728	31.9257
1398945475.998	n	11.1449	3.60749	7.710	31.9232
1398945476.062	n	11.1473	3.60745	7.693	31.9207
1398945476.123	n	11.1496	3.60741	7.679	31.9183
1398945476.187	n	11.1520	3.60736	7.663	31.9158
1398945476.249	n	11.1543	3.60732	7.647	31.9133
1398945476.310	n	11.1567	3.60727	7.635	31.9108
1398945476.373	n	11.1591	3.60724	7.621	31.9084
1398945476.436	n	11.1615	3.60720	7.600	31.9060
1398945476.501	n	11.1639	3.60717	7.586	31.9036
1398945476.560	n	11.1662	3.60713	7.572	31.9012
1398945476.623	n	11.1685	3.60709	7.558	31.8988
1398945476.686	n	11.1707	3.60705	7.541	31.8966
1398945476.750	n	11.1730	3.60703	7.529	31.8944
1398945476.811	n	11.1753	3.60702	7.515	31.8922
1398945476.873	n	11.1776	3.60701	7.498	31.8901
1398945476.936	n	11.1799	3.60700	7.482	31.8880
1398945476.998	n	11.1822	3.60698	7.472	31.8859
1398945477.060	n	11.1844	3.60695	7.457	31.8838
1398945477.124	y	11.1866	3.60693	7.442	31.8817
1398945477.186	n	11.1887	3.60691	7.429	31.8796
1398945477.250	n	11.1909	3.60690	7.415	31.8777
1398945477.312	n	11.1930	3.60690	7.402	31.8758
1398945477.374	n	11.1951	3.60689	7.387	31.8739
1398945477.438	n	11.1972	3.60688	7.374	31.8720
1398945477.502	n	11.1993	3.60687	7.361	31.8701
1398945477.561	n	11.2013	3.60686	7.344	31.8683
1398945477.623	n	11.2033	3.60686	7.331	31.8665
1398945477.687	n	11.2053	3.60685	7.318	31.8647
1398945477.749	n	11.2074	3.60684	7.307	31.8628
1398945477.810	n	11.2094	3.60683	7.292	31.8610
1398945477.873	n	11.2114	3.60680	7.282	31.8590
1398945477.936	n	11.2141	3.60635	7.270	31.8522
1398945477.998	n	11.2239	3.60464	7.253	31.8269
1398945478.061	n	11.2485	3.60312	7.241	31.7908
1398945478.124	n	11.2874	3.60228	7.226	31.7491
1398945478.187	n	11.3331	3.60242	7.210	31.7112
1398945478.257	y	11.3750	3.60351	7.199	31.6858
1398945478.310	n	11.4035	3.60485	7.185	31.6745
1398945478.372	n	11.4182	3.60515	7.173	31.6648
1398945478.436	n	11.4254	3.60533	7.157	31.6605
1398945478.501	n	11.4291	3.60544	7.146	31.6584
1398945478.560	n	11.4311	3.60553	7.132	31.6575
1398945478.624	n	11.4324	3.60561	7.117	31.6572
1398945478.686	n	11.4334	3.60568	7.107	31.6571
1398945478.747	y	11.4341	3.60574	7.094	31.6570
1398945478.841	n	11.4347	3.60579	7.081	31.6570
1398945478.873	n	11.4347	3.60584	7.068	31.6575
1398945478.935	n	11.4331	3.60587	7.050	31.6592
1398945478.998	n	11.4294	3.60589	7.036	31.6625
1398945479.061	n	11.4252	3.60588	7.023	31.6660
1398945479.122	n	11.4229	3.60587	7.005	31.6679
1398945479.187	n	11.4236	3.60584	6.993	31.6670
1398945479.251	n	11.4271	3.60583	6.978	31.6639
1398945479.310	n	11.4316	3.60583	6.964	31.6601
1398945479.373	n	11.4349	3.60585	6.953	31.6575
1398945479.436	n	11.4369	3.60588	6.931	31.6560
1398945479.501	n	11.4384	3.60591	6.918	31.6550
1398945479.561	n	11.4398	3.60594	6.900	31.6542
1398945479.623	n	11.4409	3.60597	6.889	31.6535
1398945479.686	n	11.4418	3.60600	6.874	31.6530
1398945479.750	n	11.4427	3.60603	6.858	31.6526
1398945479.811	n	11.4434	3.60608	6.839	31.6524
1398945479.873	n	11.4443	3.60614	6.824	31.6523
1398945479.937	n	11.4452	3.60620	6.806	31.6522
1398945479.998	n	11.4460	3.60626	6.790	31.6520
1398945480.060	n	11.4467	3.60631	6.775	31.6519
1398945480.122	n	11.4474	3.60634	6.757	31.6517
1398945480.187	n	11.4480	3.60637	6.741	31.6514
1398945480.249	n	11.4486	3.60641	6.726	31.6513
1398945480.312	n	11.4492	3.60646	6.707	31.6513
1398945480.373	n	11.4498	3.60651	6.689	31.6513
1398945480.436	n	11.4506	3.60656	6.672	31.6511
1398945480.506	n	11.4513	3.60661	6.652	31.6509
1398945480.561	n	11.4522	3.60666	6.631	31.6507
1398945480.623	n	11.4531	3.60672	6.611	31.6505
1398945480.687	n	11.4540	3.60678	6.592	31.6503
1398945480.750	n	11.4551	3.60684	6.579	31.6500
1398945480.810	n	11.4562	3.60691	6.561	31.6497
1398945480.872	n	11.4574	3.60698	6.537	31.6494
1398945480.936	n	11.4585	3.60705	6.519	31.6492
1398945481.001	n	11.4596	3.60713	6.500	31.6490
1398945481.061	n	11.4607	3.60721	6.479	31.6488
1398945481.124	n	11.4617	3.60728	6.460	31.6487
1398945481.186	n	11.4626	3.60734	6.439	31.6485
1398945481.248	n	11.4633	3.60737	6.421	31.6482
1398945481.310	n	11.4643	3.60741	6.402	31.6477
1398945481.374	n	11.4656	3.60748	6.381	31.6473
1398945481.436	n	11.4676	3.60760	6.359	31.6468
1398945481.503	n	11.4698	3.60776	6.336	31.6465
1398945481.560	n	11.4721	3.60794	6.319	31.6462
1398945481.624	n	11.4740	3.60809	6.301	31.6461
1398945481.687	n	11.4756	3.60822	6.283	31.6460
1398945481.748	n	11.4768	3.60834	6.263	31.6461
1398945481.812	y	11.4779	3.60845	6.242	31.6463
1398945481.884	n	11.4789	3.60855	6.220	31.6464
1398945481.937	n	11.4798	3.60864	6.200	31.6466
1398945481.999	n	11.4806	3.60872	6.180	31.6466
1398945482.062	n	11.4815	3.60879	6.159	31.6466
1398945482.123	n	11.4823	3.60886	6.139	31.6466
1398945482.187	n	11.4833	3.60894	6.118	31.6465
1398945482.250	n	11.4845	3.60904	6.096	31.6465
1398945482.311	n	11.4860	3.60916	6.077	31.6464
1398945482.373	n	11.4881	3.60932	6.057	31.6461
1398945482.436	n	11.4908	3.60951	6.036	31.6457
1398945482.500	n	11.4940	3.60971	6.018	31.6449
1398945482.562	n	11.4972	3.60986	6.000	31.6437
1398945482.624	n	11.4998	3.60995	5.981	31.6423
1398945482.686	n	11.5015	3.60996	5.961	31.6409
1398945482.752	n	11.5028	3.60994	5.940	31.6397
1398945482.811	n	11.5040	3.60992	5.919	31.6385
1398945482.874	n	11.5052	3.60993	5.897	31.6375
1398945482.936	n	11.5060	3.60992	5.880	31.6367
1398945483.000	y	11.5063	3.60990	5.861	31.6363
1398945483.127	n	11.5059	3.60985	5.843	31.6361
1398945483.132	n	11.5052	3.60978	5.821	31.6362
1398945483.186	n	11.5046	3.60973	5.803	31.6361
1398945483.249	n	11.5042	3.60962	5.788	31.6354
1398945483.312	n	11.5040	3.60942	5.766	31.6336
1398945483.372	n	11.5040	3.60915	5.746	31.6310
1398945483.438	n	11.5044	3.60885	5.729	31.6277
1398945483.500	n	11.5053	3.60862	5.712	31.6248
1398945483.560	n	11.5068	3.60854	5.691	31.6227
1398945483.623	n	11.5088	3.60856	5.674	31.6212
1398945483.687	n	11.5112	3.60863	5.656	31.6199
1398945483.749	n	11.5135	3.60872	5.639	31.6187
1398945483.811	n	11.5155	3.60878	5.617	31.6176
1398945483.874	n	11.5170	3.60881	5.600	31.6166
1398945483.937	n	11.5179	3.60881	5.582	31.6159
1398945484.000	n	11.5183	3.60881	5.564	31.6155
1398945484.061	n	11.5184	3.60879	5.546	31.6153
1398945484.123	n	11.5185	3.60878	5.528	31.6151
1398945484.186	n	11.5188	3.60877	5.511	31.6148
1398945484.250	n	11.5195	3.60874	5.496	31.6138
1398945484.311	n	11.5205	3.60867	5.478	31.6124
1398945484.373	n	11.5217	3.60859	5.460	31.6106
1398945484.435	n	11.5228	3.60851	5.444	31.6089
1398945484.504	n	11.5240	3.60847	5.429	31.6075
1398945484.561	n	11.5257	3.60851	5.412	31.6065
1398945484.623	n	11.5285	3.60867	5.390	31.6056
1398945484.685	n	11.5326	3.60893	5.378	31.6046
1398945484.749	n	11.5375	3.60922	5.360	31.6033
1398945484.811	n	11.5422	3.60950	5.344	31.6020
1398945484.874	n	11.5456	3.60968	5.332	31.6008
1398945484.936	n	11.5475	3.60976	5.315	31.6000
1398945484.998	n	11.5482	3.60979	5.298	31.5996
1398945485.061	n	11.5485	3.60980	5.284	31.5996
1398945485.123	n	11.5495	3.60987	5.268	31.5994
1398945485.186	n	11.5523	3.61006	5.248	31.5989
1398945485.248	n	11.5574	3.61037	5.234	31.5975
1398945485.311	n	11.5646	3.61078	5.222	31.5954
1398945485.374	n	11.5725	3.61121	5.205	31.5928
1398945485.435	n	11.5796	3.61157	5.189	31.5903
1398945485.522	y	11.5846	3.61181	5.173	31.5884
1398945485.560	n	11.5879	3.61200	5.161	31.5874
1398945485.624	n	11.5909	3.61223	5.147	31.5871
1398945485.687	n	11.5946	3.61253	5.131	31.5869
1398945485.749	n	11.5991	3.61288	5.113	31.5864
1398945485.812	n	11.6037	3.61319	5.099	31.5855
1398945485.874	n	11.6075	3.61343	5.085	31.5846
1398945485.936	n	11.6101	3.61358	5.068	31.5839
1398945485.997	n	11.6119	3.61369	5.054	31.5834
1398945486.060	n	11.6133	3.61377	5.043	31.5830
1398945486.123	n	11.6145	3.61384	5.026	31.5826
1398945486.186	n	11.6157	3.61394	5.011	31.5826
1398945486.249	n	11.6175	3.61414	4.998	31.5830
1398945486.410	y	11.6202	3.61444	4.982	31.5837
1398945486.417	n	11.6239	3.61481	4.970	31.5840
1398945486.437	n	11.6282	3.61516	4.954	31.5838
1398945486.500	n	11.6323	3.61549	4.939	31.5836
1398945486.560	n	11.6356	3.61584	4.928	31.5841
1398945486.623	n	11.6390	3.61619	4.915	31.5847
1398945486.687	n	11.6431	3.61653	4.898	31.5845
1398945486.751	n	11.6482	3.61687	4.885	31.5834
1398945486.811	n	11.6537	3.61713	4.871	31.5812
1398945486.873	n	11.6583	3.61730	4.859	31.5790
1398945486.936	n	11.6607	3.61739	4.842	31.5779
1398945487.000	n	11.6610	3.61743	4.835	31.5780
1398945487.061	n	11.6608	3.61749	4.821	31.5787
1398945487.123	n	11.6615	3.61764	4.805	31.5796
1398945487.186	n	11.6636	3.61785	4.793	31.5799
1398945487.250	y	11.6663	3.61801	4.783	31.5791
1398945487.388	n	11.6686	3.61806	4.771	31.5776
1398945487.395	n	11.6697	3.61800	4.755	31.5761
1398945487.436	n	11.6699	3.61789	4.745	31.5750
1398945487.501	n	11.6696	3.61780	4.731	31.5743
1398945487.561	n	11.6692	3.61773	4.716	31.5739
1398945487.623	n	11.6689	3.61769	4.701	31.5738
1398945487.685	n	11.6688	3.61768	4.691	31.5738
1398945487.750	n	11.6687	3.61768	4.682	31.5739
1398945487.810	n	11.6686	3.61770	4.666	31.5741
1398945487.873	n	11.6686	3.61771	4.654	31.5743
1398945487.937	n	11.6687	3.61773	4.644	31.5744
1398945487.999	n	11.6688	3.61774	4.630	31.5745
1398945488.061	n	11.6690	3.61774	4.617	31.5743
1398945488.124	n	11.6694	3.61774	4.604	31.5740
1398945488.187	n	11.6696	3.61773	4.592	31.5737
1398945488.249	n	11.6698	3.61771	4.581	31.5733
1398945488.311	n	11.6697	3.61766	4.570	31.5729
1398945488.374	n	11.6694	3.61759	4.553	31.5725
1398945488.437	n	11.6689	3.61748	4.543	31.5718
1398945488.500	n	11.6681	3.61733	4.528	31.5711
1398945488.560	n	11.6671	3.61715	4.515	31.5702
1398945488.624	n	11.6659	3.61698	4.503	31.5696
1398945488.687	n	11.6649	3.61686	4.488	31.5692
1398945488.749	n	11.6642	3.61678	4.474	31.5691
1398945488.811	n	11.6639	3.61673	4.461	31.5689
1398945488.873	n	11.6638	3.61667	4.448	31.5684
1398945488.937	n	11.6641	3.61659	4.436	31.5674
1398945488.998	n	11.6646	3.61652	4.425	31.5662
1398945489.060	n	11.6653	3.61644	4.410	31.5649
1398945489.122	n	11.6660	3.61638	4.397	31.5637
1398945489.186	n	11.6666	3.61634	4.385	31.5628
1398945489.247	y	11.6670	3.61629	4.372	31.5620
1398945489.312	n	11.6673	3.61621	4.356	31.5610
1398945489.373	n	11.6675	3.61611	4.341	31.5599
1398945489.437	n	11.6676	3.61598	4.329	31.5585
1398945489.499	n	11.6678	3.61586	4.314	31.5572
1398945489.561	n	11.6679	3.61578	4.300	31.5563
1398945489.624	n	11.6680	3.61573	4.287	31.5558
1398945489.686	n	11.6681	3.61571	4.269	31.5555
1398945489.748	n	11.6685	3.61569	4.258	31.5550
1398945489.810	n	11.6692	3.61568	4.245	31.5542
1398945489.872	n	11.6704	3.61566	4.230	31.5531
1398945489.935	n	11.6719	3.61564	4.215	31.5516
1398945489.999	n	11.6735	3.61561	4.201	31.5500
1398945490.060	n	11.6748	3.61558	4.187	31.5486
1398945490.122	n	11.6756	3.61550	4.172	31.5472
1398945490.185	n	11.6758	3.61539	4.153	31.5458
1398945490.250	n	11.6754	3.61522	4.140	31.5445
1398945490.311	n	11.6746	3.61500	4.124	31.5431
1398945490.373	n	11.6736	3.61475	4.108	31.5417
1398945490.437	n	11.6725	3.61452	4.096	31.5403
1398945490.499	n	11.6716	3.61432	4.080	31.5391
1398945490.561	n	11.6711	3.61418	4.065	31.5382
1398945490.624	n	11.6709	3.61409	4.049	31.5376
1398945490.685	n	11.6708	3.61405	4.034	31.5372
1398945490.748	n	11.6708	3.61401	4.015	31.5368
1398945490.810	n	11.6709	3.61399	4.002	31.5366
1398945490.873	n	11.6709	3.61398	3.984	31.5364
1398945490.937	n	11.6712	3.61400	3.966	31.5364
1398945490.999	n	11.6717	3.61404	3.952	31.5364
1398945491.062	n	11.6727	3.61411	3.938	31.5362
1398945491.124	n	11.6740	3.61419	3.921	31.5359
1398945491.185	n	11.6755	3.61424	3.907	31.5351
1398945491.249	n	11.6772	3.61428	3.888	31.5341
1398945491.310	n	11.6790	3.61433	3.874	31.5329
1398945491.375	n	11.6809	3.61438	3.859	31.5318
1398945491.435	n	11.6828	3.61443	3.841	31.5307
1398945491.499	y	11.6847	3.61451	3.822	31.5300
1398945491.648	n	11.6865	3.61459	3.804	31.5292
1398945491.653	n	11.6883	3.61468	3.788	31.5286
1398945491.685	n	11.6901	3.61478	3.771	31.5281
1398945491.748	n	11.6918	3.61488	3.752	31.5275
1398945491.811	n	11.6934	3.61498	3.733	31.5272
1398945491.874	n	11.6949	3.61507	3.716	31.5267
1398945491.936	n	11.6965	3.61514	3.699	31.5261
1398945491.998	n	11.6981	3.61517	3.682	31.5250
1398945492.061	n	11.6996	3.61517	3.661	31.5237
1398945492.124	n	11.7008	3.61513	3.643	31.5223
1398945492.186	n	11.7015	3.61509	3.628	31.5213
1398945492.249	n	11.7018	3.61504	3.609	31.5207
1398945492.311	n	11.7018	3.61500	3.590	31.5203
1398945492.374	n	11.7016	3.61495	3.574	31.5199
1398945492.438	n	11.7016	3.61488	3.553	31.5193
1398945492.501	n	11.7017	3.61480	3.538	31.5185
1398945492.561	n	11.7020	3.61472	3.519	31.5174
1398945492.623	n	11.7025	3.61463	3.501	31.5161
1398945492.686	n	11.7031	3.61455	3.487	31.5148
1398945492.748	n	11.7036	3.61447	3.466	31.5136
1398945492.818	y	11.7039	3.61439	3.450	31.5126
1398945492.873	n	11.7042	3.61433	3.432	31.5118
1398945492.937	n	11.7044	3.61429	3.415	31.5112
1398945492.998	n	11.7046	3.61425	3.397	31.5108
1398945493.061	n	11.7046	3.61421	3.378	31.5103
1398945493.124	n	11.7046	3.61416	3.361	31.5098
1398945493.188	n	11.7047	3.61410	3.344	31.5092
1398945493.248	n	11.7050	3.61406	3.326	31.5086
1398945493.311	n	11.7057	3.61406	3.308	31.5079
1398945493.374	n	11.7067	3.61409	3.291	31.5075
1398945493.436	n	11.7077	3.61413	3.276	31.5069
1398945493.498	n	11.7087	3.61414	3.259	31.5062
1398945493.561	n	11.7095	3.61413	3.245	31.5054
1398945493.624	n	11.7100	3.61406	3.226	31.5044
1398945493.687	n	11.7103	3.61395	3.214	31.5030
1398945493.749	n	11.7106	3.61382	3.199	31.5015
1398945493.811	n	11.7110	3.61369	3.182	31.4999
1398945493.873	n	11.7119	3.61359	3.166	31.4982
1398945493.937	n	11.7132	3.61351	3.151	31.4963
1398945493.998	n	11.7149	3.61344	3.132	31.4941
1398945494.061	n	11.7167	3.61337	3.114	31.4921
1398945494.124	n	11.7182	3.61332	3.101	31.4903
1398945494.186	n	11.7191	3.61327	3.081	31.4890
1398945494.248	n	11.7196	3.61320	3.066	31.4879
1398945494.310	n	11.7197	3.61303	3.052	31.4862
1398945494.373	n	11.7195	3.61277	3.039	31.4839
1398945494.437	n	11.7191	3.61247	3.021	31.4813
1398945494.498	n	11.7187	3.61218	3.004	31.4789
1398945494.560	n	11.7183	3.61196	2.988	31.4771
1398945494.623	n	11.7180	3.61181	2.973	31.4758
1398945494.688	n	11.7179	3.61168	2.957	31.4747
1398945494.748	n	11.7178	3.61151	2.944	31.4732
1398945494.812	n	11.7176	3.61125	2.928	31.4707
1398945494.873	n	11.7175	3.61095	2.912	31.4680
1398945494.936	n	11.7173	3.61069	2.899	31.4657
1398945494.998	n	11.7171	3.61048	2.880	31.4638
1398945495.060	n	11.7170	3.61034	2.866	31.4625
1398945495.123	n	11.7170	3.61020	2.850	31.4612
1398945495.188	n	11.7171	3.61001	2.837	31.4593
1398945495.250	n	11.7172	3.60979	2.817	31.4571
1398945495.311	n	11.7170	3.60948	2.803	31.4543
1398945495.374	n	11.7162	3.60904	2.789	31.4506
1398945495.436	n	11.7147	3.60849	2.774	31.4466
1398945495.499	n	11.7129	3.60798	2.761	31.4431
1398945495.561	n	11.7116	3.60765	2.744	31.4411
1398945495.623	n	11.7111	3.60758	2.730	31.4409
1398945495.686	n	11.7112	3.60764	2.716	31.4414
1398945495.748	y	11.7113	3.60764	2.702	31.4413
1398945495.946	n	11.7108	3.60745	2.684	31.4398
1398945495.953	n	11.7096	3.60708	2.670	31.4373
1398945495.959	n	11.7080	3.60666	2.654	31.4346
1398945495.998	n	11.7064	3.60626	2.641	31.4321
1398945496.061	n	11.7052	3.60593	2.630	31.4300
1398945496.123	n	11.7043	3.60568	2.618	31.4282
1398945496.186	n	11.7037	3.60541	2.601	31.4261
1398945496.248	n	11.7030	3.60506	2.588	31.4233
1398945496.310	n	11.7022	3.60464	2.573	31.4200
1398945496.374	n	11.7014	3.60424	2.557	31.4167
1398945496.436	n	11.7009	3.60391	2.541	31.4141
1398945496.505	y	11.7006	3.60374	2.528	31.4126
1398945496.560	n	11.7005	3.60368	2.518	31.4121
1398945496.623	n	11.7005	3.60368	2.501	31.4121
1398945496.687	n	11.7004	3.60368	2.487	31.4122
1398945496.748	n	11.7003	3.60368	2.477	31.4123
1398945496.811	n	11.7003	3.60368	2.461	31.4123
1398945496.873	n	11.7004	3.60367	2.448	31.4122
1398945496.936	n	11.7004	3.60366	2.435	31.4120
1398945496.998	n	11.7004	3.60365	2.419	31.4120
1398945497.062	n	11.7003	3.60364	2.406	31.4119
1398945497.123	n	11.7003	3.60362	2.394	31.4117
1398945497.186	n	11.7003	3.60354	2.385	31.4110
1398945497.249	n	11.7002	3.60338	2.373	31.4096
1398945497.310	n	11.7001	3.60315	2.361	31.4074
1398945497.373	n	11.6999	3.60288	2.348	31.4050
1398945497.436	n	11.6996	3.60266	2.338	31.4031
1398945497.498	n	11.6993	3.60258	2.327	31.4026
1398945497.561	n	11.6991	3.60268	2.317	31.4037
1398945497.623	n	11.6991	3.60290	2.303	31.4059
1398945497.686	n	11.6993	3.60313	2.288	31.4080
1398945497.748	n	11.6996	3.60326	2.278	31.4089
1398945497.810	n	11.6998	3.60323	2.267	31.4084
1398945497.872	n	11.6997	3.60305	2.255	31.4067
1398945497.937	n	11.6995	3.60279	2.242	31.4044
1398945497.999	n	11.6991	3.60249	2.232	31.4019
1398945498.061	n	11.6985	3.60221	2.223	31.3997
1398945498.124	n	11.6978	3.60196	2.210	31.3979
1398945498.187	n	11.6970	3.60176	2.202	31.3966
1398945498.248	n	11.6961	3.60157	2.193	31.3955
1398945498.311	n	11.6951	3.60140	2.184	31.3948
1398945498.373	n	11.6942	3.60126	2.173	31.3942
1398945498.435	n	11.6935	3.60115	2.160	31.3937
1398945498.498	n	11.6932	3.60108	2.152	31.3932
1398945498.560	n	11.6931	3.60108	2.142	31.3934
1398945498.623	n	11.6932	3.60114	2.133	31.3938
1398945498.687	n	11.6934	3.60117	2.121	31.3940
1398945498.748	n	11.6932	3.60111	2.112	31.3935
1398945498.811	n	11.6928	3.60095	2.100	31.3924
1398945498.873	n	11.6922	3.60075	2.094	31.3909
1398945498.936	n	11.6924	3.60061	2.084	31.3895
1398945498.999	n	11.6939	3.60059	2.071	31.3879
1398945499.062	n	11.6969	3.60065	2.060	31.3860
1398945499.123	n	11.7005	3.60072	2.050	31.3837
1398945499.185	n	11.7039	3.60076	2.038	31.3811
1398945499.248	n	11.7063	3.60069	2.026	31.3784
1398945499.310	n	11.7077	3.60048	2.017	31.3752
1398945499.374	n	11.7083	3.60015	2.003	31.3716
1398945499.439	n	11.7080	3.59975	1.990	31.3679
1398945499.499	n	11.7073	3.59937	1.979	31.3649
1398945499.561	n	11.7067	3.59909	1.972	31.3627
1398945499.624	n	11.7068	3.59895	1.955	31.3613
1398945499.686	n	11.7083	3.59901	1.945	31.3606
1398945499.748	n	11.7116	3.59924	1.934	31.3600
1398945499.811	n	11.7168	3.59960	1.922	31.3591
1398945499.873	n	11.7233	3.60003	1.905	31.3578
1398945499.936	n	11.7302	3.60045	1.893	31.3560
1398945500.127	y	11.7364	3.60079	1.877	31.3541
1398945500.132	n	11.7415	3.60107	1.865	31.3525
1398945500.137	n	11.7456	3.60129	1.851	31.3512
1398945500.250	y	11.7491	3.60151	1.839	31.3503
1398945500.255	n	11.7527	3.60176	1.824	31.3497
1398945500.312	n	11.7567	3.60202	1.809	31.3489
1398945500.374	n	11.7611	3.60225	1.794	31.3473
1398945500.436	n	11.7656	3.60240	1.781	31.3451
1398945500.499	n	11.7695	3.60247	1.764	31.3424
1398945500.561	n	11.7728	3.60251	1.749	31.3400
1398945500.623	y	11.7756	3.60255	1.733	31.3381
1398945500.709	n	11.7781	3.60260	1.720	31.3365
1398945500.748	n	11.7806	3.60265	1.706	31.3349
1398945500.811	n	11.7832	3.60270	1.686	31.3332
1398945500.874	n	11.7855	3.60273	1.675	31.3315
1398945500.937	n	11.7873	3.60276	1.659	31.3302
1398945500.999	n	11.7884	3.60277	1.645	31.3294
1398945501.060	n	11.7891	3.60277	1.628	31.3288
1398945501.124	n	11.7894	3.60276	1.613	31.3286
1398945501.186	n	11.7895	3.60276	1.597	31.3284
1398945501.248	n	11.7897	3.60276	1.582	31.3283
1398945501.310	n	11.7901	3.60276	1.567	31.3280
1398945501.373	n	11.7905	3.60277	1.549	31.3277
1398945501.435	n	11.7910	3.60278	1.530	31.3275
1398945501.499	n	11.7914	3.60279	1.515	31.3273
1398945501.561	n	11.7917	3.60281	1.501	31.3271
1398945501.623	n	11.7920	3.60283	1.483	31.3270
1398945501.689	n	11.7924	3.60287	1.469	31.3271
1398945501.749	n	11.7928	3.60292	1.453	31.3272
1398945501.810	n	11.7932	3.60298	1.437	31.3275
1398945501.873	n	11.7937	3.60303	1.423	31.3276
1398945501.937	n	11.7945	3.60308	1.405	31.3274
1398945501.999	n	11.7962	3.60315	1.386	31.3266
1398945502.061	n	11.7989	3.60323	1.372	31.3253
1398945502.123	n	11.8025	3.60337	1.352	31.3235
1398945502.186	n	11.8068	3.60356	1.340	31.3217
1398945502.249	n	11.8113	3.60379	1.322	31.3202
1398945502.311	n	11.8156	3.60404	1.307	31.3189
1398945502.374	n	11.8199	3.60428	1.292	31.3177
1398945502.436	n	11.8239	3.60445	1.273	31.3159
1398945502.500	n	11.8280	3.60455	1.260	31.3135
1398945502.561	n	11.8321	3.60458	1.243	31.3103
1398945502.623	n	11.8363	3.60458	1.225	31.3067
1398945502.686	n	11.8404	3.60460	1.210	31.3035
1398945502.748	n	11.8440	3.60465	1.190	31.3010
1398945502.811	n	11.8469	3.60473	1.174	31.2993
1398945502.873	n	11.8487	3.60478	1.157	31.2983
1398945502.937	n	11.8496	3.60477	1.144	31.2975
1398945503.000	n	11.8496	3.60471	1.127	31.2968
1398945503.061	n	11.8492	3.60462	1.108	31.2963
1398945503.123	n	11.8484	3.60454	1.090	31.2962
1398945503.186	n	11.8477	3.60450	1.074	31.2965
1398945503.249	n	11.8476	3.60454	1.061	31.2969
1398945503.312	n	11.8483	3.60458	1.044	31.2967
1398945503.372	n	11.8497	3.60454	1.026	31.2953
1398945503.436	n	11.8511	3.60442	1.005	31.2929
1398945503.499	n	11.8523	3.60423	0.991	31.2900
1398945503.561	n	11.8529	3.60403	0.979	31.2876
1398945503.624	n	11.8530	3.60387	0.959	31.2860
1398945503.686	n	11.8529	3.60376	0.944	31.2850
1398945503.748	n	11.8528	3.60366	0.927	31.2841
1398945503.810	n	11.8528	3.60354	0.911	31.2830
1398945503.881	y	11.8531	3.60339	0.897	31.2812
1398945503.936	n	11.8541	3.60316	0.880	31.2782
1398945503.998	n	11.8559	3.60285	0.867	31.2737
1398945504.060	n	11.8586	3.60250	0.851	31.2681
1398945504.123	n	11.8621	3.60219	0.837	31.2622
1398945504.186	n	11.8663	3.60193	0.825	31.2561
1398945504.249	y	11.8708	3.60169	0.807	31.2501
1398945504.429	n	11.8753	3.60144	0.792	31.2439
1398945504.437	n	11.8791	3.60110	0.779	31.2374
1398945504.442	n	11.8819	3.60060	0.762	31.2303
1398945504.499	n	11.8834	3.59983	0.752	31.2216
1398945504.562	n	11.8829	3.59866	0.737	31.2108
1398945504.623	n	11.8799	3.59709	0.726	31.1981
1398945504.688	n	11.8739	3.59508	0.714	31.1838
1398945504.748	n	11.8651	3.59280	0.699	31.1692
1398945504.812	n	11.8550	3.59054	0.688	31.1559
1398945504.874	n	11.8457	3.58852	0.681	31.1442
1398945504.937	n	11.8386	3.58644	0.668	31.1301
1398945505.004	n	11.8353	3.58408	0.656	31.1101
1398945505.060	n	11.8360	3.58157	0.647	31.0853
1398945505.123	n	11.8399	3.57963	0.637	31.0634
1398945505.185	n	11.8403	3.57860	0.626	31.0530
1398945505.250	n	11.8292	3.57797	0.615	31.0563
1398945505.310	n	11.8056	3.57706	0.605	31.0672
1398945505.373	n	11.7758	3.57555	0.596	31.0775
1398945505.437	n	11.7488	3.57363	0.583	31.0817
1398945505.498	n	11.7316	3.57194	0.573	31.0796
