Source File: D:\Storage\Programs\OOI\Group 5\Correspondence\07_18_14 sample files\files\11229999.PPB
Processed: 07/18/2014 12:27:56
Using Version: 1.11
Device: CTD
Start Date: 05/02/2014
Timestamp (s)	Suspect Timestamp	Temperature	Conductivity	Pressure	Salinity
1399075180.718	y	10.9083	3.59213	22.791	31.9710
1399075180.780	n	10.9085	3.59211	22.806	31.9708
1399075180.843	n	10.9083	3.59209	22.811	31.9708
1399075180.906	n	10.9085	3.59213	22.791	31.9709
1399075180.970	n	10.9083	3.59211	22.806	31.9710
1399075181.032	n	10.9083	3.59209	22.823	31.9708
1399075181.092	n	10.9083	3.59211	22.833	31.9710
1399075181.158	n	10.9083	3.59211	22.811	31.9710
1399075181.219	n	10.9083	3.59211	22.816	31.9710
1399075181.282	n	10.9083	3.59211	22.821	31.9709
1399075181.345	n	10.9083	3.59211	22.823	31.9709
1399075181.407	n	10.9083	3.59211	22.833	31.9708
1399075181.469	n	10.9084	3.59211	22.840	31.9709
1399075181.534	n	10.9083	3.59211	22.843	31.9709
1399075181.598	n	10.9083	3.59211	22.847	31.9709
1399075181.658	n	10.9083	3.59211	22.853	31.9709
1399075181.720	n	10.9083	3.59210	22.855	31.9708
1399075181.783	n	10.9082	3.59209	22.860	31.9708
1399075181.846	n	10.9082	3.59209	22.865	31.9707
1399075181.908	n	10.9082	3.59208	22.871	31.9706
1399075181.969	n	10.9083	3.59208	22.869	31.9707
1399075182.031	n	10.9083	3.59209	22.872	31.9707
1399075182.095	n	10.9083	3.59208	22.876	31.9706
1399075182.157	n	10.9083	3.59208	22.878	31.9705
1399075182.218	n	10.9083	3.59208	22.881	31.9706
1399075203.389	y	10.9081	3.59192	21.642	31.9697
1399075203.452	n	10.9080	3.59191	21.637	31.9696
1399075203.515	n	10.9082	3.59191	21.632	31.9695
1399075203.578	n	10.9080	3.59192	21.642	31.9698
1399075203.640	n	10.9082	3.59191	21.637	31.9695
1399075203.703	n	10.9080	3.59191	21.622	31.9697
1399075203.765	n	10.9080	3.59191	21.618	31.9697
1399075203.829	n	10.9080	3.59191	21.632	31.9697
1399075203.892	n	10.9080	3.59190	21.630	31.9697
1399075203.955	n	10.9080	3.59190	21.625	31.9697
1399075204.018	n	10.9080	3.59190	21.622	31.9697
1399075204.080	n	10.9080	3.59191	21.618	31.9698
1399075204.142	n	10.9080	3.59192	21.617	31.9698
1399075204.205	n	10.9079	3.59193	21.606	31.9699
1399075204.267	n	10.9079	3.59193	21.598	31.9700
1399075204.329	n	10.9078	3.59192	21.598	31.9700
1399075204.391	n	10.9078	3.59192	21.595	31.9699
1399075204.454	n	10.9078	3.59190	21.582	31.9698
1399075204.516	n	10.9078	3.59189	21.578	31.9697
1399075204.581	n	10.9078	3.59189	21.576	31.9697
1399075204.642	n	10.9078	3.59189	21.568	31.9698
1399075204.705	n	10.9077	3.59190	21.558	31.9699
1399075204.767	n	10.9076	3.59190	21.552	31.9700
1399075204.831	n	10.9076	3.59189	21.548	31.9699
1399075204.892	n	10.9075	3.59187	21.541	31.9698
1399075204.955	n	10.9075	3.59187	21.533	31.9698
1399075205.017	n	10.9075	3.59187	21.528	31.9697
1399075205.079	n	10.9075	3.59187	21.521	31.9698
1399075205.142	n	10.9075	3.59187	21.512	31.9698
1399075205.205	n	10.9074	3.59187	21.506	31.9699
1399075205.268	n	10.9073	3.59187	21.495	31.9699
1399075205.330	n	10.9073	3.59187	21.485	31.9700
1399075205.391	n	10.9072	3.59187	21.481	31.9701
1399075205.454	n	10.9071	3.59187	21.472	31.9702
1399075205.517	n	10.9070	3.59188	21.461	31.9703
1399075205.579	n	10.9070	3.59188	21.453	31.9704
1399075205.643	n	10.9069	3.59187	21.442	31.9703
1399075205.704	n	10.9069	3.59186	21.433	31.9702
1399075205.767	n	10.9069	3.59186	21.425	31.9703
1399075205.830	n	10.9068	3.59187	21.414	31.9704
1399075205.893	n	10.9068	3.59188	21.402	31.9705
1399075205.955	n	10.9068	3.59188	21.392	31.9706
1399075206.018	n	10.9067	3.59187	21.381	31.9706
1399075206.079	n	10.9067	3.59186	21.374	31.9705
1399075206.142	n	10.9066	3.59185	21.363	31.9704
1399075206.205	n	10.9066	3.59186	21.349	31.9705
1399075206.267	n	10.9066	3.59187	21.341	31.9707
1399075206.329	n	10.9065	3.59188	21.328	31.9708
1399075206.392	n	10.9064	3.59187	21.313	31.9708
1399075206.455	n	10.9064	3.59186	21.305	31.9708
1399075206.516	n	10.9063	3.59185	21.291	31.9707
1399075206.580	n	10.9062	3.59184	21.281	31.9707
1399075206.643	n	10.9061	3.59185	21.266	31.9709
1399075206.706	n	10.9061	3.59185	21.253	31.9710
1399075206.768	n	10.9060	3.59185	21.240	31.9711
1399075206.829	n	10.9060	3.59185	21.229	31.9711
1399075206.892	n	10.9059	3.59186	21.216	31.9712
1399075206.954	n	10.9059	3.59186	21.205	31.9713
1399075207.017	n	10.9058	3.59186	21.187	31.9714
1399075207.080	n	10.9057	3.59186	21.175	31.9713
1399075207.142	n	10.9057	3.59185	21.163	31.9713
1399075207.204	n	10.9056	3.59183	21.151	31.9712
1399075207.267	n	10.9055	3.59183	21.136	31.9713
1399075207.329	n	10.9054	3.59183	21.124	31.9714
1399075207.392	n	10.9054	3.59183	21.108	31.9715
1399075207.454	n	10.9053	3.59183	21.096	31.9715
1399075207.517	n	10.9053	3.59184	21.087	31.9716
1399075207.579	n	10.9052	3.59184	21.068	31.9717
1399075207.644	n	10.9051	3.59185	21.053	31.9718
1399075207.705	n	10.9050	3.59185	21.041	31.9720
1399075207.767	n	10.9049	3.59185	21.027	31.9721
1399075207.830	n	10.9048	3.59185	21.011	31.9722
1399075207.893	n	10.9047	3.59185	20.999	31.9722
1399075207.955	y	10.9046	3.59184	20.984	31.9723
1399075208.017	n	10.9045	3.59183	20.968	31.9723
1399075208.080	n	10.9045	3.59183	20.956	31.9722
1399075208.142	n	10.9044	3.59182	20.940	31.9723
1399075208.206	n	10.9043	3.59181	20.927	31.9723
1399075208.268	n	10.9042	3.59182	20.915	31.9724
1399075208.330	n	10.9041	3.59182	20.900	31.9725
1399075208.392	n	10.9040	3.59182	20.884	31.9726
1399075208.454	n	10.9040	3.59183	20.866	31.9727
1399075208.517	n	10.9039	3.59184	20.853	31.9729
1399075208.579	n	10.9038	3.59183	20.837	31.9730
1399075208.641	n	10.9037	3.59183	20.827	31.9730
1399075208.705	n	10.9036	3.59182	20.808	31.9730
1399075208.767	n	10.9036	3.59182	20.792	31.9730
1399075208.829	n	10.9035	3.59182	20.780	31.9731
1399075208.893	n	10.9034	3.59183	20.765	31.9732
1399075208.954	n	10.9034	3.59184	20.749	31.9734
1399075209.018	n	10.9033	3.59183	20.731	31.9734
1399075209.080	n	10.9032	3.59183	20.716	31.9735
1399075209.143	n	10.9031	3.59182	20.704	31.9734
1399075209.204	n	10.9030	3.59181	20.687	31.9735
1399075209.267	n	10.9029	3.59181	20.673	31.9736
1399075209.329	n	10.9027	3.59181	20.655	31.9737
1399075209.392	n	10.9026	3.59181	20.636	31.9739
1399075209.455	n	10.9024	3.59180	20.624	31.9739
1399075209.518	n	10.9023	3.59180	20.610	31.9740
1399075209.580	n	10.9021	3.59180	20.595	31.9742
1399075209.642	n	10.9020	3.59181	20.577	31.9745
1399075209.706	n	10.9018	3.59183	20.559	31.9747
1399075209.767	n	10.9017	3.59183	20.546	31.9749
1399075209.829	n	10.9016	3.59183	20.529	31.9749
1399075209.892	n	10.9015	3.59181	20.515	31.9749
1399075209.955	n	10.9014	3.59180	20.493	31.9749
1399075210.018	n	10.9012	3.59179	20.480	31.9750
1399075210.080	n	10.9010	3.59179	20.468	31.9752
1399075210.143	n	10.9008	3.59179	20.449	31.9752
1399075210.205	n	10.9007	3.59178	20.429	31.9753
1399075210.266	n	10.9005	3.59178	20.412	31.9755
1399075210.331	n	10.9003	3.59178	20.395	31.9757
1399075210.391	n	10.9001	3.59179	20.380	31.9760
1399075210.454	n	10.8999	3.59180	20.365	31.9762
1399075210.517	n	10.8998	3.59181	20.349	31.9764
1399075210.580	n	10.8997	3.59180	20.329	31.9764
1399075210.642	n	10.8996	3.59179	20.313	31.9764
1399075210.704	n	10.8994	3.59178	20.296	31.9765
1399075210.766	n	10.8992	3.59177	20.279	31.9766
1399075210.829	n	10.8990	3.59177	20.265	31.9767
1399075210.892	n	10.8989	3.59177	20.248	31.9769
1399075210.955	n	10.8987	3.59176	20.225	31.9769
1399075211.017	n	10.8986	3.59175	20.207	31.9770
1399075211.080	n	10.8985	3.59175	20.193	31.9771
1399075211.142	n	10.8985	3.59176	20.176	31.9771
1399075211.206	n	10.8984	3.59177	20.158	31.9773
1399075211.268	n	10.8984	3.59178	20.139	31.9774
1399075211.330	n	10.8984	3.59179	20.121	31.9776
1399075211.391	n	10.8983	3.59179	20.105	31.9776
1399075211.456	n	10.8983	3.59179	20.085	31.9776
1399075211.516	n	10.8983	3.59178	20.068	31.9776
1399075211.595	y	10.8983	3.59177	20.049	31.9774
1399075211.642	n	10.8984	3.59176	20.033	31.9773
1399075211.705	n	10.8985	3.59176	20.010	31.9772
1399075211.768	n	10.8985	3.59176	19.992	31.9772
1399075211.830	n	10.8986	3.59177	19.976	31.9772
1399075211.892	n	10.8986	3.59177	19.956	31.9772
1399075211.954	n	10.8987	3.59176	19.939	31.9770
1399075212.018	n	10.8988	3.59176	19.923	31.9769
1399075212.079	n	10.8989	3.59176	19.900	31.9769
1399075212.143	n	10.8991	3.59177	19.883	31.9768
1399075212.204	n	10.8993	3.59177	19.865	31.9767
1399075212.267	n	10.8995	3.59176	19.848	31.9764
1399075212.330	n	10.8998	3.59175	19.830	31.9761
1399075212.392	n	10.9000	3.59175	19.813	31.9758
1399075212.455	n	10.9003	3.59175	19.791	31.9756
1399075212.518	n	10.9006	3.59176	19.773	31.9754
1399075212.580	n	10.9010	3.59176	19.751	31.9752
1399075212.643	n	10.9013	3.59177	19.735	31.9749
1399075212.706	n	10.9017	3.59177	19.718	31.9746
1399075212.768	n	10.9021	3.59176	19.699	31.9742
1399075212.830	n	10.9026	3.59176	19.680	31.9738
1399075212.892	n	10.9031	3.59177	19.658	31.9734
1399075212.954	n	10.9037	3.59177	19.641	31.9729
1399075213.017	n	10.9042	3.59177	19.623	31.9725
1399075213.080	n	10.9048	3.59177	19.601	31.9719
1399075213.142	n	10.9055	3.59176	19.585	31.9713
1399075213.205	n	10.9061	3.59177	19.564	31.9708
1399075213.267	n	10.9068	3.59177	19.544	31.9702
1399075213.329	n	10.9075	3.59177	19.527	31.9696
1399075213.392	n	10.9083	3.59176	19.508	31.9689
1399075213.454	n	10.9090	3.59176	19.489	31.9682
1399075213.517	n	10.9098	3.59176	19.468	31.9676
1399075213.579	n	10.9107	3.59177	19.450	31.9669
1399075213.641	n	10.9115	3.59177	19.430	31.9662
1399075213.705	n	10.9124	3.59178	19.411	31.9655
1399075213.768	n	10.9134	3.59179	19.389	31.9647
1399075213.830	n	10.9143	3.59179	19.373	31.9639
1399075213.893	n	10.9153	3.59179	19.352	31.9631
1399075213.955	n	10.9163	3.59179	19.333	31.9622
1399075214.016	n	10.9173	3.59178	19.316	31.9613
1399075214.080	n	10.9183	3.59178	19.299	31.9604
1399075214.142	n	10.9194	3.59177	19.274	31.9594
1399075214.204	n	10.9204	3.59178	19.257	31.9586
1399075214.268	n	10.9214	3.59179	19.239	31.9578
1399075214.329	n	10.9224	3.59180	19.222	31.9571
1399075214.392	n	10.9234	3.59180	19.201	31.9563
1399075214.455	n	10.9245	3.59181	19.187	31.9554
1399075214.516	n	10.9256	3.59181	19.170	31.9543
1399075214.579	n	10.9268	3.59180	19.146	31.9533
1399075214.641	n	10.9279	3.59179	19.125	31.9523
1399075214.705	n	10.9290	3.59179	19.108	31.9513
1399075214.767	n	10.9302	3.59180	19.087	31.9503
1399075214.829	n	10.9314	3.59180	19.068	31.9493
1399075214.892	n	10.9327	3.59181	19.049	31.9483
1399075214.956	n	10.9340	3.59182	19.031	31.9473
1399075215.017	n	10.9352	3.59182	19.013	31.9462
1399075215.080	n	10.9365	3.59183	18.991	31.9452
1399075215.176	y	10.9377	3.59183	18.978	31.9442
1399075215.205	n	10.9390	3.59183	18.957	31.9430
1399075215.269	n	10.9403	3.59183	18.940	31.9419
1399075215.330	n	10.9417	3.59183	18.919	31.9407
1399075215.392	n	10.9431	3.59183	18.903	31.9395
1399075215.454	n	10.9445	3.59182	18.884	31.9382
1399075215.518	n	10.9460	3.59183	18.868	31.9370
1399075215.579	n	10.9475	3.59183	18.849	31.9357
1399075215.642	n	10.9489	3.59184	18.829	31.9345
1399075215.704	n	10.9505	3.59184	18.810	31.9332
1399075215.768	n	10.9521	3.59185	18.796	31.9319
1399075215.830	n	10.9537	3.59183	18.780	31.9303
1399075215.893	n	10.9554	3.59183	18.762	31.9288
1399075215.955	n	10.9572	3.59182	18.744	31.9272
1399075216.019	n	10.9590	3.59183	18.722	31.9258
1399075216.080	n	10.9608	3.59186	18.703	31.9245
1399075216.143	n	10.9626	3.59187	18.685	31.9230
1399075216.205	n	10.9645	3.59188	18.666	31.9214
1399075216.268	n	10.9664	3.59188	18.652	31.9198
1399075216.329	n	10.9682	3.59188	18.631	31.9182
1399075216.392	n	10.9701	3.59188	18.613	31.9166
1399075216.454	n	10.9720	3.59188	18.597	31.9150
1399075216.518	n	10.9739	3.59188	18.580	31.9133
1399075216.579	n	10.9758	3.59188	18.560	31.9116
1399075216.641	n	10.9778	3.59188	18.542	31.9099
1399075216.706	n	10.9798	3.59188	18.519	31.9082
1399075216.767	n	10.9818	3.59189	18.504	31.9066
1399075216.830	n	10.9837	3.59189	18.491	31.9050
1399075216.893	n	10.9856	3.59189	18.472	31.9033
1399075216.954	n	10.9876	3.59189	18.454	31.9016
1399075217.017	n	10.9896	3.59189	18.435	31.8999
1399075217.080	n	10.9916	3.59189	18.413	31.8981
1399075217.143	n	10.9936	3.59190	18.398	31.8965
1399075217.206	n	10.9955	3.59191	18.379	31.8949
1399075217.268	n	10.9974	3.59191	18.360	31.8933
1399075217.330	n	10.9993	3.59192	18.343	31.8917
1399075217.392	n	11.0011	3.59192	18.324	31.8902
1399075217.455	n	11.0030	3.59192	18.305	31.8885
1399075217.517	n	11.0049	3.59193	18.288	31.8870
1399075217.650	y	11.0067	3.59193	18.269	31.8854
1399075217.658	n	11.0085	3.59193	18.251	31.8839
1399075217.705	n	11.0104	3.59194	18.236	31.8824
1399075217.768	n	11.0122	3.59194	18.214	31.8808
1399075217.830	n	11.0141	3.59194	18.196	31.8792
1399075217.893	n	11.0159	3.59193	18.180	31.8775
1399075217.955	n	11.0177	3.59193	18.162	31.8760
1399075218.018	n	11.0194	3.59193	18.140	31.8745
1399075218.080	n	11.0211	3.59193	18.120	31.8730
1399075218.143	n	11.0228	3.59194	18.101	31.8716
1399075218.205	n	11.0245	3.59194	18.085	31.8702
1399075218.267	n	11.0262	3.59194	18.065	31.8687
1399075218.330	n	11.0279	3.59194	18.044	31.8672
1399075218.392	n	11.0296	3.59194	18.026	31.8657
1399075218.456	n	11.0313	3.59195	18.009	31.8643
1399075218.519	n	11.0330	3.59196	17.988	31.8630
1399075218.579	n	11.0346	3.59196	17.968	31.8617
1399075218.642	n	11.0362	3.59196	17.949	31.8602
1399075218.706	n	11.0379	3.59195	17.930	31.8587
1399075218.767	y	11.0395	3.59194	17.908	31.8572
1399075218.830	n	11.0412	3.59195	17.888	31.8558
1399075218.891	n	11.0428	3.59195	17.865	31.8545
1399075218.954	n	11.0444	3.59196	17.847	31.8531
1399075219.017	n	11.0460	3.59195	17.829	31.8518
1399075219.080	n	11.0475	3.59195	17.810	31.8505
1399075219.143	n	11.0491	3.59195	17.790	31.8490
1399075219.206	n	11.0508	3.59195	17.771	31.8476
1399075219.268	n	11.0524	3.59195	17.752	31.8462
1399075219.331	n	11.0541	3.59195	17.731	31.8448
1399075219.393	n	11.0557	3.59195	17.711	31.8434
1399075219.455	n	11.0573	3.59196	17.690	31.8421
1399075219.518	n	11.0588	3.59196	17.672	31.8408
1399075219.579	n	11.0604	3.59196	17.646	31.8394
1399075219.641	n	11.0620	3.59195	17.629	31.8380
1399075219.704	n	11.0636	3.59195	17.607	31.8366
1399075219.768	n	11.0652	3.59195	17.589	31.8352
1399075219.830	n	11.0668	3.59196	17.565	31.8338
1399075219.893	n	11.0684	3.59197	17.542	31.8326
1399075219.954	n	11.0700	3.59197	17.521	31.8312
1399075220.019	n	11.0715	3.59197	17.503	31.8299
1399075220.080	n	11.0731	3.59196	17.481	31.8285
1399075220.143	n	11.0748	3.59196	17.461	31.8271
1399075220.205	n	11.0764	3.59195	17.439	31.8256
1399075220.267	n	11.0780	3.59196	17.419	31.8242
1399075220.329	n	11.0797	3.59196	17.402	31.8229
1399075220.392	n	11.0813	3.59197	17.379	31.8215
1399075220.455	n	11.0829	3.59196	17.354	31.8201
1399075220.517	n	11.0846	3.59196	17.332	31.8186
1399075220.579	n	11.0863	3.59196	17.311	31.8171
1399075220.641	n	11.0880	3.59196	17.287	31.8157
1399075220.704	n	11.0896	3.59197	17.268	31.8143
1399075220.767	n	11.0913	3.59197	17.246	31.8129
1399075220.831	n	11.0930	3.59197	17.227	31.8114
1399075220.892	n	11.0947	3.59196	17.204	31.8099
1399075220.954	n	11.0964	3.59196	17.184	31.8085
1399075221.017	n	11.0981	3.59197	17.161	31.8071
1399075221.080	n	11.0998	3.59199	17.139	31.8058
1399075221.143	n	11.1016	3.59199	17.117	31.8043
1399075221.206	n	11.1033	3.59199	17.096	31.8028
1399075221.267	n	11.1050	3.59199	17.075	31.8013
1399075221.330	n	11.1068	3.59198	17.054	31.7998
1399075221.393	n	11.1086	3.59199	17.029	31.7982
1399075221.455	n	11.1105	3.59199	17.010	31.7967
1399075221.517	n	11.1123	3.59199	16.986	31.7951
1399075221.580	n	11.1141	3.59198	16.965	31.7934
1399075221.643	n	11.1160	3.59198	16.943	31.7918
1399075221.704	n	11.1179	3.59197	16.922	31.7901
1399075221.768	y	11.1198	3.59197	16.904	31.7885
1399075221.872	n	11.1218	3.59198	16.880	31.7869
1399075221.894	n	11.1237	3.59198	16.858	31.7852
1399075221.956	n	11.1257	3.59198	16.836	31.7835
1399075222.017	n	11.1277	3.59198	16.811	31.7818
1399075222.080	n	11.1298	3.59199	16.792	31.7800
1399075222.142	n	11.1319	3.59199	16.773	31.7783
1399075222.205	n	11.1340	3.59199	16.751	31.7764
1399075222.267	n	11.1362	3.59199	16.730	31.7746
1399075222.330	n	11.1384	3.59199	16.709	31.7727
1399075222.392	n	11.1406	3.59199	16.689	31.7708
1399075222.544	y	11.1428	3.59199	16.668	31.7689
1399075222.549	n	11.1449	3.59199	16.649	31.7671
1399075222.580	n	11.1471	3.59199	16.625	31.7652
1399075222.642	n	11.1492	3.59200	16.601	31.7634
1399075222.704	n	11.1514	3.59200	16.583	31.7616
1399075222.768	n	11.1536	3.59200	16.560	31.7597
1399075222.830	n	11.1558	3.59199	16.541	31.7578
1399075222.893	n	11.1579	3.59200	16.520	31.7559
1399075222.954	n	11.1601	3.59200	16.498	31.7541
1399075223.017	n	11.1622	3.59200	16.479	31.7523
1399075223.080	n	11.1643	3.59200	16.458	31.7505
1399075223.142	n	11.1664	3.59201	16.439	31.7487
1399075223.206	n	11.1685	3.59201	16.419	31.7470
1399075223.267	n	11.1706	3.59201	16.398	31.7452
1399075223.329	n	11.1726	3.59201	16.376	31.7434
1399075223.392	n	11.1747	3.59201	16.354	31.7417
1399075223.456	n	11.1768	3.59202	16.336	31.7399
1399075223.517	n	11.1789	3.59202	16.318	31.7382
1399075223.579	n	11.1809	3.59202	16.299	31.7364
1399075223.641	n	11.1830	3.59202	16.282	31.7347
1399075223.705	n	11.1851	3.59202	16.260	31.7329
1399075223.767	n	11.1871	3.59202	16.238	31.7312
1399075223.830	n	11.1891	3.59203	16.219	31.7295
1399075223.892	n	11.1911	3.59203	16.198	31.7278
1399075223.955	n	11.1931	3.59203	16.179	31.7261
1399075224.017	n	11.1950	3.59203	16.161	31.7244
1399075224.079	n	11.1970	3.59203	16.148	31.7228
1399075224.142	n	11.1989	3.59204	16.128	31.7212
1399075224.206	n	11.2008	3.59204	16.108	31.7195
1399075224.267	n	11.2027	3.59204	16.088	31.7179
1399075224.329	n	11.2046	3.59204	16.072	31.7163
1399075224.392	n	11.2065	3.59204	16.051	31.7147
1399075224.456	n	11.2084	3.59204	16.037	31.7131
1399075224.518	n	11.2103	3.59204	16.016	31.7114
1399075224.580	n	11.2121	3.59203	15.997	31.7098
1399075224.643	n	11.2139	3.59202	15.981	31.7082
1399075224.704	n	11.2157	3.59202	15.962	31.7066
1399075224.767	n	11.2174	3.59201	15.947	31.7050
1399075224.829	n	11.2192	3.59201	15.929	31.7035
1399075224.892	n	11.2210	3.59202	15.912	31.7020
1399075224.957	n	11.2228	3.59202	15.893	31.7006
1399075225.017	n	11.2246	3.59203	15.875	31.6991
1399075225.080	n	11.2264	3.59203	15.858	31.6975
1399075225.142	n	11.2282	3.59202	15.843	31.6960
1399075225.205	n	11.2300	3.59202	15.824	31.6943
1399075225.267	n	11.2319	3.59202	15.807	31.6927
1399075225.330	n	11.2339	3.59202	15.793	31.6911
1399075225.393	n	11.2358	3.59203	15.777	31.6895
1399075225.455	n	11.2379	3.59203	15.757	31.6877
1399075225.518	n	11.2399	3.59202	15.741	31.6859
1399075225.580	n	11.2420	3.59202	15.724	31.6841
1399075225.643	n	11.2442	3.59201	15.705	31.6821
1399075225.705	n	11.2463	3.59200	15.688	31.6803
1399075225.768	n	11.2485	3.59201	15.672	31.6784
1399075225.830	n	11.2507	3.59201	15.655	31.6765
1399075225.892	n	11.2531	3.59202	15.639	31.6746
1399075225.955	n	11.2555	3.59203	15.623	31.6727
1399075226.172	y	11.2579	3.59204	15.603	31.6707
1399075226.251	y	11.2604	3.59205	15.588	31.6687
1399075226.257	n	11.2629	3.59206	15.567	31.6666
1399075226.263	n	11.2654	3.59205	15.553	31.6644
1399075226.269	n	11.2679	3.59205	15.537	31.6622
1399075226.330	n	11.2705	3.59205	15.517	31.6600
1399075226.392	n	11.2730	3.59205	15.500	31.6579
1399075226.456	n	11.2756	3.59205	15.486	31.6556
1399075226.517	n	11.2783	3.59204	15.474	31.6533
1399075226.579	n	11.2809	3.59204	15.455	31.6510
1399075226.641	n	11.2834	3.59204	15.435	31.6488
1399075226.705	n	11.2861	3.59205	15.415	31.6467
1399075226.767	n	11.2888	3.59205	15.398	31.6444
1399075226.829	n	11.2915	3.59205	15.381	31.6421
1399075226.893	n	11.2942	3.59204	15.361	31.6397
1399075226.954	n	11.2969	3.59204	15.344	31.6374
1399075227.017	n	11.2995	3.59205	15.331	31.6352
1399075227.080	n	11.3022	3.59206	15.309	31.6329
1399075227.143	n	11.3049	3.59206	15.291	31.6307
1399075227.204	n	11.3075	3.59207	15.276	31.6285
1399075227.267	n	11.3103	3.59207	15.257	31.6262
1399075227.329	n	11.3130	3.59208	15.237	31.6239
1399075227.392	n	11.3157	3.59208	15.219	31.6216
1399075227.456	n	11.3185	3.59208	15.199	31.6193
1399075227.518	n	11.3212	3.59208	15.181	31.6170
1399075227.580	n	11.3239	3.59208	15.162	31.6147
1399075227.643	n	11.3266	3.59209	15.144	31.6125
1399075227.706	n	11.3292	3.59209	15.124	31.6102
1399075227.768	n	11.3319	3.59208	15.108	31.6079
1399075227.830	n	11.3344	3.59207	15.088	31.6056
1399075227.892	n	11.3369	3.59206	15.066	31.6034
1399075227.954	n	11.3394	3.59207	15.043	31.6013
1399075228.018	n	11.3419	3.59208	15.025	31.5993
1399075228.081	n	11.3443	3.59209	15.006	31.5973
1399075228.142	n	11.3467	3.59211	14.982	31.5954
1399075228.204	n	11.3491	3.59211	14.962	31.5935
1399075228.268	n	11.3513	3.59211	14.945	31.5915
1399075228.330	n	11.3536	3.59210	14.922	31.5895
1399075228.393	n	11.3558	3.59210	14.902	31.5876
1399075228.454	n	11.3580	3.59209	14.880	31.5857
1399075228.517	n	11.3603	3.59210	14.860	31.5838
1399075228.579	n	11.3625	3.59210	14.838	31.5819
1399075228.643	n	11.3647	3.59210	14.816	31.5801
1399075228.706	n	11.3668	3.59210	14.794	31.5783
1399075228.767	n	11.3689	3.59211	14.773	31.5766
1399075228.831	n	11.3710	3.59210	14.749	31.5747
1399075228.894	n	11.3731	3.59209	14.728	31.5728
1399075228.955	n	11.3753	3.59208	14.706	31.5709
1399075229.017	n	11.3774	3.59208	14.681	31.5691
1399075229.079	n	11.3795	3.59209	14.660	31.5673
1399075229.143	n	11.3816	3.59210	14.636	31.5657
1399075229.205	n	11.3838	3.59211	14.611	31.5639
1399075229.268	n	11.3860	3.59211	14.586	31.5621
1399075229.329	n	11.3881	3.59212	14.567	31.5603
1399075229.394	n	11.3903	3.59211	14.541	31.5584
1399075229.455	n	11.3925	3.59211	14.517	31.5565
1399075229.518	n	11.3947	3.59209	14.494	31.5545
1399075229.580	n	11.3970	3.59208	14.466	31.5525
1399075229.644	n	11.3992	3.59207	14.444	31.5505
1399075229.704	n	11.4015	3.59208	14.420	31.5486
1399075229.767	n	11.4038	3.59208	14.394	31.5467
1399075229.831	y	11.4062	3.59209	14.373	31.5447
1399075229.894	n	11.4086	3.59209	14.346	31.5427
1399075229.955	n	11.4111	3.59210	14.321	31.5406
1399075230.018	n	11.4137	3.59211	14.299	31.5385
1399075230.080	n	11.4165	3.59211	14.269	31.5362
1399075230.143	n	11.4193	3.59211	14.248	31.5337
1399075230.205	n	11.4223	3.59211	14.220	31.5312
1399075230.398	y	11.4254	3.59211	14.190	31.5286
1399075230.406	n	11.4285	3.59211	14.167	31.5259
1399075230.412	n	11.4318	3.59211	14.139	31.5232
1399075230.456	n	11.4350	3.59212	14.114	31.5205
1399075230.516	n	11.4384	3.59212	14.091	31.5177
1399075230.579	n	11.4418	3.59212	14.069	31.5148
1399075230.642	n	11.4454	3.59213	14.044	31.5118
1399075230.705	n	11.4490	3.59213	14.016	31.5087
1399075230.768	n	11.4527	3.59214	13.992	31.5057
1399075230.831	n	11.4564	3.59215	13.969	31.5027
1399075230.893	n	11.4602	3.59216	13.944	31.4995
1399075230.954	n	11.4640	3.59216	13.922	31.4964
1399075231.018	n	11.4678	3.59216	13.899	31.4931
1399075231.080	n	11.4717	3.59216	13.873	31.4898
1399075231.143	n	11.4756	3.59217	13.847	31.4865
1399075231.205	n	11.4795	3.59217	13.825	31.4832
1399075231.267	n	11.4835	3.59218	13.801	31.4800
1399075231.329	n	11.4874	3.59219	13.778	31.4767
1399075231.393	n	11.4913	3.59220	13.753	31.4735
1399075231.454	n	11.4952	3.59220	13.726	31.4702
1399075231.517	n	11.4992	3.59221	13.703	31.4669
1399075231.579	n	11.5032	3.59221	13.683	31.4635
1399075231.643	n	11.5073	3.59221	13.657	31.4601
1399075231.705	n	11.5113	3.59222	13.632	31.4568
1399075231.768	n	11.5154	3.59223	13.608	31.4534
1399075231.830	n	11.5195	3.59223	13.586	31.4499
1399075231.894	n	11.5236	3.59223	13.562	31.4465
1399075231.955	n	11.5277	3.59224	13.539	31.4431
1399075232.017	n	11.5318	3.59225	13.518	31.4397
1399075232.080	n	11.5359	3.59227	13.493	31.4363
1399075232.141	n	11.5401	3.59228	13.472	31.4330
1399075232.204	n	11.5442	3.59229	13.454	31.4295
1399075232.268	n	11.5484	3.59229	13.430	31.4261
1399075232.329	n	11.5525	3.59230	13.408	31.4227
1399075232.393	n	11.5567	3.59231	13.387	31.4192
1399075232.455	n	11.5609	3.59230	13.368	31.4155
1399075232.518	n	11.5652	3.59229	13.344	31.4118
1399075232.579	n	11.5696	3.59229	13.325	31.4081
1399075232.643	n	11.5739	3.59229	13.305	31.4045
1399075232.705	n	11.5783	3.59231	13.284	31.4009
1399075232.767	n	11.5827	3.59233	13.265	31.3974
1399075232.831	n	11.5872	3.59234	13.242	31.3938
1399075232.892	n	11.5917	3.59236	13.225	31.3901
1399075232.956	n	11.5963	3.59236	13.204	31.3862
1399075233.017	n	11.6009	3.59237	13.186	31.3824
1399075233.080	n	11.6056	3.59237	13.166	31.3785
1399075233.141	n	11.6104	3.59238	13.149	31.3745
1399075233.204	n	11.6152	3.59239	13.132	31.3705
1399075233.269	n	11.6201	3.59239	13.115	31.3664
1399075233.329	n	11.6251	3.59239	13.094	31.3622
1399075233.393	n	11.6301	3.59239	13.078	31.3580
1399075233.456	y	11.6352	3.59240	13.058	31.3537
1399075233.517	n	11.6404	3.59241	13.045	31.3495
1399075233.580	n	11.6456	3.59242	13.024	31.3452
1399075233.642	n	11.6508	3.59243	13.008	31.3409
1399075233.704	n	11.6561	3.59243	12.992	31.3364
1399075233.767	n	11.6614	3.59244	12.979	31.3321
1399075233.830	n	11.6667	3.59245	12.959	31.3277
1399075233.892	n	11.6720	3.59247	12.944	31.3233
1399075233.956	n	11.6774	3.59248	12.929	31.3189
1399075234.017	n	11.6829	3.59249	12.915	31.3144
1399075234.080	n	11.6885	3.59249	12.897	31.3097
1399075234.143	n	11.6941	3.59249	12.881	31.3050
1399075234.204	n	11.6998	3.59249	12.867	31.3002
1399075234.268	n	11.7056	3.59250	12.856	31.2954
1399075234.330	n	11.7115	3.59251	12.837	31.2905
1399075234.393	n	11.7174	3.59252	12.821	31.2856
1399075234.455	n	11.7235	3.59253	12.808	31.2806
1399075234.638	y	11.7296	3.59254	12.793	31.2756
1399075234.646	n	11.7357	3.59255	12.778	31.2706
1399075234.652	n	11.7418	3.59257	12.763	31.2657
1399075234.705	n	11.7477	3.59260	12.751	31.2609
1399075234.768	n	11.7536	3.59263	12.732	31.2563
1399075234.830	n	11.7593	3.59265	12.720	31.2517
1399075234.893	n	11.7648	3.59265	12.709	31.2471
1399075234.955	n	11.7703	3.59265	12.693	31.2425
1399075235.017	n	11.7755	3.59265	12.680	31.2381
1399075235.080	n	11.7805	3.59265	12.665	31.2339
1399075235.144	n	11.7855	3.59265	12.652	31.2298
1399075235.205	n	11.7903	3.59267	12.636	31.2259
1399075235.268	n	11.7951	3.59269	12.622	31.2220
1399075235.330	n	11.7998	3.59270	12.612	31.2183
1399075235.392	n	11.8043	3.59271	12.596	31.2146
1399075235.455	n	11.8088	3.59271	12.585	31.2108
1399075235.589	y	11.8131	3.59270	12.569	31.2070
1399075235.594	n	11.8175	3.59270	12.556	31.2034
1399075235.644	n	11.8218	3.59270	12.541	31.1998
1399075235.706	n	11.8260	3.59271	12.529	31.1963
1399075235.768	n	11.8303	3.59272	12.515	31.1929
1399075235.830	n	11.8346	3.59274	12.501	31.1894
1399075235.892	n	11.8389	3.59275	12.487	31.1860
1399075235.954	n	11.8432	3.59276	12.474	31.1824
1399075236.016	n	11.8476	3.59277	12.458	31.1789
1399075236.081	n	11.8520	3.59277	12.445	31.1753
1399075236.143	n	11.8563	3.59277	12.431	31.1716
1399075236.206	n	11.8606	3.59278	12.419	31.1681
1399075236.268	n	11.8648	3.59279	12.406	31.1647
1399075236.329	n	11.8689	3.59280	12.392	31.1614
1399075236.393	n	11.8730	3.59282	12.378	31.1581
1399075236.455	n	11.8770	3.59283	12.364	31.1549
1399075236.516	n	11.8809	3.59284	12.351	31.1517
1399075236.579	n	11.8848	3.59285	12.339	31.1485
1399075236.642	n	11.8887	3.59286	12.326	31.1454
1399075236.706	n	11.8926	3.59287	12.309	31.1422
1399075236.767	n	11.8965	3.59287	12.294	31.1390
1399075236.831	n	11.9005	3.59288	12.280	31.1358
1399075236.892	n	11.9046	3.59289	12.265	31.1324
1399075236.956	n	11.9088	3.59290	12.252	31.1291
1399075237.018	y	11.9131	3.59292	12.235	31.1256
1399075237.081	n	11.9175	3.59293	12.219	31.1220
1399075237.143	n	11.9220	3.59293	12.210	31.1183
1399075237.204	n	11.9264	3.59293	12.193	31.1146
1399075237.266	n	11.9309	3.59294	12.176	31.1109
1399075237.331	n	11.9355	3.59295	12.161	31.1072
1399075237.393	n	11.9399	3.59295	12.145	31.1036
1399075237.455	n	11.9444	3.59297	12.128	31.1000
1399075237.518	n	11.9489	3.59297	12.115	31.0963
1399075237.579	n	11.9533	3.59298	12.096	31.0927
1399075237.641	n	11.9578	3.59299	12.080	31.0891
1399075237.704	n	11.9622	3.59300	12.063	31.0854
1399075237.767	n	11.9668	3.59300	12.045	31.0817
1399075237.829	n	11.9713	3.59302	12.029	31.0782
1399075237.892	n	11.9758	3.59303	12.014	31.0745
1399075237.954	n	11.9802	3.59304	11.997	31.0709
1399075238.017	n	11.9846	3.59305	11.976	31.0673
1399075238.079	n	11.9890	3.59306	11.960	31.0638
1399075238.142	n	11.9933	3.59307	11.941	31.0603
1399075238.206	n	11.9976	3.59309	11.921	31.0569
1399075238.266	n	12.0018	3.59310	11.906	31.0535
1399075238.331	n	12.0060	3.59311	11.887	31.0501
1399075238.394	n	12.0102	3.59312	11.867	31.0467
1399075238.456	n	12.0144	3.59314	11.849	31.0434
1399075238.518	n	12.0186	3.59316	11.830	31.0401
1399075238.579	n	12.0228	3.59317	11.808	31.0368
1399075238.642	n	12.0270	3.59318	11.790	31.0334
1399075238.705	n	12.0312	3.59318	11.771	31.0300
1399075238.909	y	12.0353	3.59318	11.754	31.0266
1399075238.920	n	12.0393	3.59319	11.731	31.0233
1399075238.925	n	12.0433	3.59319	11.711	31.0200
1399075238.956	n	12.0472	3.59321	11.692	31.0169
1399075239.017	n	12.0512	3.59322	11.672	31.0138
1399075239.079	n	12.0551	3.59324	11.651	31.0107
1399075239.142	n	12.0589	3.59325	11.628	31.0077
1399075239.206	n	12.0626	3.59327	11.607	31.0047
1399075239.268	n	12.0663	3.59327	11.586	31.0017
1399075239.329	n	12.0698	3.59328	11.566	30.9989
1399075239.392	n	12.0732	3.59328	11.541	30.9961
1399075239.455	n	12.0765	3.59329	11.518	30.9934
1399075239.518	n	12.0798	3.59329	11.494	30.9908
1399075239.581	n	12.0829	3.59331	11.473	30.9883
1399075239.641	n	12.0859	3.59331	11.449	30.9858
1399075239.705	n	12.0889	3.59331	11.429	30.9834
1399075239.768	n	12.0918	3.59332	11.403	30.9811
1399075239.830	n	12.0946	3.59332	11.381	30.9788
1399075239.892	n	12.0973	3.59333	11.358	30.9766
1399075239.956	n	12.0998	3.59333	11.333	30.9746
1399075240.018	n	12.1023	3.59333	11.309	30.9726
1399075240.080	n	12.1046	3.59334	11.289	30.9707
1399075240.143	n	12.1069	3.59334	11.264	30.9688
1399075240.204	n	12.1091	3.59334	11.241	30.9670
1399075240.267	n	12.1112	3.59334	11.215	30.9652
1399075240.329	n	12.1133	3.59334	11.192	30.9635
1399075240.395	n	12.1153	3.59333	11.169	30.9619
1399075240.455	n	12.1172	3.59334	11.142	30.9603
1399075240.518	n	12.1190	3.59334	11.122	30.9588
1399075240.581	n	12.1209	3.59334	11.097	30.9573
1399075240.642	n	12.1227	3.59334	11.072	30.9559
1399075240.705	n	12.1243	3.59334	11.050	30.9545
1399075240.780	y	12.1259	3.59334	11.024	30.9531
1399075240.829	n	12.1275	3.59333	10.999	30.9518
1399075240.893	n	12.1290	3.59333	10.978	30.9506
1399075240.955	n	12.1306	3.59333	10.952	30.9493
1399075241.016	n	12.1321	3.59333	10.928	30.9480
1399075241.081	n	12.1336	3.59334	10.903	30.9468
1399075241.143	n	12.1352	3.59334	10.879	30.9456
1399075241.206	n	12.1367	3.59334	10.856	30.9443
1399075241.268	n	12.1383	3.59334	10.836	30.9430
1399075241.330	n	12.1399	3.59334	10.813	30.9416
1399075241.394	n	12.1416	3.59334	10.786	30.9403
1399075241.454	n	12.1433	3.59334	10.766	30.9389
1399075241.517	n	12.1451	3.59335	10.742	30.9375
1399075241.580	n	12.1469	3.59335	10.717	30.9360
1399075241.644	n	12.1487	3.59335	10.696	30.9345
1399075241.706	n	12.1506	3.59335	10.676	30.9330
1399075241.768	n	12.1525	3.59335	10.652	30.9314
1399075241.830	n	12.1545	3.59336	10.629	30.9299
1399075241.893	n	12.1563	3.59336	10.606	30.9284
1399075241.954	n	12.1582	3.59337	10.590	30.9269
1399075242.017	n	12.1600	3.59337	10.571	30.9254
1399075242.080	n	12.1620	3.59337	10.547	30.9239
1399075242.142	n	12.1639	3.59338	10.524	30.9223
1399075242.204	n	12.1659	3.59338	10.504	30.9207
1399075242.268	n	12.1679	3.59338	10.488	30.9191
1399075242.331	n	12.1699	3.59339	10.466	30.9174
1399075242.394	n	12.1720	3.59339	10.446	30.9158
1399075242.456	n	12.1742	3.59340	10.425	30.9140
1399075242.517	n	12.1764	3.59340	10.408	30.9122
1399075242.579	n	12.1786	3.59340	10.389	30.9104
1399075242.643	n	12.1807	3.59340	10.366	30.9087
1399075242.707	n	12.1828	3.59341	10.351	30.9070
1399075242.768	n	12.1849	3.59342	10.335	30.9054
1399075242.830	n	12.1871	3.59343	10.313	30.9037
1399075242.893	n	12.1894	3.59343	10.296	30.9019
1399075242.955	n	12.1916	3.59343	10.277	30.9000
1399075243.153	y	12.1940	3.59343	10.260	30.8980
1399075243.161	n	12.1963	3.59343	10.244	30.8962
1399075243.166	n	12.1985	3.59343	10.232	30.8943
1399075243.206	n	12.2008	3.59343	10.212	30.8925
1399075243.268	n	12.2030	3.59344	10.198	30.8907
1399075243.330	n	12.2053	3.59345	10.180	30.8890
1399075243.392	n	12.2075	3.59346	10.165	30.8872
1399075243.456	n	12.2097	3.59347	10.150	30.8855
1399075243.518	n	12.2118	3.59346	10.135	30.8837
1399075243.581	n	12.2139	3.59346	10.120	30.8820
1399075243.643	n	12.2159	3.59346	10.104	30.8803
1399075243.709	n	12.2179	3.59347	10.092	30.8787
1399075243.768	n	12.2199	3.59347	10.077	30.8772
1399075243.830	n	12.2218	3.59348	10.063	30.8756
1399075243.893	n	12.2237	3.59349	10.050	30.8742
1399075243.956	n	12.2256	3.59350	10.036	30.8727
1399075244.017	n	12.2275	3.59350	10.022	30.8712
1399075244.080	n	12.2295	3.59351	10.010	30.8696
1399075244.143	n	12.2315	3.59351	9.996	30.8680
1399075244.205	n	12.2335	3.59352	9.982	30.8664
1399075244.268	n	12.2355	3.59352	9.970	30.8648
1399075244.330	n	12.2374	3.59353	9.958	30.8634
1399075244.452	y	12.2391	3.59354	9.944	30.8620
1399075244.458	n	12.2408	3.59355	9.933	30.8608
1399075244.517	n	12.2424	3.59355	9.923	30.8595
1399075244.579	n	12.2439	3.59355	9.910	30.8581
1399075244.643	n	12.2455	3.59356	9.899	30.8570
1399075244.709	n	12.2470	3.59357	9.885	30.8558
1399075244.767	n	12.2485	3.59359	9.873	30.8548
1399075244.829	n	12.2501	3.59361	9.861	30.8536
1399075244.895	n	12.2518	3.59362	9.850	30.8523
1399075244.954	n	12.2536	3.59362	9.836	30.8509
1399075245.017	n	12.2556	3.59362	9.828	30.8493
1399075245.080	n	12.2576	3.59363	9.817	30.8476
1399075245.143	n	12.2598	3.59363	9.805	30.8459
1399075245.205	n	12.2620	3.59363	9.795	30.8441
1399075245.267	n	12.2642	3.59364	9.781	30.8424
1399075245.330	n	12.2665	3.59366	9.771	30.8407
1399075245.393	n	12.2687	3.59367	9.762	30.8390
1399075245.455	n	12.2710	3.59369	9.748	30.8373
1399075245.518	n	12.2734	3.59371	9.735	30.8355
1399075245.580	n	12.2759	3.59372	9.727	30.8335
1399075245.641	n	12.2786	3.59374	9.716	30.8315
1399075245.709	n	12.2815	3.59376	9.707	30.8294
1399075245.767	n	12.2845	3.59379	9.693	30.8271
1399075245.830	n	12.2877	3.59381	9.688	30.8247
1399075245.892	n	12.2910	3.59383	9.676	30.8222
1399075245.956	n	12.2943	3.59384	9.663	30.8196
1399075246.018	n	12.2976	3.59384	9.655	30.8169
1399075246.079	n	12.3008	3.59385	9.644	30.8143
1399075246.143	n	12.3041	3.59386	9.631	30.8117
1399075246.204	n	12.3074	3.59387	9.622	30.8091
1399075246.266	n	12.3107	3.59389	9.611	30.8066
1399075246.329	n	12.3140	3.59392	9.602	30.8042
1399075246.393	n	12.3171	3.59394	9.592	30.8018
1399075246.454	n	12.3201	3.59396	9.583	30.7995
1399075246.517	n	12.3231	3.59398	9.572	30.7973
1399075246.579	n	12.3260	3.59399	9.561	30.7950
1399075246.643	n	12.3289	3.59401	9.551	30.7928
1399075246.711	n	12.3318	3.59402	9.540	30.7906
1399075246.767	n	12.3346	3.59403	9.531	30.7884
1399075246.830	n	12.3372	3.59404	9.521	30.7862
1399075246.894	n	12.3398	3.59404	9.510	30.7842
1399075246.956	n	12.3423	3.59405	9.502	30.7822
1399075247.018	n	12.3446	3.59405	9.490	30.7803
1399075247.080	n	12.3468	3.59406	9.477	30.7787
1399075247.142	n	12.3487	3.59408	9.461	30.7773
1399075247.206	y	12.3504	3.59409	9.454	30.7760
1399075247.387	n	12.3519	3.59411	9.442	30.7749
1399075247.394	n	12.3533	3.59412	9.432	30.7739
1399075247.401	n	12.3546	3.59413	9.419	30.7729
1399075247.455	n	12.3559	3.59415	9.407	30.7721
1399075247.518	n	12.3572	3.59417	9.391	30.7712
1399075247.579	n	12.3584	3.59418	9.379	30.7703
1399075247.643	n	12.3597	3.59420	9.365	30.7694
1399075247.706	n	12.3610	3.59421	9.356	30.7685
1399075247.767	n	12.3623	3.59422	9.340	30.7675
1399075247.830	n	12.3636	3.59423	9.329	30.7666
1399075247.892	n	12.3649	3.59423	9.318	30.7655
1399075247.954	n	12.3662	3.59423	9.301	30.7644
1399075248.017	n	12.3675	3.59423	9.285	30.7634
1399075248.080	y	12.3688	3.59424	9.277	30.7623
1399075248.144	n	12.3702	3.59425	9.263	30.7613
1399075248.205	n	12.3715	3.59426	9.248	30.7603
1399075248.267	n	12.3728	3.59427	9.235	30.7594
1399075248.329	n	12.3741	3.59428	9.217	30.7584
1399075248.395	n	12.3755	3.59427	9.199	30.7573
1399075248.456	n	12.3768	3.59427	9.183	30.7561
1399075248.517	n	12.3781	3.59427	9.171	30.7551
1399075248.579	n	12.3794	3.59427	9.155	30.7541
1399075248.642	n	12.3807	3.59430	9.139	30.7532
1399075248.709	n	12.3821	3.59432	9.124	30.7523
1399075248.768	n	12.3834	3.59433	9.104	30.7513
1399075248.830	n	12.3849	3.59435	9.091	30.7503
1399075248.892	n	12.3863	3.59436	9.073	30.7493
1399075248.955	n	12.3877	3.59436	9.052	30.7481
1399075249.018	n	12.3892	3.59437	9.033	30.7470
1399075249.080	n	12.3907	3.59437	9.015	30.7458
1399075249.143	n	12.3922	3.59439	9.000	30.7447
1399075249.206	n	12.3938	3.59439	8.981	30.7435
1399075249.267	n	12.3954	3.59440	8.960	30.7422
1399075249.329	n	12.3970	3.59439	8.940	30.7408
1399075249.392	n	12.3987	3.59441	8.921	30.7396
1399075249.456	n	12.4004	3.59443	8.899	30.7384
1399075249.517	n	12.4021	3.59446	8.880	30.7373
1399075249.579	n	12.4039	3.59448	8.861	30.7360
1399075249.644	n	12.4057	3.59449	8.837	30.7347
1399075249.707	y	12.4075	3.59449	8.815	30.7332
1399075249.811	n	12.4092	3.59449	8.797	30.7319
1399075249.829	n	12.4109	3.59450	8.776	30.7306
1399075249.893	n	12.4125	3.59451	8.755	30.7294
1399075249.955	n	12.4141	3.59451	8.730	30.7281
1399075250.017	n	12.4157	3.59452	8.709	30.7269
1399075250.080	n	12.4172	3.59454	8.688	30.7258
1399075250.143	n	12.4188	3.59456	8.665	30.7248
1399075250.205	n	12.4202	3.59458	8.645	30.7238
1399075250.268	n	12.4217	3.59460	8.622	30.7227
1399075250.331	n	12.4232	3.59461	8.599	30.7216
1399075250.392	n	12.4247	3.59462	8.580	30.7205
1399075250.455	n	12.4261	3.59462	8.556	30.7194
1399075250.518	n	12.4274	3.59463	8.534	30.7183
1399075250.580	n	12.4288	3.59464	8.507	30.7174
1399075250.643	n	12.4300	3.59465	8.485	30.7165
1399075250.710	n	12.4312	3.59467	8.464	30.7157
1399075250.768	n	12.4324	3.59468	8.443	30.7148
1399075250.829	n	12.4335	3.59469	8.420	30.7140
1399075250.893	n	12.4346	3.59470	8.397	30.7132
1399075250.954	n	12.4356	3.59471	8.375	30.7125
1399075251.017	n	12.4366	3.59472	8.349	30.7118
1399075251.081	n	12.4375	3.59474	8.326	30.7113
1399075251.142	n	12.4384	3.59476	8.308	30.7107
1399075251.204	n	12.4393	3.59478	8.286	30.7102
1399075251.267	n	12.4402	3.59479	8.262	30.7095
1399075251.329	n	12.4410	3.59480	8.240	30.7089
1399075251.392	n	12.4419	3.59480	8.220	30.7083
1399075251.575	y	12.4427	3.59481	8.200	30.7078
1399075251.580	n	12.4435	3.59483	8.178	30.7072
1399075251.585	n	12.4442	3.59484	8.156	30.7068
1399075251.642	n	12.4450	3.59486	8.135	30.7063
1399075251.705	n	12.4458	3.59488	8.116	30.7059
1399075251.768	y	12.4465	3.59489	8.101	30.7054
1399075251.830	n	12.4473	3.59490	8.078	30.7049
1399075251.894	n	12.4480	3.59491	8.059	30.7044
1399075251.955	n	12.4487	3.59492	8.037	30.7039
1399075252.018	n	12.4494	3.59494	8.021	30.7035
1399075252.080	n	12.4501	3.59495	7.999	30.7031
1399075252.143	n	12.4508	3.59496	7.980	30.7027
1399075252.205	n	12.4515	3.59497	7.961	30.7022
1399075252.267	n	12.4521	3.59499	7.941	30.7018
1399075252.330	n	12.4527	3.59501	7.923	30.7015
1399075252.393	n	12.4533	3.59503	7.907	30.7012
1399075252.454	n	12.4539	3.59505	7.886	30.7010
1399075252.516	n	12.4546	3.59507	7.867	30.7007
1399075252.580	n	12.4553	3.59509	7.849	30.7002
1399075252.642	n	12.4560	3.59510	7.832	30.6997
1399075252.704	n	12.4568	3.59511	7.813	30.6992
1399075252.767	n	12.4576	3.59512	7.798	30.6987
1399075252.829	n	12.4584	3.59514	7.781	30.6982
1399075252.893	n	12.4592	3.59516	7.763	30.6977
1399075252.954	n	12.4600	3.59516	7.750	30.6972
1399075253.017	n	12.4608	3.59517	7.732	30.6966
1399075253.079	n	12.4616	3.59518	7.716	30.6960
1399075253.144	n	12.4625	3.59520	7.701	30.6954
1399075253.206	n	12.4635	3.59522	7.686	30.6949
1399075253.268	n	12.4644	3.59524	7.670	30.6943
1399075253.330	n	12.4654	3.59527	7.656	30.6937
1399075253.392	n	12.4663	3.59528	7.642	30.6931
1399075253.455	n	12.4673	3.59528	7.626	30.6924
1399075253.518	n	12.4683	3.59529	7.606	30.6916
1399075253.581	n	12.4692	3.59530	7.596	30.6910
1399075253.643	n	12.4702	3.59533	7.580	30.6904
1399075253.704	n	12.4712	3.59535	7.564	30.6898
1399075253.768	n	12.4722	3.59537	7.551	30.6892
1399075253.831	n	12.4731	3.59538	7.537	30.6885
1399075253.893	n	12.4741	3.59539	7.520	30.6879
1399075253.955	n	12.4750	3.59540	7.506	30.6872
1399075254.017	n	12.4759	3.59543	7.494	30.6868
1399075254.079	n	12.4768	3.59545	7.477	30.6863
1399075254.144	n	12.4778	3.59548	7.468	30.6858
1399075254.204	n	12.4787	3.59550	7.455	30.6852
1399075254.267	n	12.4798	3.59552	7.439	30.6845
1399075254.329	n	12.4810	3.59553	7.424	30.6836
1399075254.394	n	12.4824	3.59554	7.412	30.6826
1399075254.454	n	12.4839	3.59555	7.399	30.6815
1399075254.517	n	12.4856	3.59556	7.386	30.6801
1399075254.580	n	12.4874	3.59558	7.370	30.6789
1399075254.643	n	12.4892	3.59561	7.358	30.6776
1399075254.705	n	12.4911	3.59564	7.346	30.6764
1399075254.768	n	12.4929	3.59567	7.334	30.6753
1399075254.830	n	12.4947	3.59570	7.321	30.6741
1399075254.892	n	12.4964	3.59572	7.302	30.6729
1399075254.955	n	12.4981	3.59574	7.290	30.6716
1399075255.017	n	12.4997	3.59575	7.277	30.6705
1399075255.081	n	12.5012	3.59577	7.266	30.6695
1399075255.142	n	12.5026	3.59580	7.252	30.6686
1399075255.206	n	12.5039	3.59583	7.240	30.6678
1399075255.268	n	12.5052	3.59586	7.224	30.6671
1399075255.330	y	12.5064	3.59588	7.212	30.6663
1399075255.394	n	12.5076	3.59590	7.201	30.6655
1399075255.454	n	12.5087	3.59592	7.190	30.6648
1399075255.517	n	12.5097	3.59595	7.173	30.6643
1399075255.581	n	12.5106	3.59598	7.162	30.6638
1399075255.644	n	12.5115	3.59600	7.148	30.6633
1399075255.836	y	12.5123	3.59602	7.136	30.6628
1399075255.842	n	12.5131	3.59604	7.122	30.6624
1399075255.854	n	12.5139	3.59606	7.111	30.6620
1399075255.893	n	12.5146	3.59609	7.099	30.6616
1399075255.955	n	12.5153	3.59612	7.086	30.6614
1399075256.017	n	12.5160	3.59615	7.072	30.6611
1399075256.080	n	12.5166	3.59617	7.061	30.6608
1399075256.145	n	12.5172	3.59619	7.049	30.6605
1399075256.205	n	12.5177	3.59621	7.033	30.6602
1399075256.267	n	12.5182	3.59623	7.023	30.6600
1399075256.329	n	12.5187	3.59625	7.012	30.6599
1399075256.394	n	12.5190	3.59629	7.003	30.6599
1399075256.454	n	12.5193	3.59632	6.989	30.6600
1399075256.518	n	12.5195	3.59635	6.976	30.6601
1399075256.579	n	12.5197	3.59637	6.961	30.6602
1399075256.643	n	12.5198	3.59639	6.951	30.6603
1399075256.706	n	12.5199	3.59641	6.935	30.6604
1399075256.768	n	12.5200	3.59643	6.923	30.6605
1399075256.830	n	12.5201	3.59645	6.910	30.6606
1399075256.892	n	12.5202	3.59646	6.896	30.6606
1399075256.955	n	12.5204	3.59648	6.885	30.6607
1399075257.017	n	12.5205	3.59650	6.872	30.6608
1399075257.081	n	12.5207	3.59652	6.858	30.6608
1399075257.142	n	12.5209	3.59655	6.845	30.6609
1399075257.204	n	12.5211	3.59659	6.831	30.6611
1399075257.267	n	12.5213	3.59662	6.818	30.6613
1399075257.329	n	12.5215	3.59665	6.806	30.6614
1399075257.392	n	12.5218	3.59667	6.793	30.6614
1399075257.454	n	12.5220	3.59668	6.777	30.6613
1399075257.517	n	12.5223	3.59670	6.760	30.6613
1399075257.581	n	12.5225	3.59673	6.748	30.6614
1399075257.643	n	12.5228	3.59676	6.734	30.6614
1399075257.706	n	12.5231	3.59679	6.717	30.6614
1399075257.768	n	12.5234	3.59682	6.703	30.6614
1399075257.830	n	12.5238	3.59684	6.690	30.6614
1399075257.894	n	12.5241	3.59686	6.673	30.6613
1399075257.955	n	12.5245	3.59689	6.657	30.6612
1399075258.017	n	12.5250	3.59691	6.644	30.6612
1399075258.080	n	12.5254	3.59694	6.627	30.6611
1399075258.144	n	12.5259	3.59697	6.614	30.6610
1399075258.206	n	12.5264	3.59701	6.597	30.6609
1399075258.269	n	12.5269	3.59704	6.581	30.6608
1399075258.331	n	12.5274	3.59707	6.566	30.6607
1399075258.394	n	12.5280	3.59711	6.549	30.6605
1399075258.455	n	12.5286	3.59715	6.533	30.6604
1399075258.518	n	12.5294	3.59719	6.515	30.6602
1399075258.580	n	12.5302	3.59724	6.497	30.6600
1399075258.643	n	12.5311	3.59728	6.483	30.6597
1399075258.705	n	12.5321	3.59732	6.466	30.6592
1399075258.767	n	12.5332	3.59735	6.451	30.6587
1399075258.829	n	12.5343	3.59739	6.434	30.6582
1399075258.894	n	12.5354	3.59744	6.418	30.6578
1399075258.955	y	12.5365	3.59749	6.399	30.6573
1399075259.017	n	12.5376	3.59753	6.379	30.6568
1399075259.080	n	12.5388	3.59758	6.362	30.6563
1399075259.143	n	12.5400	3.59762	6.346	30.6557
1399075259.205	n	12.5411	3.59766	6.328	30.6551
1399075259.268	n	12.5423	3.59770	6.311	30.6546
1399075259.331	n	12.5434	3.59772	6.290	30.6539
1399075259.392	y	12.5445	3.59776	6.272	30.6534
1399075259.454	n	12.5456	3.59779	6.257	30.6528
1399075259.518	n	12.5468	3.59783	6.241	30.6522
1399075259.580	n	12.5479	3.59786	6.222	30.6516
1399075259.644	n	12.5490	3.59789	6.200	30.6510
1399075259.705	n	12.5500	3.59792	6.184	30.6504
1399075259.767	n	12.5511	3.59795	6.164	30.6498
1399075259.830	n	12.5521	3.59798	6.145	30.6493
1399075259.892	n	12.5531	3.59801	6.127	30.6488
1399075260.054	y	12.5540	3.59804	6.110	30.6484
1399075260.059	n	12.5548	3.59807	6.091	30.6480
1399075260.081	n	12.5557	3.59810	6.071	30.6475
1399075260.142	n	12.5565	3.59812	6.052	30.6471
1399075260.206	n	12.5574	3.59814	6.035	30.6466
1399075260.267	n	12.5582	3.59816	6.017	30.6461
1399075260.331	n	12.5590	3.59818	6.000	30.6456
1399075260.393	n	12.5598	3.59821	5.980	30.6452
1399075260.456	n	12.5606	3.59824	5.962	30.6450
1399075260.519	n	12.5613	3.59828	5.945	30.6447
1399075260.581	n	12.5621	3.59831	5.928	30.6444
1399075260.644	n	12.5629	3.59834	5.908	30.6441
1399075260.705	n	12.5636	3.59837	5.889	30.6437
1399075260.767	n	12.5644	3.59839	5.873	30.6433
1399075260.830	n	12.5651	3.59842	5.854	30.6430
1399075260.894	n	12.5658	3.59845	5.838	30.6427
1399075260.956	n	12.5665	3.59848	5.818	30.6425
1399075261.018	n	12.5672	3.59851	5.798	30.6422
1399075261.079	n	12.5678	3.59853	5.781	30.6419
1399075261.144	n	12.5684	3.59856	5.763	30.6417
1399075261.206	n	12.5690	3.59859	5.746	30.6415
1399075261.268	n	12.5696	3.59863	5.728	30.6414
1399075261.331	n	12.5701	3.59866	5.709	30.6413
1399075261.392	n	12.5705	3.59869	5.693	30.6412
1399075261.456	n	12.5710	3.59872	5.677	30.6411
1399075261.517	n	12.5715	3.59875	5.659	30.6410
1399075261.581	n	12.5719	3.59878	5.645	30.6409
1399075261.644	n	12.5724	3.59881	5.626	30.6409
1399075261.704	n	12.5728	3.59884	5.610	30.6409
1399075261.768	n	12.5731	3.59888	5.596	30.6409
1399075261.831	n	12.5736	3.59892	5.579	30.6410
1399075261.893	n	12.5740	3.59896	5.562	30.6410
1399075261.955	n	12.5744	3.59899	5.546	30.6409
1399075262.017	n	12.5748	3.59902	5.534	30.6409
1399075262.080	n	12.5751	3.59904	5.516	30.6408
1399075262.143	n	12.5755	3.59906	5.500	30.6408
1399075262.205	n	12.5759	3.59909	5.485	30.6407
1399075262.267	n	12.5762	3.59913	5.468	30.6408
1399075262.330	n	12.5766	3.59916	5.455	30.6409
1399075262.394	n	12.5770	3.59921	5.442	30.6410
1399075262.454	n	12.5773	3.59925	5.428	30.6411
1399075262.517	n	12.5777	3.59929	5.412	30.6412
1399075262.580	n	12.5780	3.59932	5.398	30.6412
1399075262.644	n	12.5783	3.59934	5.379	30.6412
1399075262.705	n	12.5786	3.59937	5.366	30.6412
1399075262.796	y	12.5790	3.59940	5.356	30.6412
1399075262.830	n	12.5793	3.59943	5.341	30.6412
1399075262.893	n	12.5796	3.59947	5.327	30.6413
1399075262.956	n	12.5800	3.59950	5.318	30.6413
1399075263.018	n	12.5805	3.59953	5.305	30.6412
1399075263.081	n	12.5811	3.59957	5.289	30.6411
1399075263.144	n	12.5819	3.59963	5.274	30.6410
1399075263.205	n	12.5828	3.59969	5.262	30.6408
1399075263.268	n	12.5839	3.59975	5.249	30.6405
1399075263.330	n	12.5850	3.59980	5.235	30.6401
1399075263.394	n	12.5861	3.59986	5.221	30.6397
1399075263.455	n	12.5873	3.59992	5.207	30.6394
1399075263.517	n	12.5883	3.59998	5.196	30.6392
1399075263.580	n	12.5894	3.60004	5.180	30.6388
1399075263.643	n	12.5904	3.60038	5.169	30.6412
1399075263.705	n	12.5921	3.60138	5.161	30.6492
1399075263.767	n	12.5952	3.60568	5.147	30.6874
1399075263.829	n	12.5995	3.61264	5.133	30.7497
1399075263.895	n	12.6044	3.62050	5.121	30.8201
1399075264.076	y	12.6087	3.62724	5.111	30.8803
1399075264.083	n	12.6116	3.63139	5.099	30.9171
1399075264.089	n	12.6133	3.63234	5.086	30.9248
1399075264.143	n	12.6142	3.63277	5.071	30.9282
1399075264.205	n	12.6147	3.63309	5.061	30.9307
1399075264.268	n	12.6151	3.63334	5.048	30.9328
1399075264.330	n	12.6151	3.63354	5.033	30.9346
1399075264.392	n	12.6151	3.63369	5.022	30.9361
1399075264.455	n	12.6150	3.63382	5.013	30.9374
1399075264.518	n	12.6150	3.63393	5.003	30.9385
1399075264.580	n	12.6152	3.63404	4.989	30.9394
1399075264.643	n	12.6154	3.63416	4.977	30.9403
1399075264.705	n	12.6155	3.63426	4.964	30.9412
1399075264.767	n	12.6156	3.63435	4.954	30.9419
1399075264.830	n	12.6155	3.63442	4.937	30.9427
1399075264.892	n	12.6153	3.63447	4.930	30.9433
1399075264.956	n	12.6151	3.63451	4.919	30.9439
1399075265.019	n	12.6149	3.63454	4.906	30.9443
1399075265.080	n	12.6148	3.63458	4.893	30.9448
1399075265.143	n	12.6148	3.63463	4.878	30.9452
1399075265.205	n	12.6149	3.63471	4.870	30.9459
1399075265.318	y	12.6151	3.63480	4.858	30.9467
1399075265.332	n	12.6152	3.63488	4.844	30.9473
1399075265.392	n	12.6154	3.63493	4.830	30.9476
1399075265.455	n	12.6156	3.63495	4.821	30.9477
1399075265.517	n	12.6156	3.63495	4.809	30.9476
1399075265.579	n	12.6155	3.63495	4.795	30.9477
1399075265.643	n	12.6154	3.63494	4.782	30.9479
1399075265.706	n	12.6151	3.63493	4.768	30.9479
1399075265.768	n	12.6149	3.63491	4.754	30.9479
1399075265.830	n	12.6148	3.63491	4.743	30.9480
1399075265.894	n	12.6148	3.63492	4.729	30.9481
1399075265.955	n	12.6150	3.63496	4.716	30.9483
1399075266.018	n	12.6153	3.63502	4.700	30.9487
1399075266.079	n	12.6155	3.63509	4.689	30.9492
1399075266.143	n	12.6156	3.63516	4.673	30.9497
1399075266.205	n	12.6156	3.63521	4.660	30.9502
1399075266.268	n	12.6156	3.63524	4.647	30.9506
1399075266.332	y	12.6155	3.63525	4.636	30.9507
1399075266.394	n	12.6153	3.63525	4.625	30.9508
1399075266.456	n	12.6152	3.63525	4.612	30.9509
1399075266.518	n	12.6151	3.63525	4.596	30.9510
1399075266.581	n	12.6150	3.63526	4.582	30.9513
1399075266.642	n	12.6149	3.63530	4.569	30.9516
1399075266.705	n	12.6148	3.63531	4.558	30.9518
1399075266.767	n	12.6149	3.63533	4.545	30.9520
1399075266.829	n	12.6150	3.63535	4.530	30.9521
1399075266.892	n	12.6153	3.63537	4.515	30.9520
1399075266.955	n	12.6155	3.63537	4.505	30.9519
1399075267.018	n	12.6156	3.63535	4.490	30.9516
1399075267.080	n	12.6153	3.63531	4.476	30.9515
1399075267.143	n	12.6147	3.63527	4.459	30.9516
1399075267.205	n	12.6141	3.63525	4.447	30.9519
1399075267.268	n	12.6139	3.63527	4.436	30.9522
1399075267.332	n	12.6139	3.63531	4.423	30.9526
1399075267.394	n	12.6142	3.63535	4.407	30.9527
1399075267.455	n	12.6143	3.63537	4.392	30.9528
1399075267.517	n	12.6141	3.63535	4.379	30.9529
1399075267.580	n	12.6139	3.63533	4.362	30.9529
1399075267.644	n	12.6139	3.63534	4.348	30.9529
1399075267.705	n	12.6142	3.63537	4.337	30.9530
1399075267.768	n	12.6146	3.63542	4.323	30.9531
1399075267.832	n	12.6150	3.63546	4.306	30.9532
1399075267.893	n	12.6151	3.63546	4.291	30.9531
1399075267.956	n	12.6152	3.63547	4.274	30.9531
1399075268.018	n	12.6153	3.63547	4.261	30.9531
1399075268.082	n	12.6154	3.63548	4.248	30.9532
1399075268.143	n	12.6154	3.63551	4.231	30.9534
1399075268.380	y	12.6154	3.63553	4.215	30.9536
1399075268.388	n	12.6154	3.63553	4.198	30.9536
1399075268.393	n	12.6153	3.63554	4.186	30.9537
1399075268.399	n	12.6152	3.63552	4.169	30.9537
1399075268.455	n	12.6151	3.63551	4.148	30.9536
1399075268.518	n	12.6151	3.63551	4.132	30.9537
1399075268.581	n	12.6153	3.63552	4.114	30.9536
1399075268.643	n	12.6155	3.63553	4.100	30.9536
1399075268.705	n	12.6156	3.63554	4.082	30.9536
1399075268.767	n	12.6156	3.63555	4.066	30.9536
1399075268.830	n	12.6155	3.63554	4.045	30.9537
1399075268.892	n	12.6153	3.63553	4.027	30.9537
1399075268.956	n	12.6151	3.63552	4.009	30.9538
1399075269.018	n	12.6150	3.63552	3.990	30.9538
1399075269.079	n	12.6151	3.63552	3.970	30.9538
1399075269.143	n	12.6152	3.63553	3.952	30.9539
1399075269.206	n	12.6152	3.63555	3.936	30.9540
1399075269.268	n	12.6152	3.63555	3.917	30.9540
1399075269.330	n	12.6151	3.63555	3.897	30.9541
1399075269.394	n	12.6150	3.63555	3.878	30.9542
1399075269.455	n	12.6149	3.63554	3.861	30.9542
1399075269.517	n	12.6146	3.63552	3.842	30.9542
1399075269.580	n	12.6142	3.63549	3.825	30.9543
1399075269.644	n	12.6139	3.63546	3.806	30.9543
1399075269.705	n	12.6137	3.63544	3.787	30.9543
1399075269.768	n	12.6135	3.63543	3.771	30.9543
1399075269.831	n	12.6136	3.63544	3.751	30.9544
1399075269.892	n	12.6138	3.63546	3.733	30.9545
1399075269.954	y	12.6139	3.63548	3.713	30.9545
1399075270.017	n	12.6140	3.63550	3.699	30.9546
1399075270.080	n	12.6141	3.63551	3.680	30.9547
1399075270.142	n	12.6141	3.63551	3.661	30.9546
1399075270.204	n	12.6141	3.63550	3.645	30.9545
1399075270.267	n	12.6141	3.63549	3.631	30.9544
1399075270.330	n	12.6142	3.63547	3.614	30.9543
1399075270.393	n	12.6142	3.63547	3.593	30.9543
1399075270.454	n	12.6141	3.63546	3.577	30.9543
1399075270.517	n	12.6139	3.63545	3.561	30.9543
1399075270.581	n	12.6138	3.63544	3.543	30.9544
1399075270.642	n	12.6137	3.63545	3.527	30.9545
1399075270.705	n	12.6137	3.63547	3.511	30.9547
1399075270.767	n	12.6138	3.63550	3.495	30.9549
1399075270.831	n	12.6138	3.63552	3.477	30.9551
1399075270.892	n	12.6138	3.63555	3.461	30.9553
1399075270.955	n	12.6139	3.63557	3.445	30.9555
1399075271.017	n	12.6140	3.63560	3.429	30.9557
1399075271.081	n	12.6142	3.63564	3.413	30.9559
1399075271.142	n	12.6144	3.63567	3.399	30.9561
1399075271.206	n	12.6145	3.63569	3.386	30.9561
1399075271.267	n	12.6146	3.63569	3.368	30.9562
1399075271.330	n	12.6146	3.63569	3.353	30.9561
1399075271.395	n	12.6147	3.63570	3.340	30.9561
1399075271.454	n	12.6147	3.63571	3.323	30.9562
1399075271.517	n	12.6147	3.63572	3.309	30.9563
1399075271.580	n	12.6146	3.63574	3.295	30.9566
1399075271.642	n	12.6145	3.63573	3.278	30.9566
1399075271.706	n	12.6142	3.63570	3.262	30.9565
1399075271.767	n	12.6140	3.63566	3.247	30.9563
1399075271.830	n	12.6138	3.63563	3.226	30.9562
1399075271.894	n	12.6137	3.63563	3.213	30.9563
1399075271.955	n	12.6136	3.63564	3.200	30.9565
1399075272.018	n	12.6135	3.63565	3.186	30.9567
1399075272.080	n	12.6133	3.63564	3.174	30.9567
1399075272.144	n	12.6131	3.63563	3.159	30.9568
1399075272.206	n	12.6130	3.63562	3.146	30.9568
1399075272.268	n	12.6130	3.63562	3.130	30.9569
1399075272.330	n	12.6130	3.63564	3.117	30.9570
1399075272.393	n	12.6130	3.63564	3.102	30.9570
1399075272.556	y	12.6130	3.63564	3.086	30.9571
1399075272.563	n	12.6129	3.63564	3.072	30.9572
1399075272.580	n	12.6127	3.63564	3.057	30.9572
1399075272.643	n	12.6127	3.63564	3.042	30.9572
1399075272.704	n	12.6128	3.63564	3.028	30.9572
1399075272.769	n	12.6130	3.63565	3.011	30.9572
1399075272.830	n	12.6132	3.63566	2.995	30.9571
1399075272.893	n	12.6134	3.63567	2.984	30.9570
1399075272.955	n	12.6136	3.63568	2.969	30.9570
1399075273.017	n	12.6138	3.63570	2.951	30.9570
1399075273.080	n	12.6138	3.63571	2.942	30.9571
1399075273.143	n	12.6138	3.63574	2.926	30.9573
1399075273.205	n	12.6138	3.63575	2.915	30.9575
1399075273.267	n	12.6138	3.63577	2.896	30.9577
1399075273.332	n	12.6138	3.63577	2.884	30.9577
1399075273.393	n	12.6138	3.63576	2.869	30.9576
1399075273.455	n	12.6137	3.63575	2.855	30.9576
1399075273.517	n	12.6136	3.63575	2.840	30.9577
1399075273.581	n	12.6135	3.63575	2.825	30.9578
1399075273.642	n	12.6134	3.63575	2.815	30.9578
1399075273.731	y	12.6134	3.63575	2.797	30.9578
1399075273.767	n	12.6134	3.63575	2.786	30.9579
1399075273.831	n	12.6135	3.63577	2.771	30.9580
1399075273.892	n	12.6137	3.63581	2.754	30.9582
1399075273.956	n	12.6140	3.63585	2.744	30.9584
1399075274.018	n	12.6142	3.63589	2.730	30.9585
1399075274.080	n	12.6143	3.63591	2.713	30.9586
1399075274.144	n	12.6144	3.63590	2.702	30.9585
1399075274.205	n	12.6143	3.63587	2.684	30.9583
1399075274.267	n	12.6142	3.63585	2.669	30.9582
1399075274.329	n	12.6141	3.63584	2.654	30.9582
1399075274.393	n	12.6141	3.63584	2.644	30.9582
1399075274.454	n	12.6140	3.63585	2.632	30.9583
1399075274.517	n	12.6141	3.63586	2.615	30.9584
1399075274.581	n	12.6141	3.63584	2.598	30.9582
1399075274.643	n	12.6141	3.63583	2.586	30.9582
1399075274.706	n	12.6141	3.63583	2.573	30.9581
1399075274.768	n	12.6142	3.63583	2.557	30.9580
1399075274.830	n	12.6142	3.63582	2.544	30.9580
1399075274.893	n	12.6143	3.63582	2.531	30.9579
1399075274.954	n	12.6144	3.63582	2.517	30.9578
1399075275.018	n	12.6144	3.63582	2.506	30.9579
1399075275.082	n	12.6142	3.63583	2.492	30.9581
1399075275.143	n	12.6139	3.63583	2.481	30.9583
1399075275.205	n	12.6137	3.63582	2.471	30.9584
1399075275.267	n	12.6135	3.63581	2.455	30.9584
1399075275.331	n	12.6135	3.63580	2.443	30.9584
1399075275.393	n	12.6135	3.63580	2.432	30.9584
1399075275.455	n	12.6136	3.63582	2.421	30.9585
1399075275.517	n	12.6137	3.63584	2.406	30.9586
1399075275.582	n	12.6138	3.63585	2.392	30.9586
1399075275.643	n	12.6140	3.63587	2.381	30.9586
1399075275.704	n	12.6140	3.63586	2.371	30.9585
1399075275.767	n	12.6140	3.63584	2.358	30.9584
1399075275.831	n	12.6139	3.63582	2.344	30.9583
1399075275.894	n	12.6137	3.63579	2.332	30.9581
1399075275.955	n	12.6137	3.63578	2.321	30.9581
1399075276.017	n	12.6137	3.63578	2.312	30.9581
1399075276.080	n	12.6137	3.63579	2.299	30.9582
1399075276.143	n	12.6138	3.63581	2.287	30.9582
1399075276.204	n	12.6138	3.63581	2.277	30.9583
1399075276.269	n	12.6138	3.63580	2.270	30.9583
1399075276.332	n	12.6138	3.63580	2.260	30.9582
1399075276.394	n	12.6140	3.63580	2.246	30.9580
1399075276.455	n	12.6141	3.63580	2.236	30.9579
1399075276.518	n	12.6143	3.63581	2.223	30.9579
1399075276.580	n	12.6143	3.63582	2.216	30.9580
1399075276.644	n	12.6143	3.63582	2.205	30.9580
1399075276.816	y	12.6142	3.63580	2.187	30.9578
1399075276.821	n	12.6142	3.63576	2.176	30.9575
1399075276.830	n	12.6141	3.63574	2.168	30.9574
1399075276.892	n	12.6141	3.63574	2.156	30.9574
1399075276.956	n	12.6141	3.63576	2.144	30.9577
1399075277.018	n	12.6141	3.63581	2.133	30.9581
1399075277.081	n	12.6143	3.63585	2.122	30.9583
1399075277.143	n	12.6144	3.63587	2.106	30.9584
1399075277.205	n	12.6144	3.63589	2.097	30.9586
1399075277.323	y	12.6145	3.63591	2.083	30.9588
1399075277.330	n	12.6144	3.63592	2.066	30.9589
1399075277.393	n	12.6142	3.63592	2.054	30.9591
1399075277.455	n	12.6141	3.63591	2.039	30.9591
1399075277.517	n	12.6139	3.63589	2.024	30.9591
1399075277.581	n	12.6139	3.63589	2.012	30.9591
1399075277.642	n	12.6139	3.63589	1.993	30.9591
1399075277.705	n	12.6139	3.63590	1.977	30.9591
1399075277.767	n	12.6140	3.63592	1.959	30.9593
1399075277.830	n	12.6140	3.63592	1.947	30.9593
1399075277.893	n	12.6140	3.63591	1.932	30.9592
1399075277.954	n	12.6140	3.63590	1.916	30.9591
1399075278.018	n	12.6140	3.63588	1.898	30.9589
1399075278.081	n	12.6140	3.63585	1.881	30.9587
1399075278.143	n	12.6141	3.63584	1.864	30.9586
1399075278.207	n	12.6142	3.63585	1.844	30.9585
1399075278.269	n	12.6144	3.63586	1.827	30.9584
1399075278.331	n	12.6147	3.63590	1.814	30.9586
1399075278.394	n	12.6150	3.63594	1.796	30.9588
1399075278.456	n	12.6152	3.63599	1.779	30.9590
1399075278.517	n	12.6155	3.63601	1.764	30.9590
1399075278.582	n	12.6157	3.63602	1.747	30.9590
1399075278.644	n	12.6158	3.63602	1.732	30.9588
1399075278.705	n	12.6160	3.63600	1.714	30.9586
1399075278.768	n	12.6160	3.63599	1.704	30.9584
1399075278.830	n	12.6158	3.63598	1.684	30.9584
1399075278.892	n	12.6157	3.63598	1.671	30.9586
1399075278.954	n	12.6155	3.63599	1.657	30.9588
1399075279.018	n	12.6154	3.63598	1.639	30.9589
1399075279.082	n	12.6153	3.63599	1.627	30.9590
1399075279.143	n	12.6153	3.63600	1.614	30.9591
1399075279.205	n	12.6154	3.63601	1.598	30.9592
1399075279.267	n	12.6154	3.63604	1.586	30.9594
1399075279.330	n	12.6154	3.63607	1.573	30.9597
1399075279.394	n	12.6154	3.63607	1.564	30.9596
1399075279.455	n	12.6154	3.63605	1.549	30.9595
1399075279.517	n	12.6155	3.63603	1.538	30.9593
1399075279.580	n	12.6155	3.63603	1.529	30.9593
1399075279.642	n	12.6155	3.63602	1.513	30.9592
1399075279.706	n	12.6154	3.63602	1.500	30.9593
1399075279.768	n	12.6151	3.63599	1.484	30.9593
1399075279.831	n	12.6148	3.63596	1.476	30.9592
1399075279.893	n	12.6144	3.63593	1.460	30.9592
1399075279.956	n	12.6141	3.63590	1.455	30.9592
1399075280.018	n	12.6139	3.63588	1.443	30.9592
1399075280.081	n	12.6138	3.63587	1.429	30.9591
1399075280.142	n	12.6140	3.63586	1.419	30.9589
1399075280.205	n	12.6143	3.63585	1.407	30.9586
1399075280.268	n	12.6147	3.63585	1.395	30.9582
1399075280.331	n	12.6151	3.63587	1.383	30.9581
1399075280.395	n	12.6153	3.63590	1.369	30.9582
1399075280.455	n	12.6154	3.63593	1.356	30.9585
1399075280.517	n	12.6153	3.63596	1.344	30.9588
1399075280.580	n	12.6151	3.63596	1.330	30.9590
1399075280.643	n	12.6149	3.63594	1.320	30.9590
1399075280.705	n	12.6147	3.63593	1.306	30.9591
1399075280.813	y	12.6145	3.63592	1.290	30.9592
1399075280.830	n	12.6144	3.63592	1.278	30.9592
1399075280.893	n	12.6143	3.63592	1.264	30.9593
1399075281.159	y	12.6143	3.63591	1.249	30.9592
1399075281.169	n	12.6143	3.63590	1.234	30.9591
1399075281.175	n	12.6143	3.63589	1.221	30.9591
1399075281.181	n	12.6144	3.63588	1.204	30.9589
1399075281.205	n	12.6145	3.63588	1.189	30.9588
1399075281.267	n	12.6146	3.63587	1.173	30.9587
1399075281.330	n	12.6147	3.63588	1.157	30.9587
1399075281.394	n	12.6147	3.63591	1.137	30.9589
1399075281.455	n	12.6147	3.63595	1.118	30.9593
1399075281.517	n	12.6147	3.63597	1.106	30.9595
1399075281.580	n	12.6146	3.63597	1.088	30.9596
1399075281.644	n	12.6145	3.63595	1.070	30.9595
1399075281.704	n	12.6144	3.63594	1.050	30.9594
1399075281.767	n	12.6145	3.63593	1.031	30.9594
1399075281.830	n	12.6145	3.63594	1.016	30.9595
1399075281.892	n	12.6146	3.63596	0.999	30.9596
1399075281.955	n	12.6146	3.63597	0.977	30.9596
1399075282.017	n	12.6147	3.63597	0.961	30.9596
1399075282.080	n	12.6148	3.63597	0.944	30.9595
1399075282.144	n	12.6149	3.63596	0.926	30.9594
1399075282.205	n	12.6150	3.63596	0.913	30.9592
1399075282.267	n	12.6150	3.63595	0.897	30.9591
1399075282.330	n	12.6149	3.63595	0.882	30.9592
1399075282.393	n	12.6148	3.63595	0.865	30.9594
1399075282.455	n	12.6147	3.63596	0.857	30.9595
1399075282.518	n	12.6147	3.63595	0.844	30.9594
1399075282.582	n	12.6148	3.63594	0.834	30.9593
1399075282.643	n	12.6148	3.63593	0.822	30.9591
1399075282.705	n	12.6149	3.63592	0.808	30.9590
1399075282.768	n	12.6149	3.63592	0.796	30.9590
1399075282.831	n	12.6149	3.63593	0.785	30.9591
1399075282.894	n	12.6149	3.63594	0.776	30.9592
1399075282.955	n	12.6148	3.63595	0.767	30.9594
1399075283.017	n	12.6147	3.63596	0.757	30.9595
1399075283.081	n	12.6147	3.63595	0.744	30.9595
1399075283.144	n	12.6146	3.63594	0.737	30.9594
1399075283.205	n	12.6146	3.63593	0.724	30.9594
1399075283.268	n	12.6146	3.63592	0.717	30.9593
1399075283.329	n	12.6146	3.63591	0.708	30.9593
1399075283.393	n	12.6145	3.63590	0.702	30.9592
1399075283.456	n	12.6144	3.63588	0.694	30.9591
1399075283.518	n	12.6143	3.63587	0.687	30.9591
1399075283.581	n	12.6141	3.63588	0.677	30.9593
1399075283.642	n	12.6141	3.63588	0.670	30.9594
1399075283.705	n	12.6141	3.63588	0.665	30.9594
1399075283.767	n	12.6141	3.63589	0.660	30.9594
1399075283.832	n	12.6142	3.63589	0.657	30.9593
1399075283.894	n	12.6141	3.63589	0.653	30.9594
1399075283.956	n	12.6139	3.63588	0.646	30.9595
1399075284.019	n	12.6137	3.63586	0.643	30.9595
1399075284.079	n	12.6135	3.63585	0.633	30.9595
1399075284.144	n	12.6134	3.63584	0.627	30.9595
1399075284.206	n	12.6133	3.63584	0.622	30.9596
1399075284.267	n	12.6132	3.63584	0.614	30.9598
1399075284.330	n	12.6130	3.63586	0.608	30.9600
1399075284.393	n	12.6128	3.63586	0.601	30.9602
1399075284.455	n	12.6127	3.63586	0.590	30.9603
1399075284.518	n	12.6127	3.63586	0.584	30.9604
1399075284.581	n	12.6127	3.63587	0.577	30.9604
1399075284.644	y	12.6129	3.63588	0.571	30.9603
1399075284.706	n	12.6132	3.63589	0.567	30.9602
1399075284.768	n	12.6134	3.63590	0.560	30.9601
1399075284.831	n	12.6134	3.63589	0.555	30.9600
