Source File: D:\Storage\Programs\OOI\Group 5\Correspondence\07_18_14 sample files\files\11227499.PPB
Processed: 07/18/2014 12:27:56
Using Version: 1.11
Device: CTD
Start Date: 05/02/2014
Timestamp (s)	Suspect Timestamp	Temperature	Conductivity	Pressure	Salinity
1399053580.682	y	10.7310	3.59105	21.692	32.1161
1399053580.746	n	10.7310	3.59103	21.703	32.1159
1399053580.808	n	10.7309	3.59103	21.710	32.1159
1399053580.871	n	10.7310	3.59105	21.692	32.1161
1399053580.933	n	10.7309	3.59103	21.703	32.1160
1399053580.997	n	10.7309	3.59107	21.726	32.1163
1399053581.057	n	10.7308	3.59108	21.734	32.1166
1399053581.122	n	10.7309	3.59103	21.710	32.1160
1399053581.188	n	10.7309	3.59104	21.713	32.1160
1399053581.247	n	10.7309	3.59105	21.722	32.1161
1399053581.310	n	10.7309	3.59105	21.726	32.1162
1399053581.373	n	10.7308	3.59105	21.734	32.1162
1399053581.436	n	10.7308	3.59105	21.737	32.1162
1399053581.496	n	10.7309	3.59104	21.743	32.1161
1399053581.559	n	10.7309	3.59104	21.750	32.1160
1399053581.622	n	10.7309	3.59105	21.758	32.1161
1399053581.683	n	10.7309	3.59106	21.762	32.1162
1399053581.748	n	10.7309	3.59106	21.768	32.1162
1399053581.810	n	10.7309	3.59105	21.772	32.1161
1399053581.872	n	10.7309	3.59105	21.779	32.1161
1399053581.936	n	10.7309	3.59104	21.782	32.1160
1399053581.996	n	10.7309	3.59104	21.792	32.1160
1399053582.059	n	10.7309	3.59105	21.792	32.1161
1399053582.121	n	10.7309	3.59106	21.797	32.1161
1399053582.186	n	10.7309	3.59106	21.801	32.1162
1399053583.050	n	10.7309	3.59106	21.809	32.1163
1399053583.065	n	10.7308	3.59106	21.813	32.1162
1399053583.071	n	10.7308	3.59106	21.817	32.1163
1399053583.087	n	10.7308	3.59106	21.822	32.1162
1399053583.093	n	10.7309	3.59105	21.830	32.1161
1399053583.098	n	10.7309	3.59104	21.832	32.1160
1399053583.104	n	10.7309	3.59104	21.835	32.1159
1399053583.109	n	10.7309	3.59103	21.835	32.1159
1399053583.115	n	10.7309	3.59103	21.841	32.1159
1399053583.121	n	10.7309	3.59103	21.845	32.1159
1399053583.126	n	10.7309	3.59103	21.846	32.1159
1399053583.133	n	10.7309	3.59103	21.850	32.1159
1399053583.139	n	10.7308	3.59103	21.853	32.1160
1399053583.145	n	10.7308	3.59103	21.855	32.1160
1399053583.151	n	10.7307	3.59103	21.857	32.1160
1399053583.186	n	10.7307	3.59103	21.856	32.1160
1399053583.248	n	10.7308	3.59103	21.856	32.1160
1399053583.309	n	10.7308	3.59103	21.859	32.1160
1399053583.373	n	10.7308	3.59103	21.854	32.1159
1399053583.434	n	10.7308	3.59103	21.855	32.1159
1399053583.497	n	10.7309	3.59103	21.858	32.1159
1399053583.559	n	10.7309	3.59102	21.865	32.1158
1399053583.622	n	10.7309	3.59102	21.867	32.1158
1399053583.685	n	10.7309	3.59101	21.864	32.1156
1399053583.748	n	10.7310	3.59100	21.865	32.1155
1399053583.810	n	10.7310	3.59100	21.865	32.1155
1399053583.873	n	10.7310	3.59101	21.863	32.1155
1399053583.937	n	10.7310	3.59101	21.864	32.1156
1399053583.998	n	10.7310	3.59102	21.864	32.1157
1399053584.059	n	10.7310	3.59102	21.865	32.1157
1399053584.121	n	10.7310	3.59102	21.862	32.1157
1399053584.187	n	10.7310	3.59102	21.860	32.1157
1399053584.253	n	10.7310	3.59102	21.858	32.1157
1399053584.309	n	10.7309	3.59102	21.860	32.1157
1399053584.372	n	10.7309	3.59102	21.857	32.1158
1399053584.434	n	10.7309	3.59102	21.856	32.1157
1399053584.498	n	10.7310	3.59102	21.854	32.1157
1399053584.560	n	10.7310	3.59102	21.850	32.1157
1399053584.622	n	10.7310	3.59102	21.847	32.1157
1399053584.683	n	10.7310	3.59102	21.842	32.1157
1399053584.748	n	10.7310	3.59101	21.845	32.1156
1399053584.811	n	10.7310	3.59101	21.842	32.1156
1399053584.872	n	10.7310	3.59101	21.838	32.1156
1399053584.934	n	10.7309	3.59100	21.836	32.1156
1399053584.998	n	10.7309	3.59101	21.834	32.1157
1399053585.060	n	10.7309	3.59102	21.831	32.1157
1399053585.123	n	10.7310	3.59102	21.826	32.1157
1399053585.187	n	10.7309	3.59102	21.821	32.1158
1399053585.247	n	10.7309	3.59102	21.819	32.1158
1399053585.310	n	10.7309	3.59102	21.816	32.1158
1399053585.372	n	10.7309	3.59102	21.813	32.1158
1399053585.435	n	10.7309	3.59102	21.810	32.1158
1399053585.497	n	10.7310	3.59102	21.807	32.1158
1399053585.560	n	10.7310	3.59104	21.802	32.1159
1399053585.623	n	10.7310	3.59104	21.795	32.1159
1399053585.686	n	10.7311	3.59103	21.791	32.1158
1399053585.746	n	10.7310	3.59103	21.793	32.1158
1399053585.811	n	10.7310	3.59101	21.789	32.1157
1399053585.873	n	10.7310	3.59100	21.785	32.1155
1399053585.936	n	10.7310	3.59099	21.780	32.1155
1399053585.996	n	10.7310	3.59099	21.775	32.1155
1399053586.058	n	10.7310	3.59100	21.769	32.1155
1399053586.123	n	10.7310	3.59101	21.767	32.1157
1399053586.188	n	10.7310	3.59102	21.765	32.1158
1399053586.362	y	10.7310	3.59103	21.762	32.1159
1399053586.369	n	10.7309	3.59104	21.760	32.1160
1399053586.375	n	10.7309	3.59104	21.757	32.1160
1399053586.436	n	10.7309	3.59104	21.755	32.1161
1399053586.707	y	10.7309	3.59104	21.753	32.1160
1399053586.715	n	10.7309	3.59104	21.748	32.1160
1399053586.723	n	10.7309	3.59102	21.743	32.1159
1399053586.731	n	10.7309	3.59101	21.741	32.1158
1399053586.748	n	10.7309	3.59101	21.740	32.1157
1399053586.810	n	10.7309	3.59101	21.740	32.1157
1399053586.872	n	10.7310	3.59102	21.735	32.1158
1399053586.935	n	10.7310	3.59104	21.732	32.1159
1399053586.996	n	10.7310	3.59104	21.729	32.1160
1399053587.060	n	10.7309	3.59104	21.729	32.1160
1399053587.122	n	10.7309	3.59103	21.727	32.1160
1399053587.187	n	10.7309	3.59105	21.723	32.1161
1399053587.250	n	10.7308	3.59105	21.721	32.1163
1399053587.310	n	10.7308	3.59105	21.721	32.1163
1399053587.372	n	10.7308	3.59105	21.720	32.1163
1399053587.435	n	10.7308	3.59105	21.718	32.1163
1399053587.498	n	10.7308	3.59105	21.711	32.1163
1399053587.560	n	10.7308	3.59105	21.716	32.1163
1399053587.622	n	10.7308	3.59105	21.714	32.1162
1399053587.684	n	10.7309	3.59105	21.717	32.1161
1399053587.748	n	10.7310	3.59105	21.715	32.1161
1399053587.810	n	10.7310	3.59106	21.713	32.1161
1399053587.872	n	10.7310	3.59107	21.715	32.1162
1399053587.936	n	10.7310	3.59107	21.717	32.1163
1399053587.998	n	10.7309	3.59108	21.717	32.1164
1399053588.060	n	10.7309	3.59107	21.716	32.1164
1399053588.123	n	10.7308	3.59107	21.717	32.1164
1399053588.188	n	10.7308	3.59107	21.718	32.1164
1399053588.247	n	10.7307	3.59106	21.717	32.1164
1399053588.311	n	10.7308	3.59106	21.714	32.1163
1399053588.373	n	10.7308	3.59106	21.717	32.1163
1399053588.437	n	10.7308	3.59107	21.715	32.1163
1399053588.498	n	10.7309	3.59107	21.721	32.1164
1399053588.560	n	10.7309	3.59108	21.725	32.1164
1399053588.622	n	10.7308	3.59108	21.725	32.1165
1399053588.685	n	10.7308	3.59109	21.728	32.1166
1399053588.748	n	10.7307	3.59110	21.730	32.1167
1399053588.810	n	10.7307	3.59110	21.731	32.1168
1399053588.872	n	10.7307	3.59109	21.730	32.1167
1399053588.935	n	10.7306	3.59107	21.729	32.1166
1399053588.998	n	10.7306	3.59105	21.727	32.1165
1399053589.059	n	10.7305	3.59103	21.735	32.1163
1399053589.122	n	10.7305	3.59103	21.734	32.1163
1399053589.187	n	10.7305	3.59103	21.737	32.1163
1399053589.246	n	10.7305	3.59103	21.740	32.1163
1399053589.309	n	10.7305	3.59104	21.740	32.1163
1399053589.372	n	10.7305	3.59105	21.741	32.1164
1399053589.434	n	10.7305	3.59107	21.743	32.1166
1399053589.496	n	10.7305	3.59109	21.745	32.1169
1399053589.559	n	10.7305	3.59111	21.749	32.1171
1399053589.623	n	10.7304	3.59112	21.749	32.1172
1399053589.685	n	10.7304	3.59113	21.751	32.1173
1399053589.747	n	10.7303	3.59113	21.752	32.1174
1399053589.810	n	10.7303	3.59112	21.752	32.1173
1399053589.873	n	10.7302	3.59111	21.752	32.1173
1399053589.936	n	10.7302	3.59109	21.751	32.1172
1399053589.997	n	10.7302	3.59109	21.749	32.1171
1399053590.060	y	10.7302	3.59109	21.752	32.1171
1399053590.122	n	10.7303	3.59111	21.754	32.1172
1399053590.186	n	10.7303	3.59112	21.748	32.1174
1399053590.252	n	10.7303	3.59113	21.747	32.1174
1399053590.309	n	10.7303	3.59113	21.747	32.1174
1399053590.372	n	10.7302	3.59112	21.746	32.1174
1399053590.436	n	10.7302	3.59111	21.740	32.1174
1399053590.498	n	10.7302	3.59110	21.739	32.1173
1399053590.560	y	10.7302	3.59110	21.734	32.1173
1399053590.622	n	10.7302	3.59110	21.734	32.1172
1399053590.684	n	10.7303	3.59110	21.730	32.1172
1399053590.867	y	10.7303	3.59111	21.724	32.1172
1399053590.873	n	10.7304	3.59111	21.721	32.1172
1399053590.880	n	10.7303	3.59111	21.718	32.1172
1399053590.935	n	10.7303	3.59111	21.709	32.1173
1399053590.996	n	10.7303	3.59111	21.706	32.1173
1399053591.059	n	10.7303	3.59111	21.702	32.1173
1399053591.122	n	10.7304	3.59111	21.699	32.1172
1399053591.186	n	10.7304	3.59111	21.689	32.1172
1399053591.247	n	10.7304	3.59112	21.679	32.1173
1399053591.311	n	10.7303	3.59113	21.676	32.1175
1399053591.372	n	10.7302	3.59113	21.670	32.1176
1399053591.436	n	10.7302	3.59114	21.662	32.1176
1399053591.498	n	10.7302	3.59113	21.648	32.1176
1399053591.560	n	10.7302	3.59112	21.640	32.1175
1399053591.622	n	10.7302	3.59112	21.632	32.1174
1399053591.685	n	10.7302	3.59111	21.621	32.1174
1399053591.747	n	10.7302	3.59112	21.614	32.1175
1399053591.809	n	10.7302	3.59112	21.603	32.1176
1399053591.872	n	10.7302	3.59112	21.594	32.1176
1399053591.935	n	10.7302	3.59113	21.581	32.1176
1399053591.996	n	10.7301	3.59113	21.569	32.1176
1399053592.059	n	10.7301	3.59112	21.561	32.1177
1399053592.123	n	10.7301	3.59112	21.549	32.1177
1399053592.185	n	10.7301	3.59113	21.534	32.1177
1399053592.246	n	10.7301	3.59114	21.523	32.1178
1399053592.332	n	10.7301	3.59114	21.510	32.1178
1399053592.372	n	10.7301	3.59113	21.495	32.1177
1399053592.435	n	10.7301	3.59112	21.484	32.1176
1399053592.497	n	10.7301	3.59112	21.470	32.1176
1399053592.558	n	10.7301	3.59112	21.456	32.1177
1399053592.622	n	10.7301	3.59114	21.444	32.1178
1399053592.685	n	10.7300	3.59115	21.428	32.1180
1399053592.748	n	10.7300	3.59114	21.416	32.1180
1399053592.809	n	10.7300	3.59114	21.403	32.1180
1399053592.871	n	10.7299	3.59114	21.385	32.1180
1399053592.934	n	10.7299	3.59114	21.369	32.1180
1399053592.997	n	10.7298	3.59113	21.356	32.1180
1399053593.060	n	10.7298	3.59112	21.343	32.1180
1399053593.122	n	10.7297	3.59111	21.327	32.1179
1399053593.185	n	10.7297	3.59111	21.309	32.1179
1399053593.247	n	10.7297	3.59112	21.296	32.1181
1399053593.310	n	10.7298	3.59114	21.280	32.1182
1399053593.371	n	10.7297	3.59115	21.266	32.1184
1399053593.436	n	10.7297	3.59116	21.250	32.1185
1399053593.497	n	10.7296	3.59115	21.235	32.1185
1399053593.778	n	10.7296	3.59115	21.218	32.1185
1399053593.821	y	10.7295	3.59114	21.201	32.1185
1399053593.827	n	10.7295	3.59114	21.187	32.1185
1399053593.833	n	10.7295	3.59115	21.176	32.1186
1399053593.840	n	10.7295	3.59115	21.159	32.1186
1399053593.872	n	10.7295	3.59115	21.142	32.1186
1399053593.935	n	10.7294	3.59115	21.123	32.1187
1399053593.998	n	10.7294	3.59115	21.110	32.1187
1399053594.059	n	10.7293	3.59113	21.089	32.1186
1399053594.122	n	10.7293	3.59112	21.080	32.1186
1399053594.186	n	10.7292	3.59113	21.062	32.1186
1399053594.247	n	10.7292	3.59113	21.042	32.1188
1399053594.309	n	10.7291	3.59114	21.027	32.1189
1399053594.371	n	10.7291	3.59114	21.016	32.1189
1399053594.435	n	10.7291	3.59113	21.000	32.1189
1399053594.496	n	10.7290	3.59112	20.983	32.1188
1399053594.559	n	10.7290	3.59111	20.968	32.1188
1399053594.621	n	10.7289	3.59111	20.955	32.1188
1399053594.684	n	10.7288	3.59111	20.938	32.1189
1399053594.747	n	10.7288	3.59111	20.921	32.1190
1399053594.809	n	10.7287	3.59111	20.905	32.1190
1399053594.872	n	10.7287	3.59112	20.890	32.1191
1399053594.935	n	10.7287	3.59113	20.873	32.1192
1399053595.092	y	10.7287	3.59113	20.856	32.1193
1399053595.097	n	10.7286	3.59113	20.842	32.1193
1399053595.123	n	10.7286	3.59113	20.826	32.1194
1399053595.187	n	10.7285	3.59112	20.810	32.1193
1399053595.247	n	10.7284	3.59111	20.798	32.1193
1399053595.310	n	10.7284	3.59111	20.782	32.1193
1399053595.371	n	10.7283	3.59111	20.767	32.1194
1399053595.435	n	10.7283	3.59112	20.751	32.1195
1399053595.496	n	10.7282	3.59112	20.736	32.1195
1399053595.560	n	10.7282	3.59111	20.723	32.1195
1399053595.622	n	10.7282	3.59111	20.709	32.1195
1399053595.684	n	10.7281	3.59111	20.693	32.1196
1399053595.747	n	10.7281	3.59111	20.677	32.1196
1399053595.810	n	10.7280	3.59111	20.660	32.1197
1399053595.873	n	10.7280	3.59111	20.648	32.1197
1399053595.934	n	10.7279	3.59111	20.635	32.1198
1399053595.998	n	10.7279	3.59111	20.623	32.1199
1399053596.060	n	10.7278	3.59111	20.607	32.1200
1399053596.123	n	10.7277	3.59110	20.591	32.1200
1399053596.185	n	10.7276	3.59109	20.576	32.1199
1399053596.246	n	10.7275	3.59108	20.565	32.1200
1399053596.309	n	10.7274	3.59109	20.553	32.1201
1399053596.372	n	10.7272	3.59109	20.538	32.1203
1399053596.433	n	10.7271	3.59109	20.522	32.1204
1399053596.497	n	10.7269	3.59109	20.506	32.1205
1399053596.561	n	10.7268	3.59108	20.491	32.1206
1399053596.621	n	10.7267	3.59109	20.479	32.1207
1399053596.685	n	10.7265	3.59109	20.466	32.1209
1399053596.746	n	10.7264	3.59110	20.448	32.1212
1399053596.810	n	10.7262	3.59110	20.435	32.1214
1399053596.873	n	10.7260	3.59110	20.419	32.1216
1399053596.934	n	10.7258	3.59111	20.401	32.1218
1399053596.998	n	10.7256	3.59111	20.391	32.1220
1399053597.058	n	10.7254	3.59111	20.376	32.1222
1399053597.124	n	10.7252	3.59111	20.360	32.1223
1399053597.186	n	10.7249	3.59110	20.347	32.1224
1399053597.301	y	10.7247	3.59109	20.335	32.1226
1399053597.309	n	10.7244	3.59108	20.317	32.1227
1399053597.371	n	10.7241	3.59108	20.305	32.1229
1399053597.436	n	10.7239	3.59108	20.291	32.1232
1399053597.498	n	10.7236	3.59109	20.275	32.1235
1399053597.558	n	10.7234	3.59109	20.259	32.1238
1399053597.624	n	10.7231	3.59110	20.245	32.1241
1399053597.686	n	10.7229	3.59111	20.231	32.1244
1399053597.747	n	10.7227	3.59110	20.218	32.1245
1399053597.810	n	10.7224	3.59110	20.204	32.1247
1399053597.873	n	10.7221	3.59109	20.188	32.1250
1399053597.936	n	10.7217	3.59109	20.173	32.1252
1399053597.996	n	10.7214	3.59108	20.159	32.1255
1399053598.060	n	10.7210	3.59107	20.143	32.1257
1399053598.124	n	10.7207	3.59107	20.128	32.1259
1399053598.185	n	10.7205	3.59107	20.115	32.1261
1399053598.248	n	10.7203	3.59107	20.105	32.1263
1399053598.313	n	10.7200	3.59106	20.094	32.1265
1399053598.374	n	10.7198	3.59106	20.073	32.1267
1399053598.435	n	10.7194	3.59106	20.055	32.1270
1399053598.498	n	10.7191	3.59106	20.040	32.1274
1399053598.559	n	10.7187	3.59107	20.028	32.1278
1399053598.622	n	10.7183	3.59107	20.013	32.1281
1399053598.684	n	10.7180	3.59107	19.996	32.1284
1399053598.746	n	10.7176	3.59105	19.983	32.1286
1399053598.809	n	10.7173	3.59104	19.965	32.1288
1399053598.871	n	10.7169	3.59103	19.951	32.1290
1399053598.935	n	10.7166	3.59103	19.937	32.1292
1399053598.997	n	10.7163	3.59102	19.918	32.1295
1399053599.060	n	10.7159	3.59102	19.900	32.1298
1399053599.123	n	10.7156	3.59102	19.893	32.1300
1399053599.187	n	10.7153	3.59103	19.874	32.1304
1399053599.363	y	10.7149	3.59104	19.857	32.1309
1399053599.368	n	10.7146	3.59105	19.839	32.1313
1399053599.379	n	10.7142	3.59104	19.822	32.1315
1399053599.434	n	10.7139	3.59102	19.805	32.1316
1399053599.497	n	10.7136	3.59101	19.791	32.1318
1399053599.559	n	10.7132	3.59100	19.777	32.1320
1399053599.623	n	10.7129	3.59100	19.758	32.1323
1399053599.684	n	10.7125	3.59101	19.741	32.1327
1399053599.747	n	10.7122	3.59101	19.721	32.1330
1399053599.809	n	10.7119	3.59101	19.705	32.1333
1399053599.874	n	10.7116	3.59101	19.689	32.1335
1399053599.935	n	10.7113	3.59100	19.670	32.1337
1399053599.997	n	10.7111	3.59099	19.650	32.1338
1399053600.060	n	10.7108	3.59098	19.635	32.1340
1399053600.123	n	10.7105	3.59098	19.618	32.1342
1399053600.185	n	10.7102	3.59099	19.599	32.1346
1399053600.248	n	10.7100	3.59100	19.581	32.1349
1399053600.310	n	10.7098	3.59101	19.563	32.1352
1399053600.376	n	10.7096	3.59100	19.546	32.1353
1399053600.435	n	10.7093	3.59099	19.525	32.1354
1399053600.497	n	10.7091	3.59098	19.508	32.1355
1399053600.559	n	10.7088	3.59096	19.489	32.1356
1399053600.622	n	10.7085	3.59095	19.473	32.1357
1399053600.685	n	10.7083	3.59094	19.455	32.1359
1399053600.747	n	10.7081	3.59094	19.436	32.1360
1399053600.809	n	10.7079	3.59095	19.418	32.1363
1399053600.873	n	10.7077	3.59096	19.395	32.1366
1399053600.936	n	10.7075	3.59097	19.378	32.1369
1399053600.998	y	10.7073	3.59097	19.357	32.1371
1399053601.060	n	10.7071	3.59096	19.338	32.1372
1399053601.122	n	10.7069	3.59096	19.320	32.1374
1399053601.186	n	10.7066	3.59096	19.302	32.1376
1399053601.246	n	10.7064	3.59096	19.281	32.1378
1399053601.309	n	10.7062	3.59095	19.263	32.1379
1399053601.380	n	10.7060	3.59094	19.244	32.1380
1399053601.435	n	10.7058	3.59094	19.221	32.1382
1399053601.496	n	10.7056	3.59094	19.202	32.1384
1399053601.559	n	10.7054	3.59094	19.183	32.1385
1399053601.622	n	10.7052	3.59094	19.163	32.1387
1399053601.686	n	10.7049	3.59093	19.142	32.1389
1399053601.746	n	10.7046	3.59092	19.123	32.1391
1399053601.811	n	10.7044	3.59091	19.104	32.1392
1399053601.913	y	10.7041	3.59090	19.078	32.1393
1399053601.934	n	10.7039	3.59089	19.054	32.1394
1399053601.997	n	10.7038	3.59089	19.037	32.1395
1399053602.061	n	10.7036	3.59088	19.021	32.1396
1399053602.122	n	10.7034	3.59087	18.996	32.1396
1399053602.186	n	10.7032	3.59085	18.976	32.1397
1399053602.246	n	10.7029	3.59084	18.957	32.1398
1399053602.309	n	10.7026	3.59083	18.936	32.1400
1399053602.372	n	10.7023	3.59083	18.918	32.1402
1399053602.435	n	10.7022	3.59082	18.899	32.1403
1399053602.497	n	10.7020	3.59080	18.877	32.1403
1399053602.559	n	10.7018	3.59079	18.857	32.1403
1399053602.622	n	10.7016	3.59078	18.834	32.1404
1399053602.686	n	10.7014	3.59078	18.814	32.1406
1399053602.746	n	10.7012	3.59078	18.793	32.1408
1399053602.810	n	10.7011	3.59078	18.775	32.1410
1399053602.873	n	10.7009	3.59079	18.755	32.1411
1399053602.935	n	10.7008	3.59078	18.731	32.1412
1399053602.998	n	10.7007	3.59078	18.710	32.1413
1399053603.060	n	10.7005	3.59076	18.693	32.1413
1399053603.121	n	10.7004	3.59074	18.673	32.1412
1399053603.185	n	10.7002	3.59071	18.653	32.1411
1399053603.248	n	10.7001	3.59070	18.631	32.1410
1399053603.309	n	10.7000	3.59069	18.613	32.1411
1399053603.372	n	10.6998	3.59069	18.595	32.1412
1399053603.435	n	10.6997	3.59070	18.574	32.1414
1399053603.622	y	10.6996	3.59069	18.555	32.1414
1399053603.628	n	10.6995	3.59068	18.533	32.1414
1399053603.634	n	10.6994	3.59066	18.517	32.1413
1399053603.685	n	10.6994	3.59065	18.496	32.1413
1399053603.747	n	10.6993	3.59064	18.477	32.1412
1399053603.810	n	10.6992	3.59064	18.459	32.1412
1399053603.872	n	10.6992	3.59063	18.438	32.1412
1399053603.935	n	10.6991	3.59063	18.423	32.1413
1399053603.997	n	10.6990	3.59063	18.404	32.1414
1399053604.060	n	10.6989	3.59061	18.386	32.1413
1399053604.123	n	10.6989	3.59060	18.369	32.1412
1399053604.185	n	10.6989	3.59059	18.351	32.1411
1399053604.247	n	10.6989	3.59057	18.330	32.1410
1399053604.310	n	10.6989	3.59056	18.311	32.1409
1399053604.373	n	10.6989	3.59055	18.296	32.1408
1399053604.435	n	10.6989	3.59054	18.281	32.1406
1399053604.496	n	10.6989	3.59053	18.261	32.1405
1399053604.586	y	10.6989	3.59052	18.244	32.1405
1399053604.624	n	10.6989	3.59052	18.227	32.1405
1399053604.685	n	10.6990	3.59052	18.207	32.1404
1399053604.746	n	10.6991	3.59051	18.193	32.1402
1399053604.811	n	10.6992	3.59049	18.175	32.1400
1399053604.873	n	10.6993	3.59048	18.159	32.1398
1399053604.935	n	10.6994	3.59048	18.142	32.1396
1399053604.996	n	10.6995	3.59047	18.126	32.1395
1399053605.060	n	10.6997	3.59047	18.107	32.1393
1399053605.123	n	10.6999	3.59046	18.091	32.1391
1399053605.184	n	10.7001	3.59045	18.074	32.1388
1399053605.247	n	10.7003	3.59044	18.057	32.1385
1399053605.309	n	10.7005	3.59042	18.043	32.1381
1399053605.372	n	10.7007	3.59041	18.037	32.1379
1399053605.434	n	10.7009	3.59041	18.018	32.1377
1399053605.498	n	10.7012	3.59041	18.000	32.1375
1399053605.560	n	10.7015	3.59041	17.985	32.1372
1399053605.623	n	10.7018	3.59039	17.967	32.1367
1399053605.686	n	10.7022	3.59037	17.952	32.1362
1399053605.747	n	10.7025	3.59035	17.939	32.1357
1399053605.809	n	10.7029	3.59035	17.923	32.1353
1399053605.873	n	10.7033	3.59035	17.909	32.1351
1399053605.935	n	10.7038	3.59035	17.891	32.1347
1399053605.996	n	10.7042	3.59035	17.879	32.1343
1399053606.059	n	10.7046	3.59033	17.862	32.1337
1399053606.123	n	10.7050	3.59031	17.847	32.1332
1399053606.185	n	10.7055	3.59029	17.830	32.1325
1399053606.246	n	10.7060	3.59027	17.820	32.1320
1399053606.309	n	10.7064	3.59026	17.803	32.1314
1399053606.371	n	10.7069	3.59025	17.788	32.1309
1399053606.435	n	10.7075	3.59024	17.774	32.1303
1399053606.497	n	10.7080	3.59024	17.758	32.1298
1399053606.559	n	10.7086	3.59024	17.744	32.1293
1399053606.621	n	10.7092	3.59023	17.729	32.1287
1399053606.685	n	10.7098	3.59021	17.715	32.1281
1399053606.747	n	10.7103	3.59020	17.701	32.1275
1399053606.810	n	10.7109	3.59019	17.687	32.1268
1399053606.873	n	10.7115	3.59017	17.671	32.1262
1399053606.936	n	10.7122	3.59017	17.659	32.1256
1399053606.997	n	10.7129	3.59016	17.646	32.1248
1399053607.060	n	10.7136	3.59016	17.631	32.1242
1399053607.122	n	10.7143	3.59015	17.614	32.1235
1399053607.185	n	10.7150	3.59014	17.604	32.1228
1399053607.247	n	10.7158	3.59012	17.588	32.1220
1399053607.310	n	10.7166	3.59010	17.574	32.1211
1399053607.372	n	10.7174	3.59009	17.560	32.1202
1399053607.435	n	10.7183	3.59008	17.550	32.1194
1399053607.498	n	10.7191	3.59007	17.532	32.1186
1399053607.560	n	10.7199	3.59007	17.523	32.1178
1399053607.622	n	10.7208	3.59007	17.505	32.1170
1399053607.686	n	10.7217	3.59007	17.490	32.1162
1399053607.898	y	10.7226	3.59007	17.473	32.1154
1399053607.906	n	10.7235	3.59005	17.459	32.1145
1399053607.913	n	10.7244	3.59004	17.443	32.1136
1399053607.935	n	10.7252	3.59002	17.433	32.1127
1399053607.996	n	10.7261	3.58999	17.418	32.1116
1399053608.058	n	10.7270	3.58998	17.407	32.1107
1399053608.123	n	10.7279	3.58997	17.389	32.1098
1399053608.185	n	10.7288	3.58996	17.373	32.1089
1399053608.268	y	10.7298	3.58996	17.358	32.1081
1399053608.310	n	10.7307	3.58995	17.343	32.1073
1399053608.376	n	10.7316	3.58994	17.325	32.1064
1399053608.435	n	10.7325	3.58993	17.312	32.1055
1399053608.497	n	10.7334	3.58992	17.301	32.1046
1399053608.559	n	10.7343	3.58991	17.286	32.1037
1399053608.623	n	10.7353	3.58991	17.270	32.1028
1399053608.685	n	10.7363	3.58990	17.257	32.1018
1399053608.748	n	10.7373	3.58988	17.239	32.1008
1399053608.810	n	10.7383	3.58987	17.224	32.0998
1399053608.872	n	10.7393	3.58985	17.211	32.0988
1399053608.935	n	10.7402	3.58984	17.196	32.0978
1399053608.997	n	10.7412	3.58983	17.184	32.0969
1399053609.059	n	10.7421	3.58982	17.167	32.0959
1399053609.122	n	10.7432	3.58981	17.149	32.0950
1399053609.187	n	10.7442	3.58981	17.135	32.0941
1399053609.247	n	10.7451	3.58979	17.117	32.0931
1399053609.309	n	10.7461	3.58978	17.104	32.0921
1399053609.372	n	10.7471	3.58976	17.088	32.0910
1399053609.435	n	10.7481	3.58974	17.071	32.0900
1399053609.497	n	10.7492	3.58973	17.056	32.0889
1399053609.559	n	10.7503	3.58972	17.039	32.0879
1399053609.622	n	10.7513	3.58970	17.027	32.0868
1399053609.685	n	10.7523	3.58967	17.008	32.0857
1399053609.748	n	10.7534	3.58966	16.992	32.0846
1399053609.809	n	10.7545	3.58964	16.975	32.0834
1399053609.873	n	10.7556	3.58963	16.962	32.0823
1399053609.935	n	10.7567	3.58961	16.948	32.0812
1399053609.998	n	10.7578	3.58959	16.928	32.0800
1399053610.060	n	10.7589	3.58957	16.911	32.0789
1399053610.123	n	10.7601	3.58956	16.895	32.0777
1399053610.186	n	10.7612	3.58954	16.879	32.0765
1399053610.247	n	10.7624	3.58952	16.865	32.0753
1399053610.310	n	10.7636	3.58950	16.848	32.0741
1399053610.372	n	10.7647	3.58948	16.834	32.0729
1399053610.435	n	10.7659	3.58946	16.817	32.0717
1399053610.498	n	10.7670	3.58944	16.806	32.0705
1399053610.561	n	10.7681	3.58942	16.790	32.0693
1399053610.622	n	10.7693	3.58939	16.774	32.0681
1399053610.685	n	10.7704	3.58937	16.755	32.0669
1399053610.748	n	10.7715	3.58934	16.743	32.0656
1399053610.810	n	10.7727	3.58930	16.723	32.0642
1399053610.873	n	10.7739	3.58927	16.710	32.0628
1399053610.935	n	10.7752	3.58924	16.692	32.0614
1399053610.997	n	10.7765	3.58921	16.671	32.0600
1399053611.059	n	10.7779	3.58919	16.660	32.0585
1399053611.122	n	10.7794	3.58916	16.641	32.0570
1399053611.184	n	10.7810	3.58913	16.625	32.0553
1399053611.247	n	10.7826	3.58910	16.607	32.0536
1399053611.310	n	10.7843	3.58908	16.589	32.0519
1399053611.373	n	10.7860	3.58906	16.574	32.0502
1399053611.436	n	10.7879	3.58903	16.558	32.0482
1399053611.496	n	10.7898	3.58899	16.544	32.0462
1399053611.559	n	10.7920	3.58897	16.527	32.0441
1399053611.623	n	10.7942	3.58893	16.507	32.0418
1399053611.686	n	10.7966	3.58891	16.492	32.0395
1399053611.747	n	10.7990	3.58889	16.476	32.0372
1399053611.809	n	10.8015	3.58887	16.459	32.0348
1399053611.872	n	10.8043	3.58885	16.445	32.0321
1399053611.958	y	10.8071	3.58882	16.429	32.0294
1399053612.089	y	10.8100	3.58878	16.410	32.0265
1399053612.096	n	10.8132	3.58875	16.393	32.0235
1399053612.123	n	10.8163	3.58873	16.375	32.0205
1399053612.185	n	10.8196	3.58871	16.357	32.0175
1399053612.247	n	10.8229	3.58869	16.339	32.0143
1399053612.309	n	10.8264	3.58866	16.321	32.0111
1399053612.372	n	10.8298	3.58864	16.309	32.0078
1399053612.434	n	10.8334	3.58861	16.293	32.0044
1399053612.497	n	10.8370	3.58858	16.277	32.0010
1399053612.560	n	10.8406	3.58856	16.256	31.9976
1399053612.623	n	10.8442	3.58852	16.238	31.9941
1399053612.684	n	10.8479	3.58849	16.223	31.9906
1399053612.747	n	10.8516	3.58846	16.205	31.9871
1399053612.809	n	10.8554	3.58843	16.188	31.9834
1399053612.873	n	10.8593	3.58840	16.172	31.9798
1399053612.934	n	10.8633	3.58838	16.156	31.9761
1399053612.997	n	10.8674	3.58837	16.137	31.9724
1399053613.059	n	10.8716	3.58836	16.122	31.9686
1399053613.122	n	10.8759	3.58835	16.108	31.9648
1399053613.184	n	10.8803	3.58833	16.087	31.9608
1399053613.247	n	10.8847	3.58832	16.069	31.9569
1399053613.309	n	10.8891	3.58831	16.053	31.9529
1399053613.372	n	10.8937	3.58829	16.036	31.9488
1399053613.435	n	10.8982	3.58828	16.021	31.9447
1399053613.497	n	10.9028	3.58827	16.003	31.9406
1399053613.559	n	10.9074	3.58825	15.988	31.9364
1399053613.622	n	10.9120	3.58824	15.970	31.9323
1399053613.686	n	10.9167	3.58824	15.951	31.9282
1399053613.746	n	10.9215	3.58823	15.938	31.9240
1399053613.808	n	10.9262	3.58823	15.918	31.9198
1399053613.871	n	10.9310	3.58823	15.902	31.9157
1399053613.935	n	10.9357	3.58823	15.884	31.9116
1399053613.997	n	10.9405	3.58823	15.862	31.9074
1399053614.059	n	10.9451	3.58823	15.846	31.9034
1399053614.124	n	10.9498	3.58822	15.830	31.8993
1399053614.186	n	10.9544	3.58822	15.813	31.8953
1399053614.247	n	10.9590	3.58822	15.797	31.8913
1399053614.309	n	10.9635	3.58822	15.777	31.8874
1399053614.374	n	10.9681	3.58822	15.763	31.8835
1399053614.435	n	10.9725	3.58822	15.745	31.8796
1399053614.497	n	10.9769	3.58823	15.729	31.8758
1399053614.560	n	10.9813	3.58823	15.708	31.8721
1399053614.623	n	10.9856	3.58824	15.693	31.8684
1399053614.684	n	10.9900	3.58824	15.680	31.8646
1399053614.746	n	10.9943	3.58824	15.661	31.8608
1399053614.811	n	10.9986	3.58823	15.645	31.8570
1399053614.872	n	11.0030	3.58823	15.627	31.8533
1399053614.935	n	11.0073	3.58825	15.612	31.8497
1399053614.998	n	11.0115	3.58826	15.594	31.8462
1399053615.060	n	11.0158	3.58828	15.577	31.8427
1399053615.123	n	11.0200	3.58830	15.560	31.8392
1399053615.184	n	11.0243	3.58831	15.548	31.8356
1399053615.247	n	11.0285	3.58830	15.535	31.8319
1399053615.310	n	11.0327	3.58830	15.518	31.8282
1399053615.373	n	11.0369	3.58830	15.500	31.8246
1399053615.436	n	11.0410	3.58831	15.480	31.8211
1399053615.569	y	11.0453	3.58833	15.464	31.8176
1399053615.575	n	11.0495	3.58834	15.450	31.8141
1399053615.624	n	11.0538	3.58836	15.433	31.8106
1399053615.684	n	11.0580	3.58839	15.419	31.8072
1399053615.746	n	11.0623	3.58841	15.401	31.8038
1399053615.809	n	11.0666	3.58843	15.387	31.8003
1399053615.871	n	11.0709	3.58846	15.374	31.7968
1399053615.935	n	11.0752	3.58848	15.360	31.7933
1399053615.997	n	11.0795	3.58849	15.340	31.7898
1399053616.060	n	11.0836	3.58851	15.327	31.7863
1399053616.123	n	11.0878	3.58852	15.311	31.7828
1399053616.185	n	11.0918	3.58853	15.298	31.7794
1399053616.361	y	11.0959	3.58855	15.282	31.7762
1399053616.367	n	11.1000	3.58859	15.265	31.7730
1399053616.373	n	11.1041	3.58864	15.254	31.7699
1399053616.436	n	11.1083	3.58867	15.241	31.7666
1399053616.498	n	11.1124	3.58870	15.225	31.7633
1399053616.560	n	11.1165	3.58872	15.208	31.7601
1399053616.623	n	11.1205	3.58876	15.194	31.7570
1399053616.685	n	11.1245	3.58880	15.186	31.7539
1399053616.748	n	11.1286	3.58885	15.164	31.7509
1399053616.906	y	11.1327	3.58888	15.153	31.7476
1399053616.913	n	11.1367	3.58890	15.137	31.7444
1399053616.935	n	11.1408	3.58893	15.124	31.7412
1399053616.996	n	11.1447	3.58895	15.109	31.7380
1399053617.060	n	11.1485	3.58899	15.093	31.7351
1399053617.123	n	11.1523	3.58905	15.082	31.7325
1399053617.185	n	11.1560	3.58910	15.067	31.7297
1399053617.248	n	11.1598	3.58915	15.052	31.7270
1399053617.309	n	11.1636	3.58920	15.039	31.7242
1399053617.373	n	11.1674	3.58923	15.026	31.7213
1399053617.436	n	11.1711	3.58927	15.019	31.7185
1399053617.498	n	11.1747	3.58933	15.000	31.7159
1399053617.560	n	11.1784	3.58937	14.986	31.7132
1399053617.623	n	11.1820	3.58941	14.973	31.7104
1399053617.686	n	11.1857	3.58946	14.961	31.7077
1399053617.747	n	11.1895	3.58951	14.943	31.7050
1399053617.809	n	11.1932	3.58957	14.934	31.7024
1399053617.874	n	11.1968	3.58963	14.922	31.6999
1399053617.934	n	11.2003	3.58969	14.911	31.6975
1399053617.998	n	11.2037	3.58974	14.897	31.6950
1399053618.060	n	11.2070	3.58979	14.881	31.6927
1399053618.122	n	11.2102	3.58984	14.867	31.6904
1399053618.186	n	11.2134	3.58990	14.855	31.6883
1399053618.247	n	11.2165	3.58996	14.840	31.6862
1399053618.309	n	11.2195	3.59003	14.824	31.6843
1399053618.372	n	11.2225	3.59009	14.814	31.6823
1399053618.435	n	11.2254	3.59016	14.799	31.6804
1399053618.496	n	11.2284	3.59023	14.785	31.6786
1399053618.559	n	11.2313	3.59030	14.769	31.6768
1399053618.622	n	11.2342	3.59037	14.759	31.6750
1399053618.684	n	11.2370	3.59043	14.743	31.6732
1399053618.748	n	11.2398	3.59048	14.729	31.6713
1399053618.810	n	11.2425	3.59054	14.715	31.6696
1399053618.874	n	11.2451	3.59060	14.702	31.6679
1399053618.935	n	11.2478	3.59067	14.689	31.6664
1399053618.997	n	11.2504	3.59076	14.670	31.6649
1399053619.061	n	11.2531	3.59084	14.655	31.6635
1399053619.125	n	11.2556	3.59092	14.647	31.6621
1399053619.187	n	11.2581	3.59099	14.630	31.6606
1399053619.248	y	11.2605	3.59107	14.613	31.6593
1399053619.310	n	11.2629	3.59115	14.600	31.6581
1399053619.372	n	11.2653	3.59124	14.587	31.6570
1399053619.434	n	11.2676	3.59134	14.571	31.6559
1399053619.497	n	11.2698	3.59143	14.556	31.6549
1399053619.559	n	11.2720	3.59152	14.539	31.6539
1399053619.623	n	11.2741	3.59163	14.525	31.6532
1399053619.685	n	11.2762	3.59173	14.511	31.6523
1399053619.748	n	11.2784	3.59183	14.494	31.6515
1399053619.810	n	11.2805	3.59192	14.480	31.6506
1399053619.874	n	11.2827	3.59202	14.463	31.6497
1399053619.934	n	11.2848	3.59212	14.448	31.6488
1399053619.996	n	11.2870	3.59222	14.434	31.6479
1399053620.059	n	11.2891	3.59233	14.417	31.6472
1399053620.123	n	11.2912	3.59245	14.403	31.6466
1399053620.186	n	11.2932	3.59255	14.388	31.6459
1399053620.248	n	11.2952	3.59266	14.371	31.6453
1399053620.309	n	11.2972	3.59278	14.352	31.6447
1399053620.372	n	11.2993	3.59289	14.337	31.6440
1399053620.435	n	11.3014	3.59301	14.322	31.6434
1399053620.628	y	11.3035	3.59313	14.307	31.6428
1399053620.634	n	11.3055	3.59325	14.286	31.6422
1399053620.639	n	11.3075	3.59338	14.272	31.6417
1399053620.684	n	11.3095	3.59350	14.251	31.6413
1399053620.747	n	11.3115	3.59362	14.235	31.6407
1399053620.809	n	11.3136	3.59374	14.219	31.6401
1399053620.873	n	11.3157	3.59386	14.203	31.6395
1399053620.934	n	11.3178	3.59399	14.183	31.6389
1399053620.996	n	11.3199	3.59412	14.167	31.6384
1399053621.059	n	11.3220	3.59425	14.152	31.6379
1399053621.122	n	11.3241	3.59437	14.135	31.6373
1399053621.186	n	11.3262	3.59450	14.118	31.6368
1399053621.248	n	11.3283	3.59462	14.098	31.6361
1399053621.309	n	11.3305	3.59474	14.083	31.6355
1399053621.373	n	11.3326	3.59486	14.062	31.6348
1399053621.436	n	11.3348	3.59498	14.043	31.6342
1399053621.498	n	11.3369	3.59509	14.024	31.6335
1399053621.559	n	11.3390	3.59521	14.006	31.6329
1399053621.622	n	11.3411	3.59533	13.989	31.6322
1399053621.685	n	11.3432	3.59546	13.970	31.6316
1399053621.747	n	11.3453	3.59557	13.950	31.6309
1399053621.810	n	11.3475	3.59568	13.937	31.6302
1399053621.873	n	11.3497	3.59579	13.917	31.6293
1399053621.935	n	11.3519	3.59589	13.898	31.6285
1399053621.997	n	11.3540	3.59600	13.880	31.6277
1399053622.060	n	11.3562	3.59612	13.862	31.6270
1399053622.124	n	11.3583	3.59623	13.843	31.6263
1399053622.187	n	11.3604	3.59633	13.822	31.6255
1399053622.247	n	11.3624	3.59642	13.803	31.6247
1399053622.309	n	11.3646	3.59651	13.784	31.6237
1399053622.373	n	11.3667	3.59659	13.770	31.6227
1399053622.436	n	11.3689	3.59668	13.750	31.6217
1399053622.498	n	11.3711	3.59677	13.733	31.6207
1399053622.560	n	11.3732	3.59686	13.712	31.6197
1399053622.624	n	11.3754	3.59694	13.699	31.6186
1399053622.685	n	11.3776	3.59702	13.680	31.6175
1399053622.747	n	11.3799	3.59709	13.656	31.6162
1399053622.809	n	11.3822	3.59716	13.640	31.6150
1399053622.872	n	11.3846	3.59723	13.623	31.6136
1399053623.014	y	11.3870	3.59730	13.601	31.6122
1399053623.019	n	11.3895	3.59736	13.580	31.6107
1399053623.061	n	11.3920	3.59741	13.559	31.6091
1399053623.122	n	11.3945	3.59747	13.540	31.6075
1399053623.186	n	11.3970	3.59753	13.525	31.6059
1399053623.248	n	11.3995	3.59758	13.506	31.6044
1399053623.309	n	11.4021	3.59764	13.488	31.6027
1399053623.372	n	11.4047	3.59769	13.468	31.6010
1399053623.435	n	11.4074	3.59775	13.452	31.5993
1399053623.497	n	11.4102	3.59781	13.432	31.5975
1399053623.559	n	11.4130	3.59786	13.411	31.5955
1399053623.623	n	11.4159	3.59790	13.393	31.5935
1399053623.684	n	11.4188	3.59794	13.370	31.5914
1399053623.747	n	11.4218	3.59798	13.354	31.5893
1399053623.809	n	11.4248	3.59802	13.336	31.5871
1399053623.873	n	11.4279	3.59806	13.318	31.5848
1399053623.936	n	11.4311	3.59811	13.299	31.5826
1399053623.997	n	11.4344	3.59816	13.286	31.5803
1399053624.061	n	11.4376	3.59821	13.265	31.5780
1399053624.123	n	11.4409	3.59824	13.245	31.5755
1399053624.186	n	11.4443	3.59828	13.230	31.5730
1399053624.248	n	11.4477	3.59831	13.214	31.5704
1399053624.310	n	11.4513	3.59835	13.195	31.5678
1399053624.372	n	11.4548	3.59839	13.177	31.5651
1399053624.435	n	11.4585	3.59843	13.163	31.5624
1399053624.496	n	11.4622	3.59848	13.145	31.5598
1399053624.559	n	11.4659	3.59853	13.127	31.5571
1399053624.623	n	11.4697	3.59858	13.112	31.5543
1399053624.684	n	11.4736	3.59863	13.096	31.5515
1399053624.817	y	11.4775	3.59868	13.077	31.5486
1399053624.822	n	11.4815	3.59871	13.059	31.5456
1399053624.872	n	11.4856	3.59876	13.045	31.5426
1399053624.935	n	11.4898	3.59882	13.028	31.5396
1399053624.996	n	11.4941	3.59889	13.015	31.5366
1399053625.059	n	11.4986	3.59895	12.998	31.5334
1399053625.123	n	11.5031	3.59901	12.986	31.5301
1399053625.185	n	11.5076	3.59906	12.969	31.5268
1399053625.246	n	11.5120	3.59911	12.950	31.5235
1399053625.310	n	11.5165	3.59918	12.939	31.5204
1399053625.371	n	11.5210	3.59925	12.924	31.5173
1399053625.434	n	11.5255	3.59932	12.909	31.5141
1399053625.498	n	11.5300	3.59938	12.896	31.5108
1399053625.560	n	11.5347	3.59944	12.880	31.5075
1399053625.621	n	11.5394	3.59950	12.869	31.5041
1399053625.685	n	11.5441	3.59957	12.850	31.5007
1399053625.747	n	11.5489	3.59964	12.839	31.4973
1399053625.809	n	11.5536	3.59970	12.820	31.4939
1399053625.873	n	11.5583	3.59975	12.807	31.4904
1399053625.934	n	11.5630	3.59981	12.797	31.4869
1399053625.998	n	11.5677	3.59986	12.783	31.4834
1399053626.059	n	11.5725	3.59991	12.769	31.4800
1399053626.121	n	11.5772	3.59997	12.755	31.4765
1399053626.184	n	11.5819	3.60003	12.738	31.4731
1399053626.247	n	11.5867	3.60009	12.728	31.4696
1399053626.309	n	11.5914	3.60014	12.713	31.4661
1399053626.373	n	11.5962	3.60020	12.704	31.4626
1399053626.436	n	11.6011	3.60024	12.692	31.4589
1399053626.540	y	11.6060	3.60028	12.681	31.4551
1399053626.560	n	11.6110	3.60033	12.667	31.4513
1399053626.621	n	11.6159	3.60037	12.652	31.4476
1399053626.685	n	11.6209	3.60042	12.639	31.4438
1399053626.747	n	11.6260	3.60048	12.628	31.4402
1399053626.809	n	11.6310	3.60055	12.621	31.4365
1399053626.873	n	11.6362	3.60060	12.607	31.4326
1399053626.936	n	11.6414	3.60064	12.594	31.4286
1399053626.998	n	11.6467	3.60069	12.585	31.4246
1399053627.060	n	11.6520	3.60073	12.573	31.4205
1399053627.122	n	11.6573	3.60078	12.561	31.4165
1399053627.184	n	11.6625	3.60083	12.547	31.4126
1399053627.247	n	11.6678	3.60088	12.538	31.4086
1399053627.309	n	11.6731	3.60092	12.526	31.4046
1399053627.373	n	11.6784	3.60098	12.514	31.4007
1399053627.436	n	11.6838	3.60105	12.504	31.3967
1399053627.497	n	11.6893	3.60110	12.492	31.3927
1399053627.559	n	11.6947	3.60116	12.479	31.3886
1399053627.624	n	11.7001	3.60121	12.470	31.3845
1399053627.687	n	11.7056	3.60127	12.459	31.3805
1399053627.747	n	11.7110	3.60134	12.449	31.3766
1399053627.809	n	11.7163	3.60141	12.433	31.3728
1399053627.873	n	11.7217	3.60147	12.419	31.3688
1399053627.936	n	11.7270	3.60153	12.408	31.3649
1399053627.998	n	11.7323	3.60159	12.398	31.3610
1399053628.060	n	11.7377	3.60166	12.386	31.3572
1399053628.122	n	11.7431	3.60173	12.375	31.3533
1399053628.186	n	11.7485	3.60180	12.364	31.3494
1399053628.246	n	11.7538	3.60188	12.352	31.3457
1399053628.309	n	11.7592	3.60196	12.339	31.3419
1399053628.372	n	11.7646	3.60204	12.329	31.3381
1399053628.435	n	11.7701	3.60212	12.315	31.3343
1399053628.497	n	11.7756	3.60219	12.309	31.3303
1399053628.560	n	11.7811	3.60227	12.291	31.3265
1399053628.623	n	11.7865	3.60235	12.283	31.3227
1399053628.687	n	11.7920	3.60243	12.270	31.3188
1399053628.747	n	11.7974	3.60250	12.258	31.3150
1399053628.809	n	11.8028	3.60258	12.247	31.3112
1399053628.873	n	11.8082	3.60266	12.236	31.3074
1399053628.934	n	11.8137	3.60275	12.224	31.3037
1399053629.087	y	11.8192	3.60284	12.210	31.2999
1399053629.092	n	11.8247	3.60293	12.202	31.2962
1399053629.123	n	11.8300	3.60302	12.192	31.2925
1399053629.184	n	11.8353	3.60311	12.173	31.2890
1399053629.247	n	11.8404	3.60320	12.163	31.2856
1399053629.309	n	11.8456	3.60330	12.149	31.2822
1399053629.373	n	11.8509	3.60339	12.138	31.2787
1399053629.436	n	11.8562	3.60350	12.129	31.2753
1399053629.498	n	11.8615	3.60360	12.115	31.2718
1399053629.560	n	11.8667	3.60371	12.101	31.2685
1399053629.622	n	11.8719	3.60383	12.088	31.2652
1399053629.685	n	11.8770	3.60394	12.074	31.2620
1399053629.747	n	11.8821	3.60405	12.059	31.2588
1399053629.809	n	11.8871	3.60416	12.049	31.2557
1399053629.875	n	11.8922	3.60426	12.032	31.2525
1399053629.936	n	11.8971	3.60436	12.020	31.2493
1399053629.997	n	11.9021	3.60446	12.007	31.2460
1399053630.060	n	11.9070	3.60456	11.993	31.2429
1399053630.124	n	11.9119	3.60466	11.977	31.2397
1399053630.262	y	11.9168	3.60474	11.963	31.2364
1399053630.267	n	11.9216	3.60483	11.947	31.2332
1399053630.309	n	11.9264	3.60491	11.932	31.2300
1399053630.373	n	11.9312	3.60499	11.917	31.2268
1399053630.436	n	11.9359	3.60508	11.905	31.2237
1399053630.497	n	11.9406	3.60514	11.889	31.2203
1399053630.560	n	11.9454	3.60520	11.876	31.2169
1399053630.623	n	11.9502	3.60526	11.865	31.2135
1399053630.684	n	11.9550	3.60532	11.843	31.2100
1399053630.747	n	11.9598	3.60537	11.832	31.2066
1399053630.809	n	11.9645	3.60543	11.817	31.2031
1399053630.873	n	11.9693	3.60548	11.802	31.1996
1399053630.936	n	11.9742	3.60552	11.786	31.1959
1399053630.998	n	11.9791	3.60555	11.767	31.1922
1399053631.059	n	11.9841	3.60559	11.755	31.1884
1399053631.123	n	11.9891	3.60563	11.736	31.1846
1399053631.184	n	11.9942	3.60567	11.725	31.1807
1399053631.247	n	11.9993	3.60570	11.707	31.1767
1399053631.309	n	12.0046	3.60573	11.690	31.1726
1399053631.373	n	12.0099	3.60576	11.672	31.1684
1399053631.436	n	12.0153	3.60579	11.657	31.1643
1399053631.498	n	12.0205	3.60582	11.638	31.1602
1399053631.560	n	12.0257	3.60584	11.622	31.1560
1399053631.622	n	12.0310	3.60585	11.605	31.1518
1399053631.686	n	12.0362	3.60587	11.591	31.1476
1399053631.747	n	12.0413	3.60589	11.573	31.1435
1399053631.809	n	12.0465	3.60591	11.554	31.1394
1399053631.874	n	12.0515	3.60594	11.536	31.1355
1399053631.936	n	12.0565	3.60596	11.516	31.1316
1399053631.996	n	12.0611	3.60598	11.498	31.1279
1399053632.059	n	12.0655	3.60600	11.482	31.1244
1399053632.121	n	12.0696	3.60601	11.462	31.1211
1399053632.186	n	12.0735	3.60602	11.440	31.1179
1399053632.247	n	12.0772	3.60603	11.422	31.1151
1399053632.345	y	12.0807	3.60606	11.403	31.1123
1399053632.372	n	12.0841	3.60609	11.384	31.1098
1399053632.437	n	12.0874	3.60611	11.365	31.1073
1399053632.498	n	12.0907	3.60612	11.350	31.1047
1399053632.560	n	12.0939	3.60612	11.328	31.1020
1399053632.621	n	12.0971	3.60611	11.307	31.0992
1399053632.685	n	12.1003	3.60611	11.289	31.0965
1399053632.747	n	12.1035	3.60612	11.270	31.0940
1399053632.809	n	12.1066	3.60614	11.249	31.0917
1399053632.874	n	12.1097	3.60616	11.231	31.0893
1399053632.935	n	12.1129	3.60618	11.211	31.0868
1399053632.998	n	12.1160	3.60619	11.195	31.0843
1399053633.059	n	12.1191	3.60620	11.175	31.0818
1399053633.123	n	12.1223	3.60622	11.155	31.0794
1399053633.185	n	12.1254	3.60625	11.135	31.0771
1399053633.369	y	12.1286	3.60627	11.115	31.0747
1399053633.378	n	12.1318	3.60630	11.098	31.0723
1399053633.385	n	12.1350	3.60632	11.079	31.0698
1399053633.439	n	12.1383	3.60634	11.063	31.0673
1399053633.497	n	12.1416	3.60637	11.044	31.0649
1399053633.559	n	12.1449	3.60638	11.026	31.0622
1399053633.623	n	12.1483	3.60640	11.009	31.0596
1399053633.684	n	12.1517	3.60641	10.994	31.0569
1399053633.748	n	12.1551	3.60642	10.975	31.0541
1399053633.810	n	12.1585	3.60644	10.957	31.0515
1399053633.873	y	12.1620	3.60647	10.941	31.0489
1399053633.934	n	12.1655	3.60650	10.921	31.0463
1399053633.997	n	12.1689	3.60653	10.906	31.0437
1399053634.060	n	12.1723	3.60655	10.888	31.0412
1399053634.122	n	12.1756	3.60658	10.870	31.0387
1399053634.186	n	12.1790	3.60662	10.854	31.0363
1399053634.247	n	12.1823	3.60667	10.841	31.0340
1399053634.310	n	12.1856	3.60670	10.822	31.0316
1399053634.372	n	12.1890	3.60673	10.804	31.0291
1399053634.437	n	12.1923	3.60675	10.790	31.0266
1399053634.499	n	12.1955	3.60678	10.772	31.0242
1399053634.561	n	12.1987	3.60681	10.760	31.0217
1399053634.623	n	12.2019	3.60684	10.745	31.0195
1399053634.685	n	12.2050	3.60687	10.731	31.0172
1399053634.748	n	12.2080	3.60689	10.716	31.0149
1399053634.809	n	12.2110	3.60691	10.700	31.0125
1399053634.873	n	12.2140	3.60693	10.685	31.0102
1399053634.934	n	12.2170	3.60694	10.674	31.0079
1399053634.997	n	12.2199	3.60696	10.658	31.0057
1399053635.060	n	12.2228	3.60699	10.645	31.0036
1399053635.122	n	12.2255	3.60701	10.634	31.0016
1399053635.186	n	12.2282	3.60703	10.619	30.9995
1399053635.248	n	12.2307	3.60704	10.604	30.9975
1399053635.310	n	12.2333	3.60705	10.594	30.9955
1399053635.373	n	12.2357	3.60706	10.581	30.9936
1399053635.435	n	12.2382	3.60708	10.569	30.9918
1399053635.498	n	12.2406	3.60711	10.557	30.9900
1399053635.560	n	12.2432	3.60714	10.542	30.9882
1399053635.622	n	12.2457	3.60716	10.534	30.9863
1399053635.687	n	12.2483	3.60718	10.522	30.9844
1399053635.747	n	12.2509	3.60720	10.511	30.9824
1399053635.810	n	12.2536	3.60722	10.499	30.9804
1399053635.872	n	12.2564	3.60725	10.488	30.9783
1399053635.936	n	12.2593	3.60727	10.475	30.9761
1399053635.997	n	12.2623	3.60728	10.459	30.9738
1399053636.060	n	12.2654	3.60730	10.450	30.9714
1399053636.122	n	12.2684	3.60730	10.439	30.9689
1399053636.185	n	12.2715	3.60732	10.427	30.9665
1399053636.247	n	12.2746	3.60734	10.415	30.9642
1399053636.310	n	12.2776	3.60737	10.406	30.9619
1399053636.372	n	12.2807	3.60739	10.393	30.9596
1399053636.437	n	12.2837	3.60742	10.381	30.9574
1399053636.497	n	12.2867	3.60744	10.370	30.9552
1399053636.559	n	12.2896	3.60747	10.362	30.9530
1399053636.623	n	12.2924	3.60749	10.351	30.9509
1399053636.684	n	12.2952	3.60750	10.339	30.9488
1399053636.747	n	12.2979	3.60753	10.332	30.9467
1399053636.810	n	12.3005	3.60756	10.319	30.9450
1399053636.874	n	12.3029	3.60761	10.303	30.9434
1399053636.935	n	12.3052	3.60766	10.296	30.9420
1399053636.999	n	12.3073	3.60771	10.288	30.9407
1399053637.059	n	12.3094	3.60776	10.278	30.9395
1399053637.123	n	12.3113	3.60782	10.266	30.9385
1399053637.185	n	12.3130	3.60789	10.255	30.9378
1399053637.247	n	12.3147	3.60798	10.247	30.9373
1399053637.310	n	12.3163	3.60808	10.238	30.9369
1399053637.372	n	12.3179	3.60819	10.228	30.9366
1399053637.493	y	12.3196	3.60830	10.216	30.9363
1399053637.500	y	12.3215	3.60842	10.207	30.9359
1399053637.717	n	12.3236	3.60855	10.198	30.9354
1399053637.722	n	12.3259	3.60869	10.190	30.9348
1399053637.728	n	12.3284	3.60885	10.178	30.9342
1399053637.747	n	12.3312	3.60901	10.167	30.9335
1399053637.809	n	12.3340	3.60920	10.154	30.9330
1399053637.873	n	12.3369	3.60938	10.146	30.9323
1399053637.934	n	12.3398	3.60957	10.133	30.9317
1399053637.998	n	12.3426	3.60977	10.123	30.9313
1399053638.060	n	12.3454	3.60998	10.114	30.9310
1399053638.123	n	12.3480	3.61018	10.106	30.9308
1399053638.184	n	12.3506	3.61040	10.094	30.9307
1399053638.246	n	12.3532	3.61062	10.082	30.9306
1399053638.310	n	12.3558	3.61084	10.075	30.9306
1399053638.372	n	12.3582	3.61107	10.065	30.9308
1399053638.441	n	12.3606	3.61130	10.052	30.9311
1399053638.498	n	12.3628	3.61152	10.044	30.9314
1399053638.560	n	12.3650	3.61174	10.034	30.9316
1399053638.624	n	12.3672	3.61196	10.027	30.9319
1399053638.685	n	12.3692	3.61217	10.015	30.9322
1399053638.747	n	12.3712	3.61239	10.004	30.9327
1399053638.810	n	12.3730	3.61260	9.994	30.9332
1399053638.872	n	12.3748	3.61281	9.983	30.9338
1399053638.935	n	12.3766	3.61303	9.973	30.9344
1399053638.998	n	12.3784	3.61325	9.963	30.9350
1399053639.060	n	12.3802	3.61346	9.954	30.9356
1399053639.123	n	12.3820	3.61368	9.940	30.9361
1399053639.185	n	12.3838	3.61389	9.936	30.9366
1399053639.247	n	12.3855	3.61410	9.923	30.9373
1399053639.309	n	12.3871	3.61431	9.909	30.9379
1399053639.372	n	12.3887	3.61451	9.900	30.9386
1399053639.439	n	12.3901	3.61472	9.888	30.9393
1399053639.498	n	12.3915	3.61492	9.878	30.9401
1399053639.559	n	12.3929	3.61514	9.870	30.9410
1399053639.624	n	12.3943	3.61535	9.862	30.9419
1399053639.685	n	12.3955	3.61557	9.850	30.9429
1399053639.748	n	12.3967	3.61577	9.838	30.9440
1399053639.810	n	12.3977	3.61599	9.828	30.9451
1399053639.873	n	12.3987	3.61620	9.820	30.9463
1399053639.934	n	12.3997	3.61641	9.806	30.9476
1399053639.997	n	12.4006	3.61664	9.797	30.9489
1399053640.060	n	12.4015	3.61686	9.789	30.9503
1399053640.122	y	12.4023	3.61709	9.776	30.9519
1399053640.186	n	12.4031	3.61732	9.764	30.9535
1399053640.247	n	12.4037	3.61755	9.753	30.9551
1399053640.310	n	12.4043	3.61778	9.744	30.9568
1399053640.372	n	12.4048	3.61801	9.730	30.9585
1399053640.435	n	12.4053	3.61823	9.719	30.9603
1399053640.498	n	12.4057	3.61845	9.708	30.9621
1399053640.560	n	12.4060	3.61868	9.697	30.9639
1399053640.623	n	12.4063	3.61890	9.685	30.9659
1399053640.684	n	12.4065	3.61912	9.671	30.9678
1399053640.747	n	12.4067	3.61934	9.661	30.9697
1399053640.810	n	12.4068	3.61955	9.647	30.9716
1399053640.872	n	12.4068	3.61976	9.634	30.9736
1399053640.936	n	12.4067	3.62084	9.623	30.9840
1399053640.997	n	12.4057	3.62446	9.614	31.0192
1399053641.059	n	12.4029	3.62977	9.599	31.0721
1399053641.122	n	12.3976	3.63523	9.588	31.1284
1399053641.186	n	12.3907	3.63937	9.579	31.1735
1399053641.248	y	12.3837	3.64108	9.564	31.1956
1399053641.310	n	12.3781	3.64081	9.546	31.1977
1399053641.372	n	12.3744	3.64055	9.536	31.1983
1399053641.436	n	12.3723	3.64049	9.522	31.1995
1399053641.575	y	12.3708	3.64049	9.511	31.2007
1399053641.580	n	12.3695	3.64048	9.499	31.2017
1399053641.623	n	12.3682	3.64042	9.484	31.2023
1399053641.684	n	12.3666	3.64031	9.470	31.2025
1399053641.747	n	12.3649	3.64018	9.452	31.2026
1399053641.810	n	12.3635	3.64007	9.436	31.2028
1399053641.874	n	12.3626	3.64001	9.423	31.2031
1399053641.935	n	12.3620	3.64000	9.410	31.2035
1399053641.996	n	12.3613	3.63990	9.396	31.2031
1399053642.061	n	12.3602	3.63967	9.383	31.2018
1399053642.121	n	12.3587	3.63938	9.368	31.2002
1399053642.185	n	12.3572	3.63909	9.354	31.1988
1399053642.247	n	12.3560	3.63886	9.339	31.1976
1399053642.309	n	12.3551	3.63873	9.323	31.1971
1399053642.374	n	12.3544	3.63862	9.307	31.1966
1399053642.436	n	12.3537	3.63847	9.289	31.1958
1399053642.497	n	12.3530	3.63831	9.279	31.1949
1399053642.560	n	12.3522	3.63814	9.265	31.1939
1399053642.624	n	12.3514	3.63799	9.247	31.1931
1399053642.685	n	12.3508	3.63788	9.229	31.1926
1399053642.748	n	12.3504	3.63784	9.215	31.1925
1399053642.809	n	12.3503	3.63783	9.200	31.1926
1399053642.874	n	12.3501	3.63780	9.186	31.1924
1399053642.935	n	12.3499	3.63775	9.170	31.1922
1399053642.998	n	12.3497	3.63771	9.153	31.1919
1399053643.060	n	12.3495	3.63767	9.135	31.1918
1399053643.123	n	12.3494	3.63767	9.121	31.1918
1399053643.185	n	12.3494	3.63771	9.103	31.1922
1399053643.247	n	12.3494	3.63778	9.083	31.1929
1399053643.309	n	12.3495	3.63788	9.069	31.1938
1399053643.373	n	12.3496	3.63797	9.052	31.1946
1399053643.435	n	12.3497	3.63804	9.035	31.1951
1399053643.498	n	12.3498	3.63804	9.016	31.1951
1399053643.559	n	12.3498	3.63795	8.997	31.1943
1399053643.622	n	12.3496	3.63769	8.983	31.1919
1399053643.685	n	12.3493	3.63730	8.967	31.1885
1399053643.748	n	12.3486	3.63691	8.948	31.1853
1399053643.810	n	12.3476	3.63653	8.932	31.1825
1399053643.873	n	12.3464	3.63617	8.922	31.1801
1399053643.934	n	12.3450	3.63582	8.900	31.1779
1399053643.997	n	12.3437	3.63546	8.880	31.1755
1399053644.060	n	12.3426	3.63514	8.866	31.1735
1399053644.123	n	12.3417	3.63496	8.849	31.1725
1399053644.185	n	12.3411	3.63492	8.834	31.1725
1399053644.247	n	12.3409	3.63495	8.818	31.1731
1399053644.311	n	12.3408	3.63501	8.803	31.1738
1399053644.373	n	12.3408	3.63508	8.788	31.1744
1399053644.436	n	12.3409	3.63508	8.774	31.1743
1399053644.497	n	12.3410	3.63496	8.755	31.1731
1399053644.559	n	12.3412	3.63475	8.742	31.1710
1399053644.624	n	12.3412	3.63454	8.725	31.1690
1399053644.685	n	12.3412	3.63441	8.707	31.1677
1399053644.748	n	12.3411	3.63437	8.690	31.1675
1399053644.810	y	12.3408	3.63436	8.675	31.1676
1399053644.873	n	12.3404	3.63433	8.660	31.1676
1399053644.934	n	12.3399	3.63427	8.642	31.1675
1399053644.997	n	12.3395	3.63419	8.626	31.1671
1399053645.059	n	12.3391	3.63414	8.610	31.1670
1399053645.123	n	12.3389	3.63413	8.592	31.1671
1399053645.184	n	12.3387	3.63414	8.578	31.1672
1399053645.248	n	12.3386	3.63414	8.563	31.1674
1399053645.310	n	12.3386	3.63414	8.543	31.1674
1399053645.373	n	12.3385	3.63413	8.526	31.1673
1399053645.436	n	12.3383	3.63399	8.508	31.1663
1399053645.498	n	12.3376	3.63363	8.497	31.1634
1399053645.560	n	12.3363	3.63307	8.484	31.1591
1399053645.623	n	12.3344	3.63243	8.469	31.1546
1399053645.684	n	12.3323	3.63186	8.451	31.1509
1399053645.840	y	12.3304	3.63150	8.433	31.1491
1399053645.845	n	12.3290	3.63132	8.413	31.1485
1399053645.874	n	12.3280	3.63122	8.401	31.1484
1399053645.936	n	12.3272	3.63113	8.386	31.1483
1399053645.998	n	12.3265	3.63106	8.374	31.1481
1399053646.060	n	12.3261	3.63099	8.355	31.1478
1399053646.123	n	12.3258	3.63091	8.343	31.1474
1399053646.186	n	12.3255	3.63084	8.321	31.1469
1399053646.248	n	12.3252	3.63077	8.307	31.1465
1399053646.310	n	12.3249	3.63071	8.292	31.1461
1399053646.373	n	12.3247	3.63067	8.278	31.1460
1399053646.436	n	12.3245	3.63066	8.264	31.1459
1399053646.498	n	12.3248	3.63067	8.247	31.1458
1399053646.560	n	12.3257	3.63071	8.228	31.1455
1399053646.623	n	12.3270	3.63075	8.217	31.1448
1399053646.684	n	12.3286	3.63078	8.203	31.1438
1399053646.747	n	12.3301	3.63080	8.188	31.1427
1399053646.809	n	12.3312	3.63074	8.172	31.1413
1399053646.875	n	12.3316	3.63059	8.156	31.1395
1399053646.935	n	12.3314	3.63033	8.138	31.1372
1399053646.997	n	12.3304	3.63000	8.124	31.1349
1399053647.060	n	12.3289	3.62967	8.112	31.1330
1399053647.123	n	12.3273	3.62938	8.093	31.1316
1399053647.184	n	12.3258	3.62908	8.074	31.1299
1399053647.248	n	12.3245	3.62872	8.063	31.1276
1399053647.310	n	12.3232	3.62829	8.047	31.1245
1399053647.373	n	12.3218	3.62780	8.030	31.1211
1399053647.434	n	12.3202	3.62730	8.017	31.1177
1399053647.497	n	12.3184	3.62683	8.002	31.1147
1399053647.559	n	12.3166	3.62638	7.987	31.1119
1399053647.622	n	12.3152	3.62596	7.971	31.1091
1399053647.686	n	12.3142	3.62561	7.955	31.1066
1399053647.803	y	12.3136	3.62535	7.941	31.1045
1399053647.810	n	12.3135	3.62516	7.924	31.1028
1399053647.873	n	12.3137	3.62505	7.911	31.1016
1399053647.934	n	12.3141	3.62498	7.898	31.1007
1399053647.997	n	12.3145	3.62493	7.883	31.0998
1399053648.060	n	12.3150	3.62485	7.871	31.0987
1399053648.121	n	12.3154	3.62470	7.856	31.0969
1399053648.185	n	12.3161	3.62447	7.839	31.0941
1399053648.248	n	12.3176	3.62423	7.823	31.0907
1399053648.310	n	12.3202	3.62404	7.811	31.0867
1399053648.372	n	12.3238	3.62396	7.800	31.0829
1399053648.453	y	12.3280	3.62396	7.783	31.0794
1399053648.497	n	12.3317	3.62398	7.771	31.0765
1399053648.559	n	12.3343	3.62399	7.761	31.0745
1399053648.622	n	12.3356	3.62401	7.745	31.0736
1399053648.686	n	12.3360	3.62404	7.732	31.0737
1399053648.748	n	12.3359	3.62411	7.722	31.0743
1399053648.810	n	12.3359	3.62417	7.704	31.0749
1399053648.874	n	12.3360	3.62423	7.694	31.0755
1399053648.936	n	12.3360	3.62428	7.682	31.0759
1399053648.998	n	12.3360	3.62432	7.670	31.0762
1399053649.059	n	12.3364	3.62437	7.658	31.0764
1399053649.122	n	12.3373	3.62442	7.647	31.0762
1399053649.186	n	12.3383	3.62445	7.634	31.0757
1399053649.248	n	12.3389	3.62445	7.622	31.0752
1399053649.310	n	12.3391	3.62443	7.612	31.0749
1399053649.374	n	12.3392	3.62439	7.598	31.0743
1399053649.435	n	12.3398	3.62435	7.589	31.0735
1399053649.497	n	12.3411	3.62432	7.580	31.0721
1399053649.559	n	12.3427	3.62430	7.568	31.0706
1399053649.622	n	12.3442	3.62427	7.559	31.0691
1399053649.686	n	12.3454	3.62423	7.550	31.0677
1399053649.747	n	12.3463	3.62417	7.537	31.0664
1399053649.810	n	12.3471	3.62410	7.527	31.0651
1399053649.873	n	12.3478	3.62403	7.515	31.0638
1399053649.935	n	12.3486	3.62396	7.506	31.0625
1399053650.098	y	12.3494	3.62390	7.496	31.0614
1399053650.107	n	12.3500	3.62386	7.487	31.0603
1399053650.123	n	12.3505	3.62382	7.474	31.0597
1399053650.184	n	12.3507	3.62381	7.465	31.0594
1399053650.247	n	12.3509	3.62380	7.455	31.0591
1399053650.310	n	12.3511	3.62381	7.448	31.0590
1399053650.372	n	12.3514	3.62383	7.440	31.0590
1399053650.435	n	12.3516	3.62384	7.429	31.0589
1399053650.497	n	12.3517	3.62385	7.419	31.0589
1399053650.559	n	12.3517	3.62386	7.411	31.0590
1399053650.623	n	12.3519	3.62387	7.401	31.0590
1399053650.686	n	12.3522	3.62390	7.393	31.0589
1399053650.747	n	12.3525	3.62395	7.384	31.0592
1399053650.811	n	12.3527	3.62401	7.374	31.0596
1399053650.872	n	12.3526	3.62405	7.364	31.0601
1399053650.935	n	12.3525	3.62408	7.358	31.0605
1399053650.998	n	12.3529	3.62410	7.346	31.0603
1399053651.060	n	12.3539	3.62411	7.339	31.0597
1399053651.122	n	12.3549	3.62414	7.330	31.0590
1399053651.185	n	12.3559	3.62416	7.319	31.0585
1399053651.248	n	12.3565	3.62419	7.314	31.0583
1399053651.309	n	12.3571	3.62421	7.303	31.0580
1399053651.372	n	12.3579	3.62421	7.293	31.0573
1399053651.435	n	12.3593	3.62422	7.287	31.0561
1399053651.497	n	12.3616	3.62421	7.277	31.0543
1399053651.559	n	12.3644	3.62424	7.270	31.0522
1399053651.622	n	12.3673	3.62430	7.261	31.0504
1399053651.686	n	12.3700	3.62438	7.251	31.0489
1399053651.748	n	12.3719	3.62443	7.241	31.0478
1399053651.810	n	12.3731	3.62447	7.235	31.0472
1399053651.871	n	12.3738	3.62448	7.224	31.0468
1399053651.935	n	12.3742	3.62448	7.210	31.0464
1399053651.997	n	12.3743	3.62448	7.202	31.0463
1399053652.060	n	12.3742	3.62448	7.194	31.0464
1399053652.122	y	12.3742	3.62448	7.182	31.0464
1399053652.186	n	12.3741	3.62448	7.173	31.0465
1399053652.247	n	12.3739	3.62448	7.162	31.0467
1399053652.309	n	12.3738	3.62449	7.151	31.0468
1399053652.373	n	12.3740	3.62452	7.140	31.0470
1399053652.436	n	12.3746	3.62456	7.132	31.0469
1399053652.498	n	12.3757	3.62460	7.119	31.0463
1399053652.559	n	12.3770	3.62462	7.109	31.0455
1399053652.623	n	12.3782	3.62464	7.102	31.0446
1399053652.686	n	12.3791	3.62467	7.090	31.0442
1399053652.748	n	12.3794	3.62469	7.080	31.0441
1399053652.811	n	12.3794	3.62471	7.070	31.0443
1399053652.871	n	12.3795	3.62472	7.058	31.0444
1399053652.935	n	12.3799	3.62473	7.045	31.0442
1399053652.997	n	12.3806	3.62474	7.036	31.0437
1399053653.060	n	12.3812	3.62475	7.025	31.0433
1399053653.123	n	12.3815	3.62475	7.013	31.0430
1399053653.185	n	12.3817	3.62475	7.001	31.0428
1399053653.248	n	12.3820	3.62477	6.990	31.0427
1399053653.309	n	12.3827	3.62481	6.980	31.0426
1399053653.371	n	12.3836	3.62486	6.968	31.0423
1399053653.435	n	12.3845	3.62490	6.954	31.0419
1399053653.497	n	12.3851	3.62491	6.942	31.0416
1399053653.559	n	12.3853	3.62491	6.932	31.0414
1399053653.623	n	12.3851	3.62491	6.919	31.0416
1399053653.684	n	12.3846	3.62493	6.907	31.0422
1399053653.748	n	12.3840	3.62494	6.895	31.0428
1399053653.810	n	12.3834	3.62495	6.883	31.0434
1399053653.872	n	12.3828	3.62494	6.871	31.0438
1399053653.935	n	12.3824	3.62492	6.860	31.0440
1399053653.998	n	12.3822	3.62492	6.844	31.0442
1399053654.061	n	12.3820	3.62493	6.836	31.0443
1399053654.122	n	12.3821	3.62494	6.823	31.0444
1399053654.184	n	12.3822	3.62497	6.809	31.0445
1399053654.408	y	12.3825	3.62500	6.801	31.0446
1399053654.416	n	12.3831	3.62503	6.787	31.0444
1399053654.421	n	12.3839	3.62507	6.773	31.0441
1399053654.434	n	12.3852	3.62512	6.763	31.0435
1399053654.498	n	12.3866	3.62516	6.751	31.0428
1399053654.560	n	12.3880	3.62518	6.739	31.0419
1399053654.622	n	12.3898	3.62522	6.729	31.0407
1399053654.686	n	12.3923	3.62530	6.712	31.0394
1399053654.748	n	12.3946	3.62539	6.697	31.0384
1399053654.810	n	12.3961	3.62548	6.688	31.0380
1399053654.873	n	12.3964	3.62553	6.678	31.0383
1399053654.936	n	12.3957	3.62551	6.664	31.0386
1399053654.998	n	12.3951	3.62546	6.647	31.0386
1399053655.059	n	12.3955	3.62543	6.634	31.0381
1399053655.124	n	12.3962	3.62544	6.622	31.0375
1399053655.185	n	12.3967	3.62545	6.606	31.0373
1399053655.248	n	12.3968	3.62548	6.596	31.0375
1399053655.310	n	12.3969	3.62553	6.581	31.0378
1399053655.372	n	12.3971	3.62559	6.568	31.0383
1399053655.435	n	12.3976	3.62564	6.551	31.0383
1399053655.497	n	12.3985	3.62568	6.536	31.0380
1399053655.560	n	12.3991	3.62567	6.523	31.0374
1399053655.623	n	12.3996	3.62567	6.510	31.0369
1399053655.684	n	12.4003	3.62571	6.493	31.0368
1399053655.746	n	12.4010	3.62579	6.478	31.0370
1399053655.809	y	12.4017	3.62588	6.460	31.0372
1399053655.873	n	12.4027	3.62596	6.446	31.0372
1399053655.934	n	12.4033	3.62600	6.430	31.0371
1399053655.997	n	12.4038	3.62611	6.416	31.0377
1399053656.060	n	12.4051	3.62638	6.400	31.0393
1399053656.123	n	12.4073	3.62674	6.383	31.0408
1399053656.188	n	12.4108	3.62709	6.370	31.0413
1399053656.247	n	12.4143	3.62729	6.352	31.0403
1399053656.310	n	12.4169	3.62728	6.334	31.0381
1399053656.371	n	12.4178	3.62715	6.321	31.0361
1399053656.435	n	12.4172	3.62700	6.301	31.0351
1399053656.497	n	12.4161	3.62691	6.288	31.0352
1399053656.559	n	12.4155	3.62691	6.269	31.0357
1399053656.623	n	12.4156	3.62694	6.251	31.0359
1399053656.684	n	12.4161	3.62697	6.235	31.0359
1399053656.747	n	12.4163	3.62697	6.219	31.0357
1399053656.809	n	12.4159	3.62690	6.200	31.0354
1399053656.874	n	12.4151	3.62682	6.184	31.0353
1399053656.936	n	12.4145	3.62680	6.168	31.0355
1399053656.997	n	12.4151	3.62685	6.149	31.0355
1399053657.060	n	12.4163	3.62698	6.127	31.0358
1399053657.124	n	12.4172	3.62714	6.111	31.0366
1399053657.185	n	12.4173	3.62728	6.098	31.0377
1399053657.247	n	12.4168	3.62736	6.082	31.0390
1399053657.310	n	12.4161	3.62738	6.062	31.0398
1399053657.374	n	12.4158	3.62734	6.043	31.0396
1399053657.436	n	12.4160	3.62725	6.027	31.0387
1399053657.496	n	12.4160	3.62713	6.008	31.0375
1399053657.561	n	12.4160	3.62700	5.991	31.0363
1399053657.622	n	12.4161	3.62693	5.970	31.0355
1399053657.686	n	12.4165	3.62692	5.953	31.0351
1399053657.748	n	12.4170	3.62694	5.935	31.0349
1399053657.810	n	12.4174	3.62698	5.920	31.0350
1399053657.874	n	12.4173	3.62697	5.901	31.0350
1399053657.935	n	12.4167	3.62692	5.881	31.0350
1399053657.997	n	12.4159	3.62686	5.867	31.0351
1399053658.060	n	12.4150	3.62680	5.851	31.0353
1399053658.124	n	12.4149	3.62682	5.830	31.0356
1399053658.185	n	12.4173	3.62715	5.814	31.0367
1399053658.247	n	12.4233	3.62777	5.795	31.0376
1399053658.309	n	12.4318	3.62846	5.779	31.0372
1399053658.373	n	12.4408	3.62910	5.761	31.0358
1399053658.436	n	12.4484	3.62955	5.742	31.0339
1399053658.589	y	12.4532	3.62976	5.725	31.0319
1399053658.595	n	12.4561	3.62997	5.709	31.0315
1399053658.623	n	12.4584	3.63024	5.694	31.0322
1399053658.685	n	12.4598	3.63045	5.679	31.0330
1399053658.748	n	12.4601	3.63057	5.661	31.0339
1399053658.811	n	12.4587	3.63055	5.644	31.0348
1399053658.872	n	12.4562	3.63042	5.628	31.0357
1399053658.936	n	12.4538	3.63027	5.611	31.0363
1399053658.997	n	12.4530	3.63019	5.596	31.0362
1399053659.060	n	12.4544	3.63020	5.583	31.0351
1399053659.122	n	12.4577	3.63033	5.569	31.0336
1399053659.185	n	12.4620	3.63055	5.550	31.0322
1399053659.248	n	12.4662	3.63081	5.536	31.0311
1399053659.310	n	12.4699	3.63107	5.519	31.0306
1399053659.372	y	12.4724	3.63126	5.506	31.0304
1399053659.436	n	12.4738	3.63137	5.492	31.0303
1399053659.498	n	12.4743	3.63141	5.479	31.0303
1399053659.560	n	12.4747	3.63143	5.459	31.0301
1399053659.621	n	12.4754	3.63144	5.447	31.0297
1399053659.687	n	12.4764	3.63149	5.434	31.0293
1399053659.748	n	12.4769	3.63153	5.420	31.0293
1399053659.810	n	12.4765	3.63155	5.407	31.0297
1399053659.873	n	12.4763	3.63153	5.397	31.0298
1399053659.935	n	12.4770	3.63150	5.384	31.0289
1399053659.998	n	12.4780	3.63147	5.373	31.0278
1399053660.059	n	12.4786	3.63150	5.360	31.0276
1399053660.123	n	12.4781	3.63155	5.350	31.0285
1399053660.185	n	12.4766	3.63163	5.336	31.0305
1399053660.248	n	12.4748	3.63170	5.324	31.0327
1399053660.310	n	12.4740	3.63176	5.317	31.0338
1399053660.372	n	12.4752	3.63179	5.306	31.0332
1399053660.435	n	12.4780	3.63179	5.295	31.0309
1399053660.497	n	12.4813	3.63175	5.282	31.0278
1399053660.560	n	12.4835	3.63165	5.277	31.0250
1399053660.622	n	12.4829	3.63150	5.266	31.0241
1399053660.685	n	12.4795	3.63135	5.252	31.0255
1399053660.747	n	12.4754	3.63127	5.242	31.0281
1399053660.811	n	12.4725	3.63130	5.234	31.0307
1399053660.873	n	12.4714	3.63140	5.222	31.0326
1399053660.936	n	12.4714	3.63149	5.215	31.0335
1399053660.998	n	12.4718	3.63151	5.206	31.0333
1399053661.060	n	12.4719	3.63146	5.198	31.0328
1399053661.122	n	12.4715	3.63141	5.193	31.0327
1399053661.186	n	12.4709	3.63140	5.181	31.0330
1399053661.248	n	12.4710	3.63142	5.173	31.0332
1399053661.311	n	12.4722	3.63145	5.165	31.0324
1399053661.373	n	12.4740	3.63145	5.156	31.0310
1399053661.434	n	12.4756	3.63144	5.149	31.0296
1399053661.498	n	12.4765	3.63141	5.140	31.0285
1399053661.559	n	12.4760	3.63135	5.131	31.0284
1399053661.622	n	12.4744	3.63131	5.127	31.0293
1399053661.685	n	12.4730	3.63133	5.119	31.0307
1399053661.747	n	12.4724	3.63145	5.112	31.0323
1399053661.811	n	12.4725	3.63160	5.107	31.0337
1399053661.872	n	12.4735	3.63173	5.095	31.0341
1399053661.936	n	12.4751	3.63181	5.087	31.0335
1399053661.997	n	12.4774	3.63186	5.080	31.0322
1399053662.061	y	12.4799	3.63189	5.071	31.0303
1399053662.152	n	12.4817	3.63192	5.067	31.0291
1399053662.186	n	12.4823	3.63193	5.061	31.0288
1399053662.247	n	12.4817	3.63192	5.055	31.0291
1399053662.309	n	12.4807	3.63193	5.046	31.0300
1399053662.373	n	12.4800	3.63198	5.038	31.0311
1399053662.435	n	12.4803	3.63204	5.033	31.0315
1399053662.497	n	12.4810	3.63209	5.026	31.0314
1399053662.559	n	12.4817	3.63211	5.015	31.0310
1399053662.623	n	12.4822	3.63207	5.010	31.0301
1399053662.686	n	12.4821	3.63197	5.004	31.0293
1399053662.842	y	12.4813	3.63187	4.996	31.0290
1399053662.847	n	12.4800	3.63178	4.989	31.0292
1399053662.872	n	12.4789	3.63173	4.983	31.0296
1399053662.936	n	12.4782	3.63172	4.977	31.0301
1399053662.997	n	12.4779	3.63172	4.966	31.0305
1399053663.112	y	12.4777	3.63174	4.958	31.0307
1399053663.124	n	12.4776	3.63176	4.952	31.0310
1399053663.186	n	12.4775	3.63176	4.944	31.0311
1399053663.247	n	12.4774	3.63176	4.936	31.0312
1399053663.310	n	12.4775	3.63175	4.928	31.0311
1399053663.373	n	12.4776	3.63174	4.920	31.0309
1399053663.436	n	12.4778	3.63175	4.913	31.0308
1399053663.498	n	12.4780	3.63175	4.906	31.0307
1399053663.560	n	12.4782	3.63176	4.900	31.0306
1399053663.622	n	12.4784	3.63178	4.889	31.0305
1399053663.685	n	12.4788	3.63181	4.884	31.0306
1399053663.747	n	12.4793	3.63186	4.877	31.0306
1399053663.809	n	12.4799	3.63190	4.870	31.0305
1399053663.873	n	12.4805	3.63193	4.859	31.0303
1399053663.935	n	12.4809	3.63192	4.851	31.0299
1399053663.998	n	12.4810	3.63189	4.847	31.0295
1399053664.059	n	12.4809	3.63187	4.841	31.0294
1399053664.124	n	12.4806	3.63184	4.829	31.0294
1399053664.185	n	12.4801	3.63182	4.819	31.0296
1399053664.247	n	12.4797	3.63180	4.811	31.0297
1399053664.311	n	12.4792	3.63171	4.804	31.0293
1399053664.372	n	12.4782	3.63157	4.795	31.0289
1399053664.434	n	12.4766	3.63143	4.788	31.0288
1399053664.498	n	12.4754	3.63132	4.781	31.0288
1399053664.561	n	12.4752	3.63130	4.775	31.0287
1399053664.622	n	12.4765	3.63140	4.762	31.0286
1399053664.685	n	12.4790	3.63155	4.757	31.0280
1399053664.747	n	12.4816	3.63173	4.747	31.0275
1399053664.811	n	12.4834	3.63188	4.736	31.0275
1399053664.873	n	12.4844	3.63201	4.730	31.0279
1399053664.934	n	12.4849	3.63211	4.720	31.0284
1399053664.998	n	12.4850	3.63221	4.709	31.0293
1399053665.060	n	12.4851	3.63232	4.701	31.0303
1399053665.124	n	12.4861	3.63248	4.688	31.0309
1399053665.185	n	12.4887	3.63270	4.674	31.0310
1399053665.248	n	12.4928	3.63298	4.663	31.0302
1399053665.310	n	12.4973	3.63324	4.651	31.0290
1399053665.374	n	12.5004	3.63337	4.640	31.0277
1399053665.434	n	12.5008	3.63331	4.627	31.0268
1399053665.497	n	12.4987	3.63315	4.614	31.0269
1399053665.560	n	12.4955	3.63297	4.601	31.0279
1399053665.622	n	12.4925	3.63285	4.589	31.0292
1399053665.684	n	12.4904	3.63282	4.578	31.0307
1399053665.747	n	12.4894	3.63284	4.564	31.0318
1399053665.810	n	12.4892	3.63288	4.548	31.0323
1399053665.874	n	12.4901	3.63296	4.538	31.0323
1399053665.935	n	12.4917	3.63303	4.521	31.0316
1399053665.998	n	12.4934	3.63309	4.506	31.0307
1399053666.059	n	12.4950	3.63314	4.494	31.0299
1399053666.123	n	12.4951	3.63309	4.481	31.0294
1399053666.188	n	12.4934	3.63293	4.464	31.0293
1399053666.247	n	12.4905	3.63270	4.446	31.0295
1399053666.311	n	12.4871	3.63244	4.433	31.0299
1399053666.372	n	12.4844	3.63223	4.416	31.0301
1399053666.436	n	12.4830	3.63213	4.401	31.0304
1399053666.498	n	12.4825	3.63210	4.387	31.0304
1399053666.560	n	12.4824	3.63209	4.370	31.0304
1399053666.623	n	12.4824	3.63210	4.350	31.0306
1399053666.686	n	12.4824	3.63214	4.337	31.0309
1399053666.755	y	12.4832	3.63222	4.321	31.0310
1399053666.810	n	12.4849	3.63232	4.304	31.0306
1399053666.873	n	12.4871	3.63242	4.287	31.0297
1399053666.935	n	12.4892	3.63249	4.271	31.0287
1399053667.166	y	12.4904	3.63253	4.253	31.0280
1399053667.176	n	12.4905	3.63252	4.235	31.0279
1399053667.183	n	12.4899	3.63251	4.219	31.0283
1399053667.190	n	12.4893	3.63252	4.202	31.0288
1399053667.247	n	12.4891	3.63253	4.189	31.0292
1399053667.310	n	12.4894	3.63258	4.171	31.0293
1399053667.372	n	12.4903	3.63266	4.154	31.0294
1399053667.436	n	12.4913	3.63274	4.138	31.0294
1399053667.497	n	12.4925	3.63281	4.124	31.0290
1399053667.559	n	12.4937	3.63284	4.107	31.0284
1399053667.623	n	12.4947	3.63284	4.093	31.0275
1399053667.686	n	12.4953	3.63281	4.078	31.0267
1399053667.748	n	12.4957	3.63279	4.059	31.0262
1399053667.810	n	12.4958	3.63279	4.046	31.0262
1399053667.872	n	12.4959	3.63284	4.030	31.0266
1399053667.935	n	12.4962	3.63293	4.013	31.0272
1399053667.997	n	12.4965	3.63302	3.996	31.0278
1399053668.059	n	12.4965	3.63308	3.981	31.0284
1399053668.124	n	12.4963	3.63310	3.965	31.0287
1399053668.185	n	12.4960	3.63310	3.953	31.0289
1399053668.247	n	12.4962	3.63313	3.941	31.0291
1399053668.310	n	12.4969	3.63321	3.924	31.0292
1399053668.372	n	12.4979	3.63329	3.909	31.0292
1399053668.435	n	12.4986	3.63335	3.897	31.0292
1399053668.499	n	12.4987	3.63335	3.883	31.0292
1399053668.561	n	12.4982	3.63333	3.869	31.0293
1399053668.623	n	12.4976	3.63329	3.856	31.0295
1399053668.684	n	12.4971	3.63327	3.837	31.0297
1399053668.748	n	12.4970	3.63327	3.823	31.0298
1399053668.810	n	12.4968	3.63325	3.810	31.0298
1399053668.872	n	12.4963	3.63318	3.795	31.0295
1399053668.935	n	12.4958	3.63307	3.781	31.0289
1399053668.997	n	12.4953	3.63296	3.765	31.0283
1399053669.060	n	12.4952	3.63292	3.751	31.0280
1399053669.124	n	12.4956	3.63297	3.735	31.0281
1399053669.185	n	12.4963	3.63307	3.725	31.0285
1399053669.248	n	12.4971	3.63317	3.707	31.0289
1399053669.310	n	12.4979	3.63325	3.694	31.0289
1399053669.372	n	12.4987	3.63329	3.680	31.0287
1399053669.437	n	12.4993	3.63331	3.667	31.0284
1399053669.497	n	12.4996	3.63333	3.658	31.0283
1399053669.561	n	12.4998	3.63334	3.641	31.0283
1399053669.623	n	12.4999	3.63335	3.632	31.0283
1399053669.685	n	12.4999	3.63337	3.619	31.0285
1399053669.747	n	12.4998	3.63339	3.604	31.0287
1399053669.811	n	12.4998	3.63341	3.591	31.0289
1399053669.873	n	12.5001	3.63342	3.578	31.0288
1399053669.936	n	12.5007	3.63343	3.566	31.0284
1399053669.997	n	12.5013	3.63344	3.557	31.0280
1399053670.060	n	12.5017	3.63345	3.543	31.0277
1399053670.122	n	12.5018	3.63345	3.533	31.0277
1399053670.186	n	12.5017	3.63345	3.523	31.0278
1399053670.248	n	12.5018	3.63347	3.512	31.0279
1399053670.322	y	12.5019	3.63350	3.501	31.0280
1399053670.373	n	12.5020	3.63349	3.488	31.0279
1399053670.435	n	12.5018	3.63344	3.478	31.0276
1399053670.498	n	12.5015	3.63336	3.468	31.0271
1399053670.560	n	12.5010	3.63327	3.455	31.0267
1399053670.623	n	12.5004	3.63322	3.441	31.0267
1399053670.684	n	12.4999	3.63321	3.431	31.0270
1399053670.748	n	12.4996	3.63323	3.420	31.0275
1399053670.809	n	12.4994	3.63326	3.406	31.0279
1399053670.874	n	12.4992	3.63326	3.393	31.0280
1399053670.934	n	12.4990	3.63323	3.384	31.0280
1399053670.998	n	12.4987	3.63318	3.369	31.0277
1399053671.061	n	12.4982	3.63312	3.357	31.0275
1399053671.122	n	12.4981	3.63310	3.342	31.0275
1399053671.185	n	12.4985	3.63313	3.326	31.0275
1399053671.360	y	12.4985	3.63317	3.318	31.0278
1399053671.366	n	12.4982	3.63316	3.304	31.0280
1399053671.372	n	12.4972	3.63310	3.291	31.0283
1399053671.436	n	12.4957	3.63301	3.280	31.0286
1399053671.497	n	12.4944	3.63293	3.268	31.0289
1399053671.560	n	12.4940	3.63289	3.252	31.0289
1399053671.623	n	12.4944	3.63290	3.241	31.0287
1399053671.686	n	12.4952	3.63294	3.228	31.0284
1399053671.747	n	12.4958	3.63303	3.212	31.0288
1399053671.811	n	12.4960	3.63313	3.198	31.0295
1399053671.872	n	12.4962	3.63323	3.185	31.0303
1399053671.935	n	12.4968	3.63328	3.170	31.0303
1399053671.997	n	12.4981	3.63329	3.156	31.0294
1399053672.059	n	12.5000	3.63332	3.142	31.0281
1399053672.124	n	12.5020	3.63343	3.128	31.0274
1399053672.185	n	12.5042	3.63361	3.115	31.0274
1399053672.248	n	12.5066	3.63385	3.096	31.0277
1399053672.310	n	12.5091	3.63409	3.083	31.0279
1399053672.372	n	12.5112	3.63424	3.068	31.0276
1399053672.435	n	12.5125	3.63431	3.051	31.0272
1399053672.497	n	12.5130	3.63432	3.038	31.0269
1399053672.559	n	12.5128	3.63429	3.027	31.0267
1399053672.623	n	12.5125	3.63425	3.014	31.0267
1399053672.684	n	12.5123	3.63423	3.000	31.0266
1399053672.748	n	12.5124	3.63423	2.988	31.0265
1399053672.811	n	12.5129	3.63426	2.972	31.0264
1399053672.875	n	12.5135	3.63430	2.958	31.0262
1399053672.935	n	12.5139	3.63428	2.943	31.0258
1399053672.997	n	12.5129	3.63411	2.932	31.0250
1399053673.060	n	12.5104	3.63390	2.919	31.0250
1399053673.122	n	12.5075	3.63375	2.907	31.0261
1399053673.186	n	12.5056	3.63377	2.895	31.0278
1399053673.248	n	12.5056	3.63395	2.882	31.0295
1399053673.309	n	12.5072	3.63419	2.870	31.0304
1399053673.373	n	12.5089	3.63431	2.861	31.0302
1399053673.436	n	12.5094	3.63434	2.852	31.0301
1399053673.498	n	12.5086	3.63430	2.838	31.0304
1399053673.560	n	12.5075	3.63428	2.823	31.0311
1399053673.624	n	12.5067	3.63428	2.812	31.0318
1399053673.685	n	12.5062	3.63428	2.804	31.0322
1399053673.747	n	12.5061	3.63429	2.794	31.0323
1399053673.811	n	12.5065	3.63429	2.784	31.0321
1399053673.873	n	12.5069	3.63429	2.770	31.0317
1399053673.936	n	12.5077	3.63431	2.760	31.0313
1399053673.998	y	12.5086	3.63434	2.747	31.0309
1399053674.059	n	12.5092	3.63436	2.739	31.0305
1399053674.124	n	12.5099	3.63437	2.731	31.0301
1399053674.185	n	12.5107	3.63436	2.719	31.0293
1399053674.247	n	12.5112	3.63434	2.710	31.0287
1399053674.310	n	12.5118	3.63433	2.701	31.0281
1399053674.373	n	12.5125	3.63435	2.694	31.0277
1399053674.435	n	12.5132	3.63437	2.683	31.0274
1399053674.497	n	12.5139	3.63442	2.678	31.0272
1399053674.559	n	12.5146	3.63446	2.668	31.0270
1399053674.622	n	12.5151	3.63449	2.658	31.0269
1399053674.686	n	12.5151	3.63451	2.648	31.0270
1399053674.747	n	12.5149	3.63452	2.643	31.0273
1399053674.809	n	12.5145	3.63452	2.633	31.0276
1399053674.873	n	12.5143	3.63453	2.627	31.0280
1399053674.934	n	12.5143	3.63455	2.623	31.0281
1399053674.998	n	12.5146	3.63457	2.615	31.0281
1399053675.060	n	12.5149	3.63459	2.608	31.0280
1399053675.123	n	12.5151	3.63459	2.599	31.0279
1399053675.187	n	12.5152	3.63459	2.589	31.0278
1399053675.247	n	12.5154	3.63460	2.583	31.0277
1399053675.310	n	12.5157	3.63461	2.575	31.0276
1399053675.372	n	12.5162	3.63464	2.570	31.0275
1399053675.436	n	12.5169	3.63469	2.563	31.0274
1399053675.588	y	12.5177	3.63474	2.555	31.0272
1399053675.593	n	12.5186	3.63480	2.549	31.0271
1399053675.624	n	12.5195	3.63486	2.540	31.0269
1399053675.686	n	12.5204	3.63493	2.533	31.0267
1399053675.747	n	12.5213	3.63500	2.525	31.0266
1399053675.809	n	12.5223	3.63506	2.517	31.0264
1399053675.873	n	12.5231	3.63510	2.510	31.0262
1399053675.934	n	12.5237	3.63513	2.502	31.0259
1399053675.998	n	12.5240	3.63513	2.492	31.0257
1399053676.060	n	12.5240	3.63511	2.484	31.0255
1399053676.123	n	12.5239	3.63507	2.476	31.0253
1399053676.187	n	12.5236	3.63504	2.466	31.0252
1399053676.247	n	12.5233	3.63502	2.458	31.0252
1399053676.311	n	12.5232	3.63502	2.450	31.0253
1399053676.373	n	12.5230	3.63503	2.443	31.0255
1399053676.436	n	12.5230	3.63504	2.433	31.0257
1399053676.498	n	12.5231	3.63505	2.423	31.0257
1399053676.560	n	12.5233	3.63506	2.412	31.0256
1399053676.624	n	12.5234	3.63507	2.403	31.0256
1399053676.685	n	12.5234	3.63504	2.395	31.0254
1399053676.747	n	12.5234	3.63503	2.388	31.0252
1399053676.811	n	12.5236	3.63503	2.375	31.0251
1399053676.873	n	12.5241	3.63507	2.360	31.0251
1399053676.936	n	12.5247	3.63513	2.348	31.0252
1399053676.997	n	12.5254	3.63519	2.336	31.0252
1399053677.060	n	12.5261	3.63523	2.326	31.0250
1399053677.124	n	12.5265	3.63526	2.312	31.0249
1399053677.186	n	12.5266	3.63526	2.300	31.0248
1399053677.248	n	12.5263	3.63524	2.286	31.0249
1399053677.311	n	12.5257	3.63521	2.273	31.0252
1399053677.372	n	12.5251	3.63517	2.259	31.0253
1399053677.434	n	12.5247	3.63514	2.245	31.0254
1399053677.497	n	12.5245	3.63512	2.228	31.0253
1399053677.561	y	12.5245	3.63510	2.217	31.0251
1399053677.682	y	12.5246	3.63509	2.202	31.0250
1399053677.688	n	12.5248	3.63510	2.185	31.0249
1399053677.747	n	12.5250	3.63512	2.165	31.0249
1399053677.809	n	12.5253	3.63515	2.150	31.0250
1399053677.873	n	12.5255	3.63519	2.136	31.0251
1399053677.936	n	12.5257	3.63521	2.119	31.0252
1399053677.998	n	12.5259	3.63523	2.100	31.0253
1399053678.061	n	12.5260	3.63523	2.079	31.0252
1399053678.123	n	12.5261	3.63525	2.066	31.0252
1399053678.186	n	12.5263	3.63526	2.046	31.0252
1399053678.249	n	12.5265	3.63529	2.026	31.0253
1399053678.309	n	12.5267	3.63532	2.008	31.0254
1399053678.373	n	12.5269	3.63534	1.984	31.0255
1399053678.435	n	12.5270	3.63534	1.966	31.0255
1399053678.497	n	12.5269	3.63535	1.941	31.0255
1399053678.560	n	12.5269	3.63534	1.926	31.0255
1399053678.625	n	12.5269	3.63534	1.902	31.0255
1399053678.688	n	12.5269	3.63533	1.876	31.0255
1399053678.747	n	12.5269	3.63533	1.856	31.0254
1399053678.809	n	12.5270	3.63532	1.835	31.0253
1399053678.873	n	12.5271	3.63532	1.810	31.0252
1399053678.936	n	12.5272	3.63533	1.787	31.0252
1399053678.998	n	12.5272	3.63535	1.767	31.0254
1399053679.061	n	12.5272	3.63535	1.741	31.0254
1399053679.122	n	12.5272	3.63535	1.718	31.0255
1399053679.186	n	12.5271	3.63535	1.700	31.0255
1399053679.248	n	12.5270	3.63533	1.673	31.0255
1399053679.311	n	12.5269	3.63532	1.652	31.0255
1399053679.373	n	12.5268	3.63532	1.631	31.0256
1399053679.434	n	12.5267	3.63532	1.612	31.0256
1399053679.497	n	12.5267	3.63532	1.591	31.0257
1399053679.561	n	12.5267	3.63532	1.568	31.0256
1399053679.623	n	12.5269	3.63532	1.548	31.0255
1399053679.686	n	12.5270	3.63531	1.527	31.0253
1399053679.868	y	12.5270	3.63530	1.510	31.0252
1399053679.877	n	12.5269	3.63527	1.490	31.0251
1399053679.884	n	12.5267	3.63525	1.475	31.0250
1399053679.935	n	12.5267	3.63525	1.457	31.0250
1399053679.998	n	12.5267	3.63525	1.438	31.0250
1399053680.061	n	12.5269	3.63524	1.422	31.0248
1399053680.123	n	12.5270	3.63523	1.405	31.0246
1399053680.185	n	12.5272	3.63519	1.391	31.0241
1399053680.247	n	12.5273	3.63513	1.376	31.0234
1399053680.311	n	12.5274	3.63508	1.362	31.0229
1399053680.374	n	12.5275	3.63505	1.348	31.0225
1399053680.435	n	12.5274	3.63503	1.333	31.0224
1399053680.497	n	12.5273	3.63503	1.319	31.0225
1399053680.559	n	12.5269	3.63503	1.310	31.0228
1399053680.624	n	12.5264	3.63503	1.299	31.0232
1399053680.686	n	12.5258	3.63504	1.282	31.0238
1399053680.748	n	12.5253	3.63504	1.270	31.0243
1399053680.810	n	12.5250	3.63506	1.260	31.0247
1399053680.872	n	12.5249	3.63507	1.247	31.0249
1399053680.936	n	12.5249	3.63510	1.238	31.0252
1399053680.998	n	12.5249	3.63512	1.226	31.0254
1399053681.060	n	12.5249	3.63514	1.215	31.0255
1399053681.124	n	12.5247	3.63513	1.204	31.0256
1399053681.186	n	12.5246	3.63512	1.198	31.0256
1399053681.263	y	12.5244	3.63511	1.188	31.0257
1399053681.310	n	12.5244	3.63511	1.181	31.0257
1399053681.372	n	12.5246	3.63512	1.172	31.0256
1399053681.436	n	12.5250	3.63513	1.164	31.0254
1399053681.497	n	12.5254	3.63515	1.156	31.0253
1399053681.560	n	12.5256	3.63517	1.148	31.0253
1399053681.624	n	12.5258	3.63519	1.138	31.0252
1399053681.686	n	12.5259	3.63519	1.131	31.0253
1399053681.748	n	12.5257	3.63519	1.121	31.0253
1399053681.810	n	12.5254	3.63518	1.117	31.0255
1399053681.874	n	12.5251	3.63517	1.110	31.0257
1399053681.936	n	12.5250	3.63516	1.105	31.0257
1399053681.997	n	12.5251	3.63515	1.100	31.0255
1399053682.060	n	12.5254	3.63516	1.094	31.0254
1399053682.124	n	12.5256	3.63517	1.085	31.0253
1399053682.186	n	12.5256	3.63517	1.076	31.0254
1399053682.247	n	12.5254	3.63517	1.069	31.0255
1399053682.311	n	12.5251	3.63515	1.064	31.0255
1399053682.374	n	12.5250	3.63513	1.054	31.0254
1399053682.434	n	12.5252	3.63513	1.045	31.0253
1399053682.498	n	12.5256	3.63515	1.036	31.0252
1399053682.561	n	12.5259	3.63517	1.028	31.0251
1399053682.622	n	12.5260	3.63519	1.021	31.0252
1399053682.685	n	12.5257	3.63519	1.009	31.0254
1399053682.748	n	12.5253	3.63516	1.000	31.0254
1399053682.811	n	12.5249	3.63512	0.990	31.0254
1399053682.873	n	12.5246	3.63508	0.979	31.0253
1399053682.936	n	12.5244	3.63507	0.969	31.0254
1399053682.997	n	12.5242	3.63506	0.960	31.0255
1399053683.061	n	12.5241	3.63506	0.946	31.0256
1399053683.122	n	12.5240	3.63506	0.938	31.0256
1399053683.186	n	12.5241	3.63506	0.930	31.0256
1399053683.247	n	12.5242	3.63507	0.917	31.0255
1399053683.309	n	12.5244	3.63509	0.906	31.0256
1399053683.374	n	12.5245	3.63511	0.893	31.0257
1399053683.435	n	12.5247	3.63515	0.883	31.0259
1399053683.497	n	12.5249	3.63518	0.877	31.0260
1399053683.559	n	12.5251	3.63520	0.865	31.0261
1399053683.623	n	12.5252	3.63521	0.857	31.0261
1399053683.686	n	12.5253	3.63522	0.845	31.0262
1399053683.748	n	12.5252	3.63520	0.836	31.0260
1399053683.810	n	12.5251	3.63516	0.827	31.0257
1399053683.874	n	12.5252	3.63512	0.820	31.0253
1399053683.935	n	12.5254	3.63511	0.811	31.0250
1399053684.198	y	12.5255	3.63511	0.801	31.0250
1399053684.209	n	12.5253	3.63512	0.792	31.0251
1399053684.216	n	12.5251	3.63511	0.783	31.0253
1399053684.222	n	12.5247	3.63509	0.773	31.0254
1399053684.248	n	12.5243	3.63507	0.769	31.0255
1399053684.311	n	12.5239	3.63504	0.758	31.0256
1399053684.374	n	12.5237	3.63503	0.749	31.0257
1399053684.436	n	12.5238	3.63502	0.740	31.0255
1399053684.497	n	12.5243	3.63503	0.738	31.0253
1399053684.559	n	12.5250	3.63507	0.730	31.0250
1399053684.624	n	12.5256	3.63510	0.728	31.0248
1399053684.686	n	12.5258	3.63512	0.719	31.0248
1399053684.748	n	12.5257	3.63512	0.713	31.0249
1399053684.810	n	12.5254	3.63511	0.711	31.0250
1399053684.874	n	12.5252	3.63511	0.703	31.0252
1399053684.936	n	12.5252	3.63513	0.697	31.0254
1399053684.998	y	12.5252	3.63515	0.692	31.0256
1399053685.060	n	12.5253	3.63517	0.685	31.0257
1399053685.122	n	12.5256	3.63520	0.678	31.0257
1399053685.186	n	12.5264	3.63526	0.670	31.0256
1399053685.248	n	12.5273	3.63533	0.664	31.0256
1399053685.311	n	12.5283	3.63541	0.652	31.0256
1399053685.376	n	12.5289	3.63547	0.641	31.0256
1399053685.435	n	12.5293	3.63550	0.628	31.0256
1399053685.498	n	12.5296	3.63552	0.619	31.0256
1399053685.560	n	12.5296	3.63497	0.610	31.0203
1399053685.624	n	12.5292	3.37806	0.597	28.5978
1399053685.686	n	12.5276	2.84912	0.586	23.6963
1399053685.748	n	12.5243	2.18947	0.575	17.7527
1399053685.810	n	12.5189	1.57096	0.566	12.3675
1399053685.872	n	12.5121	1.15104	0.554	8.8330
1399053685.935	n	12.5051	1.02401	0.543	7.7874
1399053685.998	n	12.4993	0.95587	0.534	7.2317
1399053686.060	n	12.4958	0.87826	0.527	6.6024
1399053686.123	n	12.4945	0.80232	0.519	5.9911
1399053686.186	n	12.4951	0.73727	0.511	5.4712
1399053686.247	n	12.4966	0.68599	0.501	5.0641
1399053686.311	n	12.4986	0.63985	0.495	4.7000
1399053686.372	n	12.5013	0.59524	0.495	4.3499
1399053686.435	n	12.5048	0.55905	0.491	4.0674
1399053686.498	n	12.5089	0.53203	0.486	3.8575
1399053686.561	n	12.5130	0.52845	0.485	3.8293
1399053686.622	n	12.5165	0.55589	0.481	4.0417
