Source File: D:\Storage\Programs\OOI\Group 5\Correspondence\07_18_14 sample files\files\11224999.PPB
Processed: 07/18/2014 12:27:55
Using Version: 1.11
Device: CTD
Start Date: 05/02/2014
Timestamp (s)	Suspect Timestamp	Temperature	Conductivity	Pressure	Salinity
1399031980.684	y	10.8078	3.58103	22.510	31.9490
1399031980.748	n	10.8079	3.58104	22.495	31.9490
1399031980.810	n	10.8079	3.58104	22.485	31.9490
1399031980.872	n	10.8079	3.58103	22.510	31.9490
1399031980.936	n	10.8079	3.58104	22.495	31.9490
1399031980.999	n	10.8078	3.58106	22.466	31.9493
1399031981.058	n	10.8078	3.58104	22.459	31.9491
1399031981.124	n	10.8079	3.58104	22.485	31.9490
1399031981.187	n	10.8079	3.58105	22.478	31.9491
1399031981.250	n	10.8078	3.58105	22.473	31.9492
1399031981.312	n	10.8077	3.58105	22.466	31.9493
1399031981.375	n	10.8077	3.58105	22.459	31.9493
1399031981.436	n	10.8076	3.58105	22.450	31.9494
1399031981.499	n	10.8076	3.58105	22.446	31.9494
1399031981.560	n	10.8076	3.58106	22.443	31.9495
1399031981.623	n	10.8076	3.58106	22.438	31.9495
1399031981.686	n	10.8076	3.58107	22.434	31.9496
1399031981.750	n	10.8076	3.58107	22.429	31.9496
1399031981.811	n	10.8075	3.58106	22.423	31.9496
1399031981.873	n	10.8075	3.58106	22.416	31.9496
1399031981.937	n	10.8075	3.58106	22.415	31.9497
1399031982.001	n	10.8074	3.58107	22.412	31.9497
1399031982.062	n	10.8074	3.58107	22.408	31.9498
1399031982.125	n	10.8073	3.58107	22.405	31.9499
1399031982.185	n	10.8073	3.58107	22.404	31.9499
1399031983.117	n	10.8072	3.58108	22.403	31.9501
1399031983.133	n	10.8071	3.58109	22.403	31.9502
1399031983.150	n	10.8070	3.58109	22.397	31.9504
1399031983.156	n	10.8069	3.58110	22.393	31.9505
1399031983.162	n	10.8068	3.58110	22.395	31.9506
1399031983.169	n	10.8067	3.58110	22.394	31.9506
1399031983.179	n	10.8067	3.58109	22.391	31.9507
1399031983.187	n	10.8066	3.58109	22.390	31.9507
1399031983.195	n	10.8066	3.58109	22.391	31.9508
1399031983.201	n	10.8065	3.58110	22.392	31.9509
1399031983.209	n	10.8064	3.58111	22.393	31.9510
1399031983.216	n	10.8063	3.58111	22.395	31.9511
1399031983.222	n	10.8062	3.58111	22.402	31.9512
1399031983.234	n	10.8062	3.58112	22.401	31.9514
1399031983.241	n	10.8061	3.58113	22.401	31.9515
1399031983.247	n	10.8060	3.58113	22.407	31.9516
1399031983.254	n	10.8059	3.58113	22.410	31.9518
1399031983.312	n	10.8057	3.58113	22.417	31.9520
1399031983.374	n	10.8055	3.58114	22.419	31.9521
1399031983.436	n	10.8053	3.58113	22.423	31.9522
1399031983.498	n	10.8052	3.58113	22.429	31.9523
1399031983.562	n	10.8051	3.58114	22.437	31.9525
1399031983.624	n	10.8048	3.58114	22.442	31.9527
1399031983.686	n	10.8046	3.58116	22.448	31.9531
1399031983.749	n	10.8042	3.58117	22.448	31.9535
1399031983.812	n	10.8039	3.58117	22.459	31.9538
1399031983.875	n	10.8036	3.58115	22.467	31.9539
1399031983.937	n	10.8032	3.58115	22.469	31.9542
1399031983.999	n	10.8028	3.58114	22.477	31.9545
1399031984.060	n	10.8024	3.58115	22.487	31.9549
1399031984.123	n	10.8020	3.58115	22.496	31.9553
1399031984.187	n	10.8015	3.58116	22.502	31.9558
1399031984.256	n	10.8011	3.58117	22.506	31.9563
1399031984.311	n	10.8006	3.58118	22.517	31.9568
1399031984.374	n	10.8002	3.58119	22.524	31.9572
1399031984.438	n	10.7998	3.58119	22.531	31.9575
1399031984.499	n	10.7995	3.58118	22.544	31.9577
1399031984.561	n	10.7992	3.58117	22.555	31.9579
1399031984.623	n	10.7989	3.58117	22.563	31.9581
1399031984.686	n	10.7986	3.58117	22.572	31.9584
1399031984.751	n	10.7982	3.58117	22.578	31.9588
1399031984.811	n	10.7977	3.58117	22.589	31.9592
1399031984.873	n	10.7971	3.58117	22.602	31.9597
1399031984.937	n	10.7965	3.58117	22.612	31.9602
1399031985.001	n	10.7959	3.58117	22.617	31.9607
1399031985.061	n	10.7954	3.58117	22.630	31.9612
1399031985.123	n	10.7948	3.58117	22.641	31.9617
1399031985.185	n	10.7942	3.58116	22.650	31.9621
1399031985.251	n	10.7937	3.58115	22.660	31.9625
1399031985.311	n	10.7932	3.58114	22.669	31.9628
1399031985.373	n	10.7926	3.58114	22.679	31.9633
1399031985.437	n	10.7921	3.58115	22.687	31.9638
1399031985.501	n	10.7914	3.58115	22.696	31.9644
1399031985.560	n	10.7906	3.58114	22.708	31.9650
1399031985.623	n	10.7899	3.58113	22.719	31.9656
1399031985.687	n	10.7892	3.58113	22.730	31.9661
1399031985.749	n	10.7887	3.58113	22.742	31.9666
1399031985.811	n	10.7882	3.58113	22.750	31.9670
1399031985.873	n	10.7879	3.58114	22.756	31.9673
1399031985.937	n	10.7877	3.58114	22.765	31.9675
1399031985.999	n	10.7875	3.58114	22.775	31.9677
1399031986.061	n	10.7873	3.58115	22.785	31.9680
1399031986.124	n	10.7871	3.58115	22.795	31.9682
1399031986.186	n	10.7868	3.58115	22.802	31.9685
1399031986.253	n	10.7864	3.58115	22.809	31.9687
1399031986.324	y	10.7862	3.58115	22.819	31.9689
1399031986.374	n	10.7859	3.58114	22.827	31.9691
1399031986.436	n	10.7856	3.58115	22.831	31.9694
1399031986.500	n	10.7854	3.58114	22.838	31.9695
1399031986.673	y	10.7853	3.58115	22.847	31.9697
1399031986.680	n	10.7851	3.58115	22.855	31.9699
1399031986.686	n	10.7850	3.58116	22.860	31.9701
1399031986.748	n	10.7848	3.58116	22.866	31.9703
1399031986.811	n	10.7846	3.58117	22.874	31.9705
1399031986.875	n	10.7843	3.58117	22.881	31.9707
1399031986.937	n	10.7841	3.58116	22.886	31.9709
1399031987.000	n	10.7839	3.58116	22.893	31.9710
1399031987.061	n	10.7836	3.58116	22.894	31.9712
1399031987.123	n	10.7834	3.58115	22.901	31.9714
1399031987.186	n	10.7832	3.58115	22.904	31.9715
1399031987.253	n	10.7830	3.58116	22.909	31.9717
1399031987.312	n	10.7829	3.58116	22.913	31.9718
1399031987.374	n	10.7829	3.58116	22.915	31.9719
1399031987.436	n	10.7828	3.58116	22.918	31.9719
1399031987.499	n	10.7827	3.58116	22.920	31.9720
1399031987.563	n	10.7827	3.58115	22.921	31.9719
1399031987.625	n	10.7827	3.58115	22.927	31.9719
1399031987.686	n	10.7827	3.58116	22.930	31.9720
1399031987.748	n	10.7827	3.58117	22.935	31.9721
1399031987.811	n	10.7826	3.58118	22.933	31.9723
1399031987.876	n	10.7826	3.58120	22.929	31.9726
1399031987.937	n	10.7825	3.58121	22.931	31.9727
1399031987.998	n	10.7825	3.58120	22.931	31.9726
1399031988.061	n	10.7824	3.58119	22.930	31.9726
1399031988.123	n	10.7824	3.58118	22.932	31.9725
1399031988.187	n	10.7823	3.58117	22.931	31.9725
1399031988.256	n	10.7823	3.58117	22.929	31.9725
1399031988.311	n	10.7823	3.58118	22.926	31.9726
1399031988.374	n	10.7823	3.58119	22.921	31.9727
1399031988.439	n	10.7823	3.58120	22.917	31.9728
1399031988.499	n	10.7823	3.58121	22.913	31.9729
1399031988.563	n	10.7823	3.58121	22.908	31.9729
1399031988.624	n	10.7822	3.58121	22.910	31.9730
1399031988.686	n	10.7822	3.58122	22.905	31.9731
1399031988.750	n	10.7822	3.58124	22.897	31.9732
1399031988.812	n	10.7822	3.58124	22.895	31.9732
1399031988.874	n	10.7822	3.58124	22.890	31.9733
1399031988.935	n	10.7821	3.58125	22.885	31.9734
1399031989.000	n	10.7821	3.58125	22.876	31.9734
1399031989.062	n	10.7821	3.58126	22.871	31.9735
1399031989.124	n	10.7821	3.58127	22.862	31.9736
1399031989.186	n	10.7822	3.58128	22.861	31.9737
1399031989.248	n	10.7822	3.58128	22.852	31.9737
1399031989.312	n	10.7822	3.58129	22.842	31.9738
1399031989.374	n	10.7822	3.58128	22.837	31.9737
1399031989.437	n	10.7822	3.58128	22.828	31.9738
1399031989.499	n	10.7821	3.58130	22.821	31.9739
1399031989.561	n	10.7821	3.58131	22.814	31.9741
1399031989.624	n	10.7821	3.58131	22.803	31.9741
1399031989.686	n	10.7821	3.58132	22.795	31.9742
1399031989.749	n	10.7821	3.58132	22.785	31.9742
1399031989.837	n	10.7821	3.58133	22.775	31.9744
1399031989.873	n	10.7820	3.58135	22.763	31.9746
1399031989.936	n	10.7820	3.58137	22.752	31.9748
1399031990.021	y	10.7820	3.58137	22.742	31.9748
1399031990.061	n	10.7820	3.58137	22.734	31.9748
1399031990.124	n	10.7820	3.58136	22.720	31.9748
1399031990.188	n	10.7820	3.58137	22.708	31.9749
1399031990.249	n	10.7819	3.58138	22.694	31.9750
1399031990.330	n	10.7820	3.58140	22.683	31.9751
1399031990.373	y	10.7820	3.58140	22.674	31.9751
1399031990.437	n	10.7821	3.58140	22.659	31.9751
1399031990.500	n	10.7820	3.58141	22.648	31.9752
1399031990.563	n	10.7820	3.58141	22.637	31.9753
1399031990.623	n	10.7819	3.58141	22.620	31.9753
1399031990.686	n	10.7819	3.58141	22.607	31.9753
1399031990.749	n	10.7819	3.58141	22.596	31.9753
1399031990.896	y	10.7819	3.58141	22.583	31.9753
1399031990.905	n	10.7819	3.58141	22.570	31.9754
1399031990.935	n	10.7819	3.58141	22.555	31.9754
1399031990.999	n	10.7818	3.58141	22.543	31.9754
1399031991.061	n	10.7818	3.58140	22.533	31.9754
1399031991.123	n	10.7818	3.58140	22.513	31.9754
1399031991.186	n	10.7818	3.58141	22.502	31.9755
1399031991.251	n	10.7818	3.58141	22.488	31.9755
1399031991.311	n	10.7818	3.58142	22.474	31.9756
1399031991.375	n	10.7818	3.58143	22.467	31.9757
1399031991.437	n	10.7818	3.58142	22.447	31.9757
1399031991.499	n	10.7818	3.58142	22.432	31.9756
1399031991.749	n	10.7818	3.58142	22.421	31.9756
1399031991.756	n	10.7817	3.58142	22.410	31.9757
1399031991.761	n	10.7817	3.58143	22.400	31.9758
1399031991.766	n	10.7817	3.58145	22.386	31.9760
1399031991.811	n	10.7817	3.58146	22.372	31.9761
1399031991.874	n	10.7817	3.58146	22.357	31.9762
1399031991.937	n	10.7817	3.58146	22.347	31.9761
1399031992.000	n	10.7817	3.58144	22.336	31.9760
1399031992.062	n	10.7817	3.58143	22.324	31.9758
1399031992.124	n	10.7817	3.58142	22.312	31.9758
1399031992.187	n	10.7817	3.58143	22.302	31.9759
1399031992.251	n	10.7817	3.58143	22.289	31.9759
1399031992.311	n	10.7816	3.58144	22.282	31.9760
1399031992.374	n	10.7816	3.58143	22.269	31.9760
1399031992.438	n	10.7816	3.58143	22.258	31.9759
1399031992.498	n	10.7816	3.58143	22.252	31.9759
1399031992.562	n	10.7816	3.58143	22.239	31.9759
1399031992.624	n	10.7816	3.58143	22.230	31.9760
1399031992.688	n	10.7816	3.58143	22.223	31.9760
1399031992.748	n	10.7816	3.58142	22.213	31.9759
1399031992.811	n	10.7815	3.58142	22.205	31.9760
1399031992.873	n	10.7814	3.58142	22.199	31.9761
1399031992.937	n	10.7814	3.58142	22.193	31.9761
1399031993.000	n	10.7813	3.58142	22.181	31.9762
1399031993.060	n	10.7812	3.58143	22.173	31.9763
1399031993.124	n	10.7812	3.58144	22.168	31.9764
1399031993.186	n	10.7811	3.58144	22.161	31.9765
1399031993.252	n	10.7811	3.58145	22.153	31.9766
1399031993.310	n	10.7810	3.58144	22.150	31.9766
1399031993.375	n	10.7810	3.58144	22.141	31.9767
1399031993.436	n	10.7808	3.58144	22.134	31.9768
1399031993.500	n	10.7807	3.58144	22.130	31.9769
1399031993.592	y	10.7806	3.58144	22.126	31.9770
1399031993.625	n	10.7806	3.58145	22.117	31.9771
1399031993.687	n	10.7805	3.58145	22.111	31.9771
1399031993.749	n	10.7804	3.58145	22.103	31.9772
1399031993.811	n	10.7802	3.58144	22.102	31.9773
1399031993.873	n	10.7801	3.58144	22.097	31.9774
1399031993.936	n	10.7800	3.58144	22.095	31.9776
1399031994.000	n	10.7799	3.58145	22.088	31.9777
1399031994.060	n	10.7798	3.58145	22.084	31.9778
1399031994.123	n	10.7797	3.58146	22.078	31.9780
1399031994.187	n	10.7795	3.58146	22.078	31.9781
1399031994.254	n	10.7794	3.58146	22.074	31.9782
1399031994.310	n	10.7792	3.58145	22.069	31.9783
1399031994.375	n	10.7791	3.58145	22.065	31.9785
1399031994.437	n	10.7790	3.58146	22.056	31.9786
1399031994.500	n	10.7789	3.58147	22.056	31.9788
1399031994.562	n	10.7788	3.58148	22.053	31.9789
1399031994.624	n	10.7787	3.58148	22.049	31.9791
1399031994.687	n	10.7786	3.58149	22.049	31.9792
1399031994.750	n	10.7785	3.58148	22.043	31.9793
1399031994.812	n	10.7784	3.58149	22.040	31.9794
1399031994.873	n	10.7783	3.58149	22.037	31.9796
1399031994.935	n	10.7782	3.58149	22.038	31.9796
1399031994.999	y	10.7781	3.58149	22.029	31.9797
1399031995.126	n	10.7781	3.58150	22.029	31.9798
1399031995.130	n	10.7780	3.58149	22.022	31.9799
1399031995.186	n	10.7778	3.58149	22.017	31.9800
1399031995.253	n	10.7777	3.58150	22.012	31.9801
1399031995.312	n	10.7776	3.58150	22.010	31.9802
1399031995.374	n	10.7775	3.58150	22.003	31.9803
1399031995.437	n	10.7775	3.58151	21.995	31.9804
1399031995.498	n	10.7774	3.58151	21.994	31.9805
1399031995.562	n	10.7773	3.58150	21.991	31.9805
1399031995.623	n	10.7772	3.58151	21.987	31.9807
1399031995.686	n	10.7771	3.58150	21.986	31.9807
1399031995.751	n	10.7770	3.58151	21.977	31.9809
1399031995.811	n	10.7769	3.58152	21.972	31.9811
1399031995.874	n	10.7768	3.58153	21.965	31.9812
1399031995.938	n	10.7767	3.58153	21.957	31.9813
1399031996.001	n	10.7766	3.58153	21.952	31.9815
1399031996.060	n	10.7765	3.58153	21.947	31.9816
1399031996.123	n	10.7764	3.58153	21.940	31.9817
1399031996.187	n	10.7762	3.58154	21.932	31.9819
1399031996.253	n	10.7761	3.58154	21.927	31.9820
1399031996.312	n	10.7759	3.58153	21.917	31.9820
1399031996.373	n	10.7758	3.58153	21.909	31.9821
1399031996.437	n	10.7757	3.58153	21.905	31.9823
1399031996.499	n	10.7756	3.58154	21.898	31.9824
1399031996.561	n	10.7755	3.58155	21.888	31.9826
1399031996.624	n	10.7754	3.58156	21.881	31.9828
1399031996.686	n	10.7753	3.58156	21.872	31.9829
1399031996.751	n	10.7751	3.58155	21.863	31.9830
1399031996.811	n	10.7749	3.58155	21.854	31.9831
1399031996.873	n	10.7747	3.58154	21.842	31.9833
1399031996.937	n	10.7746	3.58154	21.832	31.9834
1399031997.001	n	10.7744	3.58154	21.823	31.9835
1399031997.061	n	10.7743	3.58154	21.810	31.9836
1399031997.126	n	10.7742	3.58154	21.799	31.9837
1399031997.188	n	10.7741	3.58155	21.790	31.9839
1399031997.307	y	10.7739	3.58156	21.777	31.9841
1399031997.313	n	10.7738	3.58156	21.764	31.9843
1399031997.373	n	10.7736	3.58156	21.751	31.9844
1399031997.436	n	10.7735	3.58155	21.740	31.9845
1399031997.500	n	10.7733	3.58155	21.733	31.9846
1399031997.561	n	10.7732	3.58154	21.721	31.9846
1399031997.623	n	10.7730	3.58153	21.704	31.9847
1399031997.688	n	10.7729	3.58154	21.690	31.9849
1399031997.749	n	10.7727	3.58154	21.677	31.9851
1399031997.812	n	10.7725	3.58155	21.662	31.9853
1399031997.874	n	10.7724	3.58155	21.644	31.9855
1399031997.936	n	10.7722	3.58154	21.637	31.9855
1399031998.000	n	10.7720	3.58154	21.619	31.9856
1399031998.062	n	10.7718	3.58154	21.602	31.9859
1399031998.123	n	10.7716	3.58154	21.589	31.9861
1399031998.188	n	10.7714	3.58155	21.574	31.9863
1399031998.250	n	10.7713	3.58155	21.554	31.9865
1399031998.311	n	10.7711	3.58156	21.535	31.9867
1399031998.374	n	10.7710	3.58157	21.522	31.9869
1399031998.437	n	10.7708	3.58158	21.508	31.9872
1399031998.499	n	10.7706	3.58159	21.489	31.9875
1399031998.561	n	10.7704	3.58160	21.471	31.9878
1399031998.623	n	10.7702	3.58160	21.455	31.9879
1399031998.686	n	10.7700	3.58159	21.434	31.9880
1399031998.750	n	10.7699	3.58159	21.416	31.9882
1399031998.812	n	10.7697	3.58159	21.399	31.9883
1399031998.874	n	10.7696	3.58159	21.382	31.9884
1399031998.937	n	10.7695	3.58159	21.364	31.9885
1399031998.999	n	10.7693	3.58158	21.348	31.9886
1399031999.062	n	10.7691	3.58157	21.326	31.9887
1399031999.124	n	10.7689	3.58157	21.306	31.9889
1399031999.189	n	10.7688	3.58158	21.287	31.9890
1399031999.249	y	10.7687	3.58159	21.269	31.9893
1399031999.452	n	10.7685	3.58160	21.250	31.9895
1399031999.466	n	10.7684	3.58160	21.230	31.9896
1399031999.474	n	10.7682	3.58160	21.209	31.9898
1399031999.500	n	10.7681	3.58159	21.190	31.9898
1399031999.562	n	10.7680	3.58158	21.169	31.9898
1399031999.624	n	10.7679	3.58157	21.147	31.9898
1399031999.687	n	10.7679	3.58157	21.126	31.9899
1399031999.749	n	10.7678	3.58158	21.109	31.9900
1399031999.811	n	10.7678	3.58159	21.084	31.9902
1399031999.874	n	10.7677	3.58160	21.061	31.9904
1399031999.936	n	10.7676	3.58161	21.044	31.9905
1399031999.999	n	10.7675	3.58161	21.018	31.9906
1399032000.062	n	10.7674	3.58162	21.004	31.9907
1399032000.124	n	10.7673	3.58162	20.981	31.9908
1399032000.188	n	10.7673	3.58161	20.961	31.9908
1399032000.248	n	10.7673	3.58162	20.940	31.9909
1399032000.311	n	10.7673	3.58162	20.915	31.9910
1399032000.374	n	10.7673	3.58163	20.893	31.9911
1399032000.437	n	10.7672	3.58164	20.872	31.9911
1399032000.499	n	10.7672	3.58163	20.853	31.9911
1399032000.562	n	10.7672	3.58162	20.832	31.9910
1399032000.624	n	10.7672	3.58161	20.812	31.9909
1399032000.686	n	10.7672	3.58161	20.790	31.9909
1399032000.749	n	10.7673	3.58162	20.770	31.9910
1399032000.811	n	10.7673	3.58164	20.745	31.9912
1399032000.874	n	10.7673	3.58165	20.724	31.9914
1399032000.937	n	10.7673	3.58167	20.704	31.9915
1399032000.999	y	10.7673	3.58167	20.682	31.9916
1399032001.062	n	10.7673	3.58167	20.662	31.9916
1399032001.124	n	10.7673	3.58166	20.642	31.9915
1399032001.188	n	10.7672	3.58166	20.620	31.9915
1399032001.248	n	10.7672	3.58165	20.597	31.9914
1399032001.311	n	10.7672	3.58165	20.574	31.9915
1399032001.374	n	10.7672	3.58166	20.553	31.9915
1399032001.437	n	10.7673	3.58166	20.532	31.9915
1399032001.499	n	10.7673	3.58167	20.511	31.9915
1399032001.561	n	10.7674	3.58167	20.490	31.9914
1399032001.623	n	10.7675	3.58167	20.471	31.9914
1399032001.687	n	10.7676	3.58167	20.447	31.9913
1399032001.750	n	10.7677	3.58167	20.428	31.9913
1399032001.811	n	10.7679	3.58168	20.407	31.9912
1399032001.873	n	10.7680	3.58168	20.386	31.9911
1399032001.937	n	10.7681	3.58168	20.364	31.9910
1399032001.998	n	10.7684	3.58168	20.344	31.9909
1399032002.061	n	10.7686	3.58169	20.321	31.9907
1399032002.123	n	10.7688	3.58170	20.302	31.9906
1399032002.188	n	10.7691	3.58170	20.284	31.9904
1399032002.249	n	10.7694	3.58171	20.264	31.9903
1399032002.311	n	10.7697	3.58171	20.240	31.9900
1399032002.374	n	10.7701	3.58171	20.220	31.9897
1399032002.438	n	10.7704	3.58171	20.202	31.9894
1399032002.498	n	10.7708	3.58171	20.185	31.9891
1399032002.562	n	10.7712	3.58172	20.166	31.9888
1399032002.623	n	10.7717	3.58171	20.144	31.9883
1399032002.687	n	10.7722	3.58171	20.124	31.9878
1399032002.749	n	10.7728	3.58171	20.106	31.9873
1399032002.811	n	10.7735	3.58171	20.087	31.9868
1399032002.873	n	10.7741	3.58172	20.067	31.9862
1399032002.937	n	10.7749	3.58172	20.045	31.9857
1399032003.104	y	10.7756	3.58173	20.027	31.9852
1399032003.109	n	10.7763	3.58174	20.006	31.9846
1399032003.124	n	10.7771	3.58174	19.988	31.9840
1399032003.188	n	10.7779	3.58174	19.977	31.9833
1399032003.248	n	10.7787	3.58174	19.952	31.9826
1399032003.311	n	10.7796	3.58175	19.934	31.9818
1399032003.373	n	10.7806	3.58175	19.915	31.9810
1399032003.439	n	10.7816	3.58175	19.897	31.9801
1399032003.647	y	10.7827	3.58176	19.879	31.9793
1399032003.653	n	10.7838	3.58176	19.863	31.9783
1399032003.659	n	10.7849	3.58176	19.842	31.9773
1399032003.686	n	10.7862	3.58177	19.822	31.9764
1399032003.749	n	10.7874	3.58177	19.804	31.9753
1399032003.811	n	10.7887	3.58178	19.787	31.9742
1399032003.873	n	10.7900	3.58178	19.772	31.9731
1399032003.936	n	10.7913	3.58178	19.752	31.9720
1399032003.998	n	10.7927	3.58177	19.735	31.9707
1399032004.061	n	10.7941	3.58178	19.716	31.9696
1399032004.125	n	10.7956	3.58180	19.699	31.9684
1399032004.187	n	10.7972	3.58182	19.678	31.9673
1399032004.249	n	10.7988	3.58183	19.664	31.9660
1399032004.312	n	10.8005	3.58184	19.647	31.9646
1399032004.374	n	10.8023	3.58184	19.630	31.9630
1399032004.436	n	10.8041	3.58184	19.613	31.9615
1399032004.498	n	10.8059	3.58185	19.597	31.9600
1399032004.569	y	10.8079	3.58185	19.580	31.9583
1399032004.623	n	10.8100	3.58186	19.564	31.9566
1399032004.687	n	10.8121	3.58187	19.547	31.9548
1399032004.748	n	10.8143	3.58188	19.527	31.9530
1399032004.812	n	10.8166	3.58188	19.511	31.9510
1399032004.874	n	10.8189	3.58189	19.497	31.9491
1399032004.938	n	10.8213	3.58189	19.478	31.9470
1399032004.998	n	10.8239	3.58191	19.465	31.9449
1399032005.062	n	10.8266	3.58192	19.449	31.9427
1399032005.123	n	10.8293	3.58193	19.431	31.9404
1399032005.187	n	10.8322	3.58193	19.415	31.9380
1399032005.249	n	10.8352	3.58194	19.399	31.9354
1399032005.311	n	10.8384	3.58195	19.382	31.9327
1399032005.374	n	10.8416	3.58195	19.368	31.9299
1399032005.435	n	10.8449	3.58196	19.355	31.9271
1399032005.498	n	10.8483	3.58196	19.338	31.9243
1399032005.562	n	10.8517	3.58197	19.321	31.9214
1399032005.625	n	10.8552	3.58198	19.307	31.9184
1399032005.686	n	10.8588	3.58200	19.287	31.9155
1399032005.749	n	10.8624	3.58201	19.272	31.9124
1399032005.811	n	10.8662	3.58204	19.256	31.9094
1399032005.873	n	10.8700	3.58205	19.243	31.9062
1399032005.938	n	10.8740	3.58206	19.227	31.9029
1399032005.999	n	10.8779	3.58206	19.212	31.8995
1399032006.061	n	10.8819	3.58207	19.200	31.8960
1399032006.123	n	10.8860	3.58207	19.185	31.8926
1399032006.187	n	10.8900	3.58209	19.170	31.8892
1399032006.248	n	10.8942	3.58210	19.154	31.8857
1399032006.312	n	10.8984	3.58211	19.135	31.8822
1399032006.373	n	10.9027	3.58212	19.119	31.8786
1399032006.437	n	10.9069	3.58212	19.108	31.8749
1399032006.499	n	10.9112	3.58214	19.097	31.8714
1399032006.561	n	10.9154	3.58215	19.082	31.8678
1399032006.624	n	10.9197	3.58217	19.064	31.8642
1399032006.686	n	10.9240	3.58217	19.049	31.8606
1399032006.749	n	10.9282	3.58218	19.033	31.8571
1399032006.811	n	10.9323	3.58219	19.020	31.8535
1399032006.874	n	10.9365	3.58220	19.007	31.8501
1399032006.937	n	10.9406	3.58221	18.993	31.8466
1399032006.999	n	10.9446	3.58221	18.979	31.8431
1399032007.061	n	10.9486	3.58221	18.965	31.8396
1399032007.123	n	10.9526	3.58221	18.953	31.8361
1399032007.186	n	10.9566	3.58221	18.936	31.8327
1399032007.248	n	10.9605	3.58221	18.922	31.8293
1399032007.311	n	10.9644	3.58222	18.908	31.8260
1399032007.373	n	10.9682	3.58222	18.893	31.8227
1399032007.437	n	10.9720	3.58222	18.876	31.8194
1399032007.499	n	10.9758	3.58223	18.864	31.8162
1399032007.561	n	10.9796	3.58223	18.852	31.8130
1399032007.623	n	10.9833	3.58222	18.836	31.8097
1399032007.687	n	10.9871	3.58222	18.822	31.8064
1399032007.875	y	10.9908	3.58223	18.806	31.8033
1399032007.884	n	10.9945	3.58224	18.792	31.8002
1399032007.891	n	10.9982	3.58226	18.777	31.7972
1399032007.938	n	11.0018	3.58226	18.764	31.7941
1399032007.999	n	11.0055	3.58226	18.752	31.7909
1399032008.062	n	11.0092	3.58226	18.734	31.7877
1399032008.124	n	11.0130	3.58226	18.720	31.7844
1399032008.186	n	11.0167	3.58226	18.708	31.7811
1399032008.274	y	11.0206	3.58226	18.695	31.7779
1399032008.312	n	11.0244	3.58226	18.680	31.7745
1399032008.375	n	11.0283	3.58226	18.664	31.7712
1399032008.436	n	11.0321	3.58226	18.649	31.7679
1399032008.499	n	11.0360	3.58226	18.634	31.7646
1399032008.561	n	11.0400	3.58227	18.617	31.7612
1399032008.623	n	11.0440	3.58228	18.606	31.7579
1399032008.687	n	11.0481	3.58230	18.591	31.7545
1399032008.749	n	11.0522	3.58230	18.577	31.7509
1399032008.812	n	11.0564	3.58230	18.560	31.7473
1399032008.875	n	11.0607	3.58230	18.545	31.7437
1399032008.936	n	11.0649	3.58231	18.530	31.7402
1399032008.998	n	11.0690	3.58232	18.518	31.7367
1399032009.062	n	11.0732	3.58233	18.502	31.7332
1399032009.124	n	11.0774	3.58233	18.486	31.7296
1399032009.187	n	11.0816	3.58233	18.470	31.7260
1399032009.249	n	11.0857	3.58234	18.457	31.7225
1399032009.312	n	11.0898	3.58235	18.441	31.7190
1399032009.374	n	11.0939	3.58235	18.426	31.7155
1399032009.437	n	11.0979	3.58236	18.409	31.7122
1399032009.500	n	11.1019	3.58236	18.395	31.7088
1399032009.562	n	11.1058	3.58236	18.377	31.7055
1399032009.624	n	11.1096	3.58237	18.362	31.7022
1399032009.686	n	11.1134	3.58237	18.347	31.6990
1399032009.749	n	11.1171	3.58237	18.328	31.6957
1399032009.811	n	11.1209	3.58237	18.311	31.6925
1399032009.874	n	11.1246	3.58238	18.295	31.6894
1399032009.935	n	11.1283	3.58239	18.281	31.6863
1399032010.000	n	11.1320	3.58241	18.265	31.6833
1399032010.062	n	11.1356	3.58241	18.250	31.6803
1399032010.124	n	11.1391	3.58241	18.231	31.6773
1399032010.186	n	11.1426	3.58241	18.216	31.6743
1399032010.248	n	11.1460	3.58241	18.197	31.6713
1399032010.311	n	11.1495	3.58241	18.183	31.6683
1399032010.373	n	11.1531	3.58242	18.166	31.6654
1399032010.438	n	11.1568	3.58243	18.149	31.6623
1399032010.499	n	11.1605	3.58243	18.133	31.6591
1399032010.562	n	11.1643	3.58243	18.113	31.6558
1399032010.625	n	11.1682	3.58243	18.098	31.6525
1399032010.687	n	11.1722	3.58244	18.078	31.6492
1399032010.749	n	11.1762	3.58245	18.067	31.6458
1399032010.811	n	11.1802	3.58246	18.047	31.6425
1399032010.874	n	11.1841	3.58247	18.028	31.6392
1399032010.936	n	11.1880	3.58246	18.008	31.6359
1399032010.998	n	11.1917	3.58246	17.993	31.6326
1399032011.061	n	11.1954	3.58247	17.979	31.6296
1399032011.124	n	11.1990	3.58247	17.958	31.6264
1399032011.188	n	11.2027	3.58247	17.939	31.6233
1399032011.249	n	11.2063	3.58246	17.923	31.6202
1399032011.312	n	11.2098	3.58245	17.906	31.6170
1399032011.374	n	11.2134	3.58246	17.889	31.6140
1399032011.437	n	11.2170	3.58247	17.870	31.6110
1399032011.499	n	11.2206	3.58248	17.853	31.6081
1399032011.561	n	11.2241	3.58249	17.837	31.6052
1399032011.624	n	11.2276	3.58250	17.821	31.6023
1399032011.686	n	11.2310	3.58251	17.801	31.5995
1399032011.748	n	11.2344	3.58252	17.784	31.5966
1399032011.810	n	11.2379	3.58252	17.764	31.5937
1399032011.874	n	11.2413	3.58252	17.745	31.5908
1399032011.952	y	11.2447	3.58253	17.724	31.5879
1399032012.114	y	11.2481	3.58253	17.710	31.5851
1399032012.119	n	11.2514	3.58254	17.694	31.5823
1399032012.124	n	11.2548	3.58254	17.671	31.5795
1399032012.186	n	11.2582	3.58255	17.653	31.5766
1399032012.248	n	11.2616	3.58255	17.638	31.5737
1399032012.310	n	11.2649	3.58254	17.620	31.5708
1399032012.374	n	11.2682	3.58255	17.602	31.5681
1399032012.438	n	11.2714	3.58255	17.581	31.5654
1399032012.499	n	11.2745	3.58256	17.565	31.5628
1399032012.562	n	11.2775	3.58256	17.547	31.5602
1399032012.624	n	11.2805	3.58255	17.530	31.5576
1399032012.687	n	11.2835	3.58255	17.512	31.5550
1399032012.749	n	11.2865	3.58255	17.491	31.5524
1399032012.812	n	11.2895	3.58255	17.474	31.5499
1399032012.874	n	11.2926	3.58255	17.453	31.5473
1399032012.937	n	11.2956	3.58256	17.434	31.5448
1399032012.999	n	11.2986	3.58257	17.417	31.5423
1399032013.061	n	11.3017	3.58258	17.401	31.5398
1399032013.124	n	11.3049	3.58258	17.386	31.5371
1399032013.186	n	11.3082	3.58258	17.374	31.5343
1399032013.249	n	11.3115	3.58258	17.352	31.5315
1399032013.312	n	11.3148	3.58259	17.333	31.5287
1399032013.374	n	11.3181	3.58260	17.318	31.5260
1399032013.435	n	11.3214	3.58260	17.300	31.5232
1399032013.499	n	11.3246	3.58259	17.280	31.5203
1399032013.561	n	11.3278	3.58258	17.265	31.5176
1399032013.624	n	11.3307	3.58257	17.250	31.5150
1399032013.686	n	11.3334	3.58257	17.232	31.5127
1399032013.749	n	11.3358	3.58257	17.215	31.5107
1399032013.811	n	11.3380	3.58256	17.201	31.5087
1399032013.873	n	11.3401	3.58255	17.184	31.5069
1399032013.937	n	11.3423	3.58255	17.175	31.5050
1399032013.999	n	11.3446	3.58255	17.158	31.5030
1399032014.061	n	11.3471	3.58256	17.139	31.5010
1399032014.125	n	11.3497	3.58256	17.119	31.4987
1399032014.186	n	11.3525	3.58254	17.106	31.4962
1399032014.249	n	11.3554	3.58254	17.089	31.4937
1399032014.312	n	11.3583	3.58254	17.076	31.4912
1399032014.374	n	11.3611	3.58255	17.059	31.4889
1399032014.437	n	11.3639	3.58256	17.044	31.4866
1399032014.498	n	11.3667	3.58256	17.025	31.4843
1399032014.561	n	11.3696	3.58257	17.015	31.4819
1399032014.623	n	11.3724	3.58257	17.000	31.4795
1399032014.688	n	11.3752	3.58257	16.984	31.4772
1399032014.749	n	11.3780	3.58258	16.970	31.4748
1399032014.812	n	11.3808	3.58259	16.957	31.4726
1399032014.875	n	11.3835	3.58259	16.943	31.4703
1399032014.937	n	11.3861	3.58259	16.928	31.4681
1399032014.999	n	11.3886	3.58258	16.916	31.4658
1399032015.061	n	11.3911	3.58257	16.899	31.4637
1399032015.123	n	11.3933	3.58256	16.887	31.4617
1399032015.186	n	11.3955	3.58256	16.872	31.4599
1399032015.249	n	11.3976	3.58257	16.857	31.4582
1399032015.311	n	11.3995	3.58258	16.845	31.4566
1399032015.374	n	11.4014	3.58260	16.829	31.4552
1399032015.436	n	11.4033	3.58261	16.814	31.4537
1399032015.500	n	11.4052	3.58262	16.806	31.4522
1399032015.607	y	11.4070	3.58261	16.790	31.4506
1399032015.624	n	11.4088	3.58261	16.778	31.4490
1399032015.686	n	11.4105	3.58260	16.766	31.4474
1399032015.748	n	11.4123	3.58259	16.749	31.4459
1399032015.812	n	11.4140	3.58260	16.736	31.4445
1399032015.875	n	11.4158	3.58260	16.722	31.4430
1399032015.936	n	11.4176	3.58260	16.709	31.4415
1399032015.999	n	11.4193	3.58260	16.692	31.4400
1399032016.062	n	11.4210	3.58260	16.681	31.4386
1399032016.125	n	11.4227	3.58259	16.667	31.4371
1399032016.187	n	11.4243	3.58259	16.653	31.4357
1399032016.437	y	11.4259	3.58259	16.639	31.4343
1399032016.444	n	11.4275	3.58258	16.627	31.4330
1399032016.450	n	11.4291	3.58259	16.612	31.4317
1399032016.456	n	11.4307	3.58259	16.598	31.4303
1399032016.499	n	11.4323	3.58260	16.586	31.4290
1399032016.561	n	11.4339	3.58260	16.571	31.4277
1399032016.623	n	11.4354	3.58261	16.557	31.4265
1399032016.688	n	11.4369	3.58260	16.541	31.4252
1399032016.748	n	11.4383	3.58260	16.529	31.4239
1399032016.812	n	11.4398	3.58260	16.513	31.4227
1399032016.874	n	11.4412	3.58260	16.500	31.4215
1399032016.937	n	11.4426	3.58260	16.486	31.4203
1399032017.000	n	11.4439	3.58260	16.467	31.4192
1399032017.061	n	11.4452	3.58260	16.457	31.4181
1399032017.125	n	11.4464	3.58260	16.443	31.4170
1399032017.188	n	11.4477	3.58261	16.429	31.4161
1399032017.249	n	11.4489	3.58261	16.410	31.4151
1399032017.312	n	11.4502	3.58260	16.394	31.4139
1399032017.374	n	11.4513	3.58259	16.382	31.4128
1399032017.436	n	11.4525	3.58257	16.363	31.4117
1399032017.499	n	11.4536	3.58255	16.347	31.4105
1399032017.561	n	11.4548	3.58255	16.330	31.4096
1399032017.624	n	11.4559	3.58256	16.317	31.4087
1399032017.687	n	11.4571	3.58257	16.298	31.4078
1399032017.748	n	11.4582	3.58257	16.282	31.4069
1399032017.812	n	11.4593	3.58257	16.269	31.4060
1399032017.875	n	11.4603	3.58256	16.253	31.4050
1399032017.937	n	11.4614	3.58256	16.235	31.4040
1399032017.999	n	11.4625	3.58256	16.218	31.4031
1399032018.062	n	11.4635	3.58255	16.200	31.4022
1399032018.124	n	11.4645	3.58253	16.181	31.4012
1399032018.186	n	11.4655	3.58251	16.165	31.4001
1399032018.248	n	11.4664	3.58249	16.146	31.3992
1399032018.429	y	11.4673	3.58247	16.128	31.3983
1399032018.436	n	11.4682	3.58246	16.114	31.3974
1399032018.441	n	11.4691	3.58246	16.093	31.3966
1399032018.499	n	11.4701	3.58245	16.077	31.3957
1399032018.561	n	11.4710	3.58243	16.060	31.3947
1399032018.623	n	11.4720	3.58240	16.039	31.3936
1399032018.686	n	11.4730	3.58237	16.017	31.3924
1399032018.748	n	11.4740	3.58234	16.000	31.3914
1399032018.811	n	11.4750	3.58233	15.982	31.3903
1399032018.875	n	11.4760	3.58231	15.963	31.3893
1399032018.938	n	11.4770	3.58228	15.944	31.3882
1399032018.999	n	11.4779	3.58224	15.922	31.3871
1399032019.062	n	11.4788	3.58220	15.903	31.3860
1399032019.124	n	11.4796	3.58217	15.885	31.3849
1399032019.187	n	11.4805	3.58212	15.864	31.3838
1399032019.256	y	11.4814	3.58209	15.844	31.3826
1399032019.312	n	11.4824	3.58204	15.824	31.3813
1399032019.375	n	11.4834	3.58200	15.801	31.3801
1399032019.437	n	11.4843	3.58195	15.781	31.3789
1399032019.498	n	11.4852	3.58191	15.763	31.3777
1399032019.562	n	11.4860	3.58186	15.743	31.3766
1399032019.625	n	11.4868	3.58182	15.718	31.3755
1399032019.687	n	11.4875	3.58178	15.698	31.3746
1399032019.749	n	11.4881	3.58175	15.674	31.3737
1399032019.811	n	11.4886	3.58170	15.653	31.3729
1399032019.873	n	11.4889	3.58166	15.635	31.3722
1399032019.936	n	11.4891	3.58162	15.614	31.3716
1399032019.999	n	11.4892	3.58158	15.591	31.3712
1399032020.062	n	11.4892	3.58155	15.571	31.3709
1399032020.125	n	11.4892	3.58152	15.552	31.3707
1399032020.188	n	11.4890	3.58151	15.526	31.3707
1399032020.249	n	11.4885	3.58149	15.503	31.3709
1399032020.311	n	11.4879	3.58148	15.483	31.3714
1399032020.374	n	11.4869	3.58146	15.457	31.3721
1399032020.437	n	11.4856	3.58144	15.435	31.3729
1399032020.659	y	11.4842	3.58141	15.417	31.3739
1399032020.666	n	11.4825	3.58139	15.398	31.3751
1399032020.672	n	11.4808	3.58136	15.373	31.3763
1399032020.687	n	11.4791	3.58134	15.353	31.3775
1399032020.749	n	11.4775	3.58131	15.329	31.3786
1399032020.812	n	11.4759	3.58128	15.304	31.3797
1399032020.874	n	11.4743	3.58127	15.283	31.3810
1399032020.937	n	11.4726	3.58126	15.260	31.3823
1399032020.999	n	11.4710	3.58125	15.239	31.3835
1399032021.061	n	11.4695	3.58123	15.216	31.3846
1399032021.124	n	11.4681	3.58120	15.192	31.3855
1399032021.187	n	11.4667	3.58117	15.171	31.3864
1399032021.249	n	11.4654	3.58115	15.151	31.3874
1399032021.312	n	11.4641	3.58113	15.129	31.3884
1399032021.375	n	11.4628	3.58113	15.106	31.3894
1399032021.436	n	11.4615	3.58111	15.086	31.3904
1399032021.499	n	11.4602	3.58109	15.064	31.3913
1399032021.561	n	11.4589	3.58107	15.040	31.3922
1399032021.623	n	11.4577	3.58106	15.019	31.3931
1399032021.687	n	11.4564	3.58104	15.000	31.3940
1399032021.748	n	11.4550	3.58102	14.976	31.3950
1399032021.811	n	11.4535	3.58100	14.952	31.3961
1399032021.875	n	11.4517	3.58098	14.930	31.3974
1399032021.936	n	11.4496	3.58098	14.910	31.3992
1399032021.998	n	11.4472	3.58098	14.887	31.4012
1399032022.061	n	11.4447	3.58097	14.866	31.4033
1399032022.124	n	11.4422	3.58097	14.848	31.4054
1399032022.186	n	11.4398	3.58095	14.827	31.4073
1399032022.249	n	11.4376	3.58094	14.806	31.4091
1399032022.312	n	11.4355	3.58094	14.785	31.4109
1399032022.374	n	11.4334	3.58093	14.765	31.4126
1399032022.436	n	11.4315	3.58092	14.744	31.4141
1399032022.499	n	11.4298	3.58092	14.723	31.4155
1399032022.561	n	11.4281	3.58090	14.705	31.4168
1399032022.625	n	11.4264	3.58089	14.688	31.4182
1399032022.685	n	11.4246	3.58088	14.667	31.4196
1399032022.750	n	11.4229	3.58087	14.647	31.4210
1399032022.812	n	11.4211	3.58086	14.629	31.4223
1399032022.874	n	11.4195	3.58084	14.613	31.4236
1399032022.976	y	11.4179	3.58083	14.591	31.4248
1399032022.999	n	11.4165	3.58082	14.574	31.4259
1399032023.063	n	11.4152	3.58081	14.557	31.4269
1399032023.124	n	11.4141	3.58081	14.538	31.4279
1399032023.186	n	11.4129	3.58081	14.520	31.4289
1399032023.249	n	11.4115	3.58081	14.504	31.4301
1399032023.312	n	11.4100	3.58081	14.485	31.4314
1399032023.375	n	11.4085	3.58081	14.470	31.4326
1399032023.438	n	11.4071	3.58080	14.450	31.4337
1399032023.498	n	11.4062	3.58079	14.434	31.4345
1399032023.561	n	11.4060	3.58079	14.420	31.4346
1399032023.623	n	11.4067	3.58078	14.403	31.4339
1399032023.686	n	11.4085	3.58078	14.389	31.4324
1399032023.749	n	11.4113	3.58079	14.377	31.4301
1399032023.812	n	11.4149	3.58080	14.360	31.4271
1399032023.875	n	11.4190	3.58081	14.343	31.4237
1399032023.938	n	11.4234	3.58082	14.328	31.4202
1399032023.999	n	11.4279	3.58085	14.312	31.4167
1399032024.062	n	11.4323	3.58089	14.299	31.4133
1399032024.125	n	11.4366	3.58093	14.283	31.4100
1399032024.187	n	11.4408	3.58097	14.269	31.4068
1399032024.250	n	11.4448	3.58100	14.254	31.4038
1399032024.312	n	11.4486	3.58103	14.240	31.4008
1399032024.375	n	11.4522	3.58106	14.226	31.3981
1399032024.437	n	11.4555	3.58108	14.214	31.3956
1399032024.499	n	11.4586	3.58111	14.200	31.3932
1399032024.561	n	11.4615	3.58114	14.187	31.3910
1399032024.624	n	11.4643	3.58117	14.175	31.3889
1399032024.687	n	11.4671	3.58120	14.163	31.3868
1399032024.844	y	11.4697	3.58123	14.146	31.3848
1399032024.849	n	11.4723	3.58125	14.134	31.3828
1399032024.875	n	11.4749	3.58126	14.120	31.3808
1399032024.936	n	11.4774	3.58127	14.107	31.3788
1399032024.999	n	11.4800	3.58128	14.096	31.3767
1399032025.062	n	11.4825	3.58130	14.084	31.3748
1399032025.124	n	11.4849	3.58131	14.070	31.3728
1399032025.187	n	11.4873	3.58132	14.052	31.3710
1399032025.248	n	11.4897	3.58134	14.043	31.3691
1399032025.312	n	11.4921	3.58135	14.032	31.3672
1399032025.374	n	11.4945	3.58136	14.018	31.3653
1399032025.437	n	11.4968	3.58138	14.003	31.3635
1399032025.499	n	11.4991	3.58140	13.992	31.3617
1399032025.561	n	11.5013	3.58141	13.980	31.3599
1399032025.623	n	11.5035	3.58141	13.967	31.3581
1399032025.687	n	11.5056	3.58140	13.951	31.3563
1399032025.748	n	11.5077	3.58140	13.942	31.3545
1399032025.811	n	11.5098	3.58140	13.931	31.3527
1399032025.875	n	11.5119	3.58141	13.917	31.3510
1399032025.936	n	11.5140	3.58143	13.905	31.3494
1399032025.999	n	11.5162	3.58144	13.894	31.3477
1399032026.062	n	11.5183	3.58145	13.879	31.3460
1399032026.124	n	11.5204	3.58146	13.863	31.3443
1399032026.187	n	11.5225	3.58144	13.854	31.3424
1399032026.248	n	11.5245	3.58143	13.842	31.3405
1399032026.313	n	11.5266	3.58142	13.826	31.3387
1399032026.375	n	11.5287	3.58140	13.813	31.3368
1399032026.436	n	11.5307	3.58140	13.801	31.3350
1399032026.550	y	11.5328	3.58140	13.787	31.3333
1399032026.561	n	11.5347	3.58140	13.775	31.3317
1399032026.624	n	11.5366	3.58140	13.758	31.3301
1399032026.687	n	11.5384	3.58139	13.747	31.3284
1399032026.750	n	11.5402	3.58138	13.732	31.3268
1399032026.811	n	11.5420	3.58136	13.718	31.3251
1399032026.874	n	11.5439	3.58134	13.702	31.3233
1399032026.937	n	11.5459	3.58135	13.688	31.3218
1399032026.998	n	11.5479	3.58136	13.672	31.3202
1399032027.061	n	11.5500	3.58138	13.659	31.3186
1399032027.123	n	11.5520	3.58140	13.646	31.3171
1399032027.186	n	11.5539	3.58140	13.632	31.3156
1399032027.250	n	11.5557	3.58139	13.615	31.3140
1399032027.310	n	11.5574	3.58139	13.600	31.3124
1399032027.375	n	11.5591	3.58139	13.583	31.3110
1399032027.436	n	11.5608	3.58140	13.567	31.3096
1399032027.500	n	11.5625	3.58141	13.552	31.3084
1399032027.563	n	11.5642	3.58142	13.537	31.3070
1399032027.625	n	11.5658	3.58142	13.519	31.3056
1399032027.687	n	11.5674	3.58142	13.504	31.3043
1399032027.750	n	11.5690	3.58143	13.485	31.3030
1399032027.812	n	11.5707	3.58143	13.472	31.3017
1399032027.875	n	11.5724	3.58145	13.456	31.3004
1399032027.938	n	11.5741	3.58146	13.436	31.2991
1399032027.999	n	11.5758	3.58146	13.420	31.2977
1399032028.062	n	11.5775	3.58146	13.404	31.2963
1399032028.125	n	11.5791	3.58147	13.384	31.2950
1399032028.186	n	11.5809	3.58148	13.365	31.2935
1399032028.249	n	11.5827	3.58149	13.348	31.2921
1399032028.311	n	11.5845	3.58149	13.330	31.2906
1399032028.375	n	11.5865	3.58150	13.312	31.2890
1399032028.437	n	11.5885	3.58151	13.294	31.2875
1399032028.498	n	11.5906	3.58153	13.274	31.2859
1399032028.564	n	11.5928	3.58153	13.257	31.2841
1399032028.624	n	11.5951	3.58154	13.237	31.2822
1399032028.686	n	11.5976	3.58155	13.219	31.2802
1399032028.749	n	11.6001	3.58156	13.196	31.2782
1399032028.811	n	11.6027	3.58156	13.179	31.2761
1399032028.873	n	11.6053	3.58157	13.161	31.2740
1399032028.936	n	11.6078	3.58158	13.143	31.2719
1399032029.123	y	11.6103	3.58158	13.121	31.2698
1399032029.130	n	11.6129	3.58159	13.101	31.2678
1399032029.136	n	11.6154	3.58160	13.085	31.2658
1399032029.186	n	11.6180	3.58163	13.065	31.2638
1399032029.249	n	11.6207	3.58165	13.044	31.2618
1399032029.311	n	11.6235	3.58166	13.024	31.2596
1399032029.374	n	11.6264	3.58168	12.998	31.2573
1399032029.438	n	11.6295	3.58171	12.982	31.2550
1399032029.499	n	11.6326	3.58173	12.962	31.2526
1399032029.562	n	11.6357	3.58175	12.939	31.2501
1399032029.623	n	11.6390	3.58176	12.919	31.2475
1399032029.686	n	11.6423	3.58177	12.901	31.2448
1399032029.749	n	11.6458	3.58179	12.875	31.2420
1399032029.812	n	11.6495	3.58181	12.857	31.2391
1399032029.875	n	11.6534	3.58183	12.836	31.2360
1399032029.936	n	11.6575	3.58185	12.816	31.2328
1399032029.999	n	11.6618	3.58187	12.791	31.2294
1399032030.061	n	11.6663	3.58188	12.772	31.2257
1399032030.124	n	11.6709	3.58189	12.748	31.2220
1399032030.186	n	11.6757	3.58191	12.728	31.2181
1399032030.314	y	11.6806	3.58192	12.706	31.2140
1399032030.320	n	11.6856	3.58194	12.683	31.2100
1399032030.374	n	11.6907	3.58196	12.659	31.2060
1399032030.438	n	11.6956	3.58197	12.639	31.2020
1399032030.499	n	11.7004	3.58198	12.615	31.1981
1399032030.565	n	11.7049	3.58198	12.594	31.1943
1399032030.623	n	11.7093	3.58198	12.574	31.1906
1399032030.686	n	11.7133	3.58198	12.548	31.1873
1399032030.750	n	11.7171	3.58198	12.527	31.1841
1399032030.812	n	11.7207	3.58198	12.502	31.1811
1399032030.874	n	11.7241	3.58199	12.479	31.1783
1399032030.938	n	11.7273	3.58200	12.459	31.1758
1399032030.999	n	11.7303	3.58201	12.436	31.1733
1399032031.062	n	11.7332	3.58202	12.411	31.1710
1399032031.123	n	11.7359	3.58201	12.388	31.1687
1399032031.186	n	11.7385	3.58200	12.368	31.1664
1399032031.250	n	11.7411	3.58199	12.345	31.1641
1399032031.311	n	11.7436	3.58199	12.323	31.1620
1399032031.375	n	11.7461	3.58200	12.301	31.1600
1399032031.436	n	11.7486	3.58201	12.280	31.1580
1399032031.499	n	11.7511	3.58202	12.257	31.1560
1399032031.563	n	11.7537	3.58201	12.233	31.1538
1399032031.623	n	11.7562	3.58200	12.209	31.1516
1399032031.688	n	11.7588	3.58200	12.189	31.1494
1399032031.748	n	11.7614	3.58200	12.168	31.1473
1399032031.811	n	11.7639	3.58200	12.148	31.1452
1399032031.875	n	11.7664	3.58201	12.125	31.1432
1399032031.938	n	11.7690	3.58201	12.109	31.1411
1399032031.999	n	11.7715	3.58201	12.086	31.1389
1399032032.061	n	11.7741	3.58202	12.062	31.1368
1399032032.124	n	11.7766	3.58202	12.041	31.1348
1399032032.186	n	11.7791	3.58203	12.020	31.1328
1399032032.249	n	11.7816	3.58204	12.005	31.1307
1399032032.311	n	11.7842	3.58205	11.983	31.1287
1399032032.374	n	11.7867	3.58206	11.959	31.1268
1399032032.438	n	11.7893	3.58207	11.938	31.1248
1399032032.500	n	11.7919	3.58209	11.917	31.1227
1399032032.567	n	11.7945	3.58211	11.898	31.1207
1399032032.625	n	11.7971	3.58212	11.879	31.1187
1399032032.687	n	11.7997	3.58214	11.858	31.1167
1399032032.748	n	11.8024	3.58216	11.842	31.1147
1399032032.811	n	11.8050	3.58218	11.823	31.1127
1399032032.875	n	11.8075	3.58219	11.802	31.1107
1399032032.936	n	11.8101	3.58221	11.783	31.1087
1399032032.999	n	11.8127	3.58223	11.764	31.1067
1399032033.062	n	11.8152	3.58225	11.745	31.1048
1399032033.124	n	11.8178	3.58226	11.727	31.1028
1399032033.188	n	11.8203	3.58227	11.708	31.1008
1399032033.443	y	11.8228	3.58229	11.693	31.0989
1399032033.451	n	11.8253	3.58231	11.676	31.0970
1399032033.457	n	11.8278	3.58233	11.658	31.0951
1399032033.463	n	11.8303	3.58236	11.640	31.0933
1399032033.499	n	11.8327	3.58239	11.625	31.0915
1399032033.562	n	11.8351	3.58241	11.610	31.0898
1399032033.623	n	11.8375	3.58243	11.593	31.0880
1399032033.686	n	11.8399	3.58245	11.578	31.0862
1399032033.797	y	11.8422	3.58247	11.560	31.0845
1399032033.812	n	11.8446	3.58250	11.545	31.0827
1399032033.879	y	11.8469	3.58253	11.529	31.0811
1399032033.937	n	11.8493	3.58257	11.515	31.0796
1399032033.998	n	11.8516	3.58260	11.497	31.0779
1399032034.062	n	11.8540	3.58263	11.481	31.0762
1399032034.123	n	11.8564	3.58265	11.467	31.0744
1399032034.186	n	11.8587	3.58267	11.455	31.0726
1399032034.249	n	11.8611	3.58269	11.441	31.0708
1399032034.311	n	11.8634	3.58272	11.427	31.0692
1399032034.374	n	11.8658	3.58274	11.412	31.0674
1399032034.437	n	11.8682	3.58276	11.396	31.0657
1399032034.500	n	11.8705	3.58279	11.382	31.0640
1399032034.565	n	11.8728	3.58281	11.373	31.0623
1399032034.624	n	11.8752	3.58284	11.362	31.0606
1399032034.688	n	11.8775	3.58286	11.343	31.0588
1399032034.748	n	11.8799	3.58289	11.332	31.0571
1399032034.812	n	11.8823	3.58291	11.320	31.0554
1399032034.875	n	11.8847	3.58294	11.304	31.0537
1399032034.937	n	11.8870	3.58298	11.292	31.0521
1399032034.998	n	11.8893	3.58303	11.279	31.0506
1399032035.061	n	11.8915	3.58307	11.262	31.0492
1399032035.123	n	11.8937	3.58311	11.251	31.0478
1399032035.187	n	11.8959	3.58315	11.241	31.0463
1399032035.249	n	11.8981	3.58318	11.228	31.0449
1399032035.312	n	11.9002	3.58322	11.214	31.0434
1399032035.375	n	11.9023	3.58324	11.201	31.0419
1399032035.436	n	11.9044	3.58327	11.189	31.0404
1399032035.498	n	11.9065	3.58330	11.176	31.0390
1399032035.562	n	11.9085	3.58333	11.164	31.0376
1399032035.624	n	11.9105	3.58336	11.149	31.0363
1399032035.688	n	11.9125	3.58340	11.137	31.0349
1399032035.749	n	11.9145	3.58344	11.126	31.0337
1399032035.811	n	11.9166	3.58349	11.113	31.0324
1399032035.873	n	11.9189	3.58353	11.102	31.0309
1399032035.936	n	11.9213	3.58358	11.092	31.0294
1399032035.998	n	11.9238	3.58363	11.080	31.0277
1399032036.062	n	11.9265	3.58367	11.068	31.0259
1399032036.124	n	11.9294	3.58372	11.056	31.0240
1399032036.187	n	11.9325	3.58376	11.041	31.0219
1399032036.250	n	11.9358	3.58382	11.032	31.0196
1399032036.312	n	11.9393	3.58388	11.019	31.0173
1399032036.373	n	11.9431	3.58395	11.007	31.0148
1399032036.437	n	11.9470	3.58400	10.996	31.0121
1399032036.500	n	11.9511	3.58406	10.985	31.0092
1399032036.561	n	11.9554	3.58411	10.974	31.0061
1399032036.624	n	11.9599	3.58416	10.959	31.0029
1399032036.686	n	11.9645	3.58423	10.947	30.9997
1399032036.750	n	11.9692	3.58429	10.936	30.9964
1399032036.812	n	11.9739	3.58435	10.918	30.9931
1399032036.875	n	11.9786	3.58441	10.907	30.9897
1399032036.936	n	11.9833	3.58446	10.899	30.9864
1399032036.999	n	11.9881	3.58453	10.886	30.9830
1399032037.061	n	11.9928	3.58459	10.871	30.9797
1399032037.124	n	11.9975	3.58464	10.858	30.9763
1399032037.187	n	12.0021	3.58470	10.846	30.9730
1399032037.249	n	12.0067	3.58477	10.833	30.9699
1399032037.312	n	12.0112	3.58483	10.820	30.9668
1399032037.374	n	12.0156	3.58489	10.808	30.9637
1399032037.437	n	12.0200	3.58495	10.796	30.9606
1399032037.659	y	12.0244	3.58500	10.785	30.9575
1399032037.743	y	12.0288	3.58506	10.769	30.9544
1399032037.749	n	12.0331	3.58513	10.753	30.9516
1399032037.755	n	12.0373	3.58520	10.741	30.9488
1399032037.759	n	12.0414	3.58526	10.728	30.9459
1399032037.811	n	12.0454	3.58532	10.716	30.9432
1399032037.875	n	12.0494	3.58538	10.701	30.9404
1399032037.936	n	12.0532	3.58543	10.689	30.9378
1399032037.999	n	12.0569	3.58549	10.675	30.9353
1399032038.061	n	12.0606	3.58554	10.658	30.9327
1399032038.125	n	12.0642	3.58557	10.646	30.9300
1399032038.188	n	12.0677	3.58561	10.633	30.9275
1399032038.248	n	12.0710	3.58565	10.622	30.9251
1399032038.311	n	12.0743	3.58568	10.607	30.9227
1399032038.374	n	12.0775	3.58573	10.591	30.9205
1399032038.437	n	12.0806	3.58576	10.573	30.9183
1399032038.498	n	12.0836	3.58579	10.561	30.9161
1399032038.562	n	12.0865	3.58583	10.546	30.9141
1399032038.624	n	12.0893	3.58586	10.529	30.9121
1399032038.688	n	12.0920	3.58589	10.515	30.9101
1399032038.748	n	12.0946	3.58592	10.499	30.9082
1399032038.811	n	12.0971	3.58594	10.484	30.9064
1399032038.876	n	12.0996	3.58597	10.465	30.9046
1399032038.937	n	12.1019	3.58600	10.449	30.9030
1399032039.000	n	12.1043	3.58603	10.435	30.9013
1399032039.061	n	12.1065	3.58604	10.418	30.8996
1399032039.125	n	12.1088	3.58606	10.401	30.8979
1399032039.186	n	12.1110	3.58609	10.382	30.8963
1399032039.248	n	12.1132	3.58612	10.366	30.8948
1399032039.311	n	12.1153	3.58615	10.349	30.8934
1399032039.374	n	12.1174	3.58618	10.330	30.8919
1399032039.437	n	12.1195	3.58619	10.310	30.8903
1399032039.498	n	12.1216	3.58620	10.296	30.8887
1399032039.562	n	12.1238	3.58622	10.276	30.8871
1399032039.623	n	12.1260	3.58624	10.255	30.8854
1399032039.688	n	12.1282	3.58625	10.237	30.8838
1399032039.750	n	12.1303	3.58627	10.216	30.8822
1399032039.813	n	12.1325	3.58630	10.202	30.8807
1399032039.874	n	12.1348	3.58633	10.180	30.8791
1399032039.938	n	12.1371	3.58636	10.159	30.8775
1399032040.000	n	12.1395	3.58639	10.134	30.8758
1399032040.061	n	12.1418	3.58641	10.116	30.8740
1399032040.123	y	12.1443	3.58643	10.094	30.8723
1399032040.187	n	12.1467	3.58645	10.073	30.8705
1399032040.249	n	12.1491	3.58647	10.053	30.8687
1399032040.312	n	12.1516	3.58650	10.035	30.8668
1399032040.374	n	12.1542	3.58652	10.013	30.8650
1399032040.436	n	12.1566	3.58653	9.990	30.8631
1399032040.499	n	12.1592	3.58656	9.964	30.8613
1399032040.561	n	12.1617	3.58658	9.944	30.8594
1399032040.624	n	12.1642	3.58661	9.923	30.8576
1399032040.687	n	12.1667	3.58666	9.902	30.8560
1399032040.748	n	12.1692	3.58670	9.876	30.8543
1399032040.812	n	12.1718	3.58674	9.858	30.8526
1399032040.875	n	12.1743	3.58678	9.830	30.8509
1399032040.936	n	12.1773	3.58699	9.811	30.8504
1399032041.000	n	12.1857	3.58804	9.793	30.8536
1399032041.062	n	12.2061	3.59269	9.765	30.8812
1399032041.126	n	12.2388	3.60050	9.744	30.9288
1399032041.186	n	12.2779	3.60962	9.720	30.9835
1399032041.293	y	12.3145	3.61773	9.697	31.0305
1399032041.311	n	12.3405	3.62291	9.677	31.0584
1399032041.374	n	12.3549	3.62456	9.652	31.0622
1399032041.436	n	12.3629	3.62530	9.626	31.0627
1399032041.498	n	12.3679	3.62578	9.602	31.0630
1399032041.561	n	12.3715	3.62609	9.581	31.0630
1399032041.623	n	12.3741	3.62631	9.557	31.0630
1399032041.686	n	12.3758	3.62645	9.536	31.0629
1399032041.848	y	12.3771	3.62655	9.513	31.0628
1399032041.853	n	12.3788	3.62667	9.490	31.0625
1399032041.876	n	12.3814	3.62682	9.466	31.0618
1399032041.938	n	12.3848	3.62700	9.443	31.0608
1399032041.999	n	12.3882	3.62720	9.420	31.0598
1399032042.061	n	12.3909	3.62737	9.397	31.0592
1399032042.125	n	12.3924	3.62749	9.377	31.0592
1399032042.186	n	12.3930	3.62757	9.357	31.0593
1399032042.250	n	12.3932	3.62760	9.335	31.0595
1399032042.312	n	12.3931	3.62762	9.312	31.0598
1399032042.374	n	12.3930	3.62766	9.290	31.0602
1399032042.438	n	12.3931	3.62770	9.268	31.0607
1399032042.499	n	12.3933	3.62777	9.247	31.0611
1399032042.561	n	12.3936	3.62783	9.225	31.0614
1399032042.625	n	12.3940	3.62788	9.204	31.0616
1399032042.686	n	12.3942	3.62792	9.187	31.0618
1399032042.749	n	12.3946	3.62795	9.165	31.0617
1399032042.811	n	12.3953	3.62798	9.145	31.0615
1399032042.874	n	12.3962	3.62802	9.127	31.0611
1399032042.938	n	12.3971	3.62806	9.104	31.0607
1399032043.000	n	12.3974	3.62809	9.081	31.0608
1399032043.061	n	12.3971	3.62810	9.062	31.0612
1399032043.123	n	12.3964	3.62810	9.046	31.0617
1399032043.187	n	12.3960	3.62810	9.025	31.0621
1399032043.249	n	12.3963	3.62813	9.003	31.0621
1399032043.313	n	12.3971	3.62817	8.987	31.0618
1399032043.373	n	12.3981	3.62822	8.966	31.0615
1399032043.437	n	12.3991	3.62827	8.952	31.0612
1399032043.500	n	12.4004	3.62832	8.931	31.0606
1399032043.561	n	12.4022	3.62837	8.915	31.0596
1399032043.623	n	12.4043	3.62843	8.895	31.0584
1399032043.686	n	12.4062	3.62845	8.878	31.0570
1399032043.749	n	12.4075	3.62847	8.862	31.0561
1399032043.811	n	12.4080	3.62848	8.845	31.0558
1399032043.874	n	12.4081	3.62848	8.828	31.0558
1399032043.937	n	12.4080	3.62850	8.810	31.0560
1399032044.000	n	12.4078	3.62851	8.791	31.0563
1399032044.062	n	12.4078	3.62851	8.776	31.0563
1399032044.126	n	12.4089	3.62853	8.760	31.0556
1399032044.187	n	12.4113	3.62861	8.745	31.0543
1399032044.248	n	12.4148	3.62871	8.727	31.0524
1399032044.311	n	12.4184	3.62883	8.712	31.0506
1399032044.373	n	12.4212	3.62893	8.697	31.0493
1399032044.437	n	12.4227	3.62899	8.686	31.0486
1399032044.499	n	12.4233	3.62901	8.670	31.0483
1399032044.561	n	12.4235	3.62901	8.650	31.0481
1399032044.624	n	12.4235	3.62902	8.640	31.0482
1399032044.688	n	12.4235	3.62902	8.625	31.0482
1399032044.749	n	12.4235	3.62904	8.610	31.0484
1399032044.811	n	12.4235	3.62905	8.597	31.0485
1399032044.900	y	12.4238	3.62906	8.580	31.0484
1399032044.937	n	12.4250	3.62909	8.566	31.0477
1399032044.999	n	12.4270	3.62915	8.554	31.0467
1399032045.062	n	12.4294	3.62922	8.538	31.0453
1399032045.125	n	12.4315	3.62928	8.523	31.0442
1399032045.186	n	12.4325	3.62932	8.511	31.0437
1399032045.249	n	12.4321	3.62932	8.500	31.0441
1399032045.312	n	12.4305	3.62928	8.483	31.0450
1399032045.374	n	12.4289	3.62925	8.472	31.0461
1399032045.438	n	12.4278	3.62922	8.456	31.0467
1399032045.499	n	12.4273	3.62921	8.445	31.0470
1399032045.561	n	12.4272	3.62920	8.434	31.0470
1399032045.627	n	12.4269	3.62918	8.422	31.0470
1399032045.693	n	12.4262	3.62915	8.402	31.0474
1399032045.750	n	12.4256	3.62913	8.394	31.0477
1399032045.812	n	12.4258	3.62914	8.382	31.0476
1399032045.875	n	12.4266	3.62917	8.368	31.0472
1399032045.937	n	12.4280	3.62922	8.355	31.0465
1399032046.120	y	12.4294	3.62926	8.340	31.0458
1399032046.127	n	12.4304	3.62929	8.328	31.0453
1399032046.132	n	12.4310	3.62930	8.316	31.0448
1399032046.188	n	12.4314	3.62930	8.307	31.0445
1399032046.250	n	12.4316	3.62931	8.292	31.0444
1399032046.312	n	12.4317	3.62932	8.281	31.0444
1399032046.376	n	12.4318	3.62933	8.269	31.0445
1399032046.437	n	12.4317	3.62935	8.255	31.0448
1399032046.500	n	12.4316	3.62936	8.242	31.0449
1399032046.562	n	12.4315	3.62937	8.229	31.0451
1399032046.625	n	12.4311	3.62936	8.218	31.0454
1399032046.690	n	12.4305	3.62936	8.205	31.0458
1399032046.748	n	12.4301	3.62936	8.192	31.0462
1399032046.811	n	12.4300	3.62937	8.182	31.0464
1399032046.875	n	12.4301	3.62937	8.166	31.0463
1399032046.937	n	12.4303	3.62937	8.156	31.0462
1399032046.999	n	12.4303	3.62936	8.143	31.0461
1399032047.062	n	12.4301	3.62935	8.133	31.0461
1399032047.125	n	12.4299	3.62934	8.118	31.0462
1399032047.187	n	12.4299	3.62933	8.110	31.0461
1399032047.248	n	12.4299	3.62932	8.098	31.0461
1399032047.311	n	12.4297	3.62932	8.081	31.0462
1399032047.374	n	12.4294	3.62931	8.070	31.0463
1399032047.436	n	12.4292	3.62930	8.059	31.0464
1399032047.498	n	12.4290	3.62929	8.046	31.0464
1399032047.563	n	12.4290	3.62927	8.031	31.0464
1399032047.626	n	12.4290	3.62926	8.020	31.0463
1399032047.692	n	12.4290	3.62927	8.006	31.0464
1399032047.748	n	12.4288	3.62928	7.994	31.0465
1399032047.812	n	12.4287	3.62928	7.982	31.0467
1399032047.874	n	12.4285	3.62927	7.969	31.0467
1399032047.936	n	12.4284	3.62922	7.955	31.0463
1399032048.000	n	12.4282	3.62913	7.942	31.0457
1399032048.062	n	12.4279	3.62908	7.926	31.0455
1399032048.126	n	12.4276	3.62908	7.915	31.0458
1399032048.186	n	12.4273	3.62912	7.900	31.0464
1399032048.248	n	12.4272	3.62917	7.888	31.0469
1399032048.312	n	12.4274	3.62920	7.875	31.0471
1399032048.374	n	12.4276	3.62919	7.862	31.0468
1399032048.437	n	12.4277	3.62918	7.844	31.0466
1399032048.500	n	12.4276	3.62918	7.828	31.0467
1399032048.562	y	12.4275	3.62918	7.812	31.0469
1399032048.626	n	12.4274	3.62920	7.798	31.0470
1399032048.688	n	12.4276	3.62921	7.783	31.0470
1399032048.748	n	12.4281	3.62923	7.767	31.0468
1399032048.811	n	12.4287	3.62924	7.755	31.0464
1399032048.873	n	12.4291	3.62925	7.740	31.0461
1399032048.938	n	12.4294	3.62926	7.723	31.0460
1399032049.000	n	12.4298	3.62929	7.707	31.0459
1399032049.061	n	12.4306	3.62932	7.692	31.0457
1399032049.125	n	12.4316	3.62936	7.677	31.0452
1399032049.272	y	12.4326	3.62938	7.662	31.0445
1399032049.278	n	12.4333	3.62939	7.646	31.0440
1399032049.312	n	12.4334	3.62938	7.628	31.0439
1399032049.375	n	12.4333	3.62937	7.613	31.0439
1399032049.437	n	12.4332	3.62936	7.598	31.0439
1399032049.499	n	12.4332	3.62936	7.580	31.0438
1399032049.561	n	12.4334	3.62935	7.566	31.0436
1399032049.625	n	12.4337	3.62936	7.550	31.0435
1399032049.690	n	12.4339	3.62937	7.535	31.0434
1399032049.749	n	12.4342	3.62938	7.518	31.0433
1399032049.812	n	12.4346	3.62939	7.500	31.0430
1399032049.875	n	12.4353	3.62940	7.482	31.0425
1399032049.937	n	12.4360	3.62942	7.463	31.0422
1399032050.136	y	12.4364	3.62945	7.448	31.0422
1399032050.142	n	12.4364	3.62947	7.434	31.0423
1399032050.147	n	12.4363	3.62948	7.413	31.0426
1399032050.187	n	12.4363	3.62948	7.392	31.0426
1399032050.249	n	12.4369	3.62950	7.380	31.0422
1399032050.313	n	12.4380	3.62954	7.363	31.0417
1399032050.374	n	12.4393	3.62960	7.345	31.0413
1399032050.438	n	12.4405	3.62966	7.324	31.0408
1399032050.498	n	12.4415	3.62970	7.308	31.0404
1399032050.561	n	12.4424	3.62972	7.292	31.0398
1399032050.624	n	12.4432	3.62972	7.272	31.0392
1399032050.686	n	12.4436	3.62971	7.253	31.0388
1399032050.749	n	12.4437	3.62972	7.236	31.0388
1399032050.811	n	12.4435	3.62975	7.218	31.0392
1399032050.874	n	12.4433	3.62978	7.198	31.0396
1399032050.938	n	12.4434	3.62981	7.180	31.0398
1399032051.000	n	12.4439	3.62982	7.161	31.0396
1399032051.062	n	12.4447	3.62981	7.144	31.0389
1399032051.126	n	12.4456	3.62981	7.130	31.0381
1399032051.187	n	12.4463	3.62981	7.108	31.0375
1399032051.249	n	12.4464	3.62982	7.088	31.0375
1399032051.311	n	12.4463	3.62983	7.069	31.0377
1399032051.375	n	12.4462	3.62983	7.053	31.0379
1399032051.437	n	12.4465	3.62985	7.036	31.0378
1399032051.498	n	12.4475	3.62989	7.022	31.0374
1399032051.561	n	12.4486	3.62994	7.001	31.0369
1399032051.624	n	12.4496	3.63000	6.983	31.0367
1399032051.687	n	12.4501	3.63004	6.967	31.0366
1399032051.749	n	12.4502	3.63006	6.951	31.0367
1399032051.811	n	12.4501	3.63007	6.932	31.0369
1399032051.874	n	12.4500	3.63007	6.917	31.0370
1399032051.936	n	12.4501	3.63008	6.899	31.0370
1399032052.000	n	12.4503	3.63009	6.880	31.0370
1399032052.062	n	12.4504	3.63009	6.861	31.0369
1399032052.125	n	12.4504	3.63007	6.843	31.0367
1399032052.187	n	12.4503	3.63004	6.827	31.0365
1399032052.249	y	12.4502	3.63002	6.809	31.0365
1399032052.311	n	12.4500	3.63003	6.793	31.0367
1399032052.375	n	12.4498	3.63004	6.777	31.0370
1399032052.436	n	12.4494	3.63005	6.759	31.0374
1399032052.499	n	12.4492	3.63005	6.737	31.0376
1399032052.561	n	12.4492	3.63005	6.719	31.0375
1399032052.625	n	12.4493	3.63004	6.706	31.0374
1399032052.693	n	12.4495	3.63003	6.688	31.0372
1399032052.750	n	12.4496	3.63002	6.671	31.0370
1399032052.811	n	12.4496	3.63002	6.655	31.0370
1399032052.873	n	12.4496	3.63003	6.639	31.0370
1399032052.937	n	12.4496	3.63003	6.622	31.0371
1399032052.999	n	12.4498	3.63005	6.605	31.0371
1399032053.062	n	12.4499	3.63005	6.591	31.0370
1399032053.125	n	12.4499	3.63003	6.574	31.0369
1399032053.186	n	12.4499	3.63002	6.553	31.0368
1399032053.250	n	12.4498	3.63001	6.536	31.0368
1399032053.312	n	12.4495	3.62999	6.524	31.0368
1399032053.374	n	12.4492	3.62998	6.508	31.0370
1399032053.438	n	12.4490	3.62999	6.491	31.0372
1399032053.499	n	12.4488	3.62999	6.475	31.0374
1399032053.561	n	12.4486	3.63000	6.458	31.0376
1399032053.624	n	12.4485	3.63000	6.440	31.0377
1399032053.688	n	12.4484	3.62998	6.426	31.0377
1399032053.749	n	12.4484	3.62997	6.409	31.0375
1399032053.811	n	12.4487	3.62996	6.388	31.0373
1399032053.874	n	12.4490	3.62998	6.376	31.0371
1399032053.938	n	12.4494	3.63000	6.358	31.0371
1399032054.000	n	12.4497	3.63003	6.338	31.0371
1399032054.063	n	12.4502	3.63006	6.322	31.0370
1399032054.124	n	12.4507	3.63008	6.306	31.0367
1399032054.187	n	12.4513	3.63010	6.292	31.0364
1399032054.389	y	12.4518	3.63011	6.276	31.0362
1399032054.396	n	12.4521	3.63013	6.259	31.0361
1399032054.404	n	12.4523	3.63016	6.244	31.0362
1399032054.437	n	12.4527	3.63018	6.225	31.0361
1399032054.500	n	12.4530	3.63020	6.211	31.0360
1399032054.562	n	12.4531	3.63021	6.193	31.0361
1399032054.626	n	12.4530	3.63022	6.177	31.0362
1399032054.687	n	12.4528	3.63022	6.163	31.0364
1399032054.750	n	12.4527	3.63021	6.146	31.0364
1399032054.813	n	12.4528	3.63021	6.129	31.0363
1399032054.875	n	12.4530	3.63021	6.113	31.0362
1399032054.936	n	12.4533	3.63020	6.099	31.0359
1399032054.998	n	12.4535	3.63020	6.079	31.0357
1399032055.063	n	12.4535	3.63020	6.064	31.0356
1399032055.124	n	12.4535	3.63019	6.047	31.0356
1399032055.187	n	12.4537	3.63019	6.028	31.0354
1399032055.249	n	12.4541	3.63020	6.010	31.0352
1399032055.313	n	12.4546	3.63019	5.997	31.0347
1399032055.373	n	12.4551	3.63018	5.982	31.0342
1399032055.438	n	12.4554	3.63017	5.966	31.0339
1399032055.498	n	12.4556	3.63018	5.950	31.0338
1399032055.562	n	12.4560	3.63021	5.932	31.0338
1399032055.626	n	12.4564	3.63025	5.916	31.0338
1399032055.686	n	12.4568	3.63028	5.899	31.0338
1399032055.748	n	12.4571	3.63030	5.882	31.0337
1399032055.815	y	12.4573	3.63030	5.870	31.0336
1399032055.874	n	12.4574	3.63031	5.853	31.0336
1399032055.936	n	12.4575	3.63033	5.839	31.0336
1399032055.999	n	12.4577	3.63034	5.821	31.0336
1399032056.062	n	12.4579	3.63034	5.805	31.0335
1399032056.125	n	12.4581	3.63034	5.788	31.0333
1399032056.187	n	12.4582	3.63033	5.773	31.0332
1399032056.250	n	12.4583	3.63033	5.759	31.0331
1399032056.312	n	12.4583	3.63033	5.739	31.0331
1399032056.374	n	12.4582	3.63033	5.722	31.0331
1399032056.438	n	12.4582	3.63032	5.705	31.0331
1399032056.498	n	12.4583	3.63033	5.685	31.0331
1399032056.562	n	12.4585	3.63033	5.670	31.0330
1399032056.624	n	12.4586	3.63034	5.654	31.0330
1399032056.688	n	12.4587	3.63035	5.636	31.0330
1399032056.750	n	12.4587	3.63035	5.622	31.0329
1399032056.812	n	12.4588	3.63035	5.604	31.0329
1399032056.876	n	12.4587	3.63034	5.587	31.0329
1399032056.937	n	12.4587	3.63034	5.573	31.0329
1399032056.999	n	12.4586	3.63034	5.551	31.0330
1399032057.062	n	12.4585	3.63033	5.532	31.0330
1399032057.123	n	12.4584	3.63033	5.515	31.0331
1399032057.188	n	12.4582	3.63033	5.503	31.0332
1399032057.249	n	12.4581	3.63032	5.488	31.0333
1399032057.311	n	12.4580	3.63031	5.467	31.0333
1399032057.375	n	12.4579	3.63031	5.451	31.0333
1399032057.437	n	12.4579	3.63031	5.435	31.0333
1399032057.498	n	12.4580	3.63032	5.420	31.0334
1399032057.563	n	12.4578	3.63032	5.407	31.0335
1399032057.625	n	12.4574	3.63032	5.387	31.0338
1399032057.692	n	12.4568	3.63030	5.368	31.0342
1399032057.749	n	12.4561	3.63027	5.351	31.0345
1399032057.811	n	12.4556	3.63025	5.338	31.0347
1399032057.875	n	12.4555	3.63024	5.321	31.0347
1399032057.938	n	12.4556	3.63024	5.304	31.0346
1399032058.000	n	12.4558	3.63024	5.287	31.0345
1399032058.062	n	12.4557	3.63024	5.268	31.0345
1399032058.124	n	12.4554	3.63024	5.252	31.0348
1399032058.187	n	12.4550	3.63023	5.234	31.0350
1399032058.249	n	12.4549	3.63023	5.217	31.0351
1399032058.312	n	12.4553	3.63024	5.200	31.0349
1399032058.374	n	12.4559	3.63025	5.181	31.0346
1399032058.437	n	12.4563	3.63027	5.165	31.0344
1399032058.609	y	12.4562	3.63028	5.150	31.0346
1399032058.615	n	12.4556	3.63027	5.134	31.0350
1399032058.624	n	12.4549	3.63025	5.113	31.0354
1399032058.692	n	12.4543	3.63023	5.099	31.0356
1399032058.749	n	12.4541	3.63021	5.084	31.0357
1399032058.811	n	12.4542	3.63020	5.066	31.0355
1399032058.873	n	12.4543	3.63019	5.049	31.0354
1399032058.936	n	12.4542	3.63019	5.036	31.0354
1399032058.999	n	12.4540	3.63019	5.022	31.0355
1399032059.062	n	12.4540	3.63019	5.003	31.0356
1399032059.126	n	12.4541	3.63021	4.990	31.0356
1399032059.186	n	12.4543	3.63021	4.969	31.0355
1399032059.249	n	12.4544	3.63021	4.953	31.0354
1399032059.312	n	12.4545	3.63021	4.938	31.0354
1399032059.375	n	12.4544	3.63021	4.920	31.0354
1399032059.436	n	12.4545	3.63019	4.901	31.0353
1399032059.499	y	12.4546	3.63018	4.889	31.0351
1399032059.563	n	12.4547	3.63017	4.875	31.0349
1399032059.625	n	12.4546	3.63016	4.853	31.0349
1399032059.688	n	12.4545	3.63016	4.837	31.0350
1399032059.750	n	12.4545	3.63017	4.823	31.0351
1399032059.811	n	12.4547	3.63017	4.806	31.0349
1399032059.874	n	12.4549	3.63018	4.793	31.0348
1399032059.939	n	12.4550	3.63019	4.777	31.0348
1399032059.999	n	12.4549	3.63019	4.759	31.0349
1399032060.061	n	12.4547	3.63018	4.742	31.0350
1399032060.125	n	12.4544	3.63017	4.728	31.0352
1399032060.186	n	12.4540	3.63015	4.714	31.0353
1399032060.249	n	12.4534	3.63013	4.700	31.0356
1399032060.312	n	12.4529	3.63012	4.684	31.0360
1399032060.373	n	12.4527	3.63013	4.668	31.0363
1399032060.436	n	12.4528	3.63015	4.651	31.0363
1399032060.500	n	12.4533	3.63017	4.633	31.0361
1399032060.562	n	12.4542	3.63019	4.618	31.0356
1399032060.625	n	12.4551	3.63021	4.602	31.0350
1399032060.688	n	12.4556	3.63022	4.587	31.0347
1399032060.749	n	12.4557	3.63022	4.571	31.0347
1399032060.811	n	12.4554	3.63021	4.554	31.0348
1399032060.875	n	12.4550	3.63019	4.538	31.0350
1399032060.938	n	12.4547	3.63019	4.522	31.0352
1399032061.000	n	12.4544	3.63019	4.508	31.0354
1399032061.062	n	12.4541	3.63019	4.494	31.0357
1399032061.126	n	12.4538	3.63018	4.479	31.0359
1399032061.188	n	12.4536	3.63017	4.462	31.0360
1399032061.249	n	12.4535	3.63018	4.442	31.0361
1399032061.311	n	12.4537	3.63018	4.430	31.0360
1399032061.375	n	12.4540	3.63019	4.417	31.0358
1399032061.437	n	12.4543	3.63018	4.400	31.0354
1399032061.499	n	12.4546	3.63016	4.382	31.0351
1399032061.561	n	12.4548	3.63015	4.365	31.0348
1399032061.625	n	12.4550	3.63015	4.351	31.0346
1399032061.686	n	12.4551	3.63015	4.337	31.0346
1399032061.748	n	12.4552	3.63016	4.320	31.0346
1399032061.813	n	12.4553	3.63017	4.306	31.0346
1399032061.875	n	12.4553	3.63016	4.288	31.0345
1399032061.939	n	12.4553	3.63016	4.272	31.0345
1399032062.000	n	12.4554	3.63016	4.256	31.0345
1399032062.062	n	12.4554	3.63017	4.239	31.0346
1399032062.125	n	12.4553	3.63019	4.226	31.0348
1399032062.188	n	12.4552	3.63020	4.207	31.0351
1399032062.250	n	12.4551	3.63020	4.192	31.0352
1399032062.312	n	12.4549	3.63019	4.177	31.0351
1399032062.374	n	12.4548	3.63017	4.160	31.0350
1399032062.437	n	12.4547	3.63015	4.147	31.0350
1399032062.499	n	12.4546	3.63015	4.132	31.0351
1399032062.561	n	12.4546	3.63017	4.115	31.0353
1399032062.626	n	12.4546	3.63017	4.100	31.0352
1399032062.687	n	12.4549	3.63018	4.081	31.0351
1399032062.927	y	12.4553	3.63019	4.065	31.0349
1399032062.934	n	12.4559	3.63022	4.047	31.0347
1399032062.940	n	12.4564	3.63025	4.030	31.0345
1399032062.946	n	12.4568	3.63026	4.017	31.0344
1399032063.000	n	12.4569	3.63026	4.002	31.0342
1399032063.061	n	12.4569	3.63024	3.983	31.0341
1399032063.125	n	12.4568	3.63022	3.965	31.0340
1399032063.252	y	12.4567	3.63021	3.950	31.0340
1399032063.258	n	12.4568	3.63021	3.932	31.0339
1399032063.311	n	12.4570	3.63021	3.915	31.0337
1399032063.375	n	12.4572	3.63022	3.898	31.0337
1399032063.438	n	12.4572	3.63023	3.883	31.0338
1399032063.556	y	12.4572	3.63024	3.863	31.0338
1399032063.561	n	12.4572	3.63024	3.848	31.0339
1399032063.625	n	12.4572	3.63023	3.835	31.0338
1399032063.688	n	12.4573	3.63022	3.815	31.0337
1399032063.749	n	12.4575	3.63023	3.798	31.0336
1399032063.811	n	12.4576	3.63024	3.781	31.0335
1399032063.875	n	12.4577	3.63024	3.762	31.0335
1399032063.937	n	12.4578	3.63025	3.746	31.0335
1399032063.999	n	12.4578	3.63025	3.729	31.0335
1399032064.062	n	12.4578	3.63026	3.711	31.0337
1399032064.123	n	12.4577	3.63026	3.694	31.0337
1399032064.187	n	12.4576	3.63026	3.675	31.0338
1399032064.250	n	12.4575	3.63025	3.664	31.0338
1399032064.312	n	12.4574	3.63023	3.644	31.0337
1399032064.374	n	12.4573	3.63022	3.630	31.0336
1399032064.438	n	12.4573	3.63021	3.614	31.0336
1399032064.500	n	12.4574	3.63020	3.599	31.0334
1399032064.561	n	12.4575	3.63020	3.582	31.0333
1399032064.624	n	12.4575	3.63020	3.566	31.0334
1399032064.687	n	12.4575	3.63020	3.548	31.0334
1399032064.749	n	12.4574	3.63020	3.534	31.0335
1399032064.811	n	12.4574	3.63021	3.517	31.0336
1399032064.875	n	12.4574	3.63022	3.502	31.0336
1399032064.936	n	12.4574	3.63023	3.480	31.0337
1399032065.000	n	12.4575	3.63023	3.462	31.0337
1399032065.062	n	12.4575	3.63023	3.447	31.0337
1399032065.123	n	12.4576	3.63024	3.434	31.0337
1399032065.187	n	12.4576	3.63024	3.414	31.0337
1399032065.250	n	12.4576	3.63024	3.397	31.0337
1399032065.312	n	12.4576	3.63023	3.383	31.0336
1399032065.375	n	12.4576	3.63022	3.367	31.0336
1399032065.438	n	12.4575	3.63022	3.351	31.0336
1399032065.500	n	12.4575	3.63022	3.339	31.0337
1399032065.562	n	12.4575	3.63023	3.325	31.0337
1399032065.624	n	12.4575	3.63023	3.308	31.0338
1399032065.688	n	12.4574	3.63023	3.293	31.0338
1399032065.749	n	12.4574	3.63023	3.282	31.0338
1399032065.811	n	12.4574	3.63023	3.270	31.0338
1399032065.875	n	12.4574	3.63023	3.255	31.0338
1399032065.937	n	12.4575	3.63023	3.243	31.0337
1399032066.000	n	12.4576	3.63023	3.228	31.0337
1399032066.063	n	12.4577	3.63024	3.219	31.0338
1399032066.125	n	12.4577	3.63025	3.207	31.0338
1399032066.186	n	12.4577	3.63025	3.193	31.0338
1399032066.250	n	12.4577	3.63024	3.180	31.0337
1399032066.312	n	12.4576	3.63021	3.163	31.0335
1399032066.375	n	12.4576	3.63020	3.148	31.0335
1399032066.438	n	12.4576	3.63021	3.134	31.0336
1399032066.500	n	12.4575	3.63022	3.125	31.0337
1399032066.562	n	12.4576	3.63024	3.111	31.0338
1399032066.624	n	12.4576	3.63025	3.095	31.0339
1399032066.688	n	12.4576	3.63024	3.082	31.0339
1399032066.748	n	12.4575	3.63025	3.071	31.0340
1399032066.813	n	12.4575	3.63023	3.060	31.0339
1399032066.882	y	12.4575	3.63023	3.047	31.0338
1399032066.937	n	12.4576	3.63021	3.033	31.0336
1399032067.137	y	12.4577	3.63021	3.022	31.0336
1399032067.146	n	12.4577	3.63021	3.008	31.0335
1399032067.152	n	12.4577	3.63022	2.995	31.0337
1399032067.187	n	12.4577	3.63024	2.984	31.0339
1399032067.250	n	12.4577	3.63025	2.975	31.0339
1399032067.311	n	12.4577	3.63026	2.962	31.0340
1399032067.373	n	12.4577	3.63026	2.948	31.0340
1399032067.437	n	12.4577	3.63023	2.939	31.0338
1399032067.499	n	12.4577	3.63021	2.930	31.0336
1399032067.563	n	12.4576	3.63021	2.920	31.0336
1399032067.625	n	12.4577	3.63022	2.907	31.0336
1399032067.686	n	12.4578	3.63023	2.895	31.0336
1399032067.749	n	12.4580	3.63024	2.887	31.0336
1399032067.811	n	12.4581	3.63025	2.879	31.0336
1399032067.876	n	12.4582	3.63025	2.865	31.0335
1399032067.937	n	12.4582	3.63025	2.857	31.0336
1399032067.998	n	12.4581	3.63026	2.846	31.0337
1399032068.062	n	12.4580	3.63025	2.837	31.0337
1399032068.125	n	12.4579	3.63025	2.826	31.0338
1399032068.190	n	12.4578	3.63025	2.814	31.0338
1399032068.249	n	12.4577	3.63025	2.801	31.0339
1399032068.311	n	12.4577	3.63025	2.789	31.0340
1399032068.376	n	12.4578	3.63025	2.780	31.0339
1399032068.437	n	12.4578	3.63024	2.768	31.0338
1399032068.499	n	12.4578	3.63023	2.754	31.0337
1399032068.562	n	12.4578	3.63023	2.740	31.0337
1399032068.624	n	12.4578	3.63021	2.731	31.0336
1399032068.688	n	12.4577	3.63021	2.714	31.0337
1399032068.750	n	12.4576	3.63022	2.697	31.0338
1399032068.812	n	12.4576	3.63023	2.684	31.0339
1399032068.875	n	12.4577	3.63024	2.672	31.0339
1399032068.937	n	12.4579	3.63026	2.655	31.0340
1399032069.000	n	12.4581	3.63026	2.641	31.0338
1399032069.061	n	12.4581	3.63025	2.629	31.0337
1399032069.125	n	12.4581	3.63023	2.614	31.0336
1399032069.190	n	12.4579	3.63022	2.599	31.0336
1399032069.249	n	12.4577	3.63021	2.581	31.0336
1399032069.311	n	12.4578	3.63022	2.561	31.0337
1399032069.374	n	12.4579	3.63023	2.543	31.0338
1399032069.437	n	12.4580	3.63024	2.532	31.0338
1399032069.499	n	12.4581	3.63025	2.513	31.0337
1399032069.561	n	12.4582	3.63026	2.493	31.0338
1399032069.624	n	12.4581	3.63027	2.478	31.0339
1399032069.687	n	12.4581	3.63027	2.460	31.0340
1399032069.750	n	12.4581	3.63026	2.439	31.0339
1399032069.811	n	12.4581	3.63024	2.422	31.0337
1399032069.875	n	12.4581	3.63024	2.402	31.0336
1399032069.936	n	12.4583	3.63024	2.382	31.0336
1399032070.000	n	12.4584	3.63026	2.361	31.0337
1399032070.062	n	12.4585	3.63028	2.346	31.0337
1399032070.125	n	12.4587	3.63029	2.331	31.0338
1399032070.190	n	12.4587	3.63030	2.311	31.0338
1399032070.249	n	12.4587	3.63030	2.289	31.0338
1399032070.311	n	12.4587	3.63030	2.270	31.0338
1399032070.376	n	12.4587	3.63029	2.251	31.0337
1399032070.439	y	12.4588	3.63028	2.230	31.0336
1399032070.500	n	12.4588	3.63028	2.215	31.0337
1399032070.562	n	12.4587	3.63028	2.192	31.0336
1399032070.625	n	12.4587	3.63028	2.174	31.0337
1399032070.688	n	12.4586	3.63027	2.154	31.0337
1399032070.751	n	12.4585	3.63026	2.136	31.0337
1399032070.813	n	12.4585	3.63026	2.115	31.0337
1399032070.875	n	12.4584	3.63026	2.095	31.0338
1399032070.939	n	12.4584	3.63028	2.077	31.0339
1399032071.000	n	12.4584	3.63029	2.055	31.0340
1399032071.062	n	12.4585	3.63029	2.035	31.0340
1399032071.124	n	12.4585	3.63029	2.018	31.0339
1399032071.188	n	12.4585	3.63028	1.995	31.0339
1399032071.384	y	12.4584	3.63025	1.972	31.0337
1399032071.391	n	12.4583	3.63023	1.952	31.0336
1399032071.397	n	12.4582	3.63021	1.936	31.0335
1399032071.437	n	12.4582	3.63020	1.914	31.0335
1399032071.499	n	12.4582	3.63019	1.891	31.0334
1399032071.561	n	12.4582	3.63021	1.868	31.0335
1399032071.626	n	12.4583	3.63022	1.848	31.0336
1399032071.687	n	12.4582	3.63023	1.826	31.0337
1399032071.750	n	12.4581	3.63023	1.806	31.0339
1399032071.812	n	12.4579	3.63023	1.783	31.0340
1399032071.875	n	12.4578	3.63022	1.767	31.0340
1399032071.940	n	12.4577	3.63021	1.741	31.0341
1399032072.000	n	12.4576	3.63021	1.721	31.0341
1399032072.063	n	12.4575	3.63020	1.697	31.0341
1399032072.125	n	12.4575	3.63019	1.678	31.0341
1399032072.186	n	12.4575	3.63021	1.657	31.0342
1399032072.249	n	12.4576	3.63021	1.638	31.0342
1399032072.311	n	12.4577	3.63022	1.620	31.0342
1399032072.373	n	12.4577	3.63022	1.600	31.0342
1399032072.437	n	12.4577	3.63022	1.580	31.0342
1399032072.499	n	12.4576	3.63021	1.564	31.0342
1399032072.562	n	12.4576	3.63021	1.546	31.0342
1399032072.626	n	12.4576	3.63021	1.533	31.0341
1399032072.686	n	12.4576	3.63021	1.516	31.0341
1399032072.749	n	12.4576	3.63021	1.495	31.0342
1399032072.811	n	12.4576	3.63021	1.480	31.0342
1399032072.876	n	12.4576	3.63020	1.462	31.0341
1399032072.937	n	12.4576	3.63019	1.444	31.0341
1399032073.000	n	12.4575	3.63019	1.427	31.0341
1399032073.062	n	12.4575	3.63019	1.414	31.0341
1399032073.124	n	12.4574	3.63019	1.396	31.0342
1399032073.186	n	12.4574	3.63019	1.381	31.0342
1399032073.250	n	12.4575	3.63019	1.364	31.0341
1399032073.311	n	12.4575	3.63018	1.349	31.0341
1399032073.375	n	12.4574	3.63018	1.334	31.0341
1399032073.436	n	12.4573	3.63018	1.320	31.0342
1399032073.500	n	12.4572	3.63018	1.309	31.0343
1399032073.562	n	12.4571	3.63018	1.297	31.0344
1399032073.625	n	12.4571	3.63018	1.284	31.0344
1399032073.687	n	12.4572	3.63018	1.266	31.0343
1399032073.749	n	12.4572	3.63017	1.254	31.0341
1399032073.813	n	12.4572	3.63015	1.240	31.0341
1399032073.875	n	12.4571	3.63014	1.229	31.0341
1399032073.936	n	12.4569	3.63013	1.212	31.0341
1399032073.999	n	12.4567	3.63013	1.197	31.0343
1399032074.062	n	12.4566	3.63014	1.185	31.0345
1399032074.126	n	12.4566	3.63014	1.174	31.0345
1399032074.189	y	12.4566	3.63014	1.157	31.0345
1399032074.249	n	12.4567	3.63014	1.144	31.0344
1399032074.311	n	12.4568	3.63015	1.128	31.0344
1399032074.374	n	12.4569	3.63016	1.114	31.0344
1399032074.438	n	12.4569	3.63017	1.101	31.0345
1399032074.499	n	12.4569	3.63017	1.088	31.0345
1399032074.562	n	12.4569	3.63017	1.074	31.0345
1399032074.624	n	12.4568	3.63016	1.057	31.0345
1399032074.687	n	12.4568	3.63015	1.044	31.0345
1399032074.750	n	12.4567	3.63016	1.034	31.0346
1399032074.813	n	12.4567	3.63015	1.016	31.0346
1399032074.875	n	12.4568	3.63015	1.003	31.0345
1399032074.936	n	12.4568	3.63014	0.990	31.0344
1399032075.000	n	12.4568	3.63014	0.976	31.0343
1399032075.062	n	12.4568	3.63014	0.963	31.0343
1399032075.125	n	12.4568	3.63014	0.949	31.0344
1399032075.188	n	12.4568	3.63015	0.934	31.0345
1399032075.249	n	12.4567	3.63015	0.920	31.0346
1399032075.312	n	12.4567	3.63015	0.907	31.0346
1399032075.373	n	12.4567	3.63014	0.890	31.0345
1399032075.439	n	12.4567	3.63014	0.875	31.0345
1399032075.692	y	12.4567	3.63015	0.854	31.0346
1399032075.701	n	12.4567	3.63016	0.837	31.0347
1399032075.706	n	12.4567	3.63014	0.824	31.0345
1399032075.715	n	12.4567	3.63012	0.808	31.0343
1399032075.750	n	12.4567	3.63010	0.790	31.0342
1399032075.812	n	12.4567	3.63010	0.776	31.0341
1399032075.874	n	12.4568	3.63011	0.763	31.0342
1399032075.938	n	12.4568	3.63014	0.748	31.0345
1399032075.999	n	12.4567	3.63015	0.733	31.0346
1399032076.061	n	12.4567	3.63016	0.721	31.0347
1399032076.126	n	12.4566	3.63016	0.709	31.0348
1399032076.187	n	12.4566	3.63015	0.696	31.0348
1399032076.249	n	12.4565	3.63014	0.686	31.0348
1399032076.312	n	12.4565	3.63013	0.676	31.0346
1399032076.374	n	12.4565	3.63013	0.662	31.0346
1399032076.440	n	12.4566	3.63013	0.652	31.0346
1399032076.499	n	12.4566	3.63014	0.640	31.0346
1399032076.562	n	12.4567	3.63014	0.632	31.0346
1399032076.624	n	12.4568	3.63014	0.625	31.0345
1399032076.688	n	12.4568	3.63013	0.617	31.0344
1399032076.750	n	12.4566	3.63011	0.610	31.0344
1399032076.812	n	12.4560	3.63008	0.601	31.0346
1399032076.873	n	12.4551	3.63004	0.595	31.0351
1399032076.936	n	12.4539	3.62996	0.590	31.0352
1399032076.999	n	12.4528	3.62988	0.584	31.0353
1399032077.062	n	12.4519	3.50700	0.581	29.8717
1399032077.124	n	12.4506	3.08906	0.576	25.9588
1399032077.188	n	12.4480	2.48157	0.569	20.4026
1399032077.250	n	12.4437	1.83025	0.563	14.6312
1399032077.313	n	12.4385	1.30197	0.561	10.1111
1399032077.375	n	12.4350	1.08251	0.559	8.2836
1399032077.437	n	12.4349	1.09342	0.554	8.3737
1399032077.500	n	12.4380	1.05510	0.544	8.0569
1399032077.562	n	12.4426	0.94933	0.535	7.1891
1399032077.624	n	12.4466	0.78874	0.532	5.8897
1399032077.687	n	12.4489	0.61963	0.526	4.5471
