Source File: D:\Storage\Programs\OOI\Group 5\Correspondence\07_18_14 sample files\files\11232499.PPB
Processed: 07/18/2014 12:27:56
Using Version: 1.11
Device: CTD
Start Date: 05/03/2014
Timestamp (s)	Suspect Timestamp	Temperature	Conductivity	Pressure	Salinity
1399096782.684	y	11.6299	3.61694	22.442	31.5926
1399096782.749	n	11.6298	3.61693	22.443	31.5925
1399096782.809	n	11.6297	3.61697	22.435	31.5931
1399096782.874	n	11.6298	3.61694	22.442	31.5927
1399096782.936	n	11.6297	3.61693	22.443	31.5926
1399096782.997	n	11.6298	3.61692	22.430	31.5924
1399096783.060	n	11.6297	3.61693	22.428	31.5926
1399096783.125	n	11.6297	3.61694	22.435	31.5927
1399096783.187	n	11.6297	3.61694	22.436	31.5927
1399096783.249	n	11.6297	3.61693	22.433	31.5926
1399096783.311	n	11.6297	3.61693	22.430	31.5926
1399096783.374	n	11.6297	3.61693	22.428	31.5926
1399096783.437	n	11.6297	3.61693	22.426	31.5926
1399096783.500	n	11.6297	3.61693	22.425	31.5926
1399096783.562	n	11.6298	3.61692	22.420	31.5925
1399096783.623	n	11.6299	3.61693	22.416	31.5924
1399096783.686	n	11.6300	3.61693	22.413	31.5924
1399096783.749	n	11.6300	3.61693	22.411	31.5923
1399096783.813	n	11.6301	3.61693	22.411	31.5923
1399096783.875	n	11.6301	3.61694	22.405	31.5924
1399096783.938	n	11.6301	3.61694	22.404	31.5924
1399096784.000	n	11.6301	3.61694	22.402	31.5924
1399096784.061	n	11.6302	3.61695	22.400	31.5924
1399096784.124	n	11.6302	3.61695	22.398	31.5924
1399096784.186	n	11.6302	3.61695	22.392	31.5924
1399096785.115	n	11.6302	3.61695	22.390	31.5923
1399096785.128	n	11.6302	3.61693	22.388	31.5922
1399096785.138	n	11.6302	3.61693	22.386	31.5922
1399096785.154	n	11.6303	3.61694	22.378	31.5923
1399096785.159	n	11.6303	3.61694	22.377	31.5923
1399096785.165	n	11.6303	3.61694	22.372	31.5922
1399096785.171	n	11.6302	3.61693	22.368	31.5922
1399096785.179	n	11.6302	3.61692	22.363	31.5921
1399096785.186	n	11.6303	3.61691	22.358	31.5920
1399096785.194	n	11.6303	3.61690	22.357	31.5918
1399096785.201	n	11.6304	3.61690	22.356	31.5918
1399096785.209	n	11.6304	3.61690	22.351	31.5917
1399096785.215	n	11.6305	3.61690	22.344	31.5917
1399096785.221	n	11.6306	3.61691	22.340	31.5917
1399096785.232	n	11.6307	3.61692	22.337	31.5917
1399096785.240	n	11.6309	3.61692	22.334	31.5916
1399096785.249	n	11.6310	3.61693	22.328	31.5915
1399096785.312	n	11.6312	3.61692	22.326	31.5914
1399096785.373	n	11.6313	3.61692	22.321	31.5912
1399096785.436	n	11.6313	3.61692	22.319	31.5911
1399096785.500	n	11.6315	3.61691	22.315	31.5910
1399096785.561	n	11.6316	3.61690	22.308	31.5908
1399096785.624	n	11.6316	3.61689	22.305	31.5906
1399096785.686	n	11.6317	3.61688	22.301	31.5904
1399096785.748	n	11.6318	3.61687	22.297	31.5903
1399096785.812	n	11.6321	3.61688	22.295	31.5902
1399096785.874	n	11.6327	3.61690	22.292	31.5898
1399096785.937	n	11.6334	3.61690	22.291	31.5893
1399096785.998	n	11.6341	3.61692	22.287	31.5888
1399096786.062	n	11.6348	3.61693	22.286	31.5883
1399096786.123	n	11.6353	3.61693	22.284	31.5879
1399096786.187	n	11.6357	3.61693	22.279	31.5876
1399096786.259	n	11.6360	3.61692	22.277	31.5873
1399096786.312	n	11.6362	3.61691	22.273	31.5870
1399096786.375	n	11.6363	3.61690	22.271	31.5868
1399096786.437	n	11.6364	3.61689	22.265	31.5866
1399096786.499	n	11.6365	3.61689	22.262	31.5865
1399096786.561	n	11.6365	3.61690	22.260	31.5866
1399096786.624	n	11.6366	3.61691	22.258	31.5867
1399096786.686	n	11.6366	3.61693	22.256	31.5868
1399096786.749	n	11.6366	3.61692	22.256	31.5868
1399096786.813	n	11.6366	3.61691	22.251	31.5867
1399096786.874	n	11.6365	3.61691	22.247	31.5866
1399096786.936	n	11.6365	3.61690	22.246	31.5867
1399096786.999	n	11.6363	3.61689	22.244	31.5867
1399096787.062	n	11.6362	3.61688	22.245	31.5867
1399096787.124	n	11.6362	3.61688	22.241	31.5867
1399096787.187	n	11.6361	3.61688	22.242	31.5867
1399096787.253	n	11.6361	3.61688	22.240	31.5867
1399096787.312	n	11.6361	3.61689	22.237	31.5868
1399096787.374	n	11.6360	3.61689	22.239	31.5869
1399096787.437	n	11.6360	3.61688	22.234	31.5869
1399096787.502	n	11.6359	3.61688	22.233	31.5869
1399096787.562	n	11.6358	3.61688	22.236	31.5869
1399096787.625	n	11.6358	3.61687	22.232	31.5869
1399096787.686	n	11.6358	3.61687	22.235	31.5870
1399096787.750	n	11.6358	3.61688	22.238	31.5870
1399096787.812	n	11.6359	3.61688	22.234	31.5870
1399096787.874	n	11.6359	3.61688	22.234	31.5869
1399096787.936	n	11.6360	3.61689	22.232	31.5869
1399096788.000	n	11.6361	3.61689	22.234	31.5869
1399096788.062	n	11.6361	3.61689	22.231	31.5868
1399096788.125	n	11.6362	3.61689	22.238	31.5868
1399096788.185	n	11.6362	3.61689	22.234	31.5868
1399096788.299	y	11.6362	3.61689	22.237	31.5868
1399096788.311	n	11.6363	3.61689	22.238	31.5867
1399096788.375	n	11.6363	3.61687	22.235	31.5865
1399096788.436	n	11.6363	3.61686	22.240	31.5864
1399096788.501	n	11.6363	3.61685	22.239	31.5864
1399096788.765	y	11.6363	3.61686	22.239	31.5864
1399096788.773	n	11.6363	3.61686	22.242	31.5865
1399096788.780	n	11.6363	3.61686	22.244	31.5864
1399096788.786	n	11.6364	3.61686	22.244	31.5863
1399096788.813	n	11.6364	3.61685	22.242	31.5862
1399096788.874	n	11.6364	3.61685	22.243	31.5862
1399096788.937	n	11.6365	3.61685	22.251	31.5862
1399096788.999	n	11.6365	3.61687	22.252	31.5863
1399096789.063	n	11.6366	3.61688	22.253	31.5863
1399096789.125	n	11.6367	3.61689	22.253	31.5863
1399096789.186	n	11.6367	3.61688	22.256	31.5862
1399096789.248	n	11.6367	3.61686	22.259	31.5861
1399096789.311	n	11.6368	3.61685	22.261	31.5859
1399096789.374	n	11.6368	3.61684	22.263	31.5857
1399096789.437	n	11.6369	3.61684	22.265	31.5857
1399096789.498	n	11.6369	3.61685	22.269	31.5857
1399096789.563	n	11.6370	3.61686	22.270	31.5858
1399096789.625	n	11.6370	3.61686	22.274	31.5858
1399096789.686	n	11.6371	3.61686	22.274	31.5858
1399096789.748	n	11.6372	3.61686	22.278	31.5857
1399096789.810	n	11.6373	3.61686	22.282	31.5855
1399096789.875	n	11.6374	3.61685	22.285	31.5853
1399096789.938	n	11.6375	3.61685	22.285	31.5853
1399096789.999	n	11.6377	3.61686	22.288	31.5852
1399096790.061	n	11.6378	3.61685	22.290	31.5850
1399096790.123	n	11.6379	3.61686	22.292	31.5850
1399096790.187	n	11.6381	3.61685	22.295	31.5848
1399096790.254	n	11.6383	3.61685	22.298	31.5846
1399096790.312	n	11.6384	3.61684	22.299	31.5844
1399096790.374	n	11.6386	3.61684	22.302	31.5842
1399096790.437	n	11.6388	3.61684	22.308	31.5841
1399096790.498	n	11.6390	3.61685	22.310	31.5840
1399096790.561	n	11.6392	3.61686	22.311	31.5839
1399096790.625	n	11.6395	3.61686	22.314	31.5837
1399096790.689	n	11.6398	3.61686	22.317	31.5834
1399096790.749	n	11.6401	3.61685	22.315	31.5831
1399096790.812	n	11.6404	3.61685	22.320	31.5827
1399096790.874	n	11.6407	3.61685	22.325	31.5825
1399096790.936	n	11.6410	3.61685	22.327	31.5823
1399096791.000	n	11.6412	3.61685	22.328	31.5821
1399096791.065	n	11.6413	3.61685	22.330	31.5820
1399096791.124	n	11.6413	3.61685	22.332	31.5820
1399096791.186	n	11.6413	3.61685	22.334	31.5820
1399096791.253	n	11.6412	3.61684	22.337	31.5820
1399096791.311	n	11.6411	3.61684	22.337	31.5820
1399096791.374	n	11.6410	3.61683	22.341	31.5821
1399096791.436	n	11.6408	3.61683	22.342	31.5822
1399096791.500	n	11.6406	3.61683	22.342	31.5824
1399096791.561	n	11.6404	3.61684	22.346	31.5827
1399096791.624	n	11.6400	3.61684	22.349	31.5831
1399096791.686	n	11.6395	3.61685	22.351	31.5835
1399096791.748	n	11.6390	3.61685	22.354	31.5839
1399096791.842	n	11.6387	3.61685	22.352	31.5842
1399096791.875	n	11.6385	3.61684	22.353	31.5843
1399096791.936	n	11.6386	3.61684	22.352	31.5842
1399096792.004	y	11.6387	3.61683	22.354	31.5840
1399096792.061	n	11.6389	3.61683	22.357	31.5838
1399096792.123	n	11.6391	3.61684	22.354	31.5837
1399096792.186	n	11.6393	3.61684	22.353	31.5836
1399096792.249	n	11.6395	3.61684	22.350	31.5835
1399096792.312	n	11.6396	3.61684	22.352	31.5834
1399096792.374	n	11.6398	3.61684	22.354	31.5832
1399096792.437	n	11.6399	3.61684	22.349	31.5831
1399096792.499	n	11.6402	3.61684	22.349	31.5829
1399096792.567	y	11.6403	3.61684	22.347	31.5828
1399096792.624	n	11.6405	3.61685	22.346	31.5827
1399096792.686	n	11.6406	3.61684	22.344	31.5825
1399096792.748	n	11.6407	3.61684	22.341	31.5825
1399096792.926	y	11.6408	3.61684	22.339	31.5824
1399096792.932	n	11.6409	3.61684	22.336	31.5822
1399096792.938	n	11.6410	3.61683	22.333	31.5821
1399096792.999	n	11.6411	3.61683	22.331	31.5820
1399096793.061	n	11.6412	3.61682	22.327	31.5819
1399096793.125	n	11.6412	3.61683	22.320	31.5818
1399096793.188	n	11.6413	3.61684	22.316	31.5819
1399096793.249	n	11.6413	3.61684	22.312	31.5819
1399096793.311	n	11.6414	3.61685	22.308	31.5819
1399096793.374	n	11.6413	3.61684	22.305	31.5819
1399096793.437	n	11.6413	3.61683	22.301	31.5818
1399096793.500	n	11.6413	3.61683	22.292	31.5818
1399096793.797	n	11.6413	3.61683	22.283	31.5819
1399096793.804	n	11.6413	3.61683	22.276	31.5819
1399096793.809	n	11.6412	3.61683	22.270	31.5819
1399096793.817	n	11.6412	3.61683	22.265	31.5819
1399096793.821	n	11.6412	3.61682	22.259	31.5819
1399096793.874	n	11.6411	3.61682	22.250	31.5819
1399096793.937	n	11.6411	3.61683	22.239	31.5819
1399096794.000	n	11.6412	3.61683	22.231	31.5819
1399096794.062	n	11.6412	3.61683	22.224	31.5820
1399096794.124	n	11.6412	3.61683	22.215	31.5820
1399096794.187	n	11.6412	3.61684	22.203	31.5821
1399096794.254	n	11.6411	3.61684	22.194	31.5821
1399096794.312	n	11.6411	3.61684	22.188	31.5821
1399096794.375	n	11.6410	3.61684	22.177	31.5822
1399096794.437	n	11.6410	3.61684	22.166	31.5823
1399096794.500	n	11.6410	3.61685	22.155	31.5823
1399096794.562	n	11.6410	3.61685	22.144	31.5824
1399096794.625	n	11.6410	3.61684	22.134	31.5823
1399096794.687	n	11.6410	3.61684	22.123	31.5822
1399096794.749	n	11.6411	3.61684	22.110	31.5822
1399096794.811	n	11.6411	3.61684	22.099	31.5822
1399096794.874	n	11.6411	3.61684	22.093	31.5821
1399096794.937	n	11.6411	3.61685	22.078	31.5822
1399096795.000	n	11.6412	3.61685	22.067	31.5822
1399096795.061	n	11.6412	3.61685	22.052	31.5822
1399096795.123	n	11.6413	3.61685	22.039	31.5822
1399096795.187	n	11.6413	3.61685	22.029	31.5821
1399096795.250	n	11.6414	3.61683	22.017	31.5819
1399096795.312	n	11.6414	3.61683	22.002	31.5819
1399096795.374	n	11.6414	3.61683	21.990	31.5818
1399096795.436	n	11.6415	3.61682	21.980	31.5817
1399096795.499	n	11.6417	3.61682	21.963	31.5816
1399096795.593	y	11.6418	3.61683	21.950	31.5816
1399096795.623	n	11.6419	3.61683	21.937	31.5815
1399096795.687	n	11.6419	3.61684	21.923	31.5816
1399096795.749	n	11.6420	3.61685	21.910	31.5815
1399096795.812	n	11.6421	3.61684	21.895	31.5814
1399096795.873	n	11.6422	3.61684	21.884	31.5813
1399096795.936	n	11.6423	3.61684	21.870	31.5812
1399096796.000	n	11.6424	3.61684	21.855	31.5812
1399096796.062	n	11.6425	3.61685	21.839	31.5812
1399096796.123	n	11.6426	3.61686	21.830	31.5812
1399096796.186	n	11.6428	3.61686	21.815	31.5811
1399096796.250	n	11.6429	3.61686	21.801	31.5810
1399096796.312	n	11.6429	3.61686	21.784	31.5810
1399096796.374	n	11.6430	3.61686	21.775	31.5809
1399096796.437	n	11.6431	3.61687	21.760	31.5809
1399096796.500	n	11.6431	3.61687	21.744	31.5809
1399096796.562	n	11.6432	3.61688	21.734	31.5809
1399096796.624	n	11.6433	3.61689	21.719	31.5809
1399096796.686	n	11.6434	3.61689	21.702	31.5809
1399096796.750	n	11.6435	3.61689	21.689	31.5808
1399096796.812	n	11.6435	3.61688	21.678	31.5807
1399096796.874	n	11.6436	3.61687	21.661	31.5805
1399096796.937	n	11.6438	3.61687	21.645	31.5804
1399096796.999	n	11.6439	3.61686	21.630	31.5802
1399096797.152	y	11.6440	3.61685	21.623	31.5800
1399096797.157	n	11.6441	3.61684	21.604	31.5799
1399096797.188	n	11.6442	3.61685	21.589	31.5798
1399096797.249	n	11.6443	3.61686	21.574	31.5798
1399096797.311	n	11.6444	3.61686	21.561	31.5797
1399096797.375	n	11.6446	3.61687	21.547	31.5797
1399096797.436	n	11.6447	3.61688	21.535	31.5796
1399096797.499	n	11.6449	3.61688	21.519	31.5795
1399096797.561	n	11.6451	3.61689	21.501	31.5794
1399096797.625	n	11.6454	3.61689	21.488	31.5793
1399096797.687	n	11.6456	3.61689	21.476	31.5791
1399096797.748	n	11.6458	3.61689	21.462	31.5789
1399096797.812	n	11.6461	3.61689	21.447	31.5786
1399096797.874	n	11.6465	3.61689	21.433	31.5783
1399096797.937	n	11.6469	3.61688	21.414	31.5780
1399096797.998	n	11.6473	3.61688	21.400	31.5776
1399096798.061	n	11.6477	3.61688	21.385	31.5772
1399096798.124	n	11.6482	3.61688	21.375	31.5768
1399096798.186	n	11.6487	3.61688	21.359	31.5764
1399096798.250	n	11.6492	3.61689	21.345	31.5760
1399096798.311	n	11.6499	3.61689	21.330	31.5755
1399096798.374	n	11.6507	3.61690	21.317	31.5749
1399096798.436	n	11.6516	3.61690	21.300	31.5742
1399096798.499	n	11.6525	3.61690	21.285	31.5734
1399096798.561	n	11.6536	3.61690	21.269	31.5725
1399096798.623	n	11.6546	3.61690	21.254	31.5715
1399096798.687	n	11.6557	3.61690	21.240	31.5707
1399096798.748	n	11.6569	3.61691	21.223	31.5698
1399096798.812	n	11.6581	3.61692	21.207	31.5688
1399096798.874	n	11.6595	3.61693	21.190	31.5678
1399096798.937	n	11.6608	3.61694	21.175	31.5667
1399096799.001	n	11.6622	3.61694	21.161	31.5656
1399096799.062	n	11.6636	3.61695	21.146	31.5645
1399096799.125	n	11.6650	3.61696	21.128	31.5634
1399096799.187	n	11.6664	3.61697	21.115	31.5623
1399096799.310	y	11.6678	3.61697	21.098	31.5611
1399096799.318	n	11.6692	3.61697	21.081	31.5599
1399096799.374	n	11.6707	3.61696	21.067	31.5586
1399096799.436	n	11.6721	3.61696	21.049	31.5574
1399096799.499	n	11.6737	3.61696	21.035	31.5561
1399096799.561	n	11.6752	3.61697	21.016	31.5548
1399096799.623	n	11.6768	3.61698	20.999	31.5536
1399096799.687	n	11.6784	3.61698	20.983	31.5523
1399096799.748	n	11.6800	3.61698	20.966	31.5510
1399096799.812	n	11.6815	3.61699	20.950	31.5497
1399096799.874	n	11.6830	3.61699	20.932	31.5484
1399096799.938	n	11.6847	3.61700	20.916	31.5472
1399096799.999	n	11.6863	3.61701	20.898	31.5459
1399096800.061	n	11.6879	3.61702	20.877	31.5446
1399096800.125	n	11.6896	3.61702	20.863	31.5432
1399096800.187	n	11.6912	3.61703	20.847	31.5419
1399096800.250	n	11.6930	3.61703	20.829	31.5404
1399096800.312	n	11.6948	3.61704	20.813	31.5390
1399096800.375	n	11.6967	3.61704	20.795	31.5374
1399096800.438	n	11.6986	3.61705	20.776	31.5359
1399096800.500	n	11.7006	3.61705	20.760	31.5342
1399096800.562	n	11.7026	3.61706	20.738	31.5326
1399096800.624	n	11.7046	3.61707	20.720	31.5310
1399096800.686	n	11.7066	3.61708	20.703	31.5294
1399096800.750	n	11.7086	3.61709	20.683	31.5278
1399096800.811	n	11.7108	3.61709	20.666	31.5259
1399096800.873	n	11.7129	3.61708	20.644	31.5240
1399096800.937	n	11.7152	3.61708	20.621	31.5221
1399096800.998	n	11.7174	3.61708	20.600	31.5203
1399096801.062	n	11.7197	3.61709	20.584	31.5184
1399096801.124	n	11.7221	3.61710	20.566	31.5165
1399096801.189	n	11.7245	3.61711	20.549	31.5145
1399096801.248	n	11.7270	3.61712	20.530	31.5125
1399096801.423	y	11.7296	3.61713	20.510	31.5104
1399096801.428	n	11.7322	3.61714	20.487	31.5084
1399096801.440	n	11.7348	3.61715	20.465	31.5062
1399096801.498	n	11.7375	3.61715	20.444	31.5040
1399096801.561	n	11.7402	3.61716	20.427	31.5017
1399096801.623	n	11.7430	3.61717	20.406	31.4995
1399096801.687	n	11.7459	3.61717	20.385	31.4971
1399096801.749	n	11.7488	3.61718	20.365	31.4947
1399096801.812	n	11.7517	3.61718	20.345	31.4923
1399096801.873	n	11.7546	3.61717	20.324	31.4897
1399096801.936	n	11.7575	3.61717	20.304	31.4872
1399096801.999	n	11.7605	3.61717	20.282	31.4848
1399096802.061	n	11.7634	3.61718	20.260	31.4823
1399096802.123	n	11.7664	3.61719	20.240	31.4799
1399096802.188	n	11.7694	3.61719	20.219	31.4774
1399096802.250	n	11.7724	3.61719	20.202	31.4749
1399096802.312	n	11.7754	3.61720	20.180	31.4725
1399096802.375	n	11.7784	3.61722	20.155	31.4700
1399096802.439	n	11.7815	3.61723	20.136	31.4676
1399096802.500	n	11.7846	3.61724	20.116	31.4650
1399096802.562	n	11.7877	3.61724	20.097	31.4625
1399096802.623	n	11.7907	3.61724	20.075	31.4599
1399096802.687	n	11.7936	3.61724	20.055	31.4575
1399096802.750	n	11.7965	3.61725	20.036	31.4551
1399096802.812	n	11.7994	3.61726	20.009	31.4528
1399096802.873	n	11.8022	3.61726	19.990	31.4505
1399096802.937	n	11.8049	3.61728	19.970	31.4483
1399096802.999	y	11.8076	3.61729	19.949	31.4461
1399096803.062	n	11.8104	3.61729	19.929	31.4438
1399096803.125	n	11.8130	3.61729	19.905	31.4416
1399096803.188	n	11.8156	3.61729	19.883	31.4394
1399096803.251	n	11.8182	3.61728	19.864	31.4371
1399096803.311	n	11.8208	3.61728	19.844	31.4350
1399096803.374	n	11.8233	3.61729	19.823	31.4329
1399096803.437	n	11.8258	3.61730	19.800	31.4309
1399096803.500	n	11.8282	3.61729	19.781	31.4288
1399096803.562	n	11.8306	3.61730	19.763	31.4268
1399096803.624	n	11.8330	3.61730	19.740	31.4249
1399096803.687	n	11.8352	3.61730	19.720	31.4230
1399096803.750	n	11.8375	3.61731	19.698	31.4211
1399096803.811	n	11.8398	3.61731	19.675	31.4192
1399096803.873	n	11.8421	3.61731	19.653	31.4173
1399096803.938	n	11.8444	3.61731	19.632	31.4154
1399096804.000	n	11.8466	3.61732	19.614	31.4136
1399096804.063	n	11.8488	3.61732	19.594	31.4118
1399096804.125	n	11.8510	3.61731	19.570	31.4099
1399096804.186	n	11.8532	3.61731	19.551	31.4080
1399096804.250	n	11.8554	3.61731	19.532	31.4062
1399096804.311	n	11.8577	3.61730	19.512	31.4042
1399096804.374	n	11.8599	3.61731	19.489	31.4023
1399096804.438	n	11.8622	3.61731	19.468	31.4005
1399096804.499	n	11.8645	3.61732	19.453	31.3986
1399096804.562	n	11.8667	3.61733	19.432	31.3969
1399096804.624	n	11.8688	3.61735	19.413	31.3952
1399096804.686	n	11.8709	3.61736	19.389	31.3936
1399096804.751	n	11.8730	3.61736	19.370	31.3919
1399096804.812	n	11.8751	3.61737	19.353	31.3902
1399096804.874	n	11.8770	3.61737	19.330	31.3886
1399096804.937	n	11.8790	3.61737	19.309	31.3870
1399096805.000	n	11.8809	3.61737	19.289	31.3853
1399096805.060	n	11.8829	3.61737	19.273	31.3837
1399096805.125	n	11.8848	3.61737	19.254	31.3821
1399096805.300	y	11.8866	3.61737	19.234	31.3805
1399096805.307	n	11.8884	3.61737	19.214	31.3790
1399096805.312	n	11.8901	3.61737	19.196	31.3776
1399096805.374	n	11.8919	3.61737	19.176	31.3761
1399096805.438	n	11.8936	3.61737	19.157	31.3747
1399096805.499	n	11.8953	3.61738	19.135	31.3733
1399096805.679	y	11.8971	3.61738	19.115	31.3719
1399096805.685	n	11.8988	3.61738	19.096	31.3705
1399096805.691	n	11.9004	3.61738	19.076	31.3691
1399096805.749	n	11.9021	3.61739	19.055	31.3678
1399096805.812	n	11.9037	3.61739	19.039	31.3664
1399096805.874	n	11.9053	3.61738	19.020	31.3650
1399096805.937	n	11.9069	3.61738	19.003	31.3636
1399096805.998	n	11.9084	3.61737	18.984	31.3623
1399096806.061	n	11.9098	3.61736	18.963	31.3610
1399096806.125	n	11.9112	3.61736	18.945	31.3598
1399096806.186	n	11.9126	3.61736	18.929	31.3587
1399096806.249	n	11.9139	3.61735	18.914	31.3575
1399096806.312	n	11.9153	3.61735	18.890	31.3564
1399096806.374	n	11.9165	3.61734	18.876	31.3553
1399096806.438	n	11.9178	3.61733	18.857	31.3541
1399096806.500	n	11.9190	3.61734	18.836	31.3532
1399096806.584	y	11.9201	3.61734	18.817	31.3522
1399096806.623	n	11.9213	3.61735	18.799	31.3513
1399096806.686	n	11.9224	3.61734	18.784	31.3504
1399096806.750	n	11.9234	3.61735	18.768	31.3495
1399096806.813	n	11.9244	3.61734	18.750	31.3486
1399096806.873	n	11.9254	3.61733	18.732	31.3477
1399096806.938	n	11.9264	3.61732	18.711	31.3468
1399096807.000	n	11.9273	3.61730	18.694	31.3458
1399096807.062	n	11.9283	3.61729	18.678	31.3449
1399096807.125	n	11.9293	3.61729	18.665	31.3441
1399096807.185	n	11.9301	3.61730	18.648	31.3435
1399096807.249	n	11.9310	3.61731	18.631	31.3428
1399096807.312	n	11.9319	3.61731	18.617	31.3421
1399096807.374	n	11.9328	3.61730	18.597	31.3412
1399096807.436	n	11.9337	3.61729	18.581	31.3405
1399096807.500	n	11.9345	3.61729	18.561	31.3397
1399096807.562	n	11.9353	3.61729	18.544	31.3391
1399096807.625	n	11.9361	3.61729	18.530	31.3384
1399096807.687	n	11.9369	3.61728	18.516	31.3377
1399096807.749	n	11.9376	3.61728	18.501	31.3370
1399096807.812	n	11.9384	3.61728	18.484	31.3364
1399096807.874	n	11.9392	3.61728	18.466	31.3357
1399096807.938	n	11.9400	3.61729	18.450	31.3351
1399096808.000	n	11.9407	3.61729	18.436	31.3345
1399096808.062	n	11.9415	3.61728	18.418	31.3339
1399096808.125	n	11.9422	3.61727	18.405	31.3332
1399096808.186	n	11.9429	3.61726	18.390	31.3325
1399096808.248	n	11.9436	3.61725	18.374	31.3318
1399096808.312	n	11.9443	3.61724	18.356	31.3311
1399096808.374	n	11.9450	3.61724	18.341	31.3304
1399096808.436	n	11.9458	3.61723	18.329	31.3298
1399096808.500	n	11.9465	3.61722	18.313	31.3291
1399096808.562	n	11.9472	3.61723	18.295	31.3285
1399096808.624	n	11.9479	3.61723	18.283	31.3280
1399096808.687	n	11.9486	3.61723	18.266	31.3275
1399096808.749	n	11.9492	3.61723	18.252	31.3269
1399096808.811	n	11.9499	3.61722	18.242	31.3263
1399096808.873	n	11.9506	3.61721	18.224	31.3255
1399096808.936	n	11.9514	3.61720	18.206	31.3249
1399096809.000	n	11.9520	3.61719	18.191	31.3242
1399096809.061	n	11.9527	3.61719	18.178	31.3237
1399096809.125	n	11.9534	3.61720	18.161	31.3232
1399096809.188	n	11.9541	3.61721	18.147	31.3227
1399096809.248	n	11.9548	3.61721	18.130	31.3221
1399096809.311	n	11.9555	3.61721	18.115	31.3215
1399096809.375	n	11.9562	3.61720	18.098	31.3209
1399096809.436	n	11.9569	3.61720	18.084	31.3202
1399096809.499	n	11.9576	3.61719	18.071	31.3196
1399096809.561	n	11.9583	3.61719	18.055	31.3190
1399096809.623	n	11.9590	3.61719	18.036	31.3184
1399096809.687	n	11.9597	3.61719	18.023	31.3178
1399096809.748	n	11.9603	3.61719	18.009	31.3173
1399096809.958	y	11.9610	3.61719	17.993	31.3167
1399096809.971	n	11.9617	3.61719	17.976	31.3161
1399096809.978	n	11.9624	3.61719	17.960	31.3156
1399096810.001	n	11.9630	3.61719	17.948	31.3150
1399096810.061	n	11.9636	3.61719	17.930	31.3145
1399096810.124	n	11.9642	3.61719	17.912	31.3140
1399096810.187	n	11.9649	3.61718	17.897	31.3134
1399096810.277	y	11.9655	3.61718	17.883	31.3129
1399096810.312	n	11.9661	3.61717	17.870	31.3123
1399096810.373	n	11.9667	3.61716	17.855	31.3117
1399096810.436	n	11.9673	3.61715	17.839	31.3112
1399096810.499	n	11.9678	3.61715	17.817	31.3106
1399096810.561	n	11.9684	3.61714	17.802	31.3101
1399096810.623	n	11.9690	3.61715	17.784	31.3097
1399096810.687	n	11.9696	3.61715	17.767	31.3092
1399096810.748	n	11.9701	3.61714	17.752	31.3087
1399096810.812	n	11.9706	3.61713	17.733	31.3082
1399096810.875	n	11.9711	3.61712	17.718	31.3078
1399096810.936	n	11.9715	3.61712	17.702	31.3073
1399096810.998	n	11.9720	3.61712	17.683	31.3070
1399096811.061	n	11.9725	3.61713	17.667	31.3066
1399096811.125	n	11.9730	3.61712	17.650	31.3061
1399096811.188	n	11.9736	3.61712	17.632	31.3057
1399096811.250	n	11.9740	3.61712	17.613	31.3052
1399096811.311	n	11.9745	3.61711	17.598	31.3048
1399096811.374	n	11.9749	3.61711	17.580	31.3044
1399096811.437	n	11.9753	3.61711	17.563	31.3041
1399096811.500	n	11.9758	3.61711	17.543	31.3037
1399096811.561	n	11.9762	3.61712	17.527	31.3034
1399096811.624	n	11.9767	3.61711	17.510	31.3030
1399096811.688	n	11.9771	3.61711	17.490	31.3026
1399096811.749	n	11.9776	3.61710	17.470	31.3022
1399096811.811	n	11.9781	3.61709	17.451	31.3016
1399096811.874	n	11.9786	3.61709	17.434	31.3012
1399096811.937	n	11.9792	3.61709	17.418	31.3007
1399096811.998	n	11.9797	3.61708	17.400	31.3002
1399096812.061	n	11.9802	3.61708	17.378	31.2998
1399096812.123	n	11.9807	3.61708	17.362	31.2994
1399096812.187	n	11.9812	3.61708	17.341	31.2990
1399096812.251	n	11.9817	3.61708	17.321	31.2986
1399096812.311	n	11.9822	3.61708	17.299	31.2982
1399096812.374	n	11.9827	3.61708	17.280	31.2977
1399096812.438	n	11.9832	3.61707	17.260	31.2972
1399096812.499	n	11.9837	3.61707	17.241	31.2968
1399096812.561	n	11.9841	3.61706	17.222	31.2964
1399096812.624	n	11.9846	3.61707	17.199	31.2961
1399096812.688	n	11.9850	3.61707	17.179	31.2957
1399096812.750	n	11.9855	3.61706	17.157	31.2953
1399096812.811	n	11.9860	3.61707	17.138	31.2949
1399096812.874	n	11.9865	3.61707	17.118	31.2945
1399096812.937	n	11.9870	3.61707	17.098	31.2941
1399096812.999	n	11.9875	3.61707	17.078	31.2937
1399096813.061	n	11.9879	3.61706	17.058	31.2933
1399096813.124	n	11.9883	3.61705	17.037	31.2928
1399096813.188	n	11.9888	3.61704	17.018	31.2924
1399096813.249	n	11.9893	3.61704	16.994	31.2919
1399096813.311	n	11.9898	3.61704	16.973	31.2915
1399096813.375	n	11.9903	3.61704	16.952	31.2911
1399096813.441	n	11.9908	3.61704	16.930	31.2907
1399096813.500	n	11.9912	3.61704	16.912	31.2903
1399096813.562	n	11.9916	3.61703	16.890	31.2899
1399096813.624	n	11.9921	3.61703	16.868	31.2896
1399096813.687	n	11.9925	3.61703	16.846	31.2892
1399096813.749	n	11.9929	3.61703	16.827	31.2889
1399096813.811	n	11.9934	3.61704	16.804	31.2885
1399096813.873	n	11.9939	3.61704	16.782	31.2882
1399096813.953	y	11.9944	3.61704	16.762	31.2878
1399096813.999	n	11.9949	3.61704	16.740	31.2873
1399096814.144	y	11.9953	3.61703	16.722	31.2869
1399096814.149	n	11.9957	3.61702	16.699	31.2865
1399096814.186	n	11.9962	3.61702	16.680	31.2861
1399096814.249	n	11.9966	3.61702	16.658	31.2858
1399096814.312	n	11.9970	3.61702	16.639	31.2854
1399096814.373	n	11.9975	3.61703	16.615	31.2851
1399096814.441	n	11.9981	3.61703	16.595	31.2846
1399096814.500	n	11.9986	3.61703	16.574	31.2842
1399096814.563	n	11.9992	3.61702	16.550	31.2837
1399096814.625	n	11.9998	3.61702	16.530	31.2832
1399096814.686	n	12.0004	3.61701	16.508	31.2826
1399096814.748	n	12.0011	3.61701	16.487	31.2819
1399096814.811	n	12.0018	3.61700	16.465	31.2813
1399096814.874	n	12.0025	3.61700	16.441	31.2807
1399096814.936	n	12.0031	3.61700	16.422	31.2802
1399096815.000	n	12.0037	3.61701	16.399	31.2798
1399096815.061	n	12.0042	3.61701	16.376	31.2794
1399096815.124	n	12.0048	3.61700	16.354	31.2788
1399096815.186	n	12.0054	3.61700	16.336	31.2783
1399096815.249	n	12.0059	3.61699	16.313	31.2778
1399096815.311	n	12.0064	3.61699	16.290	31.2773
1399096815.375	n	12.0069	3.61699	16.270	31.2770
1399096815.436	n	12.0074	3.61700	16.251	31.2767
1399096815.500	n	12.0078	3.61702	16.230	31.2765
1399096815.562	n	12.0084	3.61702	16.211	31.2761
1399096815.623	n	12.0089	3.61701	16.187	31.2756
1399096815.686	n	12.0094	3.61701	16.163	31.2751
1399096815.749	n	12.0099	3.61701	16.141	31.2747
1399096815.812	n	12.0104	3.61702	16.124	31.2744
1399096815.875	n	12.0109	3.61702	16.104	31.2740
1399096815.936	n	12.0114	3.61702	16.082	31.2735
1399096815.999	n	12.0120	3.61701	16.064	31.2730
1399096816.062	n	12.0125	3.61701	16.042	31.2725
1399096816.124	n	12.0131	3.61701	16.017	31.2721
1399096816.187	n	12.0136	3.61700	15.997	31.2716
1399096816.249	n	12.0142	3.61699	15.976	31.2710
1399096816.311	n	12.0148	3.61698	15.957	31.2705
1399096816.373	n	12.0154	3.61698	15.937	31.2699
1399096816.436	n	12.0161	3.61698	15.916	31.2694
1399096816.500	n	12.0167	3.61698	15.895	31.2689
1399096816.562	n	12.0173	3.61699	15.875	31.2684
1399096816.624	n	12.0179	3.61698	15.855	31.2679
1399096816.688	n	12.0185	3.61699	15.832	31.2675
1399096816.750	n	12.0191	3.61700	15.811	31.2671
1399096816.812	n	12.0196	3.61700	15.794	31.2667
1399096816.875	n	12.0202	3.61700	15.772	31.2661
1399096816.936	n	12.0208	3.61699	15.752	31.2655
1399096817.000	n	12.0215	3.61698	15.733	31.2648
1399096817.061	n	12.0223	3.61697	15.716	31.2641
1399096817.124	n	12.0232	3.61697	15.696	31.2633
1399096817.186	n	12.0241	3.61698	15.674	31.2627
1399096817.250	n	12.0250	3.61699	15.655	31.2621
1399096817.312	n	12.0258	3.61700	15.635	31.2615
1399096817.373	n	12.0267	3.61700	15.615	31.2608
1399096817.436	n	12.0276	3.61700	15.594	31.2600
1399096817.570	y	12.0286	3.61699	15.578	31.2592
1399096817.575	n	12.0295	3.61699	15.559	31.2583
1399096817.624	n	12.0305	3.61699	15.538	31.2575
1399096817.686	n	12.0315	3.61698	15.520	31.2566
1399096817.750	n	12.0325	3.61698	15.499	31.2558
1399096817.811	n	12.0335	3.61698	15.482	31.2550
1399096817.875	n	12.0345	3.61699	15.464	31.2543
1399096817.937	n	12.0355	3.61701	15.442	31.2536
1399096818.000	n	12.0364	3.61702	15.425	31.2529
1399096818.063	n	12.0373	3.61702	15.407	31.2521
1399096818.123	n	12.0381	3.61701	15.389	31.2513
1399096818.188	n	12.0390	3.61699	15.370	31.2505
1399096818.250	n	12.0398	3.61698	15.351	31.2497
1399096818.413	y	12.0407	3.61699	15.332	31.2491
1399096818.418	n	12.0414	3.61700	15.315	31.2485
1399096818.437	n	12.0421	3.61700	15.297	31.2480
1399096818.499	n	12.0427	3.61700	15.278	31.2475
1399096818.562	n	12.0433	3.61701	15.263	31.2470
1399096818.624	n	12.0439	3.61702	15.247	31.2467
1399096818.686	n	12.0444	3.61702	15.228	31.2462
1399096818.750	n	12.0449	3.61701	15.212	31.2458
1399096818.811	n	12.0453	3.61700	15.191	31.2454
1399096818.874	n	12.0457	3.61700	15.173	31.2450
1399096818.936	n	12.0461	3.61700	15.157	31.2447
1399096819.001	n	12.0465	3.61701	15.139	31.2445
1399096819.061	n	12.0468	3.61702	15.124	31.2443
1399096819.125	n	12.0471	3.61703	15.108	31.2441
1399096819.188	n	12.0475	3.61702	15.090	31.2438
1399096819.251	n	12.0479	3.61702	15.075	31.2434
1399096819.311	n	12.0483	3.61700	15.058	31.2429
1399096819.375	n	12.0486	3.61699	15.041	31.2426
1399096819.436	n	12.0490	3.61700	15.024	31.2423
1399096819.500	n	12.0494	3.61701	15.006	31.2421
1399096819.561	n	12.0497	3.61702	14.993	31.2419
1399096819.625	n	12.0501	3.61702	14.975	31.2416
1399096819.687	n	12.0506	3.61701	14.961	31.2412
1399096819.749	n	12.0510	3.61701	14.944	31.2408
1399096819.812	n	12.0514	3.61700	14.927	31.2404
1399096819.874	n	12.0517	3.61701	14.912	31.2402
1399096819.937	n	12.0520	3.61701	14.896	31.2399
1399096819.998	n	12.0523	3.61701	14.878	31.2397
1399096820.061	n	12.0527	3.61702	14.859	31.2395
1399096820.124	n	12.0530	3.61702	14.845	31.2392
1399096820.186	n	12.0534	3.61702	14.827	31.2389
1399096820.249	n	12.0537	3.61702	14.810	31.2386
1399096820.312	n	12.0541	3.61702	14.796	31.2383
1399096820.374	n	12.0545	3.61702	14.778	31.2380
1399096820.560	y	12.0549	3.61703	14.764	31.2377
1399096820.570	n	12.0553	3.61703	14.748	31.2374
1399096820.575	n	12.0557	3.61703	14.733	31.2371
1399096820.625	n	12.0562	3.61703	14.716	31.2367
1399096820.688	n	12.0567	3.61703	14.698	31.2363
1399096820.749	n	12.0574	3.61703	14.684	31.2357
1399096820.812	n	12.0582	3.61703	14.667	31.2351
1399096820.874	n	12.0591	3.61704	14.650	31.2344
1399096820.937	n	12.0601	3.61704	14.636	31.2336
1399096821.000	n	12.0611	3.61704	14.622	31.2328
1399096821.061	n	12.0622	3.61704	14.602	31.2319
1399096821.124	n	12.0632	3.61704	14.589	31.2310
1399096821.187	n	12.0644	3.61705	14.571	31.2301
1399096821.255	y	12.0656	3.61705	14.557	31.2291
1399096821.311	n	12.0668	3.61705	14.541	31.2281
1399096821.374	n	12.0681	3.61706	14.522	31.2271
1399096821.437	n	12.0695	3.61707	14.508	31.2261
1399096821.499	n	12.0709	3.61709	14.492	31.2250
1399096821.562	n	12.0724	3.61710	14.475	31.2240
1399096821.623	n	12.0738	3.61710	14.458	31.2228
1399096821.687	n	12.0752	3.61711	14.441	31.2217
1399096821.751	n	12.0767	3.61711	14.426	31.2205
1399096821.811	n	12.0782	3.61711	14.412	31.2192
1399096821.873	n	12.0798	3.61712	14.396	31.2180
1399096821.938	n	12.0814	3.61712	14.378	31.2167
1399096821.999	n	12.0831	3.61714	14.362	31.2154
1399096822.062	n	12.0849	3.61715	14.343	31.2141
1399096822.125	n	12.0866	3.61716	14.327	31.2128
1399096822.188	n	12.0882	3.61716	14.310	31.2113
1399096822.250	n	12.0899	3.61715	14.294	31.2099
1399096822.311	n	12.0916	3.61715	14.277	31.2084
1399096822.373	n	12.0933	3.61715	14.258	31.2070
1399096822.437	n	12.0952	3.61716	14.243	31.2056
1399096822.500	n	12.0971	3.61717	14.227	31.2041
1399096822.725	y	12.0990	3.61717	14.207	31.2025
1399096822.737	n	12.1010	3.61717	14.188	31.2009
1399096822.742	n	12.1029	3.61717	14.172	31.1993
1399096822.748	n	12.1048	3.61718	14.156	31.1977
1399096822.812	n	12.1067	3.61718	14.139	31.1962
1399096822.874	n	12.1084	3.61719	14.124	31.1948
1399096822.937	n	12.1101	3.61720	14.106	31.1935
1399096822.998	n	12.1118	3.61720	14.089	31.1921
1399096823.061	n	12.1135	3.61721	14.072	31.1908
1399096823.124	n	12.1151	3.61722	14.053	31.1896
1399096823.186	n	12.1167	3.61722	14.034	31.1883
1399096823.251	n	12.1183	3.61724	14.019	31.1871
1399096823.312	n	12.1199	3.61725	14.002	31.1859
1399096823.374	n	12.1214	3.61725	13.981	31.1847
1399096823.438	n	12.1230	3.61725	13.963	31.1834
1399096823.499	n	12.1245	3.61725	13.945	31.1821
1399096823.562	n	12.1260	3.61725	13.928	31.1808
1399096823.624	n	12.1274	3.61725	13.908	31.1797
1399096823.688	n	12.1288	3.61726	13.892	31.1786
1399096823.750	n	12.1302	3.61728	13.874	31.1776
1399096823.811	n	12.1316	3.61729	13.856	31.1766
1399096823.875	n	12.1330	3.61730	13.839	31.1755
1399096823.938	n	12.1343	3.61730	13.817	31.1745
1399096824.001	n	12.1356	3.61730	13.800	31.1734
1399096824.062	n	12.1368	3.61730	13.786	31.1724
1399096824.123	n	12.1381	3.61731	13.766	31.1713
1399096824.186	n	12.1394	3.61731	13.747	31.1703
1399096824.249	n	12.1406	3.61732	13.727	31.1694
1399096824.312	n	12.1418	3.61732	13.710	31.1685
1399096824.375	n	12.1429	3.61733	13.692	31.1676
1399096824.438	n	12.1441	3.61734	13.671	31.1668
1399096824.500	n	12.1452	3.61735	13.653	31.1659
1399096824.562	n	12.1464	3.61736	13.636	31.1650
1399096824.625	n	12.1475	3.61736	13.621	31.1641
1399096824.688	n	12.1486	3.61736	13.597	31.1632
1399096824.751	n	12.1497	3.61735	13.579	31.1622
1399096824.812	n	12.1507	3.61736	13.561	31.1614
1399096824.874	n	12.1519	3.61736	13.544	31.1605
1399096824.986	y	12.1529	3.61737	13.520	31.1597
1399096825.000	n	12.1540	3.61737	13.501	31.1589
1399096825.062	n	12.1549	3.61738	13.484	31.1581
1399096825.124	n	12.1558	3.61738	13.464	31.1574
1399096825.188	n	12.1566	3.61738	13.445	31.1568
1399096825.248	n	12.1573	3.61738	13.427	31.1562
1399096825.311	n	12.1580	3.61738	13.407	31.1557
1399096825.373	n	12.1586	3.61738	13.391	31.1552
1399096825.437	n	12.1591	3.61739	13.370	31.1548
1399096825.501	n	12.1594	3.61740	13.347	31.1546
1399096825.562	n	12.1596	3.61740	13.331	31.1545
1399096825.625	n	12.1597	3.61740	13.312	31.1545
1399096825.687	n	12.1597	3.61740	13.291	31.1545
1399096825.750	n	12.1597	3.61740	13.272	31.1545
1399096825.811	n	12.1596	3.61741	13.252	31.1547
1399096825.874	n	12.1594	3.61743	13.233	31.1550
1399096825.937	n	12.1592	3.61744	13.212	31.1553
1399096826.001	n	12.1590	3.61745	13.192	31.1556
1399096826.062	n	12.1587	3.61745	13.177	31.1558
1399096826.124	n	12.1585	3.61745	13.158	31.1560
1399096826.188	n	12.1583	3.61744	13.135	31.1560
1399096826.248	n	12.1583	3.61744	13.117	31.1561
1399096826.311	n	12.1585	3.61744	13.097	31.1559
1399096826.375	n	12.1588	3.61744	13.078	31.1556
1399096826.437	n	12.1593	3.61744	13.061	31.1552
1399096826.500	n	12.1600	3.61744	13.039	31.1547
1399096826.562	n	12.1608	3.61744	13.023	31.1541
1399096826.623	n	12.1617	3.61746	13.003	31.1535
1399096826.688	n	12.1628	3.61748	12.983	31.1527
1399096826.753	n	12.1641	3.61749	12.963	31.1518
1399096826.873	y	12.1655	3.61750	12.945	31.1507
1399096826.878	n	12.1670	3.61750	12.926	31.1495
1399096826.937	n	12.1685	3.61750	12.906	31.1482
1399096826.998	n	12.1701	3.61751	12.885	31.1470
1399096827.062	n	12.1717	3.61752	12.866	31.1458
1399096827.123	n	12.1732	3.61752	12.846	31.1445
1399096827.187	n	12.1748	3.61753	12.825	31.1433
1399096827.250	n	12.1763	3.61753	12.807	31.1421
1399096827.312	n	12.1778	3.61754	12.793	31.1409
1399096827.375	n	12.1793	3.61754	12.770	31.1396
1399096827.437	n	12.1808	3.61754	12.751	31.1384
1399096827.499	n	12.1823	3.61754	12.729	31.1372
1399096827.561	n	12.1838	3.61755	12.709	31.1361
1399096827.624	n	12.1852	3.61756	12.690	31.1350
1399096827.688	n	12.1866	3.61757	12.672	31.1339
1399096827.755	n	12.1881	3.61757	12.654	31.1328
1399096827.812	n	12.1895	3.61758	12.635	31.1316
1399096827.874	n	12.1909	3.61758	12.617	31.1305
1399096827.938	n	12.1923	3.61758	12.598	31.1293
1399096827.999	n	12.1937	3.61759	12.580	31.1282
1399096828.061	n	12.1950	3.61759	12.559	31.1271
1399096828.123	n	12.1963	3.61759	12.541	31.1262
1399096828.189	n	12.1976	3.61761	12.521	31.1253
1399096828.250	n	12.1989	3.61763	12.506	31.1244
1399096828.312	n	12.2002	3.61765	12.487	31.1234
1399096828.374	n	12.2015	3.61767	12.468	31.1225
1399096828.436	n	12.2028	3.61768	12.447	31.1216
1399096828.547	y	12.2041	3.61769	12.429	31.1206
1399096828.562	n	12.2054	3.61770	12.414	31.1197
1399096828.625	n	12.2066	3.61770	12.398	31.1186
1399096828.686	n	12.2079	3.61770	12.381	31.1176
1399096828.752	n	12.2091	3.61771	12.363	31.1167
1399096828.811	n	12.2104	3.61772	12.346	31.1157
1399096828.874	n	12.2116	3.61774	12.328	31.1148
1399096828.937	n	12.2129	3.61775	12.310	31.1139
1399096829.000	n	12.2141	3.61776	12.292	31.1130
1399096829.061	n	12.2153	3.61776	12.275	31.1120
1399096829.124	n	12.2165	3.61776	12.259	31.1110
1399096829.189	n	12.2177	3.61777	12.243	31.1101
1399096829.248	n	12.2189	3.61777	12.227	31.1091
1399096829.312	n	12.2201	3.61778	12.211	31.1082
1399096829.375	n	12.2214	3.61778	12.194	31.1073
1399096829.438	n	12.2226	3.61779	12.177	31.1063
1399096829.500	n	12.2238	3.61779	12.163	31.1054
1399096829.562	n	12.2250	3.61780	12.145	31.1044
1399096829.623	n	12.2262	3.61780	12.129	31.1034
1399096829.689	n	12.2273	3.61780	12.116	31.1025
1399096829.752	n	12.2285	3.61782	12.099	31.1017
1399096829.811	n	12.2297	3.61784	12.082	31.1009
1399096829.874	n	12.2308	3.61785	12.067	31.1001
1399096829.937	n	12.2320	3.61785	12.055	31.0992
1399096829.998	n	12.2331	3.61785	12.039	31.0982
1399096830.063	n	12.2344	3.61784	12.023	31.0971
1399096830.124	n	12.2357	3.61785	12.007	31.0961
1399096830.189	n	12.2369	3.61785	11.995	31.0951
1399096830.248	n	12.2382	3.61786	11.978	31.0941
1399096830.312	n	12.2396	3.61788	11.964	31.0932
1399096830.374	n	12.2410	3.61790	11.950	31.0922
1399096830.437	n	12.2425	3.61791	11.935	31.0910
1399096830.499	n	12.2441	3.61793	11.919	31.0899
1399096830.561	n	12.2456	3.61793	11.908	31.0886
1399096830.624	n	12.2473	3.61793	11.892	31.0872
1399096830.688	n	12.2490	3.61792	11.877	31.0858
1399096830.749	n	12.2509	3.61793	11.864	31.0843
1399096830.812	n	12.2528	3.61795	11.847	31.0829
1399096830.874	n	12.2548	3.61796	11.830	31.0814
1399096830.938	n	12.2567	3.61798	11.819	31.0799
1399096830.998	n	12.2587	3.61799	11.808	31.0783
1399096831.142	y	12.2607	3.61799	11.794	31.0767
1399096831.148	n	12.2627	3.61799	11.779	31.0751
1399096831.186	n	12.2647	3.61800	11.763	31.0736
1399096831.250	n	12.2666	3.61801	11.748	31.0720
1399096831.312	n	12.2687	3.61802	11.732	31.0704
1399096831.375	n	12.2708	3.61804	11.716	31.0688
1399096831.436	n	12.2730	3.61805	11.704	31.0671
1399096831.498	n	12.2753	3.61805	11.692	31.0653
1399096831.562	n	12.2775	3.61806	11.677	31.0635
1399096831.625	n	12.2798	3.61808	11.665	31.0618
1399096831.686	n	12.2823	3.61809	11.653	31.0599
1399096831.754	n	12.2848	3.61811	11.640	31.0579
1399096831.813	n	12.2875	3.61812	11.623	31.0558
1399096831.874	n	12.2904	3.61813	11.610	31.0535
1399096831.938	n	12.2933	3.61813	11.596	31.0512
1399096831.999	n	12.2963	3.61815	11.585	31.0488
1399096832.061	n	12.2994	3.61816	11.571	31.0463
1399096832.123	n	12.3026	3.61818	11.556	31.0439
1399096832.188	n	12.3057	3.61819	11.538	31.0415
1399096832.313	y	12.3087	3.61820	11.526	31.0391
1399096832.319	n	12.3115	3.61821	11.508	31.0368
1399096832.376	n	12.3142	3.61822	11.493	31.0348
1399096832.436	n	12.3166	3.61823	11.482	31.0328
1399096832.499	n	12.3190	3.61825	11.471	31.0311
1399096832.561	n	12.3212	3.61826	11.454	31.0294
1399096832.624	n	12.3233	3.61827	11.441	31.0277
1399096832.687	n	12.3252	3.61829	11.424	31.0263
1399096832.752	n	12.3271	3.61830	11.407	31.0249
1399096832.811	n	12.3289	3.61832	11.394	31.0236
1399096832.874	n	12.3306	3.61834	11.381	31.0223
1399096832.938	n	12.3322	3.61835	11.366	31.0211
1399096833.000	n	12.3337	3.61835	11.352	31.0198
1399096833.062	n	12.3353	3.61835	11.338	31.0186
1399096833.125	n	12.3369	3.61835	11.324	31.0173
1399096833.187	n	12.3384	3.61835	11.306	31.0161
1399096833.251	n	12.3399	3.61836	11.295	31.0149
1399096833.311	n	12.3413	3.61837	11.280	31.0138
1399096833.374	n	12.3427	3.61838	11.264	31.0128
1399096833.436	n	12.3441	3.61839	11.248	31.0117
1399096833.499	n	12.3454	3.61840	11.234	31.0107
1399096833.562	n	12.3467	3.61841	11.218	31.0097
1399096833.624	n	12.3480	3.61841	11.204	31.0087
1399096833.686	n	12.3492	3.61842	11.191	31.0078
1399096833.753	n	12.3503	3.61843	11.172	31.0069
1399096833.812	n	12.3515	3.61843	11.160	31.0061
1399096833.874	n	12.3525	3.61844	11.144	31.0052
1399096833.938	n	12.3535	3.61844	11.127	31.0045
1399096833.999	n	12.3544	3.61845	11.112	31.0038
1399096834.061	n	12.3552	3.61846	11.099	31.0033
1399096834.124	n	12.3559	3.61847	11.084	31.0028
1399096834.187	n	12.3566	3.61848	11.063	31.0023
1399096834.250	n	12.3573	3.61849	11.048	31.0019
1399096834.311	n	12.3579	3.61850	11.034	31.0014
1399096834.374	n	12.3584	3.61851	11.018	31.0011
1399096834.436	n	12.3589	3.61851	11.003	31.0008
1399096834.499	n	12.3593	3.61852	10.988	31.0004
1399096834.561	n	12.3598	3.61852	10.970	31.0001
1399096834.625	n	12.3603	3.61852	10.953	30.9997
1399096834.688	n	12.3607	3.61851	10.939	30.9993
1399096834.749	n	12.3611	3.61852	10.924	30.9990
1399096834.812	n	12.3615	3.61853	10.906	30.9988
1399096834.874	n	12.3618	3.61855	10.891	30.9987
1399096834.938	n	12.3621	3.61857	10.876	30.9986
1399096834.999	n	12.3624	3.61858	10.859	30.9985
1399096835.061	n	12.3628	3.61858	10.844	30.9983
1399096835.123	n	12.3631	3.61859	10.829	30.9980
1399096835.187	n	12.3636	3.61859	10.812	30.9977
1399096835.249	n	12.3640	3.61859	10.796	30.9973
1399096835.418	y	12.3645	3.61859	10.779	30.9970
1399096835.424	n	12.3650	3.61860	10.763	30.9966
1399096835.438	n	12.3654	3.61860	10.749	30.9964
1399096835.500	n	12.3658	3.61861	10.730	30.9961
1399096835.562	n	12.3662	3.61862	10.715	30.9958
1399096835.624	n	12.3666	3.61862	10.696	30.9956
1399096835.686	n	12.3669	3.61863	10.681	30.9954
1399096835.748	n	12.3673	3.61864	10.668	30.9951
1399096835.812	n	12.3676	3.61864	10.649	30.9949
1399096835.878	y	12.3679	3.61864	10.634	30.9947
1399096836.003	y	12.3682	3.61864	10.618	30.9945
1399096836.011	n	12.3684	3.61865	10.604	30.9943
1399096836.061	n	12.3687	3.61866	10.583	30.9942
1399096836.124	n	12.3691	3.61868	10.568	30.9941
1399096836.189	n	12.3695	3.61869	10.554	30.9939
1399096836.250	n	12.3698	3.61870	10.539	30.9937
1399096836.312	n	12.3702	3.61870	10.525	30.9934
1399096836.374	n	12.3706	3.61870	10.509	30.9931
1399096836.438	n	12.3710	3.61870	10.495	30.9928
1399096836.499	n	12.3714	3.61871	10.479	30.9925
1399096836.561	n	12.3718	3.61873	10.462	30.9923
1399096836.625	n	12.3723	3.61874	10.450	30.9920
1399096836.687	n	12.3729	3.61874	10.433	30.9916
1399096836.749	n	12.3735	3.61875	10.420	30.9911
1399096836.812	n	12.3741	3.61875	10.405	30.9907
1399096836.873	n	12.3748	3.61877	10.390	30.9903
1399096836.937	n	12.3756	3.61879	10.378	30.9898
1399096836.999	n	12.3764	3.61880	10.362	30.9893
1399096837.062	n	12.3772	3.61880	10.347	30.9886
1399096837.123	n	12.3781	3.61880	10.334	30.9879
1399096837.187	n	12.3790	3.61881	10.316	30.9872
1399096837.250	n	12.3800	3.61881	10.303	30.9865
1399096837.311	n	12.3810	3.61883	10.288	30.9857
1399096837.374	n	12.3821	3.61884	10.271	30.9850
1399096837.436	n	12.3833	3.61885	10.257	30.9841
1399096837.501	n	12.3845	3.61886	10.242	30.9832
1399096837.561	n	12.3858	3.61888	10.229	30.9823
1399096837.624	n	12.3870	3.61888	10.215	30.9813
1399096837.686	n	12.3883	3.61889	10.202	30.9804
1399096837.748	n	12.3895	3.61889	10.187	30.9794
1399096837.813	n	12.3908	3.61890	10.173	30.9784
1399096837.875	n	12.3920	3.61891	10.155	30.9775
1399096837.936	n	12.3933	3.61893	10.143	30.9767
1399096838.000	n	12.3945	3.61895	10.125	30.9758
1399096838.062	n	12.3958	3.61896	10.114	30.9749
1399096838.124	n	12.3971	3.61897	10.098	30.9738
1399096838.190	n	12.3985	3.61897	10.082	30.9728
1399096838.251	n	12.3998	3.61898	10.068	30.9718
1399096838.313	n	12.4012	3.61899	10.053	30.9707
1399096838.373	n	12.4025	3.61900	10.037	30.9697
1399096838.438	n	12.4038	3.61901	10.021	30.9687
1399096838.499	n	12.4051	3.61901	10.006	30.9678
1399096838.562	n	12.4063	3.61902	9.991	30.9669
1399096838.625	n	12.4074	3.61904	9.974	30.9661
1399096838.686	n	12.4084	3.61905	9.959	30.9655
1399096838.749	n	12.4093	3.61907	9.945	30.9648
1399096838.812	n	12.4102	3.61907	9.926	30.9642
1399096838.876	n	12.4109	3.61908	9.912	30.9636
1399096838.937	n	12.4116	3.61910	9.896	30.9632
1399096838.999	n	12.4123	3.61911	9.881	30.9628
1399096839.063	n	12.4129	3.61912	9.863	30.9624
1399096839.125	n	12.4135	3.61913	9.847	30.9619
1399096839.187	n	12.4141	3.61913	9.833	30.9615
1399096839.249	n	12.4146	3.61914	9.817	30.9612
1399096839.311	n	12.4152	3.61916	9.801	30.9609
1399096839.374	n	12.4158	3.61918	9.779	30.9606
1399096839.436	n	12.4163	3.61920	9.764	30.9603
1399096839.580	y	12.4169	3.61921	9.747	30.9600
1399096839.587	n	12.4175	3.61922	9.732	30.9596
1399096839.804	y	12.4180	3.61923	9.710	30.9593
1399096839.811	n	12.4185	3.61924	9.695	30.9590
1399096839.821	n	12.4190	3.61925	9.678	30.9587
1399096839.830	n	12.4196	3.61926	9.658	30.9583
1399096839.875	n	12.4201	3.61926	9.638	30.9579
1399096839.937	n	12.4207	3.61927	9.618	30.9575
1399096839.999	n	12.4212	3.61928	9.602	30.9572
1399096840.062	n	12.4218	3.61930	9.585	30.9569
1399096840.123	n	12.4224	3.61932	9.564	30.9566
1399096840.188	n	12.4229	3.61933	9.544	30.9562
1399096840.251	n	12.4234	3.61934	9.525	30.9559
1399096840.312	n	12.4238	3.61935	9.503	30.9558
1399096840.375	n	12.4241	3.61937	9.487	30.9557
1399096840.437	n	12.4245	3.61939	9.467	30.9556
1399096840.500	n	12.4248	3.61940	9.448	30.9554
1399096840.561	n	12.4251	3.61942	9.426	30.9553
1399096840.624	n	12.4255	3.61943	9.408	30.9551
1399096840.688	n	12.4257	3.61944	9.388	30.9550
1399096840.749	n	12.4260	3.61944	9.370	30.9549
1399096840.816	n	12.4262	3.61946	9.351	30.9548
1399096840.876	n	12.4264	3.61946	9.328	30.9547
1399096840.937	n	12.4266	3.61947	9.310	30.9547
1399096841.000	n	12.4267	3.61949	9.289	30.9548
1399096841.063	n	12.4269	3.61951	9.268	30.9548
1399096841.124	n	12.4271	3.61952	9.250	30.9547
1399096841.190	n	12.4273	3.61953	9.229	30.9547
1399096841.248	n	12.4275	3.61954	9.207	30.9547
1399096841.312	n	12.4276	3.61956	9.186	30.9547
1399096841.374	n	12.4277	3.61957	9.167	30.9548
1399096841.437	n	12.4278	3.61959	9.147	30.9549
1399096841.500	n	12.4279	3.61960	9.127	30.9550
1399096841.561	n	12.4279	3.61961	9.106	30.9550
1399096841.624	n	12.4280	3.61962	9.087	30.9550
1399096841.688	n	12.4280	3.61963	9.067	30.9552
1399096841.751	n	12.4280	3.61965	9.048	30.9553
1399096841.812	n	12.4280	3.61965	9.028	30.9553
1399096841.874	n	12.4281	3.61966	9.005	30.9553
1399096841.936	n	12.4281	3.61966	8.986	30.9553
1399096842.000	n	12.4282	3.61967	8.967	30.9554
1399096842.062	n	12.4282	3.61967	8.948	30.9554
1399096842.124	y	12.4283	3.61968	8.927	30.9554
1399096842.190	n	12.4283	3.61969	8.907	30.9555
1399096842.251	n	12.4284	3.61970	8.888	30.9556
1399096842.312	n	12.4284	3.61973	8.870	30.9558
1399096842.374	n	12.4284	3.61975	8.849	30.9560
1399096842.437	n	12.4284	3.61976	8.831	30.9561
1399096842.500	n	12.4285	3.61976	8.811	30.9561
1399096842.561	n	12.4286	3.61977	8.791	30.9561
1399096842.624	n	12.4286	3.61978	8.773	30.9561
1399096842.689	n	12.4287	3.61978	8.756	30.9561
1399096842.750	n	12.4288	3.61979	8.737	30.9561
1399096842.812	n	12.4289	3.61979	8.716	30.9560
1399096842.874	n	12.4290	3.61980	8.701	30.9560
1399096842.937	n	12.4294	3.61998	8.680	30.9574
1399096842.999	n	12.4318	3.62028	8.662	30.9583
1399096843.062	n	12.4381	3.62194	8.645	30.9689
1399096843.123	n	12.4484	3.62468	8.627	30.9865
1399096843.189	n	12.4607	3.62783	8.608	31.0062
1399096843.274	y	12.4723	3.63055	8.589	31.0225
1399096843.312	n	12.4804	3.63233	8.573	31.0327
1399096843.375	n	12.4849	3.63269	8.552	31.0324
1399096843.438	n	12.4872	3.63288	8.534	31.0323
1399096843.501	n	12.4887	3.63303	8.522	31.0325
1399096843.562	n	12.4902	3.63313	8.506	31.0322
1399096843.624	n	12.4922	3.63321	8.488	31.0314
1399096843.687	n	12.4944	3.63329	8.471	31.0303
1399096843.750	n	12.4961	3.63340	8.457	31.0299
1399096843.886	y	12.4976	3.63349	8.436	31.0296
1399096843.892	n	12.4993	3.63358	8.416	31.0291
1399096843.938	n	12.5019	3.63369	8.403	31.0279
1399096844.000	n	12.5062	3.63387	8.384	31.0261
1399096844.061	n	12.5129	3.63415	8.367	31.0233
1399096844.124	n	12.5207	3.63452	8.355	31.0203
1399096844.189	n	12.5274	3.63486	8.337	31.0180
1399096844.250	n	12.5321	3.63513	8.319	31.0168
1399096844.311	n	12.5354	3.63538	8.301	31.0164
1399096844.374	n	12.5385	3.63563	8.287	31.0161
1399096844.438	n	12.5425	3.63587	8.271	31.0152
1399096844.499	n	12.5472	3.63609	8.254	31.0134
1399096844.562	n	12.5509	3.63623	8.241	31.0117
1399096844.624	n	12.5527	3.63631	8.224	31.0110
1399096844.687	n	12.5535	3.63636	8.209	31.0108
1399096844.750	n	12.5539	3.63640	8.190	31.0108
1399096844.812	n	12.5543	3.63644	8.176	31.0109
1399096844.874	n	12.5548	3.63648	8.165	31.0108
1399096844.937	n	12.5553	3.63650	8.148	31.0107
1399096845.000	n	12.5559	3.63653	8.134	31.0105
1399096845.061	n	12.5563	3.63656	8.120	31.0105
1399096845.124	n	12.5567	3.63660	8.105	31.0105
1399096845.188	n	12.5570	3.63663	8.093	31.0105
1399096845.250	n	12.5574	3.63667	8.077	31.0106
1399096845.313	n	12.5579	3.63671	8.065	31.0105
1399096845.374	n	12.5586	3.63675	8.051	31.0104
1399096845.436	n	12.5593	3.63681	8.035	31.0103
1399096845.499	n	12.5600	3.63686	8.024	31.0102
1399096845.562	n	12.5604	3.63687	8.011	31.0100
1399096845.624	n	12.5605	3.63685	7.997	31.0098
1399096845.686	n	12.5604	3.63683	7.983	31.0097
1399096845.750	n	12.5604	3.63683	7.970	31.0096
1399096845.811	n	12.5605	3.63685	7.958	31.0097
1399096845.874	n	12.5607	3.63688	7.945	31.0098
1399096845.937	n	12.5610	3.63691	7.931	31.0100
1399096846.001	n	12.5611	3.63695	7.919	31.0102
1399096846.062	n	12.5613	3.63698	7.908	31.0104
1399096846.125	n	12.5614	3.63703	7.897	31.0107
1399096846.190	n	12.5615	3.63706	7.882	31.0110
1399096846.250	n	12.5617	3.63710	7.871	31.0111
1399096846.311	n	12.5620	3.63713	7.855	31.0113
1399096846.375	n	12.5622	3.63716	7.841	31.0113
1399096846.438	n	12.5625	3.63717	7.830	31.0112
1399096846.500	n	12.5627	3.63719	7.817	31.0112
1399096846.561	n	12.5629	3.63720	7.806	31.0112
1399096846.625	n	12.5629	3.63721	7.794	31.0113
1399096846.687	n	12.5629	3.63723	7.779	31.0115
1399096846.751	n	12.5629	3.63724	7.767	31.0116
1399096846.812	n	12.5632	3.63726	7.755	31.0116
1399096846.874	y	12.5636	3.63728	7.742	31.0114
1399096846.937	n	12.5639	3.63730	7.730	31.0113
1399096846.999	n	12.5643	3.63732	7.718	31.0112
1399096847.062	n	12.5647	3.63736	7.705	31.0112
1399096847.124	n	12.5650	3.63740	7.691	31.0113
1399096847.189	n	12.5656	3.63745	7.685	31.0113
1399096847.251	n	12.5663	3.63750	7.670	31.0112
1399096847.312	n	12.5672	3.63754	7.654	31.0109
1399096847.374	n	12.5682	3.63759	7.641	31.0106
1399096847.437	n	12.5690	3.63765	7.630	31.0104
1399096847.501	n	12.5698	3.63770	7.618	31.0103
1399096847.562	n	12.5704	3.63772	7.607	31.0100
1399096847.624	n	12.5710	3.63773	7.596	31.0096
1399096847.687	n	12.5716	3.63771	7.582	31.0089
1399096847.751	n	12.5722	3.63771	7.569	31.0084
1399096847.811	n	12.5727	3.63773	7.560	31.0083
1399096847.875	n	12.5731	3.63777	7.544	31.0083
1399096847.937	n	12.5734	3.63782	7.527	31.0085
1399096848.000	n	12.5738	3.63787	7.512	31.0087
1399096848.147	y	12.5745	3.63792	7.501	31.0086
1399096848.152	n	12.5757	3.63798	7.490	31.0082
1399096848.187	n	12.5775	3.63806	7.475	31.0074
1399096848.250	n	12.5795	3.63813	7.457	31.0064
1399096848.311	n	12.5813	3.63819	7.441	31.0055
1399096848.374	n	12.5827	3.63824	7.427	31.0048
1399096848.437	n	12.5837	3.63827	7.409	31.0044
1399096848.500	n	12.5844	3.63830	7.393	31.0041
1399096848.561	n	12.5849	3.63833	7.378	31.0039
1399096848.624	n	12.5852	3.63835	7.364	31.0038
1399096848.688	n	12.5854	3.63836	7.346	31.0038
1399096848.751	n	12.5855	3.63836	7.330	31.0037
1399096848.813	n	12.5856	3.63836	7.311	31.0036
1399096848.875	n	12.5857	3.63835	7.296	31.0035
1399096848.938	n	12.5858	3.63835	7.277	31.0034
1399096848.999	n	12.5861	3.63836	7.258	31.0032
1399096849.063	n	12.5868	3.63837	7.240	31.0028
1399096849.125	n	12.5878	3.63839	7.223	31.0022
1399096849.189	n	12.5888	3.63842	7.199	31.0016
1399096849.250	n	12.5895	3.63846	7.187	31.0014
1399096849.311	n	12.5900	3.63850	7.168	31.0014
1399096849.374	n	12.5905	3.63856	7.146	31.0016
1399096849.437	n	12.5915	3.63864	7.127	31.0015
1399096849.499	n	12.5933	3.63873	7.109	31.0009
1399096849.563	n	12.5958	3.63887	7.086	31.0001
1399096849.625	n	12.5983	3.63901	7.068	30.9995
1399096849.688	n	12.5998	3.63914	7.050	30.9994
1399096849.749	n	12.6002	3.63923	7.031	31.0000
1399096849.812	n	12.6001	3.63928	7.010	31.0006
1399096849.874	n	12.6006	3.63931	6.991	31.0004
1399096849.936	n	12.6024	3.63935	6.972	30.9993
1399096850.000	n	12.6052	3.63942	6.955	30.9977
1399096850.062	n	12.6084	3.63959	6.934	30.9967
1399096850.125	n	12.6129	3.63989	6.914	30.9959
1399096850.189	n	12.6196	3.64029	6.893	30.9941
1399096850.250	n	12.6277	3.64071	6.873	30.9914
1399096850.312	n	12.6366	3.64106	6.854	30.9874
1399096850.373	n	12.6447	3.64130	6.832	30.9831
1399096850.436	n	12.6504	3.64144	6.813	30.9797
1399096850.529	y	12.6546	3.64156	6.791	30.9774
1399096850.563	n	12.6581	3.64170	6.775	30.9759
1399096850.625	n	12.6608	3.64189	6.754	30.9755
1399096850.688	n	12.6628	3.64209	6.734	30.9757
1399096850.749	n	12.6644	3.64229	6.716	30.9762
1399096850.813	n	12.6656	3.64245	6.694	30.9768
1399096850.875	n	12.6667	3.64256	6.674	30.9770
1399096850.937	n	12.6679	3.64260	6.654	30.9764
1399096850.999	n	12.6695	3.64263	6.637	30.9753
1399096851.063	n	12.6709	3.64264	6.613	30.9742
1399096851.178	y	12.6715	3.64262	6.593	30.9736
1399096851.189	n	12.6712	3.64260	6.573	30.9736
1399096851.249	n	12.6708	3.64260	6.555	30.9740
1399096851.312	n	12.6717	3.64262	6.535	30.9734
1399096851.375	n	12.6743	3.64267	6.520	30.9718
1399096851.438	n	12.6774	3.64277	6.501	30.9702
1399096851.499	n	12.6792	3.64286	6.478	30.9697
1399096851.562	n	12.6793	3.64294	6.459	30.9703
1399096851.624	n	12.6784	3.64301	6.440	30.9717
1399096851.687	n	12.6778	3.64310	6.422	30.9730
1399096851.750	n	12.6788	3.64323	6.402	30.9734
1399096851.811	n	12.6818	3.64345	6.386	30.9731
1399096851.874	n	12.6860	3.64375	6.366	30.9725
1399096851.937	n	12.6909	3.64408	6.348	30.9715
1399096852.001	n	12.6954	3.64437	6.328	30.9707
1399096852.062	n	12.6978	3.64464	6.307	30.9712
1399096852.124	n	12.6984	3.64489	6.291	30.9731
1399096852.189	n	12.6987	3.64515	6.274	30.9752
1399096852.249	n	12.7005	3.64542	6.256	30.9763
1399096852.416	y	12.7042	3.64565	6.238	30.9756
1399096852.422	n	12.7091	3.64583	6.221	30.9732
1399096852.437	n	12.7138	3.64596	6.204	30.9705
1399096852.501	n	12.7171	3.64605	6.184	30.9688
1399096852.561	n	12.7186	3.64612	6.170	30.9682
1399096852.624	n	12.7194	3.64622	6.155	30.9684
1399096852.686	n	12.7201	3.64632	6.139	30.9688
1399096852.751	n	12.7204	3.64639	6.118	30.9693
1399096852.811	n	12.7201	3.64644	6.103	30.9699
1399096852.874	n	12.7197	3.64644	6.088	30.9703
1399096852.937	n	12.7198	3.64644	6.070	30.9702
1399096853.001	n	12.7215	3.64646	6.054	30.9690
1399096853.061	n	12.7255	3.64661	6.036	30.9672
1399096853.124	n	12.7321	3.64695	6.019	30.9650
1399096853.187	n	12.7408	3.64750	6.004	30.9629
1399096853.250	n	12.7492	3.64807	5.986	30.9615
1399096853.312	n	12.7544	3.64848	5.971	30.9611
1399096853.375	n	12.7555	3.64863	5.958	30.9616
1399096853.436	n	12.7531	3.64861	5.940	30.9634
1399096853.501	n	12.7502	3.64856	5.925	30.9654
1399096853.562	n	12.7497	3.64863	5.911	30.9664
1399096853.624	n	12.7524	3.64879	5.894	30.9657
1399096853.686	n	12.7569	3.64895	5.879	30.9636
1399096853.750	n	12.7616	3.64908	5.865	30.9609
1399096853.811	n	12.7656	3.64915	5.851	30.9583
1399096853.875	n	12.7678	3.64917	5.836	30.9567
1399096853.937	n	12.7682	3.64914	5.822	30.9561
1399096854.000	n	12.7686	3.64912	5.804	30.9556
1399096854.061	n	12.7699	3.64913	5.788	30.9546
1399096854.125	n	12.7734	3.64921	5.774	30.9525
1399096854.187	n	12.7803	3.64943	5.755	30.9489
1399096854.251	y	12.7892	3.64976	5.740	30.9448
1399096854.311	n	12.7978	3.65017	5.726	30.9416
1399096854.374	n	12.8048	3.65055	5.715	30.9395
1399096854.437	n	12.8086	3.65085	5.698	30.9392
1399096854.500	n	12.8096	3.65100	5.679	30.9397
1399096854.563	n	12.8096	3.65104	5.664	30.9401
1399096854.625	n	12.8095	3.65101	5.651	30.9400
1399096854.687	n	12.8097	3.65098	5.636	30.9395
1399096854.751	n	12.8101	3.65095	5.620	30.9388
1399096854.811	n	12.8103	3.65092	5.607	30.9385
1399096854.874	n	12.8100	3.65087	5.593	30.9383
1399096854.938	n	12.8096	3.65081	5.582	30.9380
1399096855.001	n	12.8094	3.65074	5.563	30.9375
1399096855.063	n	12.8096	3.65069	5.545	30.9368
1399096855.124	n	12.8101	3.65066	5.528	30.9362
1399096855.187	n	12.8108	3.65065	5.515	30.9355
1399096855.249	n	12.8114	3.65064	5.497	30.9349
1399096855.313	n	12.8119	3.65063	5.481	30.9345
1399096855.374	n	12.8121	3.65062	5.463	30.9342
1399096855.437	n	12.8125	3.65061	5.446	30.9338
1399096855.500	n	12.8129	3.65059	5.428	30.9333
1399096855.563	n	12.8134	3.65058	5.413	30.9327
1399096855.624	n	12.8139	3.65057	5.398	30.9323
1399096855.688	n	12.8141	3.65057	5.382	30.9321
1399096855.749	n	12.8142	3.65058	5.365	30.9322
1399096855.812	n	12.8142	3.65060	5.349	30.9324
1399096855.874	n	12.8142	3.65061	5.329	30.9325
1399096855.938	n	12.8142	3.65062	5.310	30.9326
1399096855.999	n	12.8143	3.65063	5.293	30.9326
1399096856.062	n	12.8146	3.65064	5.278	30.9325
1399096856.124	n	12.8148	3.65065	5.260	30.9324
1399096856.188	n	12.8150	3.65066	5.242	30.9323
1399096856.249	n	12.8151	3.65065	5.226	30.9322
1399096856.312	n	12.8150	3.65065	5.208	30.9322
1399096856.375	n	12.8149	3.65064	5.191	30.9322
1399096856.438	n	12.8146	3.65062	5.178	30.9322
1399096856.498	n	12.8142	3.65060	5.161	30.9325
1399096856.706	y	12.8137	3.65059	5.143	30.9327
1399096856.713	n	12.8131	3.65057	5.124	30.9331
1399096856.719	n	12.8127	3.65055	5.108	30.9331
1399096856.749	n	12.8127	3.65052	5.092	30.9329
1399096856.812	n	12.8130	3.65049	5.075	30.9324
1399096856.875	n	12.8138	3.65049	5.059	30.9318
1399096856.937	n	12.8151	3.65051	5.044	30.9309
1399096857.000	n	12.8168	3.65054	5.029	30.9298
1399096857.061	n	12.8189	3.65059	5.015	30.9285
1399096857.124	n	12.8209	3.65063	4.996	30.9273
1399096857.189	n	12.8226	3.65068	4.977	30.9264
1399096857.248	n	12.8238	3.65073	4.959	30.9259
1399096857.312	n	12.8245	3.65077	4.945	30.9257
1399096857.375	n	12.8250	3.65080	4.930	30.9255
1399096857.438	n	12.8254	3.65082	4.917	30.9254
1399096857.499	n	12.8257	3.65083	4.899	30.9253
1399096857.561	n	12.8260	3.65084	4.883	30.9251
1399096857.624	n	12.8264	3.65084	4.867	30.9248
1399096857.686	n	12.8267	3.65083	4.853	30.9245
1399096857.750	n	12.8271	3.65082	4.837	30.9241
1399096857.817	y	12.8273	3.65081	4.820	30.9239
1399096857.875	n	12.8274	3.65081	4.804	30.9237
1399096857.937	n	12.8276	3.65079	4.789	30.9234
1399096858.001	n	12.8280	3.65079	4.776	30.9231
1399096858.063	n	12.8287	3.65081	4.758	30.9227
1399096858.125	n	12.8297	3.65082	4.740	30.9220
1399096858.187	n	12.8307	3.65085	4.726	30.9214
1399096858.251	n	12.8318	3.65088	4.710	30.9209
1399096858.312	n	12.8329	3.65092	4.692	30.9204
1399096858.376	n	12.8340	3.65096	4.678	30.9198
1399096858.438	n	12.8352	3.65100	4.661	30.9192
1399096858.499	n	12.8365	3.65101	4.644	30.9182
1399096858.562	n	12.8380	3.65101	4.631	30.9170
1399096858.624	n	12.8397	3.65101	4.611	30.9157
1399096858.688	n	12.8414	3.65101	4.592	30.9142
1399096858.748	n	12.8431	3.65102	4.577	30.9130
1399096858.811	n	12.8444	3.65105	4.560	30.9122
1399096858.875	n	12.8452	3.65109	4.542	30.9119
1399096858.937	n	12.8457	3.65111	4.525	30.9117
1399096859.001	n	12.8463	3.65114	4.509	30.9116
1399096859.062	n	12.8470	3.65118	4.491	30.9113
1399096859.125	n	12.8479	3.65121	4.476	30.9109
1399096859.190	n	12.8485	3.65123	4.457	30.9106
1399096859.251	n	12.8488	3.65124	4.440	30.9104
1399096859.312	n	12.8486	3.65123	4.419	30.9104
1399096859.374	n	12.8482	3.65121	4.398	30.9107
1399096859.437	n	12.8478	3.65120	4.384	30.9109
1399096859.500	n	12.8474	3.65119	4.369	30.9111
1399096859.562	n	12.8472	3.65119	4.353	30.9113
1399096859.624	n	12.8468	3.65119	4.335	30.9117
1399096859.687	n	12.8464	3.65119	4.319	30.9120
1399096859.750	n	12.8461	3.65120	4.304	30.9123
1399096859.813	n	12.8461	3.65119	4.286	30.9122
1399096859.875	n	12.8463	3.65119	4.269	30.9120
1399096859.938	n	12.8467	3.65119	4.255	30.9117
1399096860.000	n	12.8472	3.65121	4.239	30.9116
1399096860.062	n	12.8477	3.65125	4.221	30.9115
1399096860.125	n	12.8484	3.65129	4.204	30.9113
1399096860.189	n	12.8494	3.65133	4.186	30.9109
1399096860.249	n	12.8505	3.65137	4.169	30.9104
1399096860.313	n	12.8516	3.65140	4.150	30.9098
1399096860.375	n	12.8526	3.65142	4.135	30.9091
1399096860.438	n	12.8536	3.65144	4.123	30.9085
1399096860.499	n	12.8545	3.65145	4.106	30.9079
1399096860.562	n	12.8553	3.65146	4.088	30.9073
1399096860.624	n	12.8559	3.65146	4.074	30.9068
1399096860.687	n	12.8563	3.65146	4.060	30.9065
1399096860.751	n	12.8564	3.65145	4.045	30.9064
1399096860.894	y	12.8563	3.65142	4.029	30.9061
1399096860.903	n	12.8563	3.65138	4.013	30.9058
1399096860.937	n	12.8563	3.65131	3.998	30.9052
1399096861.000	n	12.8563	3.65125	3.985	30.9046
1399096861.062	n	12.8563	3.65119	3.972	30.9040
1399096861.124	n	12.8565	3.65113	3.958	30.9033
1399096861.186	n	12.8567	3.65109	3.945	30.9028
1399096861.249	n	12.8568	3.65111	3.931	30.9029
1399096861.312	n	12.8568	3.65118	3.914	30.9035
1399096861.375	n	12.8568	3.65127	3.901	30.9043
1399096861.436	n	12.8568	3.65132	3.886	30.9048
1399096861.500	y	12.8570	3.65127	3.872	30.9043
1399096861.562	n	12.8571	3.65114	3.858	30.9029
1399096861.625	n	12.8573	3.65097	3.843	30.9011
1399096861.688	n	12.8578	3.65071	3.828	30.8983
1399096861.750	n	12.8585	3.65036	3.815	30.8944
1399096861.812	n	12.8596	3.64997	3.800	30.8899
1399096861.875	n	12.8608	3.64956	3.784	30.8851
1399096861.938	n	12.8618	3.64924	3.769	30.8812
1399096862.000	n	12.8624	3.64904	3.755	30.8790
1399096862.061	n	12.8626	3.64895	3.739	30.8779
1399096862.125	n	12.8628	3.64893	3.725	30.8776
1399096862.190	n	12.8628	3.64896	3.708	30.8778
1399096862.249	n	12.8628	3.64898	3.692	30.8780
1399096862.312	n	12.8626	3.64900	3.681	30.8784
1399096862.374	n	12.8624	3.64900	3.664	30.8785
1399096862.440	n	12.8623	3.64898	3.648	30.8784
1399096862.501	n	12.8623	3.64894	3.635	30.8781
1399096862.562	n	12.8622	3.64887	3.619	30.8776
1399096862.625	n	12.8621	3.64880	3.604	30.8769
1399096862.687	n	12.8619	3.64875	3.586	30.8767
1399096862.749	n	12.8618	3.64874	3.574	30.8767
1399096862.812	n	12.8617	3.64877	3.559	30.8770
1399096862.874	n	12.8617	3.64881	3.542	30.8773
1399096862.938	n	12.8618	3.64884	3.528	30.8775
1399096862.999	n	12.8620	3.64885	3.513	30.8775
1399096863.061	n	12.8621	3.64886	3.496	30.8776
1399096863.125	n	12.8622	3.64889	3.479	30.8778
1399096863.186	n	12.8621	3.64892	3.462	30.8782
1399096863.251	n	12.8619	3.64893	3.449	30.8784
1399096863.312	n	12.8616	3.64890	3.434	30.8784
1399096863.374	n	12.8613	3.64884	3.418	30.8780
1399096863.438	n	12.8610	3.64874	3.402	30.8773
1399096863.501	n	12.8608	3.64865	3.390	30.8767
1399096863.562	n	12.8607	3.64857	3.370	30.8760
1399096863.624	n	12.8606	3.64850	3.353	30.8754
1399096863.688	n	12.8606	3.64845	3.337	30.8750
1399096863.750	n	12.8605	3.64843	3.325	30.8748
1399096863.812	n	12.8605	3.64842	3.306	30.8748
1399096863.875	n	12.8605	3.64843	3.290	30.8749
1399096863.939	n	12.8605	3.64845	3.272	30.8752
1399096864.000	n	12.8604	3.64846	3.252	30.8753
1399096864.062	n	12.8604	3.64846	3.236	30.8753
1399096864.125	n	12.8603	3.64844	3.219	30.8752
1399096864.190	n	12.8603	3.64841	3.200	30.8749
1399096864.249	n	12.8603	3.64838	3.181	30.8747
1399096864.311	n	12.8602	3.64837	3.158	30.8746
1399096864.374	n	12.8602	3.64837	3.142	30.8746
1399096864.437	n	12.8602	3.64837	3.122	30.8746
1399096864.500	n	12.8602	3.64837	3.106	30.8746
1399096864.563	n	12.8603	3.64837	3.088	30.8746
1399096864.624	n	12.8604	3.64837	3.070	30.8745
1399096864.688	n	12.8603	3.64836	3.053	30.8745
1399096864.750	n	12.8601	3.64834	3.031	30.8744
1399096864.813	n	12.8599	3.64831	3.013	30.8744
1399096864.874	n	12.8597	3.64828	2.995	30.8743
1399096864.938	n	12.8595	3.64825	2.979	30.8741
1399096864.999	n	12.8595	3.64823	2.960	30.8740
1399096865.150	y	12.8594	3.64823	2.944	30.8741
1399096865.155	n	12.8594	3.64825	2.923	30.8742
1399096865.256	y	12.8595	3.64828	2.908	30.8744
1399096865.262	n	12.8596	3.64830	2.889	30.8745
1399096865.312	n	12.8596	3.64831	2.872	30.8746
1399096865.375	n	12.8597	3.64829	2.854	30.8744
1399096865.436	y	12.8596	3.64827	2.836	30.8743
1399096865.535	n	12.8596	3.64826	2.825	30.8742
1399096865.562	n	12.8595	3.64825	2.812	30.8742
1399096865.625	n	12.8594	3.64824	2.796	30.8742
1399096865.687	n	12.8592	3.64823	2.778	30.8742
1399096865.749	n	12.8591	3.64821	2.763	30.8742
1399096865.812	n	12.8590	3.64819	2.751	30.8740
1399096865.874	n	12.8591	3.64818	2.732	30.8739
1399096865.938	n	12.8592	3.64820	2.716	30.8740
1399096866.000	n	12.8593	3.64822	2.705	30.8741
1399096866.062	n	12.8594	3.64830	2.690	30.8748
1399096866.124	n	12.8597	3.64844	2.672	30.8758
1399096866.187	n	12.8602	3.64857	2.664	30.8767
1399096866.249	n	12.8607	3.64865	2.652	30.8771
1399096866.312	n	12.8611	3.64867	2.638	30.8769
1399096866.375	n	12.8613	3.64862	2.623	30.8763
1399096866.438	n	12.8612	3.64855	2.608	30.8757
1399096866.501	n	12.8609	3.64850	2.594	30.8754
1399096866.563	n	12.8608	3.64846	2.580	30.8752
1399096866.625	n	12.8607	3.64843	2.562	30.8750
1399096866.687	n	12.8606	3.64841	2.549	30.8748
1399096866.749	n	12.8606	3.64839	2.535	30.8747
1399096866.812	n	12.8606	3.64837	2.522	30.8745
1399096866.874	n	12.8605	3.64835	2.508	30.8744
1399096866.938	n	12.8604	3.64834	2.492	30.8745
1399096866.999	n	12.8603	3.64834	2.475	30.8745
1399096867.063	n	12.8601	3.64833	2.461	30.8745
1399096867.124	n	12.8600	3.64832	2.446	30.8746
1399096867.190	n	12.8599	3.64831	2.431	30.8746
1399096867.249	n	12.8599	3.64830	2.416	30.8745
1399096867.312	n	12.8599	3.64828	2.401	30.8743
1399096867.374	n	12.8599	3.64827	2.382	30.8742
1399096867.438	n	12.8599	3.64826	2.366	30.8741
1399096867.501	n	12.8599	3.64827	2.349	30.8742
1399096867.561	n	12.8600	3.64829	2.331	30.8744
1399096867.624	n	12.8599	3.64830	2.317	30.8745
1399096867.688	n	12.8599	3.64831	2.294	30.8746
1399096867.751	n	12.8599	3.64831	2.281	30.8746
1399096867.811	n	12.8600	3.64831	2.266	30.8746
1399096867.874	n	12.8601	3.64833	2.249	30.8747
1399096867.938	n	12.8603	3.64836	2.231	30.8748
1399096868.001	n	12.8605	3.64839	2.214	30.8749
1399096868.062	n	12.8606	3.64840	2.194	30.8749
1399096868.124	n	12.8607	3.64840	2.178	30.8748
1399096868.189	n	12.8606	3.64838	2.159	30.8748
1399096868.251	n	12.8605	3.64838	2.147	30.8748
1399096868.311	n	12.8604	3.64837	2.130	30.8749
1399096868.374	n	12.8602	3.64837	2.114	30.8750
1399096868.437	n	12.8601	3.64836	2.098	30.8750
1399096868.500	n	12.8601	3.64834	2.082	30.8748
1399096868.563	n	12.8600	3.64831	2.068	30.8746
1399096868.625	n	12.8599	3.64829	2.052	30.8745
1399096868.688	n	12.8599	3.64827	2.036	30.8744
1399096868.802	y	12.8598	3.64825	2.022	30.8743
1399096868.812	n	12.8598	3.64825	2.005	30.8743
1399096868.874	n	12.8598	3.64827	1.988	30.8745
1399096868.937	n	12.8600	3.64830	1.969	30.8746
1399096869.000	n	12.8604	3.64836	1.954	30.8748
1399096869.063	n	12.8609	3.64843	1.938	30.8750
1399096869.125	n	12.8616	3.64850	1.922	30.8752
1399096869.187	n	12.8621	3.64856	1.903	30.8753
1399096869.249	n	12.8624	3.64863	1.884	30.8757
1399096869.499	y	12.8626	3.64867	1.872	30.8759
1399096869.507	n	12.8626	3.64867	1.856	30.8760
1399096869.513	n	12.8624	3.64866	1.838	30.8760
1399096869.520	n	12.8623	3.64863	1.824	30.8759
1399096869.563	n	12.8622	3.64861	1.803	30.8758
1399096869.625	n	12.8621	3.64861	1.785	30.8759
1399096869.688	n	12.8621	3.64862	1.767	30.8760
1399096869.750	n	12.8622	3.64864	1.748	30.8761
1399096869.812	n	12.8622	3.64865	1.729	30.8761
1399096869.875	n	12.8623	3.64866	1.712	30.8762
1399096869.937	n	12.8623	3.64867	1.692	30.8763
1399096870.001	n	12.8622	3.64867	1.672	30.8764
1399096870.061	n	12.8621	3.64868	1.650	30.8765
1399096870.124	n	12.8620	3.64868	1.633	30.8766
1399096870.190	n	12.8619	3.64868	1.615	30.8767
1399096870.251	n	12.8619	3.64867	1.593	30.8766
1399096870.311	n	12.8619	3.64867	1.576	30.8766
1399096870.374	n	12.8620	3.64868	1.560	30.8767
1399096870.437	n	12.8621	3.64869	1.540	30.8767
1399096870.499	n	12.8623	3.64872	1.525	30.8768
1399096870.562	n	12.8625	3.64876	1.507	30.8771
1399096870.625	n	12.8626	3.64879	1.491	30.8773
1399096870.688	n	12.8625	3.64880	1.469	30.8774
1399096870.749	n	12.8625	3.64880	1.453	30.8774
1399096870.812	n	12.8624	3.64877	1.441	30.8773
1399096870.874	n	12.8623	3.64873	1.417	30.8769
1399096870.939	n	12.8624	3.64870	1.398	30.8766
1399096871.000	n	12.8625	3.64869	1.379	30.8764
1399096871.063	n	12.8627	3.64871	1.363	30.8764
1399096871.124	n	12.8629	3.64873	1.345	30.8765
1399096871.190	n	12.8629	3.64875	1.325	30.8767
1399096871.251	n	12.8628	3.64875	1.308	30.8768
1399096871.311	n	12.8627	3.64877	1.284	30.8770
1399096871.374	n	12.8626	3.64878	1.264	30.8772
1399096871.437	n	12.8625	3.64879	1.246	30.8773
1399096871.501	n	12.8624	3.64876	1.225	30.8772
1399096871.563	n	12.8622	3.64869	1.202	30.8767
1399096871.625	n	12.8621	3.64862	1.181	30.8762
1399096871.687	n	12.8622	3.64861	1.157	30.8760
1399096871.752	n	12.8623	3.64861	1.133	30.8760
1399096871.813	n	12.8623	3.64861	1.112	30.8760
1399096871.875	n	12.8621	3.64859	1.094	30.8759
1399096871.937	n	12.8617	3.64853	1.073	30.8757
1399096872.000	n	12.8613	3.64847	1.056	30.8755
1399096872.062	n	12.8611	3.64846	1.038	30.8756
1399096872.124	n	12.8610	3.64849	1.020	30.8759
1399096872.189	n	12.8609	3.64850	1.005	30.8761
1399096872.250	n	12.8609	3.64852	0.993	30.8763
1399096872.313	n	12.8609	3.64854	0.983	30.8764
1399096872.376	n	12.8610	3.64856	0.969	30.8766
1399096872.437	y	12.8612	3.64859	0.956	30.8767
1399096872.499	n	12.8613	3.64861	0.944	30.8768
1399096872.562	n	12.8613	3.64861	0.932	30.8769
1399096872.624	n	12.8611	3.64860	0.918	30.8769
1399096872.687	n	12.8609	3.64858	0.906	30.8769
1399096872.750	n	12.8608	3.64856	0.896	30.8768
1399096872.812	n	12.8607	3.64854	0.883	30.8767
1399096872.875	n	12.8608	3.64853	0.875	30.8765
1399096872.939	n	12.8609	3.64852	0.864	30.8764
1399096873.000	n	12.8609	3.64850	0.850	30.8762
1399096873.063	n	12.8610	3.64848	0.841	30.8760
1399096873.125	n	12.8611	3.64848	0.827	30.8758
1399096873.188	n	12.8613	3.64849	0.816	30.8758
1399096873.249	n	12.8614	3.64853	0.805	30.8760
1399096873.312	n	12.8615	3.64857	0.798	30.8763
1399096873.374	n	12.8616	3.64860	0.786	30.8766
1399096873.437	n	12.8616	3.64862	0.776	30.8767
1399096873.499	n	12.8616	3.64862	0.767	30.8767
1399096873.671	y	12.8616	3.64862	0.759	30.8767
1399096873.679	n	12.8616	3.64860	0.747	30.8766
1399096873.689	n	12.8615	3.64858	0.737	30.8765
1399096873.749	n	12.8615	3.64857	0.725	30.8765
1399096873.813	n	12.8614	3.64856	0.716	30.8763
1399096873.874	n	12.8614	3.64854	0.706	30.8761
1399096873.939	n	12.8614	3.64851	0.694	30.8759
1399096874.000	n	12.8614	3.64847	0.681	30.8756
1399096874.062	n	12.8613	3.64846	0.675	30.8755
1399096874.125	n	12.8614	3.64847	0.665	30.8755
1399096874.193	n	12.8614	3.64847	0.652	30.8755
1399096874.249	n	12.8615	3.64849	0.645	30.8756
1399096874.311	n	12.8615	3.64850	0.636	30.8757
1399096874.374	n	12.8616	3.64850	0.627	30.8757
1399096874.437	n	12.8616	3.64850	0.617	30.8756
1399096874.501	n	12.8618	3.64851	0.607	30.8757
1399096874.563	n	12.8620	3.64853	0.599	30.8757
1399096874.625	n	12.8622	3.64855	0.589	30.8756
1399096874.688	n	12.8623	3.64855	0.578	30.8756
1399096874.751	n	12.8625	3.64856	0.569	30.8756
1399096874.812	n	12.8624	3.64858	0.561	30.8758
1399096874.875	n	12.8618	3.64857	0.546	30.8762
