Source File: D:\Storage\Programs\OOI\Group 5\Correspondence\07_18_14 sample files\files\11247499.PPB
Processed: 07/18/2014 12:27:59
Using Version: 1.11
Device: CTD
Start Date: 05/04/2014
Timestamp (s)	Suspect Timestamp	Temperature	Conductivity	Pressure	Salinity
1399226382.683	y	12.4387	3.67291	20.861	31.4483
1399226382.746	n	12.4389	3.67291	20.855	31.4481
1399226382.807	n	12.4389	3.67288	20.848	31.4479
1399226382.871	n	12.4389	3.67291	20.861	31.4482
1399226382.934	n	12.4389	3.67291	20.855	31.4481
1399226382.994	n	12.4387	3.67293	20.838	31.4485
1399226383.057	n	12.4387	3.67288	20.831	31.4481
1399226383.123	n	12.4388	3.67289	20.848	31.4481
1399226383.185	n	12.4387	3.67290	20.844	31.4481
1399226383.247	n	12.4387	3.67290	20.843	31.4482
1399226383.308	n	12.4387	3.67290	20.838	31.4482
1399226383.372	n	12.4387	3.67290	20.831	31.4482
1399226383.434	n	12.4387	3.67290	20.834	31.4482
1399226383.496	n	12.4387	3.67290	20.831	31.4482
1399226383.560	n	12.4387	3.67290	20.829	31.4482
1399226383.621	n	12.4388	3.67291	20.828	31.4483
1399226383.684	n	12.4388	3.67292	20.829	31.4483
1399226383.746	n	12.4387	3.67293	20.830	31.4484
1399226383.810	n	12.4387	3.67293	20.828	31.4486
1399226383.871	n	12.4386	3.67293	20.826	31.4486
1399226383.935	n	12.4386	3.67293	20.828	31.4486
1399226383.998	n	12.4386	3.67292	20.828	31.4485
1399226384.059	n	12.4386	3.67292	20.833	31.4484
1399226384.122	n	12.4386	3.67291	20.838	31.4483
1399226384.183	n	12.4387	3.67290	20.837	31.4482
1399226385.130	n	12.4387	3.67290	20.840	31.4482
1399226385.146	n	12.4387	3.67290	20.842	31.4482
1399226385.162	n	12.4387	3.67290	20.847	31.4482
1399226385.170	n	12.4387	3.67290	20.849	31.4482
1399226385.177	n	12.4387	3.67290	20.853	31.4482
1399226385.184	n	12.4386	3.67291	20.860	31.4483
1399226385.190	n	12.4386	3.67291	20.865	31.4484
1399226385.195	n	12.4386	3.67292	20.869	31.4485
1399226385.201	n	12.4386	3.67293	20.873	31.4486
1399226385.207	n	12.4385	3.67294	20.879	31.4487
1399226385.212	n	12.4385	3.67294	20.884	31.4488
1399226385.217	n	12.4385	3.67294	20.890	31.4487
1399226385.225	n	12.4385	3.67293	20.897	31.4487
1399226385.229	n	12.4385	3.67293	20.904	31.4486
1399226385.234	n	12.4385	3.67292	20.909	31.4485
1399226385.239	n	12.4385	3.67292	20.915	31.4486
1399226385.247	n	12.4384	3.67293	20.923	31.4487
1399226385.310	n	12.4384	3.67293	20.928	31.4487
1399226385.371	n	12.4384	3.67293	20.935	31.4487
1399226385.435	n	12.4384	3.67293	20.942	31.4488
1399226385.498	n	12.4383	3.67293	20.949	31.4488
1399226385.560	n	12.4383	3.67293	20.955	31.4488
1399226385.623	n	12.4383	3.67292	20.961	31.4487
1399226385.683	n	12.4384	3.67292	20.969	31.4486
1399226385.746	n	12.4384	3.67290	20.973	31.4485
1399226385.813	n	12.4384	3.67291	20.978	31.4485
1399226385.872	n	12.4383	3.67292	20.986	31.4487
1399226385.934	n	12.4383	3.67292	20.995	31.4488
1399226385.998	n	12.4382	3.67293	21.002	31.4488
1399226386.060	n	12.4382	3.67293	21.005	31.4488
1399226386.124	n	12.4382	3.67292	21.011	31.4488
1399226386.184	n	12.4382	3.67293	21.018	31.4488
1399226386.247	n	12.4382	3.67293	21.023	31.4489
1399226386.309	n	12.4382	3.67294	21.029	31.4489
1399226386.371	n	12.4382	3.67293	21.033	31.4489
1399226386.434	n	12.4381	3.67294	21.038	31.4490
1399226386.496	n	12.4381	3.67294	21.043	31.4491
1399226386.560	n	12.4380	3.67295	21.051	31.4492
1399226386.621	n	12.4380	3.67295	21.054	31.4492
1399226386.684	n	12.4380	3.67295	21.059	31.4492
1399226386.748	n	12.4380	3.67295	21.061	31.4491
1399226386.809	n	12.4380	3.67294	21.063	31.4491
1399226386.873	n	12.4380	3.67295	21.066	31.4492
1399226386.933	n	12.4380	3.67296	21.071	31.4493
1399226386.998	n	12.4380	3.67297	21.073	31.4494
1399226387.059	n	12.4380	3.67297	21.076	31.4494
1399226387.123	n	12.4381	3.67296	21.076	31.4493
1399226387.185	n	12.4381	3.67295	21.076	31.4491
1399226387.246	n	12.4380	3.67294	21.080	31.4491
1399226387.310	n	12.4379	3.67294	21.077	31.4492
1399226387.371	n	12.4378	3.67295	21.078	31.4494
1399226387.435	n	12.4377	3.67295	21.083	31.4495
1399226387.496	n	12.4376	3.67296	21.082	31.4496
1399226387.561	n	12.4375	3.67296	21.082	31.4497
1399226387.623	n	12.4375	3.67297	21.080	31.4498
1399226387.686	n	12.4374	3.67296	21.078	31.4498
1399226387.749	n	12.4373	3.67296	21.077	31.4498
1399226387.811	n	12.4372	3.67295	21.074	31.4498
1399226387.872	n	12.4371	3.67295	21.073	31.4499
1399226387.934	n	12.4370	3.67296	21.069	31.4501
1399226387.996	n	12.4369	3.67296	21.068	31.4502
1399226388.060	n	12.4368	3.67295	21.065	31.4503
1399226388.122	n	12.4367	3.67295	21.061	31.4503
1399226388.184	n	12.4366	3.67294	21.058	31.4503
1399226388.248	n	12.4366	3.67294	21.055	31.4503
1399226388.309	n	12.4365	3.67294	21.048	31.4503
1399226388.391	y	12.4365	3.67294	21.041	31.4503
1399226388.434	n	12.4366	3.67294	21.039	31.4503
1399226388.496	n	12.4366	3.67295	21.032	31.4503
1399226388.561	n	12.4366	3.67296	21.024	31.4504
1399226388.622	n	12.4366	3.67296	21.018	31.4505
1399226388.798	y	12.4366	3.67297	21.013	31.4506
1399226388.806	n	12.4366	3.67297	21.006	31.4506
1399226388.814	n	12.4366	3.67297	21.002	31.4506
1399226388.872	n	12.4366	3.67297	20.994	31.4506
1399226388.934	n	12.4366	3.67298	20.985	31.4507
1399226388.998	n	12.4366	3.67298	20.976	31.4507
1399226389.061	n	12.4367	3.67298	20.973	31.4506
1399226389.122	n	12.4367	3.67297	20.966	31.4506
1399226389.184	n	12.4366	3.67297	20.959	31.4506
1399226389.248	n	12.4366	3.67297	20.947	31.4506
1399226389.310	n	12.4366	3.67296	20.938	31.4506
1399226389.371	n	12.4366	3.67297	20.927	31.4506
1399226389.434	n	12.4366	3.67296	20.921	31.4505
1399226389.498	n	12.4366	3.67296	20.908	31.4505
1399226389.559	n	12.4365	3.67295	20.895	31.4505
1399226389.621	n	12.4365	3.67294	20.889	31.4504
1399226389.686	n	12.4365	3.67294	20.879	31.4504
1399226389.750	n	12.4365	3.67294	20.865	31.4504
1399226389.813	n	12.4365	3.67294	20.854	31.4504
1399226389.873	n	12.4365	3.67295	20.845	31.4505
1399226389.935	n	12.4365	3.67295	20.840	31.4506
1399226389.997	n	12.4365	3.67296	20.828	31.4507
1399226390.059	n	12.4364	3.67297	20.818	31.4508
1399226390.124	n	12.4364	3.67297	20.807	31.4509
1399226390.185	n	12.4364	3.67298	20.795	31.4510
1399226390.249	n	12.4363	3.67298	20.787	31.4509
1399226390.309	n	12.4363	3.67297	20.779	31.4509
1399226390.373	n	12.4364	3.67295	20.767	31.4507
1399226390.435	n	12.4363	3.67295	20.758	31.4507
1399226390.496	n	12.4363	3.67295	20.747	31.4507
1399226390.560	n	12.4362	3.67295	20.737	31.4509
1399226390.621	n	12.4362	3.67296	20.731	31.4509
1399226390.686	n	12.4362	3.67296	20.723	31.4510
1399226390.749	n	12.4362	3.67296	20.714	31.4510
1399226390.812	n	12.4361	3.67297	20.706	31.4511
1399226390.873	n	12.4361	3.67297	20.702	31.4511
1399226390.934	n	12.4360	3.67297	20.698	31.4512
1399226390.996	n	12.4360	3.67298	20.688	31.4513
1399226391.062	n	12.4360	3.67298	20.684	31.4513
1399226391.121	n	12.4360	3.67298	20.680	31.4513
1399226391.184	n	12.4360	3.67298	20.672	31.4513
1399226391.248	n	12.4361	3.67298	20.670	31.4513
1399226391.309	n	12.4361	3.67298	20.665	31.4513
1399226391.373	n	12.4361	3.67297	20.662	31.4512
1399226391.434	n	12.4361	3.67297	20.658	31.4511
1399226391.496	n	12.4360	3.67296	20.654	31.4511
1399226391.559	n	12.4360	3.67296	20.652	31.4511
1399226391.621	n	12.4360	3.67297	20.651	31.4512
1399226391.684	n	12.4361	3.67297	20.647	31.4512
1399226391.748	n	12.4361	3.67297	20.650	31.4512
1399226391.808	n	12.4360	3.67297	20.649	31.4512
1399226391.872	n	12.4360	3.67297	20.645	31.4512
1399226391.934	n	12.4360	3.67297	20.647	31.4513
1399226391.996	n	12.4360	3.67298	20.646	31.4513
1399226392.072	y	12.4360	3.67298	20.647	31.4513
1399226392.122	n	12.4360	3.67297	20.646	31.4512
1399226392.184	n	12.4360	3.67296	20.650	31.4511
1399226392.247	n	12.4360	3.67295	20.652	31.4510
1399226392.340	n	12.4361	3.67296	20.652	31.4510
1399226392.372	y	12.4360	3.67296	20.653	31.4511
1399226392.434	n	12.4361	3.67297	20.659	31.4511
1399226392.496	n	12.4361	3.67297	20.662	31.4511
1399226392.559	n	12.4361	3.67297	20.669	31.4511
1399226392.621	n	12.4361	3.67297	20.674	31.4511
1399226392.684	n	12.4360	3.67297	20.677	31.4512
1399226392.749	n	12.4360	3.67297	20.678	31.4512
1399226392.810	n	12.4361	3.67298	20.682	31.4512
1399226392.871	y	12.4362	3.67298	20.685	31.4512
1399226393.037	n	12.4362	3.67299	20.688	31.4512
1399226393.057	n	12.4362	3.67299	20.694	31.4512
1399226393.063	n	12.4362	3.67298	20.701	31.4512
1399226393.123	n	12.4361	3.67298	20.706	31.4512
1399226393.183	n	12.4361	3.67298	20.708	31.4513
1399226393.246	n	12.4361	3.67298	20.716	31.4513
1399226393.310	n	12.4360	3.67298	20.720	31.4513
1399226393.371	n	12.4360	3.67298	20.726	31.4513
1399226393.434	n	12.4360	3.67297	20.730	31.4512
1399226393.497	n	12.4360	3.67297	20.734	31.4512
1399226393.817	n	12.4360	3.67297	20.738	31.4512
1399226393.825	n	12.4360	3.67298	20.739	31.4513
1399226393.833	n	12.4360	3.67298	20.744	31.4513
1399226393.839	n	12.4360	3.67298	20.750	31.4513
1399226393.845	n	12.4360	3.67297	20.751	31.4512
1399226393.871	n	12.4360	3.67297	20.755	31.4511
1399226393.933	n	12.4361	3.67297	20.758	31.4511
1399226393.997	n	12.4361	3.67298	20.762	31.4512
1399226394.061	n	12.4361	3.67299	20.768	31.4513
1399226394.123	n	12.4361	3.67300	20.769	31.4514
1399226394.183	n	12.4361	3.67301	20.776	31.4515
1399226394.247	n	12.4361	3.67301	20.775	31.4515
1399226394.308	n	12.4361	3.67300	20.774	31.4514
1399226394.372	n	12.4361	3.67299	20.781	31.4513
1399226394.434	n	12.4361	3.67299	20.785	31.4513
1399226394.496	n	12.4361	3.67300	20.788	31.4514
1399226394.560	n	12.4361	3.67300	20.787	31.4514
1399226394.622	n	12.4361	3.67300	20.786	31.4514
1399226394.683	n	12.4361	3.67299	20.785	31.4513
1399226394.749	n	12.4360	3.67299	20.784	31.4513
1399226394.811	n	12.4360	3.67299	20.780	31.4514
1399226394.872	n	12.4360	3.67299	20.779	31.4514
1399226394.934	n	12.4360	3.67299	20.780	31.4513
1399226394.996	n	12.4360	3.67298	20.774	31.4513
1399226395.059	n	12.4360	3.67298	20.772	31.4513
1399226395.121	n	12.4360	3.67299	20.770	31.4513
1399226395.184	n	12.4360	3.67300	20.764	31.4514
1399226395.247	n	12.4360	3.67301	20.763	31.4515
1399226395.309	n	12.4360	3.67301	20.755	31.4515
1399226395.372	n	12.4360	3.67301	20.753	31.4516
1399226395.434	n	12.4360	3.67301	20.746	31.4515
1399226395.497	n	12.4360	3.67301	20.739	31.4515
1399226395.560	n	12.4361	3.67301	20.731	31.4515
1399226395.624	y	12.4361	3.67301	20.719	31.4515
1399226395.683	n	12.4361	3.67302	20.710	31.4516
1399226395.746	n	12.4361	3.67302	20.702	31.4516
1399226395.809	n	12.4362	3.67303	20.690	31.4516
1399226395.871	n	12.4362	3.67303	20.678	31.4517
1399226395.935	n	12.4362	3.67303	20.669	31.4517
1399226395.997	n	12.4361	3.67303	20.655	31.4517
1399226396.059	n	12.4361	3.67303	20.644	31.4517
1399226396.123	n	12.4362	3.67303	20.630	31.4517
1399226396.185	n	12.4363	3.67303	20.618	31.4516
1399226396.249	n	12.4363	3.67303	20.601	31.4515
1399226396.308	n	12.4364	3.67302	20.591	31.4514
1399226396.372	n	12.4364	3.67302	20.579	31.4514
1399226396.434	n	12.4364	3.67301	20.559	31.4513
1399226396.496	n	12.4364	3.67301	20.544	31.4513
1399226396.558	n	12.4364	3.67300	20.527	31.4513
1399226396.621	n	12.4364	3.67300	20.511	31.4512
1399226396.684	n	12.4365	3.67300	20.492	31.4512
1399226396.748	n	12.4365	3.67300	20.473	31.4511
1399226396.808	n	12.4366	3.67300	20.454	31.4511
1399226396.871	n	12.4366	3.67300	20.434	31.4511
1399226396.933	n	12.4367	3.67301	20.415	31.4511
1399226396.997	n	12.4367	3.67301	20.392	31.4511
1399226397.059	n	12.4368	3.67301	20.370	31.4511
1399226397.123	y	12.4368	3.67300	20.345	31.4510
1399226397.273	n	12.4368	3.67299	20.326	31.4509
1399226397.284	n	12.4368	3.67299	20.299	31.4509
1399226397.309	n	12.4368	3.67299	20.272	31.4509
1399226397.371	n	12.4369	3.67299	20.248	31.4509
1399226397.435	n	12.4369	3.67300	20.220	31.4509
1399226397.497	n	12.4369	3.67301	20.195	31.4510
1399226397.559	n	12.4370	3.67301	20.169	31.4510
1399226397.621	n	12.4370	3.67300	20.144	31.4509
1399226397.684	n	12.4371	3.67300	20.117	31.4508
1399226397.748	n	12.4372	3.67300	20.090	31.4507
1399226397.809	n	12.4373	3.67300	20.060	31.4507
1399226397.873	n	12.4373	3.67301	20.030	31.4508
1399226397.934	n	12.4374	3.67302	20.005	31.4508
1399226397.996	n	12.4374	3.67302	19.977	31.4508
1399226398.060	n	12.4375	3.67302	19.943	31.4507
1399226398.121	n	12.4375	3.67302	19.914	31.4507
1399226398.183	n	12.4376	3.67302	19.884	31.4507
1399226398.246	n	12.4376	3.67302	19.858	31.4507
1399226398.311	n	12.4377	3.67302	19.827	31.4505
1399226398.372	n	12.4378	3.67301	19.798	31.4504
1399226398.434	n	12.4379	3.67299	19.767	31.4502
1399226398.497	n	12.4380	3.67299	19.738	31.4501
1399226398.559	n	12.4380	3.67299	19.706	31.4501
1399226398.623	n	12.4380	3.67300	19.674	31.4502
1399226398.684	n	12.4380	3.67301	19.642	31.4503
1399226398.748	n	12.4381	3.67301	19.613	31.4503
1399226398.809	n	12.4382	3.67301	19.585	31.4502
1399226398.871	n	12.4383	3.67300	19.552	31.4500
1399226398.934	n	12.4384	3.67299	19.522	31.4499
1399226398.997	n	12.4385	3.67299	19.489	31.4497
1399226399.058	n	12.4386	3.67299	19.455	31.4497
1399226399.121	n	12.4387	3.67300	19.427	31.4497
1399226399.183	n	12.4388	3.67301	19.393	31.4497
1399226399.246	n	12.4390	3.67301	19.362	31.4496
1399226399.357	y	12.4391	3.67300	19.332	31.4495
1399226399.371	n	12.4391	3.67300	19.300	31.4494
1399226399.435	n	12.4392	3.67300	19.271	31.4494
1399226399.497	n	12.4392	3.67300	19.241	31.4493
1399226399.560	n	12.4393	3.67300	19.209	31.4492
1399226399.621	n	12.4394	3.67300	19.180	31.4492
1399226399.684	n	12.4395	3.67300	19.151	31.4491
1399226399.749	n	12.4396	3.67300	19.123	31.4491
1399226399.810	n	12.4396	3.67299	19.091	31.4490
1399226399.871	n	12.4397	3.67298	19.063	31.4489
1399226399.934	n	12.4398	3.67298	19.035	31.4488
1399226399.997	n	12.4399	3.67298	19.007	31.4487
1399226400.060	n	12.4400	3.67298	18.976	31.4487
1399226400.123	n	12.4400	3.67298	18.951	31.4486
1399226400.183	n	12.4401	3.67298	18.923	31.4486
1399226400.247	n	12.4401	3.67298	18.897	31.4485
1399226400.309	n	12.4402	3.67298	18.868	31.4485
1399226400.371	n	12.4402	3.67298	18.843	31.4485
1399226400.435	n	12.4403	3.67299	18.816	31.4485
1399226400.496	n	12.4404	3.67299	18.791	31.4485
1399226400.560	n	12.4405	3.67299	18.768	31.4484
1399226400.621	n	12.4405	3.67298	18.745	31.4484
1399226400.685	n	12.4406	3.67297	18.719	31.4482
1399226400.749	n	12.4407	3.67297	18.696	31.4481
1399226400.811	n	12.4407	3.67297	18.674	31.4481
1399226400.872	n	12.4408	3.67298	18.648	31.4481
1399226400.935	n	12.4409	3.67299	18.627	31.4482
1399226400.997	n	12.4409	3.67300	18.606	31.4482
1399226401.060	n	12.4410	3.67300	18.587	31.4482
1399226401.121	n	12.4410	3.67300	18.569	31.4481
1399226401.184	n	12.4411	3.67300	18.547	31.4481
1399226401.246	n	12.4411	3.67299	18.528	31.4480
1399226401.309	n	12.4412	3.67299	18.511	31.4480
1399226401.371	y	12.4412	3.67298	18.488	31.4478
1399226401.523	n	12.4413	3.67296	18.474	31.4476
1399226401.529	n	12.4413	3.67296	18.456	31.4475
1399226401.559	n	12.4414	3.67296	18.439	31.4475
1399226401.623	n	12.4415	3.67298	18.419	31.4476
1399226401.684	n	12.4415	3.67299	18.407	31.4477
1399226401.748	n	12.4415	3.67300	18.391	31.4478
1399226401.812	n	12.4416	3.67300	18.374	31.4478
1399226401.872	n	12.4416	3.67300	18.360	31.4477
1399226401.934	n	12.4417	3.67299	18.348	31.4476
1399226401.997	n	12.4417	3.67298	18.335	31.4474
1399226402.060	n	12.4418	3.67298	18.319	31.4473
1399226402.122	n	12.4419	3.67298	18.307	31.4473
1399226402.183	n	12.4420	3.67298	18.289	31.4473
1399226402.247	n	12.4420	3.67298	18.277	31.4473
1399226402.309	n	12.4420	3.67299	18.266	31.4473
1399226402.373	n	12.4421	3.67298	18.251	31.4472
1399226402.433	n	12.4421	3.67298	18.239	31.4471
1399226402.496	n	12.4422	3.67298	18.228	31.4471
1399226402.559	n	12.4422	3.67299	18.219	31.4471
1399226402.624	n	12.4422	3.67299	18.206	31.4472
1399226402.685	n	12.4422	3.67300	18.195	31.4473
1399226402.747	n	12.4423	3.67300	18.187	31.4472
1399226402.811	n	12.4424	3.67300	18.177	31.4471
1399226402.873	n	12.4425	3.67299	18.167	31.4470
1399226402.933	n	12.4425	3.67299	18.156	31.4470
1399226402.997	y	12.4426	3.67299	18.145	31.4469
1399226403.059	n	12.4426	3.67300	18.138	31.4469
1399226403.122	n	12.4426	3.67299	18.129	31.4469
1399226403.184	n	12.4427	3.67300	18.120	31.4469
1399226403.247	n	12.4427	3.67299	18.107	31.4468
1399226403.308	n	12.4428	3.67298	18.096	31.4467
1399226403.373	n	12.4428	3.67298	18.087	31.4466
1399226403.434	n	12.4429	3.67297	18.078	31.4465
1399226403.497	n	12.4430	3.67296	18.068	31.4464
1399226403.559	n	12.4430	3.67297	18.057	31.4464
1399226403.623	n	12.4431	3.67298	18.045	31.4464
1399226403.684	n	12.4431	3.67298	18.036	31.4464
1399226403.749	n	12.4432	3.67298	18.028	31.4464
1399226403.808	n	12.4433	3.67298	18.016	31.4462
1399226403.872	n	12.4433	3.67297	18.006	31.4461
1399226403.934	n	12.4434	3.67298	17.998	31.4461
1399226403.996	n	12.4434	3.67298	17.989	31.4461
1399226404.059	n	12.4435	3.67298	17.976	31.4461
1399226404.121	n	12.4436	3.67298	17.968	31.4461
1399226404.184	n	12.4436	3.67298	17.954	31.4460
1399226404.246	n	12.4437	3.67298	17.943	31.4460
1399226404.308	n	12.4437	3.67298	17.935	31.4459
1399226404.373	n	12.4439	3.67296	17.922	31.4457
1399226404.433	n	12.4440	3.67296	17.907	31.4455
1399226404.496	n	12.4441	3.67296	17.903	31.4455
1399226404.558	n	12.4441	3.67296	17.889	31.4455
1399226404.621	n	12.4441	3.67298	17.877	31.4456
1399226404.684	n	12.4441	3.67298	17.868	31.4457
1399226404.746	n	12.4441	3.67298	17.857	31.4456
1399226404.810	n	12.4442	3.67298	17.845	31.4455
1399226404.872	n	12.4444	3.67298	17.834	31.4454
1399226404.934	n	12.4445	3.67298	17.824	31.4454
1399226405.068	y	12.4445	3.67298	17.810	31.4453
1399226405.074	n	12.4446	3.67298	17.795	31.4453
1399226405.122	n	12.4447	3.67298	17.782	31.4452
1399226405.184	n	12.4447	3.67298	17.773	31.4451
1399226405.247	n	12.4448	3.67296	17.762	31.4449
1399226405.309	n	12.4449	3.67296	17.748	31.4448
1399226405.371	n	12.4450	3.67296	17.736	31.4447
1399226405.435	n	12.4451	3.67297	17.721	31.4448
1399226405.496	n	12.4452	3.67298	17.704	31.4448
1399226405.559	n	12.4453	3.67298	17.689	31.4448
1399226405.621	y	12.4454	3.67298	17.676	31.4446
1399226405.768	n	12.4456	3.67298	17.663	31.4445
1399226405.774	n	12.4457	3.67298	17.651	31.4445
1399226405.812	n	12.4458	3.67298	17.636	31.4443
1399226405.871	n	12.4459	3.67296	17.619	31.4441
1399226405.935	n	12.4460	3.67296	17.603	31.4440
1399226405.997	n	12.4461	3.67296	17.588	31.4438
1399226406.061	n	12.4463	3.67295	17.571	31.4437
1399226406.123	n	12.4464	3.67294	17.554	31.4435
1399226406.183	n	12.4465	3.67294	17.541	31.4433
1399226406.247	n	12.4467	3.67294	17.526	31.4433
1399226406.310	n	12.4468	3.67295	17.511	31.4433
1399226406.372	n	12.4469	3.67295	17.494	31.4432
1399226406.434	n	12.4471	3.67295	17.476	31.4431
1399226406.497	n	12.4472	3.67294	17.459	31.4429
1399226406.560	n	12.4473	3.67294	17.444	31.4428
1399226406.621	n	12.4474	3.67294	17.426	31.4427
1399226406.684	y	12.4475	3.67295	17.409	31.4427
1399226406.748	n	12.4477	3.67295	17.390	31.4425
1399226406.811	n	12.4479	3.67295	17.375	31.4424
1399226406.872	n	12.4481	3.67295	17.358	31.4423
1399226406.935	n	12.4482	3.67295	17.336	31.4421
1399226406.997	n	12.4484	3.67294	17.318	31.4419
1399226407.060	n	12.4485	3.67295	17.299	31.4419
1399226407.122	n	12.4486	3.67295	17.282	31.4418
1399226407.184	n	12.4488	3.67296	17.264	31.4417
1399226407.247	n	12.4490	3.67296	17.245	31.4416
1399226407.309	n	12.4492	3.67295	17.224	31.4414
1399226407.371	n	12.4493	3.67295	17.204	31.4412
1399226407.433	n	12.4495	3.67294	17.184	31.4410
1399226407.496	n	12.4496	3.67294	17.166	31.4409
1399226407.559	n	12.4498	3.67293	17.146	31.4407
1399226407.622	n	12.4500	3.67293	17.128	31.4406
1399226407.683	n	12.4502	3.67293	17.107	31.4404
1399226407.746	n	12.4503	3.67293	17.085	31.4403
1399226407.809	n	12.4505	3.67293	17.067	31.4402
1399226407.871	n	12.4506	3.67293	17.047	31.4400
1399226407.934	n	12.4508	3.67292	17.028	31.4398
1399226407.998	n	12.4510	3.67292	17.007	31.4397
1399226408.059	n	12.4512	3.67292	16.988	31.4395
1399226408.121	n	12.4514	3.67293	16.965	31.4394
1399226408.183	n	12.4516	3.67292	16.946	31.4391
1399226408.246	n	12.4519	3.67292	16.931	31.4389
1399226408.309	n	12.4521	3.67291	16.907	31.4387
1399226408.372	n	12.4524	3.67291	16.886	31.4385
1399226408.434	n	12.4526	3.67291	16.870	31.4383
1399226408.497	n	12.4528	3.67291	16.847	31.4381
1399226408.560	n	12.4529	3.67290	16.824	31.4379
1399226408.622	n	12.4531	3.67290	16.806	31.4378
1399226408.684	n	12.4532	3.67290	16.785	31.4377
1399226408.749	n	12.4534	3.67290	16.764	31.4375
1399226408.811	n	12.4535	3.67289	16.747	31.4374
1399226408.872	n	12.4537	3.67289	16.724	31.4372
1399226408.935	n	12.4539	3.67289	16.703	31.4370
1399226408.998	n	12.4541	3.67288	16.684	31.4368
1399226409.059	n	12.4542	3.67289	16.664	31.4367
1399226409.121	n	12.4544	3.67288	16.640	31.4366
1399226409.184	n	12.4546	3.67288	16.618	31.4364
1399226409.247	n	12.4547	3.67288	16.597	31.4362
1399226409.309	n	12.4549	3.67288	16.573	31.4361
1399226409.372	n	12.4551	3.67287	16.552	31.4359
1399226409.435	n	12.4553	3.67288	16.531	31.4359
1399226409.497	n	12.4554	3.67288	16.509	31.4358
1399226409.558	n	12.4555	3.67289	16.487	31.4358
1399226409.622	n	12.4557	3.67289	16.464	31.4356
1399226409.684	n	12.4559	3.67289	16.444	31.4355
1399226409.749	n	12.4561	3.67288	16.420	31.4353
1399226409.811	n	12.4562	3.67287	16.399	31.4351
1399226409.968	y	12.4562	3.67287	16.378	31.4350
1399226409.974	n	12.4563	3.67286	16.353	31.4349
1399226409.996	n	12.4565	3.67286	16.333	31.4347
1399226410.060	n	12.4566	3.67285	16.310	31.4345
1399226410.122	n	12.4568	3.67284	16.287	31.4343
1399226410.184	n	12.4569	3.67284	16.266	31.4342
1399226410.301	y	12.4571	3.67284	16.242	31.4341
1399226410.312	n	12.4572	3.67284	16.219	31.4340
1399226410.372	n	12.4573	3.67284	16.197	31.4339
1399226410.435	n	12.4574	3.67284	16.174	31.4339
1399226410.497	n	12.4575	3.67284	16.155	31.4338
1399226410.561	n	12.4576	3.67284	16.132	31.4336
1399226410.622	n	12.4578	3.67284	16.106	31.4335
1399226410.684	n	12.4580	3.67283	16.083	31.4333
1399226410.748	n	12.4581	3.67282	16.062	31.4332
1399226410.811	n	12.4581	3.67282	16.040	31.4331
1399226410.872	n	12.4581	3.67282	16.017	31.4331
1399226410.934	n	12.4582	3.67281	15.997	31.4329
1399226410.996	n	12.4584	3.67279	15.975	31.4327
1399226411.060	n	12.4585	3.67278	15.950	31.4324
1399226411.122	n	12.4587	3.67278	15.927	31.4322
1399226411.185	n	12.4589	3.67279	15.908	31.4322
1399226411.247	n	12.4590	3.67280	15.883	31.4322
1399226411.315	n	12.4591	3.67281	15.856	31.4323
1399226411.372	n	12.4592	3.67282	15.835	31.4322
1399226411.434	n	12.4594	3.67282	15.816	31.4322
1399226411.496	n	12.4595	3.67281	15.791	31.4320
1399226411.559	n	12.4596	3.67280	15.767	31.4318
1399226411.621	n	12.4598	3.67279	15.749	31.4316
1399226411.685	n	12.4599	3.67278	15.728	31.4314
1399226411.747	n	12.4600	3.67278	15.702	31.4313
1399226411.809	n	12.4601	3.67279	15.682	31.4312
1399226411.871	n	12.4602	3.67278	15.662	31.4311
1399226411.935	n	12.4604	3.67277	15.637	31.4309
1399226411.997	n	12.4605	3.67277	15.615	31.4308
1399226412.059	n	12.4607	3.67276	15.591	31.4306
1399226412.122	n	12.4608	3.67277	15.569	31.4306
1399226412.184	n	12.4609	3.67277	15.547	31.4305
1399226412.247	n	12.4610	3.67277	15.524	31.4305
1399226412.315	n	12.4612	3.67277	15.501	31.4303
1399226412.371	n	12.4613	3.67277	15.482	31.4301
1399226412.433	n	12.4615	3.67276	15.457	31.4299
1399226412.497	n	12.4616	3.67274	15.436	31.4297
1399226412.559	n	12.4617	3.67274	15.416	31.4295
1399226412.622	n	12.4618	3.67274	15.393	31.4295
1399226412.684	n	12.4619	3.67276	15.371	31.4296
1399226412.748	n	12.4620	3.67276	15.354	31.4296
1399226412.811	n	12.4622	3.67276	15.332	31.4294
1399226412.872	n	12.4623	3.67274	15.310	31.4292
1399226412.934	n	12.4623	3.67274	15.285	31.4291
1399226412.996	n	12.4624	3.67274	15.266	31.4290
1399226413.060	n	12.4625	3.67274	15.246	31.4290
1399226413.122	n	12.4626	3.67273	15.228	31.4289
1399226413.184	n	12.4627	3.67273	15.209	31.4287
1399226413.246	n	12.4629	3.67272	15.189	31.4286
1399226413.309	n	12.4630	3.67272	15.170	31.4285
1399226413.371	n	12.4631	3.67272	15.148	31.4284
1399226413.433	n	12.4631	3.67272	15.130	31.4284
1399226413.496	n	12.4632	3.67272	15.110	31.4283
1399226413.560	n	12.4634	3.67272	15.092	31.4282
1399226413.622	n	12.4635	3.67272	15.072	31.4281
1399226413.684	n	12.4635	3.67272	15.053	31.4280
1399226413.747	n	12.4635	3.67272	15.032	31.4280
1399226413.810	n	12.4636	3.67271	15.016	31.4279
1399226413.871	n	12.4637	3.67271	14.996	31.4278
1399226413.947	y	12.4639	3.67271	14.975	31.4277
1399226413.996	n	12.4640	3.67272	14.960	31.4277
1399226414.060	n	12.4641	3.67272	14.940	31.4276
1399226414.286	y	12.4641	3.67272	14.921	31.4275
1399226414.293	n	12.4642	3.67270	14.900	31.4274
1399226414.298	n	12.4643	3.67269	14.881	31.4272
1399226414.310	n	12.4644	3.67268	14.865	31.4270
1399226414.371	n	12.4644	3.67267	14.848	31.4269
1399226414.433	n	12.4644	3.67267	14.827	31.4269
1399226414.496	n	12.4645	3.67268	14.810	31.4269
1399226414.560	n	12.4646	3.67269	14.789	31.4270
1399226414.621	n	12.4646	3.67270	14.771	31.4270
1399226414.683	n	12.4647	3.67269	14.753	31.4269
1399226414.746	n	12.4648	3.67268	14.735	31.4267
1399226414.811	n	12.4648	3.67267	14.718	31.4266
1399226414.871	n	12.4649	3.67266	14.699	31.4265
1399226414.933	n	12.4651	3.67267	14.683	31.4264
1399226414.997	n	12.4652	3.67267	14.666	31.4263
1399226415.060	n	12.4653	3.67265	14.648	31.4261
1399226415.122	n	12.4654	3.67265	14.631	31.4259
1399226415.183	n	12.4655	3.67265	14.615	31.4258
1399226415.247	n	12.4656	3.67265	14.596	31.4258
1399226415.311	n	12.4656	3.67265	14.582	31.4258
1399226415.372	n	12.4657	3.67266	14.564	31.4258
1399226415.435	n	12.4657	3.67266	14.547	31.4258
1399226415.497	n	12.4658	3.67267	14.524	31.4258
1399226415.561	n	12.4659	3.67267	14.506	31.4258
1399226415.622	n	12.4660	3.67267	14.489	31.4257
1399226415.684	n	12.4660	3.67265	14.473	31.4255
1399226415.748	n	12.4661	3.67264	14.456	31.4254
1399226415.811	n	12.4661	3.67263	14.436	31.4252
1399226415.872	n	12.4662	3.67262	14.420	31.4251
1399226415.935	n	12.4663	3.67262	14.403	31.4251
1399226415.997	n	12.4664	3.67262	14.378	31.4250
1399226416.058	n	12.4665	3.67263	14.362	31.4250
1399226416.121	n	12.4665	3.67263	14.343	31.4250
1399226416.184	n	12.4666	3.67264	14.324	31.4250
1399226416.247	n	12.4666	3.67263	14.305	31.4248
1399226416.310	n	12.4667	3.67261	14.287	31.4246
1399226416.371	n	12.4668	3.67260	14.271	31.4245
1399226416.434	n	12.4669	3.67260	14.254	31.4244
1399226416.496	n	12.4669	3.67260	14.235	31.4244
1399226416.560	n	12.4670	3.67261	14.218	31.4244
1399226416.621	n	12.4671	3.67260	14.199	31.4243
1399226416.684	n	12.4671	3.67258	14.182	31.4241
1399226416.747	n	12.4671	3.67258	14.163	31.4240
1399226416.810	n	12.4672	3.67257	14.142	31.4239
1399226416.871	n	12.4673	3.67258	14.124	31.4239
1399226416.933	n	12.4674	3.67258	14.109	31.4239
1399226416.996	n	12.4674	3.67259	14.087	31.4239
1399226417.060	n	12.4675	3.67258	14.069	31.4238
1399226417.123	n	12.4675	3.67257	14.048	31.4237
1399226417.185	n	12.4675	3.67256	14.029	31.4236
1399226417.246	n	12.4676	3.67256	14.010	31.4235
1399226417.310	n	12.4676	3.67256	13.991	31.4235
1399226417.372	n	12.4677	3.67256	13.970	31.4235
1399226417.434	n	12.4677	3.67257	13.953	31.4235
1399226417.496	n	12.4678	3.67257	13.937	31.4235
1399226417.561	n	12.4678	3.67256	13.913	31.4234
1399226417.622	n	12.4679	3.67255	13.894	31.4232
1399226417.695	y	12.4680	3.67254	13.881	31.4230
1399226417.747	n	12.4681	3.67253	13.859	31.4228
1399226417.811	n	12.4682	3.67252	13.839	31.4227
1399226417.872	n	12.4682	3.67252	13.822	31.4227
1399226417.934	n	12.4683	3.67252	13.807	31.4226
1399226417.998	n	12.4684	3.67252	13.789	31.4226
1399226418.060	n	12.4684	3.67253	13.771	31.4226
1399226418.123	n	12.4685	3.67253	13.755	31.4226
1399226418.183	n	12.4685	3.67252	13.738	31.4225
1399226418.247	n	12.4685	3.67251	13.720	31.4224
1399226418.314	n	12.4685	3.67250	13.701	31.4224
1399226418.505	y	12.4685	3.67250	13.687	31.4223
1399226418.511	n	12.4685	3.67251	13.672	31.4224
1399226418.516	n	12.4685	3.67252	13.651	31.4225
1399226418.561	n	12.4686	3.67252	13.634	31.4225
1399226418.621	n	12.4686	3.67251	13.615	31.4224
1399226418.684	n	12.4687	3.67251	13.599	31.4223
1399226418.748	n	12.4687	3.67251	13.582	31.4222
1399226418.811	n	12.4687	3.67250	13.569	31.4222
1399226418.872	n	12.4687	3.67249	13.551	31.4221
1399226418.934	n	12.4688	3.67249	13.535	31.4220
1399226418.997	n	12.4688	3.67248	13.517	31.4220
1399226419.060	n	12.4688	3.67248	13.505	31.4219
1399226419.123	n	12.4689	3.67249	13.490	31.4220
1399226419.184	n	12.4689	3.67249	13.472	31.4220
1399226419.246	n	12.4689	3.67249	13.457	31.4220
1399226419.310	n	12.4690	3.67249	13.444	31.4219
1399226419.371	n	12.4690	3.67249	13.426	31.4219
1399226419.435	n	12.4690	3.67248	13.410	31.4218
1399226419.497	n	12.4691	3.67248	13.397	31.4218
1399226419.559	n	12.4691	3.67247	13.380	31.4217
1399226419.622	n	12.4692	3.67247	13.367	31.4216
1399226419.684	n	12.4693	3.67247	13.353	31.4215
1399226419.748	n	12.4694	3.67246	13.337	31.4214
1399226419.808	n	12.4694	3.67245	13.322	31.4212
1399226419.872	n	12.4695	3.67245	13.306	31.4211
1399226419.934	n	12.4695	3.67244	13.293	31.4211
1399226419.997	n	12.4695	3.67244	13.282	31.4211
1399226420.061	n	12.4695	3.67244	13.267	31.4211
1399226420.121	n	12.4695	3.67244	13.252	31.4211
1399226420.184	n	12.4696	3.67244	13.241	31.4210
1399226420.247	n	12.4696	3.67244	13.227	31.4210
1399226420.311	n	12.4697	3.67243	13.217	31.4208
1399226420.372	n	12.4697	3.67242	13.198	31.4208
1399226420.435	n	12.4696	3.67242	13.188	31.4208
1399226420.498	n	12.4696	3.67242	13.172	31.4208
1399226420.561	n	12.4696	3.67241	13.160	31.4207
1399226420.622	n	12.4697	3.67241	13.143	31.4207
1399226420.745	y	12.4698	3.67241	13.132	31.4206
1399226420.751	n	12.4698	3.67241	13.121	31.4206
1399226420.811	n	12.4698	3.67240	13.108	31.4206
1399226420.871	n	12.4698	3.67240	13.095	31.4205
1399226420.934	n	12.4698	3.67240	13.082	31.4205
1399226420.997	n	12.4699	3.67240	13.070	31.4204
1399226421.060	n	12.4699	3.67240	13.056	31.4204
1399226421.122	n	12.4699	3.67239	13.044	31.4204
1399226421.185	n	12.4699	3.67238	13.029	31.4203
1399226421.248	y	12.4699	3.67238	13.015	31.4203
1399226421.310	n	12.4699	3.67238	12.999	31.4203
1399226421.372	n	12.4699	3.67237	12.989	31.4203
1399226421.434	n	12.4700	3.67238	12.978	31.4203
1399226421.497	n	12.4700	3.67238	12.964	31.4202
1399226421.559	n	12.4700	3.67238	12.953	31.4202
1399226421.622	n	12.4700	3.67238	12.938	31.4203
1399226421.685	n	12.4699	3.67238	12.925	31.4203
1399226421.749	n	12.4699	3.67237	12.911	31.4203
1399226421.812	n	12.4699	3.67238	12.896	31.4203
1399226421.872	n	12.4700	3.67238	12.884	31.4202
1399226421.934	n	12.4701	3.67237	12.875	31.4202
1399226421.998	n	12.4701	3.67237	12.858	31.4201
1399226422.060	n	12.4701	3.67237	12.843	31.4201
1399226422.121	n	12.4701	3.67236	12.833	31.4200
1399226422.184	n	12.4701	3.67236	12.819	31.4200
1399226422.246	n	12.4701	3.67236	12.807	31.4200
1399226422.309	n	12.4701	3.67236	12.794	31.4200
1399226422.372	n	12.4702	3.67235	12.780	31.4199
1399226422.433	n	12.4702	3.67235	12.770	31.4198
1399226422.497	n	12.4702	3.67235	12.758	31.4198
1399226422.561	n	12.4702	3.67234	12.745	31.4198
1399226422.775	y	12.4703	3.67234	12.729	31.4197
1399226422.784	n	12.4703	3.67234	12.714	31.4197
1399226422.790	n	12.4702	3.67233	12.705	31.4196
1399226422.809	n	12.4702	3.67234	12.691	31.4197
1399226422.872	n	12.4702	3.67234	12.678	31.4198
1399226422.934	n	12.4702	3.67234	12.662	31.4198
1399226422.996	n	12.4702	3.67235	12.648	31.4199
1399226423.061	n	12.4702	3.67235	12.634	31.4198
1399226423.121	n	12.4702	3.67234	12.619	31.4198
1399226423.184	n	12.4703	3.67233	12.605	31.4197
1399226423.247	n	12.4702	3.67232	12.591	31.4196
1399226423.309	n	12.4702	3.67231	12.573	31.4196
1399226423.372	n	12.4702	3.67232	12.559	31.4196
1399226423.435	n	12.4702	3.67232	12.548	31.4197
1399226423.497	n	12.4702	3.67232	12.534	31.4196
1399226423.559	n	12.4703	3.67232	12.519	31.4196
1399226423.621	n	12.4703	3.67232	12.503	31.4196
1399226423.686	n	12.4702	3.67231	12.484	31.4195
1399226423.747	n	12.4702	3.67231	12.470	31.4196
1399226423.808	n	12.4702	3.67231	12.453	31.4196
1399226423.872	n	12.4701	3.67230	12.436	31.4195
1399226423.933	n	12.4702	3.67229	12.421	31.4194
1399226423.997	n	12.4702	3.67228	12.403	31.4194
1399226424.059	n	12.4703	3.67228	12.388	31.4192
1399226424.122	n	12.4703	3.67228	12.373	31.4192
1399226424.184	n	12.4703	3.67227	12.358	31.4192
1399226424.247	n	12.4703	3.67226	12.338	31.4191
1399226424.309	n	12.4703	3.67225	12.321	31.4189
1399226424.371	n	12.4703	3.67223	12.303	31.4188
1399226424.433	n	12.4704	3.67222	12.284	31.4186
1399226424.496	n	12.4704	3.67222	12.265	31.4186
1399226424.561	n	12.4704	3.67221	12.245	31.4186
1399226424.622	n	12.4703	3.67221	12.231	31.4186
1399226424.684	n	12.4703	3.67220	12.211	31.4185
1399226424.748	n	12.4704	3.67220	12.190	31.4185
1399226424.810	n	12.4704	3.67218	12.175	31.4183
1399226424.872	n	12.4704	3.67217	12.155	31.4182
1399226424.934	y	12.4704	3.67216	12.133	31.4181
1399226424.998	n	12.4705	3.67215	12.115	31.4180
1399226425.060	n	12.4705	3.67214	12.094	31.4178
1399226425.122	n	12.4705	3.67213	12.075	31.4178
1399226425.184	n	12.4704	3.67213	12.052	31.4178
1399226425.247	n	12.4704	3.67213	12.033	31.4178
1399226425.310	n	12.4704	3.67213	12.011	31.4178
1399226425.371	n	12.4704	3.67213	11.989	31.4178
1399226425.434	n	12.4704	3.67214	11.967	31.4179
1399226425.496	n	12.4704	3.67214	11.942	31.4180
1399226425.558	n	12.4704	3.67214	11.919	31.4180
1399226425.623	n	12.4704	3.67214	11.898	31.4180
1399226425.685	n	12.4704	3.67213	11.872	31.4180
1399226425.747	n	12.4705	3.67212	11.847	31.4178
1399226425.811	n	12.4705	3.67212	11.827	31.4178
1399226425.871	n	12.4705	3.67211	11.804	31.4177
1399226425.935	n	12.4705	3.67212	11.779	31.4178
1399226425.997	n	12.4705	3.67211	11.753	31.4177
1399226426.060	n	12.4705	3.67211	11.728	31.4177
1399226426.123	n	12.4705	3.67209	11.706	31.4176
1399226426.184	n	12.4704	3.67209	11.681	31.4176
1399226426.248	n	12.4704	3.67209	11.659	31.4177
1399226426.311	n	12.4704	3.67211	11.632	31.4178
1399226426.372	n	12.4704	3.67211	11.604	31.4178
1399226426.434	n	12.4705	3.67212	11.578	31.4178
1399226426.496	n	12.4705	3.67211	11.552	31.4177
1399226426.559	n	12.4705	3.67210	11.527	31.4177
1399226426.621	n	12.4706	3.67210	11.499	31.4177
1399226426.684	n	12.4705	3.67209	11.473	31.4176
1399226426.747	n	12.4705	3.67209	11.448	31.4176
1399226426.812	n	12.4705	3.67208	11.420	31.4176
1399226427.022	y	12.4705	3.67208	11.393	31.4175
1399226427.030	n	12.4704	3.67207	11.364	31.4175
1399226427.035	n	12.4705	3.67207	11.339	31.4175
1399226427.061	n	12.4705	3.67206	11.314	31.4174
1399226427.121	n	12.4705	3.67206	11.288	31.4174
1399226427.183	n	12.4706	3.67206	11.261	31.4174
1399226427.246	n	12.4706	3.67206	11.235	31.4174
1399226427.309	n	12.4706	3.67206	11.214	31.4174
1399226427.372	n	12.4705	3.67206	11.182	31.4175
1399226427.434	n	12.4705	3.67206	11.157	31.4175
1399226427.498	n	12.4705	3.67206	11.131	31.4175
1399226427.559	n	12.4704	3.67205	11.108	31.4174
1399226427.621	n	12.4704	3.67204	11.084	31.4174
1399226427.684	n	12.4704	3.67203	11.059	31.4173
1399226427.748	n	12.4704	3.67203	11.033	31.4173
1399226427.810	n	12.4705	3.67203	11.007	31.4172
1399226427.871	n	12.4705	3.67203	10.979	31.4172
1399226427.934	n	12.4705	3.67202	10.957	31.4172
1399226427.997	n	12.4705	3.67201	10.932	31.4172
1399226428.060	n	12.4704	3.67201	10.906	31.4172
1399226428.122	n	12.4704	3.67201	10.881	31.4172
1399226428.184	n	12.4704	3.67202	10.855	31.4173
1399226428.247	n	12.4704	3.67202	10.833	31.4173
1399226428.310	n	12.4704	3.67202	10.811	31.4173
1399226428.371	n	12.4704	3.67202	10.785	31.4173
1399226428.433	n	12.4705	3.67202	10.758	31.4173
1399226428.510	y	12.4705	3.67202	10.738	31.4173
1399226428.559	n	12.4705	3.67202	10.716	31.4173
1399226428.621	n	12.4705	3.67201	10.696	31.4172
1399226428.685	n	12.4705	3.67201	10.672	31.4172
1399226428.747	n	12.4704	3.67201	10.649	31.4173
1399226428.809	n	12.4704	3.67202	10.629	31.4173
1399226428.871	n	12.4704	3.67202	10.608	31.4174
1399226428.935	n	12.4705	3.67202	10.589	31.4174
1399226428.998	n	12.4705	3.67202	10.568	31.4174
1399226429.060	n	12.4704	3.67202	10.549	31.4174
1399226429.121	n	12.4704	3.67202	10.531	31.4175
1399226429.184	n	12.4704	3.67202	10.513	31.4175
1399226429.247	n	12.4703	3.67203	10.495	31.4176
1399226429.309	n	12.4704	3.67203	10.475	31.4176
1399226429.373	n	12.4704	3.67203	10.459	31.4175
1399226429.433	n	12.4704	3.67202	10.446	31.4175
1399226429.498	n	12.4704	3.67202	10.426	31.4175
1399226429.561	n	12.4704	3.67203	10.410	31.4176
1399226429.621	n	12.4704	3.67204	10.397	31.4177
1399226429.685	n	12.4704	3.67205	10.379	31.4178
1399226429.746	n	12.4705	3.67206	10.366	31.4178
1399226429.810	n	12.4705	3.67206	10.354	31.4178
1399226429.873	n	12.4704	3.67205	10.338	31.4177
1399226429.935	n	12.4704	3.67204	10.323	31.4177
1399226429.997	n	12.4704	3.67202	10.312	31.4175
1399226430.060	n	12.4704	3.67201	10.299	31.4174
1399226430.122	n	12.4705	3.67201	10.285	31.4173
1399226430.185	n	12.4705	3.67201	10.272	31.4174
1399226430.248	n	12.4704	3.67202	10.259	31.4175
1399226430.310	n	12.4704	3.67202	10.246	31.4176
1399226430.373	n	12.4703	3.67202	10.234	31.4176
1399226430.434	n	12.4703	3.67202	10.222	31.4176
1399226430.496	n	12.4703	3.67202	10.211	31.4176
1399226430.559	n	12.4703	3.67201	10.198	31.4176
1399226430.621	n	12.4702	3.67201	10.186	31.4176
1399226430.684	n	12.4702	3.67200	10.178	31.4175
1399226430.748	n	12.4703	3.67199	10.164	31.4174
1399226430.811	n	12.4703	3.67198	10.157	31.4173
1399226430.873	n	12.4704	3.67198	10.143	31.4172
1399226430.935	n	12.4704	3.67198	10.139	31.4172
1399226430.997	n	12.4704	3.67198	10.131	31.4172
1399226431.060	n	12.4705	3.67199	10.120	31.4172
1399226431.353	y	12.4705	3.67198	10.114	31.4171
1399226431.366	n	12.4705	3.67198	10.105	31.4171
1399226431.372	n	12.4705	3.67198	10.095	31.4171
1399226431.379	n	12.4705	3.67199	10.084	31.4172
1399226431.384	n	12.4705	3.67200	10.078	31.4173
1399226431.434	n	12.4706	3.67200	10.072	31.4173
1399226431.496	n	12.4707	3.67200	10.061	31.4172
1399226431.561	n	12.4707	3.67199	10.057	31.4170
1399226431.623	n	12.4708	3.67199	10.049	31.4170
1399226431.685	n	12.4708	3.67199	10.040	31.4170
1399226431.747	n	12.4708	3.67199	10.032	31.4170
1399226431.809	n	12.4708	3.67199	10.024	31.4170
1399226431.873	n	12.4708	3.67200	10.014	31.4170
1399226431.935	n	12.4708	3.67199	10.004	31.4170
1399226431.997	n	12.4708	3.67198	9.996	31.4169
1399226432.060	n	12.4709	3.67198	9.989	31.4169
1399226432.122	n	12.4709	3.67198	9.980	31.4168
1399226432.184	y	12.4709	3.67198	9.973	31.4169
1399226432.246	n	12.4709	3.67199	9.963	31.4170
1399226432.309	n	12.4709	3.67200	9.955	31.4171
1399226432.372	n	12.4709	3.67201	9.947	31.4171
1399226432.435	n	12.4709	3.67202	9.936	31.4172
1399226432.497	n	12.4710	3.67202	9.931	31.4171
1399226432.561	n	12.4710	3.67200	9.920	31.4170
1399226432.623	n	12.4711	3.67199	9.912	31.4168
1399226432.684	n	12.4710	3.67199	9.903	31.4168
1399226432.747	n	12.4710	3.67198	9.897	31.4168
1399226432.809	n	12.4711	3.67198	9.891	31.4168
1399226432.871	n	12.4711	3.67199	9.884	31.4168
1399226432.935	n	12.4711	3.67200	9.871	31.4169
1399226432.996	n	12.4711	3.67200	9.862	31.4169
1399226433.060	n	12.4712	3.67202	9.855	31.4170
1399226433.122	n	12.4712	3.67202	9.842	31.4170
1399226433.184	n	12.4713	3.67202	9.833	31.4169
1399226433.247	n	12.4714	3.67202	9.828	31.4169
1399226433.310	n	12.4714	3.67202	9.819	31.4169
1399226433.373	n	12.4714	3.67203	9.808	31.4170
1399226433.434	n	12.4714	3.67204	9.797	31.4170
1399226433.496	n	12.4714	3.67203	9.788	31.4170
1399226433.560	n	12.4714	3.67202	9.777	31.4169
1399226433.621	n	12.4714	3.67202	9.765	31.4168
1399226433.684	n	12.4714	3.67202	9.754	31.4168
1399226433.748	n	12.4714	3.67203	9.740	31.4170
1399226433.809	n	12.4715	3.67205	9.731	31.4171
1399226433.871	n	12.4716	3.67207	9.724	31.4172
1399226433.934	n	12.4717	3.67207	9.710	31.4172
1399226433.997	n	12.4716	3.67207	9.700	31.4172
1399226434.060	n	12.4716	3.67207	9.687	31.4172
1399226434.122	n	12.4715	3.67205	9.678	31.4171
1399226434.183	n	12.4715	3.67205	9.662	31.4171
1399226434.246	n	12.4716	3.67205	9.655	31.4170
1399226434.309	n	12.4716	3.67205	9.642	31.4170
1399226434.372	n	12.4717	3.67205	9.630	31.4170
1399226434.435	n	12.4717	3.67205	9.620	31.4170
1399226434.497	n	12.4717	3.67205	9.606	31.4170
1399226434.560	n	12.4717	3.67205	9.594	31.4170
1399226434.621	n	12.4718	3.67206	9.585	31.4170
1399226434.684	n	12.4718	3.67207	9.571	31.4171
1399226434.746	n	12.4718	3.67208	9.560	31.4172
1399226434.811	n	12.4718	3.67209	9.551	31.4173
1399226434.872	n	12.4718	3.67210	9.536	31.4174
1399226434.935	n	12.4718	3.67210	9.525	31.4174
1399226434.997	n	12.4718	3.67209	9.510	31.4173
1399226435.059	n	12.4718	3.67208	9.495	31.4172
1399226435.123	n	12.4718	3.67208	9.485	31.4172
1399226435.185	n	12.4718	3.67208	9.473	31.4173
1399226435.248	n	12.4718	3.67209	9.458	31.4173
1399226435.310	n	12.4719	3.67210	9.445	31.4174
1399226435.550	y	12.4719	3.67211	9.429	31.4174
1399226435.557	n	12.4719	3.67211	9.413	31.4175
1399226435.563	n	12.4718	3.67212	9.399	31.4176
1399226435.568	n	12.4719	3.67212	9.387	31.4176
1399226435.623	n	12.4719	3.67212	9.371	31.4175
1399226435.685	n	12.4720	3.67212	9.357	31.4175
1399226435.747	n	12.4720	3.67213	9.342	31.4176
1399226435.809	n	12.4720	3.67214	9.325	31.4177
1399226435.875	y	12.4720	3.67215	9.309	31.4178
1399226435.935	n	12.4720	3.67217	9.293	31.4180
1399226435.996	n	12.4720	3.67219	9.281	31.4182
1399226436.061	n	12.4720	3.67219	9.267	31.4182
1399226436.187	y	12.4720	3.67220	9.250	31.4183
1399226436.193	n	12.4720	3.67220	9.227	31.4183
1399226436.247	n	12.4720	3.67219	9.214	31.4182
1399226436.311	n	12.4720	3.67220	9.197	31.4183
1399226436.371	n	12.4721	3.67221	9.181	31.4183
1399226436.435	n	12.4721	3.67221	9.164	31.4184
1399226436.497	n	12.4720	3.67222	9.146	31.4185
1399226436.558	n	12.4720	3.67222	9.132	31.4185
1399226436.622	n	12.4720	3.67222	9.110	31.4185
1399226436.685	n	12.4720	3.67222	9.093	31.4185
1399226436.747	n	12.4721	3.67222	9.078	31.4185
1399226436.810	n	12.4721	3.67223	9.056	31.4185
1399226436.872	n	12.4722	3.67223	9.037	31.4185
1399226436.934	n	12.4722	3.67223	9.020	31.4186
1399226436.997	n	12.4722	3.67224	8.998	31.4186
1399226437.060	n	12.4722	3.67224	8.983	31.4187
1399226437.122	n	12.4722	3.67225	8.967	31.4187
1399226437.184	n	12.4722	3.67225	8.947	31.4187
1399226437.247	n	12.4722	3.67224	8.929	31.4187
1399226437.310	n	12.4722	3.67225	8.912	31.4187
1399226437.371	n	12.4722	3.67225	8.896	31.4188
1399226437.433	n	12.4722	3.67225	8.876	31.4188
1399226437.497	n	12.4721	3.67225	8.859	31.4188
1399226437.560	n	12.4721	3.67225	8.837	31.4188
1399226437.622	n	12.4721	3.67224	8.819	31.4187
1399226437.685	n	12.4721	3.67223	8.799	31.4187
1399226437.747	n	12.4721	3.67225	8.779	31.4189
1399226437.811	n	12.4721	3.67225	8.763	31.4189
1399226437.872	n	12.4721	3.67225	8.741	31.4189
1399226437.934	n	12.4721	3.67225	8.724	31.4188
1399226437.998	n	12.4722	3.67223	8.708	31.4186
1399226438.059	n	12.4722	3.67222	8.689	31.4185
1399226438.121	n	12.4722	3.67223	8.669	31.4186
1399226438.185	n	12.4722	3.67223	8.652	31.4186
1399226438.246	n	12.4722	3.67223	8.631	31.4187
1399226438.309	n	12.4722	3.67223	8.612	31.4187
1399226438.376	n	12.4723	3.67223	8.591	31.4186
1399226438.435	n	12.4723	3.67223	8.571	31.4186
1399226438.498	n	12.4723	3.67222	8.555	31.4185
1399226438.559	n	12.4723	3.67222	8.535	31.4185
1399226438.623	n	12.4723	3.67223	8.514	31.4186
1399226438.684	n	12.4723	3.67223	8.494	31.4186
1399226438.748	n	12.4723	3.67223	8.474	31.4186
1399226438.810	n	12.4724	3.67223	8.458	31.4186
1399226438.873	n	12.4724	3.67223	8.435	31.4186
1399226438.934	n	12.4724	3.67223	8.415	31.4185
1399226438.997	n	12.4724	3.67223	8.396	31.4185
1399226439.059	n	12.4725	3.67223	8.379	31.4185
1399226439.122	n	12.4725	3.67223	8.358	31.4185
1399226439.185	n	12.4725	3.67223	8.338	31.4186
1399226439.247	n	12.4725	3.67223	8.319	31.4186
1399226439.309	n	12.4725	3.67223	8.295	31.4186
1399226439.372	n	12.4725	3.67223	8.276	31.4185
1399226439.435	n	12.4725	3.67222	8.257	31.4185
1399226439.497	n	12.4724	3.67222	8.237	31.4185
1399226439.584	y	12.4724	3.67222	8.219	31.4185
1399226439.733	y	12.4725	3.67222	8.198	31.4185
1399226439.738	n	12.4725	3.67222	8.178	31.4184
1399226439.746	n	12.4726	3.67222	8.159	31.4183
1399226439.809	n	12.4727	3.67222	8.139	31.4183
1399226439.871	n	12.4727	3.67222	8.121	31.4183
1399226439.935	n	12.4727	3.67222	8.103	31.4183
1399226439.997	n	12.4727	3.67222	8.084	31.4183
1399226440.060	n	12.4727	3.67222	8.066	31.4184
1399226440.122	n	12.4727	3.67221	8.045	31.4183
1399226440.184	n	12.4727	3.67220	8.027	31.4183
1399226440.247	n	12.4727	3.67220	8.010	31.4182
1399226440.311	n	12.4727	3.67219	7.993	31.4181
1399226440.372	n	12.4727	3.67219	7.976	31.4181
1399226440.434	n	12.4727	3.67219	7.960	31.4181
1399226440.496	n	12.4727	3.67218	7.944	31.4181
1399226440.560	n	12.4727	3.67219	7.928	31.4181
1399226440.622	n	12.4728	3.67219	7.913	31.4181
1399226440.684	n	12.4728	3.67219	7.898	31.4181
1399226440.747	n	12.4728	3.67218	7.883	31.4180
1399226440.810	n	12.4728	3.67217	7.867	31.4179
1399226440.871	n	12.4728	3.67216	7.850	31.4178
1399226440.934	n	12.4729	3.67215	7.836	31.4177
1399226440.996	n	12.4729	3.67215	7.821	31.4176
1399226441.062	n	12.4730	3.67214	7.800	31.4175
1399226441.122	n	12.4729	3.67213	7.784	31.4174
1399226441.184	n	12.4729	3.67213	7.767	31.4174
1399226441.247	n	12.4728	3.67212	7.753	31.4174
1399226441.311	n	12.4729	3.67212	7.739	31.4174
1399226441.371	n	12.4729	3.67212	7.724	31.4174
1399226441.434	n	12.4729	3.67212	7.706	31.4174
1399226441.497	n	12.4729	3.67212	7.692	31.4174
1399226441.560	n	12.4729	3.67213	7.675	31.4175
1399226441.622	n	12.4729	3.67213	7.661	31.4175
1399226441.684	n	12.4730	3.67213	7.646	31.4174
1399226441.748	n	12.4730	3.67213	7.635	31.4174
1399226441.809	n	12.4731	3.67212	7.623	31.4173
1399226441.872	n	12.4730	3.67214	7.608	31.4175
1399226441.934	n	12.4731	3.67214	7.594	31.4175
1399226441.996	n	12.4731	3.67215	7.582	31.4176
1399226442.061	n	12.4731	3.67215	7.571	31.4176
1399226442.122	y	12.4731	3.67216	7.557	31.4176
1399226442.184	n	12.4731	3.67216	7.546	31.4177
1399226442.247	n	12.4730	3.67217	7.535	31.4178
1399226442.310	n	12.4730	3.67217	7.525	31.4178
1399226442.372	n	12.4731	3.67217	7.511	31.4178
1399226442.434	n	12.4731	3.67218	7.500	31.4179
1399226442.497	n	12.4730	3.67218	7.491	31.4179
1399226442.561	n	12.4730	3.67218	7.480	31.4180
1399226442.622	n	12.4730	3.67218	7.468	31.4180
1399226442.684	n	12.4730	3.67218	7.459	31.4180
1399226442.746	n	12.4731	3.67218	7.449	31.4179
1399226442.809	n	12.4731	3.67218	7.439	31.4179
1399226442.872	n	12.4732	3.67218	7.431	31.4179
1399226442.934	n	12.4732	3.67220	7.419	31.4180
1399226442.996	n	12.4732	3.67225	7.407	31.4185
1399226443.060	n	12.4731	3.67227	7.398	31.4187
1399226443.121	n	12.4731	3.67223	7.388	31.4184
1399226443.245	y	12.4731	3.67217	7.381	31.4179
1399226443.253	n	12.4731	3.67214	7.373	31.4176
1399226443.310	n	12.4731	3.67218	7.365	31.4179
1399226443.372	n	12.4732	3.67230	7.357	31.4190
1399226443.436	n	12.4732	3.67242	7.347	31.4201
1399226443.497	n	12.4732	3.67249	7.340	31.4209
1399226443.561	n	12.4731	3.67252	7.328	31.4211
1399226443.621	n	12.4731	3.67252	7.320	31.4212
1399226443.684	n	12.4731	3.67252	7.313	31.4212
1399226443.748	n	12.4731	3.67252	7.307	31.4212
1399226443.809	n	12.4731	3.67253	7.298	31.4212
1399226443.969	y	12.4732	3.67253	7.289	31.4213
1399226443.974	n	12.4732	3.67254	7.280	31.4213
1399226443.996	n	12.4731	3.67254	7.273	31.4213
1399226444.060	n	12.4731	3.67253	7.265	31.4213
1399226444.121	n	12.4730	3.67253	7.257	31.4214
1399226444.185	n	12.4730	3.67253	7.250	31.4214
1399226444.246	n	12.4730	3.67253	7.241	31.4214
1399226444.310	n	12.4730	3.67253	7.231	31.4214
1399226444.372	n	12.4730	3.67254	7.226	31.4215
1399226444.434	n	12.4729	3.67254	7.216	31.4215
1399226444.497	n	12.4729	3.67254	7.204	31.4216
1399226444.560	n	12.4729	3.67255	7.194	31.4217
1399226444.624	n	12.4729	3.67256	7.190	31.4218
1399226444.684	n	12.4729	3.67256	7.180	31.4218
1399226444.746	n	12.4729	3.67257	7.168	31.4218
1399226444.809	n	12.4730	3.67255	7.161	31.4217
1399226444.872	n	12.4730	3.67254	7.151	31.4215
1399226444.934	n	12.4731	3.67253	7.141	31.4214
1399226444.996	n	12.4731	3.67253	7.127	31.4213
1399226445.061	n	12.4731	3.67253	7.118	31.4213
1399226445.121	n	12.4731	3.67253	7.110	31.4214
1399226445.184	n	12.4731	3.67254	7.101	31.4215
1399226445.246	n	12.4731	3.67258	7.091	31.4218
1399226445.309	n	12.4731	3.67261	7.080	31.4222
1399226445.372	n	12.4731	3.67265	7.070	31.4225
1399226445.435	n	12.4731	3.67266	7.058	31.4227
1399226445.497	n	12.4731	3.67267	7.047	31.4227
1399226445.561	n	12.4731	3.67267	7.039	31.4227
1399226445.622	n	12.4732	3.67268	7.024	31.4228
1399226445.684	n	12.4732	3.67268	7.016	31.4227
1399226445.746	n	12.4732	3.67267	7.001	31.4226
1399226445.811	n	12.4731	3.67263	6.989	31.4224
1399226445.872	n	12.4731	3.67260	6.981	31.4221
1399226445.934	n	12.4731	3.67257	6.967	31.4219
1399226445.996	n	12.4731	3.67256	6.952	31.4217
1399226446.060	n	12.4731	3.67255	6.939	31.4216
1399226446.121	n	12.4731	3.67255	6.925	31.4216
1399226446.184	n	12.4731	3.67257	6.914	31.4218
1399226446.246	n	12.4731	3.67261	6.900	31.4222
1399226446.310	n	12.4731	3.67265	6.887	31.4226
1399226446.372	n	12.4731	3.67269	6.877	31.4230
1399226446.434	n	12.4730	3.67271	6.864	31.4232
1399226446.498	n	12.4730	3.67271	6.854	31.4233
1399226446.560	n	12.4730	3.67271	6.845	31.4233
1399226446.622	n	12.4729	3.67272	6.834	31.4234
1399226446.684	n	12.4729	3.67273	6.826	31.4235
1399226446.746	n	12.4729	3.67274	6.815	31.4236
1399226446.809	y	12.4730	3.67274	6.803	31.4235
1399226446.945	n	12.4730	3.67273	6.794	31.4234
1399226446.952	n	12.4731	3.67271	6.782	31.4232
1399226446.996	n	12.4730	3.67268	6.777	31.4230
1399226447.060	n	12.4730	3.67266	6.768	31.4229
1399226447.121	n	12.4730	3.67266	6.760	31.4228
1399226447.184	n	12.4729	3.67265	6.747	31.4228
1399226447.247	n	12.4729	3.67265	6.737	31.4228
1399226447.310	n	12.4728	3.67265	6.729	31.4228
1399226447.372	n	12.4727	3.67265	6.719	31.4229
1399226447.436	n	12.4726	3.67266	6.712	31.4232
1399226447.496	n	12.4726	3.67268	6.706	31.4234
1399226447.559	n	12.4726	3.67270	6.695	31.4236
1399226447.622	n	12.4727	3.67272	6.682	31.4237
1399226447.685	n	12.4728	3.67272	6.675	31.4236
1399226447.747	n	12.4728	3.67272	6.664	31.4236
1399226447.810	n	12.4729	3.67273	6.653	31.4237
1399226447.872	n	12.4729	3.67274	6.643	31.4237
1399226447.934	n	12.4729	3.67275	6.633	31.4239
1399226447.996	n	12.4728	3.67277	6.618	31.4241
1399226448.060	n	12.4728	3.67278	6.605	31.4242
1399226448.239	y	12.4729	3.67280	6.594	31.4242
1399226448.245	n	12.4731	3.67281	6.581	31.4242
1399226448.251	n	12.4732	3.67281	6.568	31.4241
1399226448.310	n	12.4733	3.67281	6.551	31.4241
1399226448.372	n	12.4734	3.67281	6.532	31.4240
1399226448.435	n	12.4734	3.67282	6.516	31.4241
1399226448.498	n	12.4733	3.67282	6.499	31.4242
1399226448.559	n	12.4733	3.67282	6.482	31.4242
1399226448.622	n	12.4733	3.67281	6.464	31.4242
1399226448.684	n	12.4733	3.67281	6.445	31.4241
1399226448.747	n	12.4733	3.67280	6.427	31.4240
1399226448.810	n	12.4733	3.67280	6.408	31.4240
1399226448.871	n	12.4733	3.67279	6.391	31.4240
1399226448.935	n	12.4732	3.67277	6.372	31.4239
1399226448.997	n	12.4730	3.67276	6.351	31.4239
1399226449.059	n	12.4728	3.67274	6.335	31.4239
1399226449.122	n	12.4725	3.67272	6.313	31.4239
1399226449.184	n	12.4722	3.67270	6.294	31.4240
1399226449.249	n	12.4721	3.67267	6.280	31.4239
1399226449.310	n	12.4723	3.67267	6.263	31.4237
1399226449.373	n	12.4728	3.67267	6.242	31.4233
1399226449.435	n	12.4734	3.67269	6.221	31.4230
1399226449.497	n	12.4738	3.67271	6.203	31.4229
1399226449.561	n	12.4739	3.67274	6.181	31.4230
1399226449.622	n	12.4736	3.67274	6.161	31.4234
1399226449.684	n	12.4732	3.67275	6.141	31.4237
1399226449.747	n	12.4730	3.67276	6.117	31.4240
1399226449.809	n	12.4730	3.67277	6.092	31.4241
1399226449.872	n	12.4732	3.67279	6.071	31.4241
1399226449.934	n	12.4737	3.67282	6.048	31.4241
1399226449.997	n	12.4740	3.67285	6.021	31.4241
1399226450.061	n	12.4739	3.67286	5.996	31.4242
1399226450.122	n	12.4735	3.67284	5.971	31.4244
1399226450.185	n	12.4729	3.67282	5.945	31.4247
1399226450.248	n	12.4725	3.67279	5.920	31.4248
1399226450.309	n	12.4727	3.67279	5.893	31.4246
1399226450.374	n	12.4732	3.67279	5.870	31.4242
1399226450.433	n	12.4736	3.67279	5.843	31.4239
1399226450.497	n	12.4740	3.67279	5.816	31.4236
1399226450.584	y	12.4744	3.67282	5.794	31.4235
1399226450.622	n	12.4749	3.67285	5.771	31.4235
1399226450.684	n	12.4755	3.67291	5.744	31.4235
1399226450.746	n	12.4761	3.67295	5.717	31.4234
1399226450.810	n	12.4764	3.67298	5.692	31.4234
1399226450.872	n	12.4765	3.67299	5.667	31.4234
1399226450.934	n	12.4766	3.67299	5.643	31.4234
1399226450.996	n	12.4766	3.67299	5.622	31.4234
1399226451.060	n	12.4767	3.67299	5.598	31.4233
1399226451.121	n	12.4767	3.67299	5.570	31.4233
1399226451.185	n	12.4766	3.67299	5.545	31.4234
1399226451.248	n	12.4765	3.67299	5.520	31.4235
1399226451.309	n	12.4765	3.67299	5.495	31.4235
1399226451.375	n	12.4764	3.67296	5.475	31.4233
1399226451.434	n	12.4765	3.67292	5.449	31.4229
1399226451.496	n	12.4765	3.67289	5.423	31.4226
1399226451.559	n	12.4765	3.67289	5.401	31.4226
1399226451.682	y	12.4765	3.67292	5.381	31.4229
1399226451.687	n	12.4764	3.67297	5.356	31.4234
1399226451.746	n	12.4763	3.67300	5.334	31.4238
1399226451.811	n	12.4762	3.67299	5.311	31.4239
1399226451.873	n	12.4761	3.67298	5.293	31.4238
1399226451.935	n	12.4761	3.67297	5.270	31.4238
1399226451.996	n	12.4760	3.67296	5.249	31.4237
1399226452.059	n	12.4760	3.67296	5.232	31.4238
1399226452.122	n	12.4760	3.67296	5.215	31.4238
1399226452.185	n	12.4760	3.67296	5.192	31.4238
1399226452.248	n	12.4760	3.67297	5.177	31.4239
1399226452.311	n	12.4760	3.67297	5.163	31.4239
1399226452.490	y	12.4760	3.67296	5.146	31.4238
1399226452.495	n	12.4760	3.67295	5.130	31.4237
1399226452.501	n	12.4759	3.67293	5.113	31.4236
1399226452.560	n	12.4758	3.67291	5.095	31.4235
1399226452.623	n	12.4758	3.67289	5.077	31.4234
1399226452.685	n	12.4758	3.67290	5.060	31.4234
1399226452.748	n	12.4759	3.67290	5.043	31.4234
1399226452.811	n	12.4759	3.67291	5.029	31.4235
1399226452.872	n	12.4759	3.67291	5.012	31.4235
1399226452.935	n	12.4759	3.67291	4.996	31.4235
1399226452.999	n	12.4759	3.67292	4.983	31.4235
1399226453.060	n	12.4759	3.67292	4.968	31.4235
1399226453.121	n	12.4760	3.67292	4.954	31.4235
1399226453.185	n	12.4760	3.67292	4.941	31.4235
1399226453.249	n	12.4761	3.67292	4.931	31.4235
1399226453.310	n	12.4761	3.67288	4.918	31.4230
1399226453.372	n	12.4762	3.67285	4.905	31.4227
1399226453.435	n	12.4762	3.67284	4.895	31.4226
1399226453.498	n	12.4762	3.67284	4.880	31.4226
1399226453.560	n	12.4762	3.67287	4.870	31.4229
1399226453.622	n	12.4762	3.67293	4.860	31.4235
1399226453.685	n	12.4762	3.67294	4.848	31.4235
1399226453.748	n	12.4762	3.67294	4.837	31.4236
1399226453.811	n	12.4761	3.67295	4.825	31.4238
1399226453.872	n	12.4762	3.67296	4.815	31.4238
1399226453.935	n	12.4762	3.67295	4.805	31.4237
1399226453.998	n	12.4761	3.67293	4.792	31.4236
1399226454.059	n	12.4761	3.67291	4.783	31.4235
1399226454.145	y	12.4760	3.67289	4.771	31.4233
1399226454.185	n	12.4759	3.67288	4.758	31.4233
1399226454.247	n	12.4759	3.67288	4.748	31.4234
1399226454.311	n	12.4758	3.67288	4.745	31.4234
1399226454.373	n	12.4758	3.67288	4.736	31.4234
1399226454.434	n	12.4758	3.67289	4.729	31.4235
1399226454.496	n	12.4758	3.67289	4.718	31.4235
1399226454.560	n	12.4758	3.67288	4.708	31.4234
1399226454.623	n	12.4758	3.67288	4.701	31.4234
1399226454.684	n	12.4758	3.67287	4.690	31.4234
1399226454.748	n	12.4758	3.67288	4.679	31.4234
1399226454.810	n	12.4757	3.67288	4.670	31.4235
1399226454.872	n	12.4758	3.67289	4.664	31.4235
1399226454.934	n	12.4758	3.67288	4.655	31.4234
1399226454.997	n	12.4757	3.67286	4.651	31.4233
1399226455.059	n	12.4757	3.67286	4.645	31.4233
1399226455.122	n	12.4757	3.67286	4.636	31.4234
1399226455.184	n	12.4756	3.67287	4.628	31.4235
1399226455.248	n	12.4756	3.67288	4.620	31.4235
1399226455.311	n	12.4756	3.67287	4.609	31.4235
1399226455.373	n	12.4756	3.67288	4.603	31.4235
1399226455.436	n	12.4756	3.67287	4.597	31.4235
1399226455.498	n	12.4756	3.67287	4.591	31.4235
1399226455.560	n	12.4755	3.67287	4.582	31.4235
1399226455.622	n	12.4755	3.67286	4.574	31.4234
1399226455.684	n	12.4756	3.67286	4.563	31.4234
1399226455.747	n	12.4756	3.67287	4.557	31.4235
1399226455.809	n	12.4757	3.67288	4.551	31.4235
1399226455.872	n	12.4757	3.67288	4.547	31.4235
1399226455.934	n	12.4757	3.67288	4.539	31.4235
1399226455.999	n	12.4758	3.67288	4.535	31.4234
1399226456.060	n	12.4758	3.67287	4.528	31.4234
1399226456.122	n	12.4758	3.67287	4.523	31.4233
1399226456.185	n	12.4759	3.67288	4.515	31.4234
1399226456.247	n	12.4759	3.67289	4.509	31.4235
1399226456.311	n	12.4759	3.67289	4.501	31.4235
1399226456.373	n	12.4760	3.67289	4.499	31.4235
1399226456.435	n	12.4760	3.67289	4.496	31.4234
1399226456.498	n	12.4759	3.67288	4.487	31.4234
1399226456.560	n	12.4759	3.67289	4.484	31.4234
1399226456.761	y	12.4759	3.67289	4.476	31.4235
1399226456.770	n	12.4760	3.67290	4.471	31.4235
1399226456.775	n	12.4760	3.67290	4.467	31.4236
1399226456.810	n	12.4760	3.67291	4.459	31.4235
1399226456.872	n	12.4760	3.67289	4.457	31.4234
1399226456.935	n	12.4760	3.67288	4.451	31.4233
1399226456.998	n	12.4759	3.67286	4.441	31.4232
1399226457.059	n	12.4757	3.67283	4.432	31.4231
1399226457.122	n	12.4754	3.67281	4.426	31.4232
1399226457.184	n	12.4751	3.67279	4.421	31.4233
1399226457.248	n	12.4748	3.67276	4.413	31.4232
1399226457.309	n	12.4745	3.67276	4.404	31.4234
1399226457.372	n	12.4744	3.67277	4.397	31.4236
1399226457.434	n	12.4745	3.67278	4.393	31.4237
1399226457.500	n	12.4746	3.67279	4.383	31.4237
1399226457.561	n	12.4746	3.67280	4.373	31.4237
1399226457.623	n	12.4746	3.67279	4.365	31.4236
1399226457.686	n	12.4745	3.67278	4.358	31.4237
1399226457.749	n	12.4744	3.67277	4.352	31.4237
1399226457.829	y	12.4743	3.67277	4.345	31.4237
1399226457.872	n	12.4743	3.67277	4.335	31.4238
1399226457.935	n	12.4743	3.67277	4.327	31.4238
1399226457.998	n	12.4743	3.67278	4.320	31.4239
1399226458.061	n	12.4744	3.67278	4.310	31.4238
1399226458.123	n	12.4745	3.67280	4.301	31.4239
1399226458.184	n	12.4746	3.67281	4.299	31.4239
1399226458.246	n	12.4748	3.67283	4.292	31.4239
1399226458.310	n	12.4750	3.67284	4.284	31.4239
1399226458.373	n	12.4752	3.67286	4.278	31.4238
1399226458.435	n	12.4754	3.67286	4.273	31.4237
1399226458.500	n	12.4755	3.67287	4.269	31.4237
1399226458.559	n	12.4755	3.67287	4.263	31.4237
1399226458.622	n	12.4756	3.67288	4.256	31.4237
1399226458.684	n	12.4758	3.67288	4.247	31.4236
1399226458.748	n	12.4760	3.67289	4.241	31.4235
1399226458.811	n	12.4762	3.67290	4.232	31.4234
1399226458.872	n	12.4763	3.67291	4.226	31.4234
1399226458.935	n	12.4763	3.67292	4.218	31.4235
1399226458.998	n	12.4763	3.67293	4.213	31.4237
1399226459.060	n	12.4763	3.67293	4.203	31.4237
1399226459.121	n	12.4763	3.67293	4.197	31.4236
1399226459.184	n	12.4765	3.67293	4.191	31.4235
1399226459.247	n	12.4766	3.67293	4.183	31.4234
1399226459.309	n	12.4766	3.67293	4.176	31.4234
1399226459.373	n	12.4766	3.67293	4.167	31.4234
1399226459.434	n	12.4765	3.67291	4.155	31.4234
1399226459.500	n	12.4764	3.67289	4.147	31.4232
1399226459.559	n	12.4764	3.67288	4.139	31.4231
1399226459.622	n	12.4764	3.67288	4.134	31.4231
1399226459.684	n	12.4764	3.67289	4.120	31.4232
1399226459.747	n	12.4764	3.67290	4.109	31.4233
1399226459.810	n	12.4765	3.67291	4.101	31.4234
1399226459.872	n	12.4765	3.67292	4.090	31.4234
1399226459.934	n	12.4765	3.67291	4.078	31.4233
1399226459.998	n	12.4765	3.67291	4.062	31.4233
1399226460.061	n	12.4765	3.67291	4.050	31.4233
1399226460.122	n	12.4766	3.67290	4.041	31.4232
1399226460.184	n	12.4766	3.67290	4.031	31.4232
1399226460.246	n	12.4765	3.67289	4.016	31.4231
1399226460.311	n	12.4763	3.67287	4.002	31.4231
1399226460.373	n	12.4761	3.67285	3.988	31.4232
1399226460.435	n	12.4759	3.67284	3.972	31.4232
1399226460.496	n	12.4758	3.67283	3.958	31.4232
1399226460.559	n	12.4759	3.67283	3.940	31.4232
1399226460.623	n	12.4759	3.67283	3.925	31.4232
1399226460.684	n	12.4759	3.67284	3.906	31.4232
1399226460.747	n	12.4759	3.67284	3.888	31.4232
1399226460.810	n	12.4757	3.67283	3.865	31.4233
1399226460.974	y	12.4752	3.67280	3.843	31.4234
1399226460.979	n	12.4746	3.67275	3.825	31.4235
1399226460.996	n	12.4741	3.67270	3.800	31.4235
1399226461.061	n	12.4738	3.67268	3.776	31.4235
1399226461.122	n	12.4739	3.67269	3.750	31.4236
1399226461.186	n	12.4742	3.67273	3.730	31.4236
1399226461.247	n	12.4746	3.67276	3.706	31.4236
1399226461.310	n	12.4749	3.67278	3.679	31.4236
1399226461.373	n	12.4751	3.67279	3.655	31.4236
1399226461.434	y	12.4752	3.67280	3.629	31.4235
1399226461.498	n	12.4754	3.67280	3.601	31.4234
1399226461.560	n	12.4756	3.67282	3.575	31.4234
1399226461.622	n	12.4758	3.67283	3.547	31.4234
1399226461.685	n	12.4758	3.67284	3.521	31.4234
1399226461.747	n	12.4758	3.67284	3.494	31.4235
1399226461.809	n	12.4756	3.67283	3.472	31.4235
1399226461.872	n	12.4754	3.67282	3.441	31.4236
1399226461.935	n	12.4753	3.67280	3.411	31.4236
1399226461.998	n	12.4751	3.67277	3.381	31.4234
1399226462.060	n	12.4750	3.67275	3.358	31.4233
1399226462.122	n	12.4750	3.67272	3.332	31.4231
1399226462.184	n	12.4750	3.67271	3.304	31.4230
1399226462.248	n	12.4751	3.67272	3.276	31.4229
1399226462.310	n	12.4753	3.67274	3.252	31.4230
1399226462.372	n	12.4754	3.67276	3.228	31.4231
1399226462.435	n	12.4754	3.67277	3.200	31.4232
1399226462.497	n	12.4754	3.67276	3.174	31.4232
1399226462.561	n	12.4753	3.67274	3.153	31.4231
1399226462.623	n	12.4752	3.67273	3.128	31.4230
1399226462.685	n	12.4752	3.67273	3.104	31.4231
1399226462.747	n	12.4752	3.67273	3.079	31.4231
1399226462.809	n	12.4752	3.67273	3.056	31.4231
1399226462.871	n	12.4753	3.67274	3.030	31.4231
1399226462.935	n	12.4754	3.67274	3.006	31.4230
1399226462.997	n	12.4755	3.67275	2.987	31.4231
1399226463.061	n	12.4755	3.67276	2.965	31.4232
1399226463.122	n	12.4755	3.67277	2.939	31.4232
1399226463.185	n	12.4755	3.67277	2.920	31.4233
1399226463.247	n	12.4754	3.67276	2.902	31.4233
1399226463.311	n	12.4753	3.67276	2.878	31.4233
1399226463.372	n	12.4752	3.67275	2.862	31.4233
1399226463.434	n	12.4751	3.67274	2.838	31.4234
1399226463.497	n	12.4750	3.67273	2.822	31.4233
1399226463.560	n	12.4749	3.67272	2.800	31.4233
1399226463.622	n	12.4747	3.67270	2.781	31.4233
1399226463.685	n	12.4746	3.67269	2.762	31.4234
1399226463.748	n	12.4745	3.67269	2.746	31.4235
1399226463.809	n	12.4745	3.67270	2.727	31.4235
1399226463.871	n	12.4747	3.67271	2.711	31.4235
1399226463.935	n	12.4749	3.67273	2.692	31.4235
1399226463.997	n	12.4751	3.67274	2.676	31.4234
1399226464.060	n	12.4752	3.67274	2.659	31.4234
1399226464.123	n	12.4751	3.67273	2.644	31.4234
1399226464.185	n	12.4750	3.67272	2.630	31.4234
1399226464.247	n	12.4749	3.67272	2.616	31.4235
1399226464.311	n	12.4748	3.67272	2.600	31.4235
1399226464.373	n	12.4748	3.67272	2.585	31.4235
1399226464.435	n	12.4748	3.67271	2.575	31.4235
1399226464.497	n	12.4748	3.67271	2.563	31.4234
1399226464.560	n	12.4748	3.67270	2.547	31.4234
1399226464.623	n	12.4747	3.67270	2.534	31.4235
1399226464.685	n	12.4746	3.67270	2.522	31.4236
1399226464.747	n	12.4744	3.67267	2.507	31.4234
1399226464.811	n	12.4743	3.67265	2.496	31.4233
1399226464.871	n	12.4741	3.67264	2.486	31.4234
1399226464.934	n	12.4740	3.67264	2.473	31.4235
1399226464.997	n	12.4740	3.67267	2.463	31.4237
1399226465.106	y	12.4740	3.67269	2.455	31.4240
1399226465.242	y	12.4740	3.67269	2.448	31.4239
1399226465.248	n	12.4741	3.67269	2.439	31.4239
1399226465.254	n	12.4743	3.67270	2.432	31.4239
1399226465.309	n	12.4744	3.67271	2.424	31.4238
1399226465.373	n	12.4746	3.67272	2.418	31.4237
1399226465.435	n	12.4747	3.67272	2.407	31.4237
1399226465.497	n	12.4747	3.67272	2.400	31.4237
1399226465.560	n	12.4748	3.67272	2.395	31.4237
1399226465.622	n	12.4748	3.67272	2.388	31.4236
1399226465.684	n	12.4748	3.67272	2.379	31.4236
1399226465.748	n	12.4748	3.67272	2.375	31.4236
1399226465.811	n	12.4748	3.67273	2.365	31.4237
1399226465.872	n	12.4748	3.67273	2.358	31.4237
1399226466.015	y	12.4748	3.67272	2.353	31.4236
1399226466.021	n	12.4748	3.67271	2.345	31.4235
1399226466.061	n	12.4748	3.67271	2.334	31.4235
1399226466.122	n	12.4748	3.67272	2.330	31.4236
1399226466.185	n	12.4748	3.67272	2.326	31.4237
1399226466.246	n	12.4747	3.67272	2.317	31.4237
1399226466.311	n	12.4747	3.67272	2.311	31.4237
1399226466.372	n	12.4747	3.67272	2.305	31.4238
1399226466.435	n	12.4748	3.67273	2.303	31.4238
1399226466.497	n	12.4748	3.67273	2.296	31.4237
1399226466.560	n	12.4748	3.67272	2.292	31.4236
1399226466.622	n	12.4748	3.67271	2.287	31.4235
1399226466.686	n	12.4748	3.67271	2.285	31.4235
1399226466.747	n	12.4748	3.67272	2.285	31.4236
1399226466.810	n	12.4748	3.67272	2.279	31.4237
1399226466.872	n	12.4747	3.67272	2.274	31.4237
1399226466.934	n	12.4746	3.67271	2.274	31.4237
1399226466.999	n	12.4746	3.67270	2.274	31.4237
1399226467.059	n	12.4745	3.67270	2.268	31.4237
1399226467.122	n	12.4745	3.67271	2.265	31.4238
1399226467.184	n	12.4745	3.67272	2.266	31.4239
1399226467.248	n	12.4745	3.67272	2.264	31.4239
1399226467.309	n	12.4744	3.67271	2.260	31.4239
1399226467.373	n	12.4744	3.67270	2.257	31.4238
1399226467.434	n	12.4743	3.67269	2.255	31.4238
1399226467.498	n	12.4742	3.67268	2.251	31.4239
1399226467.560	n	12.4741	3.67269	2.247	31.4239
1399226467.622	n	12.4741	3.67270	2.243	31.4241
1399226467.684	n	12.4741	3.67270	2.236	31.4241
1399226467.747	n	12.4741	3.67270	2.231	31.4241
1399226467.810	n	12.4741	3.67271	2.220	31.4241
1399226467.872	n	12.4740	3.67271	2.212	31.4242
1399226467.934	n	12.4739	3.67271	2.207	31.4243
1399226467.997	n	12.4738	3.67272	2.198	31.4245
1399226468.059	n	12.4738	3.67273	2.189	31.4245
1399226468.123	n	12.4739	3.67273	2.180	31.4246
1399226468.184	n	12.4740	3.67273	2.177	31.4244
1399226468.248	n	12.4740	3.67272	2.168	31.4244
1399226468.310	n	12.4740	3.67272	2.161	31.4244
1399226468.372	n	12.4739	3.67271	2.155	31.4244
1399226468.434	n	12.4738	3.67270	2.145	31.4244
1399226468.498	n	12.4738	3.67270	2.139	31.4243
1399226468.561	n	12.4739	3.67270	2.132	31.4242
1399226468.623	n	12.4741	3.67270	2.124	31.4241
1399226468.685	n	12.4742	3.67270	2.115	31.4240
1399226468.815	y	12.4742	3.67269	2.103	31.4239
1399226468.821	n	12.4740	3.67267	2.094	31.4239
1399226468.874	n	12.4737	3.67266	2.084	31.4241
1399226468.934	n	12.4735	3.67268	2.071	31.4244
1399226468.997	n	12.4733	3.67269	2.056	31.4246
1399226469.060	n	12.4734	3.67269	2.041	31.4247
1399226469.121	n	12.4736	3.67269	2.026	31.4246
1399226469.184	n	12.4737	3.67269	2.011	31.4244
1399226469.247	n	12.4739	3.67268	1.995	31.4242
1399226469.311	n	12.4739	3.67268	1.980	31.4241
1399226469.529	y	12.4739	3.67268	1.966	31.4241
1399226469.540	n	12.4738	3.67267	1.953	31.4242
1399226469.545	n	12.4737	3.67266	1.944	31.4242
1399226469.560	n	12.4736	3.67266	1.933	31.4242
1399226469.622	n	12.4736	3.67266	1.920	31.4243
1399226469.685	n	12.4737	3.67267	1.916	31.4243
1399226469.748	n	12.4738	3.67268	1.907	31.4242
1399226469.812	n	12.4738	3.67268	1.896	31.4243
1399226469.872	n	12.4739	3.67269	1.892	31.4243
1399226469.935	n	12.4739	3.67270	1.889	31.4243
1399226469.997	n	12.4740	3.67270	1.884	31.4244
1399226470.061	n	12.4740	3.67270	1.876	31.4243
1399226470.123	n	12.4741	3.67269	1.876	31.4241
1399226470.185	n	12.4742	3.67268	1.874	31.4240
1399226470.247	n	12.4742	3.67268	1.868	31.4239
1399226470.311	n	12.4742	3.67267	1.860	31.4239
1399226470.373	n	12.4742	3.67268	1.851	31.4240
1399226470.435	n	12.4742	3.67268	1.843	31.4240
1399226470.497	n	12.4741	3.67268	1.839	31.4240
1399226470.561	n	12.4741	3.67268	1.830	31.4240
1399226470.622	n	12.4741	3.67268	1.820	31.4240
1399226470.685	n	12.4741	3.67267	1.812	31.4240
1399226470.748	n	12.4741	3.67268	1.804	31.4240
1399226470.809	n	12.4741	3.67268	1.796	31.4241
1399226470.874	n	12.4741	3.67268	1.791	31.4241
1399226470.936	n	12.4741	3.67268	1.783	31.4241
1399226470.998	n	12.4740	3.67267	1.773	31.4241
1399226471.060	n	12.4739	3.67266	1.765	31.4241
1399226471.122	n	12.4737	3.67265	1.754	31.4241
1399226471.184	n	12.4736	3.67263	1.745	31.4240
1399226471.248	n	12.4735	3.67262	1.735	31.4240
1399226471.310	n	12.4734	3.67261	1.725	31.4240
1399226471.372	n	12.4735	3.67262	1.712	31.4240
1399226471.435	n	12.4736	3.67261	1.696	31.4239
1399226471.497	n	12.4735	3.67260	1.680	31.4238
1399226471.559	n	12.4733	3.67256	1.659	31.4237
1399226471.623	n	12.4731	3.67254	1.645	31.4236
1399226471.685	n	12.4729	3.67253	1.624	31.4236
1399226471.749	n	12.4730	3.67253	1.603	31.4236
1399226471.811	n	12.4730	3.67253	1.584	31.4236
1399226471.873	n	12.4731	3.67253	1.567	31.4236
1399226471.935	n	12.4732	3.67253	1.546	31.4235
1399226471.999	n	12.4732	3.67252	1.525	31.4234
1399226472.062	n	12.4732	3.67253	1.507	31.4235
1399226472.122	n	12.4731	3.67254	1.488	31.4237
1399226472.185	n	12.4731	3.67256	1.475	31.4238
1399226472.247	n	12.4732	3.67256	1.457	31.4238
1399226472.311	n	12.4733	3.67257	1.436	31.4238
1399226472.373	n	12.4735	3.67256	1.419	31.4237
1399226472.434	y	12.4735	3.67256	1.404	31.4236
1399226472.497	n	12.4734	3.67255	1.391	31.4236
1399226472.560	n	12.4733	3.67254	1.377	31.4235
1399226472.622	n	12.4732	3.67252	1.363	31.4235
1399226472.685	n	12.4733	3.67252	1.350	31.4234
1399226472.747	n	12.4733	3.67252	1.339	31.4233
1399226472.810	n	12.4734	3.67252	1.326	31.4233
1399226472.872	n	12.4733	3.67252	1.315	31.4234
1399226472.934	n	12.4733	3.67253	1.303	31.4235
1399226472.998	n	12.4733	3.67254	1.294	31.4236
1399226473.059	n	12.4733	3.67255	1.285	31.4237
1399226473.123	n	12.4732	3.67255	1.271	31.4238
1399226473.184	n	12.4732	3.67256	1.256	31.4239
1399226473.247	n	12.4732	3.67256	1.244	31.4239
1399226473.309	n	12.4733	3.67257	1.231	31.4239
1399226473.373	n	12.4734	3.67257	1.217	31.4238
1399226473.434	n	12.4735	3.67257	1.206	31.4237
1399226473.497	n	12.4735	3.67257	1.193	31.4238
1399226473.561	n	12.4734	3.67258	1.177	31.4239
1399226473.808	y	12.4734	3.67257	1.165	31.4239
1399226473.820	n	12.4733	3.67257	1.152	31.4240
1399226473.826	n	12.4731	3.67257	1.142	31.4241
1399226473.831	n	12.4730	3.67255	1.124	31.4240
1399226473.871	n	12.4730	3.67253	1.108	31.4239
1399226473.934	n	12.4729	3.67251	1.095	31.4237
1399226473.998	n	12.4729	3.67249	1.080	31.4235
1399226474.059	n	12.4729	3.67247	1.064	31.4233
1399226474.121	n	12.4729	3.67247	1.049	31.4233
1399226474.186	n	12.4729	3.67247	1.032	31.4234
1399226474.247	n	12.4729	3.67248	1.015	31.4234
1399226474.311	n	12.4729	3.67248	1.000	31.4234
1399226474.372	n	12.4729	3.67246	0.983	31.4232
1399226474.434	n	12.4729	3.67245	0.968	31.4232
1399226474.498	n	12.4730	3.67249	0.958	31.4236
1399226474.561	n	12.4730	3.67257	0.942	31.4242
1399226474.623	n	12.4731	3.67261	0.926	31.4245
1399226474.685	n	12.4730	3.67251	0.910	31.4237
1399226474.749	n	12.4728	3.67228	0.893	31.4217
1399226474.811	n	12.4724	3.67200	0.869	31.4194
1399226474.873	n	12.4722	3.67179	0.843	31.4175
1399226474.935	n	12.4722	3.67169	0.814	31.4166
1399226474.999	n	12.4723	3.67167	0.782	31.4164
1399226475.059	n	12.4725	3.67167	0.752	31.4163
1399226475.121	n	12.4725	3.67165	0.718	31.4161
1399226475.184	n	12.4723	3.67162	0.683	31.4160
1399226475.248	n	12.4719	3.67155	0.646	31.4157
1399226475.310	n	12.4710	3.55002	0.612	30.2633
1399226475.373	n	12.4691	3.13388	0.577	26.3621
1399226475.443	n	12.4660	2.53977	0.545	20.9182
1399226475.498	n	12.4617	1.90618	0.510	15.2864
1399226475.559	n	12.4567	1.38043	0.481	10.7673
1399226475.622	n	12.4519	1.08597	0.457	8.3084
1399226475.685	n	12.4480	0.96954	0.436	7.3531
1399226475.749	n	12.4454	0.85125	0.420	6.3928
1399226475.809	n	12.4438	0.76475	0.408	5.6980
1399226475.873	n	12.4429	0.71199	0.402	5.2776
1399226475.935	n	12.4422	0.68095	0.397	5.0315
1399226475.997	y	12.4415	0.65648	0.396	4.8381
1399226476.059	n	12.4406	0.62829	0.397	4.6162
1399226476.123	n	12.4398	0.59264	0.401	4.3366
1399226476.185	n	12.4389	0.55169	0.409	4.0172
1399226476.248	n	12.4379	0.51292	0.417	3.7167
1399226476.310	n	12.4366	0.48084	0.427	3.4694
1399226476.372	n	12.4351	0.45646	0.441	3.2824
1399226476.435	n	12.4336	0.43888	0.453	3.1480
1399226476.498	n	12.4337	0.42553	0.469	3.0462
