Source File: D:\Storage\Programs\OOI\Group 5\Correspondence\07_18_14 sample files\files\11244999.PPB
Processed: 07/18/2014 12:27:59
Using Version: 1.11
Device: CTD
Start Date: 05/04/2014
Timestamp (s)	Suspect Timestamp	Temperature	Conductivity	Pressure	Salinity
1399204782.682	y	12.1457	3.67914	23.342	31.7539
1399204782.745	n	12.1457	3.67916	23.331	31.7540
1399204782.807	n	12.1458	3.67912	23.327	31.7537
1399204782.872	n	12.1457	3.67914	23.342	31.7539
1399204782.934	n	12.1458	3.67916	23.331	31.7540
1399204782.995	n	12.1458	3.67916	23.314	31.7539
1399204783.058	n	12.1458	3.67912	23.308	31.7537
1399204783.123	n	12.1458	3.67914	23.327	31.7539
1399204783.184	n	12.1458	3.67915	23.323	31.7539
1399204783.248	n	12.1458	3.67914	23.320	31.7538
1399204783.309	n	12.1458	3.67914	23.314	31.7538
1399204783.372	n	12.1458	3.67914	23.308	31.7538
1399204783.437	n	12.1458	3.67914	23.305	31.7539
1399204783.500	n	12.1458	3.67914	23.300	31.7539
1399204783.560	n	12.1458	3.67915	23.293	31.7539
1399204783.623	n	12.1458	3.67915	23.289	31.7539
1399204783.686	n	12.1459	3.67915	23.282	31.7538
1399204783.749	n	12.1459	3.67915	23.278	31.7538
1399204783.811	n	12.1460	3.67915	23.271	31.7538
1399204783.874	n	12.1461	3.67914	23.263	31.7537
1399204783.936	n	12.1461	3.67914	23.260	31.7535
1399204783.997	n	12.1462	3.67912	23.254	31.7534
1399204784.059	n	12.1462	3.67912	23.247	31.7533
1399204784.122	n	12.1462	3.67912	23.240	31.7533
1399204784.186	n	12.1462	3.67912	23.231	31.7533
1399204785.197	n	12.1462	3.67912	23.223	31.7533
1399204785.220	n	12.1462	3.67911	23.221	31.7533
1399204785.245	n	12.1462	3.67911	23.213	31.7532
1399204785.255	n	12.1461	3.67911	23.207	31.7533
1399204785.261	n	12.1461	3.67912	23.203	31.7534
1399204785.266	n	12.1462	3.67913	23.194	31.7535
1399204785.272	n	12.1462	3.67914	23.189	31.7535
1399204785.277	n	12.1462	3.67914	23.179	31.7535
1399204785.283	n	12.1462	3.67913	23.170	31.7535
1399204785.288	n	12.1462	3.67913	23.166	31.7534
1399204785.294	n	12.1462	3.67913	23.159	31.7534
1399204785.299	n	12.1462	3.67913	23.149	31.7535
1399204785.304	n	12.1462	3.67913	23.141	31.7535
1399204785.310	n	12.1462	3.67913	23.132	31.7535
1399204785.316	n	12.1461	3.67913	23.126	31.7535
1399204785.322	n	12.1461	3.67912	23.120	31.7535
1399204785.326	n	12.1460	3.67913	23.108	31.7536
1399204785.331	n	12.1460	3.67913	23.101	31.7536
1399204785.372	n	12.1460	3.67913	23.093	31.7536
1399204785.435	n	12.1460	3.67912	23.089	31.7535
1399204785.498	n	12.1460	3.67911	23.081	31.7535
1399204785.561	n	12.1460	3.67910	23.072	31.7534
1399204785.623	n	12.1460	3.67910	23.066	31.7533
1399204785.686	n	12.1460	3.67910	23.063	31.7533
1399204785.747	n	12.1460	3.67911	23.060	31.7534
1399204785.810	n	12.1460	3.67911	23.052	31.7535
1399204785.872	n	12.1460	3.67912	23.046	31.7535
1399204785.934	n	12.1461	3.67912	23.047	31.7535
1399204785.998	n	12.1461	3.67911	23.042	31.7534
1399204786.059	n	12.1461	3.67910	23.034	31.7533
1399204786.122	n	12.1461	3.67910	23.032	31.7532
1399204786.187	n	12.1461	3.67910	23.030	31.7533
1399204786.258	n	12.1461	3.67910	23.027	31.7532
1399204786.311	n	12.1461	3.67910	23.023	31.7533
1399204786.374	n	12.1462	3.67910	23.025	31.7533
1399204786.434	n	12.1462	3.67910	23.024	31.7532
1399204786.497	n	12.1463	3.67910	23.021	31.7532
1399204786.561	n	12.1463	3.67910	23.023	31.7531
1399204786.623	n	12.1462	3.67909	23.024	31.7531
1399204786.684	n	12.1462	3.67908	23.022	31.7530
1399204786.747	n	12.1462	3.67908	23.023	31.7531
1399204786.809	n	12.1462	3.67908	23.028	31.7530
1399204786.873	n	12.1462	3.67909	23.030	31.7531
1399204786.935	n	12.1463	3.67910	23.031	31.7531
1399204786.997	n	12.1463	3.67910	23.031	31.7531
1399204787.061	n	12.1462	3.67910	23.030	31.7532
1399204787.123	n	12.1462	3.67910	23.037	31.7532
1399204787.186	n	12.1462	3.67909	23.043	31.7531
1399204787.251	n	12.1462	3.67908	23.047	31.7530
1399204787.311	n	12.1463	3.67908	23.052	31.7529
1399204787.373	n	12.1463	3.67907	23.060	31.7528
1399204787.435	n	12.1464	3.67907	23.064	31.7528
1399204787.499	n	12.1464	3.67907	23.070	31.7527
1399204787.559	n	12.1464	3.67907	23.078	31.7527
1399204787.622	n	12.1464	3.67907	23.086	31.7527
1399204787.686	n	12.1464	3.67906	23.092	31.7527
1399204787.748	n	12.1464	3.67906	23.100	31.7527
1399204787.810	n	12.1463	3.67905	23.106	31.7526
1399204787.872	n	12.1462	3.67905	23.120	31.7526
1399204787.936	n	12.1462	3.67904	23.124	31.7526
1399204787.998	n	12.1462	3.67904	23.133	31.7526
1399204788.059	n	12.1462	3.67904	23.144	31.7526
1399204788.121	n	12.1463	3.67905	23.151	31.7526
1399204788.184	n	12.1464	3.67905	23.161	31.7525
1399204788.247	n	12.1465	3.67905	23.170	31.7524
1399204788.329	y	12.1465	3.67905	23.178	31.7524
1399204788.371	n	12.1465	3.67904	23.189	31.7524
1399204788.436	n	12.1464	3.67903	23.199	31.7523
1399204788.497	y	12.1463	3.67902	23.209	31.7523
1399204788.646	n	12.1463	3.67902	23.219	31.7523
1399204788.652	n	12.1463	3.67903	23.228	31.7524
1399204788.684	n	12.1463	3.67903	23.238	31.7524
1399204788.747	n	12.1463	3.67904	23.253	31.7524
1399204788.809	n	12.1463	3.67904	23.263	31.7524
1399204788.873	n	12.1463	3.67904	23.269	31.7524
1399204788.936	n	12.1463	3.67904	23.281	31.7524
1399204788.999	n	12.1464	3.67903	23.290	31.7523
1399204789.061	n	12.1464	3.67904	23.301	31.7523
1399204789.123	n	12.1464	3.67904	23.310	31.7524
1399204789.187	n	12.1464	3.67905	23.319	31.7524
1399204789.248	n	12.1464	3.67905	23.326	31.7524
1399204789.310	n	12.1464	3.67904	23.332	31.7524
1399204789.372	n	12.1464	3.67903	23.341	31.7523
1399204789.435	n	12.1464	3.67902	23.350	31.7521
1399204789.497	n	12.1464	3.67901	23.358	31.7521
1399204789.559	n	12.1464	3.67901	23.361	31.7520
1399204789.624	n	12.1464	3.67901	23.370	31.7521
1399204789.685	n	12.1464	3.67901	23.374	31.7521
1399204789.747	n	12.1464	3.67902	23.381	31.7522
1399204789.810	n	12.1464	3.67903	23.388	31.7522
1399204789.872	n	12.1464	3.67903	23.394	31.7522
1399204789.937	n	12.1464	3.67902	23.402	31.7521
1399204789.998	n	12.1464	3.67900	23.408	31.7519
1399204790.059	n	12.1464	3.67900	23.410	31.7519
1399204790.124	n	12.1464	3.67901	23.415	31.7521
1399204790.185	n	12.1464	3.67902	23.423	31.7522
1399204790.246	n	12.1464	3.67903	23.428	31.7522
1399204790.310	n	12.1464	3.67903	23.431	31.7522
1399204790.372	n	12.1464	3.67903	23.439	31.7522
1399204790.435	n	12.1464	3.67903	23.443	31.7522
1399204790.498	n	12.1464	3.67903	23.448	31.7522
1399204790.560	n	12.1464	3.67902	23.449	31.7521
1399204790.622	n	12.1463	3.67902	23.457	31.7521
1399204790.687	n	12.1464	3.67902	23.458	31.7521
1399204790.748	n	12.1464	3.67902	23.457	31.7521
1399204790.810	n	12.1464	3.67903	23.460	31.7522
1399204790.872	n	12.1464	3.67903	23.463	31.7522
1399204790.937	n	12.1463	3.67902	23.465	31.7522
1399204790.998	n	12.1463	3.67902	23.465	31.7521
1399204791.059	n	12.1463	3.67901	23.467	31.7521
1399204791.121	n	12.1464	3.67901	23.468	31.7520
1399204791.184	n	12.1464	3.67901	23.463	31.7520
1399204791.246	n	12.1463	3.67901	23.467	31.7521
1399204791.309	n	12.1463	3.67902	23.467	31.7521
1399204791.372	n	12.1463	3.67901	23.464	31.7521
1399204791.435	n	12.1463	3.67901	23.463	31.7521
1399204791.497	n	12.1463	3.67901	23.460	31.7521
1399204791.559	n	12.1463	3.67902	23.458	31.7522
1399204791.623	n	12.1463	3.67903	23.453	31.7523
1399204791.685	n	12.1463	3.67903	23.453	31.7523
1399204791.747	n	12.1463	3.67902	23.448	31.7522
1399204791.835	n	12.1463	3.67901	23.441	31.7521
1399204791.871	n	12.1463	3.67900	23.439	31.7520
1399204791.935	n	12.1463	3.67900	23.434	31.7521
1399204791.999	n	12.1463	3.67900	23.428	31.7521
1399204792.072	y	12.1463	3.67900	23.422	31.7520
1399204792.123	n	12.1462	3.67899	23.421	31.7520
1399204792.185	n	12.1462	3.67899	23.411	31.7520
1399204792.247	n	12.1461	3.67899	23.400	31.7521
1399204792.310	n	12.1461	3.67900	23.395	31.7522
1399204792.373	n	12.1461	3.67899	23.387	31.7521
1399204792.434	n	12.1461	3.67899	23.380	31.7521
1399204792.497	n	12.1461	3.67899	23.371	31.7520
1399204792.573	n	12.1462	3.67898	23.362	31.7520
1399204792.623	y	12.1462	3.67899	23.355	31.7520
1399204792.685	n	12.1462	3.67898	23.347	31.7519
1399204792.887	y	12.1461	3.67897	23.339	31.7519
1399204792.895	n	12.1461	3.67896	23.330	31.7519
1399204792.901	n	12.1460	3.67896	23.319	31.7518
1399204792.934	n	12.1460	3.67896	23.309	31.7519
1399204792.998	n	12.1460	3.67897	23.298	31.7520
1399204793.060	n	12.1460	3.67897	23.288	31.7520
1399204793.123	n	12.1461	3.67897	23.277	31.7520
1399204793.186	n	12.1461	3.67897	23.266	31.7520
1399204793.249	n	12.1461	3.67897	23.254	31.7520
1399204793.309	n	12.1461	3.67897	23.244	31.7520
1399204793.372	n	12.1461	3.67897	23.230	31.7520
1399204793.435	n	12.1461	3.67897	23.221	31.7520
1399204793.498	n	12.1460	3.67898	23.206	31.7521
1399204793.561	n	12.1460	3.67898	23.197	31.7521
1399204793.825	n	12.1460	3.67898	23.185	31.7521
1399204793.830	n	12.1461	3.67897	23.168	31.7520
1399204793.836	n	12.1461	3.67897	23.152	31.7520
1399204793.840	n	12.1460	3.67898	23.140	31.7521
1399204793.873	n	12.1460	3.67898	23.125	31.7522
1399204793.935	n	12.1460	3.67898	23.113	31.7522
1399204793.998	n	12.1460	3.67896	23.099	31.7520
1399204794.061	n	12.1460	3.67896	23.083	31.7519
1399204794.123	n	12.1461	3.67895	23.068	31.7519
1399204794.184	n	12.1461	3.67895	23.052	31.7519
1399204794.250	n	12.1461	3.67896	23.037	31.7519
1399204794.309	n	12.1461	3.67896	23.023	31.7520
1399204794.372	n	12.1461	3.67896	23.006	31.7520
1399204794.435	n	12.1460	3.67896	22.991	31.7520
1399204794.497	n	12.1460	3.67896	22.980	31.7520
1399204794.560	n	12.1460	3.67895	22.963	31.7520
1399204794.623	n	12.1460	3.67895	22.945	31.7520
1399204794.684	n	12.1460	3.67895	22.929	31.7519
1399204794.749	n	12.1461	3.67895	22.913	31.7519
1399204794.809	n	12.1461	3.67894	22.894	31.7519
1399204794.873	n	12.1461	3.67893	22.884	31.7517
1399204794.936	n	12.1460	3.67892	22.870	31.7517
1399204794.998	n	12.1460	3.67891	22.853	31.7517
1399204795.060	n	12.1459	3.67891	22.839	31.7517
1399204795.123	n	12.1459	3.67892	22.824	31.7518
1399204795.185	n	12.1460	3.67893	22.809	31.7519
1399204795.251	n	12.1460	3.67894	22.794	31.7519
1399204795.310	n	12.1460	3.67894	22.776	31.7519
1399204795.373	n	12.1460	3.67894	22.759	31.7519
1399204795.435	n	12.1460	3.67893	22.745	31.7519
1399204795.497	n	12.1460	3.67892	22.733	31.7518
1399204795.561	n	12.1460	3.67890	22.717	31.7516
1399204795.622	y	12.1460	3.67890	22.702	31.7516
1399204795.686	n	12.1460	3.67890	22.685	31.7516
1399204795.748	n	12.1460	3.67891	22.668	31.7517
1399204795.810	n	12.1460	3.67892	22.651	31.7518
1399204795.873	n	12.1459	3.67892	22.635	31.7519
1399204795.935	n	12.1459	3.67892	22.618	31.7519
1399204795.998	n	12.1459	3.67892	22.602	31.7519
1399204796.059	n	12.1460	3.67892	22.585	31.7519
1399204796.122	n	12.1460	3.67892	22.572	31.7518
1399204796.185	n	12.1460	3.67891	22.554	31.7517
1399204796.248	n	12.1460	3.67890	22.535	31.7516
1399204796.310	n	12.1461	3.67889	22.518	31.7515
1399204796.372	n	12.1461	3.67889	22.500	31.7515
1399204796.435	n	12.1460	3.67889	22.481	31.7515
1399204796.497	n	12.1460	3.67889	22.465	31.7516
1399204796.560	n	12.1459	3.67889	22.449	31.7516
1399204796.622	n	12.1459	3.67889	22.432	31.7516
1399204796.685	n	12.1459	3.67889	22.414	31.7516
1399204796.748	n	12.1459	3.67889	22.398	31.7517
1399204796.811	n	12.1459	3.67889	22.380	31.7517
1399204796.872	n	12.1459	3.67889	22.363	31.7517
1399204796.937	n	12.1459	3.67889	22.351	31.7517
1399204797.166	y	12.1459	3.67889	22.336	31.7517
1399204797.174	n	12.1459	3.67889	22.320	31.7518
1399204797.179	n	12.1459	3.67890	22.301	31.7518
1399204797.185	n	12.1458	3.67890	22.285	31.7519
1399204797.247	n	12.1457	3.67890	22.273	31.7520
1399204797.311	n	12.1457	3.67889	22.257	31.7520
1399204797.374	n	12.1457	3.67889	22.240	31.7519
1399204797.436	n	12.1457	3.67889	22.228	31.7519
1399204797.498	n	12.1457	3.67888	22.215	31.7518
1399204797.560	n	12.1457	3.67887	22.202	31.7517
1399204797.624	n	12.1457	3.67886	22.187	31.7517
1399204797.686	n	12.1456	3.67885	22.174	31.7517
1399204797.747	n	12.1456	3.67885	22.155	31.7517
1399204797.810	n	12.1455	3.67886	22.144	31.7518
1399204797.873	n	12.1455	3.67887	22.128	31.7520
1399204797.936	n	12.1455	3.67889	22.111	31.7521
1399204797.996	n	12.1454	3.67889	22.095	31.7522
1399204798.061	n	12.1454	3.67890	22.080	31.7523
1399204798.123	n	12.1454	3.67889	22.066	31.7522
1399204798.184	n	12.1454	3.67889	22.053	31.7522
1399204798.247	n	12.1455	3.67889	22.037	31.7522
1399204798.310	n	12.1455	3.67889	22.019	31.7522
1399204798.373	n	12.1455	3.67888	22.006	31.7521
1399204798.436	n	12.1455	3.67887	21.990	31.7520
1399204798.498	n	12.1455	3.67886	21.976	31.7520
1399204798.560	n	12.1455	3.67886	21.961	31.7520
1399204798.623	n	12.1455	3.67887	21.949	31.7520
1399204798.686	n	12.1455	3.67888	21.937	31.7521
1399204798.748	n	12.1454	3.67888	21.924	31.7522
1399204798.810	n	12.1454	3.67887	21.910	31.7521
1399204798.872	n	12.1453	3.67885	21.900	31.7520
1399204798.936	n	12.1453	3.67883	21.885	31.7519
1399204798.998	n	12.1452	3.67883	21.875	31.7519
1399204799.060	n	12.1452	3.67884	21.867	31.7520
1399204799.124	n	12.1453	3.67885	21.853	31.7521
1399204799.185	n	12.1453	3.67887	21.843	31.7522
1399204799.306	y	12.1453	3.67886	21.833	31.7522
1399204799.312	n	12.1453	3.67886	21.823	31.7522
1399204799.373	n	12.1452	3.67885	21.817	31.7521
1399204799.436	n	12.1451	3.67885	21.808	31.7522
1399204799.497	n	12.1451	3.67885	21.801	31.7523
1399204799.560	n	12.1451	3.67886	21.792	31.7523
1399204799.622	n	12.1451	3.67886	21.785	31.7524
1399204799.686	n	12.1450	3.67885	21.775	31.7524
1399204799.747	n	12.1450	3.67884	21.767	31.7523
1399204799.810	n	12.1450	3.67883	21.761	31.7522
1399204799.872	n	12.1450	3.67883	21.754	31.7522
1399204799.937	n	12.1450	3.67883	21.746	31.7522
1399204799.996	n	12.1450	3.67883	21.736	31.7522
1399204800.061	n	12.1449	3.67883	21.733	31.7523
1399204800.122	n	12.1448	3.67884	21.724	31.7524
1399204800.185	n	12.1448	3.67885	21.713	31.7525
1399204800.247	n	12.1448	3.67886	21.703	31.7526
1399204800.309	n	12.1448	3.67886	21.698	31.7526
1399204800.372	n	12.1448	3.67886	21.691	31.7526
1399204800.435	n	12.1448	3.67886	21.680	31.7527
1399204800.497	n	12.1447	3.67887	21.671	31.7527
1399204800.561	n	12.1447	3.67887	21.660	31.7528
1399204800.623	n	12.1447	3.67886	21.654	31.7528
1399204800.684	n	12.1447	3.67885	21.644	31.7527
1399204800.748	n	12.1447	3.67885	21.634	31.7526
1399204800.810	n	12.1447	3.67884	21.624	31.7526
1399204800.872	n	12.1446	3.67883	21.617	31.7526
1399204800.935	n	12.1446	3.67884	21.609	31.7527
1399204800.997	n	12.1445	3.67884	21.597	31.7527
1399204801.059	n	12.1445	3.67885	21.586	31.7528
1399204801.122	n	12.1445	3.67885	21.579	31.7528
1399204801.186	n	12.1446	3.67884	21.571	31.7527
1399204801.382	y	12.1447	3.67883	21.559	31.7525
1399204801.388	n	12.1447	3.67883	21.551	31.7524
1399204801.399	n	12.1447	3.67883	21.540	31.7525
1399204801.435	n	12.1447	3.67884	21.533	31.7525
1399204801.498	n	12.1447	3.67886	21.521	31.7527
1399204801.560	n	12.1447	3.67886	21.508	31.7529
1399204801.623	n	12.1447	3.67887	21.500	31.7529
1399204801.686	n	12.1447	3.67885	21.488	31.7527
1399204801.747	n	12.1447	3.67884	21.478	31.7526
1399204801.809	n	12.1447	3.67883	21.465	31.7525
1399204801.873	n	12.1448	3.67883	21.453	31.7525
1399204801.934	n	12.1447	3.67883	21.440	31.7526
1399204801.998	n	12.1447	3.67883	21.426	31.7526
1399204802.060	n	12.1447	3.67883	21.419	31.7526
1399204802.122	n	12.1447	3.67883	21.405	31.7526
1399204802.184	n	12.1447	3.67883	21.391	31.7526
1399204802.247	n	12.1447	3.67883	21.380	31.7526
1399204802.310	n	12.1447	3.67883	21.366	31.7525
1399204802.373	n	12.1447	3.67882	21.348	31.7525
1399204802.436	n	12.1447	3.67882	21.331	31.7525
1399204802.498	n	12.1447	3.67882	21.313	31.7525
1399204802.560	n	12.1447	3.67883	21.297	31.7525
1399204802.622	n	12.1448	3.67884	21.277	31.7526
1399204802.686	n	12.1448	3.67884	21.263	31.7526
1399204802.747	n	12.1448	3.67883	21.243	31.7525
1399204802.811	n	12.1447	3.67882	21.227	31.7525
1399204802.873	n	12.1447	3.67882	21.206	31.7525
1399204802.934	n	12.1447	3.67882	21.184	31.7526
1399204802.997	y	12.1447	3.67882	21.166	31.7525
1399204803.061	n	12.1447	3.67882	21.145	31.7526
1399204803.123	n	12.1447	3.67882	21.123	31.7525
1399204803.184	n	12.1447	3.67882	21.106	31.7526
1399204803.247	n	12.1447	3.67883	21.084	31.7526
1399204803.309	n	12.1448	3.67884	21.060	31.7527
1399204803.372	n	12.1448	3.67883	21.038	31.7527
1399204803.435	n	12.1447	3.67883	21.016	31.7527
1399204803.499	n	12.1446	3.67882	20.994	31.7527
1399204803.559	n	12.1446	3.67882	20.973	31.7527
1399204803.623	n	12.1447	3.67881	20.950	31.7526
1399204803.686	n	12.1447	3.67881	20.927	31.7526
1399204803.749	n	12.1447	3.67881	20.901	31.7526
1399204803.810	n	12.1447	3.67881	20.876	31.7526
1399204803.872	n	12.1447	3.67882	20.852	31.7526
1399204803.935	n	12.1447	3.67882	20.829	31.7527
1399204803.997	n	12.1447	3.67881	20.801	31.7526
1399204804.061	n	12.1447	3.67881	20.775	31.7526
1399204804.123	n	12.1448	3.67881	20.751	31.7526
1399204804.186	n	12.1448	3.67881	20.727	31.7525
1399204804.247	n	12.1448	3.67881	20.702	31.7526
1399204804.310	n	12.1448	3.67881	20.671	31.7526
1399204804.372	n	12.1447	3.67881	20.647	31.7527
1399204804.435	n	12.1447	3.67881	20.618	31.7527
1399204804.498	n	12.1447	3.67882	20.589	31.7527
1399204804.560	n	12.1447	3.67881	20.561	31.7527
1399204804.623	n	12.1447	3.67881	20.533	31.7527
1399204804.686	n	12.1447	3.67880	20.504	31.7526
1399204804.747	n	12.1447	3.67880	20.478	31.7526
1399204804.811	n	12.1448	3.67880	20.446	31.7526
1399204804.873	n	12.1448	3.67879	20.414	31.7525
1399204804.936	n	12.1448	3.67879	20.387	31.7525
1399204804.999	y	12.1448	3.67879	20.354	31.7525
1399204805.084	n	12.1448	3.67879	20.323	31.7525
1399204805.122	n	12.1448	3.67880	20.292	31.7526
1399204805.185	n	12.1447	3.67881	20.261	31.7527
1399204805.248	n	12.1447	3.67880	20.230	31.7527
1399204805.310	n	12.1447	3.67880	20.200	31.7527
1399204805.373	n	12.1447	3.67880	20.169	31.7528
1399204805.435	n	12.1447	3.67881	20.135	31.7528
1399204805.643	y	12.1447	3.67880	20.099	31.7528
1399204805.649	n	12.1447	3.67880	20.066	31.7528
1399204805.654	n	12.1448	3.67879	20.036	31.7527
1399204805.684	n	12.1448	3.67879	20.004	31.7526
1399204805.747	n	12.1448	3.67879	19.972	31.7526
1399204805.811	n	12.1448	3.67879	19.940	31.7527
1399204805.874	n	12.1447	3.67879	19.910	31.7527
1399204805.935	n	12.1447	3.67878	19.875	31.7526
1399204805.998	n	12.1448	3.67877	19.842	31.7525
1399204806.060	n	12.1448	3.67876	19.807	31.7524
1399204806.122	n	12.1448	3.67876	19.779	31.7524
1399204806.184	n	12.1448	3.67877	19.750	31.7525
1399204806.247	n	12.1448	3.67877	19.717	31.7526
1399204806.309	n	12.1448	3.67878	19.683	31.7526
1399204806.372	n	12.1448	3.67877	19.651	31.7526
1399204806.435	n	12.1448	3.67876	19.621	31.7526
1399204806.497	n	12.1448	3.67877	19.590	31.7526
1399204806.560	n	12.1448	3.67878	19.558	31.7527
1399204806.622	n	12.1449	3.67877	19.531	31.7526
1399204806.686	y	12.1449	3.67877	19.503	31.7525
1399204806.748	n	12.1449	3.67876	19.474	31.7525
1399204806.811	n	12.1448	3.67876	19.448	31.7526
1399204806.872	n	12.1448	3.67876	19.419	31.7526
1399204806.936	n	12.1448	3.67877	19.394	31.7527
1399204806.997	n	12.1448	3.67877	19.366	31.7528
1399204807.060	n	12.1449	3.67877	19.337	31.7527
1399204807.124	n	12.1449	3.67876	19.313	31.7526
1399204807.185	n	12.1449	3.67875	19.288	31.7525
1399204807.247	n	12.1449	3.67874	19.263	31.7524
1399204807.309	n	12.1448	3.67874	19.238	31.7524
1399204807.372	n	12.1448	3.67874	19.212	31.7524
1399204807.435	n	12.1449	3.67874	19.189	31.7525
1399204807.498	n	12.1449	3.67875	19.165	31.7525
1399204807.560	n	12.1448	3.67875	19.142	31.7526
1399204807.624	n	12.1448	3.67876	19.120	31.7527
1399204807.684	n	12.1448	3.67875	19.102	31.7527
1399204807.747	n	12.1449	3.67876	19.079	31.7527
1399204807.809	n	12.1449	3.67876	19.056	31.7527
1399204807.874	n	12.1449	3.67876	19.039	31.7526
1399204807.936	n	12.1449	3.67875	19.015	31.7526
1399204807.997	n	12.1449	3.67876	18.997	31.7527
1399204808.061	n	12.1449	3.67876	18.982	31.7527
1399204808.122	n	12.1449	3.67877	18.966	31.7528
1399204808.186	n	12.1449	3.67877	18.954	31.7527
1399204808.247	n	12.1450	3.67876	18.934	31.7526
1399204808.311	n	12.1450	3.67875	18.924	31.7525
1399204808.373	n	12.1450	3.67875	18.907	31.7525
1399204808.436	n	12.1450	3.67874	18.894	31.7524
1399204808.498	n	12.1450	3.67874	18.883	31.7524
1399204808.560	n	12.1450	3.67874	18.873	31.7524
1399204808.624	n	12.1451	3.67874	18.861	31.7524
1399204808.685	n	12.1451	3.67874	18.851	31.7524
1399204808.748	n	12.1451	3.67875	18.842	31.7524
1399204808.810	n	12.1452	3.67875	18.831	31.7525
1399204808.873	n	12.1452	3.67875	18.824	31.7524
1399204808.935	n	12.1453	3.67874	18.819	31.7522
1399204808.997	n	12.1455	3.67872	18.812	31.7519
1399204809.059	n	12.1456	3.67871	18.803	31.7517
1399204809.123	n	12.1457	3.67870	18.797	31.7515
1399204809.185	n	12.1459	3.67871	18.794	31.7514
1399204809.247	n	12.1460	3.67872	18.790	31.7514
1399204809.309	n	12.1463	3.67873	18.783	31.7513
1399204809.372	n	12.1465	3.67872	18.778	31.7511
1399204809.435	n	12.1467	3.67872	18.774	31.7508
1399204809.497	n	12.1470	3.67871	18.769	31.7505
1399204809.560	n	12.1472	3.67872	18.766	31.7504
1399204809.623	n	12.1474	3.67873	18.763	31.7503
1399204809.686	n	12.1476	3.67874	18.759	31.7503
1399204809.872	y	12.1478	3.67874	18.757	31.7501
1399204809.880	n	12.1481	3.67874	18.755	31.7499
1399204809.886	n	12.1483	3.67874	18.751	31.7497
1399204809.934	n	12.1485	3.67875	18.745	31.7496
1399204809.997	n	12.1488	3.67875	18.744	31.7494
1399204810.060	n	12.1490	3.67874	18.739	31.7491
1399204810.124	n	12.1492	3.67874	18.734	31.7489
1399204810.184	n	12.1495	3.67873	18.735	31.7486
1399204810.270	y	12.1497	3.67873	18.731	31.7484
1399204810.309	n	12.1499	3.67872	18.727	31.7482
1399204810.373	n	12.1502	3.67873	18.725	31.7480
1399204810.436	n	12.1504	3.67873	18.724	31.7478
1399204810.498	n	12.1507	3.67873	18.725	31.7476
1399204810.560	n	12.1510	3.67874	18.720	31.7474
1399204810.623	n	12.1512	3.67873	18.718	31.7472
1399204810.685	n	12.1515	3.67873	18.714	31.7469
1399204810.747	n	12.1517	3.67872	18.713	31.7466
1399204810.809	n	12.1520	3.67871	18.711	31.7463
1399204810.873	n	12.1523	3.67871	18.711	31.7460
1399204810.936	n	12.1526	3.67872	18.709	31.7459
1399204810.999	n	12.1529	3.67873	18.706	31.7457
1399204811.061	n	12.1532	3.67873	18.702	31.7455
1399204811.123	n	12.1535	3.67874	18.699	31.7453
1399204811.187	n	12.1538	3.67873	18.697	31.7450
1399204811.247	n	12.1541	3.67873	18.696	31.7447
1399204811.309	n	12.1545	3.67873	18.693	31.7444
1399204811.373	n	12.1548	3.67873	18.688	31.7441
1399204811.436	n	12.1551	3.67873	18.683	31.7438
1399204811.497	n	12.1554	3.67872	18.681	31.7435
1399204811.559	n	12.1557	3.67873	18.672	31.7433
1399204811.623	n	12.1559	3.67873	18.670	31.7431
1399204811.687	n	12.1562	3.67873	18.668	31.7429
1399204811.747	n	12.1565	3.67875	18.661	31.7428
1399204811.811	n	12.1568	3.67875	18.653	31.7426
1399204811.873	n	12.1571	3.67874	18.650	31.7422
1399204811.935	n	12.1575	3.67874	18.643	31.7419
1399204811.997	n	12.1579	3.67874	18.638	31.7416
1399204812.060	n	12.1582	3.67873	18.627	31.7412
1399204812.123	n	12.1585	3.67874	18.619	31.7410
1399204812.185	n	12.1588	3.67874	18.611	31.7409
1399204812.248	n	12.1591	3.67875	18.606	31.7407
1399204812.311	n	12.1594	3.67876	18.595	31.7405
1399204812.372	n	12.1597	3.67877	18.588	31.7403
1399204812.435	n	12.1600	3.67875	18.579	31.7399
1399204812.497	n	12.1603	3.67873	18.571	31.7395
1399204812.561	n	12.1605	3.67872	18.561	31.7392
1399204812.622	n	12.1608	3.67871	18.554	31.7388
1399204812.686	n	12.1611	3.67871	18.544	31.7386
1399204812.748	n	12.1613	3.67871	18.535	31.7385
1399204812.810	n	12.1616	3.67871	18.523	31.7383
1399204812.874	n	12.1618	3.67872	18.512	31.7381
1399204812.935	n	12.1621	3.67872	18.502	31.7379
1399204812.997	n	12.1624	3.67872	18.496	31.7376
1399204813.061	n	12.1626	3.67871	18.483	31.7374
1399204813.123	n	12.1628	3.67870	18.470	31.7371
1399204813.186	n	12.1630	3.67869	18.460	31.7369
1399204813.248	n	12.1632	3.67868	18.446	31.7367
1399204813.310	n	12.1634	3.67868	18.433	31.7365
1399204813.372	n	12.1636	3.67868	18.417	31.7363
1399204813.435	n	12.1639	3.67868	18.403	31.7360
1399204813.497	n	12.1641	3.67866	18.386	31.7356
1399204813.560	n	12.1643	3.67864	18.373	31.7353
1399204813.623	n	12.1645	3.67862	18.362	31.7350
1399204813.685	n	12.1647	3.67861	18.343	31.7347
1399204813.748	n	12.1649	3.67861	18.326	31.7345
1399204813.811	n	12.1651	3.67860	18.310	31.7343
1399204813.872	n	12.1653	3.67860	18.290	31.7341
1399204813.935	y	12.1655	3.67859	18.274	31.7338
1399204814.015	n	12.1657	3.67859	18.258	31.7337
1399204814.206	y	12.1658	3.67858	18.240	31.7335
1399204814.216	n	12.1659	3.67857	18.221	31.7333
1399204814.223	n	12.1661	3.67856	18.198	31.7331
1399204814.247	n	12.1662	3.67855	18.179	31.7329
1399204814.310	n	12.1664	3.67855	18.159	31.7327
1399204814.372	n	12.1665	3.67854	18.139	31.7326
1399204814.437	n	12.1667	3.67854	18.115	31.7324
1399204814.497	n	12.1668	3.67853	18.093	31.7322
1399204814.560	n	12.1669	3.67851	18.068	31.7320
1399204814.624	n	12.1670	3.67850	18.047	31.7318
1399204814.685	n	12.1671	3.67849	18.021	31.7316
1399204814.747	n	12.1672	3.67847	17.999	31.7313
1399204814.809	n	12.1673	3.67845	17.978	31.7311
1399204814.874	n	12.1674	3.67844	17.952	31.7309
1399204814.936	n	12.1675	3.67843	17.930	31.7307
1399204814.997	n	12.1677	3.67842	17.908	31.7305
1399204815.059	n	12.1678	3.67841	17.880	31.7303
1399204815.123	n	12.1678	3.67839	17.859	31.7301
1399204815.185	n	12.1678	3.67838	17.833	31.7300
1399204815.248	n	12.1679	3.67838	17.809	31.7300
1399204815.310	n	12.1679	3.67838	17.786	31.7300
1399204815.372	n	12.1680	3.67839	17.762	31.7300
1399204815.436	n	12.1681	3.67838	17.739	31.7299
1399204815.498	n	12.1682	3.67837	17.716	31.7297
1399204815.560	n	12.1683	3.67836	17.692	31.7295
1399204815.625	n	12.1683	3.67835	17.667	31.7294
1399204815.687	n	12.1684	3.67834	17.640	31.7293
1399204815.748	n	12.1684	3.67833	17.613	31.7292
1399204815.810	n	12.1685	3.67831	17.589	31.7289
1399204815.872	n	12.1686	3.67829	17.564	31.7287
1399204815.936	n	12.1687	3.67828	17.537	31.7284
1399204815.997	n	12.1688	3.67827	17.509	31.7283
1399204816.061	n	12.1690	3.67826	17.485	31.7281
1399204816.125	n	12.1691	3.67826	17.459	31.7279
1399204816.186	n	12.1692	3.67824	17.429	31.7277
1399204816.247	n	12.1693	3.67824	17.403	31.7276
1399204816.310	n	12.1694	3.67823	17.378	31.7275
1399204816.374	n	12.1695	3.67823	17.350	31.7274
1399204816.434	n	12.1695	3.67823	17.322	31.7273
1399204816.497	n	12.1697	3.67823	17.295	31.7272
1399204816.560	n	12.1698	3.67822	17.269	31.7270
1399204816.622	n	12.1700	3.67820	17.243	31.7267
1399204816.686	n	12.1701	3.67819	17.215	31.7265
1399204816.748	n	12.1703	3.67818	17.185	31.7263
1399204816.812	n	12.1704	3.67817	17.161	31.7261
1399204816.873	n	12.1706	3.67817	17.136	31.7259
1399204816.936	n	12.1708	3.67818	17.109	31.7259
1399204816.998	n	12.1709	3.67817	17.082	31.7257
1399204817.060	n	12.1710	3.67816	17.056	31.7256
1399204817.123	n	12.1711	3.67816	17.031	31.7254
1399204817.185	n	12.1712	3.67815	17.008	31.7253
1399204817.247	n	12.1713	3.67815	16.983	31.7252
1399204817.310	n	12.1715	3.67815	16.960	31.7251
1399204817.372	n	12.1716	3.67815	16.938	31.7250
1399204817.435	n	12.1718	3.67814	16.913	31.7247
1399204817.498	n	12.1719	3.67812	16.890	31.7245
1399204817.560	n	12.1720	3.67811	16.868	31.7243
1399204817.643	y	12.1721	3.67811	16.847	31.7242
1399204817.685	n	12.1723	3.67810	16.829	31.7240
1399204817.747	n	12.1725	3.67809	16.810	31.7237
1399204817.811	n	12.1728	3.67809	16.791	31.7235
1399204817.873	n	12.1731	3.67809	16.772	31.7232
1399204817.935	n	12.1733	3.67809	16.755	31.7230
1399204817.998	n	12.1736	3.67808	16.735	31.7227
1399204818.060	n	12.1739	3.67807	16.723	31.7224
1399204818.122	n	12.1741	3.67807	16.707	31.7221
1399204818.186	n	12.1744	3.67806	16.691	31.7219
1399204818.378	y	12.1747	3.67805	16.674	31.7216
1399204818.384	n	12.1749	3.67804	16.662	31.7213
1399204818.389	n	12.1752	3.67803	16.649	31.7210
1399204818.435	n	12.1754	3.67802	16.636	31.7207
1399204818.498	n	12.1757	3.67803	16.620	31.7205
1399204818.560	n	12.1759	3.67804	16.613	31.7204
1399204818.623	n	12.1762	3.67804	16.603	31.7202
1399204818.686	n	12.1764	3.67804	16.592	31.7200
1399204818.748	n	12.1766	3.67803	16.582	31.7197
1399204818.810	n	12.1768	3.67801	16.570	31.7194
1399204818.872	n	12.1770	3.67800	16.563	31.7192
1399204818.936	n	12.1772	3.67800	16.553	31.7189
1399204818.998	n	12.1773	3.67799	16.540	31.7187
1399204819.061	n	12.1775	3.67799	16.529	31.7186
1399204819.124	n	12.1776	3.67799	16.520	31.7185
1399204819.185	n	12.1778	3.67799	16.510	31.7184
1399204819.247	n	12.1780	3.67799	16.504	31.7183
1399204819.310	n	12.1781	3.67799	16.499	31.7181
1399204819.374	n	12.1783	3.67799	16.490	31.7179
1399204819.436	n	12.1785	3.67799	16.480	31.7178
1399204819.497	n	12.1787	3.67798	16.473	31.7176
1399204819.560	n	12.1789	3.67798	16.468	31.7174
1399204819.624	n	12.1791	3.67797	16.459	31.7171
1399204819.684	n	12.1793	3.67796	16.451	31.7168
1399204819.748	n	12.1796	3.67795	16.451	31.7165
1399204819.810	n	12.1797	3.67794	16.442	31.7162
1399204819.873	n	12.1799	3.67794	16.431	31.7161
1399204819.936	n	12.1801	3.67794	16.429	31.7160
1399204819.998	n	12.1802	3.67794	16.424	31.7159
1399204820.060	n	12.1804	3.67794	16.421	31.7158
1399204820.122	n	12.1805	3.67794	16.415	31.7156
1399204820.185	n	12.1806	3.67793	16.408	31.7155
1399204820.248	n	12.1806	3.67793	16.404	31.7154
1399204820.310	n	12.1807	3.67793	16.402	31.7154
1399204820.470	y	12.1808	3.67792	16.399	31.7153
1399204820.476	n	12.1808	3.67791	16.393	31.7151
1399204820.499	n	12.1809	3.67790	16.385	31.7149
1399204820.560	n	12.1810	3.67789	16.383	31.7147
1399204820.624	n	12.1811	3.67788	16.378	31.7146
1399204820.686	n	12.1811	3.67788	16.372	31.7145
1399204820.747	n	12.1812	3.67789	16.368	31.7145
1399204820.809	n	12.1813	3.67789	16.364	31.7145
1399204820.874	n	12.1814	3.67788	16.362	31.7143
1399204820.935	n	12.1815	3.67788	16.353	31.7142
1399204820.998	n	12.1816	3.67786	16.347	31.7140
1399204821.060	n	12.1817	3.67786	16.345	31.7138
1399204821.123	n	12.1818	3.67784	16.338	31.7137
1399204821.187	n	12.1819	3.67783	16.334	31.7135
1399204821.250	y	12.1820	3.67782	16.328	31.7132
1399204821.311	n	12.1821	3.67780	16.322	31.7130
1399204821.372	n	12.1822	3.67779	16.317	31.7128
1399204821.435	n	12.1822	3.67779	16.310	31.7128
1399204821.498	n	12.1823	3.67778	16.304	31.7127
1399204821.560	n	12.1824	3.67778	16.295	31.7125
1399204821.623	n	12.1826	3.67777	16.287	31.7123
1399204821.686	n	12.1827	3.67777	16.280	31.7121
1399204821.747	n	12.1829	3.67776	16.269	31.7119
1399204821.811	n	12.1830	3.67776	16.262	31.7118
1399204821.874	n	12.1831	3.67775	16.252	31.7117
1399204821.934	n	12.1832	3.67775	16.239	31.7115
1399204821.997	n	12.1834	3.67774	16.228	31.7114
1399204822.060	n	12.1835	3.67773	16.216	31.7112
1399204822.122	n	12.1837	3.67773	16.207	31.7110
1399204822.186	n	12.1838	3.67772	16.197	31.7109
1399204822.248	n	12.1839	3.67772	16.185	31.7107
1399204822.311	n	12.1841	3.67772	16.176	31.7106
1399204822.374	n	12.1842	3.67771	16.163	31.7104
1399204822.435	n	12.1844	3.67771	16.148	31.7103
1399204822.661	y	12.1845	3.67771	16.133	31.7102
1399204822.669	n	12.1846	3.67772	16.120	31.7101
1399204822.675	n	12.1847	3.67772	16.108	31.7101
1399204822.685	n	12.1848	3.67772	16.094	31.7100
1399204822.748	n	12.1849	3.67772	16.082	31.7099
1399204822.811	n	12.1850	3.67772	16.065	31.7098
1399204822.874	n	12.1852	3.67771	16.050	31.7096
1399204822.935	n	12.1853	3.67771	16.036	31.7095
1399204822.998	n	12.1854	3.67771	16.020	31.7094
1399204823.060	n	12.1855	3.67770	16.004	31.7092
1399204823.123	n	12.1856	3.67770	15.987	31.7091
1399204823.186	n	12.1857	3.67769	15.969	31.7090
1399204823.247	n	12.1858	3.67768	15.955	31.7088
1399204823.310	n	12.1859	3.67768	15.934	31.7087
1399204823.374	n	12.1860	3.67767	15.917	31.7085
1399204823.435	n	12.1861	3.67765	15.900	31.7083
1399204823.497	n	12.1863	3.67765	15.883	31.7082
1399204823.560	n	12.1863	3.67764	15.867	31.7081
1399204823.622	n	12.1864	3.67765	15.846	31.7081
1399204823.686	n	12.1865	3.67765	15.824	31.7080
1399204823.748	n	12.1866	3.67764	15.804	31.7078
1399204823.811	n	12.1867	3.67763	15.786	31.7077
1399204823.874	n	12.1868	3.67762	15.763	31.7076
1399204823.935	n	12.1869	3.67762	15.741	31.7075
1399204823.997	n	12.1869	3.67763	15.723	31.7074
1399204824.061	n	12.1871	3.67762	15.701	31.7073
1399204824.122	n	12.1872	3.67761	15.679	31.7071
1399204824.185	n	12.1873	3.67759	15.656	31.7069
1399204824.248	n	12.1873	3.67759	15.631	31.7068
1399204824.310	n	12.1873	3.67758	15.613	31.7067
1399204824.373	n	12.1873	3.67757	15.589	31.7066
1399204824.437	n	12.1873	3.67757	15.560	31.7066
1399204824.499	n	12.1873	3.67756	15.536	31.7066
1399204824.560	n	12.1872	3.67755	15.515	31.7066
1399204824.622	n	12.1871	3.67754	15.489	31.7066
1399204824.686	n	12.1871	3.67753	15.464	31.7065
1399204824.749	n	12.1871	3.67753	15.435	31.7065
1399204824.811	n	12.1872	3.67753	15.408	31.7064
1399204824.874	n	12.1872	3.67753	15.383	31.7064
1399204824.972	y	12.1872	3.67752	15.357	31.7063
1399204824.998	n	12.1872	3.67752	15.333	31.7063
1399204825.060	n	12.1872	3.67752	15.304	31.7064
1399204825.122	n	12.1872	3.67752	15.279	31.7064
1399204825.186	n	12.1872	3.67751	15.251	31.7064
1399204825.248	n	12.1872	3.67750	15.227	31.7062
1399204825.310	n	12.1872	3.67748	15.200	31.7060
1399204825.373	n	12.1872	3.67746	15.172	31.7059
1399204825.436	n	12.1871	3.67746	15.149	31.7059
1399204825.499	n	12.1871	3.67745	15.127	31.7059
1399204825.561	n	12.1872	3.67745	15.098	31.7058
1399204825.622	n	12.1872	3.67744	15.069	31.7057
1399204825.685	n	12.1873	3.67744	15.039	31.7056
1399204825.748	n	12.1873	3.67743	15.014	31.7056
1399204825.810	n	12.1873	3.67743	14.991	31.7056
1399204825.874	n	12.1872	3.67743	14.966	31.7056
1399204825.935	n	12.1872	3.67742	14.942	31.7056
1399204825.998	n	12.1872	3.67742	14.918	31.7056
1399204826.060	n	12.1872	3.67742	14.891	31.7056
1399204826.124	n	12.1873	3.67742	14.867	31.7055
1399204826.185	n	12.1873	3.67741	14.842	31.7054
1399204826.247	n	12.1874	3.67741	14.818	31.7053
1399204826.310	n	12.1874	3.67739	14.793	31.7052
1399204826.373	n	12.1874	3.67737	14.771	31.7050
1399204826.435	n	12.1874	3.67736	14.746	31.7049
1399204826.499	n	12.1874	3.67734	14.719	31.7048
1399204826.559	n	12.1874	3.67734	14.696	31.7047
1399204826.622	n	12.1874	3.67734	14.677	31.7048
1399204826.686	n	12.1875	3.67735	14.657	31.7048
1399204826.832	y	12.1875	3.67735	14.636	31.7047
1399204826.837	n	12.1875	3.67735	14.612	31.7047
1399204826.874	n	12.1875	3.67733	14.593	31.7046
1399204826.937	n	12.1875	3.67732	14.571	31.7045
1399204826.997	n	12.1875	3.67731	14.551	31.7044
1399204827.061	n	12.1876	3.67731	14.537	31.7044
1399204827.123	n	12.1876	3.67732	14.516	31.7044
1399204827.186	n	12.1876	3.67732	14.497	31.7044
1399204827.248	n	12.1877	3.67732	14.479	31.7044
1399204827.311	n	12.1877	3.67730	14.463	31.7042
1399204827.373	n	12.1877	3.67729	14.446	31.7041
1399204827.437	n	12.1878	3.67728	14.429	31.7039
1399204827.500	n	12.1879	3.67728	14.411	31.7039
1399204827.560	n	12.1880	3.67728	14.398	31.7038
1399204827.623	n	12.1880	3.67728	14.382	31.7038
1399204827.685	n	12.1880	3.67728	14.366	31.7038
1399204827.747	n	12.1881	3.67728	14.352	31.7037
1399204827.810	n	12.1882	3.67728	14.337	31.7037
1399204827.873	n	12.1882	3.67728	14.321	31.7036
1399204827.937	n	12.1883	3.67727	14.309	31.7035
1399204827.997	n	12.1884	3.67727	14.298	31.7034
1399204828.061	n	12.1884	3.67727	14.281	31.7034
1399204828.122	n	12.1885	3.67728	14.265	31.7034
1399204828.185	n	12.1885	3.67728	14.253	31.7034
1399204828.247	n	12.1886	3.67728	14.242	31.7033
1399204828.310	n	12.1886	3.67727	14.230	31.7032
1399204828.373	n	12.1887	3.67726	14.221	31.7031
1399204828.437	n	12.1888	3.67725	14.215	31.7029
1399204828.497	n	12.1889	3.67725	14.207	31.7028
1399204828.560	n	12.1889	3.67725	14.199	31.7028
1399204828.648	y	12.1889	3.67725	14.187	31.7028
1399204828.686	n	12.1890	3.67726	14.182	31.7028
1399204828.747	n	12.1890	3.67726	14.175	31.7029
1399204828.811	n	12.1890	3.67726	14.170	31.7028
1399204828.873	n	12.1891	3.67725	14.160	31.7027
1399204828.936	n	12.1891	3.67725	14.157	31.7027
1399204828.997	n	12.1891	3.67725	14.153	31.7027
1399204829.061	n	12.1892	3.67725	14.149	31.7026
1399204829.122	n	12.1892	3.67725	14.142	31.7026
1399204829.186	n	12.1893	3.67725	14.138	31.7025
1399204829.247	n	12.1894	3.67725	14.137	31.7024
1399204829.310	n	12.1895	3.67724	14.132	31.7023
1399204829.374	n	12.1895	3.67724	14.131	31.7022
1399204829.435	n	12.1896	3.67723	14.127	31.7021
1399204829.503	n	12.1896	3.67723	14.124	31.7021
1399204829.560	n	12.1896	3.67723	14.121	31.7021
1399204829.624	n	12.1896	3.67722	14.120	31.7020
1399204829.686	n	12.1896	3.67722	14.115	31.7020
1399204829.747	n	12.1896	3.67722	14.111	31.7019
1399204829.809	n	12.1896	3.67721	14.111	31.7018
1399204829.873	n	12.1897	3.67721	14.110	31.7018
1399204829.935	n	12.1897	3.67720	14.106	31.7017
1399204829.997	n	12.1897	3.67719	14.099	31.7016
1399204830.061	n	12.1897	3.67718	14.100	31.7016
1399204830.123	n	12.1897	3.67718	14.098	31.7015
1399204830.187	n	12.1897	3.67719	14.094	31.7016
1399204830.248	n	12.1896	3.67720	14.088	31.7017
1399204830.310	n	12.1896	3.67721	14.088	31.7018
1399204830.373	n	12.1896	3.67720	14.082	31.7018
1399204830.435	n	12.1896	3.67720	14.079	31.7017
1399204830.501	n	12.1896	3.67718	14.073	31.7016
1399204830.559	n	12.1897	3.67716	14.071	31.7014
1399204830.622	n	12.1896	3.67716	14.069	31.7014
1399204830.686	n	12.1896	3.67716	14.063	31.7014
1399204830.747	n	12.1896	3.67716	14.058	31.7014
1399204830.810	n	12.1896	3.67716	14.057	31.7014
1399204830.873	n	12.1895	3.67715	14.054	31.7014
1399204830.937	n	12.1895	3.67715	14.050	31.7014
1399204831.109	y	12.1895	3.67716	14.044	31.7015
1399204831.117	n	12.1895	3.67715	14.039	31.7014
1399204831.125	n	12.1895	3.67714	14.039	31.7013
1399204831.185	n	12.1895	3.67714	14.034	31.7013
1399204831.247	n	12.1895	3.67713	14.033	31.7012
1399204831.309	n	12.1895	3.67712	14.030	31.7012
1399204831.374	n	12.1895	3.67713	14.023	31.7012
1399204831.437	n	12.1894	3.67713	14.020	31.7013
1399204831.498	n	12.1894	3.67713	14.016	31.7013
1399204831.560	n	12.1893	3.67713	14.007	31.7014
1399204831.622	n	12.1893	3.67713	14.001	31.7014
1399204831.685	n	12.1893	3.67713	13.997	31.7014
1399204831.747	n	12.1892	3.67713	13.989	31.7015
1399204831.810	n	12.1891	3.67713	13.981	31.7016
1399204831.874	n	12.1891	3.67712	13.975	31.7016
1399204831.936	n	12.1890	3.67713	13.969	31.7016
1399204831.998	n	12.1890	3.67713	13.963	31.7017
1399204832.060	n	12.1891	3.67714	13.952	31.7017
1399204832.124	n	12.1891	3.67715	13.942	31.7017
1399204832.185	n	12.1891	3.67715	13.935	31.7018
1399204832.251	y	12.1890	3.67714	13.925	31.7018
1399204832.311	n	12.1889	3.67714	13.915	31.7018
1399204832.373	n	12.1889	3.67714	13.909	31.7018
1399204832.437	n	12.1889	3.67714	13.899	31.7018
1399204832.502	n	12.1890	3.67714	13.887	31.7018
1399204832.559	n	12.1889	3.67714	13.877	31.7019
1399204832.624	n	12.1889	3.67716	13.864	31.7020
1399204832.685	n	12.1888	3.67716	13.856	31.7022
1399204832.747	n	12.1888	3.67717	13.840	31.7023
1399204832.809	n	12.1888	3.67717	13.825	31.7023
1399204832.874	n	12.1888	3.67717	13.816	31.7023
1399204832.934	n	12.1888	3.67718	13.801	31.7023
1399204832.997	n	12.1888	3.67719	13.788	31.7024
1399204833.060	n	12.1888	3.67719	13.769	31.7024
1399204833.124	n	12.1889	3.67719	13.753	31.7024
1399204833.185	n	12.1889	3.67718	13.737	31.7023
1399204833.247	n	12.1889	3.67717	13.724	31.7022
1399204833.311	n	12.1888	3.67718	13.707	31.7023
1399204833.373	n	12.1888	3.67718	13.688	31.7024
1399204833.437	n	12.1887	3.67719	13.667	31.7026
1399204833.503	n	12.1887	3.67719	13.648	31.7026
1399204833.561	n	12.1887	3.67719	13.633	31.7026
1399204833.622	n	12.1888	3.67719	13.610	31.7026
1399204833.686	n	12.1888	3.67718	13.589	31.7025
1399204833.747	n	12.1888	3.67718	13.572	31.7024
1399204833.810	n	12.1888	3.67718	13.550	31.7024
1399204833.874	n	12.1888	3.67717	13.528	31.7024
1399204833.936	n	12.1887	3.67717	13.504	31.7025
1399204833.997	n	12.1887	3.67717	13.482	31.7026
1399204834.061	n	12.1886	3.67716	13.460	31.7025
1399204834.122	n	12.1886	3.67716	13.440	31.7025
1399204834.185	n	12.1886	3.67715	13.413	31.7024
1399204834.247	n	12.1886	3.67715	13.387	31.7024
1399204834.311	n	12.1886	3.67714	13.364	31.7024
1399204834.374	n	12.1886	3.67714	13.339	31.7024
1399204834.435	n	12.1886	3.67714	13.313	31.7024
1399204834.502	n	12.1886	3.67714	13.285	31.7023
1399204834.561	n	12.1886	3.67714	13.260	31.7023
1399204834.624	n	12.1886	3.67714	13.234	31.7024
1399204834.687	n	12.1886	3.67714	13.209	31.7024
1399204834.748	n	12.1886	3.67714	13.179	31.7025
1399204834.811	n	12.1885	3.67715	13.152	31.7025
1399204834.872	n	12.1886	3.67715	13.126	31.7025
1399204834.936	n	12.1886	3.67714	13.102	31.7025
1399204834.998	n	12.1886	3.67713	13.075	31.7024
1399204835.060	n	12.1886	3.67711	13.051	31.7022
1399204835.123	n	12.1886	3.67711	13.024	31.7022
1399204835.185	n	12.1886	3.67710	12.998	31.7021
1399204835.358	y	12.1886	3.67710	12.971	31.7021
1399204835.364	n	12.1886	3.67709	12.943	31.7021
1399204835.372	n	12.1886	3.67709	12.918	31.7020
1399204835.436	n	12.1886	3.67709	12.895	31.7020
1399204835.503	n	12.1886	3.67709	12.867	31.7020
1399204835.559	n	12.1886	3.67709	12.844	31.7020
1399204835.623	n	12.1886	3.67709	12.821	31.7021
1399204835.686	n	12.1886	3.67709	12.794	31.7021
1399204835.747	n	12.1886	3.67709	12.769	31.7021
1399204835.811	n	12.1886	3.67709	12.745	31.7022
1399204835.972	y	12.1886	3.67709	12.724	31.7021
1399204835.995	y	12.1886	3.67708	12.699	31.7020
1399204836.001	n	12.1886	3.67707	12.672	31.7020
1399204836.060	n	12.1886	3.67707	12.650	31.7020
1399204836.124	n	12.1886	3.67707	12.627	31.7020
1399204836.185	n	12.1886	3.67707	12.601	31.7020
1399204836.248	n	12.1886	3.67706	12.575	31.7019
1399204836.311	n	12.1886	3.67705	12.553	31.7017
1399204836.372	n	12.1886	3.67703	12.530	31.7016
1399204836.435	n	12.1886	3.67704	12.505	31.7017
1399204836.498	n	12.1886	3.67703	12.481	31.7017
1399204836.561	n	12.1885	3.67703	12.461	31.7017
1399204836.622	n	12.1885	3.67703	12.437	31.7018
1399204836.686	n	12.1886	3.67703	12.417	31.7017
1399204836.748	n	12.1886	3.67703	12.391	31.7017
1399204836.811	n	12.1886	3.67703	12.368	31.7018
1399204836.874	n	12.1886	3.67703	12.345	31.7018
1399204836.934	n	12.1886	3.67704	12.322	31.7018
1399204836.998	n	12.1885	3.67704	12.302	31.7019
1399204837.059	n	12.1885	3.67704	12.282	31.7019
1399204837.123	n	12.1885	3.67703	12.263	31.7019
1399204837.184	n	12.1884	3.67702	12.241	31.7018
1399204837.248	n	12.1884	3.67702	12.224	31.7018
1399204837.310	n	12.1885	3.67703	12.206	31.7018
1399204837.372	n	12.1884	3.67703	12.188	31.7019
1399204837.436	n	12.1885	3.67703	12.165	31.7019
1399204837.498	n	12.1884	3.67703	12.143	31.7019
1399204837.560	n	12.1885	3.67703	12.129	31.7018
1399204837.622	n	12.1885	3.67702	12.111	31.7018
1399204837.686	n	12.1885	3.67701	12.096	31.7017
1399204837.747	n	12.1885	3.67701	12.078	31.7017
1399204837.810	n	12.1884	3.67700	12.059	31.7017
1399204837.873	n	12.1884	3.67700	12.042	31.7017
1399204837.935	n	12.1884	3.67699	12.031	31.7016
1399204837.997	n	12.1884	3.67699	12.014	31.7016
1399204838.060	n	12.1884	3.67698	11.996	31.7015
1399204838.124	n	12.1884	3.67699	11.981	31.7016
1399204838.184	n	12.1884	3.67699	11.967	31.7016
1399204838.248	n	12.1884	3.67698	11.955	31.7015
1399204838.310	n	12.1884	3.67697	11.942	31.7014
1399204838.373	n	12.1885	3.67696	11.927	31.7013
1399204838.436	n	12.1885	3.67695	11.915	31.7012
1399204838.497	n	12.1885	3.67696	11.903	31.7013
1399204838.560	n	12.1884	3.67696	11.892	31.7013
1399204838.624	n	12.1884	3.67695	11.879	31.7013
1399204838.685	n	12.1884	3.67695	11.868	31.7013
1399204838.748	n	12.1884	3.67695	11.856	31.7012
1399204838.810	n	12.1885	3.67695	11.841	31.7012
1399204838.875	n	12.1885	3.67694	11.826	31.7012
1399204838.936	n	12.1885	3.67694	11.812	31.7012
1399204838.998	n	12.1884	3.67694	11.802	31.7012
1399204839.060	n	12.1884	3.67693	11.791	31.7012
1399204839.124	n	12.1884	3.67693	11.781	31.7012
1399204839.185	n	12.1884	3.67693	11.769	31.7012
1399204839.248	n	12.1884	3.67694	11.758	31.7012
1399204839.309	n	12.1884	3.67694	11.750	31.7012
1399204839.374	n	12.1884	3.67694	11.737	31.7012
1399204839.435	n	12.1884	3.67694	11.727	31.7013
1399204839.590	y	12.1884	3.67694	11.719	31.7013
1399204839.636	y	12.1883	3.67693	11.712	31.7013
1399204839.642	n	12.1883	3.67693	11.703	31.7013
1399204839.687	n	12.1883	3.67693	11.690	31.7013
1399204839.747	n	12.1884	3.67693	11.686	31.7012
1399204839.811	n	12.1884	3.67694	11.679	31.7012
1399204839.873	n	12.1884	3.67695	11.668	31.7013
1399204839.937	n	12.1884	3.67695	11.659	31.7014
1399204839.998	n	12.1884	3.67696	11.652	31.7015
1399204840.060	n	12.1884	3.67697	11.642	31.7015
1399204840.123	n	12.1884	3.67697	11.633	31.7015
1399204840.186	n	12.1884	3.67697	11.626	31.7016
1399204840.249	n	12.1884	3.67698	11.618	31.7016
1399204840.311	n	12.1884	3.67699	11.610	31.7017
1399204840.374	n	12.1884	3.67700	11.599	31.7019
1399204840.437	n	12.1883	3.67701	11.592	31.7020
1399204840.499	n	12.1882	3.67701	11.584	31.7021
1399204840.561	n	12.1882	3.67700	11.574	31.7020
1399204840.624	n	12.1883	3.67699	11.567	31.7019
1399204840.686	n	12.1883	3.67700	11.558	31.7019
1399204840.747	n	12.1883	3.67700	11.546	31.7020
1399204840.810	n	12.1882	3.67701	11.537	31.7021
1399204840.873	n	12.1882	3.67702	11.530	31.7022
1399204840.937	n	12.1881	3.67702	11.520	31.7024
1399204840.998	n	12.1882	3.67703	11.510	31.7024
1399204841.060	n	12.1882	3.67704	11.505	31.7025
1399204841.123	n	12.1881	3.67705	11.500	31.7026
1399204841.188	n	12.1881	3.67705	11.489	31.7026
1399204841.247	n	12.1880	3.67704	11.482	31.7026
1399204841.309	n	12.1880	3.67704	11.473	31.7027
1399204841.374	n	12.1880	3.67704	11.464	31.7027
1399204841.435	n	12.1880	3.67704	11.458	31.7027
1399204841.497	n	12.1879	3.67704	11.452	31.7027
1399204841.561	n	12.1879	3.67704	11.446	31.7027
1399204841.623	n	12.1879	3.67705	11.441	31.7028
1399204841.686	n	12.1878	3.67706	11.430	31.7030
1399204841.747	n	12.1878	3.67707	11.427	31.7032
1399204841.810	n	12.1877	3.67708	11.423	31.7033
1399204841.874	n	12.1876	3.67708	11.417	31.7033
1399204841.936	n	12.1876	3.67707	11.408	31.7033
1399204841.999	n	12.1876	3.67706	11.404	31.7032
1399204842.061	n	12.1876	3.67706	11.398	31.7032
1399204842.123	y	12.1876	3.67704	11.392	31.7031
1399204842.188	n	12.1876	3.67704	11.386	31.7030
1399204842.247	n	12.1875	3.67703	11.381	31.7031
1399204842.310	n	12.1874	3.67703	11.375	31.7031
1399204842.374	n	12.1873	3.67704	11.366	31.7032
1399204842.435	n	12.1873	3.67703	11.362	31.7032
1399204842.497	n	12.1873	3.67703	11.355	31.7032
1399204842.560	n	12.1872	3.67702	11.347	31.7031
1399204842.623	n	12.1872	3.67702	11.344	31.7032
1399204842.687	n	12.1872	3.67703	11.339	31.7033
1399204842.748	n	12.1872	3.67704	11.333	31.7034
1399204842.810	n	12.1872	3.67704	11.328	31.7034
1399204842.872	n	12.1872	3.67704	11.323	31.7034
1399204842.936	n	12.1873	3.67707	11.315	31.7036
1399204842.998	n	12.1872	3.67713	11.307	31.7042
1399204843.060	n	12.1871	3.67714	11.301	31.7044
1399204843.122	n	12.1869	3.67709	11.294	31.7041
1399204843.186	n	12.1866	3.67703	11.291	31.7039
1399204843.297	y	12.1862	3.67701	11.284	31.7039
1399204843.310	n	12.1859	3.67707	11.278	31.7048
1399204843.374	n	12.1857	3.67722	11.269	31.7064
1399204843.436	n	12.1856	3.67736	11.260	31.7078
1399204843.497	n	12.1856	3.67743	11.253	31.7085
1399204843.560	n	12.1856	3.67746	11.246	31.7088
1399204843.623	n	12.1857	3.67747	11.238	31.7088
1399204843.684	n	12.1857	3.67747	11.228	31.7088
1399204843.819	y	12.1857	3.67747	11.219	31.7088
1399204843.825	n	12.1856	3.67747	11.208	31.7089
1399204843.873	n	12.1856	3.67748	11.200	31.7090
1399204843.937	n	12.1856	3.67748	11.191	31.7090
1399204843.998	n	12.1857	3.67748	11.183	31.7090
1399204844.059	n	12.1857	3.67747	11.175	31.7088
1399204844.122	n	12.1858	3.67746	11.163	31.7086
1399204844.186	n	12.1858	3.67745	11.151	31.7086
1399204844.248	n	12.1858	3.67746	11.142	31.7087
1399204844.311	n	12.1857	3.67746	11.133	31.7087
1399204844.375	n	12.1856	3.67746	11.124	31.7088
1399204844.435	n	12.1856	3.67745	11.111	31.7087
1399204844.497	n	12.1857	3.67744	11.101	31.7086
1399204844.561	n	12.1856	3.67744	11.088	31.7086
1399204844.625	n	12.1856	3.67745	11.075	31.7088
1399204844.687	n	12.1857	3.67747	11.066	31.7088
1399204844.748	n	12.1859	3.67747	11.049	31.7088
1399204844.810	n	12.1861	3.67748	11.038	31.7087
1399204844.874	n	12.1862	3.67748	11.027	31.7086
1399204844.936	n	12.1862	3.67747	11.013	31.7085
1399204844.999	n	12.1861	3.67746	10.996	31.7085
1399204845.060	n	12.1858	3.67744	10.982	31.7085
1399204845.122	n	12.1857	3.67744	10.968	31.7086
1399204845.186	n	12.1857	3.67743	10.953	31.7085
1399204845.248	n	12.1859	3.67743	10.940	31.7084
1399204845.310	n	12.1861	3.67744	10.925	31.7083
1399204845.373	n	12.1863	3.67744	10.911	31.7081
1399204845.436	n	12.1864	3.67744	10.895	31.7081
1399204845.498	n	12.1865	3.67745	10.876	31.7081
1399204845.561	n	12.1866	3.67745	10.856	31.7080
1399204845.622	n	12.1867	3.67745	10.840	31.7080
1399204845.686	n	12.1866	3.67745	10.820	31.7080
1399204845.747	n	12.1865	3.67746	10.800	31.7082
1399204845.809	n	12.1864	3.67746	10.782	31.7083
1399204845.874	n	12.1864	3.67747	10.764	31.7084
1399204845.935	n	12.1866	3.67747	10.742	31.7083
1399204845.999	n	12.1868	3.67747	10.722	31.7081
1399204846.060	n	12.1868	3.67747	10.700	31.7081
1399204846.125	n	12.1869	3.67747	10.676	31.7080
1399204846.187	n	12.1869	3.67746	10.653	31.7079
1399204846.249	n	12.1871	3.67747	10.631	31.7079
1399204846.310	n	12.1872	3.67747	10.609	31.7078
1399204846.374	n	12.1872	3.67747	10.583	31.7078
1399204846.435	n	12.1872	3.67748	10.557	31.7079
1399204846.497	n	12.1871	3.67748	10.530	31.7080
1399204846.560	n	12.1870	3.67749	10.508	31.7082
1399204846.623	n	12.1869	3.67749	10.482	31.7083
1399204846.687	n	12.1869	3.67749	10.457	31.7083
1399204846.747	n	12.1870	3.67747	10.431	31.7081
1399204846.810	n	12.1871	3.67746	10.403	31.7078
1399204846.885	y	12.1874	3.67745	10.375	31.7075
1399204846.936	n	12.1877	3.67744	10.350	31.7072
1399204846.998	n	12.1880	3.67744	10.323	31.7069
1399204847.059	n	12.1883	3.67743	10.300	31.7066
1399204847.122	n	12.1884	3.67743	10.276	31.7065
1399204847.186	n	12.1885	3.67744	10.249	31.7066
1399204847.249	n	12.1884	3.67746	10.222	31.7068
1399204847.310	n	12.1884	3.67746	10.195	31.7068
1399204847.374	n	12.1884	3.67747	10.170	31.7069
1399204847.435	n	12.1885	3.67746	10.148	31.7069
1399204847.498	n	12.1884	3.67746	10.124	31.7068
1399204847.559	n	12.1883	3.67745	10.099	31.7068
1399204847.623	n	12.1883	3.67744	10.073	31.7068
1399204847.687	n	12.1881	3.67743	10.054	31.7068
1399204847.749	n	12.1880	3.67742	10.025	31.7068
1399204847.809	n	12.1880	3.67742	10.003	31.7069
1399204847.873	n	12.1880	3.67739	9.980	31.7066
1399204847.935	n	12.1879	3.67736	9.959	31.7063
1399204848.141	y	12.1879	3.67734	9.932	31.7062
1399204848.147	n	12.1878	3.67735	9.908	31.7064
1399204848.153	n	12.1878	3.67738	9.891	31.7067
1399204848.187	n	12.1879	3.67743	9.872	31.7071
1399204848.248	n	12.1880	3.67743	9.851	31.7070
1399204848.310	n	12.1882	3.67742	9.829	31.7069
1399204848.372	n	12.1882	3.67742	9.803	31.7068
1399204848.436	n	12.1881	3.67741	9.785	31.7068
1399204848.497	n	12.1880	3.67741	9.766	31.7069
1399204848.559	n	12.1878	3.67740	9.745	31.7070
1399204848.624	n	12.1876	3.67740	9.726	31.7072
1399204848.686	n	12.1873	3.67740	9.708	31.7074
1399204848.748	n	12.1870	3.67740	9.689	31.7077
1399204848.810	n	12.1869	3.67740	9.670	31.7078
1399204848.875	n	12.1869	3.67740	9.656	31.7078
1399204848.937	n	12.1871	3.67740	9.638	31.7076
1399204848.998	n	12.1873	3.67740	9.621	31.7075
1399204849.060	n	12.1875	3.67740	9.605	31.7073
1399204849.122	n	12.1875	3.67740	9.590	31.7072
1399204849.188	n	12.1875	3.67739	9.571	31.7072
1399204849.247	n	12.1874	3.67739	9.555	31.7073
1399204849.310	n	12.1874	3.67739	9.540	31.7073
1399204849.373	n	12.1874	3.67740	9.523	31.7073
1399204849.435	n	12.1877	3.67741	9.508	31.7073
1399204849.499	n	12.1880	3.67741	9.495	31.7070
1399204849.561	n	12.1883	3.67741	9.484	31.7067
1399204849.622	n	12.1886	3.67740	9.467	31.7064
1399204849.686	n	12.1887	3.67739	9.454	31.7063
1399204849.747	n	12.1888	3.67739	9.442	31.7061
1399204849.811	n	12.1889	3.67739	9.433	31.7061
1399204849.873	n	12.1890	3.67738	9.423	31.7059
1399204849.936	n	12.1891	3.67738	9.406	31.7058
1399204849.998	n	12.1891	3.67738	9.392	31.7058
1399204850.061	n	12.1890	3.67738	9.384	31.7059
1399204850.123	n	12.1890	3.67739	9.374	31.7060
1399204850.188	n	12.1890	3.67739	9.360	31.7060
1399204850.248	n	12.1889	3.67739	9.350	31.7061
1399204850.310	n	12.1888	3.67739	9.338	31.7062
1399204850.372	n	12.1887	3.67740	9.327	31.7063
1399204850.436	n	12.1886	3.67740	9.318	31.7064
1399204850.497	n	12.1885	3.67741	9.310	31.7066
1399204850.581	y	12.1885	3.67740	9.302	31.7066
1399204850.625	n	12.1884	3.67738	9.290	31.7065
1399204850.687	n	12.1883	3.67736	9.278	31.7064
1399204850.748	n	12.1883	3.67735	9.271	31.7062
1399204850.810	n	12.1884	3.67734	9.265	31.7061
1399204850.872	n	12.1885	3.67733	9.255	31.7060
1399204850.935	n	12.1886	3.67733	9.244	31.7058
1399204851.103	y	12.1887	3.67733	9.240	31.7057
1399204851.110	n	12.1888	3.67735	9.228	31.7058
1399204851.122	n	12.1888	3.67737	9.221	31.7060
1399204851.185	n	12.1888	3.67738	9.213	31.7061
1399204851.248	n	12.1887	3.67737	9.208	31.7061
1399204851.310	n	12.1887	3.67736	9.202	31.7060
1399204851.372	n	12.1887	3.67736	9.190	31.7060
1399204851.436	n	12.1888	3.67736	9.185	31.7060
1399204851.497	n	12.1888	3.67737	9.179	31.7060
1399204851.560	n	12.1889	3.67737	9.172	31.7060
1399204851.626	n	12.1888	3.67737	9.166	31.7060
1399204851.685	n	12.1887	3.67736	9.156	31.7061
1399204851.747	n	12.1886	3.67736	9.150	31.7061
1399204851.810	n	12.1886	3.67736	9.142	31.7061
1399204851.874	n	12.1887	3.67736	9.138	31.7060
1399204851.936	n	12.1888	3.67736	9.128	31.7060
1399204851.997	n	12.1889	3.67737	9.120	31.7061
1399204852.061	n	12.1888	3.67738	9.112	31.7062
1399204852.122	n	12.1887	3.67738	9.101	31.7062
1399204852.185	n	12.1886	3.67736	9.096	31.7062
1399204852.365	y	12.1885	3.67735	9.089	31.7062
1399204852.372	n	12.1884	3.67735	9.078	31.7062
1399204852.377	n	12.1885	3.67736	9.071	31.7063
1399204852.436	n	12.1885	3.67737	9.063	31.7063
1399204852.497	n	12.1886	3.67737	9.050	31.7063
1399204852.560	n	12.1887	3.67737	9.044	31.7062
1399204852.624	n	12.1888	3.67738	9.030	31.7062
1399204852.685	n	12.1888	3.67738	9.020	31.7062
1399204852.748	n	12.1888	3.67737	9.009	31.7061
1399204852.810	n	12.1888	3.67736	9.000	31.7060
1399204852.873	n	12.1888	3.67735	8.991	31.7059
1399204852.936	n	12.1886	3.67735	8.974	31.7061
1399204852.998	n	12.1884	3.67737	8.965	31.7064
1399204853.060	n	12.1883	3.67738	8.954	31.7067
1399204853.124	n	12.1881	3.67737	8.942	31.7067
1399204853.185	n	12.1881	3.67737	8.930	31.7067
1399204853.249	n	12.1881	3.67736	8.918	31.7066
1399204853.310	n	12.1882	3.67736	8.906	31.7065
1399204853.373	n	12.1884	3.67736	8.893	31.7064
1399204853.435	n	12.1887	3.67736	8.882	31.7062
1399204853.497	n	12.1890	3.67736	8.870	31.7059
1399204853.560	n	12.1891	3.67735	8.859	31.7057
1399204853.626	n	12.1892	3.67734	8.844	31.7055
1399204853.685	n	12.1893	3.67733	8.827	31.7053
1399204853.748	n	12.1894	3.67732	8.817	31.7052
1399204853.811	n	12.1895	3.67733	8.803	31.7052
1399204853.873	n	12.1895	3.67734	8.787	31.7053
1399204853.937	n	12.1894	3.67735	8.771	31.7055
1399204853.998	n	12.1894	3.67736	8.754	31.7057
1399204854.060	n	12.1894	3.67737	8.742	31.7057
1399204854.124	n	12.1895	3.67737	8.727	31.7056
1399204854.185	n	12.1898	3.67738	8.711	31.7055
1399204854.249	y	12.1900	3.67738	8.693	31.7053
1399204854.311	n	12.1902	3.67738	8.679	31.7052
1399204854.374	n	12.1903	3.67738	8.664	31.7051
1399204854.437	n	12.1903	3.67738	8.648	31.7051
1399204854.497	n	12.1903	3.67737	8.628	31.7050
1399204854.561	n	12.1904	3.67737	8.611	31.7049
1399204854.629	n	12.1905	3.67737	8.593	31.7048
1399204854.685	n	12.1904	3.67737	8.579	31.7048
1399204854.748	n	12.1903	3.67736	8.563	31.7049
1399204854.811	n	12.1901	3.67736	8.545	31.7051
1399204854.873	n	12.1901	3.67735	8.526	31.7051
1399204854.937	n	12.1902	3.67735	8.510	31.7049
1399204854.998	n	12.1907	3.67734	8.490	31.7045
1399204855.060	n	12.1911	3.67734	8.469	31.7041
1399204855.122	n	12.1912	3.67735	8.451	31.7041
1399204855.188	n	12.1910	3.67736	8.438	31.7044
1399204855.249	n	12.1905	3.67736	8.421	31.7049
1399204855.310	n	12.1901	3.67737	8.405	31.7053
1399204855.373	n	12.1896	3.67736	8.387	31.7056
1399204855.435	n	12.1892	3.67737	8.368	31.7061
1399204855.498	n	12.1888	3.67738	8.351	31.7065
1399204855.561	n	12.1885	3.67738	8.331	31.7067
1399204855.625	n	12.1888	3.67737	8.311	31.7064
1399204855.687	n	12.1897	3.67735	8.297	31.7055
1399204855.749	n	12.1908	3.67734	8.277	31.7044
1399204855.811	n	12.1918	3.67734	8.258	31.7036
1399204855.873	n	12.1924	3.67734	8.243	31.7031
1399204855.936	n	12.1925	3.67735	8.227	31.7031
1399204855.997	n	12.1922	3.67734	8.207	31.7033
1399204856.060	n	12.1920	3.67734	8.187	31.7035
1399204856.124	n	12.1918	3.67734	8.170	31.7036
1399204856.186	n	12.1917	3.67734	8.151	31.7037
1399204856.249	n	12.1916	3.67734	8.131	31.7038
1399204856.312	n	12.1916	3.67734	8.110	31.7039
1399204856.374	n	12.1916	3.67733	8.092	31.7037
1399204856.436	n	12.1917	3.67733	8.072	31.7037
1399204856.629	y	12.1917	3.67733	8.055	31.7037
1399204856.635	n	12.1916	3.67732	8.035	31.7037
1399204856.645	n	12.1919	3.67728	8.014	31.7030
1399204856.685	n	12.1929	3.67724	7.992	31.7018
1399204856.749	n	12.1941	3.67723	7.972	31.7007
1399204856.811	n	12.1948	3.67724	7.950	31.7002
1399204856.874	n	12.1947	3.67728	7.930	31.7007
1399204856.935	n	12.1941	3.67734	7.905	31.7018
1399204856.999	n	12.1938	3.67735	7.884	31.7021
1399204857.060	n	12.1947	3.67734	7.864	31.7014
1399204857.123	n	12.1964	3.67734	7.846	31.6999
1399204857.188	n	12.1983	3.67734	7.820	31.6982
1399204857.248	n	12.1998	3.67733	7.800	31.6970
1399204857.310	n	12.2004	3.67734	7.779	31.6964
1399204857.373	n	12.2005	3.67734	7.757	31.6964
1399204857.435	n	12.2002	3.67734	7.738	31.6967
1399204857.498	n	12.1997	3.67734	7.716	31.6971
1399204857.560	n	12.1991	3.67733	7.693	31.6975
1399204857.622	n	12.1987	3.67732	7.675	31.6978
1399204857.685	n	12.1984	3.67731	7.654	31.6980
1399204857.748	n	12.1981	3.67731	7.634	31.6982
1399204857.810	n	12.1979	3.67732	7.615	31.6984
1399204857.873	n	12.1979	3.67731	7.596	31.6984
1399204857.955	y	12.1978	3.67731	7.575	31.6985
1399204857.998	n	12.1978	3.67731	7.559	31.6985
1399204858.060	n	12.1978	3.67731	7.541	31.6985
1399204858.122	n	12.1978	3.67732	7.521	31.6986
1399204858.189	n	12.1977	3.67732	7.504	31.6987
1399204858.247	n	12.1977	3.67732	7.489	31.6988
1399204858.310	n	12.1977	3.67732	7.468	31.6987
1399204858.373	n	12.1978	3.67732	7.449	31.6987
1399204858.434	n	12.1977	3.67732	7.431	31.6987
1399204858.498	n	12.1974	3.67730	7.412	31.6988
1399204858.560	n	12.1970	3.67729	7.398	31.6991
1399204858.623	n	12.1965	3.67728	7.382	31.6994
1399204858.686	n	12.1962	3.67728	7.366	31.6996
1399204858.749	n	12.1961	3.67728	7.348	31.6998
1399204858.811	n	12.1960	3.67728	7.334	31.6999
1399204858.875	n	12.1959	3.67729	7.315	31.7000
1399204858.937	n	12.1959	3.67729	7.302	31.7000
1399204858.998	n	12.1960	3.67728	7.285	31.6999
1399204859.060	n	12.1962	3.67728	7.271	31.6996
1399204859.122	n	12.1965	3.67726	7.257	31.6992
1399204859.188	n	12.1971	3.67725	7.241	31.6986
1399204859.248	n	12.1979	3.67725	7.227	31.6980
1399204859.310	n	12.1988	3.67726	7.217	31.6973
1399204859.372	n	12.1995	3.67727	7.205	31.6968
1399204859.436	n	12.1998	3.67727	7.189	31.6965
1399204859.497	n	12.1999	3.67726	7.178	31.6964
1399204859.562	n	12.1999	3.67726	7.165	31.6964
1399204859.624	n	12.1998	3.67725	7.148	31.6964
1399204859.685	n	12.1996	3.67726	7.140	31.6967
1399204859.748	n	12.1989	3.67727	7.131	31.6974
1399204859.810	n	12.1980	3.67728	7.117	31.6983
1399204859.872	n	12.1971	3.67727	7.109	31.6990
1399204859.936	n	12.1965	3.67726	7.097	31.6993
1399204859.998	n	12.1963	3.67725	7.086	31.6994
1399204860.061	n	12.1965	3.67724	7.077	31.6991
1399204860.124	n	12.1969	3.67724	7.069	31.6987
1399204860.186	n	12.1975	3.67724	7.064	31.6983
1399204860.248	n	12.1981	3.67725	7.055	31.6979
1399204860.310	n	12.1985	3.67725	7.048	31.6975
1399204860.373	n	12.1988	3.67724	7.037	31.6972
1399204860.437	n	12.1990	3.67723	7.033	31.6970
1399204860.497	n	12.1990	3.67723	7.023	31.6969
1399204860.560	n	12.1990	3.67723	7.016	31.6969
1399204860.624	n	12.1991	3.67724	7.009	31.6969
1399204860.685	n	12.1993	3.67724	7.002	31.6968
1399204860.856	y	12.1994	3.67723	6.993	31.6966
1399204860.862	n	12.1996	3.67724	6.986	31.6965
1399204860.873	n	12.1996	3.67723	6.979	31.6965
1399204860.936	n	12.1994	3.67724	6.975	31.6967
1399204860.998	n	12.1992	3.67724	6.966	31.6969
1399204861.060	n	12.1991	3.67724	6.959	31.6970
1399204861.124	n	12.1990	3.67724	6.952	31.6970
1399204861.186	n	12.1990	3.67724	6.950	31.6970
1399204861.248	n	12.1990	3.67724	6.942	31.6971
1399204861.311	n	12.1989	3.67725	6.940	31.6973
1399204861.375	n	12.1988	3.67725	6.936	31.6974
1399204861.436	n	12.1986	3.67725	6.930	31.6976
1399204861.497	y	12.1983	3.67727	6.924	31.6979
1399204861.560	n	12.1980	3.67727	6.920	31.6981
1399204861.625	n	12.1979	3.67727	6.917	31.6983
1399204861.684	n	12.1978	3.67727	6.912	31.6984
1399204861.749	n	12.1979	3.67726	6.906	31.6982
1399204861.810	n	12.1980	3.67726	6.904	31.6981
1399204861.872	n	12.1979	3.67725	6.902	31.6981
1399204861.936	n	12.1978	3.67726	6.901	31.6983
1399204861.999	n	12.1977	3.67727	6.898	31.6984
1399204862.060	n	12.1977	3.67727	6.897	31.6985
1399204862.123	n	12.1976	3.67727	6.896	31.6985
1399204862.185	n	12.1976	3.67726	6.893	31.6985
1399204862.247	n	12.1975	3.67727	6.892	31.6986
1399204862.310	n	12.1973	3.67728	6.896	31.6989
1399204862.372	n	12.1970	3.67729	6.893	31.6992
1399204862.435	n	12.1967	3.67728	6.891	31.6994
1399204862.497	n	12.1965	3.67727	6.890	31.6996
1399204862.560	n	12.1964	3.67727	6.888	31.6996
1399204862.625	n	12.1963	3.67727	6.889	31.6996
1399204862.686	n	12.1964	3.67727	6.889	31.6996
1399204862.749	n	12.1963	3.67726	6.885	31.6995
1399204862.811	n	12.1963	3.67725	6.879	31.6995
1399204862.874	n	12.1961	3.67725	6.878	31.6996
1399204862.935	n	12.1958	3.67725	6.877	31.6999
1399204862.998	n	12.1956	3.67727	6.870	31.7002
1399204863.060	n	12.1954	3.67727	6.867	31.7005
1399204863.122	n	12.1952	3.67727	6.865	31.7006
1399204863.188	n	12.1950	3.67727	6.863	31.7007
1399204863.248	n	12.1949	3.67727	6.864	31.7008
1399204863.311	n	12.1948	3.67727	6.856	31.7009
1399204863.374	n	12.1945	3.67726	6.852	31.7011
1399204863.436	n	12.1942	3.67725	6.851	31.7013
1399204863.498	n	12.1939	3.67725	6.848	31.7015
1399204863.561	n	12.1937	3.67725	6.847	31.7017
1399204863.624	n	12.1935	3.67726	6.846	31.7019
1399204863.686	n	12.1935	3.67727	6.840	31.7021
1399204863.748	n	12.1934	3.67727	6.837	31.7022
1399204863.812	n	12.1932	3.67727	6.836	31.7023
1399204863.873	n	12.1929	3.67728	6.831	31.7026
1399204863.936	n	12.1925	3.67729	6.829	31.7030
1399204863.997	n	12.1922	3.67730	6.827	31.7034
1399204864.061	n	12.1920	3.67730	6.819	31.7037
1399204864.122	n	12.1919	3.67730	6.813	31.7036
1399204864.187	n	12.1921	3.67728	6.807	31.7034
1399204864.248	n	12.1922	3.67727	6.801	31.7031
1399204864.311	n	12.1923	3.67726	6.799	31.7030
1399204864.373	n	12.1923	3.67726	6.790	31.7030
1399204864.437	n	12.1922	3.67726	6.782	31.7031
1399204864.498	n	12.1920	3.67727	6.775	31.7033
1399204864.560	n	12.1917	3.67727	6.765	31.7037
1399204864.624	n	12.1914	3.67727	6.758	31.7039
1399204864.686	n	12.1911	3.67726	6.750	31.7041
1399204864.749	n	12.1909	3.67726	6.735	31.7042
1399204864.810	n	12.1908	3.67725	6.724	31.7042
1399204864.875	n	12.1907	3.67726	6.711	31.7044
1399204864.937	n	12.1907	3.67726	6.697	31.7044
1399204865.149	y	12.1908	3.67726	6.686	31.7043
1399204865.308	y	12.1909	3.67724	6.670	31.7041
1399204865.382	y	12.1910	3.67723	6.658	31.7039
1399204865.391	n	12.1910	3.67723	6.643	31.7038
1399204865.397	n	12.1909	3.67723	6.627	31.7039
1399204865.403	n	12.1908	3.67723	6.611	31.7040
1399204865.408	n	12.1908	3.67722	6.595	31.7039
1399204865.436	n	12.1909	3.67719	6.578	31.7036
1399204865.498	n	12.1911	3.67719	6.558	31.7034
1399204865.560	n	12.1914	3.67720	6.539	31.7032
1399204865.622	n	12.1918	3.67722	6.523	31.7031
1399204865.685	n	12.1924	3.67725	6.503	31.7029
1399204865.748	n	12.1932	3.67726	6.480	31.7024
1399204865.811	n	12.1938	3.67726	6.462	31.7019
1399204865.873	n	12.1941	3.67726	6.438	31.7016
1399204865.935	n	12.1940	3.67726	6.418	31.7017
1399204865.998	n	12.1935	3.67726	6.394	31.7021
1399204866.062	n	12.1930	3.67725	6.371	31.7025
1399204866.123	n	12.1928	3.67723	6.349	31.7025
1399204866.185	n	12.1929	3.67722	6.325	31.7023
1399204866.247	n	12.1933	3.67721	6.303	31.7019
1399204866.310	n	12.1943	3.67722	6.280	31.7011
1399204866.372	n	12.1958	3.67722	6.259	31.6998
1399204866.436	n	12.1977	3.67721	6.236	31.6982
1399204866.497	n	12.1993	3.67719	6.212	31.6966
1399204866.560	n	12.2003	3.67718	6.190	31.6956
1399204866.624	n	12.2007	3.67717	6.166	31.6953
1399204866.686	n	12.2008	3.67718	6.145	31.6953
1399204866.747	n	12.2007	3.67718	6.120	31.6954
1399204866.810	n	12.2005	3.67717	6.098	31.6954
1399204866.872	n	12.2003	3.67716	6.076	31.6956
1399204866.936	n	12.2000	3.67716	6.053	31.6958
1399204866.997	n	12.2000	3.67715	6.029	31.6958
1399204867.061	n	12.2003	3.67715	6.003	31.6955
1399204867.123	n	12.2010	3.67715	5.984	31.6949
1399204867.188	n	12.2017	3.67714	5.964	31.6942
1399204867.249	n	12.2020	3.67713	5.938	31.6938
1399204867.310	n	12.2019	3.67712	5.919	31.6938
1399204867.375	n	12.2015	3.67712	5.895	31.6942
1399204867.436	n	12.2010	3.67712	5.874	31.6946
1399204867.497	n	12.2006	3.67713	5.851	31.6951
1399204867.560	n	12.2004	3.67713	5.829	31.6953
1399204867.624	n	12.2005	3.67714	5.807	31.6953
1399204867.687	n	12.2009	3.67714	5.786	31.6950
1399204867.749	n	12.2013	3.67714	5.767	31.6947
1399204867.810	n	12.2017	3.67714	5.746	31.6943
1399204867.872	n	12.2018	3.67713	5.726	31.6941
1399204867.936	n	12.2019	3.67713	5.704	31.6941
1399204867.997	n	12.2018	3.67712	5.683	31.6940
1399204868.061	n	12.2018	3.67711	5.666	31.6940
1399204868.124	n	12.2019	3.67711	5.650	31.6939
1399204868.190	n	12.2020	3.67710	5.632	31.6938
1399204868.248	n	12.2020	3.67710	5.613	31.6937
1399204868.311	n	12.2020	3.67711	5.593	31.6938
1399204868.374	n	12.2020	3.67710	5.577	31.6938
1399204868.436	n	12.2020	3.67710	5.561	31.6938
1399204868.498	n	12.2020	3.67709	5.544	31.6937
1399204868.560	n	12.2021	3.67709	5.525	31.6936
1399204868.623	n	12.2021	3.67709	5.505	31.6936
1399204868.686	n	12.2020	3.67709	5.490	31.6936
1399204868.749	n	12.2019	3.67709	5.475	31.6938
1399204868.811	n	12.2018	3.67708	5.456	31.6938
1399204868.872	y	12.2017	3.67708	5.439	31.6939
1399204868.945	n	12.2017	3.67707	5.421	31.6938
1399204868.999	n	12.2017	3.67707	5.405	31.6937
1399204869.061	n	12.2018	3.67707	5.390	31.6937
1399204869.123	n	12.2018	3.67708	5.378	31.6937
1399204869.188	n	12.2018	3.67708	5.364	31.6938
1399204869.386	y	12.2018	3.67709	5.346	31.6939
1399204869.392	n	12.2016	3.67709	5.329	31.6941
1399204869.397	n	12.2013	3.67709	5.317	31.6943
1399204869.437	n	12.2008	3.67709	5.303	31.6948
1399204869.497	n	12.2004	3.67710	5.285	31.6953
1399204869.562	n	12.2000	3.67712	5.273	31.6957
1399204869.624	n	12.1998	3.67713	5.257	31.6960
1399204869.686	n	12.1993	3.67713	5.245	31.6965
1399204869.749	n	12.1980	3.67713	5.234	31.6976
1399204869.811	n	12.1961	3.67714	5.218	31.6993
1399204869.874	n	12.1938	3.67716	5.204	31.7014
1399204869.937	n	12.1920	3.67717	5.188	31.7030
1399204869.998	n	12.1911	3.67718	5.175	31.7040
1399204870.060	n	12.1909	3.67718	5.161	31.7041
1399204870.123	n	12.1913	3.67717	5.150	31.7037
1399204870.188	n	12.1922	3.67716	5.136	31.7028
1399204870.249	n	12.1935	3.67715	5.121	31.7016
1399204870.311	n	12.1948	3.67713	5.109	31.7003
1399204870.374	n	12.1959	3.67713	5.095	31.6994
1399204870.435	n	12.1965	3.67712	5.080	31.6988
1399204870.497	n	12.1967	3.67711	5.064	31.6985
1399204870.560	n	12.1968	3.67710	5.051	31.6984
1399204870.622	n	12.1969	3.67710	5.037	31.6982
1399204870.687	n	12.1971	3.67709	5.023	31.6980
1399204870.748	n	12.1973	3.67710	5.010	31.6980
1399204870.810	n	12.1973	3.67712	4.995	31.6981
1399204870.872	n	12.1972	3.67713	4.978	31.6984
1399204870.936	n	12.1969	3.67714	4.966	31.6987
1399204870.997	n	12.1964	3.67714	4.954	31.6991
1399204871.060	n	12.1960	3.67714	4.938	31.6994
1399204871.122	n	12.1958	3.67715	4.931	31.6997
1399204871.186	n	12.1958	3.67715	4.919	31.6997
1399204871.248	n	12.1960	3.67716	4.907	31.6997
1399204871.310	n	12.1963	3.67716	4.899	31.6994
1399204871.373	n	12.1964	3.67714	4.888	31.6991
1399204871.435	n	12.1965	3.67713	4.881	31.6990
1399204871.498	n	12.1965	3.67712	4.873	31.6989
1399204871.560	n	12.1965	3.67711	4.867	31.6988
1399204871.625	n	12.1965	3.67711	4.859	31.6988
1399204871.687	n	12.1965	3.67712	4.852	31.6988
1399204871.748	n	12.1966	3.67713	4.846	31.6989
1399204871.810	n	12.1968	3.67714	4.840	31.6988
1399204871.872	n	12.1969	3.67713	4.834	31.6987
1399204871.936	n	12.1971	3.67713	4.832	31.6985
1399204871.997	n	12.1972	3.67712	4.825	31.6983
1399204872.061	n	12.1973	3.67713	4.816	31.6983
1399204872.124	n	12.1974	3.67714	4.812	31.6983
1399204872.187	n	12.1975	3.67714	4.806	31.6982
1399204872.248	n	12.1978	3.67714	4.799	31.6980
1399204872.310	n	12.1981	3.67713	4.791	31.6976
1399204872.374	n	12.1984	3.67712	4.788	31.6972
1399204872.438	y	12.1987	3.67712	4.776	31.6970
1399204872.497	n	12.1989	3.67712	4.774	31.6969
1399204872.560	n	12.1989	3.67712	4.766	31.6969
1399204872.622	n	12.1989	3.67712	4.760	31.6969
1399204872.685	n	12.1987	3.67711	4.754	31.6969
1399204872.748	n	12.1986	3.67710	4.745	31.6970
1399204872.811	n	12.1984	3.67710	4.737	31.6971
1399204872.874	n	12.1983	3.67710	4.731	31.6972
1399204872.935	n	12.1984	3.67710	4.721	31.6971
1399204872.999	n	12.1987	3.67711	4.718	31.6970
1399204873.060	n	12.1990	3.67711	4.714	31.6967
1399204873.123	n	12.1992	3.67712	4.704	31.6966
1399204873.189	n	12.1994	3.67712	4.695	31.6965
1399204873.249	n	12.1996	3.67712	4.687	31.6963
1399204873.311	n	12.1998	3.67710	4.680	31.6960
1399204873.374	n	12.2000	3.67709	4.672	31.6957
1399204873.436	n	12.2001	3.67707	4.666	31.6954
1399204873.629	y	12.2002	3.67705	4.660	31.6952
1399204873.637	n	12.2001	3.67704	4.652	31.6951
1399204873.643	n	12.2002	3.67704	4.645	31.6951
1399204873.686	n	12.2002	3.67703	4.637	31.6950
1399204873.748	n	12.2003	3.67703	4.630	31.6949
1399204873.810	n	12.2004	3.67703	4.622	31.6948
1399204873.874	n	12.2004	3.67703	4.612	31.6948
1399204873.937	n	12.2004	3.67703	4.609	31.6948
1399204873.997	n	12.2004	3.67703	4.599	31.6948
1399204874.061	n	12.2003	3.67702	4.593	31.6948
1399204874.122	n	12.2003	3.67703	4.588	31.6949
1399204874.186	n	12.2004	3.67704	4.578	31.6949
1399204874.247	n	12.2004	3.67706	4.575	31.6951
1399204874.311	n	12.2005	3.67707	4.568	31.6951
1399204874.374	n	12.2006	3.67706	4.562	31.6950
1399204874.436	n	12.2006	3.67704	4.558	31.6948
1399204874.498	n	12.2006	3.67702	4.554	31.6946
1399204874.560	n	12.2006	3.67701	4.545	31.6944
1399204874.624	n	12.2007	3.67701	4.538	31.6944
1399204874.686	n	12.2007	3.67703	4.536	31.6945
1399204874.748	n	12.2006	3.67704	4.531	31.6947
1399204874.811	n	12.2005	3.67704	4.524	31.6948
1399204874.874	n	12.2005	3.67704	4.519	31.6949
1399204874.935	n	12.2005	3.67704	4.515	31.6949
1399204874.997	n	12.2006	3.67704	4.502	31.6948
1399204875.061	n	12.2007	3.67705	4.500	31.6948
1399204875.124	n	12.2008	3.67706	4.492	31.6948
1399204875.187	n	12.2009	3.67706	4.490	31.6947
1399204875.247	n	12.2011	3.67706	4.482	31.6946
1399204875.310	n	12.2012	3.67705	4.478	31.6944
1399204875.372	n	12.2013	3.67704	4.473	31.6942
1399204875.435	n	12.2013	3.67703	4.468	31.6941
1399204875.498	n	12.2014	3.67704	4.466	31.6941
1399204875.560	n	12.2014	3.67705	4.463	31.6943
1399204875.623	n	12.2013	3.67706	4.460	31.6943
1399204875.686	n	12.2013	3.67706	4.456	31.6944
1399204875.748	n	12.2011	3.67706	4.454	31.6945
1399204875.810	n	12.2010	3.67705	4.450	31.6945
1399204875.874	n	12.2009	3.67705	4.450	31.6946
1399204875.937	n	12.2008	3.67704	4.447	31.6947
1399204875.999	n	12.2007	3.67704	4.445	31.6947
1399204876.060	n	12.2008	3.67704	4.441	31.6946
1399204876.124	n	12.2009	3.67704	4.439	31.6946
1399204876.188	y	12.2010	3.67704	4.437	31.6945
1399204876.248	n	12.2011	3.67704	4.435	31.6943
1399204876.311	n	12.2013	3.67704	4.431	31.6942
1399204876.373	n	12.2014	3.67705	4.428	31.6942
1399204876.435	n	12.2015	3.67706	4.426	31.6942
1399204876.498	n	12.2015	3.67706	4.423	31.6942
1399204876.560	n	12.2014	3.67706	4.416	31.6943
1399204876.624	n	12.2011	3.67705	4.411	31.6945
1399204876.685	n	12.2008	3.67705	4.401	31.6948
1399204876.749	n	12.2004	3.67706	4.397	31.6952
1399204876.811	n	12.2001	3.67706	4.394	31.6955
1399204876.874	n	12.1999	3.67706	4.390	31.6956
1399204876.935	n	12.1997	3.67707	4.383	31.6959
1399204876.999	n	12.1997	3.67708	4.377	31.6959
1399204877.060	n	12.1998	3.67708	4.368	31.6959
1399204877.124	n	12.1999	3.67709	4.364	31.6959
1399204877.185	n	12.1999	3.67708	4.357	31.6958
1399204877.247	n	12.1997	3.67708	4.349	31.6959
1399204877.310	n	12.1993	3.67708	4.344	31.6963
1399204877.373	n	12.1988	3.67709	4.337	31.6968
1399204877.435	n	12.1983	3.67708	4.328	31.6972
1399204877.497	n	12.1980	3.67706	4.321	31.6973
1399204877.560	n	12.1979	3.67705	4.311	31.6972
1399204877.623	n	12.1981	3.67703	4.298	31.6969
1399204877.686	n	12.1984	3.67703	4.288	31.6966
1399204877.908	y	12.1987	3.67703	4.279	31.6965
1399204877.917	n	12.1988	3.67704	4.264	31.6964
1399204877.924	n	12.1988	3.67704	4.249	31.6964
1399204877.937	n	12.1987	3.67703	4.236	31.6964
1399204877.999	n	12.1987	3.67702	4.227	31.6962
1399204878.061	n	12.1990	3.67701	4.212	31.6960
1399204878.125	n	12.1994	3.67701	4.195	31.6956
1399204878.188	n	12.1999	3.67700	4.180	31.6951
1399204878.247	n	12.2003	3.67700	4.163	31.6948
1399204878.311	n	12.2006	3.67701	4.147	31.6946
1399204878.373	n	12.2007	3.67702	4.134	31.6946
1399204878.436	n	12.2008	3.67704	4.116	31.6947
1399204878.498	n	12.2010	3.67705	4.096	31.6947
1399204878.561	n	12.2011	3.67705	4.078	31.6946
1399204878.624	n	12.2012	3.67704	4.061	31.6945
1399204878.686	n	12.2013	3.67704	4.043	31.6944
1399204878.749	n	12.2014	3.67704	4.022	31.6943
1399204878.811	n	12.2015	3.67703	4.003	31.6942
1399204878.873	n	12.2015	3.67703	3.979	31.6941
1399204878.936	n	12.2015	3.67702	3.960	31.6940
1399204878.998	n	12.2015	3.67701	3.937	31.6939
1399204879.061	n	12.2016	3.67701	3.916	31.6939
1399204879.124	n	12.2016	3.67701	3.893	31.6939
1399204879.186	n	12.2017	3.67702	3.873	31.6939
1399204879.249	n	12.2017	3.67703	3.850	31.6940
1399204879.312	n	12.2018	3.67704	3.828	31.6941
1399204879.373	n	12.2019	3.67705	3.804	31.6940
1399204879.437	n	12.2020	3.67704	3.779	31.6939
1399204879.499	n	12.2021	3.67704	3.754	31.6938
1399204879.561	n	12.2020	3.67703	3.728	31.6938
1399204879.623	n	12.2020	3.67703	3.702	31.6938
1399204879.686	n	12.2019	3.67702	3.681	31.6938
1399204879.748	n	12.2018	3.67701	3.655	31.6938
1399204879.810	n	12.2017	3.67699	3.629	31.6937
1399204879.873	y	12.2015	3.67697	3.600	31.6937
1399204879.937	n	12.2013	3.67695	3.575	31.6937
1399204879.998	n	12.2011	3.67695	3.550	31.6939
1399204880.061	n	12.2008	3.67695	3.524	31.6942
1399204880.123	n	12.2005	3.67696	3.496	31.6945
1399204880.326	y	12.2003	3.67696	3.470	31.6946
1399204880.334	n	12.2003	3.67695	3.443	31.6946
1399204880.338	n	12.2004	3.67696	3.416	31.6946
1399204880.372	n	12.2005	3.67696	3.388	31.6945
1399204880.436	n	12.2006	3.67695	3.358	31.6944
1399204880.499	n	12.2006	3.67695	3.328	31.6943
1399204880.561	n	12.2006	3.67693	3.303	31.6942
1399204880.622	n	12.2005	3.67692	3.275	31.6942
1399204880.688	n	12.2005	3.67692	3.246	31.6943
1399204880.749	n	12.2006	3.67694	3.215	31.6943
1399204880.810	n	12.2008	3.67695	3.188	31.6943
1399204880.872	n	12.2011	3.67696	3.161	31.6941
1399204880.936	n	12.2015	3.67696	3.128	31.6939
1399204880.999	n	12.2018	3.67697	3.096	31.6936
1399204881.061	n	12.2021	3.67697	3.068	31.6934
1399204881.124	n	12.2025	3.67698	3.035	31.6932
1399204881.185	n	12.2026	3.67699	3.009	31.6933
1399204881.248	n	12.2021	3.67699	2.979	31.6936
1399204881.312	n	12.2009	3.67697	2.947	31.6944
1399204881.374	n	12.1993	3.67693	2.924	31.6954
1399204881.435	n	12.1978	3.67689	2.897	31.6964
1399204881.498	n	12.1967	3.67687	2.868	31.6971
1399204881.560	n	12.1960	3.67685	2.842	31.6975
1399204881.623	n	12.1958	3.67684	2.815	31.6976
1399204881.688	n	12.1956	3.67683	2.791	31.6977
1399204881.868	y	12.1954	3.67683	2.769	31.6978
1399204881.875	n	12.1952	3.67682	2.751	31.6980
1399204881.880	n	12.1948	3.67681	2.731	31.6982
1399204881.937	n	12.1943	3.67679	2.713	31.6985
1399204881.997	n	12.1938	3.67678	2.694	31.6988
1399204882.061	n	12.1934	3.67678	2.679	31.6991
1399204882.125	n	12.1931	3.67677	2.663	31.6993
1399204882.187	n	12.1929	3.67677	2.650	31.6995
1399204882.248	n	12.1927	3.67677	2.636	31.6997
1399204882.312	n	12.1927	3.67678	2.625	31.6997
1399204882.373	n	12.1929	3.67678	2.617	31.6996
1399204882.436	n	12.1931	3.67678	2.607	31.6994
1399204882.500	n	12.1934	3.67678	2.597	31.6992
1399204882.560	n	12.1935	3.67677	2.590	31.6990
1399204882.624	n	12.1937	3.67678	2.585	31.6989
1399204882.686	n	12.1941	3.67680	2.579	31.6987
1399204882.747	n	12.1947	3.67682	2.569	31.6984
1399204882.811	n	12.1955	3.67683	2.566	31.6978
1399204882.872	n	12.1963	3.67684	2.562	31.6972
1399204882.937	n	12.1969	3.67685	2.559	31.6969
1399204882.999	n	12.1973	3.67687	2.552	31.6967
1399204883.060	n	12.1975	3.67688	2.547	31.6966
1399204883.123	n	12.1974	3.67688	2.543	31.6967
1399204883.188	n	12.1973	3.67687	2.541	31.6968
1399204883.248	n	12.1973	3.67686	2.536	31.6967
1399204883.311	n	12.1975	3.67685	2.534	31.6964
1399204883.374	n	12.1980	3.67685	2.528	31.6959
1399204883.496	y	12.1987	3.67685	2.530	31.6954
1399204883.502	n	12.1994	3.67686	2.531	31.6949
1399204883.561	n	12.2000	3.67688	2.529	31.6946
1399204883.623	n	12.2004	3.67689	2.529	31.6943
1399204883.689	n	12.2008	3.67691	2.522	31.6942
1399204883.749	n	12.2010	3.67691	2.520	31.6940
1399204883.811	n	12.2013	3.67691	2.520	31.6938
1399204883.872	n	12.2013	3.67692	2.524	31.6938
1399204883.936	n	12.2010	3.67691	2.523	31.6940
1399204883.999	n	12.2004	3.67691	2.524	31.6945
1399204884.061	n	12.1997	3.67690	2.525	31.6950
1399204884.124	n	12.1990	3.67689	2.525	31.6955
1399204884.188	n	12.1984	3.67687	2.526	31.6958
1399204884.248	n	12.1981	3.67686	2.525	31.6960
1399204884.311	n	12.1981	3.67685	2.526	31.6959
1399204884.373	n	12.1984	3.67686	2.532	31.6957
1399204884.436	n	12.1988	3.67686	2.533	31.6954
1399204884.498	n	12.1992	3.67687	2.535	31.6951
1399204884.561	n	12.1995	3.67688	2.539	31.6950
1399204884.624	n	12.1997	3.67689	2.536	31.6949
1399204884.687	n	12.1998	3.67690	2.540	31.6948
1399204884.749	n	12.2000	3.67691	2.544	31.6948
1399204884.812	n	12.2004	3.67691	2.542	31.6945
1399204884.874	n	12.2007	3.67692	2.544	31.6943
1399204884.936	n	12.2011	3.67693	2.546	31.6941
1399204884.998	n	12.2014	3.67693	2.548	31.6939
1399204885.061	n	12.2016	3.67694	2.549	31.6937
1399204885.124	n	12.2018	3.67694	2.552	31.6936
1399204885.185	n	12.2019	3.67694	2.552	31.6935
1399204885.249	n	12.2020	3.67694	2.553	31.6935
1399204885.311	n	12.2019	3.67695	2.552	31.6935
1399204885.373	n	12.2018	3.67694	2.548	31.6936
1399204885.437	n	12.2017	3.67694	2.547	31.6936
1399204885.499	n	12.2016	3.67694	2.540	31.6937
1399204885.561	n	12.2017	3.67695	2.535	31.6938
1399204885.622	n	12.2019	3.67696	2.528	31.6937
1399204885.692	n	12.2021	3.67696	2.522	31.6935
1399204885.747	n	12.2026	3.67697	2.516	31.6932
1399204885.811	n	12.2030	3.67697	2.511	31.6929
1399204885.875	n	12.2035	3.67698	2.505	31.6925
1399204885.936	n	12.2039	3.67699	2.495	31.6923
1399204886.128	y	12.2043	3.67700	2.486	31.6921
1399204886.134	n	12.2045	3.67700	2.479	31.6919
1399204886.139	n	12.2046	3.67701	2.474	31.6919
1399204886.188	n	12.2047	3.67701	2.464	31.6918
1399204886.247	n	12.2047	3.67701	2.455	31.6918
1399204886.312	n	12.2047	3.67701	2.445	31.6918
1399204886.374	n	12.2047	3.67701	2.437	31.6918
1399204886.436	n	12.2047	3.67701	2.425	31.6918
1399204886.498	n	12.2046	3.67700	2.417	31.6919
1399204886.560	n	12.2045	3.67701	2.407	31.6920
1399204886.624	n	12.2045	3.67701	2.397	31.6921
1399204886.689	n	12.2045	3.67701	2.389	31.6920
1399204886.749	n	12.2046	3.67700	2.381	31.6918
1399204886.811	n	12.2046	3.67699	2.368	31.6918
1399204886.875	n	12.2046	3.67699	2.360	31.6917
1399204886.935	n	12.2045	3.67699	2.350	31.6918
1399204886.998	n	12.2044	3.67697	2.340	31.6917
1399204887.062	n	12.2043	3.67696	2.329	31.6917
1399204887.123	n	12.2043	3.67696	2.318	31.6917
1399204887.219	y	12.2043	3.67697	2.310	31.6918
1399204887.248	n	12.2043	3.67698	2.301	31.6919
1399204887.311	n	12.2042	3.67699	2.293	31.6921
1399204887.375	n	12.2042	3.67698	2.282	31.6921
1399204887.436	n	12.2041	3.67699	2.272	31.6922
1399204887.498	n	12.2041	3.67699	2.269	31.6922
1399204887.562	n	12.2041	3.67698	2.260	31.6921
1399204887.624	n	12.2042	3.67696	2.252	31.6919
1399204887.686	n	12.2043	3.67695	2.245	31.6918
1399204887.748	n	12.2042	3.67695	2.236	31.6918
1399204887.810	n	12.2042	3.67697	2.231	31.6920
1399204887.874	n	12.2041	3.67697	2.223	31.6921
1399204887.937	n	12.2040	3.67697	2.214	31.6922
1399204887.998	n	12.2039	3.67696	2.208	31.6921
1399204888.061	n	12.2039	3.67696	2.200	31.6921
1399204888.123	n	12.2038	3.67696	2.192	31.6922
1399204888.188	n	12.2038	3.67697	2.182	31.6923
1399204888.248	n	12.2038	3.67697	2.175	31.6924
1399204888.310	n	12.2039	3.67697	2.172	31.6923
1399204888.373	n	12.2039	3.67697	2.163	31.6923
1399204888.435	n	12.2039	3.67697	2.149	31.6923
1399204888.498	n	12.2039	3.67697	2.138	31.6923
1399204888.560	n	12.2039	3.67698	2.128	31.6923
1399204888.625	n	12.2038	3.67699	2.116	31.6925
1399204888.686	n	12.2038	3.67698	2.109	31.6925
1399204888.748	n	12.2038	3.67697	2.096	31.6924
1399204888.810	n	12.2038	3.67696	2.079	31.6923
1399204888.873	n	12.2038	3.67695	2.069	31.6922
1399204888.937	n	12.2038	3.67694	2.054	31.6921
1399204888.999	n	12.2038	3.67694	2.045	31.6921
1399204889.060	n	12.2039	3.67694	2.034	31.6921
1399204889.122	n	12.2039	3.67695	2.022	31.6921
1399204889.188	n	12.2038	3.67696	2.009	31.6922
1399204889.248	n	12.2037	3.67696	1.998	31.6924
1399204889.310	n	12.2036	3.67697	1.985	31.6926
1399204889.374	n	12.2036	3.67698	1.971	31.6927
1399204889.435	n	12.2036	3.67698	1.959	31.6927
1399204889.498	n	12.2037	3.67697	1.946	31.6925
1399204889.560	n	12.2038	3.67695	1.933	31.6922
1399204889.624	n	12.2039	3.67694	1.917	31.6921
1399204889.686	n	12.2039	3.67694	1.901	31.6920
1399204889.747	n	12.2039	3.67694	1.886	31.6921
1399204889.811	n	12.2038	3.67695	1.871	31.6922
1399204889.875	n	12.2038	3.67695	1.855	31.6922
1399204889.936	n	12.2038	3.67695	1.840	31.6922
1399204889.998	n	12.2039	3.67696	1.824	31.6923
1399204890.060	n	12.2040	3.67696	1.807	31.6923
1399204890.124	n	12.2040	3.67695	1.790	31.6922
1399204890.187	n	12.2039	3.67695	1.769	31.6922
1399204890.350	y	12.2039	3.67694	1.748	31.6921
1399204890.357	n	12.2038	3.67693	1.729	31.6921
1399204890.374	n	12.2036	3.67693	1.709	31.6923
1399204890.438	n	12.2031	3.67693	1.691	31.6927
1399204890.498	n	12.2025	3.67693	1.669	31.6932
1399204890.560	n	12.2018	3.67692	1.643	31.6938
1399204890.624	n	12.2008	3.67690	1.621	31.6945
1399204890.686	n	12.1998	3.67688	1.600	31.6951
1399204890.749	n	12.1986	3.67685	1.579	31.6958
1399204890.811	n	12.1974	3.67681	1.556	31.6965
1399204890.878	y	12.1965	3.67679	1.532	31.6970
1399204890.935	n	12.1959	3.67677	1.508	31.6973
1399204890.999	n	12.1954	3.67676	1.490	31.6977
1399204891.060	n	12.1947	3.67675	1.464	31.6982
1399204891.125	n	12.1940	3.67674	1.440	31.6987
1399204891.185	n	12.1933	3.67672	1.414	31.6991
1399204891.248	n	12.1929	3.67669	1.396	31.6992
1399204891.311	n	12.1930	3.67667	1.375	31.6989
1399204891.372	n	12.1935	3.67667	1.352	31.6985
1399204891.437	n	12.1941	3.67667	1.326	31.6981
1399204891.498	n	12.1945	3.67668	1.307	31.6978
1399204891.561	n	12.1945	3.67668	1.287	31.6977
1399204891.625	n	12.1944	3.67667	1.270	31.6978
1399204891.687	n	12.1942	3.67667	1.250	31.6979
1399204891.749	n	12.1942	3.67666	1.233	31.6980
1399204891.811	n	12.1942	3.67666	1.212	31.6978
1399204891.873	n	12.1945	3.67665	1.191	31.6976
1399204891.936	n	12.1946	3.67664	1.174	31.6974
1399204891.998	n	12.1946	3.67664	1.158	31.6975
1399204892.061	n	12.1944	3.67665	1.143	31.6976
1399204892.125	n	12.1942	3.67665	1.134	31.6978
1399204892.189	n	12.1941	3.67664	1.121	31.6978
1399204892.248	n	12.1942	3.67663	1.112	31.6977
1399204892.310	n	12.1944	3.67664	1.102	31.6976
1399204892.375	n	12.1946	3.67665	1.092	31.6974
1399204892.436	n	12.1950	3.67667	1.081	31.6973
1399204892.498	n	12.1954	3.67669	1.075	31.6972
1399204892.560	n	12.1957	3.67671	1.066	31.6971
1399204892.624	n	12.1960	3.67672	1.053	31.6970
1399204892.687	n	12.1963	3.67673	1.044	31.6969
1399204892.748	n	12.1965	3.67674	1.037	31.6968
1399204892.811	n	12.1968	3.67676	1.029	31.6967
1399204892.874	n	12.1970	3.67676	1.023	31.6965
1399204892.935	n	12.1971	3.67675	1.015	31.6964
1399204892.998	n	12.1968	3.67672	1.005	31.6964
1399204893.062	n	12.1961	3.67669	1.003	31.6966
1399204893.123	n	12.1954	3.67667	0.995	31.6970
1399204893.188	n	12.1945	3.67664	0.990	31.6975
1399204893.250	n	12.1938	3.67661	0.981	31.6979
1399204893.311	n	12.1931	3.67659	0.972	31.6982
1399204893.374	n	12.1929	3.67659	0.960	31.6984
1399204893.435	n	12.1930	3.67661	0.948	31.6985
1399204893.498	n	12.1936	3.67663	0.935	31.6982
1399204893.560	n	12.1943	3.67664	0.919	31.6978
1399204893.624	n	12.1950	3.67665	0.908	31.6973
1399204893.686	n	12.1955	3.67665	0.896	31.6968
1399204893.749	n	12.1959	3.67665	0.889	31.6965
1399204893.811	n	12.1962	3.67666	0.878	31.6963
1399204893.874	n	12.1963	3.67667	0.873	31.6963
1399204893.935	n	12.1963	3.67668	0.872	31.6964
1399204893.999	n	12.1961	3.67668	0.875	31.6966
1399204894.061	n	12.1958	3.67668	0.873	31.6968
1399204894.123	n	12.1956	3.67668	0.871	31.6970
1399204894.189	n	12.1954	3.67667	0.874	31.6971
1399204894.248	n	12.1953	3.67667	0.878	31.6972
1399204894.311	n	12.1952	3.67667	0.882	31.6973
1399204894.373	n	12.1951	3.67667	0.888	31.6973
1399204894.473	y	12.1950	3.67667	0.890	31.6974
1399204894.579	y	12.1949	3.67666	0.896	31.6974
1399204894.585	n	12.1948	3.67666	0.904	31.6974
1399204894.624	n	12.1947	3.67666	0.909	31.6975
1399204894.688	n	12.1947	3.67667	0.913	31.6977
1399204894.748	n	12.1946	3.67668	0.921	31.6978
1399204894.810	n	12.1946	3.67669	0.930	31.6979
1399204894.874	n	12.1946	3.67669	0.932	31.6980
1399204894.937	n	12.1946	3.67669	0.937	31.6980
1399204894.997	n	12.1945	3.67669	0.945	31.6980
1399204895.061	n	12.1943	3.67668	0.951	31.6981
1399204895.125	n	12.1942	3.67667	0.953	31.6980
1399204895.188	n	12.1942	3.67667	0.953	31.6981
1399204895.248	n	12.1943	3.67668	0.956	31.6981
1399204895.310	n	12.1946	3.67670	0.962	31.6980
1399204895.374	n	12.1949	3.67671	0.968	31.6978
1399204895.435	n	12.1952	3.67671	0.970	31.6977
1399204895.499	n	12.1954	3.67672	0.970	31.6975
1399204895.562	n	12.1956	3.67672	0.970	31.6974
1399204895.625	n	12.1957	3.67672	0.970	31.6973
1399204895.759	y	12.1958	3.67673	0.973	31.6972
1399204895.766	n	12.1960	3.67671	0.973	31.6970
1399204895.812	n	12.1961	3.67671	0.972	31.6968
1399204895.873	n	12.1960	3.67670	0.971	31.6968
1399204895.937	n	12.1960	3.67669	0.971	31.6967
1399204895.999	n	12.1959	3.67668	0.971	31.6967
1399204896.060	n	12.1959	3.67669	0.974	31.6968
1399204896.124	n	12.1961	3.67668	0.971	31.6966
1399204896.187	n	12.1962	3.67669	0.966	31.6965
1399204896.249	n	12.1964	3.67669	0.964	31.6964
1399204896.311	n	12.1967	3.67670	0.961	31.6962
1399204896.373	n	12.1970	3.67671	0.958	31.6961
1399204896.437	n	12.1973	3.67673	0.956	31.6960
1399204896.499	n	12.1975	3.67673	0.953	31.6959
1399204896.561	n	12.1975	3.67673	0.948	31.6959
1399204896.624	n	12.1975	3.67672	0.945	31.6958
1399204896.686	n	12.1974	3.67672	0.945	31.6958
1399204896.749	n	12.1974	3.67671	0.938	31.6958
1399204896.812	n	12.1973	3.67671	0.938	31.6958
1399204896.874	n	12.1973	3.67671	0.939	31.6958
1399204896.935	n	12.1971	3.67670	0.930	31.6959
1399204896.999	n	12.1971	3.67668	0.928	31.6958
1399204897.061	n	12.1970	3.67668	0.927	31.6958
1399204897.123	n	12.1969	3.67667	0.920	31.6958
1399204897.188	n	12.1968	3.67666	0.917	31.6958
1399204897.249	n	12.1967	3.67665	0.914	31.6958
1399204897.310	n	12.1966	3.67664	0.910	31.6958
1399204897.374	n	12.1965	3.67664	0.908	31.6958
1399204897.437	n	12.1965	3.67664	0.900	31.6959
1399204897.497	n	12.1964	3.67665	0.896	31.6960
1399204897.562	n	12.1964	3.67664	0.892	31.6960
1399204897.624	n	12.1963	3.67664	0.885	31.6960
1399204897.688	n	12.1964	3.67664	0.881	31.6959
1399204897.748	n	12.1965	3.67665	0.872	31.6960
1399204897.810	n	12.1967	3.67668	0.862	31.6960
1399204897.873	n	12.1968	3.67668	0.851	31.6960
1399204897.936	n	12.1968	3.67667	0.834	31.6960
1399204897.997	n	12.1966	3.67665	0.818	31.6960
1399204898.061	n	12.1963	3.67663	0.798	31.6959
1399204898.123	n	12.1962	3.67662	0.781	31.6959
1399204898.217	y	12.1962	3.67662	0.762	31.6960
1399204898.249	n	12.1964	3.67664	0.746	31.6960
1399204898.312	n	12.1965	3.67666	0.727	31.6961
1399204898.373	n	12.1966	3.67668	0.710	31.6962
1399204898.437	n	12.1966	3.67668	0.696	31.6962
1399204898.499	n	12.1966	3.67669	0.681	31.6963
1399204898.561	n	12.1965	3.67669	0.671	31.6964
1399204898.623	n	12.1965	3.67668	0.661	31.6963
1399204898.686	n	12.1965	3.67667	0.651	31.6962
1399204898.867	y	12.1965	3.67666	0.643	31.6961
1399204898.879	n	12.1965	3.67666	0.641	31.6962
1399204898.884	n	12.1965	3.67666	0.641	31.6962
1399204898.944	n	12.1965	3.67667	0.636	31.6962
1399204898.998	n	12.1965	3.67666	0.633	31.6962
1399204899.061	n	12.1965	3.67667	0.636	31.6962
1399204899.124	n	12.1965	3.67666	0.635	31.6962
1399204899.187	n	12.1965	3.67667	0.632	31.6962
1399204899.249	n	12.1966	3.67667	0.630	31.6962
1399204899.311	n	12.1966	3.67668	0.628	31.6963
1399204899.373	n	12.1965	3.67668	0.629	31.6963
1399204899.437	n	12.1965	3.67667	0.631	31.6963
1399204899.498	n	12.1964	3.67666	0.633	31.6963
1399204899.561	n	12.1964	3.67666	0.633	31.6962
1399204899.624	n	12.1964	3.67665	0.636	31.6961
1399204899.686	n	12.1963	3.67664	0.637	31.6961
1399204899.748	n	12.1962	3.67663	0.636	31.6961
1399204899.811	n	12.1961	3.67662	0.641	31.6961
