Source File: D:\Storage\Programs\OOI\Group 5\Correspondence\07_18_14 sample files\files\11257499.PPB
Processed: 07/18/2014 12:28:01
Using Version: 1.11
Device: CTD
Start Date: 05/05/2014
Timestamp (s)	Suspect Timestamp	Temperature	Conductivity	Pressure	Salinity
1399312782.684	y	12.3868	3.67592	20.929	31.5204
1399312782.748	n	12.3870	3.67592	20.932	31.5203
1399312782.811	n	12.3870	3.67593	20.932	31.5204
1399312782.873	n	12.3870	3.67592	20.929	31.5203
1399312782.935	n	12.3870	3.67592	20.932	31.5203
1399312783.000	n	12.3867	3.67588	20.933	31.5202
1399312783.062	n	12.3866	3.67598	20.934	31.5211
1399312783.126	n	12.3868	3.67592	20.932	31.5205
1399312783.189	n	12.3867	3.67592	20.932	31.5205
1399312783.251	n	12.3867	3.67592	20.932	31.5206
1399312783.314	n	12.3867	3.67592	20.933	31.5206
1399312783.375	n	12.3867	3.67593	20.934	31.5206
1399312783.437	n	12.3868	3.67593	20.932	31.5206
1399312783.502	n	12.3868	3.67593	20.936	31.5206
1399312783.564	n	12.3868	3.67593	20.938	31.5205
1399312783.624	n	12.3868	3.67593	20.933	31.5205
1399312783.687	n	12.3868	3.67593	20.932	31.5205
1399312783.752	n	12.3868	3.67593	20.930	31.5205
1399312783.814	n	12.3868	3.67593	20.929	31.5205
1399312783.874	n	12.3868	3.67593	20.928	31.5205
1399312783.937	n	12.3868	3.67593	20.926	31.5205
1399312784.002	n	12.3868	3.67593	20.926	31.5206
1399312784.065	n	12.3868	3.67593	20.923	31.5206
1399312784.125	n	12.3867	3.67592	20.922	31.5205
1399312784.187	n	12.3868	3.67591	20.917	31.5204
1399312785.228	n	12.3869	3.67591	20.923	31.5203
1399312785.256	n	12.3869	3.67591	20.914	31.5203
1399312785.275	n	12.3869	3.67592	20.911	31.5204
1399312785.288	n	12.3869	3.67593	20.906	31.5204
1399312785.294	n	12.3869	3.67593	20.905	31.5205
1399312785.300	n	12.3868	3.67593	20.904	31.5205
1399312785.307	n	12.3868	3.67593	20.902	31.5205
1399312785.314	n	12.3868	3.67593	20.901	31.5205
1399312785.321	n	12.3868	3.67592	20.895	31.5205
1399312785.327	n	12.3868	3.67592	20.892	31.5205
1399312785.332	n	12.3868	3.67591	20.892	31.5204
1399312785.338	n	12.3868	3.67591	20.889	31.5205
1399312785.343	n	12.3868	3.67592	20.886	31.5205
1399312785.348	n	12.3867	3.67593	20.879	31.5206
1399312785.353	n	12.3868	3.67593	20.878	31.5205
1399312785.358	n	12.3868	3.67593	20.872	31.5205
1399312785.363	n	12.3868	3.67593	20.871	31.5205
1399312785.368	n	12.3868	3.67592	20.868	31.5205
1399312785.375	n	12.3868	3.67592	20.866	31.5204
1399312785.438	n	12.3868	3.67591	20.863	31.5203
1399312785.500	n	12.3868	3.67591	20.857	31.5204
1399312785.564	n	12.3868	3.67592	20.853	31.5205
1399312785.624	n	12.3868	3.67593	20.851	31.5206
1399312785.686	n	12.3868	3.67594	20.849	31.5207
1399312785.749	n	12.3868	3.67594	20.843	31.5207
1399312785.812	n	12.3868	3.67593	20.841	31.5206
1399312785.875	n	12.3868	3.67592	20.837	31.5205
1399312785.937	n	12.3868	3.67592	20.833	31.5204
1399312785.999	n	12.3868	3.67591	20.831	31.5203
1399312786.062	n	12.3868	3.67591	20.824	31.5204
1399312786.125	n	12.3869	3.67591	20.820	31.5204
1399312786.187	n	12.3869	3.67591	20.818	31.5203
1399312786.250	n	12.3869	3.67591	20.810	31.5203
1399312786.313	n	12.3869	3.67591	20.808	31.5203
1399312786.374	n	12.3869	3.67592	20.805	31.5204
1399312786.438	n	12.3869	3.67592	20.801	31.5204
1399312786.499	n	12.3869	3.67593	20.795	31.5205
1399312786.563	n	12.3869	3.67593	20.790	31.5205
1399312786.626	n	12.3870	3.67593	20.783	31.5204
1399312786.688	n	12.3870	3.67593	20.780	31.5204
1399312786.750	n	12.3870	3.67593	20.775	31.5204
1399312786.812	n	12.3871	3.67593	20.772	31.5204
1399312786.876	n	12.3871	3.67593	20.767	31.5204
1399312786.938	n	12.3870	3.67593	20.762	31.5204
1399312786.999	n	12.3870	3.67593	20.755	31.5204
1399312787.063	n	12.3870	3.67593	20.751	31.5204
1399312787.125	n	12.3870	3.67592	20.749	31.5204
1399312787.186	n	12.3870	3.67592	20.745	31.5203
1399312787.250	n	12.3869	3.67591	20.737	31.5203
1399312787.311	n	12.3869	3.67590	20.736	31.5203
1399312787.376	n	12.3869	3.67591	20.730	31.5203
1399312787.438	n	12.3869	3.67591	20.728	31.5203
1399312787.502	n	12.3869	3.67590	20.723	31.5202
1399312787.561	n	12.3870	3.67589	20.718	31.5202
1399312787.624	n	12.3869	3.67589	20.714	31.5202
1399312787.689	n	12.3869	3.67589	20.707	31.5202
1399312787.751	n	12.3869	3.67589	20.707	31.5202
1399312787.812	n	12.3869	3.67591	20.704	31.5204
1399312787.874	n	12.3868	3.67591	20.694	31.5204
1399312787.938	n	12.3868	3.67591	20.689	31.5204
1399312788.001	n	12.3868	3.67591	20.686	31.5205
1399312788.063	n	12.3868	3.67591	20.685	31.5204
1399312788.126	n	12.3868	3.67591	20.676	31.5205
1399312788.187	n	12.3868	3.67591	20.675	31.5205
1399312788.253	n	12.3868	3.67591	20.668	31.5205
1399312788.312	y	12.3868	3.67590	20.666	31.5204
1399312788.374	n	12.3869	3.67589	20.661	31.5203
1399312788.437	n	12.3868	3.67589	20.658	31.5203
1399312788.501	n	12.3868	3.67589	20.655	31.5202
1399312788.562	n	12.3868	3.67589	20.649	31.5203
1399312788.624	n	12.3868	3.67590	20.650	31.5204
1399312788.687	n	12.3868	3.67590	20.644	31.5203
1399312788.749	n	12.3868	3.67589	20.638	31.5203
1399312788.954	y	12.3868	3.67590	20.638	31.5204
1399312788.962	n	12.3869	3.67590	20.634	31.5204
1399312788.968	n	12.3869	3.67590	20.633	31.5203
1399312789.002	n	12.3869	3.67589	20.629	31.5203
1399312789.063	n	12.3869	3.67588	20.621	31.5202
1399312789.125	n	12.3869	3.67588	20.620	31.5202
1399312789.186	n	12.3868	3.67589	20.618	31.5203
1399312789.255	n	12.3868	3.67590	20.614	31.5204
1399312789.311	n	12.3868	3.67590	20.611	31.5204
1399312789.376	n	12.3868	3.67589	20.611	31.5203
1399312789.436	n	12.3869	3.67589	20.609	31.5203
1399312789.500	n	12.3869	3.67589	20.606	31.5203
1399312789.564	n	12.3868	3.67591	20.605	31.5205
1399312789.626	n	12.3868	3.67591	20.603	31.5205
1399312789.687	n	12.3868	3.67592	20.603	31.5205
1399312789.750	n	12.3868	3.67591	20.603	31.5205
1399312789.812	n	12.3868	3.67591	20.600	31.5204
1399312789.874	n	12.3868	3.67591	20.602	31.5205
1399312789.936	n	12.3868	3.67591	20.601	31.5205
1399312790.001	n	12.3868	3.67590	20.605	31.5204
1399312790.061	n	12.3868	3.67589	20.606	31.5203
1399312790.126	n	12.3867	3.67589	20.605	31.5204
1399312790.189	n	12.3867	3.67589	20.607	31.5204
1399312790.249	n	12.3867	3.67590	20.609	31.5205
1399312790.312	n	12.3867	3.67591	20.612	31.5206
1399312790.374	n	12.3867	3.67591	20.613	31.5205
1399312790.437	n	12.3867	3.67590	20.613	31.5205
1399312790.502	n	12.3867	3.67590	20.618	31.5205
1399312790.563	n	12.3867	3.67590	20.621	31.5205
1399312790.625	n	12.3867	3.67589	20.624	31.5204
1399312790.687	n	12.3867	3.67590	20.630	31.5205
1399312790.749	n	12.3867	3.67591	20.630	31.5205
1399312790.813	n	12.3867	3.67591	20.634	31.5206
1399312790.875	n	12.3868	3.67591	20.641	31.5205
1399312790.937	n	12.3868	3.67590	20.643	31.5204
1399312790.999	n	12.3868	3.67590	20.647	31.5204
1399312791.062	n	12.3868	3.67591	20.652	31.5204
1399312791.124	n	12.3868	3.67592	20.660	31.5206
1399312791.189	n	12.3867	3.67592	20.664	31.5206
1399312791.249	n	12.3867	3.67591	20.671	31.5206
1399312791.311	n	12.3866	3.67590	20.675	31.5205
1399312791.374	n	12.3867	3.67590	20.685	31.5205
1399312791.436	n	12.3867	3.67591	20.691	31.5205
1399312791.501	n	12.3867	3.67592	20.696	31.5206
1399312791.562	n	12.3868	3.67593	20.705	31.5206
1399312791.625	n	12.3868	3.67593	20.711	31.5206
1399312791.687	n	12.3868	3.67593	20.716	31.5206
1399312791.750	n	12.3868	3.67592	20.723	31.5206
1399312791.839	n	12.3867	3.67592	20.730	31.5205
1399312791.876	n	12.3868	3.67591	20.737	31.5205
1399312791.936	n	12.3868	3.67591	20.744	31.5205
1399312792.000	n	12.3868	3.67590	20.748	31.5204
1399312792.094	y	12.3868	3.67590	20.754	31.5204
1399312792.126	n	12.3867	3.67590	20.761	31.5204
1399312792.189	n	12.3867	3.67590	20.764	31.5204
1399312792.249	n	12.3867	3.67590	20.772	31.5205
1399312792.312	n	12.3866	3.67590	20.779	31.5205
1399312792.392	n	12.3867	3.67591	20.784	31.5205
1399312792.436	n	12.3867	3.67591	20.790	31.5206
1399312792.501	n	12.3866	3.67592	20.795	31.5206
1399312792.564	n	12.3866	3.67593	20.798	31.5207
1399312792.625	y	12.3867	3.67593	20.804	31.5207
1399312792.686	n	12.3867	3.67593	20.808	31.5207
1399312792.750	n	12.3867	3.67593	20.812	31.5207
1399312792.812	n	12.3866	3.67593	20.815	31.5207
1399312792.875	n	12.3866	3.67593	20.818	31.5207
1399312792.937	n	12.3865	3.67592	20.820	31.5207
1399312792.999	n	12.3865	3.67591	20.824	31.5207
1399312793.176	y	12.3865	3.67591	20.822	31.5206
1399312793.181	n	12.3865	3.67590	20.825	31.5205
1399312793.189	n	12.3865	3.67590	20.827	31.5205
1399312793.251	n	12.3866	3.67590	20.825	31.5205
1399312793.312	n	12.3866	3.67590	20.825	31.5205
1399312793.376	n	12.3866	3.67590	20.826	31.5205
1399312793.437	n	12.3866	3.67591	20.825	31.5206
1399312793.500	n	12.3866	3.67591	20.820	31.5207
1399312793.561	n	12.3866	3.67591	20.819	31.5206
1399312793.624	n	12.3866	3.67592	20.815	31.5206
1399312793.942	n	12.3866	3.67591	20.812	31.5206
1399312793.950	n	12.3866	3.67591	20.809	31.5206
1399312793.956	n	12.3866	3.67591	20.802	31.5206
1399312793.964	n	12.3866	3.67591	20.799	31.5206
1399312793.970	n	12.3866	3.67590	20.792	31.5205
1399312794.000	n	12.3866	3.67591	20.786	31.5205
1399312794.063	n	12.3866	3.67591	20.779	31.5206
1399312794.125	n	12.3866	3.67590	20.768	31.5205
1399312794.189	n	12.3865	3.67590	20.762	31.5206
1399312794.251	n	12.3865	3.67589	20.753	31.5205
1399312794.312	n	12.3865	3.67589	20.742	31.5205
1399312794.375	n	12.3866	3.67591	20.735	31.5206
1399312794.437	n	12.3866	3.67591	20.723	31.5206
1399312794.500	n	12.3866	3.67591	20.712	31.5206
1399312794.564	n	12.3866	3.67591	20.699	31.5206
1399312794.624	n	12.3866	3.67592	20.687	31.5207
1399312794.686	n	12.3866	3.67592	20.672	31.5207
1399312794.750	n	12.3867	3.67593	20.659	31.5207
1399312794.813	n	12.3867	3.67592	20.646	31.5207
1399312794.875	n	12.3867	3.67591	20.632	31.5206
1399312794.937	n	12.3867	3.67590	20.617	31.5205
1399312794.999	n	12.3866	3.67590	20.603	31.5205
1399312795.062	n	12.3866	3.67591	20.585	31.5206
1399312795.125	n	12.3866	3.67592	20.570	31.5208
1399312795.187	n	12.3865	3.67593	20.554	31.5209
1399312795.250	n	12.3865	3.67593	20.537	31.5209
1399312795.312	n	12.3865	3.67592	20.520	31.5209
1399312795.374	n	12.3865	3.67591	20.503	31.5208
1399312795.436	n	12.3865	3.67589	20.482	31.5207
1399312795.501	n	12.3865	3.67588	20.464	31.5206
1399312795.562	n	12.3865	3.67587	20.446	31.5204
1399312795.625	y	12.3866	3.67588	20.423	31.5204
1399312795.689	n	12.3866	3.67588	20.404	31.5204
1399312795.749	n	12.3866	3.67588	20.386	31.5204
1399312795.812	n	12.3866	3.67588	20.362	31.5204
1399312795.874	n	12.3866	3.67588	20.342	31.5205
1399312795.938	n	12.3866	3.67589	20.324	31.5206
1399312796.001	n	12.3866	3.67589	20.300	31.5206
1399312796.063	n	12.3866	3.67589	20.281	31.5207
1399312796.126	n	12.3865	3.67589	20.259	31.5207
1399312796.189	n	12.3865	3.67589	20.240	31.5207
1399312796.249	n	12.3864	3.67589	20.213	31.5208
1399312796.313	n	12.3864	3.67590	20.191	31.5209
1399312796.375	n	12.3864	3.67590	20.172	31.5209
1399312796.438	n	12.3865	3.67590	20.149	31.5209
1399312796.500	n	12.3865	3.67589	20.129	31.5208
1399312796.562	n	12.3865	3.67589	20.104	31.5208
1399312796.624	n	12.3864	3.67589	20.080	31.5208
1399312796.686	n	12.3863	3.67588	20.055	31.5208
1399312796.751	n	12.3863	3.67588	20.037	31.5208
1399312796.813	n	12.3862	3.67587	20.012	31.5208
1399312796.875	n	12.3862	3.67586	19.987	31.5208
1399312796.936	n	12.3862	3.67586	19.964	31.5208
1399312797.000	n	12.3862	3.67586	19.941	31.5209
1399312797.182	y	12.3862	3.67586	19.919	31.5209
1399312797.189	n	12.3862	3.67586	19.897	31.5209
1399312797.193	n	12.3862	3.67587	19.872	31.5209
1399312797.250	n	12.3862	3.67587	19.849	31.5209
1399312797.311	n	12.3862	3.67586	19.831	31.5209
1399312797.374	n	12.3862	3.67586	19.807	31.5208
1399312797.438	n	12.3862	3.67585	19.786	31.5207
1399312797.501	n	12.3862	3.67584	19.759	31.5207
1399312797.563	n	12.3862	3.67584	19.741	31.5207
1399312797.624	n	12.3861	3.67584	19.718	31.5208
1399312797.688	n	12.3861	3.67585	19.696	31.5209
1399312797.750	n	12.3861	3.67586	19.668	31.5210
1399312797.813	n	12.3861	3.67586	19.649	31.5210
1399312797.875	n	12.3860	3.67586	19.627	31.5210
1399312797.938	n	12.3860	3.67586	19.605	31.5211
1399312797.999	n	12.3860	3.67587	19.585	31.5213
1399312798.063	n	12.3859	3.67587	19.563	31.5212
1399312798.125	n	12.3860	3.67586	19.542	31.5212
1399312798.189	n	12.3860	3.67585	19.523	31.5210
1399312798.250	n	12.3860	3.67584	19.505	31.5209
1399312798.312	n	12.3860	3.67584	19.482	31.5209
1399312798.375	n	12.3860	3.67585	19.463	31.5210
1399312798.437	n	12.3860	3.67585	19.446	31.5210
1399312798.500	n	12.3860	3.67585	19.424	31.5211
1399312798.562	n	12.3860	3.67585	19.401	31.5210
1399312798.624	n	12.3860	3.67585	19.383	31.5211
1399312798.687	n	12.3859	3.67584	19.361	31.5211
1399312798.750	n	12.3859	3.67584	19.342	31.5211
1399312798.813	n	12.3859	3.67584	19.324	31.5211
1399312798.874	n	12.3858	3.67584	19.306	31.5212
1399312798.937	n	12.3858	3.67585	19.287	31.5213
1399312798.999	n	12.3858	3.67586	19.272	31.5214
1399312799.061	n	12.3858	3.67586	19.251	31.5214
1399312799.127	n	12.3858	3.67585	19.237	31.5213
1399312799.190	n	12.3858	3.67583	19.219	31.5212
1399312799.301	y	12.3857	3.67582	19.198	31.5211
1399312799.314	n	12.3857	3.67581	19.186	31.5210
1399312799.375	n	12.3857	3.67582	19.167	31.5211
1399312799.437	n	12.3856	3.67582	19.153	31.5212
1399312799.500	n	12.3856	3.67583	19.140	31.5213
1399312799.562	n	12.3856	3.67584	19.125	31.5214
1399312799.624	n	12.3855	3.67584	19.108	31.5215
1399312799.687	n	12.3856	3.67584	19.092	31.5215
1399312799.749	n	12.3856	3.67584	19.075	31.5214
1399312799.812	n	12.3857	3.67584	19.061	31.5214
1399312799.874	n	12.3857	3.67584	19.044	31.5214
1399312799.938	n	12.3857	3.67584	19.030	31.5214
1399312800.001	n	12.3856	3.67584	19.016	31.5215
1399312800.061	n	12.3855	3.67584	19.003	31.5215
1399312800.124	n	12.3855	3.67583	18.987	31.5215
1399312800.187	n	12.3855	3.67582	18.974	31.5214
1399312800.251	n	12.3856	3.67582	18.960	31.5214
1399312800.316	n	12.3856	3.67582	18.944	31.5213
1399312800.375	n	12.3856	3.67582	18.930	31.5213
1399312800.437	n	12.3856	3.67581	18.916	31.5213
1399312800.501	n	12.3856	3.67581	18.904	31.5213
1399312800.562	n	12.3856	3.67581	18.889	31.5213
1399312800.624	n	12.3855	3.67582	18.872	31.5214
1399312800.687	n	12.3855	3.67582	18.863	31.5214
1399312800.750	n	12.3855	3.67582	18.851	31.5215
1399312800.813	n	12.3855	3.67582	18.836	31.5215
1399312800.876	n	12.3856	3.67582	18.821	31.5214
1399312800.938	n	12.3855	3.67581	18.807	31.5213
1399312801.001	n	12.3855	3.67580	18.795	31.5213
1399312801.062	n	12.3855	3.67580	18.785	31.5213
1399312801.125	n	12.3855	3.67580	18.773	31.5213
1399312801.187	n	12.3854	3.67581	18.760	31.5214
1399312801.249	n	12.3854	3.67582	18.749	31.5215
1399312801.436	y	12.3854	3.67582	18.729	31.5215
1399312801.444	n	12.3854	3.67581	18.720	31.5214
1399312801.450	n	12.3855	3.67581	18.706	31.5214
1399312801.501	n	12.3855	3.67580	18.693	31.5214
1399312801.563	n	12.3855	3.67581	18.678	31.5214
1399312801.625	n	12.3855	3.67581	18.663	31.5215
1399312801.687	n	12.3854	3.67581	18.649	31.5215
1399312801.751	n	12.3854	3.67581	18.637	31.5214
1399312801.812	n	12.3855	3.67581	18.621	31.5215
1399312801.876	n	12.3855	3.67581	18.611	31.5214
1399312801.936	n	12.3855	3.67580	18.596	31.5213
1399312801.999	n	12.3855	3.67579	18.581	31.5213
1399312802.063	n	12.3855	3.67579	18.567	31.5213
1399312802.125	n	12.3855	3.67579	18.551	31.5212
1399312802.189	n	12.3855	3.67580	18.536	31.5214
1399312802.251	n	12.3855	3.67581	18.524	31.5215
1399312802.315	n	12.3855	3.67581	18.508	31.5215
1399312802.374	n	12.3853	3.67580	18.493	31.5215
1399312802.437	n	12.3853	3.67579	18.477	31.5214
1399312802.500	n	12.3853	3.67577	18.461	31.5213
1399312802.563	n	12.3853	3.67577	18.449	31.5212
1399312802.626	n	12.3854	3.67577	18.432	31.5212
1399312802.688	n	12.3855	3.67578	18.419	31.5212
1399312802.749	n	12.3855	3.67579	18.404	31.5213
1399312802.812	n	12.3855	3.67580	18.385	31.5215
1399312802.874	n	12.3854	3.67581	18.372	31.5216
1399312802.938	n	12.3854	3.67581	18.354	31.5217
1399312803.001	y	12.3854	3.67581	18.340	31.5216
1399312803.063	n	12.3855	3.67580	18.324	31.5215
1399312803.124	n	12.3855	3.67579	18.309	31.5213
1399312803.190	n	12.3855	3.67577	18.291	31.5212
1399312803.251	n	12.3854	3.67577	18.275	31.5212
1399312803.317	n	12.3854	3.67577	18.256	31.5212
1399312803.376	n	12.3854	3.67578	18.240	31.5213
1399312803.438	n	12.3854	3.67578	18.223	31.5213
1399312803.501	n	12.3855	3.67578	18.205	31.5213
1399312803.562	n	12.3855	3.67578	18.187	31.5212
1399312803.624	n	12.3856	3.67578	18.168	31.5213
1399312803.687	n	12.3856	3.67579	18.149	31.5213
1399312803.751	n	12.3856	3.67579	18.133	31.5214
1399312803.812	n	12.3856	3.67579	18.117	31.5214
1399312803.874	n	12.3855	3.67578	18.100	31.5213
1399312803.937	n	12.3855	3.67577	18.082	31.5212
1399312803.999	n	12.3856	3.67576	18.063	31.5211
1399312804.064	n	12.3856	3.67576	18.044	31.5211
1399312804.125	n	12.3856	3.67576	18.024	31.5211
1399312804.189	n	12.3856	3.67576	18.006	31.5212
1399312804.251	n	12.3855	3.67576	17.986	31.5212
1399312804.313	n	12.3855	3.67577	17.970	31.5212
1399312804.374	n	12.3856	3.67578	17.950	31.5213
1399312804.436	n	12.3856	3.67577	17.932	31.5213
1399312804.500	n	12.3856	3.67577	17.912	31.5212
1399312804.563	n	12.3856	3.67576	17.889	31.5212
1399312804.624	n	12.3856	3.67575	17.871	31.5211
1399312804.687	n	12.3856	3.67575	17.853	31.5211
1399312804.749	n	12.3856	3.67575	17.829	31.5211
1399312804.812	n	12.3856	3.67576	17.811	31.5211
1399312804.876	n	12.3857	3.67576	17.794	31.5212
1399312804.939	n	12.3856	3.67577	17.772	31.5212
1399312805.001	n	12.3856	3.67576	17.749	31.5212
1399312805.106	y	12.3856	3.67576	17.728	31.5213
1399312805.125	n	12.3856	3.67576	17.708	31.5212
1399312805.189	n	12.3855	3.67575	17.687	31.5212
1399312805.250	n	12.3855	3.67574	17.666	31.5211
1399312805.313	n	12.3855	3.67575	17.642	31.5212
1399312805.375	n	12.3856	3.67575	17.620	31.5212
1399312805.437	n	12.3856	3.67576	17.601	31.5213
1399312805.501	n	12.3856	3.67576	17.578	31.5213
1399312805.680	y	12.3856	3.67576	17.555	31.5212
1399312805.685	n	12.3857	3.67575	17.532	31.5212
1399312805.691	n	12.3856	3.67575	17.510	31.5212
1399312805.750	n	12.3856	3.67575	17.488	31.5212
1399312805.812	n	12.3856	3.67574	17.469	31.5212
1399312805.875	n	12.3856	3.67574	17.443	31.5211
1399312805.937	n	12.3856	3.67573	17.419	31.5211
1399312806.001	n	12.3856	3.67572	17.401	31.5210
1399312806.061	n	12.3856	3.67572	17.377	31.5210
1399312806.126	n	12.3856	3.67573	17.356	31.5210
1399312806.190	n	12.3856	3.67573	17.333	31.5211
1399312806.250	n	12.3856	3.67573	17.311	31.5211
1399312806.312	n	12.3857	3.67572	17.286	31.5210
1399312806.375	n	12.3857	3.67571	17.265	31.5209
1399312806.437	n	12.3857	3.67571	17.239	31.5209
1399312806.500	n	12.3856	3.67571	17.218	31.5209
1399312806.571	y	12.3856	3.67571	17.194	31.5210
1399312806.626	n	12.3856	3.67571	17.172	31.5210
1399312806.686	n	12.3856	3.67571	17.147	31.5210
1399312806.750	n	12.3857	3.67572	17.126	31.5210
1399312806.813	n	12.3857	3.67571	17.103	31.5209
1399312806.876	n	12.3857	3.67571	17.077	31.5209
1399312806.939	n	12.3856	3.67571	17.053	31.5210
1399312807.000	n	12.3856	3.67571	17.030	31.5210
1399312807.062	n	12.3856	3.67571	17.011	31.5211
1399312807.125	n	12.3856	3.67571	16.989	31.5210
1399312807.189	n	12.3856	3.67570	16.961	31.5209
1399312807.251	n	12.3857	3.67570	16.938	31.5209
1399312807.312	n	12.3857	3.67570	16.913	31.5209
1399312807.375	n	12.3857	3.67571	16.889	31.5210
1399312807.438	n	12.3857	3.67572	16.864	31.5211
1399312807.500	n	12.3857	3.67571	16.841	31.5211
1399312807.562	n	12.3857	3.67571	16.816	31.5210
1399312807.626	n	12.3857	3.67570	16.790	31.5209
1399312807.688	n	12.3857	3.67569	16.767	31.5209
1399312807.749	n	12.3857	3.67570	16.743	31.5209
1399312807.812	n	12.3857	3.67570	16.720	31.5209
1399312807.874	n	12.3857	3.67569	16.697	31.5209
1399312807.936	n	12.3858	3.67570	16.670	31.5209
1399312808.000	n	12.3858	3.67569	16.646	31.5208
1399312808.064	n	12.3858	3.67568	16.623	31.5208
1399312808.125	n	12.3858	3.67567	16.598	31.5207
1399312808.190	n	12.3858	3.67567	16.573	31.5207
1399312808.251	n	12.3858	3.67567	16.545	31.5207
1399312808.314	n	12.3858	3.67567	16.523	31.5207
1399312808.375	n	12.3857	3.67567	16.501	31.5207
1399312808.438	n	12.3858	3.67567	16.478	31.5208
1399312808.499	n	12.3858	3.67567	16.455	31.5207
1399312808.562	n	12.3858	3.67567	16.432	31.5207
1399312808.625	n	12.3859	3.67568	16.408	31.5207
1399312808.687	n	12.3859	3.67568	16.385	31.5207
1399312808.749	n	12.3859	3.67567	16.364	31.5206
1399312808.812	n	12.3859	3.67566	16.341	31.5206
1399312808.874	n	12.3860	3.67566	16.318	31.5205
1399312808.940	n	12.3860	3.67566	16.298	31.5204
1399312809.001	n	12.3861	3.67566	16.273	31.5204
1399312809.062	n	12.3861	3.67566	16.255	31.5204
1399312809.125	n	12.3861	3.67565	16.231	31.5204
1399312809.191	n	12.3860	3.67565	16.209	31.5204
1399312809.249	n	12.3861	3.67565	16.187	31.5204
1399312809.313	n	12.3861	3.67566	16.167	31.5204
1399312809.376	n	12.3862	3.67566	16.148	31.5204
1399312809.436	n	12.3862	3.67566	16.125	31.5204
1399312809.500	n	12.3862	3.67565	16.101	31.5204
1399312809.563	n	12.3861	3.67564	16.083	31.5203
1399312809.625	n	12.3861	3.67565	16.065	31.5204
1399312809.688	n	12.3861	3.67564	16.043	31.5204
1399312809.750	n	12.3861	3.67565	16.022	31.5204
1399312809.962	y	12.3862	3.67565	16.000	31.5203
1399312809.974	n	12.3863	3.67565	15.981	31.5203
1399312809.982	n	12.3863	3.67565	15.965	31.5203
1399312810.001	n	12.3863	3.67565	15.945	31.5203
1399312810.063	n	12.3863	3.67564	15.929	31.5202
1399312810.126	n	12.3863	3.67563	15.909	31.5202
1399312810.187	n	12.3863	3.67563	15.893	31.5202
1399312810.273	y	12.3863	3.67563	15.876	31.5201
1399312810.312	n	12.3864	3.67564	15.858	31.5201
1399312810.375	n	12.3864	3.67565	15.837	31.5202
1399312810.438	n	12.3865	3.67564	15.817	31.5201
1399312810.500	n	12.3865	3.67563	15.803	31.5201
1399312810.562	n	12.3865	3.67563	15.786	31.5200
1399312810.624	n	12.3865	3.67563	15.770	31.5200
1399312810.687	n	12.3865	3.67563	15.751	31.5200
1399312810.751	n	12.3865	3.67563	15.733	31.5200
1399312810.813	n	12.3866	3.67563	15.715	31.5200
1399312810.875	n	12.3866	3.67563	15.697	31.5200
1399312810.938	n	12.3866	3.67563	15.682	31.5200
1399312811.000	n	12.3866	3.67563	15.670	31.5200
1399312811.062	n	12.3866	3.67563	15.651	31.5200
1399312811.125	n	12.3866	3.67563	15.636	31.5199
1399312811.191	n	12.3867	3.67563	15.618	31.5199
1399312811.251	n	12.3867	3.67562	15.604	31.5198
1399312811.312	n	12.3867	3.67560	15.587	31.5196
1399312811.375	n	12.3868	3.67559	15.572	31.5195
1399312811.438	n	12.3868	3.67559	15.555	31.5194
1399312811.501	n	12.3868	3.67559	15.539	31.5194
1399312811.563	n	12.3868	3.67559	15.523	31.5195
1399312811.625	n	12.3868	3.67560	15.510	31.5195
1399312811.689	n	12.3868	3.67560	15.491	31.5196
1399312811.751	n	12.3868	3.67560	15.475	31.5196
1399312811.812	n	12.3868	3.67560	15.458	31.5197
1399312811.875	n	12.3868	3.67561	15.443	31.5197
1399312811.938	n	12.3868	3.67561	15.428	31.5197
1399312812.001	n	12.3868	3.67561	15.412	31.5197
1399312812.063	n	12.3868	3.67561	15.394	31.5196
1399312812.124	n	12.3869	3.67560	15.375	31.5196
1399312812.187	n	12.3869	3.67560	15.355	31.5195
1399312812.251	n	12.3869	3.67560	15.336	31.5195
1399312812.314	n	12.3869	3.67559	15.318	31.5194
1399312812.375	n	12.3870	3.67558	15.302	31.5193
1399312812.438	n	12.3870	3.67557	15.285	31.5192
1399312812.500	n	12.3871	3.67556	15.266	31.5190
1399312812.563	n	12.3871	3.67556	15.248	31.5190
1399312812.625	n	12.3871	3.67557	15.230	31.5191
1399312812.688	n	12.3871	3.67557	15.213	31.5192
1399312812.750	n	12.3871	3.67558	15.197	31.5192
1399312812.812	n	12.3871	3.67558	15.178	31.5193
1399312812.875	n	12.3871	3.67559	15.159	31.5193
1399312812.938	n	12.3871	3.67558	15.140	31.5193
1399312812.999	n	12.3871	3.67559	15.122	31.5193
1399312813.063	n	12.3871	3.67558	15.104	31.5193
1399312813.124	n	12.3871	3.67557	15.085	31.5192
1399312813.189	n	12.3872	3.67557	15.065	31.5191
1399312813.251	n	12.3872	3.67557	15.046	31.5191
1399312813.316	n	12.3872	3.67556	15.029	31.5190
1399312813.374	n	12.3873	3.67555	15.010	31.5189
1399312813.438	n	12.3874	3.67555	14.988	31.5188
1399312813.499	n	12.3875	3.67555	14.970	31.5187
1399312813.562	n	12.3876	3.67556	14.949	31.5188
1399312813.624	n	12.3876	3.67557	14.931	31.5189
1399312813.689	n	12.3875	3.67557	14.909	31.5189
1399312813.750	n	12.3875	3.67556	14.886	31.5188
1399312813.812	n	12.3876	3.67556	14.869	31.5188
1399312813.874	n	12.3877	3.67557	14.850	31.5188
1399312813.937	y	12.3878	3.67558	14.832	31.5188
1399312814.010	n	12.3878	3.67558	14.811	31.5188
1399312814.155	y	12.3878	3.67557	14.792	31.5187
1399312814.160	n	12.3879	3.67556	14.771	31.5186
1399312814.187	n	12.3879	3.67555	14.748	31.5185
1399312814.250	n	12.3879	3.67555	14.726	31.5184
1399312814.312	n	12.3880	3.67555	14.707	31.5184
1399312814.374	n	12.3881	3.67555	14.685	31.5184
1399312814.437	n	12.3881	3.67555	14.665	31.5183
1399312814.500	n	12.3881	3.67555	14.640	31.5183
1399312814.561	n	12.3882	3.67556	14.618	31.5184
1399312814.624	n	12.3882	3.67556	14.595	31.5184
1399312814.687	n	12.3883	3.67556	14.577	31.5183
1399312814.749	n	12.3884	3.67556	14.557	31.5183
1399312814.813	n	12.3884	3.67556	14.533	31.5182
1399312814.874	n	12.3884	3.67554	14.511	31.5181
1399312814.938	n	12.3885	3.67555	14.490	31.5181
1399312815.001	n	12.3886	3.67555	14.470	31.5180
1399312815.063	n	12.3886	3.67555	14.448	31.5180
1399312815.125	n	12.3887	3.67556	14.427	31.5180
1399312815.188	n	12.3887	3.67556	14.403	31.5180
1399312815.250	n	12.3888	3.67555	14.381	31.5179
1399312815.312	n	12.3889	3.67555	14.362	31.5178
1399312815.374	n	12.3890	3.67555	14.339	31.5178
1399312815.439	n	12.3891	3.67555	14.317	31.5176
1399312815.501	n	12.3892	3.67554	14.295	31.5175
1399312815.563	n	12.3892	3.67553	14.273	31.5174
1399312815.624	n	12.3892	3.67552	14.253	31.5173
1399312815.688	n	12.3893	3.67552	14.234	31.5172
1399312815.750	n	12.3893	3.67552	14.212	31.5172
1399312815.811	n	12.3893	3.67552	14.193	31.5172
1399312815.874	n	12.3894	3.67552	14.171	31.5171
1399312815.937	n	12.3895	3.67552	14.151	31.5171
1399312816.000	n	12.3895	3.67552	14.130	31.5171
1399312816.062	n	12.3896	3.67553	14.109	31.5171
1399312816.126	n	12.3896	3.67552	14.092	31.5170
1399312816.190	n	12.3897	3.67552	14.073	31.5170
1399312816.251	n	12.3897	3.67550	14.053	31.5168
1399312816.313	n	12.3897	3.67549	14.031	31.5167
1399312816.374	n	12.3898	3.67550	14.009	31.5167
1399312816.439	n	12.3898	3.67552	13.990	31.5168
1399312816.500	n	12.3899	3.67551	13.971	31.5167
1399312816.562	n	12.3900	3.67552	13.950	31.5167
1399312816.624	n	12.3900	3.67550	13.930	31.5165
1399312816.688	n	12.3901	3.67549	13.911	31.5164
1399312816.751	n	12.3901	3.67549	13.892	31.5164
1399312816.813	n	12.3902	3.67550	13.869	31.5164
1399312816.874	n	12.3903	3.67550	13.848	31.5164
1399312816.938	n	12.3903	3.67551	13.828	31.5164
1399312816.999	n	12.3904	3.67551	13.811	31.5163
1399312817.063	n	12.3905	3.67551	13.789	31.5162
1399312817.125	n	12.3906	3.67550	13.769	31.5161
1399312817.190	n	12.3907	3.67549	13.750	31.5160
1399312817.249	n	12.3908	3.67549	13.729	31.5159
1399312817.313	n	12.3908	3.67548	13.710	31.5158
1399312817.375	n	12.3908	3.67549	13.692	31.5159
1399312817.436	n	12.3908	3.67550	13.671	31.5159
1399312817.500	y	12.3909	3.67549	13.650	31.5159
1399312817.572	n	12.3910	3.67549	13.626	31.5157
1399312817.625	n	12.3910	3.67548	13.607	31.5156
1399312817.687	n	12.3911	3.67547	13.588	31.5155
1399312817.750	n	12.3912	3.67547	13.568	31.5154
1399312817.812	n	12.3913	3.67547	13.546	31.5154
1399312817.875	n	12.3913	3.67547	13.524	31.5154
1399312817.937	n	12.3914	3.67548	13.503	31.5153
1399312818.002	n	12.3915	3.67548	13.484	31.5153
1399312818.063	n	12.3916	3.67548	13.463	31.5152
1399312818.126	n	12.3917	3.67547	13.442	31.5150
1399312818.189	n	12.3918	3.67547	13.417	31.5150
1399312818.251	n	12.3919	3.67547	13.397	31.5149
1399312818.424	y	12.3920	3.67547	13.380	31.5148
1399312818.430	n	12.3921	3.67547	13.360	31.5148
1399312818.443	n	12.3922	3.67547	13.338	31.5146
1399312818.500	n	12.3923	3.67546	13.316	31.5145
1399312818.563	n	12.3924	3.67547	13.297	31.5145
1399312818.626	n	12.3925	3.67547	13.274	31.5144
1399312818.687	n	12.3926	3.67547	13.252	31.5143
1399312818.749	n	12.3927	3.67547	13.230	31.5143
1399312818.813	n	12.3928	3.67547	13.210	31.5141
1399312818.875	n	12.3930	3.67547	13.190	31.5141
1399312818.939	n	12.3931	3.67547	13.165	31.5140
1399312819.001	n	12.3932	3.67546	13.143	31.5138
1399312819.061	n	12.3933	3.67546	13.122	31.5137
1399312819.126	n	12.3935	3.67545	13.099	31.5135
1399312819.189	n	12.3936	3.67544	13.080	31.5133
1399312819.249	n	12.3937	3.67544	13.055	31.5133
1399312819.313	n	12.3938	3.67544	13.031	31.5132
1399312819.375	n	12.3938	3.67544	13.011	31.5131
1399312819.441	n	12.3939	3.67544	12.989	31.5131
1399312819.499	n	12.3940	3.67544	12.969	31.5130
1399312819.563	n	12.3941	3.67544	12.946	31.5129
1399312819.625	n	12.3942	3.67544	12.921	31.5128
1399312819.688	n	12.3944	3.67542	12.898	31.5126
1399312819.751	n	12.3945	3.67542	12.874	31.5124
1399312819.812	n	12.3947	3.67542	12.852	31.5123
1399312819.874	n	12.3949	3.67542	12.830	31.5122
1399312819.938	n	12.3950	3.67543	12.808	31.5121
1399312820.000	n	12.3951	3.67544	12.782	31.5121
1399312820.063	n	12.3952	3.67544	12.763	31.5120
1399312820.126	n	12.3953	3.67543	12.740	31.5119
1399312820.189	n	12.3954	3.67542	12.716	31.5117
1399312820.250	n	12.3956	3.67542	12.689	31.5117
1399312820.312	n	12.3957	3.67543	12.666	31.5116
1399312820.500	y	12.3958	3.67543	12.644	31.5115
1399312820.516	n	12.3959	3.67543	12.622	31.5114
1399312820.522	n	12.3961	3.67542	12.598	31.5113
1399312820.563	n	12.3962	3.67542	12.575	31.5111
1399312820.625	n	12.3963	3.67542	12.553	31.5110
1399312820.687	n	12.3965	3.67542	12.530	31.5109
1399312820.751	n	12.3966	3.67542	12.510	31.5108
1399312820.812	n	12.3968	3.67542	12.488	31.5106
1399312820.874	n	12.3969	3.67542	12.465	31.5106
1399312820.939	n	12.3970	3.67541	12.437	31.5104
1399312821.000	n	12.3971	3.67540	12.418	31.5103
1399312821.063	n	12.3973	3.67540	12.394	31.5101
1399312821.125	n	12.3975	3.67540	12.373	31.5100
1399312821.190	n	12.3976	3.67540	12.351	31.5098
1399312821.250	y	12.3978	3.67541	12.326	31.5097
1399312821.313	n	12.3980	3.67540	12.301	31.5095
1399312821.375	n	12.3982	3.67540	12.280	31.5094
1399312821.437	n	12.3984	3.67541	12.259	31.5093
1399312821.500	n	12.3985	3.67541	12.236	31.5092
1399312821.562	n	12.3987	3.67541	12.215	31.5091
1399312821.625	n	12.3989	3.67542	12.192	31.5090
1399312821.688	n	12.3991	3.67542	12.167	31.5089
1399312821.750	n	12.3994	3.67542	12.146	31.5086
1399312821.813	n	12.3996	3.67540	12.123	31.5083
1399312821.875	n	12.3998	3.67539	12.102	31.5080
1399312821.937	n	12.4000	3.67538	12.077	31.5077
1399312822.001	n	12.4002	3.67537	12.053	31.5075
1399312822.062	n	12.4005	3.67537	12.032	31.5073
1399312822.124	n	12.4007	3.67538	12.007	31.5071
1399312822.188	n	12.4010	3.67537	11.985	31.5069
1399312822.250	n	12.4012	3.67538	11.962	31.5067
1399312822.311	n	12.4015	3.67538	11.937	31.5066
1399312822.376	n	12.4017	3.67538	11.919	31.5064
1399312822.439	n	12.4019	3.67538	11.897	31.5062
1399312822.501	n	12.4021	3.67539	11.870	31.5062
1399312822.691	y	12.4023	3.67539	11.850	31.5060
1399312822.700	n	12.4025	3.67540	11.828	31.5059
1399312822.707	n	12.4027	3.67540	11.805	31.5058
1399312822.751	n	12.4028	3.67539	11.781	31.5056
1399312822.813	n	12.4030	3.67539	11.760	31.5055
1399312822.875	n	12.4031	3.67539	11.736	31.5053
1399312822.937	n	12.4033	3.67538	11.713	31.5051
1399312823.001	n	12.4036	3.67539	11.687	31.5050
1399312823.062	n	12.4039	3.67539	11.666	31.5048
1399312823.124	n	12.4041	3.67540	11.647	31.5046
1399312823.187	n	12.4043	3.67539	11.622	31.5044
1399312823.251	n	12.4045	3.67539	11.596	31.5043
1399312823.312	n	12.4046	3.67538	11.577	31.5041
1399312823.375	n	12.4048	3.67536	11.558	31.5038
1399312823.438	n	12.4050	3.67536	11.533	31.5036
1399312823.502	n	12.4052	3.67535	11.512	31.5033
1399312823.562	n	12.4054	3.67535	11.489	31.5031
1399312823.625	n	12.4057	3.67535	11.470	31.5030
1399312823.688	n	12.4059	3.67536	11.444	31.5028
1399312823.749	n	12.4062	3.67537	11.421	31.5027
1399312823.813	n	12.4065	3.67538	11.399	31.5025
1399312823.875	n	12.4068	3.67539	11.377	31.5024
1399312823.938	n	12.4070	3.67539	11.355	31.5022
1399312823.999	n	12.4072	3.67538	11.335	31.5020
1399312824.062	n	12.4074	3.67537	11.309	31.5018
1399312824.125	n	12.4076	3.67537	11.288	31.5016
1399312824.189	n	12.4079	3.67537	11.269	31.5014
1399312824.250	n	12.4081	3.67537	11.248	31.5012
1399312824.313	n	12.4084	3.67537	11.226	31.5009
1399312824.374	n	12.4087	3.67536	11.203	31.5006
1399312824.439	n	12.4089	3.67535	11.182	31.5003
1399312824.503	n	12.4092	3.67534	11.163	31.5000
1399312824.562	n	12.4094	3.67533	11.142	31.4998
1399312824.624	n	12.4097	3.67534	11.121	31.4996
1399312824.687	n	12.4099	3.67535	11.097	31.4996
1399312824.751	n	12.4101	3.67536	11.077	31.4995
1399312824.811	n	12.4103	3.67536	11.056	31.4993
1399312824.875	n	12.4105	3.67535	11.034	31.4991
1399312824.955	y	12.4108	3.67535	11.014	31.4988
1399312825.001	n	12.4110	3.67534	10.993	31.4986
1399312825.062	n	12.4112	3.67534	10.975	31.4984
1399312825.125	n	12.4114	3.67534	10.951	31.4982
1399312825.190	n	12.4117	3.67535	10.928	31.4981
1399312825.251	n	12.4119	3.67535	10.906	31.4979
1399312825.312	n	12.4122	3.67535	10.889	31.4978
1399312825.374	n	12.4124	3.67535	10.869	31.4975
1399312825.437	n	12.4127	3.67534	10.852	31.4973
1399312825.499	n	12.4129	3.67533	10.830	31.4970
1399312825.562	n	12.4132	3.67533	10.810	31.4967
1399312825.625	n	12.4135	3.67533	10.789	31.4965
1399312825.687	n	12.4137	3.67533	10.765	31.4963
1399312825.751	n	12.4140	3.67533	10.746	31.4960
1399312825.812	n	12.4143	3.67532	10.723	31.4958
1399312825.874	n	12.4145	3.67532	10.706	31.4956
1399312825.939	n	12.4148	3.67532	10.686	31.4954
1399312826.000	n	12.4151	3.67533	10.663	31.4952
1399312826.063	n	12.4155	3.67534	10.643	31.4950
1399312826.126	n	12.4158	3.67534	10.629	31.4947
1399312826.190	n	12.4161	3.67533	10.609	31.4943
1399312826.250	n	12.4165	3.67531	10.589	31.4938
1399312826.313	n	12.4169	3.67529	10.568	31.4934
1399312826.375	n	12.4172	3.67529	10.548	31.4930
1399312826.437	n	12.4176	3.67530	10.530	31.4928
1399312826.500	n	12.4179	3.67531	10.509	31.4927
1399312826.562	n	12.4182	3.67532	10.491	31.4925
1399312826.626	n	12.4186	3.67532	10.473	31.4922
1399312826.687	n	12.4189	3.67531	10.453	31.4919
1399312826.750	n	12.4193	3.67531	10.435	31.4915
1399312826.956	y	12.4197	3.67532	10.414	31.4913
1399312826.964	n	12.4201	3.67532	10.393	31.4910
1399312826.970	n	12.4205	3.67532	10.376	31.4907
1399312826.999	n	12.4210	3.67532	10.357	31.4903
1399312827.062	n	12.4213	3.67532	10.338	31.4900
1399312827.124	n	12.4217	3.67532	10.314	31.4896
1399312827.189	n	12.4221	3.67531	10.301	31.4893
1399312827.250	n	12.4225	3.67531	10.280	31.4889
1399312827.313	n	12.4228	3.67531	10.261	31.4886
1399312827.374	n	12.4232	3.67530	10.243	31.4883
1399312827.437	n	12.4236	3.67529	10.225	31.4879
1399312827.500	n	12.4239	3.67529	10.207	31.4876
1399312827.562	n	12.4243	3.67529	10.188	31.4873
1399312827.626	n	12.4247	3.67529	10.170	31.4870
1399312827.689	n	12.4251	3.67530	10.154	31.4867
1399312827.749	n	12.4255	3.67530	10.132	31.4864
1399312827.812	n	12.4258	3.67529	10.118	31.4861
1399312827.876	n	12.4262	3.67530	10.098	31.4858
1399312827.937	n	12.4265	3.67530	10.081	31.4856
1399312828.000	n	12.4268	3.67530	10.064	31.4853
1399312828.063	n	12.4271	3.67531	10.045	31.4851
1399312828.125	n	12.4275	3.67531	10.026	31.4849
1399312828.190	n	12.4278	3.67530	10.010	31.4845
1399312828.251	n	12.4281	3.67530	9.992	31.4842
1399312828.312	n	12.4285	3.67530	9.972	31.4839
1399312828.374	n	12.4288	3.67529	9.957	31.4836
1399312828.437	n	12.4291	3.67529	9.940	31.4834
1399312828.539	y	12.4293	3.67529	9.923	31.4832
1399312828.563	n	12.4296	3.67529	9.907	31.4829
1399312828.625	n	12.4299	3.67529	9.889	31.4827
1399312828.688	n	12.4302	3.67529	9.871	31.4824
1399312828.750	n	12.4306	3.67527	9.850	31.4820
1399312828.814	n	12.4309	3.67527	9.835	31.4816
1399312828.876	n	12.4312	3.67527	9.821	31.4814
1399312828.939	n	12.4315	3.67527	9.805	31.4812
1399312829.000	n	12.4318	3.67527	9.784	31.4810
1399312829.062	n	12.4321	3.67527	9.763	31.4807
1399312829.125	n	12.4324	3.67526	9.752	31.4804
1399312829.189	n	12.4328	3.67526	9.734	31.4800
1399312829.249	n	12.4331	3.67526	9.716	31.4798
1399312829.313	n	12.4334	3.67526	9.700	31.4796
1399312829.376	n	12.4337	3.67526	9.681	31.4793
1399312829.437	n	12.4340	3.67526	9.664	31.4791
1399312829.500	n	12.4344	3.67526	9.646	31.4788
1399312829.562	n	12.4348	3.67526	9.630	31.4784
1399312829.625	n	12.4352	3.67526	9.614	31.4781
1399312829.687	n	12.4357	3.67526	9.595	31.4777
1399312829.750	n	12.4362	3.67526	9.579	31.4773
1399312829.812	n	12.4367	3.67526	9.564	31.4769
1399312829.875	n	12.4371	3.67526	9.545	31.4765
1399312829.937	n	12.4376	3.67526	9.528	31.4762
1399312830.000	n	12.4380	3.67526	9.510	31.4758
1399312830.062	n	12.4385	3.67526	9.495	31.4753
1399312830.125	n	12.4391	3.67526	9.476	31.4748
1399312830.189	n	12.4397	3.67526	9.460	31.4743
1399312830.250	n	12.4403	3.67526	9.446	31.4738
1399312830.313	n	12.4409	3.67527	9.426	31.4734
1399312830.375	n	12.4415	3.67527	9.409	31.4730
1399312830.439	n	12.4422	3.67527	9.392	31.4724
1399312830.500	n	12.4429	3.67526	9.373	31.4718
1399312830.562	n	12.4436	3.67526	9.355	31.4711
1399312830.624	n	12.4442	3.67525	9.337	31.4705
1399312830.688	n	12.4448	3.67525	9.320	31.4700
1399312830.749	n	12.4454	3.67526	9.301	31.4696
1399312830.813	n	12.4460	3.67526	9.281	31.4692
1399312830.875	n	12.4465	3.67527	9.259	31.4688
1399312830.938	n	12.4471	3.67527	9.240	31.4683
1399312830.999	n	12.4477	3.67526	9.221	31.4678
1399312831.157	y	12.4483	3.67525	9.203	31.4671
1399312831.164	n	12.4489	3.67524	9.183	31.4666
1399312831.190	n	12.4493	3.67524	9.163	31.4662
1399312831.251	n	12.4498	3.67524	9.141	31.4658
1399312831.313	n	12.4502	3.67524	9.123	31.4655
1399312831.376	n	12.4507	3.67525	9.105	31.4652
1399312831.437	n	12.4510	3.67525	9.085	31.4649
1399312831.501	n	12.4514	3.67526	9.062	31.4647
1399312831.562	n	12.4518	3.67526	9.039	31.4644
1399312831.625	n	12.4521	3.67526	9.019	31.4642
1399312831.688	n	12.4524	3.67526	8.996	31.4639
1399312831.749	n	12.4527	3.67525	8.976	31.4636
1399312831.812	n	12.4530	3.67524	8.953	31.4632
1399312831.876	n	12.4533	3.67523	8.933	31.4629
1399312831.938	n	12.4536	3.67523	8.906	31.4627
1399312831.999	n	12.4539	3.67524	8.885	31.4624
1399312832.062	n	12.4542	3.67524	8.861	31.4622
1399312832.126	n	12.4545	3.67524	8.843	31.4620
1399312832.240	y	12.4547	3.67524	8.819	31.4618
1399312832.251	n	12.4548	3.67523	8.796	31.4617
1399312832.312	n	12.4550	3.67523	8.775	31.4615
1399312832.375	n	12.4552	3.67522	8.753	31.4613
1399312832.439	n	12.4554	3.67522	8.729	31.4611
1399312832.500	n	12.4557	3.67520	8.706	31.4608
1399312832.562	n	12.4559	3.67521	8.681	31.4606
1399312832.624	n	12.4561	3.67521	8.656	31.4605
1399312832.687	n	12.4563	3.67521	8.635	31.4603
1399312832.752	n	12.4566	3.67522	8.610	31.4602
1399312832.813	n	12.4568	3.67523	8.587	31.4601
1399312832.876	n	12.4569	3.67523	8.564	31.4600
1399312832.937	n	12.4571	3.67523	8.543	31.4599
1399312833.000	n	12.4572	3.67523	8.516	31.4598
1399312833.062	n	12.4573	3.67522	8.491	31.4596
1399312833.125	n	12.4575	3.67521	8.468	31.4594
1399312833.189	n	12.4577	3.67520	8.447	31.4591
1399312833.251	n	12.4579	3.67520	8.423	31.4589
1399312833.312	n	12.4581	3.67521	8.401	31.4588
1399312833.375	n	12.4584	3.67521	8.377	31.4587
1399312833.439	n	12.4586	3.67521	8.353	31.4585
1399312833.501	n	12.4588	3.67520	8.330	31.4582
1399312833.562	n	12.4590	3.67519	8.307	31.4579
1399312833.624	n	12.4593	3.67519	8.284	31.4577
1399312833.688	n	12.4596	3.67519	8.261	31.4575
1399312833.750	n	12.4598	3.67519	8.237	31.4574
1399312833.812	n	12.4601	3.67520	8.219	31.4572
1399312833.874	n	12.4604	3.67521	8.196	31.4570
1399312833.939	n	12.4607	3.67521	8.175	31.4568
1399312834.001	n	12.4610	3.67521	8.153	31.4566
1399312834.062	n	12.4613	3.67520	8.129	31.4562
1399312834.126	n	12.4616	3.67519	8.109	31.4558
1399312834.189	n	12.4620	3.67518	8.091	31.4554
1399312834.250	n	12.4623	3.67516	8.071	31.4551
1399312834.312	n	12.4626	3.67516	8.048	31.4548
1399312834.375	n	12.4629	3.67516	8.027	31.4546
1399312834.438	n	12.4632	3.67516	8.008	31.4543
1399312834.500	n	12.4636	3.67518	7.984	31.4541
1399312834.563	n	12.4640	3.67518	7.962	31.4539
1399312834.627	n	12.4643	3.67518	7.944	31.4536
1399312834.688	n	12.4647	3.67518	7.924	31.4532
1399312834.749	n	12.4651	3.67517	7.904	31.4528
1399312834.812	n	12.4654	3.67516	7.885	31.4525
1399312834.876	n	12.4657	3.67517	7.867	31.4523
1399312834.939	n	12.4660	3.67517	7.846	31.4521
1399312835.000	n	12.4663	3.67517	7.829	31.4519
1399312835.063	n	12.4668	3.67517	7.811	31.4515
1399312835.125	n	12.4672	3.67517	7.791	31.4511
1399312835.188	n	12.4676	3.67516	7.769	31.4507
1399312835.251	n	12.4679	3.67516	7.752	31.4505
1399312835.423	y	12.4682	3.67516	7.734	31.4503
1399312835.429	n	12.4684	3.67516	7.715	31.4501
1399312835.437	n	12.4686	3.67516	7.698	31.4499
1399312835.499	n	12.4689	3.67515	7.678	31.4496
1399312835.562	n	12.4692	3.67515	7.662	31.4493
1399312835.625	n	12.4695	3.67514	7.648	31.4490
1399312835.688	n	12.4698	3.67514	7.629	31.4487
1399312835.750	n	12.4700	3.67514	7.613	31.4486
1399312835.813	y	12.4703	3.67514	7.594	31.4484
1399312835.926	y	12.4706	3.67514	7.575	31.4481
1399312835.939	n	12.4709	3.67514	7.561	31.4479
1399312836.000	n	12.4712	3.67515	7.545	31.4477
1399312836.062	n	12.4716	3.67515	7.528	31.4474
1399312836.125	n	12.4720	3.67515	7.511	31.4471
1399312836.189	n	12.4723	3.67514	7.493	31.4467
1399312836.250	n	12.4726	3.67513	7.478	31.4464
1399312836.312	n	12.4729	3.67512	7.461	31.4461
1399312836.375	n	12.4732	3.67512	7.442	31.4459
1399312836.438	n	12.4735	3.67512	7.429	31.4456
1399312836.501	n	12.4738	3.67513	7.412	31.4454
1399312836.563	n	12.4742	3.67513	7.395	31.4451
1399312836.625	n	12.4745	3.67513	7.380	31.4448
1399312836.689	n	12.4749	3.67512	7.364	31.4444
1399312836.750	n	12.4753	3.67512	7.350	31.4440
1399312836.813	n	12.4757	3.67511	7.332	31.4436
1399312836.874	n	12.4762	3.67512	7.317	31.4434
1399312836.938	n	12.4766	3.67512	7.303	31.4430
1399312836.999	n	12.4770	3.67513	7.286	31.4427
1399312837.063	n	12.4775	3.67513	7.270	31.4423
1399312837.124	n	12.4780	3.67512	7.252	31.4419
1399312837.189	n	12.4785	3.67512	7.236	31.4414
1399312837.251	n	12.4790	3.67512	7.227	31.4410
1399312837.312	n	12.4794	3.67512	7.209	31.4407
1399312837.375	n	12.4797	3.67512	7.191	31.4404
1399312837.439	n	12.4800	3.67512	7.174	31.4401
1399312837.499	n	12.4804	3.67511	7.160	31.4398
1399312837.562	n	12.4807	3.67510	7.143	31.4395
1399312837.625	n	12.4809	3.67509	7.125	31.4392
1399312837.689	n	12.4812	3.67509	7.107	31.4390
1399312837.750	n	12.4814	3.67510	7.095	31.4389
1399312837.812	n	12.4817	3.67512	7.083	31.4388
1399312837.874	n	12.4820	3.67512	7.061	31.4386
1399312837.938	n	12.4822	3.67511	7.043	31.4383
1399312838.002	n	12.4824	3.67511	7.024	31.4381
1399312838.062	n	12.4826	3.67510	7.006	31.4379
1399312838.124	n	12.4828	3.67510	6.987	31.4377
1399312838.190	n	12.4831	3.67510	6.967	31.4376
1399312838.250	n	12.4833	3.67510	6.949	31.4373
1399312838.313	n	12.4835	3.67508	6.932	31.4370
1399312838.374	n	12.4837	3.67508	6.910	31.4369
1399312838.438	n	12.4839	3.67508	6.890	31.4367
1399312838.500	n	12.4841	3.67508	6.875	31.4366
1399312838.566	n	12.4843	3.67509	6.855	31.4364
1399312838.625	n	12.4845	3.67509	6.839	31.4363
1399312838.687	n	12.4848	3.67509	6.818	31.4360
1399312838.750	n	12.4850	3.67508	6.798	31.4358
1399312838.813	n	12.4853	3.67508	6.781	31.4356
1399312838.876	n	12.4855	3.67508	6.764	31.4354
1399312838.938	n	12.4856	3.67508	6.743	31.4353
1399312839.001	n	12.4858	3.67508	6.728	31.4352
1399312839.062	n	12.4860	3.67508	6.709	31.4350
1399312839.125	n	12.4862	3.67507	6.687	31.4347
1399312839.189	n	12.4864	3.67507	6.673	31.4346
1399312839.250	n	12.4866	3.67508	6.653	31.4345
1399312839.312	n	12.4868	3.67508	6.635	31.4344
1399312839.374	n	12.4870	3.67508	6.617	31.4342
1399312839.500	y	12.4872	3.67508	6.598	31.4340
1399312839.508	n	12.4873	3.67507	6.582	31.4338
1399312839.648	y	12.4874	3.67506	6.563	31.4336
1399312839.653	n	12.4876	3.67505	6.543	31.4335
1399312839.687	n	12.4878	3.67505	6.527	31.4333
1399312839.751	n	12.4880	3.67505	6.510	31.4331
1399312839.813	n	12.4882	3.67505	6.486	31.4330
1399312839.876	n	12.4884	3.67506	6.470	31.4329
1399312839.937	n	12.4885	3.67507	6.449	31.4329
1399312840.003	n	12.4886	3.67506	6.432	31.4328
1399312840.062	n	12.4887	3.67506	6.412	31.4326
1399312840.125	n	12.4888	3.67505	6.392	31.4325
1399312840.189	n	12.4888	3.67504	6.370	31.4323
1399312840.250	n	12.4889	3.67504	6.351	31.4323
1399312840.312	n	12.4890	3.67505	6.333	31.4323
1399312840.375	n	12.4891	3.67505	6.316	31.4323
1399312840.439	n	12.4891	3.67505	6.295	31.4322
1399312840.500	n	12.4891	3.67505	6.277	31.4322
1399312840.563	n	12.4892	3.67505	6.259	31.4321
1399312840.625	n	12.4893	3.67504	6.237	31.4321
1399312840.687	n	12.4893	3.67505	6.219	31.4322
1399312840.751	n	12.4893	3.67505	6.203	31.4322
1399312840.812	n	12.4892	3.67504	6.184	31.4322
1399312840.874	n	12.4891	3.67503	6.163	31.4321
1399312840.938	n	12.4891	3.67502	6.146	31.4321
1399312841.000	n	12.4891	3.67502	6.126	31.4320
1399312841.063	n	12.4890	3.67501	6.105	31.4320
1399312841.126	n	12.4889	3.67501	6.086	31.4321
1399312841.187	n	12.4888	3.67501	6.068	31.4322
1399312841.251	n	12.4888	3.67500	6.053	31.4322
1399312841.312	n	12.4888	3.67501	6.036	31.4323
1399312841.375	n	12.4887	3.67501	6.014	31.4323
1399312841.439	n	12.4887	3.67502	5.992	31.4324
1399312841.500	n	12.4886	3.67502	5.973	31.4326
1399312841.562	n	12.4884	3.67503	5.953	31.4328
1399312841.625	n	12.4883	3.67504	5.937	31.4330
1399312841.688	n	12.4882	3.67503	5.914	31.4330
1399312841.751	n	12.4881	3.67502	5.896	31.4330
1399312841.813	n	12.4881	3.67502	5.878	31.4330
1399312841.874	n	12.4880	3.67502	5.857	31.4331
1399312841.938	n	12.4879	3.67501	5.837	31.4331
1399312842.000	n	12.4877	3.67501	5.816	31.4332
1399312842.062	n	12.4876	3.67501	5.795	31.4333
1399312842.124	y	12.4875	3.67501	5.777	31.4334
1399312842.188	n	12.4875	3.67502	5.757	31.4336
1399312842.252	n	12.4874	3.67502	5.740	31.4336
1399312842.313	n	12.4874	3.67502	5.718	31.4336
1399312842.375	n	12.4873	3.67501	5.697	31.4336
1399312842.437	n	12.4873	3.67500	5.678	31.4335
1399312842.501	n	12.4872	3.67499	5.654	31.4335
1399312842.562	n	12.4871	3.67498	5.637	31.4336
1399312842.625	n	12.4871	3.67498	5.618	31.4336
1399312842.688	n	12.4870	3.67499	5.601	31.4337
1399312842.750	n	12.4869	3.67499	5.582	31.4338
1399312842.813	n	12.4869	3.67498	5.558	31.4338
1399312842.875	n	12.4868	3.67499	5.540	31.4339
1399312842.938	n	12.4868	3.67500	5.521	31.4341
1399312843.001	n	12.4866	3.67493	5.499	31.4336
1399312843.063	n	12.4859	3.67292	5.479	31.4149
1399312843.261	y	12.4849	3.66827	5.462	31.3716
1399312843.267	n	12.4836	3.66188	5.443	31.3119
1399312843.272	n	12.4825	3.65537	5.423	31.2510
1399312843.312	n	12.4818	3.65042	5.405	31.2046
1399312843.374	n	12.4814	3.64809	5.391	31.1828
1399312843.439	n	12.4813	3.64703	5.370	31.1729
1399312843.500	n	12.4812	3.64626	5.348	31.1657
1399312843.562	n	12.4812	3.64563	5.334	31.1596
1399312843.626	n	12.4812	3.64523	5.316	31.1559
1399312843.688	n	12.4812	3.64513	5.296	31.1549
1399312843.751	n	12.4812	3.64520	5.283	31.1555
1399312843.885	y	12.4812	3.64527	5.265	31.1562
1399312843.890	n	12.4811	3.64524	5.249	31.1560
1399312843.938	n	12.4813	3.64500	5.232	31.1536
1399312844.000	n	12.4816	3.64462	5.213	31.1498
1399312844.062	n	12.4819	3.64435	5.194	31.1469
1399312844.124	n	12.4822	3.64424	5.179	31.1456
1399312844.189	n	12.4822	3.64433	5.170	31.1464
1399312844.250	n	12.4820	3.64462	5.152	31.1495
1399312844.313	n	12.4820	3.64490	5.136	31.1521
1399312844.375	n	12.4824	3.64489	5.121	31.1517
1399312844.437	n	12.4832	3.64459	5.105	31.1481
1399312844.500	n	12.4844	3.64403	5.088	31.1419
1399312844.562	n	12.4855	3.64341	5.073	31.1351
1399312844.625	n	12.4864	3.64295	5.058	31.1299
1399312844.688	n	12.4873	3.64263	5.042	31.1262
1399312844.751	n	12.4881	3.64220	5.027	31.1215
1399312844.812	n	12.4888	3.64160	5.010	31.1152
1399312844.874	n	12.4892	3.64090	4.997	31.1081
1399312844.939	n	12.4895	3.64034	4.981	31.1027
1399312845.000	n	12.4894	3.64009	4.969	31.1004
1399312845.062	n	12.4892	3.64011	4.955	31.1006
1399312845.126	n	12.4892	3.64012	4.942	31.1008
1399312845.188	n	12.4897	3.63994	4.929	31.0987
1399312845.250	n	12.4905	3.63951	4.915	31.0940
1399312845.312	n	12.4915	3.63891	4.905	31.0875
1399312845.375	n	12.4925	3.63828	4.893	31.0807
1399312845.438	n	12.4932	3.63778	4.875	31.0753
1399312845.499	n	12.4938	3.63738	4.862	31.0711
1399312845.562	n	12.4943	3.63709	4.853	31.0678
1399312845.624	n	12.4948	3.63696	4.839	31.0662
1399312845.688	n	12.4949	3.63699	4.826	31.0665
1399312845.749	n	12.4947	3.63718	4.810	31.0685
1399312845.812	n	12.4942	3.63752	4.799	31.0721
1399312845.875	n	12.4936	3.63794	4.785	31.0766
1399312845.939	n	12.4930	3.63839	4.771	31.0813
1399312845.999	n	12.4927	3.63877	4.757	31.0852
1399312846.063	n	12.4926	3.63906	4.743	31.0880
1399312846.126	n	12.4926	3.63920	4.730	31.0893
1399312846.188	n	12.4926	3.63918	4.717	31.0892
1399312846.251	n	12.4926	3.63899	4.704	31.0874
1399312846.313	n	12.4926	3.63866	4.695	31.0843
1399312846.375	n	12.4928	3.63813	4.678	31.0790
1399312846.437	n	12.4934	3.63732	4.662	31.0709
1399312846.501	n	12.4956	3.63631	4.647	31.0595
1399312846.563	n	12.4998	3.63538	4.635	31.0472
1399312846.624	n	12.5041	3.63482	4.622	31.0383
1399312846.687	n	12.5070	3.63482	4.609	31.0360
1399312846.751	n	12.5084	3.63525	4.591	31.0390
1399312846.837	y	12.5101	3.63572	4.575	31.0419
1399312846.875	n	12.5142	3.63592	4.564	31.0405
1399312846.937	n	12.5231	3.63576	4.551	31.0316
1399312847.001	n	12.5368	3.63529	4.534	31.0158
1399312847.062	n	12.5516	3.63470	4.517	30.9981
1399312847.125	n	12.5624	3.63412	4.499	30.9837
1399312847.188	n	12.5680	3.63364	4.484	30.9746
1399312847.249	n	12.5692	3.63337	4.470	30.9710
1399312847.313	n	12.5680	3.63325	4.452	30.9709
1399312847.376	n	12.5676	3.63322	4.438	30.9709
1399312847.438	n	12.5684	3.63322	4.423	30.9703
1399312847.501	n	12.5689	3.63322	4.408	30.9698
1399312847.562	n	12.5679	3.63319	4.389	30.9704
1399312847.626	n	12.5657	3.63316	4.371	30.9719
1399312847.689	n	12.5618	3.63312	4.360	30.9748
1399312847.750	n	12.5562	3.63306	4.341	30.9789
1399312847.812	n	12.5498	3.63302	4.323	30.9837
1399312847.874	n	12.5446	3.63299	4.310	30.9877
1399312847.939	n	12.5413	3.63297	4.291	30.9903
1399312848.000	n	12.5398	3.63297	4.274	30.9915
1399312848.152	y	12.5397	3.63298	4.259	30.9917
1399312848.157	n	12.5402	3.63300	4.242	30.9915
1399312848.189	n	12.5410	3.63303	4.224	30.9911
1399312848.252	n	12.5419	3.63305	4.209	30.9906
1399312848.312	n	12.5427	3.63306	4.193	30.9900
1399312848.375	n	12.5437	3.63305	4.178	30.9891
1399312848.437	n	12.5447	3.63303	4.162	30.9881
1399312848.501	n	12.5455	3.63301	4.143	30.9872
1399312848.562	n	12.5461	3.63298	4.130	30.9865
1399312848.625	n	12.5468	3.63297	4.115	30.9858
1399312848.689	n	12.5475	3.63296	4.098	30.9851
1399312848.750	n	12.5485	3.63297	4.081	30.9844
1399312848.813	n	12.5496	3.63298	4.063	30.9836
1399312848.875	n	12.5504	3.63299	4.050	30.9831
1399312848.938	n	12.5507	3.63299	4.034	30.9828
1399312848.999	n	12.5506	3.63299	4.017	30.9829
1399312849.063	n	12.5500	3.63299	4.007	30.9834
1399312849.125	n	12.5492	3.63300	3.993	30.9842
1399312849.187	n	12.5494	3.63301	3.976	30.9841
1399312849.251	n	12.5513	3.63305	3.960	30.9829
1399312849.312	n	12.5551	3.63310	3.941	30.9803
1399312849.374	n	12.5611	3.63318	3.925	30.9760
1399312849.439	n	12.5690	3.63328	3.910	30.9706
1399312849.500	n	12.5786	3.63343	3.894	30.9641
1399312849.564	n	12.5914	3.63362	3.879	30.9554
1399312849.626	n	12.6081	3.63394	3.861	30.9447
1399312849.688	n	12.6271	3.63442	3.846	30.9336
1399312849.751	n	12.6450	3.63495	3.828	30.9240
1399312849.812	n	12.6585	3.63542	3.812	30.9173
1399312849.875	n	12.6663	3.63575	3.794	30.9141
1399312849.939	n	12.6696	3.63589	3.776	30.9127
1399312850.001	n	12.6709	3.63591	3.758	30.9118
1399312850.063	n	12.6712	3.63591	3.740	30.9115
1399312850.126	n	12.6704	3.63592	3.724	30.9123
1399312850.189	n	12.6696	3.63596	3.704	30.9134
1399312850.251	n	12.6700	3.63610	3.686	30.9143
1399312850.313	n	12.6725	3.63628	3.671	30.9140
1399312850.374	n	12.6759	3.63643	3.651	30.9127
1399312850.460	y	12.6783	3.63650	3.633	30.9113
1399312850.501	n	12.6790	3.63649	3.614	30.9106
1399312850.563	n	12.6786	3.63644	3.596	30.9105
1399312850.625	n	12.6785	3.63642	3.575	30.9104
1399312850.689	n	12.6794	3.63647	3.557	30.9102
1399312850.750	n	12.6809	3.63654	3.540	30.9097
1399312850.813	n	12.6826	3.63661	3.521	30.9089
1399312850.875	n	12.6842	3.63666	3.500	30.9081
1399312850.937	n	12.6854	3.63671	3.482	30.9076
1399312851.000	n	12.6858	3.63673	3.463	30.9074
1399312851.062	n	12.6855	3.63674	3.438	30.9078
1399312851.220	y	12.6845	3.63672	3.419	30.9084
1399312851.227	n	12.6836	3.63671	3.396	30.9091
1399312851.251	n	12.6831	3.63670	3.377	30.9095
1399312851.312	n	12.6835	3.63673	3.358	30.9093
1399312851.375	n	12.6848	3.63677	3.338	30.9087
1399312851.439	n	12.6863	3.63682	3.315	30.9079
1399312851.500	n	12.6875	3.63683	3.289	30.9071
1399312851.564	n	12.6880	3.63684	3.271	30.9067
1399312851.624	n	12.6880	3.63683	3.251	30.9067
1399312851.687	n	12.6881	3.63683	3.228	30.9067
1399312851.750	n	12.6886	3.63685	3.210	30.9064
1399312851.812	n	12.6896	3.63689	3.189	30.9060
1399312851.876	n	12.6908	3.63694	3.169	30.9054
1399312851.938	n	12.6926	3.63702	3.149	30.9048
1399312852.000	n	12.6947	3.63714	3.125	30.9042
1399312852.063	n	12.6967	3.63725	3.106	30.9036
1399312852.126	n	12.6979	3.63733	3.086	30.9033
1399312852.189	n	12.6983	3.63742	3.070	30.9038
1399312852.251	n	12.6980	3.63746	3.050	30.9045
1399312852.370	y	12.6971	3.63746	3.032	30.9052
1399312852.377	n	12.6959	3.63740	3.015	30.9057
1399312852.438	n	12.6946	3.63729	2.994	30.9057
1399312852.500	n	12.6930	3.63713	2.975	30.9055
1399312852.563	n	12.6922	3.63703	2.958	30.9053
1399312852.626	n	12.6921	3.63698	2.943	30.9048
1399312852.687	n	12.6928	3.63696	2.927	30.9041
1399312852.751	n	12.6942	3.63696	2.911	30.9030
1399312852.812	n	12.6966	3.63702	2.894	30.9015
1399312852.874	n	12.7001	3.63718	2.876	30.9002
1399312852.938	n	12.7036	3.63744	2.862	30.8998
1399312853.000	n	12.7057	3.63770	2.846	30.9005
1399312853.063	n	12.7055	3.63784	2.827	30.9020
1399312853.126	n	12.7036	3.63785	2.816	30.9037
1399312853.190	n	12.7018	3.63778	2.800	30.9045
1399312853.251	n	12.7012	3.63772	2.787	30.9044
1399312853.312	n	12.7015	3.63771	2.767	30.9041
1399312853.374	n	12.7017	3.63768	2.752	30.9037
1399312853.438	n	12.7013	3.63761	2.739	30.9033
1399312853.500	n	12.7009	3.63751	2.723	30.9028
1399312853.562	n	12.7009	3.63744	2.708	30.9021
1399312853.626	n	12.7010	3.63741	2.694	30.9017
1399312853.687	n	12.7003	3.63737	2.677	30.9019
1399312853.751	n	12.6986	3.63730	2.663	30.9027
1399312853.812	n	12.6963	3.63721	2.646	30.9037
1399312853.876	n	12.6947	3.63714	2.633	30.9044
1399312853.939	n	12.6949	3.63715	2.622	30.9043
1399312853.999	n	12.6973	3.63729	2.606	30.9037
1399312854.063	n	12.7007	3.63750	2.591	30.9029
1399312854.156	y	12.7038	3.63769	2.578	30.9021
1399312854.189	n	12.7057	3.63779	2.565	30.9015
1399312854.250	n	12.7059	3.63779	2.548	30.9013
1399312854.313	n	12.7052	3.63774	2.533	30.9015
1399312854.376	n	12.7045	3.63770	2.523	30.9017
1399312854.438	n	12.7039	3.63769	2.512	30.9021
1399312854.500	n	12.7033	3.63769	2.498	30.9025
1399312854.563	n	12.7027	3.63769	2.492	30.9030
1399312854.625	n	12.7021	3.63769	2.481	30.9035
1399312854.688	n	12.7016	3.63768	2.466	30.9039
1399312854.751	n	12.7012	3.63766	2.453	30.9040
1399312854.812	n	12.7008	3.63764	2.442	30.9042
1399312854.875	n	12.7005	3.63761	2.435	30.9042
1399312854.939	n	12.7002	3.63758	2.424	30.9041
1399312855.000	n	12.6997	3.63755	2.414	30.9042
1399312855.064	n	12.6993	3.63753	2.402	30.9043
1399312855.126	n	12.6991	3.63753	2.393	30.9046
1399312855.188	n	12.6991	3.63755	2.380	30.9047
1399312855.251	n	12.6994	3.63755	2.370	30.9045
1399312855.314	n	12.7002	3.63755	2.360	30.9038
1399312855.375	n	12.7012	3.63754	2.349	30.9029
1399312855.438	n	12.7024	3.63754	2.337	30.9019
1399312855.502	n	12.7034	3.63754	2.323	30.9012
1399312855.563	n	12.7042	3.63757	2.313	30.9007
1399312855.625	n	12.7047	3.63760	2.302	30.9006
1399312855.688	n	12.7048	3.63763	2.290	30.9008
1399312855.749	n	12.7048	3.63762	2.276	30.9007
1399312855.812	n	12.7048	3.63759	2.261	30.9004
1399312855.875	n	12.7048	3.63755	2.247	30.9000
1399312855.939	n	12.7049	3.63752	2.232	30.8997
1399312856.002	n	12.7053	3.63755	2.219	30.8997
1399312856.063	n	12.7058	3.63762	2.200	30.9000
1399312856.126	n	12.7060	3.63769	2.181	30.9004
1399312856.188	n	12.7059	3.63773	2.164	30.9009
1399312856.251	n	12.7054	3.63775	2.143	30.9016
1399312856.312	n	12.7047	3.63773	2.124	30.9019
1399312856.375	n	12.7043	3.63771	2.105	30.9020
1399312856.439	n	12.7042	3.63768	2.089	30.9019
1399312856.502	n	12.7040	3.63765	2.068	30.9018
1399312856.638	y	12.7036	3.63763	2.046	30.9019
1399312856.645	n	12.7034	3.63760	2.028	30.9018
1399312856.689	n	12.7035	3.63757	2.009	30.9015
1399312856.751	n	12.7035	3.63753	1.983	30.9010
1399312856.814	n	12.7035	3.63748	1.963	30.9007
1399312856.875	n	12.7031	3.63744	1.939	30.9006
1399312856.939	n	12.7028	3.63742	1.919	30.9006
1399312857.000	n	12.7031	3.63743	1.902	30.9005
1399312857.063	n	12.7038	3.63746	1.882	30.9002
1399312857.124	n	12.7048	3.63751	1.862	30.8998
1399312857.188	n	12.7057	3.63755	1.842	30.8996
1399312857.249	n	12.7064	3.63759	1.826	30.8993
1399312857.313	n	12.7074	3.63761	1.809	30.8987
1399312857.375	n	12.7084	3.63763	1.794	30.8981
1399312857.440	n	12.7087	3.63762	1.778	30.8978
1399312857.500	n	12.7080	3.63759	1.761	30.8980
1399312857.563	n	12.7067	3.63755	1.752	30.8987
1399312857.625	n	12.7055	3.63754	1.737	30.8996
1399312857.689	n	12.7053	3.63757	1.722	30.9000
1399312857.773	y	12.7063	3.63763	1.708	30.8999
1399312857.813	n	12.7074	3.63770	1.696	30.8996
1399312857.875	n	12.7081	3.63774	1.680	30.8994
1399312857.939	n	12.7081	3.63776	1.670	30.8996
1399312858.001	n	12.7075	3.63775	1.654	30.9000
1399312858.063	n	12.7070	3.63773	1.639	30.9002
1399312858.125	n	12.7070	3.63775	1.626	30.9004
1399312858.188	n	12.7078	3.63783	1.615	30.9005
1399312858.250	n	12.7094	3.63797	1.601	30.9005
1399312858.313	n	12.7115	3.63814	1.589	30.9004
1399312858.376	n	12.7139	3.63830	1.579	30.9000
1399312858.439	n	12.7160	3.63842	1.562	30.8994
1399312858.501	n	12.7176	3.63849	1.550	30.8987
1399312858.563	n	12.7188	3.63854	1.539	30.8983
1399312858.626	n	12.7195	3.63858	1.526	30.8980
1399312858.690	n	12.7200	3.63861	1.513	30.8980
1399312858.751	n	12.7202	3.63864	1.503	30.8980
1399312858.812	n	12.7203	3.63865	1.489	30.8980
1399312858.875	n	12.7204	3.63865	1.474	30.8980
1399312858.938	n	12.7207	3.63865	1.463	30.8978
1399312859.002	n	12.7210	3.63865	1.448	30.8975
1399312859.063	n	12.7212	3.63866	1.433	30.8974
1399312859.125	n	12.7215	3.63866	1.425	30.8972
1399312859.188	n	12.7217	3.63865	1.411	30.8970
1399312859.251	n	12.7219	3.63864	1.396	30.8967
1399312859.313	n	12.7225	3.63864	1.384	30.8962
1399312859.374	n	12.7238	3.63867	1.371	30.8955
1399312859.438	n	12.7255	3.63876	1.359	30.8949
1399312859.502	n	12.7271	3.63887	1.341	30.8947
1399312859.562	n	12.7277	3.63897	1.332	30.8952
1399312859.625	n	12.7271	3.63904	1.320	30.8963
1399312859.691	n	12.7258	3.63908	1.309	30.8976
1399312859.750	n	12.7245	3.63908	1.298	30.8988
1399312859.813	n	12.7237	3.63908	1.285	30.8994
1399312859.875	n	12.7233	3.63905	1.274	30.8995
1399312859.938	n	12.7231	3.63900	1.263	30.8991
1399312860.001	n	12.7232	3.63893	1.251	30.8985
1399312860.062	n	12.7236	3.63889	1.242	30.8978
1399312860.125	n	12.7240	3.63887	1.233	30.8972
1399312860.189	n	12.7245	3.63890	1.223	30.8971
1399312860.253	n	12.7252	3.63898	1.209	30.8972
1399312860.313	n	12.7261	3.63910	1.198	30.8977
1399312860.375	n	12.7271	3.63922	1.184	30.8981
1399312860.437	n	12.7281	3.63933	1.173	30.8983
1399312860.500	n	12.7286	3.63939	1.163	30.8984
1399312860.562	n	12.7283	3.63938	1.150	30.8985
1399312860.624	n	12.7275	3.63931	1.132	30.8985
1399312860.691	n	12.7267	3.63924	1.121	30.8985
1399312860.749	n	12.7264	3.63917	1.105	30.8981
1399312860.871	y	12.7268	3.63915	1.087	30.8977
1399312860.876	n	12.7275	3.63919	1.077	30.8975
1399312860.939	n	12.7280	3.63925	1.060	30.8976
1399312860.999	n	12.7283	3.63928	1.044	30.8977
1399312861.064	n	12.7279	3.63927	1.027	30.8979
1399312861.125	n	12.7269	3.63922	1.012	30.8983
1399312861.189	n	12.7253	3.63916	0.995	30.8990
1399312861.251	n	12.7234	3.63910	0.979	30.9000
1399312861.312	n	12.7221	3.63905	0.963	30.9006
1399312861.409	y	12.7218	3.63903	0.947	30.9007
1399312861.439	n	12.7223	3.63903	0.935	30.9002
1399312861.500	n	12.7232	3.63905	0.915	30.8997
1399312861.563	n	12.7238	3.63907	0.899	30.8994
1399312861.626	n	12.7238	3.63906	0.884	30.8993
1399312861.688	n	12.7233	3.63902	0.871	30.8994
1399312861.750	n	12.7227	3.63897	0.859	30.8994
1399312861.812	n	12.7223	3.63891	0.842	30.8992
1399312861.876	n	12.7225	3.63888	0.827	30.8987
1399312861.939	n	12.7232	3.63887	0.812	30.8980
1399312862.000	n	12.7241	3.63889	0.794	30.8975
1399312862.063	n	12.7250	3.63893	0.776	30.8971
1399312862.126	n	12.7256	3.63896	0.760	30.8970
1399312862.188	n	12.7259	3.63898	0.737	30.8969
1399312862.250	n	12.7261	3.63898	0.722	30.8968
1399312862.313	n	12.7253	3.49693	0.706	29.5613
1399312862.375	n	12.7214	3.04886	0.684	25.4033
1399312862.439	n	12.7115	2.43355	0.670	19.8314
1399312862.501	n	12.6933	1.82091	0.654	14.4542
1399312862.563	n	12.6668	1.33992	0.640	10.3678
1399312862.627	n	12.6365	1.10317	0.630	8.4094
1399312862.692	n	12.6099	1.01984	0.619	7.7318
1399312862.749	n	12.5928	0.89788	0.607	6.7439
1399312862.813	n	12.5880	0.77792	0.598	5.7814
1399312862.875	n	12.5968	0.68893	0.591	5.0739
1399312862.939	n	12.6169	0.61379	0.586	4.4814
1399312863.001	n	12.6430	0.55465	0.579	4.0186
1399312863.062	n	12.6691	0.54513	0.577	3.9423
1399312863.124	n	12.6902	0.59572	0.579	4.3320
1399312863.189	n	12.7031	0.67986	0.578	4.9884
1399312863.249	n	12.7101	0.77937	0.581	5.7744
1399312863.313	n	12.7145	0.86234	0.585	6.4366
1399312863.376	n	12.7179	0.88835	0.587	6.6449
1399312863.438	n	12.7206	0.87431	0.587	6.5316
1399312863.500	n	12.7225	0.87507	0.591	6.5374
1399312863.563	n	12.7236	0.87725	0.592	6.5547
1399312863.626	n	12.7241	0.86227	0.591	6.4344
