Source File: D:\Storage\Programs\OOI\Group 5\Correspondence\07_18_14 sample files\files\11264999.PPB
Processed: 07/18/2014 12:28:02
Using Version: 1.11
Device: CTD
Start Date: 05/06/2014
Timestamp (s)	Suspect Timestamp	Temperature	Conductivity	Pressure	Salinity
1399377582.721	y	12.1632	3.67955	22.516	31.7433
1399377582.784	n	12.1635	3.67958	22.520	31.7433
1399377582.846	n	12.1634	3.67955	22.526	31.7432
1399377582.913	n	12.1635	3.67955	22.516	31.7430
1399377582.974	n	12.1634	3.67958	22.520	31.7434
1399377583.034	n	12.1635	3.67958	22.534	31.7434
1399377583.097	n	12.1632	3.67951	22.537	31.7428
1399377583.162	n	12.1635	3.67956	22.526	31.7432
1399377583.223	n	12.1634	3.67956	22.534	31.7432
1399377583.286	n	12.1634	3.67955	22.534	31.7431
1399377583.348	n	12.1634	3.67955	22.534	31.7431
1399377583.410	n	12.1633	3.67955	22.537	31.7432
1399377583.474	n	12.1634	3.67955	22.541	31.7432
1399377583.536	n	12.1634	3.67955	22.542	31.7432
1399377583.599	n	12.1634	3.67956	22.547	31.7433
1399377583.660	n	12.1634	3.67956	22.550	31.7433
1399377583.724	n	12.1633	3.67956	22.550	31.7433
1399377583.786	n	12.1632	3.67956	22.551	31.7433
1399377583.850	n	12.1632	3.67956	22.553	31.7434
1399377583.912	n	12.1631	3.67956	22.557	31.7434
1399377583.973	n	12.1631	3.67955	22.560	31.7434
1399377584.036	n	12.1631	3.67955	22.561	31.7434
1399377584.098	n	12.1630	3.67955	22.559	31.7434
1399377584.161	n	12.1630	3.67955	22.559	31.7435
1399377584.224	n	12.1629	3.67957	22.562	31.7436
1399377585.262	n	12.1629	3.67957	22.566	31.7437
1399377585.278	n	12.1630	3.67958	22.567	31.7437
1399377585.284	n	12.1630	3.67958	22.565	31.7437
1399377585.304	n	12.1630	3.67956	22.565	31.7436
1399377585.313	n	12.1630	3.67956	22.564	31.7435
1399377585.319	n	12.1630	3.67955	22.569	31.7435
1399377585.325	n	12.1629	3.67956	22.564	31.7436
1399377585.330	n	12.1628	3.67957	22.564	31.7437
1399377585.337	n	12.1628	3.67957	22.565	31.7439
1399377585.342	n	12.1627	3.67957	22.563	31.7439
1399377585.349	n	12.1626	3.67957	22.561	31.7440
1399377585.356	n	12.1626	3.67956	22.557	31.7439
1399377585.363	n	12.1625	3.67956	22.561	31.7440
1399377585.369	n	12.1623	3.67956	22.560	31.7442
1399377585.375	n	12.1622	3.67957	22.556	31.7443
1399377585.381	n	12.1621	3.67958	22.553	31.7444
1399377585.387	n	12.1621	3.67958	22.552	31.7445
1399377585.393	n	12.1621	3.67957	22.548	31.7445
1399377585.411	n	12.1620	3.67956	22.548	31.7444
1399377585.474	n	12.1620	3.67957	22.543	31.7445
1399377585.537	n	12.1619	3.67956	22.540	31.7444
1399377585.599	n	12.1619	3.67955	22.539	31.7444
1399377585.663	n	12.1619	3.67954	22.535	31.7443
1399377585.723	n	12.1619	3.67955	22.531	31.7443
1399377585.786	n	12.1619	3.67955	22.530	31.7444
1399377585.849	n	12.1619	3.67956	22.525	31.7445
1399377585.911	n	12.1619	3.67957	22.519	31.7446
1399377585.974	n	12.1619	3.67958	22.517	31.7447
1399377586.035	n	12.1618	3.67958	22.516	31.7448
1399377586.098	n	12.1618	3.67959	22.511	31.7448
1399377586.162	n	12.1618	3.67958	22.505	31.7448
1399377586.224	n	12.1618	3.67957	22.500	31.7447
1399377586.295	n	12.1618	3.67957	22.496	31.7447
1399377586.350	n	12.1618	3.67957	22.493	31.7447
1399377586.413	n	12.1618	3.67958	22.491	31.7448
1399377586.474	n	12.1618	3.67958	22.483	31.7449
1399377586.536	n	12.1617	3.67959	22.480	31.7449
1399377586.598	n	12.1617	3.67958	22.475	31.7449
1399377586.663	n	12.1616	3.67958	22.469	31.7450
1399377586.724	n	12.1616	3.67958	22.462	31.7450
1399377586.786	n	12.1616	3.67959	22.458	31.7450
1399377586.850	n	12.1616	3.67960	22.455	31.7451
1399377586.912	n	12.1616	3.67961	22.451	31.7453
1399377586.973	n	12.1616	3.67962	22.443	31.7454
1399377587.037	n	12.1616	3.67963	22.437	31.7454
1399377587.101	n	12.1616	3.67964	22.432	31.7456
1399377587.162	n	12.1615	3.67966	22.426	31.7458
1399377587.225	n	12.1615	3.67966	22.420	31.7458
1399377587.287	n	12.1615	3.67966	22.413	31.7458
1399377587.349	n	12.1615	3.67967	22.410	31.7459
1399377587.413	n	12.1616	3.67966	22.401	31.7458
1399377587.474	n	12.1616	3.67965	22.397	31.7457
1399377587.538	n	12.1616	3.67966	22.392	31.7457
1399377587.599	n	12.1617	3.67966	22.385	31.7457
1399377587.661	n	12.1618	3.67967	22.383	31.7457
1399377587.724	n	12.1619	3.67969	22.377	31.7458
1399377587.787	n	12.1620	3.67970	22.368	31.7459
1399377587.850	n	12.1620	3.67971	22.363	31.7459
1399377587.913	n	12.1621	3.67972	22.356	31.7460
1399377587.973	n	12.1621	3.67973	22.351	31.7460
1399377588.035	n	12.1622	3.67973	22.347	31.7459
1399377588.098	n	12.1623	3.67974	22.342	31.7459
1399377588.163	n	12.1624	3.67974	22.336	31.7459
1399377588.223	n	12.1625	3.67975	22.334	31.7459
1399377588.287	n	12.1625	3.67975	22.327	31.7459
1399377588.351	n	12.1626	3.67976	22.319	31.7460
1399377588.431	y	12.1626	3.67976	22.313	31.7460
1399377588.473	n	12.1626	3.67977	22.312	31.7460
1399377588.537	n	12.1626	3.67976	22.307	31.7460
1399377588.598	n	12.1626	3.67977	22.306	31.7460
1399377588.662	n	12.1626	3.67977	22.301	31.7460
1399377588.723	n	12.1627	3.67978	22.295	31.7460
1399377588.786	n	12.1628	3.67978	22.292	31.7460
1399377588.849	n	12.1628	3.67979	22.290	31.7460
1399377588.912	n	12.1628	3.67979	22.284	31.7460
1399377589.100	y	12.1628	3.67979	22.281	31.7460
1399377589.107	n	12.1628	3.67979	22.280	31.7460
1399377589.113	n	12.1629	3.67979	22.276	31.7460
1399377589.162	n	12.1629	3.67980	22.273	31.7460
1399377589.225	n	12.1630	3.67980	22.270	31.7460
1399377589.292	n	12.1630	3.67981	22.268	31.7461
1399377589.349	n	12.1630	3.67982	22.266	31.7462
1399377589.413	n	12.1630	3.67982	22.265	31.7462
1399377589.475	n	12.1630	3.67982	22.262	31.7462
1399377589.537	n	12.1630	3.67983	22.259	31.7462
1399377589.601	n	12.1630	3.67983	22.259	31.7462
1399377589.662	n	12.1630	3.67983	22.259	31.7463
1399377589.725	n	12.1630	3.67983	22.257	31.7463
1399377589.785	n	12.1630	3.67983	22.256	31.7462
1399377589.849	n	12.1630	3.67983	22.257	31.7462
1399377589.912	n	12.1630	3.67983	22.256	31.7462
1399377589.975	n	12.1630	3.67983	22.254	31.7463
1399377590.037	n	12.1630	3.67983	22.253	31.7463
1399377590.098	n	12.1630	3.67982	22.258	31.7462
1399377590.162	n	12.1629	3.67981	22.255	31.7461
1399377590.223	n	12.1629	3.67981	22.255	31.7461
1399377590.286	n	12.1628	3.67981	22.258	31.7462
1399377590.350	n	12.1628	3.67981	22.257	31.7462
1399377590.411	n	12.1628	3.67981	22.259	31.7463
1399377590.474	n	12.1628	3.67982	22.259	31.7463
1399377590.537	n	12.1628	3.67982	22.261	31.7464
1399377590.601	n	12.1627	3.67983	22.266	31.7465
1399377590.662	n	12.1627	3.67983	22.266	31.7465
1399377590.723	n	12.1626	3.67983	22.266	31.7466
1399377590.785	n	12.1625	3.67983	22.267	31.7466
1399377590.848	n	12.1625	3.67983	22.268	31.7466
1399377590.911	n	12.1625	3.67983	22.270	31.7467
1399377590.974	n	12.1625	3.67984	22.271	31.7468
1399377591.036	n	12.1625	3.67985	22.271	31.7469
1399377591.098	n	12.1624	3.67985	22.273	31.7469
1399377591.162	n	12.1624	3.67985	22.277	31.7470
1399377591.223	n	12.1624	3.67985	22.281	31.7470
1399377591.287	n	12.1623	3.67985	22.282	31.7470
1399377591.350	n	12.1623	3.67984	22.282	31.7470
1399377591.411	n	12.1622	3.67984	22.285	31.7470
1399377591.473	n	12.1622	3.67984	22.287	31.7470
1399377591.536	n	12.1621	3.67983	22.289	31.7470
1399377591.598	n	12.1620	3.67982	22.292	31.7470
1399377591.660	n	12.1620	3.67981	22.292	31.7470
1399377591.723	n	12.1619	3.67981	22.294	31.7470
1399377591.813	n	12.1619	3.67982	22.297	31.7471
1399377591.849	n	12.1619	3.67983	22.298	31.7472
1399377591.911	n	12.1619	3.67984	22.298	31.7472
1399377591.974	n	12.1619	3.67984	22.301	31.7472
1399377592.037	n	12.1619	3.67983	22.301	31.7472
1399377592.099	y	12.1619	3.67983	22.300	31.7472
1399377592.160	n	12.1618	3.67983	22.303	31.7472
1399377592.223	n	12.1618	3.67984	22.307	31.7473
1399377592.323	n	12.1618	3.67984	22.303	31.7474
1399377592.348	n	12.1618	3.67985	22.303	31.7475
1399377592.412	n	12.1618	3.67984	22.303	31.7473
1399377592.473	n	12.1618	3.67983	22.304	31.7472
1399377592.536	y	12.1618	3.67982	22.307	31.7472
1399377592.599	n	12.1618	3.67983	22.301	31.7472
1399377592.662	n	12.1619	3.67983	22.300	31.7472
1399377592.724	n	12.1619	3.67984	22.300	31.7472
1399377592.786	n	12.1620	3.67984	22.300	31.7472
1399377592.849	n	12.1621	3.67985	22.296	31.7472
1399377592.911	n	12.1622	3.67986	22.294	31.7472
1399377592.974	n	12.1623	3.67986	22.291	31.7472
1399377593.036	n	12.1624	3.67986	22.290	31.7471
1399377593.099	n	12.1624	3.67985	22.287	31.7469
1399377593.161	n	12.1626	3.67985	22.282	31.7468
1399377593.350	y	12.1627	3.67985	22.280	31.7467
1399377593.361	n	12.1629	3.67986	22.274	31.7466
1399377593.367	n	12.1631	3.67987	22.267	31.7465
1399377593.414	n	12.1633	3.67986	22.264	31.7463
1399377593.474	n	12.1635	3.67986	22.260	31.7461
1399377593.816	n	12.1636	3.67985	22.254	31.7459
1399377593.824	n	12.1638	3.67984	22.248	31.7457
1399377593.830	n	12.1639	3.67984	22.242	31.7456
1399377593.836	n	12.1640	3.67984	22.234	31.7455
1399377593.841	n	12.1641	3.67985	22.228	31.7455
1399377593.850	n	12.1642	3.67985	22.221	31.7454
1399377593.913	n	12.1643	3.67984	22.211	31.7453
1399377593.975	n	12.1644	3.67983	22.204	31.7451
1399377594.037	n	12.1645	3.67984	22.198	31.7451
1399377594.100	n	12.1646	3.67984	22.187	31.7451
1399377594.162	n	12.1647	3.67985	22.180	31.7451
1399377594.223	n	12.1647	3.67986	22.169	31.7451
1399377594.285	n	12.1648	3.67986	22.161	31.7451
1399377594.349	n	12.1648	3.67986	22.150	31.7450
1399377594.412	n	12.1648	3.67986	22.143	31.7450
1399377594.475	n	12.1648	3.67986	22.135	31.7451
1399377594.536	n	12.1648	3.67986	22.123	31.7450
1399377594.598	n	12.1649	3.67986	22.110	31.7450
1399377594.662	n	12.1650	3.67986	22.102	31.7449
1399377594.723	n	12.1651	3.67986	22.090	31.7449
1399377594.786	n	12.1651	3.67986	22.079	31.7448
1399377594.850	n	12.1652	3.67986	22.065	31.7448
1399377594.913	n	12.1652	3.67987	22.056	31.7449
1399377594.974	n	12.1652	3.67988	22.046	31.7449
1399377595.037	n	12.1652	3.67989	22.033	31.7450
1399377595.100	n	12.1653	3.67989	22.020	31.7450
1399377595.161	n	12.1653	3.67988	22.010	31.7448
1399377595.224	n	12.1654	3.67987	22.000	31.7447
1399377595.287	n	12.1654	3.67986	21.986	31.7446
1399377595.348	n	12.1654	3.67986	21.974	31.7446
1399377595.412	n	12.1655	3.67986	21.963	31.7446
1399377595.475	n	12.1655	3.67986	21.950	31.7445
1399377595.535	n	12.1656	3.67985	21.936	31.7444
1399377595.600	n	12.1657	3.67985	21.922	31.7443
1399377595.664	y	12.1658	3.67985	21.907	31.7443
1399377595.723	n	12.1658	3.67986	21.892	31.7443
1399377595.787	n	12.1659	3.67987	21.884	31.7443
1399377595.850	n	12.1660	3.67987	21.867	31.7443
1399377595.913	n	12.1661	3.67987	21.856	31.7442
1399377595.973	n	12.1661	3.67987	21.842	31.7442
1399377596.036	n	12.1662	3.67987	21.828	31.7441
1399377596.098	n	12.1662	3.67988	21.812	31.7442
1399377596.163	n	12.1663	3.67989	21.800	31.7442
1399377596.223	n	12.1664	3.67989	21.783	31.7441
1399377596.286	n	12.1666	3.67988	21.768	31.7439
1399377596.349	n	12.1667	3.67988	21.757	31.7438
1399377596.411	n	12.1668	3.67988	21.737	31.7438
1399377596.474	n	12.1668	3.67989	21.725	31.7438
1399377596.536	n	12.1670	3.67989	21.709	31.7437
1399377596.599	n	12.1671	3.67989	21.693	31.7436
1399377596.660	n	12.1671	3.67988	21.675	31.7435
1399377596.724	n	12.1672	3.67987	21.662	31.7433
1399377596.786	n	12.1673	3.67986	21.645	31.7431
1399377596.848	n	12.1674	3.67985	21.629	31.7430
1399377596.911	n	12.1675	3.67985	21.613	31.7429
1399377596.974	n	12.1677	3.67985	21.599	31.7427
1399377597.036	n	12.1678	3.67985	21.582	31.7426
1399377597.099	n	12.1680	3.67986	21.569	31.7426
1399377597.160	n	12.1681	3.67987	21.550	31.7426
1399377597.323	y	12.1683	3.67988	21.530	31.7425
1399377597.328	n	12.1685	3.67989	21.513	31.7425
1399377597.350	n	12.1687	3.67990	21.498	31.7423
1399377597.412	n	12.1690	3.67988	21.481	31.7420
1399377597.473	n	12.1692	3.67987	21.466	31.7417
1399377597.536	n	12.1694	3.67987	21.449	31.7415
1399377597.598	n	12.1696	3.67987	21.432	31.7414
1399377597.661	n	12.1698	3.67988	21.415	31.7414
1399377597.724	n	12.1699	3.67989	21.398	31.7413
1399377597.786	n	12.1702	3.67989	21.380	31.7411
1399377597.850	n	12.1704	3.67989	21.364	31.7409
1399377597.912	n	12.1707	3.67989	21.344	31.7407
1399377597.974	n	12.1709	3.67988	21.327	31.7404
1399377598.036	n	12.1711	3.67988	21.311	31.7402
1399377598.099	n	12.1713	3.67987	21.290	31.7399
1399377598.162	n	12.1716	3.67986	21.273	31.7397
1399377598.224	n	12.1717	3.67986	21.253	31.7395
1399377598.287	n	12.1719	3.67986	21.233	31.7394
1399377598.353	n	12.1720	3.67986	21.219	31.7393
1399377598.411	n	12.1722	3.67986	21.197	31.7392
1399377598.475	n	12.1723	3.67986	21.180	31.7391
1399377598.536	n	12.1725	3.67986	21.161	31.7389
1399377598.598	n	12.1727	3.67987	21.142	31.7389
1399377598.662	n	12.1729	3.67988	21.121	31.7388
1399377598.724	n	12.1731	3.67989	21.101	31.7387
1399377598.786	n	12.1733	3.67989	21.081	31.7386
1399377598.850	n	12.1735	3.67989	21.062	31.7384
1399377598.911	n	12.1737	3.67988	21.046	31.7382
1399377598.974	n	12.1739	3.67988	21.023	31.7380
1399377599.035	n	12.1741	3.67989	21.003	31.7379
1399377599.100	n	12.1744	3.67988	20.984	31.7376
1399377599.161	n	12.1747	3.67988	20.964	31.7373
1399377599.223	n	12.1750	3.67987	20.942	31.7370
1399377599.286	n	12.1753	3.67987	20.918	31.7367
1399377599.394	y	12.1756	3.67987	20.900	31.7364
1399377599.415	n	12.1759	3.67987	20.878	31.7362
1399377599.474	n	12.1763	3.67987	20.855	31.7360
1399377599.536	n	12.1765	3.67987	20.838	31.7357
1399377599.598	n	12.1768	3.67987	20.815	31.7355
1399377599.661	n	12.1771	3.67987	20.795	31.7352
1399377599.723	n	12.1774	3.67987	20.768	31.7350
1399377599.785	n	12.1777	3.67986	20.749	31.7347
1399377599.849	n	12.1780	3.67986	20.725	31.7344
1399377599.912	n	12.1783	3.67986	20.701	31.7341
1399377599.973	n	12.1787	3.67987	20.679	31.7340
1399377600.036	n	12.1790	3.67988	20.659	31.7338
1399377600.098	n	12.1793	3.67989	20.633	31.7336
1399377600.160	n	12.1797	3.67989	20.609	31.7333
1399377600.224	n	12.1800	3.67988	20.588	31.7330
1399377600.287	n	12.1803	3.67988	20.565	31.7327
1399377600.349	n	12.1806	3.67988	20.539	31.7324
1399377600.417	n	12.1809	3.67988	20.516	31.7322
1399377600.474	n	12.1813	3.67988	20.495	31.7319
1399377600.536	n	12.1817	3.67988	20.471	31.7316
1399377600.600	n	12.1820	3.67987	20.444	31.7313
1399377600.661	n	12.1824	3.67987	20.419	31.7309
1399377600.723	n	12.1827	3.67987	20.397	31.7306
1399377600.787	n	12.1831	3.67987	20.374	31.7303
1399377600.849	n	12.1835	3.67987	20.351	31.7300
1399377600.912	n	12.1839	3.67987	20.326	31.7297
1399377600.973	n	12.1843	3.67987	20.304	31.7294
1399377601.037	n	12.1846	3.67987	20.279	31.7291
1399377601.099	n	12.1849	3.67988	20.253	31.7289
1399377601.161	n	12.1853	3.67989	20.231	31.7287
1399377601.224	n	12.1857	3.67990	20.208	31.7285
1399377601.286	n	12.1861	3.67990	20.184	31.7282
1399377601.350	n	12.1864	3.67989	20.160	31.7278
1399377601.413	n	12.1868	3.67988	20.134	31.7275
1399377601.565	y	12.1871	3.67987	20.109	31.7270
1399377601.571	n	12.1875	3.67987	20.086	31.7267
1399377601.599	n	12.1879	3.67986	20.063	31.7263
1399377601.662	n	12.1883	3.67986	20.040	31.7260
1399377601.724	n	12.1886	3.67985	20.015	31.7257
1399377601.786	n	12.1889	3.67985	19.995	31.7254
1399377601.850	n	12.1892	3.67985	19.969	31.7252
1399377601.912	n	12.1895	3.67986	19.943	31.7250
1399377601.973	n	12.1899	3.67987	19.921	31.7248
1399377602.036	n	12.1902	3.67986	19.899	31.7244
1399377602.100	n	12.1906	3.67986	19.875	31.7241
1399377602.161	n	12.1909	3.67986	19.853	31.7239
1399377602.223	n	12.1913	3.67986	19.831	31.7235
1399377602.286	n	12.1916	3.67986	19.809	31.7232
1399377602.350	n	12.1919	3.67985	19.783	31.7229
1399377602.414	n	12.1923	3.67985	19.755	31.7226
1399377602.473	n	12.1926	3.67985	19.738	31.7224
1399377602.535	n	12.1929	3.67986	19.716	31.7222
1399377602.599	n	12.1932	3.67987	19.688	31.7220
1399377602.663	n	12.1935	3.67987	19.668	31.7218
1399377602.723	n	12.1938	3.67987	19.645	31.7215
1399377602.787	n	12.1941	3.67986	19.625	31.7212
1399377602.849	n	12.1945	3.67985	19.602	31.7209
1399377602.910	n	12.1948	3.67985	19.578	31.7205
1399377602.973	y	12.1951	3.67985	19.555	31.7203
1399377603.036	n	12.1955	3.67985	19.530	31.7200
1399377603.098	n	12.1958	3.67985	19.510	31.7198
1399377603.163	n	12.1961	3.67985	19.488	31.7195
1399377603.223	n	12.1964	3.67985	19.469	31.7192
1399377603.286	n	12.1967	3.67985	19.445	31.7190
1399377603.348	n	12.1971	3.67985	19.423	31.7187
1399377603.413	n	12.1974	3.67985	19.406	31.7184
1399377603.474	n	12.1978	3.67985	19.385	31.7181
1399377603.535	n	12.1981	3.67985	19.364	31.7178
1399377603.600	n	12.1985	3.67985	19.339	31.7175
1399377603.661	n	12.1989	3.67985	19.316	31.7172
1399377603.724	n	12.1992	3.67984	19.300	31.7168
1399377603.786	n	12.1995	3.67982	19.279	31.7164
1399377603.849	n	12.1999	3.67981	19.259	31.7160
1399377603.911	n	12.2002	3.67981	19.238	31.7158
1399377603.973	n	12.2006	3.67982	19.214	31.7156
1399377604.037	n	12.2009	3.67983	19.196	31.7153
1399377604.101	n	12.2013	3.67984	19.176	31.7151
1399377604.161	n	12.2017	3.67984	19.158	31.7149
1399377604.224	n	12.2020	3.67985	19.139	31.7146
1399377604.287	n	12.2023	3.67985	19.117	31.7143
1399377604.349	n	12.2027	3.67985	19.095	31.7141
1399377604.412	n	12.2030	3.67984	19.077	31.7137
1399377604.474	n	12.2033	3.67983	19.059	31.7134
1399377604.535	n	12.2037	3.67984	19.039	31.7131
1399377604.600	n	12.2040	3.67984	19.019	31.7129
1399377604.662	n	12.2043	3.67983	19.002	31.7126
1399377604.723	n	12.2047	3.67983	18.983	31.7122
1399377604.787	n	12.2050	3.67982	18.964	31.7118
1399377604.850	n	12.2054	3.67981	18.947	31.7114
1399377604.910	n	12.2058	3.67981	18.927	31.7111
1399377604.973	n	12.2062	3.67981	18.908	31.7108
1399377605.035	n	12.2065	3.67981	18.891	31.7105
1399377605.101	n	12.2068	3.67981	18.875	31.7103
1399377605.234	y	12.2071	3.67981	18.856	31.7101
1399377605.240	n	12.2074	3.67981	18.837	31.7098
1399377605.285	n	12.2077	3.67981	18.818	31.7096
1399377605.349	n	12.2080	3.67981	18.800	31.7094
1399377605.415	n	12.2082	3.67981	18.783	31.7091
1399377605.475	n	12.2085	3.67980	18.763	31.7088
1399377605.536	n	12.2088	3.67980	18.747	31.7085
1399377605.599	n	12.2091	3.67980	18.732	31.7083
1399377605.662	n	12.2094	3.67981	18.717	31.7082
1399377605.817	y	12.2096	3.67981	18.700	31.7080
1399377605.822	n	12.2099	3.67981	18.680	31.7078
1399377605.848	n	12.2102	3.67981	18.666	31.7075
1399377605.911	n	12.2105	3.67981	18.649	31.7073
1399377605.973	n	12.2108	3.67981	18.633	31.7070
1399377606.036	n	12.2111	3.67980	18.615	31.7066
1399377606.098	n	12.2114	3.67979	18.599	31.7064
1399377606.162	n	12.2116	3.67979	18.583	31.7061
1399377606.223	n	12.2118	3.67979	18.564	31.7059
1399377606.285	n	12.2121	3.67980	18.548	31.7058
1399377606.348	n	12.2123	3.67980	18.529	31.7056
1399377606.415	n	12.2126	3.67980	18.515	31.7054
1399377606.474	n	12.2128	3.67980	18.501	31.7053
1399377606.536	n	12.2130	3.67980	18.486	31.7050
1399377606.599	n	12.2133	3.67980	18.469	31.7048
1399377606.662	n	12.2135	3.67980	18.457	31.7046
1399377606.723	y	12.2137	3.67979	18.435	31.7044
1399377606.786	n	12.2139	3.67979	18.423	31.7043
1399377606.851	n	12.2140	3.67979	18.409	31.7041
1399377606.913	n	12.2142	3.67979	18.393	31.7040
1399377606.974	n	12.2144	3.67979	18.377	31.7039
1399377607.035	n	12.2146	3.67979	18.361	31.7037
1399377607.098	n	12.2148	3.67979	18.347	31.7035
1399377607.162	n	12.2150	3.67978	18.329	31.7033
1399377607.223	n	12.2152	3.67977	18.313	31.7030
1399377607.285	n	12.2154	3.67976	18.299	31.7027
1399377607.350	n	12.2156	3.67975	18.287	31.7025
1399377607.411	n	12.2158	3.67975	18.270	31.7023
1399377607.474	n	12.2160	3.67975	18.257	31.7022
1399377607.536	n	12.2162	3.67975	18.238	31.7020
1399377607.599	n	12.2163	3.67975	18.228	31.7019
1399377607.661	n	12.2165	3.67975	18.210	31.7018
1399377607.723	n	12.2167	3.67975	18.194	31.7016
1399377607.785	n	12.2169	3.67974	18.180	31.7014
1399377607.848	n	12.2170	3.67974	18.165	31.7013
1399377607.912	n	12.2172	3.67973	18.149	31.7011
1399377607.975	n	12.2173	3.67973	18.134	31.7009
1399377608.036	n	12.2175	3.67974	18.117	31.7008
1399377608.098	n	12.2177	3.67974	18.105	31.7007
1399377608.162	n	12.2179	3.67974	18.092	31.7005
1399377608.225	n	12.2181	3.67974	18.078	31.7004
1399377608.287	n	12.2182	3.67973	18.060	31.7002
1399377608.348	n	12.2183	3.67973	18.045	31.7001
1399377608.412	n	12.2185	3.67973	18.033	31.7000
1399377608.475	n	12.2186	3.67973	18.017	31.6999
1399377608.535	n	12.2187	3.67973	18.002	31.6997
1399377608.598	n	12.2188	3.67972	17.986	31.6996
1399377608.662	n	12.2190	3.67972	17.974	31.6994
1399377608.724	n	12.2192	3.67971	17.960	31.6993
1399377608.787	n	12.2193	3.67971	17.940	31.6991
1399377608.850	n	12.2195	3.67972	17.927	31.6990
1399377608.911	n	12.2197	3.67972	17.909	31.6990
1399377608.974	n	12.2198	3.67973	17.895	31.6988
1399377609.036	n	12.2200	3.67973	17.881	31.6987
1399377609.098	n	12.2202	3.67973	17.862	31.6986
1399377609.162	n	12.2203	3.67972	17.849	31.6984
1399377609.223	n	12.2204	3.67972	17.836	31.6983
1399377609.286	n	12.2206	3.67971	17.817	31.6981
1399377609.349	n	12.2207	3.67970	17.800	31.6979
1399377609.411	n	12.2208	3.67969	17.786	31.6977
1399377609.474	n	12.2209	3.67969	17.771	31.6976
1399377609.536	n	12.2209	3.67968	17.751	31.6975
1399377609.600	n	12.2210	3.67969	17.735	31.6975
1399377609.661	n	12.2212	3.67969	17.718	31.6974
1399377609.725	n	12.2213	3.67969	17.700	31.6973
1399377609.787	n	12.2214	3.67968	17.683	31.6972
1399377609.848	n	12.2216	3.67968	17.667	31.6971
1399377609.911	n	12.2217	3.67967	17.647	31.6969
1399377610.027	y	12.2219	3.67967	17.628	31.6967
1399377610.036	n	12.2220	3.67967	17.612	31.6966
1399377610.099	n	12.2220	3.67966	17.593	31.6965
1399377610.161	n	12.2221	3.67966	17.578	31.6965
1399377610.223	n	12.2221	3.67967	17.558	31.6965
1399377610.286	n	12.2222	3.67967	17.539	31.6964
1399377610.399	y	12.2224	3.67967	17.519	31.6963
1399377610.413	n	12.2225	3.67967	17.504	31.6962
1399377610.473	n	12.2225	3.67966	17.487	31.6961
1399377610.536	n	12.2226	3.67966	17.466	31.6960
1399377610.599	n	12.2227	3.67965	17.447	31.6959
1399377610.662	n	12.2228	3.67965	17.429	31.6958
1399377610.724	n	12.2228	3.67965	17.408	31.6957
1399377610.786	n	12.2229	3.67965	17.386	31.6958
1399377610.850	n	12.2229	3.67965	17.369	31.6957
1399377610.910	n	12.2229	3.67964	17.349	31.6956
1399377610.974	n	12.2230	3.67964	17.330	31.6956
1399377611.036	n	12.2230	3.67963	17.306	31.6955
1399377611.098	n	12.2231	3.67963	17.287	31.6954
1399377611.161	n	12.2232	3.67962	17.269	31.6953
1399377611.223	n	12.2232	3.67962	17.248	31.6952
1399377611.287	n	12.2233	3.67961	17.224	31.6951
1399377611.350	n	12.2234	3.67962	17.204	31.6951
1399377611.410	n	12.2234	3.67962	17.186	31.6951
1399377611.473	n	12.2235	3.67963	17.163	31.6951
1399377611.536	n	12.2236	3.67962	17.139	31.6950
1399377611.600	n	12.2236	3.67962	17.120	31.6950
1399377611.661	n	12.2237	3.67962	17.098	31.6949
1399377611.723	n	12.2237	3.67962	17.076	31.6948
1399377611.786	n	12.2238	3.67961	17.052	31.6947
1399377611.849	n	12.2238	3.67960	17.031	31.6946
1399377611.913	n	12.2239	3.67959	17.008	31.6945
1399377611.973	n	12.2239	3.67959	16.989	31.6944
1399377612.037	n	12.2240	3.67959	16.963	31.6944
1399377612.099	n	12.2240	3.67960	16.941	31.6944
1399377612.161	n	12.2241	3.67960	16.921	31.6944
1399377612.223	n	12.2242	3.67959	16.891	31.6943
1399377612.285	n	12.2242	3.67958	16.866	31.6942
1399377612.349	n	12.2243	3.67958	16.846	31.6941
1399377612.413	n	12.2245	3.67957	16.824	31.6939
1399377612.474	n	12.2246	3.67957	16.801	31.6938
1399377612.536	n	12.2248	3.67957	16.780	31.6936
1399377612.599	n	12.2249	3.67956	16.756	31.6935
1399377612.660	n	12.2250	3.67956	16.731	31.6934
1399377612.724	n	12.2252	3.67956	16.704	31.6932
1399377612.787	n	12.2253	3.67956	16.682	31.6931
1399377612.851	n	12.2255	3.67956	16.654	31.6930
1399377612.912	n	12.2257	3.67957	16.631	31.6929
1399377612.974	n	12.2259	3.67957	16.611	31.6927
1399377613.037	n	12.2262	3.67957	16.589	31.6925
1399377613.099	n	12.2264	3.67956	16.564	31.6922
1399377613.163	n	12.2267	3.67955	16.537	31.6920
1399377613.224	n	12.2269	3.67954	16.514	31.6917
1399377613.286	n	12.2271	3.67954	16.488	31.6915
1399377613.348	n	12.2274	3.67955	16.468	31.6913
1399377613.413	n	12.2277	3.67955	16.441	31.6911
1399377613.473	n	12.2280	3.67955	16.422	31.6908
1399377613.536	n	12.2284	3.67954	16.396	31.6904
1399377613.600	n	12.2287	3.67954	16.370	31.6901
1399377613.661	n	12.2290	3.67953	16.348	31.6899
1399377613.724	n	12.2293	3.67954	16.326	31.6897
1399377613.786	n	12.2295	3.67954	16.302	31.6895
1399377613.848	n	12.2298	3.67954	16.278	31.6893
1399377613.911	n	12.2300	3.67953	16.257	31.6890
1399377614.038	y	12.2304	3.67953	16.236	31.6887
1399377614.043	n	12.2307	3.67952	16.212	31.6883
1399377614.099	n	12.2311	3.67952	16.189	31.6880
1399377614.162	n	12.2314	3.67952	16.165	31.6877
1399377614.339	y	12.2317	3.67951	16.143	31.6875
1399377614.345	n	12.2319	3.67951	16.119	31.6872
1399377614.350	n	12.2322	3.67950	16.097	31.6870
1399377614.415	n	12.2324	3.67949	16.076	31.6867
1399377614.475	n	12.2327	3.67949	16.052	31.6864
1399377614.537	n	12.2329	3.67949	16.030	31.6862
1399377614.599	n	12.2332	3.67949	16.010	31.6860
1399377614.662	n	12.2334	3.67949	15.990	31.6858
1399377614.725	n	12.2336	3.67948	15.965	31.6856
1399377614.788	n	12.2337	3.67948	15.943	31.6856
1399377614.850	n	12.2337	3.67949	15.922	31.6856
1399377614.911	n	12.2338	3.67949	15.899	31.6856
1399377614.974	n	12.2338	3.67949	15.877	31.6856
1399377615.036	n	12.2338	3.67948	15.856	31.6856
1399377615.099	n	12.2338	3.67947	15.833	31.6854
1399377615.162	n	12.2338	3.67947	15.813	31.6854
1399377615.224	n	12.2337	3.67947	15.795	31.6855
1399377615.286	n	12.2336	3.67948	15.771	31.6856
1399377615.348	n	12.2335	3.67948	15.748	31.6858
1399377615.412	n	12.2333	3.67947	15.729	31.6859
1399377615.473	n	12.2331	3.67947	15.709	31.6860
1399377615.537	n	12.2330	3.67946	15.687	31.6860
1399377615.598	n	12.2328	3.67945	15.663	31.6861
1399377615.662	n	12.2327	3.67945	15.644	31.6862
1399377615.724	n	12.2325	3.67945	15.622	31.6863
1399377615.786	n	12.2323	3.67945	15.601	31.6866
1399377615.849	n	12.2320	3.67946	15.580	31.6869
1399377615.911	n	12.2318	3.67946	15.558	31.6871
1399377615.973	n	12.2316	3.67946	15.539	31.6872
1399377616.037	n	12.2315	3.67946	15.515	31.6873
1399377616.098	n	12.2314	3.67945	15.499	31.6874
1399377616.162	n	12.2312	3.67945	15.477	31.6875
1399377616.224	n	12.2311	3.67944	15.456	31.6875
1399377616.286	n	12.2310	3.67943	15.437	31.6875
1399377616.348	n	12.2309	3.67943	15.411	31.6876
1399377616.411	n	12.2309	3.67943	15.390	31.6877
1399377616.475	n	12.2309	3.67944	15.374	31.6877
1399377616.537	n	12.2310	3.67944	15.350	31.6877
1399377616.599	n	12.2311	3.67943	15.332	31.6875
1399377616.663	n	12.2312	3.67942	15.308	31.6873
1399377616.724	n	12.2314	3.67940	15.289	31.6869
1399377616.786	n	12.2318	3.67940	15.269	31.6867
1399377616.850	n	12.2321	3.67940	15.248	31.6864
1399377616.911	n	12.2325	3.67941	15.227	31.6861
1399377616.974	n	12.2329	3.67941	15.209	31.6858
1399377617.036	n	12.2334	3.67941	15.186	31.6854
1399377617.100	n	12.2339	3.67940	15.161	31.6849
1399377617.163	n	12.2345	3.67941	15.140	31.6845
1399377617.224	n	12.2351	3.67941	15.122	31.6840
1399377617.287	n	12.2357	3.67941	15.102	31.6835
1399377617.348	n	12.2363	3.67941	15.082	31.6830
1399377617.412	n	12.2370	3.67941	15.061	31.6824
1399377617.475	n	12.2377	3.67941	15.040	31.6818
1399377617.537	n	12.2385	3.67941	15.018	31.6812
1399377617.599	n	12.2392	3.67941	14.997	31.6806
1399377617.663	n	12.2400	3.67943	14.979	31.6800
1399377617.739	y	12.2408	3.67943	14.956	31.6794
1399377617.785	n	12.2416	3.67942	14.936	31.6786
1399377617.850	n	12.2424	3.67941	14.917	31.6779
1399377617.913	n	12.2432	3.67941	14.895	31.6772
1399377617.974	n	12.2440	3.67941	14.876	31.6766
1399377618.036	n	12.2448	3.67943	14.853	31.6761
1399377618.100	n	12.2456	3.67944	14.835	31.6755
1399377618.161	n	12.2465	3.67944	14.815	31.6748
1399377618.224	n	12.2474	3.67944	14.792	31.6741
1399377618.286	n	12.2481	3.67944	14.772	31.6733
1399377618.350	n	12.2489	3.67943	14.755	31.6727
1399377618.411	n	12.2496	3.67943	14.729	31.6721
1399377618.564	y	12.2502	3.67942	14.706	31.6715
1399377618.569	n	12.2509	3.67941	14.686	31.6708
1399377618.600	n	12.2515	3.67941	14.667	31.6703
1399377618.662	n	12.2521	3.67941	14.646	31.6698
1399377618.723	n	12.2527	3.67941	14.625	31.6693
1399377618.786	n	12.2533	3.67941	14.605	31.6688
1399377618.849	n	12.2538	3.67940	14.584	31.6683
1399377618.910	n	12.2543	3.67940	14.567	31.6679
1399377618.974	n	12.2547	3.67940	14.544	31.6675
1399377619.036	n	12.2551	3.67940	14.522	31.6672
1399377619.100	n	12.2554	3.67939	14.502	31.6669
1399377619.161	n	12.2557	3.67938	14.479	31.6666
1399377619.223	n	12.2560	3.67938	14.459	31.6663
1399377619.287	n	12.2562	3.67938	14.438	31.6662
1399377619.349	n	12.2563	3.67939	14.417	31.6662
1399377619.410	n	12.2564	3.67940	14.397	31.6662
1399377619.474	n	12.2564	3.67940	14.376	31.6661
1399377619.536	n	12.2564	3.67939	14.357	31.6661
1399377619.598	n	12.2564	3.67938	14.333	31.6660
1399377619.662	n	12.2563	3.67937	14.310	31.6661
1399377619.724	n	12.2562	3.67937	14.290	31.6661
1399377619.787	n	12.2560	3.67936	14.271	31.6662
1399377619.849	n	12.2559	3.67936	14.251	31.6663
1399377619.913	n	12.2557	3.67936	14.233	31.6664
1399377619.975	n	12.2555	3.67936	14.208	31.6666
1399377620.036	n	12.2553	3.67936	14.185	31.6668
1399377620.100	n	12.2550	3.67936	14.166	31.6670
1399377620.162	n	12.2548	3.67936	14.142	31.6673
1399377620.225	n	12.2545	3.67936	14.119	31.6675
1399377620.286	n	12.2542	3.67936	14.097	31.6678
1399377620.350	n	12.2538	3.67935	14.077	31.6680
1399377620.413	n	12.2535	3.67934	14.058	31.6682
1399377620.475	n	12.2532	3.67933	14.040	31.6683
1399377620.536	n	12.2530	3.67932	14.019	31.6685
1399377620.676	y	12.2527	3.67932	13.996	31.6687
1399377620.682	n	12.2524	3.67932	13.976	31.6690
1399377620.724	n	12.2522	3.67932	13.957	31.6692
1399377620.786	n	12.2519	3.67932	13.932	31.6694
1399377620.848	n	12.2517	3.67932	13.912	31.6696
1399377620.911	n	12.2516	3.67932	13.895	31.6697
1399377620.974	n	12.2514	3.67932	13.873	31.6698
1399377621.036	n	12.2513	3.67932	13.850	31.6699
1399377621.098	n	12.2511	3.67931	13.833	31.6701
1399377621.162	n	12.2510	3.67931	13.812	31.6702
1399377621.224	n	12.2509	3.67931	13.791	31.6703
1399377621.286	n	12.2508	3.67932	13.770	31.6704
1399377621.350	y	12.2508	3.67933	13.750	31.6705
1399377621.412	n	12.2508	3.67933	13.728	31.6705
1399377621.474	n	12.2508	3.67932	13.707	31.6705
1399377621.537	n	12.2508	3.67931	13.688	31.6704
1399377621.599	n	12.2508	3.67930	13.667	31.6703
1399377621.663	n	12.2509	3.67930	13.649	31.6702
1399377621.725	n	12.2510	3.67931	13.631	31.6702
1399377621.785	n	12.2510	3.67931	13.610	31.6702
1399377621.849	n	12.2512	3.67931	13.592	31.6701
1399377621.913	n	12.2513	3.67931	13.575	31.6700
1399377621.973	n	12.2514	3.67930	13.555	31.6698
1399377622.037	n	12.2516	3.67930	13.534	31.6696
1399377622.100	n	12.2518	3.67929	13.516	31.6694
1399377622.161	n	12.2520	3.67929	13.499	31.6692
1399377622.223	n	12.2523	3.67929	13.478	31.6690
1399377622.286	n	12.2525	3.67928	13.461	31.6687
1399377622.349	n	12.2527	3.67928	13.441	31.6685
1399377622.412	n	12.2529	3.67928	13.427	31.6684
1399377622.474	n	12.2532	3.67928	13.407	31.6682
1399377622.536	n	12.2535	3.67929	13.388	31.6680
1399377622.600	n	12.2538	3.67929	13.372	31.6678
1399377622.662	n	12.2540	3.67929	13.354	31.6675
1399377622.825	y	12.2543	3.67928	13.339	31.6673
1399377622.832	n	12.2545	3.67927	13.319	31.6670
1399377622.848	n	12.2547	3.67927	13.302	31.6668
1399377622.912	n	12.2550	3.67928	13.287	31.6667
1399377622.974	n	12.2552	3.67930	13.268	31.6666
1399377623.036	n	12.2555	3.67930	13.252	31.6665
1399377623.099	n	12.2557	3.67930	13.235	31.6663
1399377623.161	n	12.2560	3.67929	13.218	31.6660
1399377623.224	n	12.2563	3.67929	13.206	31.6657
1399377623.288	n	12.2566	3.67929	13.185	31.6655
1399377623.349	n	12.2569	3.67930	13.169	31.6653
1399377623.411	n	12.2572	3.67930	13.156	31.6650
1399377623.474	n	12.2574	3.67930	13.136	31.6649
1399377623.536	n	12.2577	3.67930	13.122	31.6647
1399377623.599	n	12.2579	3.67930	13.107	31.6645
1399377623.663	n	12.2581	3.67930	13.091	31.6644
1399377623.724	n	12.2584	3.67930	13.074	31.6641
1399377623.786	n	12.2586	3.67930	13.058	31.6639
1399377623.848	n	12.2588	3.67929	13.043	31.6636
1399377623.911	n	12.2591	3.67929	13.026	31.6634
1399377623.974	n	12.2593	3.67927	13.013	31.6630
1399377624.037	n	12.2596	3.67927	12.997	31.6628
1399377624.099	n	12.2599	3.67927	12.982	31.6625
1399377624.161	n	12.2602	3.67927	12.965	31.6623
1399377624.224	n	12.2604	3.67927	12.951	31.6621
1399377624.287	n	12.2607	3.67927	12.937	31.6619
1399377624.349	n	12.2609	3.67927	12.920	31.6617
1399377624.413	n	12.2611	3.67927	12.907	31.6615
1399377624.473	n	12.2614	3.67927	12.891	31.6614
1399377624.536	n	12.2616	3.67927	12.874	31.6611
1399377624.598	n	12.2619	3.67927	12.861	31.6609
1399377624.661	n	12.2622	3.67927	12.846	31.6607
1399377624.725	n	12.2624	3.67927	12.833	31.6605
1399377624.787	n	12.2626	3.67927	12.821	31.6603
1399377624.850	n	12.2628	3.67927	12.805	31.6602
1399377624.913	n	12.2630	3.67927	12.787	31.6600
1399377624.974	y	12.2632	3.67927	12.777	31.6598
1399377625.036	n	12.2634	3.67927	12.763	31.6597
1399377625.100	n	12.2635	3.67927	12.744	31.6596
1399377625.162	n	12.2637	3.67927	12.733	31.6595
1399377625.224	n	12.2638	3.67927	12.719	31.6594
1399377625.286	n	12.2638	3.67927	12.702	31.6594
1399377625.349	n	12.2639	3.67927	12.682	31.6593
1399377625.412	n	12.2639	3.67926	12.669	31.6592
1399377625.475	n	12.2639	3.67926	12.655	31.6592
1399377625.536	n	12.2638	3.67925	12.644	31.6592
1399377625.600	n	12.2637	3.67926	12.632	31.6594
1399377625.662	n	12.2636	3.67927	12.608	31.6596
1399377625.724	n	12.2634	3.67928	12.597	31.6598
1399377625.786	n	12.2633	3.67928	12.582	31.6599
1399377625.849	n	12.2633	3.67928	12.566	31.6600
1399377625.913	n	12.2631	3.67928	12.549	31.6600
1399377625.974	n	12.2630	3.67928	12.535	31.6601
1399377626.037	n	12.2629	3.67927	12.521	31.6601
1399377626.100	n	12.2629	3.67926	12.502	31.6601
1399377626.162	n	12.2628	3.67925	12.490	31.6600
1399377626.224	n	12.2629	3.67924	12.473	31.6599
1399377626.287	n	12.2632	3.67924	12.456	31.6596
1399377626.350	n	12.2639	3.67925	12.441	31.6592
1399377626.411	n	12.2649	3.67925	12.426	31.6584
1399377626.474	n	12.2663	3.67926	12.409	31.6573
1399377626.536	n	12.2680	3.67927	12.395	31.6559
1399377626.599	n	12.2698	3.67927	12.378	31.6544
1399377626.663	n	12.2715	3.67927	12.360	31.6530
1399377626.725	n	12.2730	3.67926	12.344	31.6516
1399377626.786	n	12.2745	3.67927	12.329	31.6504
1399377626.850	n	12.2760	3.67927	12.311	31.6492
1399377626.912	n	12.2776	3.67928	12.294	31.6479
1399377627.079	y	12.2792	3.67927	12.274	31.6466
1399377627.085	n	12.2805	3.67927	12.257	31.6454
1399377627.100	n	12.2817	3.67927	12.240	31.6444
1399377627.162	n	12.2826	3.67927	12.224	31.6437
1399377627.225	n	12.2832	3.67928	12.204	31.6433
1399377627.286	n	12.2836	3.67928	12.187	31.6429
1399377627.349	n	12.2839	3.67928	12.169	31.6427
1399377627.411	n	12.2840	3.67927	12.151	31.6425
1399377627.473	n	12.2841	3.67927	12.129	31.6424
1399377627.537	n	12.2843	3.67927	12.110	31.6423
1399377627.600	n	12.2846	3.67928	12.090	31.6422
1399377627.661	n	12.2849	3.67929	12.071	31.6419
1399377627.724	n	12.2853	3.67929	12.057	31.6417
1399377627.786	n	12.2858	3.67930	12.035	31.6413
1399377627.851	n	12.2863	3.67930	12.013	31.6409
1399377627.913	n	12.2868	3.67931	11.992	31.6405
1399377627.975	n	12.2874	3.67930	11.972	31.6400
1399377628.037	n	12.2880	3.67929	11.948	31.6394
1399377628.100	n	12.2886	3.67929	11.933	31.6389
1399377628.161	n	12.2892	3.67929	11.915	31.6384
1399377628.225	n	12.2897	3.67929	11.894	31.6380
1399377628.287	n	12.2902	3.67930	11.875	31.6377
1399377628.350	n	12.2906	3.67930	11.851	31.6374
1399377628.411	n	12.2910	3.67929	11.827	31.6370
1399377628.474	n	12.2914	3.67929	11.807	31.6366
1399377628.537	n	12.2920	3.67929	11.788	31.6362
1399377628.599	n	12.2926	3.67930	11.765	31.6358
1399377628.661	y	12.2932	3.67930	11.743	31.6352
1399377628.724	n	12.2940	3.67930	11.725	31.6345
1399377628.786	n	12.2949	3.67929	11.699	31.6338
1399377628.848	n	12.2957	3.67930	11.680	31.6331
1399377628.912	n	12.2966	3.67930	11.658	31.6324
1399377628.974	n	12.2973	3.67930	11.637	31.6317
1399377629.036	n	12.2981	3.67930	11.616	31.6311
1399377629.100	n	12.2989	3.67930	11.592	31.6305
1399377629.161	n	12.2996	3.67931	11.568	31.6300
1399377629.224	n	12.3002	3.67932	11.546	31.6296
1399377629.286	n	12.3007	3.67933	11.525	31.6292
1399377629.349	n	12.3011	3.67933	11.503	31.6289
1399377629.413	n	12.3016	3.67933	11.480	31.6285
1399377629.473	n	12.3020	3.67932	11.459	31.6281
1399377629.537	n	12.3024	3.67931	11.436	31.6277
1399377629.598	n	12.3027	3.67930	11.413	31.6273
1399377629.661	n	12.3030	3.67930	11.392	31.6271
1399377629.725	n	12.3032	3.67931	11.371	31.6270
1399377629.786	n	12.3034	3.67932	11.349	31.6269
1399377629.849	n	12.3036	3.67932	11.325	31.6268
1399377629.912	n	12.3036	3.67931	11.299	31.6267
1399377629.974	n	12.3035	3.67929	11.275	31.6266
1399377630.036	n	12.3033	3.67928	11.258	31.6267
1399377630.099	n	12.3029	3.67927	11.234	31.6269
1399377630.162	n	12.3024	3.67927	11.207	31.6274
1399377630.224	n	12.3017	3.67927	11.188	31.6279
1399377630.287	n	12.3011	3.67927	11.164	31.6285
1399377630.349	n	12.3005	3.67927	11.143	31.6290
1399377630.412	n	12.3000	3.67927	11.123	31.6294
1399377630.475	n	12.2995	3.67926	11.098	31.6298
1399377630.537	n	12.2990	3.67925	11.077	31.6302
1399377630.598	n	12.2983	3.67925	11.051	31.6307
1399377630.662	n	12.2976	3.67925	11.029	31.6313
1399377630.724	n	12.2967	3.67924	11.005	31.6321
1399377630.786	n	12.2956	3.67924	10.984	31.6329
1399377630.849	n	12.2946	3.67924	10.962	31.6337
1399377630.911	n	12.2936	3.67923	10.938	31.6345
1399377630.974	n	12.2927	3.67922	10.914	31.6353
1399377631.036	n	12.2919	3.67922	10.891	31.6359
1399377631.098	n	12.2911	3.67922	10.868	31.6366
1399377631.162	n	12.2904	3.67922	10.846	31.6372
1399377631.405	y	12.2897	3.67922	10.823	31.6378
1399377631.414	n	12.2891	3.67922	10.797	31.6384
1399377631.421	n	12.2885	3.67922	10.774	31.6387
1399377631.427	n	12.2881	3.67921	10.755	31.6390
1399377631.473	n	12.2877	3.67919	10.730	31.6392
1399377631.536	n	12.2874	3.67918	10.705	31.6394
1399377631.598	n	12.2871	3.67917	10.686	31.6395
1399377631.662	n	12.2868	3.67916	10.663	31.6397
1399377631.725	n	12.2866	3.67917	10.638	31.6400
1399377631.787	n	12.2863	3.67918	10.614	31.6403
1399377631.850	n	12.2861	3.67919	10.588	31.6406
1399377631.912	n	12.2859	3.67918	10.565	31.6407
1399377631.974	n	12.2857	3.67917	10.544	31.6408
1399377632.036	n	12.2856	3.67916	10.520	31.6408
1399377632.100	n	12.2854	3.67916	10.499	31.6409
1399377632.161	n	12.2852	3.67915	10.478	31.6410
1399377632.224	n	12.2851	3.67915	10.454	31.6411
1399377632.286	n	12.2849	3.67915	10.430	31.6413
1399377632.348	y	12.2848	3.67915	10.407	31.6415
1399377632.412	n	12.2847	3.67916	10.386	31.6416
1399377632.474	n	12.2845	3.67917	10.365	31.6418
1399377632.536	n	12.2845	3.67918	10.342	31.6420
1399377632.598	n	12.2844	3.67918	10.317	31.6420
1399377632.662	n	12.2843	3.67917	10.296	31.6420
1399377632.724	n	12.2842	3.67917	10.275	31.6421
1399377632.787	n	12.2842	3.67917	10.251	31.6422
1399377632.850	n	12.2841	3.67918	10.228	31.6423
1399377632.911	n	12.2840	3.67918	10.204	31.6425
1399377632.975	n	12.2839	3.67917	10.184	31.6425
1399377633.037	n	12.2837	3.67916	10.161	31.6425
1399377633.099	n	12.2836	3.67915	10.141	31.6425
1399377633.163	n	12.2835	3.67914	10.117	31.6425
1399377633.223	n	12.2834	3.67914	10.093	31.6426
1399377633.287	n	12.2834	3.67913	10.069	31.6426
1399377633.349	n	12.2834	3.67913	10.047	31.6426
1399377633.412	n	12.2834	3.67914	10.025	31.6427
1399377633.475	n	12.2834	3.67915	10.005	31.6427
1399377633.537	n	12.2835	3.67916	9.985	31.6428
1399377633.600	n	12.2835	3.67916	9.960	31.6428
1399377633.662	n	12.2834	3.67916	9.941	31.6428
1399377633.724	n	12.2834	3.67915	9.915	31.6428
1399377633.787	n	12.2833	3.67916	9.893	31.6430
1399377633.850	n	12.2833	3.67917	9.875	31.6431
1399377633.913	n	12.2833	3.67918	9.850	31.6432
1399377633.974	n	12.2833	3.67919	9.831	31.6433
1399377634.037	n	12.2833	3.67919	9.807	31.6433
1399377634.098	n	12.2834	3.67919	9.785	31.6432
1399377634.162	n	12.2834	3.67919	9.764	31.6432
1399377634.224	n	12.2835	3.67919	9.741	31.6431
1399377634.286	n	12.2835	3.67919	9.724	31.6431
1399377634.349	n	12.2835	3.67919	9.703	31.6431
1399377634.411	n	12.2836	3.67918	9.682	31.6430
1399377634.475	n	12.2837	3.67917	9.659	31.6428
1399377634.537	n	12.2838	3.67916	9.635	31.6426
1399377634.598	n	12.2840	3.67917	9.615	31.6426
1399377634.661	n	12.2840	3.67917	9.598	31.6426
1399377634.724	n	12.2841	3.67918	9.577	31.6426
1399377634.787	n	12.2841	3.67918	9.557	31.6425
1399377634.850	n	12.2842	3.67917	9.537	31.6424
1399377634.911	n	12.2842	3.67916	9.516	31.6424
1399377634.973	n	12.2843	3.67917	9.496	31.6423
1399377635.037	n	12.2844	3.67918	9.477	31.6423
1399377635.098	n	12.2846	3.67919	9.453	31.6423
1399377635.162	n	12.2848	3.67919	9.433	31.6422
1399377635.225	n	12.2851	3.67920	9.418	31.6420
1399377635.286	n	12.2855	3.67919	9.398	31.6416
1399377635.349	n	12.2860	3.67919	9.378	31.6411
1399377635.413	n	12.2867	3.67919	9.359	31.6406
1399377635.604	y	12.2874	3.67919	9.339	31.6400
1399377635.612	n	12.2882	3.67920	9.321	31.6394
1399377635.623	n	12.2892	3.67920	9.302	31.6385
1399377635.661	n	12.2904	3.67920	9.287	31.6377
1399377635.723	n	12.2916	3.67922	9.268	31.6368
1399377635.786	n	12.2930	3.67923	9.252	31.6357
1399377635.848	n	12.2944	3.67924	9.235	31.6346
1399377635.914	n	12.2959	3.67924	9.217	31.6334
1399377635.989	y	12.2975	3.67925	9.202	31.6320
1399377636.078	y	12.2991	3.67925	9.188	31.6307
1399377636.099	n	12.3007	3.67926	9.170	31.6294
1399377636.163	n	12.3023	3.67925	9.153	31.6281
1399377636.225	n	12.3039	3.67925	9.137	31.6267
1399377636.287	n	12.3055	3.67925	9.121	31.6254
1399377636.348	n	12.3071	3.67925	9.107	31.6241
1399377636.412	n	12.3087	3.67926	9.094	31.6228
1399377636.474	n	12.3103	3.67927	9.080	31.6215
1399377636.536	n	12.3119	3.67928	9.066	31.6203
1399377636.600	n	12.3134	3.67929	9.056	31.6191
1399377636.662	n	12.3150	3.67930	9.041	31.6179
1399377636.724	n	12.3165	3.67929	9.026	31.6166
1399377636.787	n	12.3181	3.67930	9.009	31.6153
1399377636.848	n	12.3197	3.67931	8.998	31.6140
1399377636.913	n	12.3212	3.67932	8.988	31.6128
1399377636.974	n	12.3228	3.67933	8.971	31.6116
1399377637.037	n	12.3245	3.67933	8.959	31.6102
1399377637.100	n	12.3262	3.67932	8.945	31.6087
1399377637.162	n	12.3280	3.67932	8.935	31.6072
1399377637.224	n	12.3298	3.67932	8.921	31.6057
1399377637.287	n	12.3316	3.67933	8.908	31.6042
1399377637.350	n	12.3334	3.67934	8.898	31.6028
1399377637.412	n	12.3353	3.67936	8.886	31.6014
1399377637.474	n	12.3373	3.67937	8.879	31.5998
1399377637.536	n	12.3394	3.67936	8.865	31.5980
1399377637.599	n	12.3414	3.67936	8.852	31.5963
1399377637.661	n	12.3436	3.67936	8.842	31.5945
1399377637.724	n	12.3458	3.67937	8.829	31.5927
1399377637.788	n	12.3481	3.67938	8.820	31.5909
1399377637.851	n	12.3505	3.67939	8.808	31.5890
1399377637.911	n	12.3530	3.67940	8.796	31.5869
1399377637.973	n	12.3556	3.67941	8.784	31.5848
1399377638.037	n	12.3582	3.67942	8.775	31.5828
1399377638.099	n	12.3607	3.67943	8.765	31.5808
1399377638.162	n	12.3632	3.67945	8.755	31.5788
1399377638.225	n	12.3656	3.67946	8.742	31.5769
1399377638.287	n	12.3679	3.67946	8.730	31.5750
1399377638.351	n	12.3701	3.67946	8.721	31.5731
1399377638.411	n	12.3721	3.67946	8.710	31.5714
1399377638.474	n	12.3740	3.67946	8.700	31.5699
1399377638.537	n	12.3757	3.67947	8.689	31.5685
1399377638.600	n	12.3772	3.67947	8.678	31.5672
1399377638.663	n	12.3787	3.67947	8.666	31.5661
1399377638.725	n	12.3800	3.67948	8.655	31.5650
1399377638.786	n	12.3812	3.67948	8.646	31.5641
1399377638.848	n	12.3823	3.67949	8.636	31.5632
1399377638.911	n	12.3835	3.67950	8.622	31.5623
1399377638.975	n	12.3847	3.67952	8.615	31.5614
1399377639.037	n	12.3859	3.67952	8.597	31.5605
1399377639.098	n	12.3870	3.67952	8.587	31.5595
1399377639.162	n	12.3881	3.67951	8.578	31.5585
1399377639.225	n	12.3893	3.67951	8.563	31.5575
1399377639.287	n	12.3904	3.67950	8.549	31.5565
1399377639.348	n	12.3917	3.67951	8.542	31.5555
1399377639.412	n	12.3930	3.67951	8.531	31.5544
1399377639.475	n	12.3944	3.67951	8.517	31.5532
1399377639.537	n	12.3959	3.67952	8.506	31.5521
1399377639.676	y	12.3975	3.67954	8.492	31.5510
1399377639.680	n	12.3991	3.67956	8.478	31.5498
1399377639.808	y	12.4009	3.67956	8.466	31.5483
1399377639.815	n	12.4028	3.67957	8.453	31.5468
1399377639.852	n	12.4048	3.67957	8.441	31.5452
1399377639.913	n	12.4068	3.67957	8.425	31.5434
1399377639.974	n	12.4090	3.67957	8.409	31.5417
1399377640.037	n	12.4112	3.67958	8.398	31.5398
1399377640.100	n	12.4134	3.67958	8.380	31.5379
1399377640.162	n	12.4157	3.67959	8.367	31.5362
1399377640.224	n	12.4179	3.67960	8.357	31.5344
1399377640.287	n	12.4200	3.67960	8.339	31.5327
1399377640.350	n	12.4221	3.67960	8.323	31.5309
1399377640.412	n	12.4242	3.67961	8.312	31.5293
1399377640.473	n	12.4263	3.67962	8.295	31.5276
1399377640.537	n	12.4283	3.67962	8.279	31.5260
1399377640.599	n	12.4303	3.67963	8.263	31.5243
1399377640.663	n	12.4323	3.67962	8.245	31.5226
1399377640.724	n	12.4343	3.67963	8.231	31.5210
1399377640.786	n	12.4363	3.67964	8.213	31.5194
1399377640.850	n	12.4383	3.67965	8.196	31.5178
1399377640.913	n	12.4403	3.67965	8.178	31.5162
1399377640.975	n	12.4424	3.67966	8.161	31.5145
1399377641.037	n	12.4445	3.67966	8.142	31.5128
1399377641.100	n	12.4466	3.67966	8.124	31.5110
1399377641.162	n	12.4488	3.67967	8.105	31.5093
1399377641.224	n	12.4509	3.67968	8.086	31.5076
1399377641.287	n	12.4531	3.67968	8.069	31.5057
1399377641.350	n	12.4553	3.67967	8.052	31.5039
1399377641.411	n	12.4575	3.67968	8.032	31.5021
1399377641.474	n	12.4596	3.67967	8.015	31.5003
1399377641.536	n	12.4618	3.67968	7.995	31.4985
1399377641.600	n	12.4639	3.67969	7.974	31.4968
1399377641.662	n	12.4660	3.67970	7.955	31.4952
1399377641.725	n	12.4681	3.67970	7.937	31.4935
1399377641.787	n	12.4702	3.67971	7.921	31.4918
1399377641.850	n	12.4722	3.67971	7.898	31.4901
1399377641.911	n	12.4742	3.67972	7.881	31.4885
1399377641.973	n	12.4762	3.67972	7.863	31.4869
1399377642.037	n	12.4781	3.67974	7.843	31.4854
1399377642.099	n	12.4800	3.67974	7.822	31.4839
1399377642.161	y	12.4819	3.67975	7.800	31.4824
1399377642.226	n	12.4836	3.67975	7.784	31.4809
1399377642.286	n	12.4854	3.67974	7.766	31.4795
1399377642.349	n	12.4870	3.67974	7.746	31.4781
1399377642.413	n	12.4887	3.67976	7.723	31.4768
1399377642.475	n	12.4904	3.67977	7.707	31.4755
1399377642.536	n	12.4920	3.67977	7.685	31.4742
1399377642.599	n	12.4935	3.67977	7.668	31.4729
1399377642.663	n	12.4951	3.67977	7.648	31.4716
1399377642.724	n	12.4966	3.67978	7.631	31.4704
1399377642.787	n	12.4981	3.67978	7.607	31.4692
1399377642.850	n	12.4996	3.67978	7.590	31.4680
1399377642.911	n	12.5010	3.67977	7.567	31.4667
1399377642.975	n	12.5031	3.67981	7.549	31.4654
1399377643.037	n	12.5116	3.67995	7.530	31.4595
1399377643.098	n	12.5329	3.67930	7.510	31.4356
1399377643.162	n	12.5663	3.67733	7.493	31.3890
1399377643.224	n	12.6055	3.67441	7.474	31.3286
1399377643.351	y	12.6412	3.67129	7.451	31.2695
1399377643.359	n	12.6654	3.66890	7.431	31.2268
1399377643.413	n	12.6785	3.66796	7.412	31.2071
1399377643.473	n	12.6855	3.66791	7.393	31.2009
1399377643.537	n	12.6896	3.66806	7.377	31.1988
1399377643.599	n	12.6923	3.66822	7.358	31.1981
1399377643.662	n	12.6938	3.66836	7.338	31.1982
1399377643.724	n	12.6947	3.66851	7.320	31.1989
1399377643.786	n	12.6957	3.66868	7.294	31.1997
1399377643.850	n	12.6969	3.66888	7.276	31.2006
1399377643.913	n	12.6985	3.66910	7.258	31.2013
1399377644.031	y	12.7004	3.66931	7.238	31.2018
1399377644.038	n	12.7015	3.66951	7.218	31.2028
1399377644.099	n	12.7015	3.66968	7.198	31.2044
1399377644.161	n	12.7009	3.66980	7.177	31.2060
1399377644.225	n	12.7005	3.66986	7.150	31.2070
1399377644.286	n	12.7008	3.66989	7.133	31.2070
1399377644.349	n	12.7021	3.66990	7.115	31.2060
1399377644.412	n	12.7037	3.66989	7.091	31.2045
1399377644.474	n	12.7048	3.66984	7.075	31.2033
1399377644.536	n	12.7050	3.66978	7.057	31.2025
1399377644.599	n	12.7041	3.66971	7.035	31.2026
1399377644.661	n	12.7019	3.66964	7.012	31.2037
1399377644.724	n	12.6992	3.66958	6.993	31.2054
1399377644.786	n	12.6967	3.66951	6.973	31.2069
1399377644.850	n	12.6948	3.66946	6.949	31.2079
1399377644.912	n	12.6941	3.66942	6.928	31.2081
1399377644.974	n	12.6951	3.66940	6.908	31.2072
1399377645.036	n	12.6975	3.66943	6.887	31.2054
1399377645.100	n	12.7008	3.66947	6.865	31.2030
1399377645.161	n	12.7044	3.66953	6.845	31.2007
1399377645.224	n	12.7076	3.66961	6.823	31.1988
1399377645.286	n	12.7105	3.66975	6.801	31.1978
1399377645.349	n	12.7135	3.66997	6.779	31.1974
1399377645.413	n	12.7166	3.67025	6.757	31.1975
1399377645.475	n	12.7195	3.67055	6.737	31.1979
1399377645.536	n	12.7218	3.67084	6.713	31.1987
1399377645.600	n	12.7232	3.67107	6.692	31.1997
1399377645.663	n	12.7239	3.67123	6.671	31.2007
1399377645.725	n	12.7237	3.67131	6.649	31.2016
1399377645.787	n	12.7229	3.67132	6.626	31.2025
1399377645.848	n	12.7218	3.67129	6.604	31.2030
1399377645.912	n	12.7216	3.67132	6.582	31.2035
1399377645.973	n	12.7234	3.67150	6.562	31.2037
1399377646.038	n	12.7278	3.67184	6.538	31.2033
1399377646.099	n	12.7337	3.67232	6.515	31.2029
1399377646.163	n	12.7397	3.67281	6.495	31.2026
1399377646.225	n	12.7445	3.67320	6.471	31.2023
1399377646.287	n	12.7474	3.67345	6.452	31.2023
1399377646.348	n	12.7489	3.67357	6.429	31.2022
1399377646.412	n	12.7494	3.67359	6.407	31.2021
1399377646.474	n	12.7493	3.67356	6.385	31.2018
1399377646.537	n	12.7491	3.67350	6.366	31.2015
1399377646.601	n	12.7488	3.67344	6.343	31.2010
1399377646.662	n	12.7487	3.67338	6.323	31.2007
1399377646.725	n	12.7487	3.67335	6.300	31.2004
1399377646.786	n	12.7490	3.67336	6.279	31.2002
1399377646.852	n	12.7498	3.67343	6.257	31.2003
1399377646.990	y	12.7508	3.67354	6.234	31.2004
1399377646.996	n	12.7520	3.67364	6.217	31.2004
1399377647.037	n	12.7532	3.67373	6.193	31.2003
1399377647.100	n	12.7544	3.67380	6.172	31.2000
1399377647.162	n	12.7560	3.67391	6.151	31.1997
1399377647.224	n	12.7580	3.67407	6.130	31.1995
1399377647.287	n	12.7602	3.67425	6.111	31.1995
1399377647.349	n	12.7622	3.67443	6.084	31.1995
1399377647.412	n	12.7637	3.67457	6.064	31.1995
1399377647.474	n	12.7647	3.67466	6.040	31.1996
1399377647.536	n	12.7650	3.67471	6.020	31.1999
1399377647.600	n	12.7648	3.67473	5.999	31.2001
1399377647.662	n	12.7645	3.67473	5.978	31.2004
1399377647.723	n	12.7643	3.67472	5.958	31.2005
1399377647.787	n	12.7645	3.67471	5.937	31.2004
1399377647.850	n	12.7649	3.67473	5.915	31.2002
1399377647.914	n	12.7654	3.67476	5.893	31.2000
1399377647.974	n	12.7660	3.67479	5.875	31.1998
1399377648.036	n	12.7667	3.67482	5.855	31.1996
1399377648.099	n	12.7673	3.67486	5.834	31.1994
1399377648.163	n	12.7678	3.67490	5.815	31.1994
1399377648.294	y	12.7684	3.67494	5.796	31.1993
1399377648.300	n	12.7690	3.67498	5.770	31.1992
1399377648.349	n	12.7694	3.67500	5.750	31.1990
1399377648.413	n	12.7700	3.67504	5.730	31.1989
1399377648.475	n	12.7706	3.67509	5.711	31.1989
1399377648.537	n	12.7714	3.67516	5.690	31.1990
1399377648.598	n	12.7726	3.67527	5.666	31.1990
1399377648.662	n	12.7741	3.67535	5.643	31.1986
1399377648.723	n	12.7756	3.67540	5.623	31.1977
1399377648.786	n	12.7771	3.67541	5.605	31.1967
1399377648.849	n	12.7782	3.67544	5.588	31.1960
1399377648.913	n	12.7791	3.67552	5.566	31.1960
1399377648.975	n	12.7817	3.67568	5.547	31.1954
1399377649.037	n	12.7864	3.67593	5.528	31.1939
1399377649.099	n	12.7961	3.67630	5.506	31.1894
1399377649.163	n	12.8130	3.67682	5.488	31.1803
1399377649.225	n	12.8329	3.67739	5.472	31.1693
1399377649.287	n	12.8498	3.67788	5.455	31.1599
1399377649.349	n	12.8611	3.67821	5.438	31.1537
1399377649.412	n	12.8679	3.67836	5.417	31.1496
1399377649.474	n	12.8758	3.67841	5.400	31.1436
1399377649.537	n	12.8894	3.67843	5.384	31.1325
1399377649.601	n	12.9075	3.67840	5.367	31.1174
1399377649.662	n	12.9256	3.67821	5.351	31.1007
1399377649.725	n	12.9401	3.67786	5.334	31.0855
1399377649.787	n	12.9509	3.67739	5.316	31.0723
1399377649.848	n	12.9589	3.67683	5.298	31.0605
1399377649.912	n	12.9649	3.67621	5.282	31.0498
1399377649.975	n	12.9692	3.67556	5.266	31.0401
1399377650.036	n	12.9723	3.67493	5.246	31.0316
1399377650.098	n	12.9744	3.67442	5.233	31.0251
1399377650.162	n	12.9757	3.67413	5.217	31.0214
1399377650.223	n	12.9764	3.67405	5.201	31.0201
1399377650.288	n	12.9769	3.67407	5.186	31.0199
1399377650.349	n	12.9773	3.67410	5.170	31.0198
1399377650.414	n	12.9776	3.67409	5.155	31.0195
1399377650.475	n	12.9776	3.67407	5.140	31.0192
1399377650.537	n	12.9775	3.67402	5.125	31.0189
1399377650.631	y	12.9774	3.67399	5.110	31.0187
1399377650.661	n	12.9773	3.67396	5.097	31.0186
1399377650.725	n	12.9769	3.67390	5.083	31.0183
1399377650.787	n	12.9762	3.67378	5.068	31.0178
1399377650.849	n	12.9753	3.67366	5.053	31.0174
1399377650.912	n	12.9744	3.67354	5.041	31.0170
1399377650.973	n	12.9738	3.67347	5.030	31.0168
1399377651.037	n	12.9736	3.67343	5.016	31.0166
1399377651.101	n	12.9736	3.67343	5.000	31.0166
1399377651.163	n	12.9736	3.67342	4.989	31.0166
1399377651.223	n	12.9734	3.67341	4.974	31.0166
1399377651.286	n	12.9732	3.67338	4.964	31.0165
1399377651.349	n	12.9729	3.67332	4.950	31.0162
1399377651.413	n	12.9726	3.67325	4.936	31.0158
1399377651.475	n	12.9723	3.67318	4.924	31.0153
1399377651.537	n	12.9723	3.67315	4.912	31.0150
1399377651.598	n	12.9724	3.67314	4.896	31.0149
1399377651.662	n	12.9725	3.67315	4.885	31.0149
1399377651.724	n	12.9726	3.67316	4.870	31.0150
1399377651.787	n	12.9725	3.67317	4.858	31.0151
1399377651.849	n	12.9723	3.67317	4.846	31.0153
1399377651.912	n	12.9722	3.67318	4.834	31.0155
1399377651.974	n	12.9722	3.67319	4.818	31.0155
1399377652.036	n	12.9723	3.67319	4.807	31.0155
1399377652.099	n	12.9725	3.67321	4.795	31.0156
1399377652.162	y	12.9728	3.67326	4.784	31.0158
1399377652.257	n	12.9735	3.67338	4.769	31.0163
1399377652.287	n	12.9747	3.67354	4.757	31.0168
1399377652.349	n	12.9762	3.67370	4.747	31.0171
1399377652.413	n	12.9777	3.67382	4.735	31.0171
1399377652.546	y	12.9786	3.67386	4.725	31.0167
1399377652.551	n	12.9788	3.67382	4.710	31.0162
1399377652.599	n	12.9783	3.67373	4.695	31.0157
1399377652.662	n	12.9774	3.67361	4.684	31.0153
1399377652.724	n	12.9763	3.67349	4.676	31.0151
1399377652.786	n	12.9754	3.67343	4.666	31.0153
1399377652.850	n	12.9752	3.67343	4.654	31.0154
1399377652.913	n	12.9757	3.67348	4.637	31.0155
1399377652.974	n	12.9767	3.67357	4.626	31.0155
1399377653.036	n	12.9779	3.67366	4.615	31.0154
1399377653.100	n	12.9788	3.67374	4.602	31.0154
1399377653.162	n	12.9794	3.67380	4.589	31.0155
1399377653.224	n	12.9796	3.67380	4.576	31.0154
1399377653.287	n	12.9794	3.67377	4.562	31.0152
1399377653.350	n	12.9791	3.67373	4.548	31.0151
1399377653.411	n	12.9787	3.67366	4.539	31.0148
1399377653.474	n	12.9784	3.67360	4.528	31.0145
1399377653.537	n	12.9781	3.67355	4.515	31.0143
1399377653.599	n	12.9779	3.67352	4.500	31.0141
1399377653.662	n	12.9777	3.67350	4.488	31.0141
1399377653.723	n	12.9776	3.67349	4.474	31.0142
1399377653.787	n	12.9774	3.67349	4.459	31.0143
1399377653.849	n	12.9772	3.67347	4.448	31.0143
1399377653.912	n	12.9769	3.67343	4.431	31.0141
1399377653.974	n	12.9766	3.67338	4.418	31.0139
1399377654.036	n	12.9763	3.67334	4.402	31.0138
1399377654.100	n	12.9760	3.67328	4.391	31.0135
1399377654.162	n	12.9753	3.67316	4.378	31.0129
1399377654.225	n	12.9734	3.67289	4.359	31.0120
1399377654.293	y	12.9691	3.67209	4.343	31.0080
1399377654.349	n	12.9621	3.67058	4.333	30.9996
1399377654.411	n	12.9540	3.66876	4.316	30.9891
1399377654.474	n	12.9478	3.66745	4.300	30.9819
1399377654.537	n	12.9440	3.66691	4.284	30.9799
1399377654.599	n	12.9421	3.66694	4.266	30.9818
1399377654.663	n	12.9405	3.66693	4.254	30.9830
1399377654.725	n	12.9387	3.66649	4.235	30.9804
1399377654.787	n	12.9370	3.66573	4.217	30.9745
1399377654.849	n	12.9366	3.66512	4.203	30.9691
1399377654.912	n	12.9367	3.66472	4.182	30.9654
1399377654.973	n	12.9363	3.66437	4.165	30.9624
1399377655.037	n	12.9354	3.66404	4.151	30.9601
1399377655.100	n	12.9352	3.66393	4.137	30.9592
1399377655.161	n	12.9369	3.66426	4.121	30.9609
1399377655.225	n	12.9399	3.66490	4.100	30.9645
1399377655.287	n	12.9418	3.66540	4.084	30.9676
1399377655.349	n	12.9409	3.66537	4.069	30.9680
1399377655.412	n	12.9373	3.66471	4.049	30.9648
1399377655.475	n	12.9332	3.66376	4.034	30.9592
1399377655.536	n	12.9313	3.66308	4.019	30.9545
1399377655.600	n	12.9325	3.66301	4.002	30.9528
1399377655.661	n	12.9347	3.66333	3.988	30.9540
1399377655.725	n	12.9357	3.66361	3.972	30.9559
1399377655.788	n	12.9347	3.66357	3.956	30.9563
1399377655.849	n	12.9324	3.66332	3.939	30.9558
1399377655.913	n	12.9304	3.66309	3.924	30.9553
1399377655.973	n	12.9294	3.66277	3.906	30.9532
1399377656.037	n	12.9284	3.66223	3.897	30.9489
1399377656.100	n	12.9273	3.66152	3.879	30.9432
1399377656.161	n	12.9253	3.66079	3.862	30.9379
1399377656.223	n	12.9225	3.66029	3.849	30.9355
1399377656.288	n	12.9196	3.66014	3.830	30.9364
1399377656.350	n	12.9167	3.65993	3.815	30.9369
1399377656.411	n	12.9136	3.65947	3.801	30.9350
1399377656.475	n	12.9112	3.65896	3.784	30.9322
1399377656.536	n	12.9096	3.65857	3.769	30.9299
1399377656.600	n	12.9087	3.65840	3.751	30.9290
1399377656.661	n	12.9082	3.65836	3.740	30.9291
1399377656.819	y	12.9081	3.65837	3.723	30.9293
1399377656.825	n	12.9080	3.65831	3.707	30.9288
1399377656.850	n	12.9083	3.65846	3.691	30.9300
1399377656.913	n	12.9091	3.65888	3.675	30.9333
1399377656.973	n	12.9103	3.65946	3.659	30.9377
1399377657.036	n	12.9114	3.66006	3.643	30.9425
1399377657.100	n	12.9123	3.66053	3.629	30.9462
1399377657.161	n	12.9126	3.66066	3.612	30.9471
1399377657.223	n	12.9128	3.66053	3.596	30.9458
1399377657.286	n	12.9132	3.66026	3.581	30.9430
1399377657.350	n	12.9136	3.65990	3.565	30.9392
1399377657.411	n	12.9135	3.65952	3.553	30.9357
1399377657.475	n	12.9125	3.65921	3.535	30.9336
1399377657.538	n	12.9110	3.65906	3.517	30.9335
1399377657.600	n	12.9094	3.65901	3.501	30.9344
1399377657.661	n	12.9085	3.65903	3.488	30.9353
1399377657.725	n	12.9086	3.65906	3.471	30.9355
1399377657.787	n	12.9095	3.65907	3.454	30.9348
1399377657.850	n	12.9107	3.65906	3.441	30.9337
1399377657.911	n	12.9118	3.65911	3.424	30.9333
1399377658.000	y	12.9124	3.65917	3.412	30.9334
1399377658.037	n	12.9124	3.65919	3.396	30.9336
1399377658.099	n	12.9121	3.65916	3.382	30.9335
1399377658.163	n	12.9116	3.65911	3.368	30.9334
1399377658.223	n	12.9111	3.65908	3.351	30.9336
1399377658.287	n	12.9104	3.65908	3.335	30.9342
1399377658.351	n	12.9093	3.65907	3.319	30.9350
1399377658.412	n	12.9075	3.65897	3.309	30.9355
1399377658.474	n	12.9051	3.65881	3.291	30.9361
1399377658.536	n	12.9025	3.65861	3.277	30.9362
1399377658.601	n	12.9001	3.65826	3.261	30.9349
1399377658.662	n	12.8986	3.65773	3.246	30.9312
1399377658.724	n	12.8983	3.65703	3.231	30.9249
1399377658.787	n	12.8987	3.65625	3.216	30.9173
1399377658.850	n	12.8990	3.65550	3.202	30.9100
1399377658.912	n	12.8990	3.65490	3.186	30.9043
1399377658.973	n	12.8987	3.65453	3.167	30.9011
1399377659.037	n	12.8982	3.65435	3.150	30.8997
1399377659.100	n	12.8973	3.65416	3.136	30.8988
1399377659.163	n	12.8952	3.65383	3.120	30.8974
1399377659.224	n	12.8912	3.65327	3.105	30.8954
1399377659.287	n	12.8860	3.65256	3.091	30.8930
1399377659.349	n	12.8811	3.65195	3.075	30.8912
1399377659.412	n	12.8777	3.65159	3.060	30.8907
1399377659.474	n	12.8760	3.65144	3.043	30.8906
1399377659.537	n	12.8757	3.65145	3.027	30.8909
1399377659.601	n	12.8759	3.65154	3.010	30.8916
1399377659.662	n	12.8763	3.65163	2.993	30.8922
1399377659.724	n	12.8767	3.65170	2.977	30.8926
1399377659.786	n	12.8768	3.65176	2.962	30.8930
1399377659.849	n	12.8769	3.65181	2.944	30.8934
1399377659.911	n	12.8769	3.65187	2.931	30.8939
1399377659.974	n	12.8770	3.65192	2.916	30.8943
1399377660.036	n	12.8772	3.65192	2.893	30.8943
1399377660.098	n	12.8773	3.65192	2.878	30.8941
1399377660.162	n	12.8774	3.65191	2.862	30.8940
1399377660.224	n	12.8774	3.65191	2.846	30.8940
1399377660.286	n	12.8769	3.65186	2.827	30.8940
1399377660.349	n	12.8758	3.65171	2.808	30.8934
1399377660.413	n	12.8743	3.65147	2.790	30.8924
1399377660.474	n	12.8727	3.65118	2.772	30.8909
1399377660.537	n	12.8713	3.65084	2.757	30.8889
1399377660.599	n	12.8700	3.65053	2.738	30.8871
1399377660.662	n	12.8686	3.65026	2.719	30.8857
1399377660.724	n	12.8670	3.64997	2.703	30.8843
1399377660.786	n	12.8653	3.64970	2.684	30.8832
1399377660.849	n	12.8638	3.64950	2.669	30.8824
1399377660.912	n	12.8627	3.64934	2.649	30.8819
1399377661.042	y	12.8616	3.64917	2.630	30.8812
1399377661.051	n	12.8608	3.64898	2.611	30.8801
1399377661.102	n	12.8602	3.64872	2.592	30.8781
1399377661.163	n	12.8599	3.64849	2.575	30.8762
1399377661.224	n	12.8601	3.64839	2.553	30.8750
1399377661.287	n	12.8605	3.64841	2.534	30.8749
1399377661.349	n	12.8607	3.64845	2.516	30.8752
1399377661.412	n	12.8606	3.64845	2.495	30.8753
1399377661.473	n	12.8603	3.64837	2.478	30.8749
1399377661.537	y	12.8598	3.64825	2.453	30.8741
1399377661.599	n	12.8592	3.64812	2.433	30.8733
1399377661.661	n	12.8587	3.64799	2.412	30.8725
1399377661.724	n	12.8587	3.64795	2.390	30.8721
1399377661.788	n	12.8596	3.64810	2.374	30.8729
1399377661.850	n	12.8613	3.64847	2.349	30.8750
1399377661.913	n	12.8629	3.64882	2.332	30.8770
1399377661.974	n	12.8640	3.64903	2.309	30.8780
1399377662.036	n	12.8643	3.64906	2.284	30.8781
1399377662.099	n	12.8637	3.64894	2.261	30.8775
1399377662.162	n	12.8625	3.64871	2.243	30.8763
1399377662.225	n	12.8608	3.64838	2.222	30.8745
1399377662.287	n	12.8587	3.64787	2.200	30.8716
1399377662.350	n	12.8565	3.64729	2.179	30.8678
1399377662.413	n	12.8550	3.64682	2.162	30.8647
1399377662.474	n	12.8542	3.64660	2.137	30.8633
1399377662.538	n	12.8543	3.64664	2.113	30.8635
1399377662.601	n	12.8549	3.64680	2.091	30.8646
1399377662.662	n	12.8553	3.64694	2.069	30.8656
1399377662.725	n	12.8552	3.64694	2.046	30.8657
1399377662.786	n	12.8544	3.64674	2.027	30.8645
1399377662.851	n	12.8532	3.64642	2.006	30.8624
1399377662.912	n	12.8521	3.64616	1.984	30.8609
1399377662.974	n	12.8516	3.64606	1.961	30.8604
1399377663.037	n	12.8517	3.64611	1.942	30.8608
1399377663.100	n	12.8520	3.64625	1.920	30.8618
1399377663.163	n	12.8525	3.64638	1.901	30.8627
1399377663.225	n	12.8529	3.64647	1.883	30.8631
1399377663.287	n	12.8535	3.64646	1.860	30.8626
1399377663.349	n	12.8540	3.64640	1.843	30.8616
1399377663.411	n	12.8543	3.64631	1.826	30.8606
1399377663.475	n	12.8542	3.64625	1.808	30.8601
1399377663.537	n	12.8538	3.64626	1.789	30.8605
1399377663.600	n	12.8537	3.64633	1.773	30.8613
1399377663.661	n	12.8537	3.64636	1.760	30.8615
1399377663.724	n	12.8538	3.64628	1.746	30.8608
1399377663.786	n	12.8536	3.64613	1.730	30.8595
1399377663.851	n	12.8526	3.64592	1.716	30.8584
1399377663.912	n	12.8505	3.64570	1.708	30.8579
1399377663.975	n	12.8479	3.64549	1.690	30.8581
1399377664.037	n	12.8456	3.64539	1.675	30.8591
1399377664.100	n	12.8447	3.64550	1.665	30.8609
1399377664.162	n	12.8458	3.64585	1.652	30.8632
1399377664.225	n	12.8484	3.64635	1.641	30.8658
1399377664.287	n	12.8512	3.64680	1.630	30.8679
1399377664.350	n	12.8525	3.64700	1.619	30.8686
1399377664.411	n	12.8507	3.64673	1.607	30.8675
1399377664.474	n	12.8461	3.64584	1.598	30.8630
1399377664.538	n	12.8406	3.64448	1.585	30.8547
1399377664.601	n	12.8355	3.64313	1.577	30.8461
1399377664.663	n	12.8323	3.64221	1.566	30.8401
1399377664.725	n	12.8320	3.64201	1.556	30.8384
1399377664.787	n	12.8338	3.64246	1.550	30.8412
1399377664.851	n	12.8363	3.64314	1.539	30.8456
1399377664.912	n	12.8390	3.64362	1.527	30.8479
1399377664.974	n	12.8406	3.64371	1.514	30.8474
1399377665.036	n	12.8406	3.64325	1.501	30.8430
1399377665.099	n	12.8391	3.64244	1.490	30.8368
1399377665.163	n	12.8359	3.64152	1.478	30.8306
1399377665.297	y	12.8313	3.64051	1.466	30.8250
1399377665.363	y	12.8258	3.63956	1.451	30.8205
1399377665.369	n	12.8204	3.63874	1.438	30.8172
1399377665.413	n	12.8164	3.63808	1.427	30.8142
1399377665.474	n	12.8138	3.63770	1.412	30.8128
1399377665.536	n	12.8124	3.63760	1.397	30.8130
1399377665.598	n	12.8117	3.63754	1.381	30.8130
1399377665.663	n	12.8112	3.63746	1.366	30.8126
1399377665.725	n	12.8108	3.63737	1.351	30.8121
1399377665.851	y	12.8104	3.63733	1.340	30.8120
1399377665.859	n	12.8101	3.63730	1.324	30.8121
1399377665.912	n	12.8099	3.63729	1.305	30.8121
1399377665.975	n	12.8099	3.63726	1.292	30.8118
1399377666.037	n	12.8101	3.63723	1.280	30.8115
1399377666.100	n	12.8103	3.63724	1.266	30.8113
1399377666.162	n	12.8104	3.63726	1.252	30.8114
1399377666.225	n	12.8103	3.63727	1.240	30.8116
1399377666.287	n	12.8102	3.63727	1.228	30.8117
1399377666.350	n	12.8102	3.63726	1.218	30.8117
1399377666.411	n	12.8103	3.63727	1.208	30.8116
1399377666.475	n	12.8105	3.63727	1.198	30.8116
1399377666.537	n	12.8107	3.63728	1.185	30.8115
1399377666.600	n	12.8108	3.63731	1.175	30.8116
1399377666.661	n	12.8108	3.63732	1.161	30.8118
1399377666.724	n	12.8107	3.63733	1.151	30.8119
1399377666.787	n	12.8105	3.63730	1.139	30.8118
1399377666.853	n	12.8102	3.63726	1.129	30.8117
1399377666.913	n	12.8100	3.63723	1.117	30.8115
1399377666.973	n	12.8099	3.63726	1.104	30.8119
1399377667.036	n	12.8102	3.63735	1.094	30.8125
1399377667.101	n	12.8106	3.63749	1.080	30.8134
1399377667.162	n	12.8113	3.63763	1.069	30.8143
1399377667.225	n	12.8118	3.63772	1.053	30.8148
1399377667.287	n	12.8121	3.63776	1.040	30.8149
1399377667.350	n	12.8124	3.63782	1.025	30.8152
1399377667.414	n	12.8129	3.63793	1.017	30.8158
1399377667.474	n	12.8136	3.63810	1.002	30.8169
1399377667.536	n	12.8142	3.63829	0.993	30.8182
1399377667.601	n	12.8147	3.63842	0.983	30.8189
1399377667.662	n	12.8151	3.63850	0.971	30.8194
1399377667.725	n	12.8153	3.63856	0.956	30.8198
1399377667.787	n	12.8154	3.63862	0.945	30.8204
1399377667.853	n	12.8153	3.63863	0.934	30.8205
1399377667.912	n	12.8150	3.63857	0.923	30.8202
1399377667.974	n	12.8146	3.63843	0.911	30.8192
1399377668.036	n	12.8142	3.63828	0.898	30.8181
1399377668.099	n	12.8140	3.63816	0.889	30.8171
1399377668.163	n	12.8139	3.63809	0.878	30.8165
1399377668.224	n	12.8138	3.63803	0.865	30.8161
1399377668.287	n	12.8137	3.63799	0.855	30.8159
1399377668.349	n	12.8134	3.63796	0.843	30.8157
1399377668.413	n	12.8132	3.63793	0.828	30.8156
1399377668.475	n	12.8131	3.63790	0.811	30.8155
1399377668.538	n	12.8130	3.63789	0.799	30.8154
1399377668.600	n	12.8129	3.63787	0.783	30.8153
1399377668.662	n	12.8128	3.63785	0.769	30.8152
1399377668.724	n	12.8126	3.63779	0.754	30.8148
1399377668.787	n	12.8125	3.63768	0.736	30.8139
1399377668.849	n	12.8125	3.63757	0.723	30.8128
1399377668.911	y	12.8126	3.63744	0.708	30.8116
1399377668.980	n	12.8126	3.63738	0.692	30.8110
1399377669.036	n	12.8125	3.63740	0.681	30.8113
1399377669.099	n	12.8122	3.63746	0.671	30.8120
1399377669.163	n	12.8119	3.63751	0.660	30.8128
1399377669.225	n	12.8117	3.63757	0.649	30.8135
1399377669.287	n	12.8118	3.63759	0.641	30.8137
1399377669.351	n	12.8122	3.63767	0.632	30.8140
1399377669.413	n	12.8127	3.63778	0.624	30.8148
1399377669.586	y	12.8128	3.63788	0.616	30.8156
1399377669.594	n	12.8126	3.63793	0.609	30.8162
1399377669.601	n	12.8120	3.63790	0.603	30.8164
1399377669.663	n	12.8115	3.63781	0.595	30.8160
1399377669.725	n	12.8114	3.63773	0.587	30.8154
1399377669.786	n	12.8114	3.63769	0.581	30.8149
1399377669.850	n	12.8116	3.63767	0.574	30.8145
