Source File: D:\Storage\Programs\OOI\Group 5\Correspondence\07_18_14 sample files\files\11269999.PPB
Processed: 07/18/2014 12:28:03
Using Version: 1.11
Device: CTD
Start Date: 05/06/2014
Timestamp (s)	Suspect Timestamp	Temperature	Conductivity	Pressure	Salinity
1399420782.682	y	12.0368	3.67433	22.393	31.8007
1399420782.745	n	12.0368	3.67434	22.400	31.8008
1399420782.808	n	12.0367	3.67431	22.404	31.8006
1399420782.872	n	12.0368	3.67433	22.393	31.8007
1399420782.935	n	12.0367	3.67434	22.400	31.8008
1399420782.996	n	12.0367	3.67436	22.409	31.8010
1399420783.059	n	12.0367	3.67436	22.412	31.8010
1399420783.123	n	12.0368	3.67433	22.404	31.8006
1399420783.186	n	12.0368	3.67433	22.407	31.8007
1399420783.248	n	12.0367	3.67434	22.408	31.8008
1399420783.311	n	12.0367	3.67434	22.409	31.8009
1399420783.372	n	12.0366	3.67434	22.412	31.8010
1399420783.435	n	12.0366	3.67434	22.416	31.8010
1399420783.498	n	12.0365	3.67434	22.421	31.8010
1399420783.560	n	12.0365	3.67434	22.423	31.8010
1399420783.622	n	12.0364	3.67434	22.430	31.8011
1399420783.685	n	12.0364	3.67434	22.432	31.8011
1399420783.747	n	12.0363	3.67434	22.433	31.8011
1399420783.809	n	12.0363	3.67433	22.437	31.8011
1399420783.873	n	12.0362	3.67433	22.441	31.8012
1399420783.935	n	12.0362	3.67433	22.445	31.8012
1399420783.997	n	12.0362	3.67433	22.445	31.8012
1399420784.060	n	12.0362	3.67433	22.448	31.8012
1399420784.121	n	12.0362	3.67432	22.451	31.8011
1399420784.184	n	12.0362	3.67432	22.454	31.8011
1399420785.259	n	12.0362	3.67432	22.455	31.8011
1399420785.279	n	12.0362	3.67432	22.457	31.8011
1399420785.298	n	12.0361	3.67434	22.463	31.8013
1399420785.312	n	12.0361	3.67435	22.465	31.8014
1399420785.321	n	12.0361	3.67434	22.467	31.8014
1399420785.326	n	12.0360	3.67434	22.469	31.8014
1399420785.332	n	12.0360	3.67434	22.470	31.8014
1399420785.337	n	12.0359	3.67433	22.470	31.8014
1399420785.343	n	12.0358	3.67434	22.473	31.8015
1399420785.349	n	12.0358	3.67434	22.473	31.8016
1399420785.354	n	12.0358	3.67434	22.476	31.8016
1399420785.360	n	12.0358	3.67433	22.480	31.8015
1399420785.365	n	12.0358	3.67433	22.480	31.8015
1399420785.370	n	12.0358	3.67432	22.482	31.8014
1399420785.376	n	12.0358	3.67432	22.481	31.8015
1399420785.381	n	12.0357	3.67432	22.480	31.8015
1399420785.386	n	12.0357	3.67433	22.482	31.8016
1399420785.390	n	12.0356	3.67433	22.482	31.8016
1399420785.395	n	12.0356	3.67433	22.481	31.8016
1399420785.434	n	12.0356	3.67432	22.480	31.8016
1399420785.499	n	12.0356	3.67432	22.479	31.8016
1399420785.559	n	12.0356	3.67432	22.481	31.8016
1399420785.623	n	12.0355	3.67432	22.484	31.8016
1399420785.685	n	12.0354	3.67432	22.483	31.8017
1399420785.747	n	12.0354	3.67432	22.479	31.8017
1399420785.810	n	12.0354	3.67432	22.480	31.8018
1399420785.873	n	12.0354	3.67431	22.480	31.8017
1399420785.935	n	12.0354	3.67431	22.480	31.8017
1399420786.002	n	12.0354	3.67432	22.479	31.8017
1399420786.060	n	12.0354	3.67432	22.476	31.8018
1399420786.123	n	12.0353	3.67433	22.476	31.8019
1399420786.186	n	12.0353	3.67433	22.477	31.8019
1399420786.249	n	12.0353	3.67433	22.473	31.8019
1399420786.329	n	12.0352	3.67433	22.471	31.8020
1399420786.372	n	12.0352	3.67434	22.471	31.8020
1399420786.436	n	12.0352	3.67433	22.469	31.8020
1399420786.498	n	12.0352	3.67432	22.465	31.8019
1399420786.562	n	12.0352	3.67431	22.465	31.8018
1399420786.622	n	12.0352	3.67430	22.463	31.8017
1399420786.686	n	12.0351	3.67430	22.457	31.8018
1399420786.747	n	12.0351	3.67430	22.457	31.8018
1399420786.813	n	12.0351	3.67431	22.452	31.8019
1399420786.873	n	12.0351	3.67431	22.452	31.8020
1399420786.935	n	12.0351	3.67432	22.449	31.8020
1399420787.001	n	12.0350	3.67432	22.447	31.8021
1399420787.060	n	12.0350	3.67433	22.446	31.8022
1399420787.123	n	12.0350	3.67433	22.444	31.8022
1399420787.184	n	12.0350	3.67433	22.439	31.8022
1399420787.249	n	12.0350	3.67433	22.435	31.8021
1399420787.309	n	12.0350	3.67432	22.434	31.8021
1399420787.372	n	12.0350	3.67432	22.431	31.8020
1399420787.436	n	12.0350	3.67432	22.430	31.8021
1399420787.497	n	12.0350	3.67431	22.428	31.8020
1399420787.559	n	12.0350	3.67431	22.422	31.8020
1399420787.623	n	12.0350	3.67430	22.419	31.8019
1399420787.685	n	12.0350	3.67431	22.415	31.8020
1399420787.749	n	12.0349	3.67431	22.416	31.8020
1399420787.810	n	12.0349	3.67432	22.412	31.8022
1399420787.872	n	12.0348	3.67431	22.409	31.8022
1399420787.936	n	12.0348	3.67431	22.407	31.8022
1399420787.997	n	12.0347	3.67430	22.404	31.8021
1399420788.061	n	12.0348	3.67429	22.404	31.8020
1399420788.123	n	12.0348	3.67429	22.401	31.8020
1399420788.185	n	12.0348	3.67429	22.398	31.8020
1399420788.248	n	12.0348	3.67430	22.395	31.8021
1399420788.311	n	12.0348	3.67431	22.393	31.8022
1399420788.387	y	12.0348	3.67432	22.390	31.8023
1399420788.436	n	12.0347	3.67432	22.389	31.8023
1399420788.498	n	12.0347	3.67432	22.383	31.8024
1399420788.560	n	12.0347	3.67432	22.383	31.8024
1399420788.622	n	12.0347	3.67432	22.383	31.8024
1399420788.686	n	12.0347	3.67432	22.380	31.8023
1399420788.749	n	12.0348	3.67432	22.378	31.8023
1399420788.810	n	12.0347	3.67432	22.379	31.8023
1399420788.934	y	12.0347	3.67431	22.377	31.8023
1399420788.940	n	12.0347	3.67431	22.374	31.8022
1399420788.997	n	12.0347	3.67430	22.373	31.8022
1399420789.059	n	12.0347	3.67430	22.371	31.8023
1399420789.124	n	12.0346	3.67431	22.369	31.8023
1399420789.186	n	12.0346	3.67432	22.370	31.8024
1399420789.249	n	12.0347	3.67432	22.369	31.8024
1399420789.312	n	12.0347	3.67431	22.368	31.8023
1399420789.373	n	12.0347	3.67431	22.368	31.8022
1399420789.436	n	12.0347	3.67430	22.368	31.8022
1399420789.497	n	12.0347	3.67431	22.368	31.8023
1399420789.561	n	12.0346	3.67431	22.370	31.8024
1399420789.623	n	12.0346	3.67432	22.369	31.8024
1399420789.684	n	12.0346	3.67431	22.366	31.8024
1399420789.749	n	12.0346	3.67431	22.368	31.8023
1399420789.811	n	12.0346	3.67430	22.367	31.8023
1399420789.872	n	12.0346	3.67430	22.366	31.8023
1399420789.935	n	12.0346	3.67429	22.366	31.8022
1399420790.001	n	12.0345	3.67428	22.373	31.8021
1399420790.060	n	12.0345	3.67428	22.368	31.8021
1399420790.122	n	12.0345	3.67428	22.372	31.8021
1399420790.186	n	12.0346	3.67429	22.371	31.8022
1399420790.249	n	12.0346	3.67430	22.374	31.8023
1399420790.309	n	12.0346	3.67430	22.375	31.8022
1399420790.373	n	12.0347	3.67429	22.375	31.8021
1399420790.436	n	12.0347	3.67430	22.372	31.8021
1399420790.501	n	12.0347	3.67430	22.374	31.8022
1399420790.562	n	12.0347	3.67432	22.375	31.8024
1399420790.622	n	12.0346	3.67432	22.377	31.8025
1399420790.684	n	12.0346	3.67433	22.378	31.8026
1399420790.748	n	12.0345	3.67432	22.380	31.8025
1399420790.809	n	12.0345	3.67431	22.380	31.8024
1399420790.874	n	12.0345	3.67430	22.381	31.8024
1399420790.935	n	12.0345	3.67430	22.377	31.8024
1399420791.001	n	12.0345	3.67429	22.383	31.8023
1399420791.059	n	12.0345	3.67429	22.385	31.8023
1399420791.122	n	12.0344	3.67430	22.385	31.8024
1399420791.186	n	12.0344	3.67430	22.387	31.8024
1399420791.248	n	12.0344	3.67431	22.387	31.8025
1399420791.310	n	12.0344	3.67432	22.384	31.8026
1399420791.373	n	12.0344	3.67431	22.386	31.8025
1399420791.435	n	12.0344	3.67431	22.389	31.8024
1399420791.496	n	12.0345	3.67430	22.392	31.8024
1399420791.560	n	12.0345	3.67431	22.392	31.8024
1399420791.623	n	12.0345	3.67431	22.391	31.8025
1399420791.685	n	12.0345	3.67432	22.394	31.8025
1399420791.747	n	12.0344	3.67431	22.393	31.8025
1399420791.810	n	12.0344	3.67431	22.392	31.8025
1399420791.872	n	12.0344	3.67431	22.389	31.8026
1399420791.935	n	12.0344	3.67432	22.388	31.8026
1399420791.998	n	12.0344	3.67432	22.392	31.8027
1399420792.061	y	12.0344	3.67433	22.389	31.8027
1399420792.122	n	12.0344	3.67432	22.387	31.8027
1399420792.186	n	12.0343	3.67431	22.385	31.8026
1399420792.248	n	12.0342	3.67431	22.383	31.8027
1399420792.345	n	12.0342	3.67431	22.383	31.8027
1399420792.372	n	12.0342	3.67431	22.380	31.8027
1399420792.434	n	12.0341	3.67431	22.380	31.8028
1399420792.498	n	12.0341	3.67431	22.376	31.8028
1399420792.559	y	12.0341	3.67431	22.374	31.8028
1399420792.622	n	12.0341	3.67430	22.375	31.8027
1399420792.685	n	12.0341	3.67431	22.368	31.8028
1399420792.748	n	12.0340	3.67432	22.364	31.8029
1399420792.809	n	12.0340	3.67432	22.362	31.8029
1399420792.871	n	12.0340	3.67432	22.358	31.8029
1399420792.936	n	12.0340	3.67432	22.354	31.8030
1399420792.998	n	12.0339	3.67432	22.354	31.8030
1399420793.061	y	12.0339	3.67433	22.348	31.8032
1399420793.222	n	12.0338	3.67434	22.341	31.8034
1399420793.228	n	12.0338	3.67435	22.337	31.8034
1399420793.247	n	12.0339	3.67434	22.333	31.8033
1399420793.310	n	12.0339	3.67434	22.326	31.8033
1399420793.373	n	12.0339	3.67434	22.320	31.8033
1399420793.435	n	12.0339	3.67435	22.319	31.8033
1399420793.497	n	12.0339	3.67435	22.312	31.8034
1399420793.840	n	12.0339	3.67435	22.303	31.8034
1399420793.848	n	12.0338	3.67434	22.298	31.8033
1399420793.853	n	12.0338	3.67433	22.293	31.8032
1399420793.859	n	12.0338	3.67432	22.285	31.8032
1399420793.864	n	12.0338	3.67433	22.275	31.8032
1399420793.873	n	12.0339	3.67434	22.269	31.8033
1399420793.935	n	12.0339	3.67434	22.266	31.8034
1399420793.997	n	12.0339	3.67435	22.259	31.8034
1399420794.060	n	12.0338	3.67435	22.248	31.8034
1399420794.122	n	12.0338	3.67435	22.243	31.8034
1399420794.184	n	12.0338	3.67434	22.239	31.8034
1399420794.249	n	12.0337	3.67433	22.228	31.8033
1399420794.311	n	12.0337	3.67432	22.221	31.8033
1399420794.373	n	12.0337	3.67432	22.216	31.8033
1399420794.434	n	12.0337	3.67432	22.206	31.8033
1399420794.498	n	12.0337	3.67432	22.201	31.8033
1399420794.560	n	12.0337	3.67432	22.195	31.8033
1399420794.622	n	12.0337	3.67432	22.185	31.8033
1399420794.686	n	12.0337	3.67432	22.176	31.8033
1399420794.749	n	12.0338	3.67432	22.171	31.8033
1399420794.811	n	12.0338	3.67432	22.165	31.8033
1399420794.872	n	12.0338	3.67432	22.156	31.8033
1399420794.935	n	12.0338	3.67433	22.146	31.8033
1399420794.997	n	12.0337	3.67434	22.138	31.8034
1399420795.059	n	12.0337	3.67434	22.132	31.8036
1399420795.122	n	12.0337	3.67434	22.124	31.8036
1399420795.185	n	12.0337	3.67434	22.118	31.8035
1399420795.247	n	12.0337	3.67433	22.106	31.8034
1399420795.310	n	12.0337	3.67432	22.097	31.8033
1399420795.371	n	12.0337	3.67432	22.084	31.8033
1399420795.436	n	12.0337	3.67432	22.077	31.8033
1399420795.498	n	12.0337	3.67433	22.071	31.8034
1399420795.561	n	12.0337	3.67433	22.065	31.8035
1399420795.622	n	12.0337	3.67433	22.052	31.8035
1399420795.684	n	12.0337	3.67433	22.042	31.8035
1399420795.747	y	12.0337	3.67432	22.037	31.8034
1399420795.811	n	12.0337	3.67432	22.025	31.8034
1399420795.872	n	12.0337	3.67432	22.016	31.8034
1399420795.934	n	12.0337	3.67432	22.010	31.8034
1399420795.997	n	12.0337	3.67432	21.997	31.8034
1399420796.059	n	12.0337	3.67433	21.986	31.8035
1399420796.123	n	12.0337	3.67433	21.978	31.8035
1399420796.185	n	12.0338	3.67433	21.968	31.8034
1399420796.248	n	12.0338	3.67433	21.956	31.8034
1399420796.311	n	12.0338	3.67432	21.944	31.8033
1399420796.372	n	12.0338	3.67432	21.934	31.8033
1399420796.434	n	12.0338	3.67432	21.922	31.8033
1399420796.498	n	12.0338	3.67432	21.916	31.8032
1399420796.561	n	12.0339	3.67431	21.903	31.8032
1399420796.621	n	12.0339	3.67432	21.891	31.8032
1399420796.684	n	12.0340	3.67432	21.878	31.8032
1399420796.748	n	12.0340	3.67432	21.865	31.8032
1399420796.812	n	12.0341	3.67432	21.853	31.8031
1399420796.872	n	12.0341	3.67431	21.844	31.8031
1399420796.935	n	12.0341	3.67431	21.829	31.8030
1399420796.997	n	12.0342	3.67431	21.819	31.8029
1399420797.062	n	12.0342	3.67431	21.805	31.8029
1399420797.123	n	12.0343	3.67431	21.792	31.8028
1399420797.185	n	12.0344	3.67431	21.780	31.8028
1399420797.248	n	12.0344	3.67431	21.765	31.8027
1399420797.313	y	12.0345	3.67430	21.754	31.8026
1399420797.515	n	12.0346	3.67431	21.740	31.8026
1399420797.520	n	12.0347	3.67432	21.723	31.8026
1399420797.525	n	12.0348	3.67432	21.710	31.8025
1399420797.561	n	12.0348	3.67431	21.699	31.8024
1399420797.622	n	12.0349	3.67430	21.682	31.8023
1399420797.684	n	12.0350	3.67430	21.668	31.8022
1399420797.748	n	12.0351	3.67431	21.652	31.8022
1399420797.809	n	12.0352	3.67431	21.637	31.8022
1399420797.872	n	12.0353	3.67431	21.620	31.8021
1399420797.935	n	12.0354	3.67430	21.606	31.8019
1399420798.000	n	12.0355	3.67429	21.588	31.8017
1399420798.061	n	12.0355	3.67429	21.571	31.8017
1399420798.123	n	12.0356	3.67429	21.557	31.8017
1399420798.186	n	12.0357	3.67429	21.539	31.8016
1399420798.248	n	12.0358	3.67429	21.520	31.8015
1399420798.313	n	12.0359	3.67428	21.503	31.8014
1399420798.372	n	12.0360	3.67428	21.484	31.8012
1399420798.434	n	12.0361	3.67428	21.470	31.8011
1399420798.497	n	12.0362	3.67427	21.453	31.8010
1399420798.561	n	12.0363	3.67428	21.434	31.8009
1399420798.621	n	12.0364	3.67428	21.413	31.8009
1399420798.685	n	12.0365	3.67428	21.395	31.8008
1399420798.748	n	12.0366	3.67428	21.377	31.8008
1399420798.810	n	12.0367	3.67428	21.359	31.8007
1399420798.872	n	12.0368	3.67428	21.335	31.8006
1399420798.936	n	12.0369	3.67428	21.318	31.8006
1399420799.000	n	12.0370	3.67428	21.294	31.8005
1399420799.060	n	12.0371	3.67428	21.276	31.8004
1399420799.122	n	12.0372	3.67428	21.255	31.8003
1399420799.185	n	12.0373	3.67428	21.236	31.8002
1399420799.248	n	12.0374	3.67427	21.215	31.8000
1399420799.312	y	12.0376	3.67427	21.192	31.7999
1399420799.372	n	12.0377	3.67426	21.174	31.7997
1399420799.435	n	12.0378	3.67426	21.153	31.7996
1399420799.498	n	12.0379	3.67426	21.130	31.7995
1399420799.560	n	12.0381	3.67426	21.108	31.7995
1399420799.622	n	12.0382	3.67426	21.089	31.7994
1399420799.685	n	12.0383	3.67427	21.063	31.7993
1399420799.747	n	12.0384	3.67426	21.044	31.7992
1399420799.809	n	12.0386	3.67426	21.019	31.7990
1399420799.873	n	12.0389	3.67426	20.999	31.7988
1399420799.935	n	12.0390	3.67425	20.979	31.7986
1399420799.996	n	12.0391	3.67425	20.956	31.7985
1399420800.059	n	12.0392	3.67426	20.935	31.7985
1399420800.123	n	12.0394	3.67426	20.913	31.7984
1399420800.185	n	12.0395	3.67426	20.890	31.7983
1399420800.247	n	12.0398	3.67425	20.868	31.7981
1399420800.309	n	12.0400	3.67424	20.843	31.7977
1399420800.372	n	12.0402	3.67424	20.821	31.7975
1399420800.434	n	12.0404	3.67424	20.799	31.7974
1399420800.498	n	12.0406	3.67424	20.778	31.7972
1399420800.559	n	12.0408	3.67423	20.757	31.7970
1399420800.623	n	12.0410	3.67423	20.734	31.7967
1399420800.686	n	12.0413	3.67423	20.710	31.7965
1399420800.749	n	12.0416	3.67423	20.688	31.7963
1399420800.809	n	12.0418	3.67424	20.665	31.7962
1399420800.872	n	12.0421	3.67424	20.643	31.7960
1399420800.935	n	12.0424	3.67423	20.619	31.7957
1399420800.998	n	12.0427	3.67423	20.598	31.7954
1399420801.060	n	12.0431	3.67424	20.577	31.7952
1399420801.123	n	12.0435	3.67425	20.558	31.7950
1399420801.184	n	12.0439	3.67426	20.533	31.7947
1399420801.247	n	12.0443	3.67427	20.513	31.7944
1399420801.310	n	12.0448	3.67426	20.489	31.7939
1399420801.373	n	12.0453	3.67424	20.471	31.7933
1399420801.434	n	12.0458	3.67422	20.449	31.7927
1399420801.497	n	12.0463	3.67421	20.424	31.7922
1399420801.782	y	12.0469	3.67421	20.404	31.7917
1399420801.789	n	12.0475	3.67422	20.385	31.7913
1399420801.795	n	12.0481	3.67424	20.363	31.7910
1399420801.801	n	12.0488	3.67424	20.340	31.7905
1399420801.809	n	12.0495	3.67425	20.323	31.7899
1399420801.872	n	12.0502	3.67425	20.299	31.7893
1399420801.935	n	12.0509	3.67425	20.280	31.7888
1399420801.996	n	12.0516	3.67425	20.263	31.7882
1399420802.059	n	12.0523	3.67425	20.244	31.7875
1399420802.121	n	12.0530	3.67424	20.220	31.7869
1399420802.184	n	12.0538	3.67424	20.202	31.7863
1399420802.247	n	12.0545	3.67425	20.183	31.7857
1399420802.310	n	12.0553	3.67426	20.161	31.7851
1399420802.373	n	12.0561	3.67425	20.140	31.7844
1399420802.436	n	12.0570	3.67425	20.125	31.7836
1399420802.499	n	12.0578	3.67424	20.108	31.7828
1399420802.562	n	12.0585	3.67423	20.084	31.7821
1399420802.622	n	12.0593	3.67423	20.064	31.7815
1399420802.685	n	12.0601	3.67424	20.047	31.7809
1399420802.747	n	12.0608	3.67425	20.027	31.7804
1399420802.810	n	12.0617	3.67427	20.010	31.7799
1399420802.872	n	12.0624	3.67428	19.991	31.7793
1399420802.934	n	12.0632	3.67428	19.973	31.7787
1399420803.013	y	12.0641	3.67427	19.955	31.7778
1399420803.060	n	12.0649	3.67425	19.932	31.7770
1399420803.123	n	12.0657	3.67425	19.918	31.7762
1399420803.185	n	12.0666	3.67425	19.896	31.7756
1399420803.249	n	12.0674	3.67427	19.881	31.7751
1399420803.315	n	12.0682	3.67427	19.866	31.7745
1399420803.372	n	12.0690	3.67427	19.846	31.7738
1399420803.434	n	12.0698	3.67428	19.827	31.7731
1399420803.498	n	12.0707	3.67428	19.813	31.7724
1399420803.560	n	12.0715	3.67428	19.797	31.7717
1399420803.622	n	12.0723	3.67427	19.776	31.7709
1399420803.685	n	12.0730	3.67425	19.758	31.7702
1399420803.747	n	12.0738	3.67425	19.738	31.7695
1399420803.810	n	12.0747	3.67426	19.721	31.7689
1399420803.872	n	12.0755	3.67427	19.703	31.7682
1399420803.934	n	12.0763	3.67428	19.688	31.7677
1399420803.998	n	12.0771	3.67428	19.668	31.7670
1399420804.060	n	12.0778	3.67427	19.649	31.7663
1399420804.122	n	12.0785	3.67427	19.632	31.7657
1399420804.185	n	12.0792	3.67427	19.614	31.7652
1399420804.248	n	12.0799	3.67427	19.599	31.7646
1399420804.310	n	12.0806	3.67428	19.580	31.7640
1399420804.371	n	12.0814	3.67428	19.561	31.7634
1399420804.435	n	12.0822	3.67428	19.545	31.7627
1399420804.497	n	12.0831	3.67428	19.524	31.7619
1399420804.560	n	12.0838	3.67428	19.504	31.7613
1399420804.623	n	12.0847	3.67428	19.488	31.7606
1399420804.684	n	12.0855	3.67428	19.472	31.7599
1399420804.749	n	12.0863	3.67428	19.451	31.7593
1399420804.811	n	12.0871	3.67428	19.437	31.7586
1399420804.872	n	12.0878	3.67428	19.419	31.7580
1399420804.934	n	12.0886	3.67428	19.401	31.7574
1399420805.063	y	12.0894	3.67428	19.382	31.7566
1399420805.069	n	12.0903	3.67428	19.364	31.7559
1399420805.123	n	12.0911	3.67428	19.347	31.7552
1399420805.184	n	12.0920	3.67429	19.328	31.7545
1399420805.248	n	12.0928	3.67430	19.307	31.7539
1399420805.310	n	12.0937	3.67431	19.289	31.7533
1399420805.373	n	12.0946	3.67431	19.271	31.7526
1399420805.434	n	12.0955	3.67430	19.253	31.7517
1399420805.496	n	12.0964	3.67430	19.235	31.7509
1399420805.560	n	12.0974	3.67431	19.214	31.7502
1399420805.622	n	12.0984	3.67431	19.197	31.7493
1399420805.685	n	12.0995	3.67430	19.177	31.7484
1399420805.748	n	12.1006	3.67430	19.158	31.7474
1399420805.923	y	12.1019	3.67431	19.139	31.7464
1399420805.928	n	12.1033	3.67432	19.120	31.7453
1399420805.934	n	12.1048	3.67433	19.103	31.7441
1399420806.000	n	12.1063	3.67433	19.080	31.7429
1399420806.061	n	12.1080	3.67433	19.063	31.7415
1399420806.123	n	12.1097	3.67434	19.042	31.7401
1399420806.184	n	12.1115	3.67434	19.020	31.7386
1399420806.247	n	12.1133	3.67434	19.001	31.7371
1399420806.310	n	12.1151	3.67434	18.987	31.7355
1399420806.372	n	12.1169	3.67434	18.964	31.7340
1399420806.435	n	12.1188	3.67433	18.945	31.7324
1399420806.498	n	12.1207	3.67433	18.924	31.7308
1399420806.560	n	12.1225	3.67434	18.906	31.7292
1399420806.622	n	12.1244	3.67434	18.883	31.7277
1399420806.727	y	12.1263	3.67435	18.866	31.7262
1399420806.747	n	12.1281	3.67436	18.848	31.7247
1399420806.811	n	12.1299	3.67436	18.829	31.7232
1399420806.872	n	12.1316	3.67436	18.804	31.7217
1399420806.934	n	12.1333	3.67435	18.784	31.7202
1399420806.998	n	12.1350	3.67435	18.765	31.7188
1399420807.059	n	12.1367	3.67436	18.748	31.7175
1399420807.122	n	12.1383	3.67438	18.725	31.7164
1399420807.185	n	12.1398	3.67438	18.707	31.7151
1399420807.246	n	12.1412	3.67438	18.689	31.7138
1399420807.310	n	12.1427	3.67437	18.669	31.7125
1399420807.372	n	12.1441	3.67436	18.650	31.7113
1399420807.434	n	12.1454	3.67437	18.629	31.7102
1399420807.498	n	12.1467	3.67438	18.607	31.7093
1399420807.561	n	12.1480	3.67439	18.588	31.7083
1399420807.622	n	12.1492	3.67439	18.569	31.7072
1399420807.686	n	12.1504	3.67438	18.547	31.7061
1399420807.747	n	12.1516	3.67437	18.528	31.7050
1399420807.810	n	12.1529	3.67438	18.511	31.7040
1399420807.872	n	12.1542	3.67438	18.491	31.7030
1399420807.935	n	12.1555	3.67439	18.467	31.7020
1399420808.000	n	12.1569	3.67439	18.452	31.7008
1399420808.060	n	12.1582	3.67438	18.432	31.6996
1399420808.123	n	12.1596	3.67438	18.412	31.6984
1399420808.185	n	12.1609	3.67438	18.394	31.6973
1399420808.247	n	12.1622	3.67439	18.373	31.6963
1399420808.312	n	12.1635	3.67439	18.355	31.6952
1399420808.372	n	12.1649	3.67439	18.338	31.6941
1399420808.434	n	12.1662	3.67439	18.314	31.6930
1399420808.498	n	12.1675	3.67439	18.297	31.6919
1399420808.559	n	12.1688	3.67440	18.279	31.6908
1399420808.622	n	12.1701	3.67441	18.258	31.6898
1399420808.686	n	12.1715	3.67441	18.241	31.6887
1399420808.748	n	12.1728	3.67441	18.224	31.6876
1399420808.810	n	12.1741	3.67441	18.204	31.6865
1399420808.873	n	12.1753	3.67441	18.188	31.6855
1399420808.935	n	12.1764	3.67441	18.171	31.6845
1399420808.997	n	12.1776	3.67442	18.151	31.6836
1399420809.061	n	12.1787	3.67442	18.131	31.6827
1399420809.123	n	12.1798	3.67442	18.116	31.6818
1399420809.185	n	12.1809	3.67442	18.098	31.6808
1399420809.246	n	12.1820	3.67441	18.077	31.6799
1399420809.312	n	12.1830	3.67441	18.058	31.6790
1399420809.373	n	12.1841	3.67441	18.042	31.6781
1399420809.436	n	12.1851	3.67441	18.026	31.6773
1399420809.497	n	12.1861	3.67441	18.006	31.6764
1399420809.560	n	12.1871	3.67442	17.983	31.6756
1399420809.623	n	12.1881	3.67442	17.966	31.6748
1399420809.685	n	12.1891	3.67442	17.949	31.6740
1399420809.747	n	12.1901	3.67442	17.931	31.6731
1399420809.809	n	12.1911	3.67442	17.911	31.6723
1399420809.872	n	12.1921	3.67442	17.896	31.6715
1399420809.935	n	12.1930	3.67441	17.878	31.6706
1399420810.000	n	12.1939	3.67440	17.864	31.6697
1399420810.191	y	12.1949	3.67439	17.846	31.6689
1399420810.197	n	12.1958	3.67439	17.827	31.6681
1399420810.203	n	12.1968	3.67438	17.806	31.6672
1399420810.277	y	12.1977	3.67437	17.787	31.6663
1399420810.314	n	12.1986	3.67436	17.771	31.6655
1399420810.373	n	12.1995	3.67436	17.755	31.6647
1399420810.435	n	12.2004	3.67437	17.736	31.6640
1399420810.497	n	12.2014	3.67439	17.717	31.6634
1399420810.560	n	12.2024	3.67440	17.697	31.6627
1399420810.622	n	12.2033	3.67440	17.679	31.6619
1399420810.684	n	12.2042	3.67440	17.664	31.6611
1399420810.749	n	12.2051	3.67440	17.645	31.6603
1399420810.809	n	12.2061	3.67439	17.626	31.6595
1399420810.872	n	12.2070	3.67439	17.609	31.6587
1399420810.935	n	12.2079	3.67439	17.589	31.6580
1399420810.997	n	12.2089	3.67439	17.570	31.6572
1399420811.060	n	12.2098	3.67439	17.556	31.6563
1399420811.123	n	12.2108	3.67438	17.536	31.6554
1399420811.186	n	12.2118	3.67438	17.516	31.6545
1399420811.247	n	12.2129	3.67439	17.499	31.6537
1399420811.310	n	12.2140	3.67440	17.477	31.6530
1399420811.372	n	12.2150	3.67441	17.460	31.6522
1399420811.435	n	12.2161	3.67441	17.444	31.6513
1399420811.497	n	12.2171	3.67441	17.423	31.6504
1399420811.560	n	12.2182	3.67441	17.404	31.6495
1399420811.622	n	12.2193	3.67441	17.385	31.6486
1399420811.684	n	12.2204	3.67440	17.367	31.6476
1399420811.747	n	12.2214	3.67439	17.347	31.6466
1399420811.809	n	12.2224	3.67438	17.328	31.6457
1399420811.873	n	12.2234	3.67437	17.312	31.6447
1399420811.934	n	12.2244	3.67436	17.291	31.6438
1399420811.997	n	12.2254	3.67436	17.270	31.6430
1399420812.060	n	12.2264	3.67437	17.250	31.6422
1399420812.122	n	12.2274	3.67437	17.233	31.6415
1399420812.184	n	12.2283	3.67437	17.211	31.6406
1399420812.247	n	12.2293	3.67436	17.189	31.6398
1399420812.310	n	12.2302	3.67436	17.172	31.6390
1399420812.372	n	12.2311	3.67435	17.153	31.6381
1399420812.435	n	12.2320	3.67435	17.126	31.6374
1399420812.496	n	12.2329	3.67436	17.109	31.6367
1399420812.561	n	12.2338	3.67436	17.087	31.6360
1399420812.622	n	12.2347	3.67436	17.068	31.6352
1399420812.684	n	12.2356	3.67435	17.047	31.6344
1399420812.747	n	12.2364	3.67435	17.027	31.6336
1399420812.811	n	12.2373	3.67434	17.008	31.6329
1399420812.873	n	12.2381	3.67435	16.988	31.6323
1399420812.935	n	12.2389	3.67435	16.968	31.6316
1399420813.001	n	12.2397	3.67435	16.944	31.6309
1399420813.061	n	12.2405	3.67435	16.923	31.6303
1399420813.122	n	12.2413	3.67435	16.902	31.6296
1399420813.186	n	12.2420	3.67436	16.880	31.6291
1399420813.248	n	12.2427	3.67436	16.858	31.6285
1399420813.311	n	12.2435	3.67436	16.834	31.6279
1399420813.373	n	12.2442	3.67436	16.814	31.6273
1399420813.435	n	12.2450	3.67436	16.795	31.6266
1399420813.497	n	12.2457	3.67435	16.770	31.6259
1399420813.560	n	12.2465	3.67435	16.749	31.6253
1399420813.622	n	12.2472	3.67435	16.729	31.6248
1399420813.685	n	12.2479	3.67436	16.705	31.6242
1399420813.748	n	12.2486	3.67436	16.685	31.6237
1399420813.811	n	12.2492	3.67436	16.668	31.6231
1399420813.873	n	12.2498	3.67435	16.643	31.6225
1399420813.935	y	12.2505	3.67434	16.620	31.6219
1399420814.012	n	12.2511	3.67434	16.598	31.6214
1399420814.061	n	12.2516	3.67434	16.579	31.6209
1399420814.123	n	12.2521	3.67434	16.559	31.6205
1399420814.184	n	12.2526	3.67432	16.537	31.6199
1399420814.247	n	12.2531	3.67431	16.516	31.6194
1399420814.440	y	12.2537	3.67430	16.493	31.6188
1399420814.446	n	12.2543	3.67430	16.468	31.6183
1399420814.457	n	12.2549	3.67431	16.449	31.6179
1399420814.497	n	12.2555	3.67432	16.428	31.6175
1399420814.559	n	12.2560	3.67433	16.404	31.6172
1399420814.622	n	12.2566	3.67434	16.384	31.6167
1399420814.684	n	12.2572	3.67434	16.363	31.6163
1399420814.747	n	12.2577	3.67433	16.344	31.6158
1399420814.811	n	12.2583	3.67432	16.320	31.6152
1399420814.872	n	12.2588	3.67432	16.300	31.6147
1399420814.934	n	12.2594	3.67431	16.279	31.6142
1399420814.997	n	12.2600	3.67431	16.260	31.6137
1399420815.060	n	12.2606	3.67432	16.240	31.6133
1399420815.122	n	12.2612	3.67431	16.218	31.6127
1399420815.185	n	12.2619	3.67431	16.196	31.6122
1399420815.250	n	12.2625	3.67431	16.176	31.6116
1399420815.310	n	12.2632	3.67430	16.157	31.6109
1399420815.372	n	12.2640	3.67430	16.136	31.6103
1399420815.435	n	12.2647	3.67431	16.111	31.6097
1399420815.499	n	12.2655	3.67431	16.092	31.6091
1399420815.560	n	12.2662	3.67431	16.074	31.6085
1399420815.623	n	12.2669	3.67432	16.054	31.6080
1399420815.685	n	12.2676	3.67431	16.033	31.6073
1399420815.748	n	12.2684	3.67430	16.012	31.6067
1399420815.809	n	12.2691	3.67430	15.993	31.6060
1399420815.872	n	12.2699	3.67430	15.973	31.6054
1399420815.936	n	12.2706	3.67430	15.952	31.6048
1399420816.000	n	12.2712	3.67431	15.932	31.6043
1399420816.061	n	12.2719	3.67431	15.911	31.6038
1399420816.122	n	12.2725	3.67430	15.892	31.6032
1399420816.186	n	12.2731	3.67429	15.872	31.6026
1399420816.248	n	12.2738	3.67429	15.854	31.6020
1399420816.311	n	12.2744	3.67429	15.832	31.6015
1399420816.373	n	12.2750	3.67429	15.812	31.6011
1399420816.436	n	12.2755	3.67430	15.792	31.6006
1399420816.498	n	12.2761	3.67429	15.773	31.6001
1399420816.560	n	12.2767	3.67429	15.753	31.5996
1399420816.622	n	12.2772	3.67430	15.733	31.5992
1399420816.685	n	12.2778	3.67430	15.716	31.5988
1399420816.747	n	12.2783	3.67430	15.698	31.5983
1399420816.811	n	12.2789	3.67429	15.675	31.5978
1399420816.872	n	12.2795	3.67428	15.658	31.5971
1399420816.936	n	12.2801	3.67427	15.637	31.5966
1399420816.997	n	12.2807	3.67427	15.619	31.5961
1399420817.060	n	12.2813	3.67428	15.602	31.5957
1399420817.122	n	12.2819	3.67429	15.581	31.5953
1399420817.185	n	12.2824	3.67429	15.560	31.5949
1399420817.249	n	12.2830	3.67429	15.539	31.5944
1399420817.310	n	12.2835	3.67429	15.522	31.5939
1399420817.373	n	12.2840	3.67429	15.502	31.5935
1399420817.435	n	12.2845	3.67428	15.481	31.5931
1399420817.497	n	12.2849	3.67427	15.466	31.5926
1399420817.560	n	12.2854	3.67427	15.440	31.5922
1399420817.622	n	12.2859	3.67427	15.422	31.5918
1399420817.684	y	12.2864	3.67427	15.410	31.5913
1399420817.746	n	12.2869	3.67427	15.387	31.5910
1399420817.811	n	12.2873	3.67427	15.365	31.5906
1399420817.871	n	12.2877	3.67427	15.346	31.5903
1399420817.935	n	12.2881	3.67426	15.328	31.5899
1399420818.000	n	12.2885	3.67426	15.310	31.5895
1399420818.061	n	12.2890	3.67425	15.289	31.5891
1399420818.123	n	12.2894	3.67425	15.269	31.5888
1399420818.186	n	12.2898	3.67425	15.248	31.5884
1399420818.249	n	12.2902	3.67425	15.232	31.5880
1399420818.310	n	12.2906	3.67426	15.214	31.5878
1399420818.372	n	12.2910	3.67426	15.193	31.5875
1399420818.435	n	12.2913	3.67426	15.177	31.5873
1399420818.499	n	12.2916	3.67427	15.160	31.5870
1399420818.694	y	12.2919	3.67427	15.140	31.5868
1399420818.701	n	12.2923	3.67426	15.119	31.5864
1399420818.707	n	12.2927	3.67426	15.101	31.5861
1399420818.749	n	12.2930	3.67425	15.082	31.5857
1399420818.809	n	12.2934	3.67424	15.062	31.5854
1399420818.872	n	12.2937	3.67424	15.046	31.5851
1399420818.934	n	12.2941	3.67424	15.029	31.5848
1399420819.000	n	12.2944	3.67424	15.007	31.5845
1399420819.059	n	12.2947	3.67424	14.990	31.5843
1399420819.122	n	12.2950	3.67424	14.975	31.5841
1399420819.184	n	12.2952	3.67425	14.960	31.5839
1399420819.247	n	12.2955	3.67425	14.943	31.5837
1399420819.309	n	12.2958	3.67425	14.924	31.5834
1399420819.372	n	12.2961	3.67424	14.909	31.5831
1399420819.435	n	12.2964	3.67423	14.891	31.5828
1399420819.497	n	12.2968	3.67424	14.874	31.5826
1399420819.561	n	12.2971	3.67425	14.856	31.5824
1399420819.623	n	12.2974	3.67425	14.838	31.5822
1399420819.685	n	12.2976	3.67425	14.824	31.5820
1399420819.748	n	12.2979	3.67425	14.808	31.5817
1399420819.810	n	12.2981	3.67424	14.794	31.5815
1399420819.873	n	12.2984	3.67424	14.781	31.5812
1399420819.934	n	12.2986	3.67424	14.764	31.5810
1399420820.082	y	12.2989	3.67423	14.748	31.5808
1399420820.087	n	12.2992	3.67423	14.732	31.5805
1399420820.122	n	12.2995	3.67422	14.718	31.5802
1399420820.184	n	12.2997	3.67423	14.704	31.5800
1399420820.248	n	12.2999	3.67422	14.685	31.5798
1399420820.309	n	12.3001	3.67422	14.670	31.5796
1399420820.373	n	12.3003	3.67422	14.657	31.5795
1399420820.434	n	12.3005	3.67422	14.644	31.5793
1399420820.499	n	12.3007	3.67421	14.633	31.5791
1399420820.559	n	12.3009	3.67421	14.615	31.5789
1399420820.621	n	12.3012	3.67421	14.601	31.5787
1399420820.684	n	12.3014	3.67420	14.586	31.5784
1399420820.749	n	12.3016	3.67421	14.576	31.5783
1399420820.811	n	12.3018	3.67421	14.561	31.5781
1399420820.873	n	12.3020	3.67421	14.546	31.5780
1399420820.935	n	12.3022	3.67421	14.529	31.5778
1399420821.000	n	12.3024	3.67421	14.516	31.5777
1399420821.062	n	12.3027	3.67422	14.505	31.5775
1399420821.123	n	12.3029	3.67422	14.490	31.5774
1399420821.184	n	12.3031	3.67421	14.475	31.5772
1399420821.248	y	12.3032	3.67420	14.461	31.5769
1399420821.310	n	12.3034	3.67419	14.448	31.5766
1399420821.372	n	12.3036	3.67419	14.432	31.5765
1399420821.435	n	12.3038	3.67419	14.421	31.5764
1399420821.497	n	12.3039	3.67419	14.407	31.5763
1399420821.561	n	12.3041	3.67420	14.392	31.5762
1399420821.623	n	12.3043	3.67420	14.380	31.5760
1399420821.684	n	12.3045	3.67419	14.370	31.5757
1399420821.747	n	12.3048	3.67418	14.355	31.5755
1399420821.811	n	12.3050	3.67418	14.342	31.5753
1399420821.873	n	12.3051	3.67417	14.325	31.5751
1399420821.935	n	12.3053	3.67417	14.311	31.5749
1399420822.000	n	12.3055	3.67418	14.299	31.5748
1399420822.061	n	12.3057	3.67418	14.287	31.5747
1399420822.123	n	12.3060	3.67418	14.274	31.5745
1399420822.184	n	12.3062	3.67419	14.259	31.5744
1399420822.247	n	12.3064	3.67419	14.244	31.5742
1399420822.309	n	12.3067	3.67418	14.230	31.5740
1399420822.372	n	12.3069	3.67418	14.217	31.5737
1399420822.434	n	12.3072	3.67418	14.202	31.5735
1399420822.498	n	12.3074	3.67417	14.189	31.5733
1399420822.561	n	12.3076	3.67417	14.173	31.5730
1399420822.623	n	12.3078	3.67418	14.158	31.5729
1399420822.685	n	12.3081	3.67419	14.144	31.5729
1399420822.748	n	12.3084	3.67420	14.132	31.5727
1399420822.983	y	12.3087	3.67420	14.118	31.5725
1399420822.994	n	12.3090	3.67420	14.104	31.5721
1399420823.002	n	12.3093	3.67418	14.091	31.5718
1399420823.009	n	12.3096	3.67418	14.072	31.5715
1399420823.060	n	12.3098	3.67418	14.054	31.5714
1399420823.123	n	12.3102	3.67419	14.039	31.5711
1399420823.185	n	12.3105	3.67420	14.026	31.5709
1399420823.248	n	12.3108	3.67420	14.012	31.5707
1399420823.310	n	12.3112	3.67421	13.996	31.5705
1399420823.373	n	12.3115	3.67422	13.979	31.5703
1399420823.435	n	12.3118	3.67422	13.962	31.5701
1399420823.498	n	12.3122	3.67423	13.948	31.5699
1399420823.561	n	12.3125	3.67423	13.931	31.5696
1399420823.623	n	12.3128	3.67423	13.914	31.5694
1399420823.684	n	12.3131	3.67424	13.898	31.5692
1399420823.747	n	12.3135	3.67424	13.877	31.5689
1399420823.809	n	12.3138	3.67423	13.860	31.5685
1399420823.873	n	12.3142	3.67424	13.844	31.5683
1399420823.935	n	12.3146	3.67424	13.827	31.5680
1399420824.000	n	12.3149	3.67425	13.810	31.5679
1399420824.060	n	12.3151	3.67425	13.791	31.5677
1399420824.124	n	12.3154	3.67425	13.770	31.5674
1399420824.186	n	12.3157	3.67424	13.753	31.5671
1399420824.247	n	12.3160	3.67424	13.734	31.5669
1399420824.310	n	12.3162	3.67425	13.715	31.5667
1399420824.373	n	12.3164	3.67426	13.696	31.5666
1399420824.435	n	12.3166	3.67426	13.679	31.5666
1399420824.498	n	12.3168	3.67426	13.660	31.5664
1399420824.559	n	12.3170	3.67426	13.642	31.5662
1399420824.622	n	12.3173	3.67426	13.620	31.5660
1399420824.684	n	12.3176	3.67426	13.602	31.5657
1399420824.747	n	12.3179	3.67426	13.581	31.5655
1399420824.809	n	12.3181	3.67427	13.560	31.5654
1399420824.873	n	12.3183	3.67427	13.540	31.5653
1399420824.935	y	12.3185	3.67428	13.519	31.5652
1399420824.997	n	12.3188	3.67428	13.500	31.5650
1399420825.061	n	12.3190	3.67428	13.481	31.5648
1399420825.123	n	12.3192	3.67427	13.462	31.5646
1399420825.185	n	12.3194	3.67428	13.441	31.5644
1399420825.248	n	12.3197	3.67429	13.421	31.5643
1399420825.311	n	12.3198	3.67429	13.399	31.5642
1399420825.373	n	12.3200	3.67429	13.377	31.5640
1399420825.434	n	12.3202	3.67428	13.356	31.5639
1399420825.498	n	12.3203	3.67428	13.338	31.5637
1399420825.560	n	12.3205	3.67428	13.318	31.5636
1399420825.622	n	12.3206	3.67430	13.293	31.5636
1399420825.685	n	12.3208	3.67430	13.273	31.5636
1399420825.748	n	12.3210	3.67430	13.252	31.5634
1399420825.809	n	12.3212	3.67430	13.234	31.5632
1399420825.872	n	12.3214	3.67430	13.212	31.5631
1399420825.936	n	12.3215	3.67430	13.187	31.5630
1399420825.998	n	12.3217	3.67431	13.167	31.5629
1399420826.059	n	12.3219	3.67432	13.144	31.5628
1399420826.123	n	12.3222	3.67432	13.128	31.5626
1399420826.185	n	12.3224	3.67431	13.109	31.5624
1399420826.247	n	12.3226	3.67431	13.084	31.5622
1399420826.310	n	12.3228	3.67431	13.064	31.5621
1399420826.372	n	12.3230	3.67432	13.046	31.5620
1399420826.435	n	12.3232	3.67434	13.025	31.5620
1399420826.499	n	12.3234	3.67434	13.006	31.5619
1399420826.561	n	12.3235	3.67434	12.986	31.5617
1399420826.623	n	12.3237	3.67433	12.968	31.5615
1399420826.685	n	12.3239	3.67433	12.950	31.5613
1399420826.749	n	12.3241	3.67433	12.931	31.5611
1399420826.811	n	12.3244	3.67432	12.910	31.5609
1399420826.872	n	12.3247	3.67432	12.894	31.5606
1399420826.934	n	12.3250	3.67431	12.876	31.5603
1399420827.000	n	12.3252	3.67432	12.855	31.5602
1399420827.191	y	12.3254	3.67433	12.836	31.5602
1399420827.197	n	12.3255	3.67435	12.821	31.5602
1399420827.202	n	12.3257	3.67436	12.804	31.5602
1399420827.247	n	12.3258	3.67436	12.783	31.5601
1399420827.311	n	12.3261	3.67436	12.766	31.5598
1399420827.372	n	12.3264	3.67435	12.750	31.5595
1399420827.434	n	12.3267	3.67435	12.731	31.5592
1399420827.499	n	12.3271	3.67434	12.712	31.5589
1399420827.560	n	12.3274	3.67434	12.698	31.5586
1399420827.622	n	12.3276	3.67434	12.682	31.5584
1399420827.686	n	12.3279	3.67435	12.662	31.5583
1399420827.749	n	12.3283	3.67436	12.643	31.5581
1399420827.810	n	12.3286	3.67436	12.627	31.5578
1399420827.872	n	12.3289	3.67436	12.613	31.5576
1399420827.935	n	12.3293	3.67437	12.597	31.5573
1399420828.000	n	12.3296	3.67438	12.579	31.5571
1399420828.060	n	12.3300	3.67439	12.564	31.5569
1399420828.122	n	12.3303	3.67439	12.546	31.5566
1399420828.185	n	12.3307	3.67438	12.528	31.5562
1399420828.249	n	12.3310	3.67437	12.517	31.5559
1399420828.310	n	12.3313	3.67437	12.497	31.5557
1399420828.372	n	12.3316	3.67438	12.484	31.5556
1399420828.435	n	12.3319	3.67439	12.466	31.5554
1399420828.497	n	12.3321	3.67440	12.451	31.5552
1399420828.560	n	12.3325	3.67440	12.434	31.5550
1399420828.635	y	12.3328	3.67440	12.420	31.5548
1399420828.684	n	12.3332	3.67441	12.403	31.5546
1399420828.749	n	12.3335	3.67441	12.389	31.5543
1399420828.811	n	12.3337	3.67442	12.372	31.5541
1399420828.872	n	12.3340	3.67441	12.358	31.5539
1399420828.936	n	12.3343	3.67441	12.341	31.5536
1399420829.000	n	12.3346	3.67442	12.327	31.5535
1399420829.061	n	12.3348	3.67443	12.310	31.5534
1399420829.123	n	12.3350	3.67444	12.293	31.5533
1399420829.184	n	12.3352	3.67445	12.279	31.5532
1399420829.249	n	12.3355	3.67446	12.265	31.5532
1399420829.311	n	12.3357	3.67447	12.251	31.5530
1399420829.373	n	12.3360	3.67448	12.237	31.5529
1399420829.436	n	12.3363	3.67448	12.222	31.5526
1399420829.499	n	12.3365	3.67448	12.203	31.5524
1399420829.560	n	12.3368	3.67448	12.190	31.5522
1399420829.623	n	12.3371	3.67447	12.175	31.5519
1399420829.684	n	12.3373	3.67447	12.161	31.5517
1399420829.749	n	12.3376	3.67447	12.145	31.5515
1399420829.810	n	12.3377	3.67448	12.129	31.5514
1399420829.872	n	12.3379	3.67449	12.116	31.5514
1399420829.935	n	12.3381	3.67451	12.102	31.5514
1399420829.997	n	12.3383	3.67452	12.084	31.5513
1399420830.060	n	12.3385	3.67452	12.070	31.5512
1399420830.123	n	12.3387	3.67450	12.054	31.5509
1399420830.186	n	12.3389	3.67449	12.039	31.5506
1399420830.247	n	12.3391	3.67448	12.024	31.5504
1399420830.311	n	12.3394	3.67449	12.007	31.5502
1399420830.373	n	12.3396	3.67450	11.991	31.5501
1399420830.436	n	12.3399	3.67450	11.977	31.5499
1399420830.499	n	12.3401	3.67449	11.960	31.5497
1399420830.560	n	12.3404	3.67449	11.946	31.5494
1399420830.622	n	12.3406	3.67448	11.929	31.5492
1399420830.685	n	12.3407	3.67448	11.917	31.5490
1399420830.749	n	12.3409	3.67447	11.900	31.5488
1399420830.811	n	12.3411	3.67446	11.881	31.5486
1399420830.873	n	12.3412	3.67446	11.868	31.5484
1399420830.935	n	12.3414	3.67447	11.856	31.5484
1399420830.997	n	12.3417	3.67448	11.839	31.5483
1399420831.060	n	12.3419	3.67450	11.824	31.5482
1399420831.122	n	12.3421	3.67450	11.809	31.5481
1399420831.184	n	12.3423	3.67450	11.795	31.5480
1399420831.248	n	12.3424	3.67449	11.777	31.5478
1399420831.441	y	12.3425	3.67449	11.759	31.5477
1399420831.447	n	12.3427	3.67448	11.740	31.5475
1399420831.452	n	12.3429	3.67448	11.724	31.5473
1399420831.499	n	12.3431	3.67447	11.711	31.5471
1399420831.559	n	12.3433	3.67447	11.693	31.5469
1399420831.622	n	12.3435	3.67446	11.681	31.5466
1399420831.686	n	12.3437	3.67445	11.661	31.5464
1399420831.747	n	12.3439	3.67445	11.647	31.5462
1399420831.811	n	12.3440	3.67445	11.630	31.5461
1399420831.872	n	12.3441	3.67446	11.614	31.5461
1399420831.936	n	12.3442	3.67447	11.599	31.5461
1399420832.000	n	12.3444	3.67448	11.582	31.5461
1399420832.060	n	12.3445	3.67447	11.564	31.5459
1399420832.122	n	12.3447	3.67446	11.547	31.5457
1399420832.184	y	12.3449	3.67446	11.531	31.5455
1399420832.247	n	12.3450	3.67447	11.518	31.5455
1399420832.310	n	12.3452	3.67447	11.501	31.5454
1399420832.372	n	12.3453	3.67448	11.484	31.5454
1399420832.435	n	12.3454	3.67447	11.465	31.5452
1399420832.497	n	12.3455	3.67446	11.452	31.5451
1399420832.561	n	12.3456	3.67445	11.436	31.5449
1399420832.623	n	12.3458	3.67445	11.421	31.5447
1399420832.685	n	12.3459	3.67444	11.402	31.5445
1399420832.748	n	12.3460	3.67444	11.384	31.5444
1399420832.809	n	12.3461	3.67444	11.371	31.5443
1399420832.873	n	12.3462	3.67444	11.354	31.5442
1399420832.935	n	12.3463	3.67444	11.336	31.5442
1399420833.000	n	12.3464	3.67444	11.318	31.5441
1399420833.060	n	12.3465	3.67444	11.306	31.5440
1399420833.123	n	12.3466	3.67444	11.288	31.5440
1399420833.185	n	12.3467	3.67443	11.273	31.5438
1399420833.248	n	12.3468	3.67443	11.257	31.5437
1399420833.310	n	12.3469	3.67443	11.243	31.5436
1399420833.373	n	12.3470	3.67442	11.227	31.5434
1399420833.435	n	12.3471	3.67441	11.208	31.5432
1399420833.499	n	12.3472	3.67440	11.192	31.5431
1399420833.560	n	12.3473	3.67438	11.173	31.5429
1399420833.622	n	12.3473	3.67438	11.161	31.5428
1399420833.685	n	12.3474	3.67437	11.144	31.5427
1399420833.748	n	12.3475	3.67437	11.131	31.5426
1399420833.810	n	12.3476	3.67437	11.115	31.5425
1399420833.874	n	12.3477	3.67437	11.097	31.5424
1399420833.935	n	12.3478	3.67437	11.085	31.5423
1399420834.000	n	12.3479	3.67436	11.069	31.5422
1399420834.059	n	12.3480	3.67435	11.052	31.5420
1399420834.122	n	12.3481	3.67435	11.037	31.5419
1399420834.185	n	12.3482	3.67434	11.026	31.5418
1399420834.249	n	12.3483	3.67435	11.010	31.5418
1399420834.310	n	12.3484	3.67434	10.997	31.5417
1399420834.372	n	12.3484	3.67434	10.981	31.5416
1399420834.435	n	12.3485	3.67434	10.964	31.5416
1399420834.498	n	12.3486	3.67434	10.950	31.5414
1399420834.559	n	12.3487	3.67433	10.937	31.5413
1399420834.623	n	12.3488	3.67433	10.922	31.5412
1399420834.686	n	12.3489	3.67432	10.906	31.5411
1399420834.749	n	12.3489	3.67432	10.891	31.5410
1399420834.810	n	12.3490	3.67432	10.880	31.5409
1399420834.872	n	12.3491	3.67431	10.868	31.5408
1399420834.936	n	12.3491	3.67431	10.854	31.5408
1399420835.000	n	12.3492	3.67431	10.837	31.5407
1399420835.060	n	12.3493	3.67430	10.821	31.5405
1399420835.122	n	12.3494	3.67429	10.809	31.5404
1399420835.185	n	12.3494	3.67428	10.798	31.5402
1399420835.249	n	12.3495	3.67427	10.784	31.5401
1399420835.311	n	12.3496	3.67428	10.770	31.5401
1399420835.373	n	12.3498	3.67429	10.755	31.5401
1399420835.436	n	12.3499	3.67429	10.743	31.5400
1399420835.498	n	12.3500	3.67428	10.728	31.5398
1399420835.705	y	12.3501	3.67428	10.715	31.5397
1399420835.714	n	12.3502	3.67427	10.701	31.5395
1399420835.724	n	12.3503	3.67427	10.689	31.5394
1399420835.750	n	12.3505	3.67427	10.676	31.5393
1399420835.852	y	12.3507	3.67427	10.659	31.5392
1399420835.873	y	12.3509	3.67427	10.646	31.5390
1399420835.935	n	12.3511	3.67428	10.634	31.5389
1399420836.000	n	12.3513	3.67429	10.621	31.5388
1399420836.060	n	12.3514	3.67429	10.608	31.5387
1399420836.122	n	12.3516	3.67429	10.594	31.5386
1399420836.185	n	12.3518	3.67429	10.577	31.5384
1399420836.248	n	12.3520	3.67429	10.562	31.5382
1399420836.309	n	12.3522	3.67429	10.552	31.5381
1399420836.372	n	12.3524	3.67429	10.538	31.5380
1399420836.435	n	12.3526	3.67430	10.523	31.5379
1399420836.499	n	12.3528	3.67431	10.511	31.5378
1399420836.559	n	12.3531	3.67432	10.500	31.5376
1399420836.623	n	12.3533	3.67433	10.482	31.5375
1399420836.684	n	12.3536	3.67434	10.469	31.5374
1399420836.747	n	12.3539	3.67434	10.455	31.5373
1399420836.811	n	12.3541	3.67434	10.443	31.5371
1399420836.873	n	12.3545	3.67434	10.429	31.5367
1399420836.935	n	12.3548	3.67433	10.416	31.5364
1399420836.997	n	12.3550	3.67433	10.398	31.5362
1399420837.060	n	12.3554	3.67434	10.385	31.5360
1399420837.123	n	12.3557	3.67436	10.371	31.5359
1399420837.186	n	12.3561	3.67438	10.357	31.5358
1399420837.248	n	12.3564	3.67440	10.341	31.5357
1399420837.310	n	12.3568	3.67441	10.328	31.5355
1399420837.373	n	12.3571	3.67441	10.315	31.5352
1399420837.436	n	12.3574	3.67440	10.300	31.5349
1399420837.498	n	12.3577	3.67442	10.288	31.5348
1399420837.560	n	12.3581	3.67443	10.277	31.5346
1399420837.624	n	12.3585	3.67445	10.263	31.5345
1399420837.687	n	12.3589	3.67446	10.244	31.5343
1399420837.748	n	12.3593	3.67447	10.228	31.5340
1399420837.810	n	12.3597	3.67447	10.216	31.5337
1399420837.873	n	12.3602	3.67449	10.200	31.5334
1399420837.936	n	12.3606	3.67452	10.182	31.5333
1399420837.998	n	12.3610	3.67455	10.169	31.5334
1399420838.061	n	12.3614	3.67459	10.156	31.5334
1399420838.123	n	12.3617	3.67462	10.139	31.5334
1399420838.186	n	12.3620	3.67462	10.123	31.5332
1399420838.248	n	12.3623	3.67463	10.104	31.5331
1399420838.311	n	12.3626	3.67465	10.088	31.5330
1399420838.372	n	12.3629	3.67467	10.072	31.5329
1399420838.437	n	12.3633	3.67470	10.059	31.5329
1399420838.500	n	12.3637	3.67472	10.044	31.5328
1399420838.561	n	12.3640	3.67474	10.028	31.5327
1399420838.623	n	12.3643	3.67476	10.011	31.5326
1399420838.685	n	12.3646	3.67479	9.993	31.5327
1399420838.747	n	12.3648	3.67482	9.976	31.5328
1399420838.809	n	12.3651	3.67484	9.962	31.5328
1399420838.872	n	12.3654	3.67487	9.945	31.5328
1399420838.937	n	12.3657	3.67490	9.927	31.5328
1399420839.000	n	12.3659	3.67492	9.916	31.5329
1399420839.060	n	12.3661	3.67494	9.895	31.5329
1399420839.122	n	12.3663	3.67496	9.879	31.5330
1399420839.185	n	12.3665	3.67497	9.864	31.5329
1399420839.249	n	12.3666	3.67499	9.847	31.5329
1399420839.310	n	12.3668	3.67500	9.828	31.5329
1399420839.372	n	12.3670	3.67502	9.811	31.5329
1399420839.436	n	12.3671	3.67503	9.794	31.5330
1399420839.498	n	12.3673	3.67505	9.779	31.5330
1399420839.586	y	12.3674	3.67507	9.764	31.5331
1399420839.623	n	12.3675	3.67508	9.744	31.5332
1399420839.685	n	12.3675	3.67509	9.725	31.5332
1399420839.748	n	12.3676	3.67510	9.707	31.5333
1399420839.962	y	12.3677	3.67511	9.690	31.5333
1399420839.972	n	12.3678	3.67513	9.675	31.5334
1399420839.977	n	12.3679	3.67515	9.661	31.5335
1399420840.001	n	12.3680	3.67517	9.645	31.5336
1399420840.060	n	12.3681	3.67517	9.625	31.5336
1399420840.123	n	12.3681	3.67518	9.607	31.5336
1399420840.185	n	12.3682	3.67518	9.588	31.5335
1399420840.247	n	12.3683	3.67518	9.574	31.5335
1399420840.310	n	12.3684	3.67520	9.558	31.5335
1399420840.373	n	12.3686	3.67520	9.543	31.5334
1399420840.435	n	12.3687	3.67520	9.528	31.5334
1399420840.500	n	12.3688	3.67521	9.512	31.5333
1399420840.561	n	12.3689	3.67521	9.494	31.5333
1399420840.623	n	12.3690	3.67521	9.476	31.5333
1399420840.687	n	12.3691	3.67521	9.459	31.5332
1399420840.748	n	12.3693	3.67521	9.444	31.5330
1399420840.810	n	12.3694	3.67521	9.429	31.5328
1399420840.872	n	12.3696	3.67520	9.414	31.5326
1399420840.935	n	12.3697	3.67521	9.398	31.5326
1399420841.001	n	12.3698	3.67521	9.383	31.5325
1399420841.061	n	12.3700	3.67520	9.366	31.5323
1399420841.122	n	12.3701	3.67520	9.352	31.5322
1399420841.185	n	12.3703	3.67520	9.336	31.5321
1399420841.249	n	12.3705	3.67521	9.321	31.5320
1399420841.311	n	12.3707	3.67522	9.303	31.5319
1399420841.372	n	12.3709	3.67523	9.288	31.5319
1399420841.434	n	12.3711	3.67524	9.271	31.5318
1399420841.498	n	12.3713	3.67524	9.256	31.5316
1399420841.560	n	12.3715	3.67524	9.243	31.5315
1399420841.623	n	12.3717	3.67524	9.227	31.5313
1399420841.686	n	12.3719	3.67524	9.215	31.5311
1399420841.748	n	12.3721	3.67524	9.201	31.5310
1399420841.810	n	12.3723	3.67525	9.186	31.5309
1399420841.872	n	12.3725	3.67526	9.168	31.5308
1399420841.935	n	12.3727	3.67527	9.152	31.5307
1399420841.999	n	12.3729	3.67527	9.139	31.5306
1399420842.059	n	12.3731	3.67528	9.122	31.5305
1399420842.123	y	12.3734	3.67529	9.105	31.5305
1399420842.187	n	12.3736	3.67530	9.090	31.5303
1399420842.248	n	12.3738	3.67530	9.076	31.5302
1399420842.311	n	12.3740	3.67531	9.061	31.5302
1399420842.373	n	12.3742	3.67532	9.049	31.5301
1399420842.436	n	12.3744	3.67533	9.032	31.5300
1399420842.499	n	12.3746	3.67535	9.020	31.5300
1399420842.561	n	12.3748	3.67537	9.008	31.5300
1399420842.623	n	12.3749	3.67538	8.991	31.5300
1399420842.686	n	12.3751	3.67539	8.977	31.5299
1399420842.748	n	12.3754	3.67539	8.964	31.5298
1399420842.810	n	12.3756	3.67540	8.952	31.5297
1399420842.872	n	12.3758	3.67540	8.935	31.5296
1399420842.935	n	12.3759	3.67555	8.919	31.5308
1399420843.000	n	12.3764	3.67631	8.905	31.5377
1399420843.060	n	12.3777	3.67767	8.889	31.5497
1399420843.190	y	12.3796	3.67921	8.874	31.5627
1399420843.195	n	12.3820	3.68051	8.862	31.5730
1399420843.248	n	12.3843	3.68120	8.845	31.5778
1399420843.311	n	12.3859	3.68128	8.833	31.5771
1399420843.373	n	12.3869	3.68124	8.821	31.5759
1399420843.437	n	12.3874	3.68125	8.804	31.5756
1399420843.499	n	12.3877	3.68128	8.789	31.5756
1399420843.560	n	12.3880	3.68131	8.774	31.5757
1399420843.622	n	12.3881	3.68133	8.763	31.5757
1399420843.685	n	12.3883	3.68136	8.747	31.5759
1399420843.748	n	12.3884	3.68138	8.734	31.5761
1399420843.811	n	12.3884	3.68141	8.719	31.5763
1399420843.873	n	12.3885	3.68143	8.704	31.5764
1399420843.937	n	12.3886	3.68145	8.687	31.5766
1399420844.000	n	12.3888	3.68149	8.672	31.5767
1399420844.169	y	12.3890	3.68151	8.661	31.5768
1399420844.175	n	12.3893	3.68154	8.646	31.5769
1399420844.187	n	12.3894	3.68156	8.631	31.5769
1399420844.247	n	12.3896	3.68157	8.616	31.5769
1399420844.309	n	12.3897	3.68159	8.602	31.5770
1399420844.372	n	12.3898	3.68159	8.587	31.5770
1399420844.436	n	12.3900	3.68159	8.572	31.5768
1399420844.499	n	12.3902	3.68158	8.558	31.5766
1399420844.561	n	12.3904	3.68158	8.544	31.5763
1399420844.623	n	12.3907	3.68158	8.528	31.5761
1399420844.687	n	12.3910	3.68160	8.512	31.5760
1399420844.748	n	12.3913	3.68161	8.495	31.5758
1399420844.810	n	12.3916	3.68162	8.483	31.5757
1399420844.872	n	12.3920	3.68164	8.469	31.5756
1399420844.935	n	12.3923	3.68165	8.456	31.5755
1399420844.999	n	12.3927	3.68168	8.440	31.5754
1399420845.061	n	12.3930	3.68169	8.425	31.5753
1399420845.123	n	12.3932	3.68170	8.409	31.5752
1399420845.184	n	12.3934	3.68171	8.397	31.5751
1399420845.248	n	12.3935	3.68173	8.382	31.5752
1399420845.310	n	12.3936	3.68174	8.366	31.5753
1399420845.373	n	12.3935	3.68174	8.352	31.5753
1399420845.436	n	12.3936	3.68172	8.335	31.5751
1399420845.500	n	12.3936	3.68170	8.323	31.5749
1399420845.559	n	12.3937	3.68169	8.306	31.5747
1399420845.622	n	12.3938	3.68170	8.288	31.5747
1399420845.685	n	12.3940	3.68172	8.277	31.5748
1399420845.749	n	12.3942	3.68175	8.260	31.5749
1399420845.811	n	12.3945	3.68178	8.244	31.5749
1399420845.873	n	12.3950	3.68183	8.229	31.5750
1399420845.936	n	12.3955	3.68187	8.214	31.5750
1399420845.999	n	12.3961	3.68190	8.201	31.5748
1399420846.061	n	12.3968	3.68195	8.185	31.5746
1399420846.123	n	12.3977	3.68198	8.169	31.5742
1399420846.184	n	12.3986	3.68200	8.155	31.5736
1399420846.248	n	12.3995	3.68200	8.140	31.5728
1399420846.310	n	12.4004	3.68197	8.123	31.5718
1399420846.373	n	12.4013	3.68193	8.109	31.5707
1399420846.437	n	12.4021	3.68189	8.094	31.5697
1399420846.502	n	12.4028	3.68187	8.076	31.5689
1399420846.561	n	12.4033	3.68185	8.060	31.5683
1399420846.623	n	12.4037	3.68185	8.048	31.5679
1399420846.685	n	12.4041	3.68186	8.034	31.5678
1399420846.748	n	12.4044	3.68188	8.019	31.5677
1399420846.810	n	12.4046	3.68190	8.002	31.5676
1399420846.890	y	12.4049	3.68190	7.986	31.5675
1399420846.936	n	12.4051	3.68190	7.971	31.5673
1399420847.000	n	12.4054	3.68191	7.958	31.5671
1399420847.061	n	12.4058	3.68191	7.939	31.5669
1399420847.123	n	12.4060	3.68192	7.924	31.5667
1399420847.185	n	12.4063	3.68193	7.909	31.5666
1399420847.249	n	12.4066	3.68194	7.894	31.5665
1399420847.311	n	12.4069	3.68196	7.878	31.5664
1399420847.373	n	12.4073	3.68197	7.865	31.5662
1399420847.435	n	12.4078	3.68198	7.850	31.5658
1399420847.501	n	12.4083	3.68197	7.831	31.5652
1399420847.560	n	12.4089	3.68196	7.818	31.5647
1399420847.622	n	12.4093	3.68196	7.802	31.5643
1399420847.688	n	12.4098	3.68196	7.785	31.5640
1399420847.747	n	12.4102	3.68196	7.772	31.5636
1399420847.811	n	12.4106	3.68196	7.756	31.5633
1399420847.873	n	12.4110	3.68197	7.743	31.5630
1399420847.935	n	12.4113	3.68197	7.731	31.5627
1399420848.000	n	12.4116	3.68197	7.713	31.5626
1399420848.190	y	12.4119	3.68197	7.699	31.5623
1399420848.198	n	12.4122	3.68196	7.680	31.5620
1399420848.203	n	12.4124	3.68195	7.665	31.5617
1399420848.248	n	12.4126	3.68194	7.653	31.5615
1399420848.310	n	12.4129	3.68194	7.638	31.5612
1399420848.372	n	12.4131	3.68194	7.625	31.5611
1399420848.436	n	12.4134	3.68194	7.609	31.5609
1399420848.504	n	12.4137	3.68195	7.594	31.5607
1399420848.561	n	12.4140	3.68195	7.578	31.5603
1399420848.623	n	12.4145	3.68193	7.563	31.5598
1399420848.687	n	12.4151	3.68191	7.550	31.5591
1399420848.748	n	12.4157	3.68189	7.535	31.5583
1399420848.810	n	12.4164	3.68188	7.520	31.5577
1399420848.873	n	12.4171	3.68188	7.505	31.5572
1399420848.935	n	12.4176	3.68188	7.489	31.5567
1399420848.997	n	12.4182	3.68187	7.477	31.5561
1399420849.059	n	12.4189	3.68185	7.460	31.5554
1399420849.122	n	12.4196	3.68183	7.443	31.5547
1399420849.186	n	12.4203	3.68181	7.430	31.5539
1399420849.249	n	12.4209	3.68180	7.416	31.5532
1399420849.311	n	12.4215	3.68178	7.398	31.5526
1399420849.373	n	12.4219	3.68177	7.384	31.5522
1399420849.435	n	12.4220	3.68177	7.371	31.5520
1399420849.498	n	12.4222	3.68178	7.353	31.5520
1399420849.560	n	12.4224	3.68178	7.340	31.5518
1399420849.622	n	12.4228	3.68176	7.324	31.5514
1399420849.686	n	12.4233	3.68172	7.311	31.5505
1399420849.749	n	12.4238	3.68166	7.293	31.5496
1399420849.811	n	12.4241	3.68162	7.277	31.5489
1399420849.873	n	12.4244	3.68159	7.261	31.5484
1399420849.935	n	12.4245	3.68158	7.246	31.5482
1399420850.000	n	12.4245	3.68157	7.231	31.5481
1399420850.059	n	12.4245	3.68156	7.217	31.5480
1399420850.123	n	12.4245	3.68156	7.198	31.5480
1399420850.186	n	12.4245	3.68156	7.186	31.5480
1399420850.248	n	12.4244	3.68155	7.165	31.5481
1399420850.310	n	12.4243	3.68153	7.153	31.5479
1399420850.372	n	12.4241	3.68149	7.137	31.5477
1399420850.436	n	12.4240	3.68143	7.122	31.5472
1399420850.498	n	12.4237	3.68138	7.103	31.5469
1399420850.561	y	12.4235	3.68134	7.086	31.5467
1399420850.623	n	12.4234	3.68132	7.071	31.5467
1399420850.685	n	12.4233	3.68131	7.057	31.5467
1399420850.748	n	12.4234	3.68131	7.045	31.5466
1399420850.810	n	12.4235	3.68129	7.029	31.5464
1399420850.874	n	12.4236	3.68128	7.012	31.5461
1399420850.936	n	12.4238	3.68126	7.000	31.5459
1399420850.999	n	12.4240	3.68126	6.980	31.5456
1399420851.059	n	12.4242	3.68125	6.967	31.5455
1399420851.124	n	12.4244	3.68125	6.954	31.5452
1399420851.185	y	12.4246	3.68124	6.939	31.5450
1399420851.310	n	12.4249	3.68123	6.926	31.5447
1399420851.314	n	12.4252	3.68116	6.912	31.5437
1399420851.372	n	12.4255	3.68102	6.893	31.5422
1399420851.436	n	12.4258	3.68094	6.880	31.5411
1399420851.504	n	12.4262	3.68094	6.867	31.5408
1399420851.561	n	12.4266	3.68102	6.853	31.5412
1399420851.623	n	12.4270	3.68117	6.839	31.5423
1399420851.684	n	12.4275	3.68128	6.824	31.5430
1399420851.749	n	12.4280	3.68131	6.810	31.5429
1399420851.810	n	12.4286	3.68136	6.798	31.5428
1399420851.872	n	12.4291	3.68140	6.785	31.5428
1399420851.935	n	12.4297	3.68145	6.772	31.5427
1399420852.000	n	12.4303	3.68148	6.758	31.5426
1399420852.060	n	12.4309	3.68152	6.746	31.5424
1399420852.123	n	12.4316	3.68156	6.733	31.5422
1399420852.185	n	12.4321	3.68160	6.719	31.5422
1399420852.248	n	12.4326	3.68164	6.706	31.5422
1399420852.420	y	12.4330	3.68167	6.689	31.5421
1399420852.425	n	12.4334	3.68166	6.678	31.5417
1399420852.436	n	12.4338	3.68166	6.665	31.5414
1399420852.504	n	12.4341	3.68167	6.653	31.5413
1399420852.561	n	12.4343	3.68170	6.642	31.5413
1399420852.624	n	12.4346	3.68175	6.634	31.5415
1399420852.685	n	12.4349	3.68180	6.616	31.5418
1399420852.749	n	12.4352	3.68182	6.604	31.5417
1399420852.810	n	12.4355	3.68184	6.595	31.5417
1399420852.872	n	12.4357	3.68187	6.581	31.5418
1399420852.936	n	12.4359	3.68188	6.566	31.5418
1399420853.000	n	12.4361	3.68191	6.558	31.5418
1399420853.061	n	12.4364	3.68193	6.542	31.5418
1399420853.122	n	12.4368	3.68195	6.532	31.5416
1399420853.184	n	12.4373	3.68196	6.520	31.5414
1399420853.249	n	12.4377	3.68198	6.509	31.5412
1399420853.310	n	12.4382	3.68199	6.496	31.5409
1399420853.372	n	12.4387	3.68200	6.486	31.5405
1399420853.435	n	12.4393	3.68201	6.475	31.5402
1399420853.498	n	12.4397	3.68201	6.463	31.5398
1399420853.560	n	12.4400	3.68201	6.451	31.5396
1399420853.622	n	12.4402	3.68202	6.439	31.5395
1399420853.684	n	12.4403	3.68203	6.426	31.5396
1399420853.748	n	12.4403	3.68203	6.416	31.5396
1399420853.810	n	12.4404	3.68204	6.402	31.5395
1399420853.874	n	12.4405	3.68205	6.387	31.5396
1399420853.935	n	12.4406	3.68206	6.380	31.5396
1399420854.000	n	12.4408	3.68209	6.368	31.5396
1399420854.061	n	12.4411	3.68211	6.355	31.5396
1399420854.155	y	12.4415	3.68213	6.343	31.5395
1399420854.184	n	12.4420	3.68216	6.330	31.5393
1399420854.248	n	12.4427	3.68218	6.320	31.5390
1399420854.310	n	12.4435	3.68221	6.308	31.5386
1399420854.373	n	12.4444	3.68224	6.299	31.5382
1399420854.437	n	12.4450	3.68226	6.286	31.5379
1399420854.500	n	12.4453	3.68228	6.275	31.5378
1399420854.561	n	12.4454	3.68231	6.258	31.5380
1399420854.623	n	12.4454	3.68234	6.249	31.5382
1399420854.686	n	12.4455	3.68236	6.237	31.5384
1399420854.747	n	12.4457	3.68238	6.225	31.5385
1399420854.811	n	12.4460	3.68240	6.214	31.5384
1399420854.873	n	12.4466	3.68242	6.205	31.5381
1399420854.936	n	12.4474	3.68245	6.187	31.5376
1399420855.001	n	12.4483	3.68248	6.176	31.5372
1399420855.060	n	12.4490	3.68251	6.166	31.5369
1399420855.122	n	12.4492	3.68253	6.155	31.5370
1399420855.187	n	12.4491	3.68255	6.142	31.5372
1399420855.248	n	12.4492	3.68258	6.130	31.5374
1399420855.311	n	12.4496	3.68260	6.119	31.5373
1399420855.372	n	12.4504	3.68263	6.107	31.5369
1399420855.436	n	12.4514	3.68265	6.097	31.5363
1399420855.498	n	12.4523	3.68267	6.083	31.5357
1399420855.560	n	12.4530	3.68269	6.070	31.5353
1399420855.623	n	12.4535	3.68270	6.059	31.5350
1399420855.687	n	12.4541	3.68271	6.047	31.5346
1399420855.747	n	12.4548	3.68271	6.036	31.5340
1399420855.811	n	12.4553	3.68270	6.021	31.5334
1399420855.873	n	12.4560	3.68269	6.009	31.5328
1399420855.937	n	12.4568	3.68268	5.996	31.5321
1399420856.001	n	12.4578	3.68268	5.984	31.5311
1399420856.061	n	12.4591	3.68267	5.970	31.5300
1399420856.123	n	12.4604	3.68267	5.958	31.5290
1399420856.185	n	12.4613	3.68268	5.948	31.5283
1399420856.248	n	12.4619	3.68268	5.931	31.5278
1399420856.310	n	12.4623	3.68269	5.915	31.5276
1399420856.373	n	12.4626	3.68271	5.906	31.5275
1399420856.435	n	12.4629	3.68274	5.891	31.5276
1399420856.499	n	12.4632	3.68276	5.876	31.5275
1399420856.710	y	12.4636	3.68277	5.863	31.5273
1399420856.720	n	12.4640	3.68279	5.851	31.5271
1399420856.725	n	12.4644	3.68280	5.835	31.5269
1399420856.748	n	12.4648	3.68282	5.822	31.5267
1399420856.810	n	12.4654	3.68285	5.805	31.5266
1399420856.872	n	12.4659	3.68287	5.791	31.5263
1399420856.937	n	12.4664	3.68289	5.776	31.5261
1399420857.000	n	12.4670	3.68292	5.765	31.5258
1399420857.061	n	12.4676	3.68293	5.745	31.5255
1399420857.123	n	12.4681	3.68295	5.730	31.5252
1399420857.187	n	12.4686	3.68296	5.713	31.5249
1399420857.248	n	12.4691	3.68297	5.701	31.5246
1399420857.311	n	12.4697	3.68299	5.686	31.5243
1399420857.374	n	12.4703	3.68300	5.670	31.5240
1399420857.436	n	12.4707	3.68301	5.655	31.5236
1399420857.499	n	12.4712	3.68301	5.640	31.5233
1399420857.560	n	12.4716	3.68301	5.625	31.5229
1399420857.624	n	12.4720	3.68300	5.607	31.5225
1399420857.687	n	12.4724	3.68299	5.591	31.5221
1399420857.749	n	12.4727	3.68298	5.576	31.5217
1399420857.858	y	12.4731	3.68297	5.562	31.5214
1399420857.873	n	12.4734	3.68297	5.549	31.5211
1399420857.935	n	12.4736	3.68297	5.531	31.5209
1399420858.000	n	12.4739	3.68298	5.515	31.5207
1399420858.060	n	12.4743	3.68299	5.499	31.5206
1399420858.122	n	12.4746	3.68300	5.483	31.5203
1399420858.185	n	12.4751	3.68300	5.467	31.5200
1399420858.249	n	12.4756	3.68298	5.452	31.5194
1399420858.311	n	12.4760	3.68293	5.440	31.5185
1399420858.373	n	12.4764	3.68286	5.423	31.5175
1399420858.437	n	12.4766	3.68279	5.410	31.5167
1399420858.499	n	12.4766	3.68274	5.395	31.5162
1399420858.561	n	12.4766	3.68270	5.379	31.5159
1399420858.623	n	12.4766	3.68268	5.363	31.5156
1399420858.685	n	12.4767	3.68266	5.349	31.5155
1399420858.749	n	12.4768	3.68266	5.335	31.5153
1399420858.810	n	12.4770	3.68266	5.318	31.5151
1399420858.874	n	12.4773	3.68267	5.307	31.5150
1399420858.936	n	12.4776	3.68268	5.290	31.5149
1399420858.999	n	12.4780	3.68270	5.272	31.5147
1399420859.060	n	12.4784	3.68272	5.260	31.5146
1399420859.123	n	12.4789	3.68274	5.245	31.5144
1399420859.186	n	12.4795	3.68276	5.230	31.5140
1399420859.249	n	12.4802	3.68277	5.217	31.5136
1399420859.311	n	12.4810	3.68277	5.207	31.5129
1399420859.373	n	12.4817	3.68276	5.192	31.5122
1399420859.437	n	12.4825	3.68274	5.177	31.5114
1399420859.499	n	12.4834	3.68272	5.164	31.5105
1399420859.561	n	12.4843	3.68270	5.149	31.5095
1399420859.623	n	12.4853	3.68267	5.134	31.5084
1399420859.685	n	12.4865	3.68263	5.123	31.5070
1399420859.749	n	12.4876	3.68259	5.111	31.5056
1399420859.810	n	12.4888	3.68254	5.099	31.5043
1399420859.872	n	12.4898	3.68252	5.084	31.5032
1399420859.937	n	12.4906	3.68253	5.069	31.5026
1399420860.000	n	12.4913	3.68255	5.055	31.5023
1399420860.060	n	12.4919	3.68259	5.037	31.5022
1399420860.123	n	12.4924	3.68262	5.025	31.5021
1399420860.185	n	12.4929	3.68265	5.013	31.5019
1399420860.249	n	12.4933	3.68266	5.001	31.5017
1399420860.311	n	12.4937	3.68267	4.985	31.5015
1399420860.374	n	12.4940	3.68268	4.973	31.5013
1399420860.436	n	12.4942	3.68268	4.957	31.5011
1399420860.500	n	12.4944	3.68269	4.945	31.5011
1399420860.561	n	12.4946	3.68270	4.929	31.5010
1399420860.622	n	12.4947	3.68271	4.918	31.5009
1399420860.684	n	12.4949	3.68271	4.901	31.5008
1399420860.748	n	12.4951	3.68272	4.885	31.5007
1399420860.968	y	12.4953	3.68272	4.874	31.5006
1399420860.976	n	12.4956	3.68273	4.861	31.5004
1399420860.983	n	12.4960	3.68272	4.850	31.5000
1399420861.000	n	12.4965	3.68271	4.834	31.4995
1399420861.061	n	12.4970	3.68268	4.821	31.4989
1399420861.123	n	12.4974	3.68267	4.804	31.4985
1399420861.184	n	12.4977	3.68267	4.791	31.4982
1399420861.248	n	12.4979	3.68268	4.780	31.4981
1399420861.310	n	12.4981	3.68270	4.767	31.4981
1399420861.372	n	12.4983	3.68272	4.753	31.4981
1399420861.438	y	12.4986	3.68271	4.740	31.4979
1399420861.501	n	12.4987	3.68272	4.725	31.4977
1399420861.560	n	12.4989	3.68271	4.715	31.4976
1399420861.623	n	12.4991	3.68271	4.700	31.4974
1399420861.687	n	12.4993	3.68272	4.689	31.4973
1399420861.750	n	12.4997	3.68271	4.675	31.4969
1399420861.810	n	12.5001	3.68269	4.661	31.4964
1399420861.873	n	12.5005	3.68266	4.648	31.4958
1399420861.935	n	12.5009	3.68264	4.635	31.4952
1399420861.999	n	12.5012	3.68263	4.621	31.4949
1399420862.060	n	12.5015	3.68264	4.606	31.4947
1399420862.122	n	12.5018	3.68266	4.592	31.4947
1399420862.184	n	12.5020	3.68266	4.578	31.4945
1399420862.247	n	12.5023	3.68265	4.568	31.4941
1399420862.310	n	12.5027	3.68263	4.559	31.4937
1399420862.372	n	12.5030	3.68261	4.544	31.4932
1399420862.436	n	12.5033	3.68261	4.531	31.4929
1399420862.498	n	12.5036	3.68262	4.523	31.4929
1399420862.559	n	12.5038	3.68264	4.507	31.4929
1399420862.624	n	12.5041	3.68267	4.495	31.4929
1399420862.686	n	12.5044	3.68268	4.487	31.4928
1399420862.747	n	12.5047	3.68269	4.473	31.4925
1399420862.810	n	12.5051	3.68268	4.462	31.4922
1399420862.872	n	12.5053	3.68268	4.452	31.4920
1399420862.937	n	12.5053	3.68267	4.439	31.4919
1399420862.998	n	12.5055	3.68267	4.428	31.4918
1399420863.061	n	12.5057	3.68267	4.416	31.4917
1399420863.123	n	12.5060	3.68268	4.404	31.4915
1399420863.186	n	12.5063	3.68268	4.395	31.4912
1399420863.247	n	12.5065	3.68269	4.385	31.4911
1399420863.310	n	12.5066	3.68269	4.373	31.4910
1399420863.373	n	12.5068	3.68269	4.361	31.4909
1399420863.436	n	12.5070	3.68270	4.348	31.4908
1399420863.499	n	12.5072	3.68271	4.341	31.4907
1399420863.560	n	12.5075	3.68273	4.329	31.4907
1399420863.624	n	12.5078	3.68274	4.322	31.4906
1399420863.687	n	12.5081	3.68276	4.309	31.4905
1399420863.748	n	12.5084	3.68277	4.300	31.4904
1399420863.812	n	12.5087	3.68277	4.288	31.4901
1399420863.874	n	12.5090	3.68276	4.276	31.4898
1399420863.936	n	12.5093	3.68275	4.262	31.4894
1399420863.999	n	12.5096	3.68272	4.252	31.4889
1399420864.061	n	12.5098	3.68271	4.242	31.4885
1399420864.124	n	12.5102	3.68268	4.233	31.4879
1399420864.185	n	12.5107	3.68264	4.224	31.4872
1399420864.249	n	12.5113	3.68261	4.212	31.4864
1399420864.310	n	12.5120	3.68260	4.201	31.4857
1399420864.373	n	12.5127	3.68259	4.191	31.4851
1399420864.435	n	12.5134	3.68261	4.181	31.4846
1399420864.497	n	12.5141	3.68262	4.171	31.4842
1399420864.560	n	12.5144	3.68264	4.164	31.4841
1399420864.622	n	12.5146	3.68265	4.153	31.4841
1399420864.686	n	12.5146	3.68265	4.139	31.4841
1399420864.747	n	12.5149	3.68267	4.129	31.4840
1399420864.810	n	12.5154	3.68268	4.118	31.4837
1399420864.874	n	12.5163	3.68271	4.107	31.4832
1399420864.936	n	12.5172	3.68272	4.098	31.4826
1399420864.999	n	12.5179	3.68272	4.088	31.4820
1399420865.090	y	12.5184	3.68272	4.080	31.4816
1399420865.230	y	12.5189	3.68274	4.066	31.4813
1399420865.238	n	12.5192	3.68276	4.056	31.4813
1399420865.249	n	12.5194	3.68280	4.045	31.4815
1399420865.394	y	12.5195	3.68283	4.036	31.4816
1399420865.399	n	12.5197	3.68285	4.026	31.4818
1399420865.437	n	12.5199	3.68288	4.016	31.4818
1399420865.498	n	12.5203	3.68289	4.009	31.4816
1399420865.560	n	12.5206	3.68289	4.000	31.4814
1399420865.623	n	12.5207	3.68288	3.989	31.4812
1399420865.685	n	12.5208	3.68287	3.982	31.4810
1399420865.748	n	12.5208	3.68286	3.974	31.4809
1399420865.811	n	12.5210	3.68287	3.968	31.4809
1399420865.874	n	12.5213	3.68288	3.958	31.4807
1399420865.935	n	12.5215	3.68290	3.948	31.4807
1399420866.000	n	12.5217	3.68291	3.939	31.4807
1399420866.060	n	12.5216	3.68292	3.927	31.4808
1399420866.123	n	12.5214	3.68292	3.919	31.4811
1399420866.185	n	12.5212	3.68293	3.907	31.4813
1399420866.249	n	12.5212	3.68293	3.901	31.4813
1399420866.310	n	12.5214	3.68296	3.890	31.4814
1399420866.373	n	12.5217	3.68299	3.878	31.4815
1399420866.434	n	12.5220	3.68303	3.866	31.4816
1399420866.498	n	12.5222	3.68306	3.854	31.4817
1399420866.560	n	12.5227	3.68310	3.845	31.4816
1399420866.623	n	12.5234	3.68312	3.836	31.4812
1399420866.687	n	12.5243	3.68312	3.825	31.4805
1399420866.748	n	12.5255	3.68312	3.813	31.4795
1399420866.811	n	12.5267	3.68312	3.803	31.4785
1399420866.873	n	12.5278	3.68312	3.793	31.4776
1399420866.935	n	12.5287	3.68311	3.782	31.4768
1399420866.999	n	12.5294	3.68310	3.771	31.4761
1399420867.060	n	12.5301	3.68307	3.759	31.4752
1399420867.123	n	12.5308	3.68303	3.747	31.4743
1399420867.185	n	12.5314	3.68299	3.737	31.4735
1399420867.249	n	12.5320	3.68295	3.722	31.4725
1399420867.311	n	12.5326	3.68289	3.711	31.4715
1399420867.372	n	12.5333	3.68284	3.701	31.4704
1399420867.436	n	12.5338	3.68280	3.683	31.4695
1399420867.500	n	12.5343	3.68278	3.671	31.4690
1399420867.560	n	12.5349	3.68279	3.658	31.4686
1399420867.622	n	12.5357	3.68281	3.645	31.4681
1399420867.687	n	12.5369	3.68284	3.631	31.4674
1399420867.748	n	12.5382	3.68286	3.618	31.4666
1399420867.811	n	12.5393	3.68288	3.603	31.4658
1399420867.873	n	12.5401	3.68289	3.583	31.4653
1399420867.937	n	12.5407	3.68290	3.570	31.4648
1399420867.999	n	12.5415	3.68291	3.558	31.4642
1399420868.061	n	12.5426	3.68292	3.545	31.4634
1399420868.124	n	12.5440	3.68295	3.533	31.4626
1399420868.187	n	12.5454	3.68298	3.519	31.4616
1399420868.249	n	12.5469	3.68301	3.504	31.4607
1399420868.310	n	12.5481	3.68304	3.489	31.4599
1399420868.373	n	12.5492	3.68306	3.476	31.4593
1399420868.435	n	12.5500	3.68309	3.462	31.4588
1399420868.498	n	12.5507	3.68311	3.449	31.4585
1399420868.560	n	12.5512	3.68313	3.434	31.4582
1399420868.623	n	12.5517	3.68314	3.423	31.4579
1399420868.685	n	12.5521	3.68314	3.406	31.4576
1399420868.765	y	12.5526	3.68315	3.392	31.4573
1399420868.810	n	12.5531	3.68316	3.379	31.4570
1399420868.873	n	12.5536	3.68318	3.363	31.4568
1399420868.937	n	12.5541	3.68321	3.351	31.4566
1399420869.000	n	12.5546	3.68323	3.334	31.4564
1399420869.060	n	12.5552	3.68324	3.322	31.4561
1399420869.122	n	12.5558	3.68325	3.309	31.4556
1399420869.185	n	12.5565	3.68326	3.293	31.4551
1399420869.248	n	12.5573	3.68328	3.277	31.4546
1399420869.433	y	12.5582	3.68330	3.263	31.4541
1399420869.442	n	12.5590	3.68333	3.251	31.4538
1399420869.449	n	12.5597	3.68337	3.233	31.4535
1399420869.498	n	12.5604	3.68340	3.218	31.4532
1399420869.560	n	12.5611	3.68342	3.205	31.4529
1399420869.623	n	12.5619	3.68344	3.194	31.4523
1399420869.685	n	12.5627	3.68346	3.179	31.4518
1399420869.748	n	12.5637	3.68349	3.163	31.4514
1399420869.811	n	12.5648	3.68353	3.148	31.4509
1399420869.873	n	12.5659	3.68359	3.136	31.4504
1399420869.935	n	12.5672	3.68364	3.124	31.4499
1399420869.999	n	12.5685	3.68370	3.107	31.4494
1399420870.061	n	12.5699	3.68377	3.092	31.4489
1399420870.124	n	12.5714	3.68384	3.080	31.4483
1399420870.187	n	12.5729	3.68391	3.067	31.4476
1399420870.248	n	12.5744	3.68396	3.049	31.4469
1399420870.311	n	12.5761	3.68400	3.033	31.4459
1399420870.372	n	12.5777	3.68404	3.022	31.4449
1399420870.437	n	12.5794	3.68407	3.007	31.4438
1399420870.499	n	12.5809	3.68410	2.993	31.4429
1399420870.560	n	12.5822	3.68414	2.979	31.4422
1399420870.622	n	12.5832	3.68418	2.966	31.4417
1399420870.687	n	12.5841	3.68422	2.954	31.4413
1399420870.748	n	12.5848	3.68425	2.940	31.4411
1399420870.811	n	12.5852	3.68428	2.924	31.4410
1399420870.873	n	12.5857	3.68430	2.912	31.4408
1399420870.935	n	12.5862	3.68432	2.897	31.4406
1399420870.998	n	12.5869	3.68433	2.884	31.4401
1399420871.061	n	12.5877	3.68435	2.872	31.4396
1399420871.123	n	12.5884	3.68440	2.859	31.4394
1399420871.186	n	12.5890	3.68444	2.846	31.4394
1399420871.248	n	12.5893	3.68448	2.833	31.4395
1399420871.311	n	12.5894	3.68451	2.820	31.4397
1399420871.373	n	12.5896	3.68451	2.808	31.4396
1399420871.437	n	12.5898	3.68452	2.793	31.4394
1399420871.499	n	12.5903	3.68452	2.777	31.4391
1399420871.561	n	12.5908	3.68453	2.766	31.4387
1399420871.624	n	12.5912	3.68453	2.753	31.4385
1399420871.685	n	12.5913	3.68454	2.740	31.4384
1399420871.749	n	12.5913	3.68454	2.726	31.4384
1399420871.811	n	12.5912	3.68455	2.714	31.4386
1399420871.873	n	12.5910	3.68456	2.702	31.4389
1399420871.935	n	12.5909	3.68457	2.690	31.4391
1399420871.998	n	12.5909	3.68457	2.676	31.4390
1399420872.061	n	12.5910	3.68454	2.668	31.4387
1399420872.123	n	12.5912	3.68452	2.653	31.4384
1399420872.186	n	12.5916	3.68454	2.639	31.4383
1399420872.248	n	12.5921	3.68460	2.630	31.4384
1399420872.311	n	12.5926	3.68471	2.617	31.4389
1399420872.373	n	12.5932	3.68481	2.608	31.4394
1399420872.437	y	12.5938	3.68488	2.594	31.4397
1399420872.497	n	12.5944	3.68496	2.581	31.4398
1399420872.560	n	12.5951	3.68503	2.569	31.4399
1399420872.622	n	12.5959	3.68509	2.557	31.4399
1399420872.687	n	12.5966	3.68515	2.546	31.4399
1399420872.748	n	12.5975	3.68521	2.536	31.4397
1399420872.810	n	12.5985	3.68526	2.524	31.4394
1399420872.873	n	12.5996	3.68530	2.512	31.4388
1399420872.937	n	12.6009	3.68533	2.499	31.4379
1399420872.999	n	12.6023	3.68535	2.490	31.4370
1399420873.060	n	12.6037	3.68536	2.478	31.4359
1399420873.122	n	12.6052	3.68535	2.465	31.4346
1399420873.186	n	12.6068	3.68532	2.453	31.4330
1399420873.249	n	12.6088	3.68524	2.441	31.4306
1399420873.310	n	12.6111	3.68513	2.427	31.4276
1399420873.372	n	12.6136	3.68502	2.416	31.4245
1399420873.435	n	12.6162	3.68490	2.404	31.4212
1399420873.499	n	12.6186	3.68478	2.390	31.4181
1399420873.667	y	12.6207	3.68469	2.384	31.4155
1399420873.676	n	12.6226	3.68462	2.376	31.4132
1399420873.687	n	12.6246	3.68459	2.361	31.4113
1399420873.749	n	12.6269	3.68465	2.348	31.4099
1399420873.810	n	12.6298	3.68477	2.337	31.4086
1399420873.873	n	12.6333	3.68493	2.326	31.4073
1399420873.936	n	12.6369	3.68513	2.313	31.4061
1399420873.999	n	12.6402	3.68535	2.304	31.4055
1399420874.061	n	12.6425	3.68556	2.294	31.4056
1399420874.123	n	12.6440	3.68574	2.281	31.4060
1399420874.186	n	12.6454	3.68587	2.270	31.4060
1399420874.248	n	12.6478	3.68601	2.261	31.4054
1399420874.311	n	12.6514	3.68622	2.247	31.4044
1399420874.374	n	12.6558	3.68650	2.233	31.4034
1399420874.436	n	12.6601	3.68681	2.221	31.4027
1399420874.498	n	12.6634	3.68706	2.210	31.4024
1399420874.560	n	12.6654	3.68722	2.195	31.4023
1399420874.623	n	12.6665	3.68731	2.180	31.4022
1399420874.685	n	12.6671	3.68739	2.165	31.4024
1399420874.748	n	12.6678	3.68749	2.151	31.4029
1399420874.811	n	12.6689	3.68761	2.139	31.4030
1399420874.872	n	12.6710	3.68773	2.123	31.4025
1399420874.935	n	12.6737	3.68781	2.108	31.4009
1399420874.998	n	12.6772	3.68786	2.093	31.3985
1399420875.060	n	12.6811	3.68790	2.078	31.3956
1399420875.124	n	12.6856	3.68799	2.063	31.3928
1399420875.187	n	12.6904	3.68817	2.046	31.3905
1399420875.248	n	12.6959	3.68847	2.029	31.3888
1399420875.312	n	12.7018	3.68884	2.015	31.3874
1399420875.373	n	12.7076	3.68922	2.001	31.3860
1399420875.436	n	12.7129	3.68952	1.986	31.3846
1399420875.497	n	12.7169	3.68972	1.970	31.3831
1399420875.560	n	12.7197	3.68984	1.954	31.3820
1399420875.622	n	12.7217	3.68995	1.938	31.3813
1399420875.687	n	12.7241	3.69014	1.925	31.3811
1399420875.748	n	12.7280	3.69049	1.910	31.3811
1399420875.811	n	12.7345	3.69097	1.896	31.3803
1399420875.873	n	12.7437	3.69150	1.882	31.3777
1399420875.935	n	12.7537	3.69200	1.868	31.3742
1399420876.000	n	12.7615	3.69243	1.854	31.3717
1399420876.062	y	12.7659	3.69282	1.844	31.3717
1399420876.123	n	12.7667	3.69319	1.830	31.3745
1399420876.185	n	12.7654	3.69355	1.819	31.3791
1399420876.248	n	12.7665	3.69389	1.802	31.3813
1399420876.310	n	12.7729	3.69418	1.794	31.3788
1399420876.372	n	12.7838	3.69438	1.783	31.3716
1399420876.435	n	12.7974	3.69450	1.774	31.3614
1399420876.498	n	12.8107	3.69460	1.760	31.3514
1399420876.561	n	12.8217	3.69482	1.751	31.3442
1399420876.623	n	12.8325	3.69526	1.735	31.3395
1399420876.684	n	12.8465	3.69589	1.727	31.3338
1399420876.748	n	12.8648	3.69672	1.715	31.3264
1399420876.811	n	12.8861	3.69772	1.699	31.3183
1399420876.874	n	12.9073	3.69880	1.686	31.3109
1399420876.936	n	12.9271	3.69989	1.675	31.3048
1399420876.999	n	12.9457	3.70093	1.661	31.2991
1399420877.061	n	12.9641	3.70187	1.648	31.2928
1399420877.124	n	12.9829	3.70280	1.637	31.2861
1399420877.186	n	13.0011	3.70375	1.620	31.2799
1399420877.249	n	13.0171	3.70460	1.608	31.2748
1399420877.311	n	13.0301	3.70531	1.594	31.2707
1399420877.373	n	13.0408	3.70590	1.578	31.2675
1399420877.435	n	13.0503	3.70657	1.564	31.2658
1399420877.499	n	13.0614	3.70762	1.551	31.2665
1399420877.561	n	13.0769	3.70908	1.538	31.2675
1399420877.623	n	13.0967	3.71072	1.523	31.2665
1399420877.686	n	13.1184	3.71221	1.510	31.2626
1399420877.749	n	13.1384	3.71331	1.498	31.2565
1399420877.925	y	13.1573	3.71452	1.487	31.2522
1399420877.931	n	13.1811	3.71643	1.472	31.2505
1399420877.937	n	13.2079	3.71879	1.460	31.2506
1399420877.998	n	13.2295	3.72094	1.448	31.2529
1399420878.061	n	13.2406	3.72237	1.436	31.2571
1399420878.123	n	13.2408	3.72300	1.425	31.2628
1399420878.187	n	13.2371	3.72334	1.412	31.2691
1399420878.247	n	13.2423	3.72373	1.402	31.2685
1399420878.311	n	13.2597	3.72399	1.395	31.2566
1399420878.373	n	13.2847	3.72422	1.382	31.2382
1399420878.436	n	13.3156	3.72468	1.368	31.2172
1399420878.497	n	13.3505	3.72573	1.361	31.1983
1399420878.561	n	13.3848	3.72704	1.353	31.1826
1399420878.624	n	13.4104	3.72773	1.340	31.1680
1399420878.687	n	13.4175	3.72729	1.332	31.1582
1399420878.748	n	13.4029	3.72642	1.321	31.1619
1399420878.811	n	13.3743	3.72597	1.311	31.1812
1399420878.874	n	13.3449	3.72652	1.305	31.2104
1399420878.935	n	13.3249	3.72784	1.295	31.2390
1399420878.999	n	13.3170	3.72917	1.286	31.2579
1399420879.061	n	13.3189	3.72994	1.277	31.2635
1399420879.123	n	13.3236	3.73007	1.271	31.2609
1399420879.186	n	13.3273	3.72957	1.263	31.2532
1399420879.247	n	13.3284	3.72855	1.253	31.2429
1399420879.310	n	13.3242	3.72721	1.248	31.2338
1399420879.373	n	13.3198	3.72598	1.244	31.2259
1399420879.436	n	13.3235	3.72527	1.237	31.2163
1399420879.498	n	13.3349	3.72519	1.227	31.2062
1399420879.562	n	13.3529	3.72558	1.221	31.1951
1399420879.623	n	13.3745	3.72660	1.214	31.1869
1399420879.686	n	13.3951	3.72812	1.206	31.1842
1399420879.815	y	13.4168	3.72995	1.193	31.1835
1399420879.820	n	13.4400	3.73170	1.181	31.1808
1399420879.872	n	13.4614	3.73289	1.175	31.1743
1399420879.936	n	13.4806	3.73345	1.161	31.1638
1399420879.998	n	13.4998	3.73392	1.153	31.1526
1399420880.060	n	13.5203	3.73459	1.139	31.1421
1399420880.122	n	13.5417	3.73550	1.129	31.1331
1399420880.185	n	13.5615	3.73650	1.116	31.1263
1399420880.249	n	13.5786	3.73740	1.103	31.1206
1399420880.310	n	13.5941	3.73827	1.087	31.1161
1399420880.372	n	13.6086	3.73920	1.074	31.1130
1399420880.435	n	13.6198	3.74024	1.061	31.1135
1399420880.499	n	13.6259	3.74122	1.045	31.1175
1399420880.561	n	13.6254	3.74178	1.033	31.1232
1399420880.624	n	13.6197	3.74171	1.021	31.1272
1399420880.687	n	13.6118	3.74116	1.013	31.1285
1399420880.798	y	13.6027	3.74024	1.002	31.1274
1399420880.811	n	13.5929	3.73930	0.991	31.1266
1399420880.873	n	13.5840	3.73853	0.980	31.1268
1399420880.936	n	13.5765	3.73798	0.972	31.1278
1399420880.999	n	13.5707	3.73760	0.963	31.1289
1399420881.061	n	13.5674	3.73740	0.956	31.1298
1399420881.124	n	13.5672	3.73744	0.949	31.1303
1399420881.186	n	13.5706	3.73770	0.944	31.1300
1399420881.248	n	13.5785	3.73814	0.937	31.1277
1399420881.311	n	13.5893	3.73871	0.927	31.1241
1399420881.372	n	13.6008	3.73925	0.923	31.1198
1399420881.437	n	13.6110	3.73968	0.917	31.1155
1399420881.499	n	13.6185	3.74004	0.913	31.1127
1399420881.561	n	13.6238	3.74033	0.906	31.1110
1399420881.623	n	13.6301	3.74054	0.902	31.1079
1399420881.686	n	13.6374	3.74072	0.896	31.1037
1399420881.749	n	13.6445	3.74089	0.893	31.0995
1399420881.810	n	13.6511	3.74108	0.888	31.0959
1399420881.873	n	13.6548	3.74129	0.885	31.0948
1399420881.937	n	13.6529	3.74146	0.884	31.0979
1399420881.998	n	13.6458	3.74149	0.882	31.1039
1399420882.206	y	13.6356	3.74136	0.876	31.1111
1399420882.212	n	13.6248	3.74111	0.876	31.1175
1399420882.217	n	13.6182	3.74085	0.874	31.1205
1399420882.247	n	13.6181	3.74077	0.869	31.1199
1399420882.310	n	13.6210	3.74087	0.865	31.1183
1399420882.373	n	13.6236	3.74102	0.858	31.1177
1399420882.436	n	13.6246	3.74109	0.854	31.1175
1399420882.499	n	13.6246	3.74110	0.850	31.1176
1399420882.561	n	13.6264	3.74120	0.841	31.1170
1399420882.622	n	13.6331	3.74157	0.834	31.1151
1399420882.687	n	13.6442	3.74215	0.827	31.1114
1399420882.749	n	13.6568	3.74276	0.813	31.1068
1399420882.811	n	13.6681	3.74321	0.800	31.1018
1399420882.874	n	13.6744	3.74343	0.794	31.0986
1399420882.936	n	13.6752	3.74340	0.778	31.0977
1399420883.002	n	13.6727	3.74324	0.765	31.0983
1399420883.060	n	13.6694	3.74302	0.750	31.0989
1399420883.122	n	13.6677	3.74285	0.734	31.0988
1399420883.185	n	13.6682	3.74282	0.722	31.0981
1399420883.249	n	13.6705	3.74289	0.708	31.0969
1399420883.313	y	13.6747	3.74305	0.693	31.0949
1399420883.373	n	13.6802	3.74334	0.680	31.0932
1399420883.436	n	13.6858	3.74372	0.670	31.0921
1399420883.497	n	13.6914	3.74416	0.659	31.0916
1399420883.560	n	13.6968	3.74459	0.648	31.0913
1399420883.622	n	13.7029	3.74503	0.638	31.0903
1399420883.685	n	13.7107	3.74550	0.631	31.0884
1399420883.748	n	13.7194	3.74603	0.628	31.0862
1399420883.811	n	13.7275	3.74653	0.626	31.0843
1399420883.873	n	13.7332	3.74513	0.622	31.0667
1399420883.941	n	13.7355	3.73947	0.617	31.0127
1399420883.998	n	13.7350	3.73560	0.612	30.9774
1399420884.060	n	13.7327	3.73466	0.611	30.9706
1399420884.123	n	13.7292	3.73689	0.608	30.9939
1399420884.187	n	13.7255	3.74166	0.604	31.0410
1399420884.248	n	13.7212	3.74587	0.599	31.0833
1399420884.311	n	13.7162	3.74558	0.598	31.0847
1399420884.372	n	13.7111	3.74526	0.594	31.0858
1399420884.436	n	13.7068	3.74501	0.590	31.0870
1399420884.498	n	13.7032	3.74482	0.586	31.0882
