Source File: D:\Storage\Programs\OOI\Group 5\Correspondence\07_18_14 sample files\files\11267499.PPB
Processed: 07/18/2014 12:28:02
Using Version: 1.11
Device: CTD
Start Date: 05/06/2014
Timestamp (s)	Suspect Timestamp	Temperature	Conductivity	Pressure	Salinity
1399399182.732	y	12.0963	3.67622	20.898	31.7689
1399399182.794	n	12.0964	3.67619	20.880	31.7684
1399399182.856	n	12.0965	3.67627	20.872	31.7691
1399399182.922	n	12.0964	3.67622	20.898	31.7688
1399399182.981	n	12.0965	3.67619	20.880	31.7684
1399399183.044	n	12.0964	3.67624	20.845	31.7690
1399399183.106	n	12.0965	3.67622	20.840	31.7687
1399399183.171	n	12.0965	3.67622	20.872	31.7687
1399399183.234	n	12.0965	3.67623	20.863	31.7687
1399399183.295	n	12.0965	3.67623	20.855	31.7688
1399399183.358	n	12.0965	3.67622	20.845	31.7687
1399399183.423	n	12.0965	3.67622	20.840	31.7686
1399399183.483	n	12.0965	3.67621	20.833	31.7686
1399399183.545	n	12.0965	3.67621	20.826	31.7686
1399399183.608	n	12.0965	3.67622	20.816	31.7687
1399399183.672	n	12.0965	3.67623	20.812	31.7688
1399399183.733	n	12.0965	3.67623	20.804	31.7688
1399399183.796	n	12.0965	3.67622	20.798	31.7687
1399399183.859	n	12.0965	3.67621	20.791	31.7686
1399399183.923	n	12.0965	3.67621	20.786	31.7686
1399399183.983	n	12.0965	3.67621	20.783	31.7686
1399399184.045	n	12.0965	3.67622	20.777	31.7687
1399399184.109	n	12.0965	3.67623	20.769	31.7688
1399399184.172	n	12.0965	3.67622	20.765	31.7687
1399399184.236	n	12.0965	3.67622	20.765	31.7687
1399399185.287	n	12.0965	3.67621	20.760	31.7686
1399399185.304	n	12.0966	3.67621	20.755	31.7685
1399399185.321	n	12.0966	3.67621	20.750	31.7684
1399399185.332	n	12.0966	3.67620	20.746	31.7684
1399399185.337	n	12.0966	3.67619	20.746	31.7684
1399399185.343	n	12.0966	3.67619	20.745	31.7683
1399399185.349	n	12.0967	3.67619	20.744	31.7683
1399399185.355	n	12.0967	3.67620	20.739	31.7683
1399399185.362	n	12.0968	3.67620	20.741	31.7682
1399399185.368	n	12.0968	3.67620	20.740	31.7682
1399399185.373	n	12.0968	3.67619	20.737	31.7681
1399399185.379	n	12.0968	3.67618	20.736	31.7681
1399399185.385	n	12.0968	3.67617	20.741	31.7680
1399399185.391	n	12.0968	3.67618	20.744	31.7680
1399399185.397	n	12.0968	3.67617	20.743	31.7680
1399399185.403	n	12.0969	3.67617	20.742	31.7679
1399399185.409	n	12.0969	3.67617	20.746	31.7678
1399399185.415	n	12.0970	3.67617	20.748	31.7678
1399399185.422	n	12.0970	3.67618	20.749	31.7679
1399399185.485	n	12.0970	3.67620	20.750	31.7680
1399399185.546	n	12.0970	3.67620	20.753	31.7681
1399399185.608	n	12.0970	3.67619	20.757	31.7680
1399399185.670	n	12.0970	3.67618	20.758	31.7679
1399399185.734	n	12.0971	3.67618	20.766	31.7678
1399399185.795	n	12.0971	3.67618	20.770	31.7679
1399399185.858	n	12.0971	3.67619	20.773	31.7680
1399399185.924	n	12.0971	3.67620	20.777	31.7680
1399399185.985	n	12.0972	3.67620	20.784	31.7680
1399399186.047	n	12.0972	3.67619	20.791	31.7678
1399399186.108	n	12.0973	3.67619	20.795	31.7677
1399399186.171	n	12.0973	3.67618	20.804	31.7676
1399399186.235	n	12.0973	3.67618	20.808	31.7676
1399399186.296	n	12.0973	3.67617	20.814	31.7676
1399399186.358	n	12.0973	3.67617	20.826	31.7675
1399399186.423	n	12.0973	3.67617	20.833	31.7675
1399399186.483	n	12.0974	3.67617	20.839	31.7675
1399399186.546	n	12.0975	3.67618	20.850	31.7674
1399399186.608	n	12.0976	3.67617	20.858	31.7673
1399399186.672	n	12.0977	3.67617	20.865	31.7671
1399399186.734	n	12.0978	3.67616	20.876	31.7670
1399399186.796	n	12.0979	3.67616	20.886	31.7669
1399399186.860	n	12.0979	3.67616	20.898	31.7670
1399399186.925	n	12.0978	3.67616	20.906	31.7669
1399399186.986	n	12.0978	3.67616	20.918	31.7669
1399399187.046	n	12.0979	3.67616	20.927	31.7669
1399399187.109	n	12.0979	3.67617	20.938	31.7669
1399399187.171	n	12.0980	3.67617	20.947	31.7669
1399399187.233	n	12.0981	3.67618	20.957	31.7669
1399399187.295	n	12.0982	3.67618	20.971	31.7668
1399399187.359	n	12.0983	3.67618	20.980	31.7667
1399399187.420	n	12.0983	3.67618	20.991	31.7667
1399399187.482	n	12.0984	3.67619	21.004	31.7667
1399399187.546	n	12.0984	3.67619	21.016	31.7666
1399399187.609	n	12.0985	3.67619	21.024	31.7666
1399399187.672	n	12.0985	3.67619	21.037	31.7666
1399399187.733	n	12.0986	3.67619	21.052	31.7666
1399399187.796	n	12.0986	3.67620	21.061	31.7665
1399399187.858	n	12.0987	3.67620	21.077	31.7665
1399399187.924	n	12.0987	3.67620	21.087	31.7665
1399399187.984	n	12.0987	3.67620	21.098	31.7665
1399399188.047	n	12.0987	3.67620	21.111	31.7665
1399399188.107	n	12.0988	3.67620	21.124	31.7664
1399399188.170	n	12.0988	3.67619	21.136	31.7663
1399399188.234	n	12.0988	3.67619	21.149	31.7663
1399399188.297	n	12.0988	3.67618	21.161	31.7662
1399399188.358	n	12.0988	3.67619	21.170	31.7663
1399399188.438	y	12.0988	3.67620	21.185	31.7663
1399399188.484	n	12.0988	3.67620	21.197	31.7663
1399399188.546	n	12.0988	3.67620	21.211	31.7663
1399399188.608	n	12.0988	3.67620	21.221	31.7663
1399399188.673	n	12.0988	3.67620	21.232	31.7664
1399399188.734	n	12.0988	3.67621	21.243	31.7665
1399399188.797	n	12.0988	3.67621	21.254	31.7665
1399399188.859	n	12.0988	3.67621	21.265	31.7664
1399399188.921	n	12.0988	3.67620	21.278	31.7664
1399399189.120	y	12.0988	3.67620	21.290	31.7663
1399399189.128	n	12.0988	3.67620	21.297	31.7663
1399399189.134	n	12.0987	3.67621	21.310	31.7665
1399399189.173	n	12.0987	3.67622	21.321	31.7666
1399399189.234	n	12.0987	3.67621	21.327	31.7666
1399399189.296	n	12.0987	3.67622	21.335	31.7666
1399399189.357	n	12.0987	3.67622	21.348	31.7666
1399399189.422	n	12.0986	3.67623	21.360	31.7667
1399399189.485	n	12.0986	3.67624	21.367	31.7669
1399399189.545	n	12.0986	3.67625	21.377	31.7669
1399399189.610	n	12.0987	3.67624	21.385	31.7668
1399399189.672	n	12.0987	3.67623	21.392	31.7667
1399399189.732	n	12.0987	3.67622	21.402	31.7666
1399399189.795	n	12.0987	3.67622	21.411	31.7665
1399399189.857	n	12.0987	3.67621	21.417	31.7665
1399399189.925	n	12.0986	3.67621	21.425	31.7666
1399399189.986	n	12.0986	3.67622	21.434	31.7666
1399399190.045	n	12.0987	3.67622	21.441	31.7666
1399399190.108	n	12.0987	3.67622	21.446	31.7666
1399399190.171	n	12.0987	3.67622	21.453	31.7666
1399399190.232	n	12.0987	3.67622	21.456	31.7666
1399399190.297	n	12.0987	3.67622	21.463	31.7666
1399399190.359	n	12.0987	3.67623	21.468	31.7666
1399399190.421	n	12.0988	3.67622	21.469	31.7665
1399399190.485	n	12.0988	3.67622	21.473	31.7664
1399399190.546	n	12.0989	3.67621	21.480	31.7663
1399399190.609	n	12.0990	3.67622	21.482	31.7662
1399399190.673	n	12.0991	3.67622	21.485	31.7663
1399399190.734	n	12.0991	3.67623	21.487	31.7663
1399399190.796	n	12.0990	3.67623	21.490	31.7663
1399399190.858	n	12.0990	3.67623	21.490	31.7663
1399399190.921	n	12.0991	3.67623	21.495	31.7663
1399399190.985	n	12.0991	3.67622	21.492	31.7662
1399399191.046	n	12.0991	3.67622	21.493	31.7662
1399399191.108	n	12.0990	3.67623	21.491	31.7663
1399399191.172	n	12.0989	3.67622	21.489	31.7663
1399399191.232	n	12.0989	3.67622	21.491	31.7664
1399399191.295	n	12.0989	3.67622	21.490	31.7664
1399399191.359	n	12.0989	3.67622	21.490	31.7663
1399399191.421	n	12.0990	3.67622	21.490	31.7663
1399399191.484	n	12.0990	3.67623	21.492	31.7664
1399399191.545	n	12.0990	3.67623	21.489	31.7663
1399399191.609	n	12.0990	3.67623	21.482	31.7664
1399399191.671	n	12.0990	3.67623	21.482	31.7663
1399399191.734	n	12.0990	3.67623	21.477	31.7664
1399399191.796	n	12.0990	3.67623	21.472	31.7663
1399399191.858	n	12.0990	3.67623	21.465	31.7664
1399399191.925	n	12.0990	3.67623	21.463	31.7664
1399399191.985	n	12.0989	3.67623	21.456	31.7665
1399399192.045	n	12.0989	3.67623	21.449	31.7665
1399399192.109	y	12.0989	3.67623	21.443	31.7665
1399399192.172	n	12.0989	3.67623	21.436	31.7664
1399399192.233	n	12.0990	3.67623	21.430	31.7664
1399399192.296	n	12.0990	3.67623	21.420	31.7663
1399399192.359	n	12.0990	3.67623	21.415	31.7664
1399399192.421	n	12.0990	3.67623	21.408	31.7665
1399399192.484	n	12.0990	3.67624	21.398	31.7665
1399399192.546	y	12.0990	3.67624	21.387	31.7665
1399399192.608	n	12.0990	3.67623	21.377	31.7664
1399399192.671	n	12.0991	3.67621	21.367	31.7662
1399399192.734	n	12.0991	3.67621	21.356	31.7661
1399399192.796	n	12.0992	3.67620	21.350	31.7660
1399399192.859	n	12.0992	3.67621	21.338	31.7660
1399399192.923	n	12.0992	3.67620	21.329	31.7660
1399399192.985	n	12.0993	3.67620	21.315	31.7659
1399399193.045	n	12.0993	3.67620	21.303	31.7659
1399399193.108	n	12.0993	3.67620	21.290	31.7659
1399399193.171	n	12.0993	3.67620	21.281	31.7660
1399399193.373	y	12.0992	3.67621	21.267	31.7660
1399399193.385	n	12.0993	3.67621	21.254	31.7661
1399399193.392	n	12.0993	3.67621	21.243	31.7660
1399399193.423	n	12.0993	3.67621	21.227	31.7660
1399399193.485	n	12.0994	3.67621	21.215	31.7660
1399399193.829	n	12.0994	3.67621	21.198	31.7660
1399399193.838	n	12.0993	3.67621	21.184	31.7660
1399399193.843	n	12.0993	3.67621	21.170	31.7661
1399399193.849	n	12.0993	3.67621	21.162	31.7660
1399399193.853	n	12.0993	3.67620	21.151	31.7660
1399399193.858	n	12.0993	3.67620	21.130	31.7660
1399399193.922	n	12.0994	3.67620	21.118	31.7659
1399399193.985	n	12.0994	3.67620	21.105	31.7659
1399399194.046	n	12.0994	3.67620	21.089	31.7659
1399399194.109	n	12.0994	3.67620	21.070	31.7659
1399399194.171	n	12.0994	3.67619	21.056	31.7659
1399399194.234	n	12.0994	3.67619	21.043	31.7658
1399399194.297	n	12.0994	3.67618	21.028	31.7657
1399399194.359	n	12.0994	3.67618	21.013	31.7658
1399399194.422	n	12.0995	3.67618	20.999	31.7657
1399399194.484	n	12.0995	3.67618	20.983	31.7657
1399399194.545	n	12.0995	3.67617	20.967	31.7657
1399399194.609	n	12.0995	3.67617	20.951	31.7657
1399399194.672	n	12.0995	3.67618	20.935	31.7657
1399399194.734	n	12.0996	3.67619	20.920	31.7657
1399399194.795	n	12.0996	3.67619	20.905	31.7657
1399399194.858	n	12.0996	3.67617	20.888	31.7656
1399399194.922	n	12.0995	3.67615	20.876	31.7654
1399399194.984	n	12.0996	3.67614	20.862	31.7652
1399399195.046	n	12.0996	3.67612	20.845	31.7651
1399399195.108	n	12.0996	3.67612	20.828	31.7650
1399399195.172	n	12.0996	3.67612	20.816	31.7650
1399399195.234	n	12.0996	3.67611	20.800	31.7650
1399399195.296	n	12.0997	3.67610	20.786	31.7649
1399399195.359	n	12.0998	3.67610	20.769	31.7648
1399399195.420	n	12.0998	3.67611	20.749	31.7649
1399399195.484	n	12.0998	3.67613	20.738	31.7650
1399399195.545	n	12.0998	3.67614	20.724	31.7651
1399399195.610	n	12.0998	3.67614	20.707	31.7651
1399399195.672	y	12.0998	3.67613	20.691	31.7650
1399399195.733	n	12.0998	3.67612	20.678	31.7649
1399399195.796	n	12.0998	3.67612	20.664	31.7649
1399399195.858	n	12.0998	3.67612	20.649	31.7649
1399399195.920	n	12.0998	3.67612	20.636	31.7649
1399399195.985	n	12.0999	3.67612	20.623	31.7649
1399399196.045	n	12.0999	3.67611	20.607	31.7648
1399399196.109	n	12.0999	3.67611	20.594	31.7648
1399399196.170	n	12.0999	3.67612	20.582	31.7648
1399399196.233	n	12.1000	3.67612	20.565	31.7649
1399399196.296	n	12.1000	3.67612	20.550	31.7649
1399399196.358	n	12.1000	3.67613	20.534	31.7649
1399399196.421	n	12.1001	3.67612	20.521	31.7648
1399399196.484	n	12.1001	3.67611	20.509	31.7647
1399399196.546	n	12.1001	3.67610	20.494	31.7646
1399399196.609	n	12.1001	3.67609	20.482	31.7645
1399399196.671	n	12.1001	3.67608	20.468	31.7644
1399399196.734	n	12.1001	3.67608	20.454	31.7645
1399399196.797	n	12.1001	3.67608	20.442	31.7644
1399399196.858	n	12.1001	3.67608	20.429	31.7644
1399399196.922	n	12.1002	3.67608	20.416	31.7644
1399399196.983	n	12.1002	3.67608	20.401	31.7643
1399399197.046	n	12.1003	3.67608	20.385	31.7643
1399399197.109	n	12.1003	3.67608	20.371	31.7643
1399399197.171	n	12.1004	3.67608	20.360	31.7642
1399399197.344	y	12.1004	3.67608	20.349	31.7642
1399399197.349	n	12.1004	3.67607	20.335	31.7641
1399399197.358	n	12.1003	3.67607	20.320	31.7642
1399399197.422	n	12.1003	3.67607	20.308	31.7642
1399399197.484	n	12.1003	3.67608	20.296	31.7643
1399399197.546	n	12.1003	3.67609	20.286	31.7643
1399399197.608	n	12.1004	3.67609	20.273	31.7643
1399399197.673	n	12.1004	3.67608	20.259	31.7642
1399399197.733	n	12.1004	3.67608	20.245	31.7642
1399399197.795	n	12.1004	3.67608	20.232	31.7642
1399399197.859	n	12.1005	3.67608	20.222	31.7641
1399399197.924	n	12.1005	3.67608	20.211	31.7641
1399399197.985	n	12.1006	3.67606	20.201	31.7640
1399399198.047	n	12.1006	3.67606	20.185	31.7639
1399399198.109	n	12.1007	3.67606	20.174	31.7638
1399399198.170	n	12.1008	3.67607	20.163	31.7638
1399399198.234	n	12.1008	3.67608	20.151	31.7639
1399399198.296	n	12.1008	3.67608	20.135	31.7640
1399399198.358	n	12.1008	3.67608	20.122	31.7639
1399399198.421	n	12.1008	3.67607	20.114	31.7639
1399399198.482	n	12.1008	3.67607	20.099	31.7639
1399399198.545	n	12.1008	3.67606	20.090	31.7638
1399399198.609	n	12.1009	3.67606	20.079	31.7638
1399399198.670	n	12.1009	3.67606	20.068	31.7637
1399399198.734	n	12.1010	3.67605	20.058	31.7636
1399399198.796	n	12.1010	3.67605	20.046	31.7635
1399399198.858	n	12.1010	3.67604	20.031	31.7634
1399399198.924	n	12.1011	3.67603	20.020	31.7633
1399399198.985	n	12.1011	3.67603	20.009	31.7633
1399399199.045	n	12.1012	3.67603	20.002	31.7632
1399399199.109	n	12.1012	3.67603	19.988	31.7632
1399399199.171	n	12.1012	3.67604	19.979	31.7633
1399399199.233	n	12.1012	3.67605	19.972	31.7633
1399399199.295	n	12.1012	3.67605	19.957	31.7634
1399399199.398	y	12.1012	3.67605	19.947	31.7634
1399399199.421	n	12.1012	3.67604	19.935	31.7633
1399399199.483	n	12.1012	3.67603	19.927	31.7632
1399399199.545	n	12.1013	3.67603	19.914	31.7632
1399399199.608	n	12.1014	3.67603	19.906	31.7631
1399399199.671	n	12.1014	3.67603	19.894	31.7631
1399399199.734	n	12.1015	3.67603	19.883	31.7630
1399399199.796	n	12.1015	3.67603	19.871	31.7630
1399399199.859	n	12.1015	3.67603	19.861	31.7630
1399399199.924	n	12.1015	3.67603	19.848	31.7630
1399399199.983	n	12.1016	3.67603	19.836	31.7630
1399399200.046	n	12.1017	3.67603	19.825	31.7629
1399399200.108	n	12.1018	3.67603	19.816	31.7628
1399399200.172	n	12.1018	3.67603	19.803	31.7628
1399399200.234	n	12.1017	3.67603	19.790	31.7628
1399399200.297	n	12.1017	3.67603	19.780	31.7629
1399399200.358	n	12.1018	3.67603	19.766	31.7628
1399399200.421	n	12.1018	3.67603	19.757	31.7628
1399399200.484	n	12.1019	3.67603	19.746	31.7627
1399399200.547	n	12.1019	3.67603	19.726	31.7627
1399399200.609	n	12.1020	3.67602	19.718	31.7626
1399399200.672	n	12.1021	3.67602	19.707	31.7625
1399399200.733	n	12.1022	3.67602	19.695	31.7624
1399399200.795	n	12.1023	3.67601	19.684	31.7622
1399399200.859	n	12.1023	3.67600	19.670	31.7621
1399399200.923	n	12.1023	3.67599	19.658	31.7620
1399399200.985	n	12.1024	3.67599	19.645	31.7619
1399399201.045	n	12.1024	3.67599	19.636	31.7620
1399399201.109	n	12.1024	3.67600	19.623	31.7620
1399399201.171	n	12.1025	3.67601	19.610	31.7621
1399399201.233	n	12.1025	3.67601	19.596	31.7620
1399399201.296	n	12.1026	3.67600	19.585	31.7619
1399399201.358	n	12.1027	3.67599	19.570	31.7617
1399399201.422	n	12.1028	3.67599	19.558	31.7616
1399399201.662	y	12.1028	3.67599	19.545	31.7616
1399399201.670	n	12.1028	3.67599	19.528	31.7616
1399399201.676	n	12.1028	3.67599	19.513	31.7616
1399399201.681	n	12.1029	3.67598	19.503	31.7615
1399399201.733	n	12.1030	3.67598	19.489	31.7614
1399399201.795	n	12.1030	3.67599	19.476	31.7614
1399399201.859	n	12.1031	3.67600	19.463	31.7615
1399399201.924	n	12.1030	3.67601	19.449	31.7617
1399399201.984	n	12.1031	3.67602	19.430	31.7617
1399399202.046	n	12.1032	3.67601	19.416	31.7615
1399399202.108	n	12.1033	3.67599	19.400	31.7613
1399399202.171	n	12.1034	3.67598	19.388	31.7611
1399399202.234	n	12.1035	3.67597	19.372	31.7609
1399399202.296	n	12.1035	3.67597	19.355	31.7609
1399399202.359	n	12.1035	3.67597	19.344	31.7609
1399399202.421	n	12.1036	3.67598	19.331	31.7609
1399399202.484	n	12.1037	3.67598	19.312	31.7609
1399399202.546	n	12.1038	3.67599	19.297	31.7608
1399399202.610	n	12.1039	3.67599	19.279	31.7608
1399399202.671	n	12.1040	3.67598	19.261	31.7607
1399399202.734	n	12.1040	3.67598	19.246	31.7606
1399399202.796	n	12.1040	3.67597	19.231	31.7605
1399399202.858	n	12.1041	3.67598	19.215	31.7605
1399399202.922	n	12.1043	3.67598	19.197	31.7604
1399399202.984	n	12.1044	3.67598	19.179	31.7603
1399399203.046	y	12.1045	3.67598	19.163	31.7602
1399399203.108	n	12.1046	3.67598	19.148	31.7601
1399399203.171	n	12.1047	3.67598	19.132	31.7601
1399399203.233	n	12.1047	3.67598	19.115	31.7601
1399399203.296	n	12.1048	3.67599	19.096	31.7600
1399399203.359	n	12.1049	3.67598	19.079	31.7599
1399399203.422	n	12.1050	3.67598	19.061	31.7598
1399399203.483	n	12.1051	3.67596	19.045	31.7596
1399399203.547	n	12.1052	3.67596	19.029	31.7595
1399399203.609	n	12.1053	3.67595	19.007	31.7594
1399399203.672	n	12.1054	3.67595	18.994	31.7593
1399399203.735	n	12.1056	3.67596	18.975	31.7592
1399399203.796	n	12.1058	3.67596	18.954	31.7591
1399399203.859	n	12.1060	3.67596	18.938	31.7589
1399399203.920	n	12.1061	3.67596	18.922	31.7588
1399399203.984	n	12.1063	3.67596	18.903	31.7587
1399399204.046	n	12.1064	3.67596	18.887	31.7585
1399399204.109	n	12.1065	3.67596	18.868	31.7584
1399399204.171	n	12.1066	3.67595	18.848	31.7583
1399399204.233	n	12.1068	3.67594	18.827	31.7581
1399399204.296	n	12.1070	3.67594	18.808	31.7580
1399399204.359	n	12.1072	3.67594	18.791	31.7578
1399399204.422	n	12.1074	3.67595	18.773	31.7577
1399399204.484	n	12.1076	3.67596	18.755	31.7576
1399399204.547	n	12.1077	3.67598	18.738	31.7576
1399399204.608	n	12.1079	3.67598	18.717	31.7576
1399399204.672	n	12.1080	3.67598	18.701	31.7574
1399399204.733	n	12.1082	3.67596	18.678	31.7572
1399399204.796	n	12.1084	3.67595	18.661	31.7568
1399399204.858	n	12.1086	3.67594	18.640	31.7565
1399399204.923	n	12.1089	3.67593	18.621	31.7563
1399399205.046	y	12.1091	3.67593	18.602	31.7561
1399399205.050	n	12.1092	3.67593	18.583	31.7560
1399399205.109	n	12.1094	3.67593	18.565	31.7558
1399399205.171	n	12.1096	3.67593	18.545	31.7556
1399399205.234	n	12.1098	3.67592	18.526	31.7554
1399399205.296	n	12.1100	3.67591	18.506	31.7551
1399399205.358	n	12.1102	3.67590	18.489	31.7549
1399399205.421	n	12.1104	3.67591	18.470	31.7548
1399399205.484	n	12.1106	3.67591	18.448	31.7547
1399399205.545	n	12.1109	3.67592	18.428	31.7545
1399399205.609	n	12.1111	3.67591	18.408	31.7543
1399399205.670	n	12.1114	3.67591	18.391	31.7540
1399399205.954	y	12.1116	3.67591	18.370	31.7539
1399399205.963	n	12.1118	3.67592	18.353	31.7538
1399399205.968	n	12.1120	3.67592	18.333	31.7537
1399399205.975	n	12.1122	3.67592	18.313	31.7535
1399399205.985	n	12.1123	3.67591	18.293	31.7533
1399399206.047	n	12.1125	3.67590	18.274	31.7530
1399399206.108	n	12.1127	3.67589	18.258	31.7528
1399399206.173	n	12.1129	3.67589	18.236	31.7526
1399399206.233	n	12.1131	3.67589	18.214	31.7525
1399399206.295	n	12.1133	3.67590	18.193	31.7523
1399399206.359	n	12.1136	3.67590	18.173	31.7522
1399399206.424	n	12.1138	3.67591	18.156	31.7521
1399399206.484	n	12.1140	3.67591	18.134	31.7519
1399399206.547	n	12.1142	3.67592	18.115	31.7517
1399399206.610	n	12.1145	3.67592	18.092	31.7516
1399399206.671	n	12.1148	3.67592	18.069	31.7514
1399399206.734	y	12.1151	3.67592	18.053	31.7511
1399399206.796	n	12.1153	3.67591	18.034	31.7508
1399399206.860	n	12.1155	3.67590	18.012	31.7505
1399399206.924	n	12.1157	3.67590	17.993	31.7504
1399399206.983	n	12.1159	3.67591	17.972	31.7503
1399399207.046	n	12.1163	3.67591	17.947	31.7501
1399399207.108	n	12.1166	3.67591	17.927	31.7498
1399399207.170	n	12.1168	3.67590	17.906	31.7495
1399399207.233	n	12.1171	3.67588	17.887	31.7491
1399399207.296	n	12.1173	3.67588	17.864	31.7489
1399399207.359	n	12.1176	3.67588	17.844	31.7486
1399399207.424	n	12.1179	3.67588	17.820	31.7484
1399399207.484	n	12.1182	3.67589	17.801	31.7483
1399399207.546	n	12.1185	3.67591	17.778	31.7482
1399399207.610	n	12.1188	3.67590	17.756	31.7479
1399399207.672	n	12.1191	3.67590	17.737	31.7476
1399399207.733	n	12.1194	3.67589	17.713	31.7473
1399399207.795	n	12.1197	3.67588	17.693	31.7469
1399399207.859	n	12.1200	3.67588	17.671	31.7467
1399399207.923	n	12.1202	3.67589	17.646	31.7466
1399399207.985	n	12.1205	3.67589	17.624	31.7464
1399399208.046	n	12.1208	3.67589	17.601	31.7462
1399399208.108	n	12.1212	3.67589	17.580	31.7459
1399399208.172	n	12.1215	3.67588	17.559	31.7455
1399399208.234	n	12.1218	3.67587	17.533	31.7451
1399399208.297	n	12.1222	3.67587	17.509	31.7448
1399399208.360	n	12.1225	3.67587	17.490	31.7446
1399399208.423	n	12.1228	3.67587	17.467	31.7443
1399399208.483	n	12.1231	3.67587	17.440	31.7441
1399399208.546	n	12.1235	3.67587	17.418	31.7438
1399399208.609	n	12.1238	3.67587	17.398	31.7435
1399399208.671	n	12.1242	3.67587	17.374	31.7432
1399399208.733	n	12.1246	3.67587	17.354	31.7428
1399399208.795	n	12.1249	3.67586	17.329	31.7425
1399399208.858	n	12.1252	3.67586	17.305	31.7422
1399399208.922	n	12.1256	3.67587	17.281	31.7420
1399399208.984	n	12.1259	3.67587	17.259	31.7418
1399399209.046	n	12.1263	3.67589	17.236	31.7416
1399399209.110	n	12.1267	3.67588	17.210	31.7412
1399399209.172	n	12.1271	3.67586	17.188	31.7407
1399399209.233	n	12.1274	3.67585	17.164	31.7403
1399399209.297	n	12.1278	3.67584	17.140	31.7399
1399399209.359	n	12.1281	3.67583	17.117	31.7396
1399399209.424	n	12.1284	3.67584	17.092	31.7394
1399399209.483	n	12.1288	3.67585	17.070	31.7392
1399399209.546	n	12.1291	3.67586	17.046	31.7390
1399399209.610	n	12.1294	3.67586	17.020	31.7388
1399399209.671	n	12.1298	3.67586	16.996	31.7385
1399399209.735	n	12.1302	3.67585	16.972	31.7381
1399399209.795	n	12.1306	3.67585	16.950	31.7377
1399399209.858	n	12.1309	3.67585	16.927	31.7374
1399399209.924	n	12.1313	3.67584	16.901	31.7370
1399399210.076	y	12.1317	3.67584	16.874	31.7367
1399399210.083	n	12.1321	3.67584	16.851	31.7364
1399399210.110	n	12.1325	3.67584	16.827	31.7360
1399399210.172	n	12.1328	3.67584	16.803	31.7358
1399399210.234	n	12.1331	3.67584	16.777	31.7356
1399399210.317	y	12.1334	3.67584	16.754	31.7353
1399399210.360	n	12.1338	3.67583	16.729	31.7349
1399399210.425	n	12.1341	3.67583	16.706	31.7346
1399399210.484	n	12.1345	3.67583	16.680	31.7343
1399399210.547	n	12.1348	3.67583	16.654	31.7341
1399399210.608	n	12.1351	3.67583	16.632	31.7338
1399399210.671	n	12.1354	3.67583	16.608	31.7336
1399399210.733	n	12.1357	3.67583	16.585	31.7333
1399399210.795	n	12.1360	3.67583	16.563	31.7331
1399399210.860	n	12.1364	3.67583	16.536	31.7328
1399399210.923	n	12.1367	3.67583	16.516	31.7325
1399399210.983	n	12.1371	3.67583	16.493	31.7322
1399399211.046	n	12.1374	3.67583	16.471	31.7320
1399399211.109	n	12.1377	3.67583	16.447	31.7318
1399399211.171	n	12.1380	3.67583	16.422	31.7315
1399399211.234	n	12.1383	3.67583	16.397	31.7312
1399399211.296	n	12.1387	3.67582	16.375	31.7308
1399399211.360	n	12.1391	3.67583	16.349	31.7305
1399399211.425	n	12.1394	3.67583	16.328	31.7303
1399399211.484	n	12.1398	3.67582	16.309	31.7299
1399399211.546	n	12.1401	3.67580	16.284	31.7294
1399399211.610	n	12.1405	3.67580	16.262	31.7291
1399399211.671	n	12.1409	3.67580	16.240	31.7288
1399399211.733	n	12.1413	3.67581	16.216	31.7285
1399399211.795	n	12.1416	3.67582	16.199	31.7284
1399399211.859	n	12.1420	3.67582	16.178	31.7281
1399399211.923	n	12.1423	3.67582	16.156	31.7278
1399399211.984	n	12.1427	3.67582	16.135	31.7275
1399399212.047	n	12.1431	3.67583	16.115	31.7272
1399399212.108	n	12.1434	3.67582	16.092	31.7269
1399399212.173	n	12.1438	3.67582	16.073	31.7266
1399399212.235	n	12.1442	3.67582	16.059	31.7262
1399399212.297	n	12.1446	3.67582	16.040	31.7259
1399399212.358	n	12.1450	3.67582	16.023	31.7255
1399399212.423	n	12.1454	3.67582	16.005	31.7252
1399399212.484	n	12.1458	3.67582	15.985	31.7249
1399399212.547	n	12.1461	3.67582	15.968	31.7246
1399399212.610	n	12.1465	3.67582	15.949	31.7244
1399399212.672	n	12.1469	3.67583	15.933	31.7241
1399399212.733	n	12.1473	3.67582	15.920	31.7237
1399399212.795	n	12.1477	3.67582	15.901	31.7233
1399399212.859	n	12.1481	3.67581	15.888	31.7229
1399399212.923	n	12.1485	3.67581	15.873	31.7225
1399399212.985	n	12.1489	3.67581	15.860	31.7222
1399399213.046	n	12.1493	3.67581	15.846	31.7218
1399399213.109	n	12.1497	3.67581	15.834	31.7216
1399399213.171	n	12.1501	3.67581	15.820	31.7213
1399399213.233	n	12.1504	3.67581	15.807	31.7210
1399399213.297	n	12.1508	3.67581	15.792	31.7207
1399399213.358	n	12.1512	3.67581	15.776	31.7203
1399399213.425	n	12.1517	3.67582	15.763	31.7200
1399399213.483	n	12.1521	3.67582	15.752	31.7196
1399399213.545	n	12.1526	3.67583	15.740	31.7193
1399399213.608	n	12.1530	3.67583	15.727	31.7190
1399399213.671	n	12.1534	3.67582	15.718	31.7186
1399399213.734	n	12.1538	3.67582	15.710	31.7182
1399399213.796	n	12.1541	3.67582	15.699	31.7179
1399399213.859	n	12.1545	3.67582	15.686	31.7177
1399399213.922	n	12.1548	3.67582	15.675	31.7174
1399399213.984	y	12.1552	3.67583	15.661	31.7172
1399399214.046	n	12.1556	3.67582	15.650	31.7168
1399399214.110	n	12.1559	3.67582	15.643	31.7165
1399399214.172	n	12.1563	3.67582	15.631	31.7161
1399399214.344	y	12.1567	3.67582	15.619	31.7158
1399399214.349	n	12.1572	3.67583	15.609	31.7154
1399399214.358	n	12.1577	3.67582	15.599	31.7150
1399399214.425	n	12.1581	3.67583	15.591	31.7147
1399399214.484	n	12.1585	3.67582	15.580	31.7143
1399399214.546	n	12.1589	3.67582	15.569	31.7140
1399399214.610	n	12.1593	3.67582	15.559	31.7136
1399399214.671	n	12.1597	3.67582	15.551	31.7133
1399399214.734	n	12.1602	3.67582	15.544	31.7128
1399399214.797	n	12.1607	3.67582	15.531	31.7125
1399399214.859	n	12.1612	3.67583	15.525	31.7121
1399399214.923	n	12.1617	3.67584	15.514	31.7118
1399399214.984	n	12.1621	3.67583	15.502	31.7114
1399399215.046	n	12.1626	3.67583	15.493	31.7110
1399399215.110	n	12.1630	3.67583	15.486	31.7106
1399399215.172	n	12.1634	3.67583	15.477	31.7103
1399399215.233	n	12.1639	3.67584	15.467	31.7100
1399399215.296	n	12.1644	3.67584	15.456	31.7095
1399399215.358	n	12.1650	3.67584	15.446	31.7090
1399399215.425	n	12.1655	3.67583	15.437	31.7085
1399399215.485	n	12.1659	3.67582	15.427	31.7081
1399399215.546	n	12.1664	3.67582	15.418	31.7077
1399399215.608	n	12.1668	3.67583	15.410	31.7074
1399399215.672	n	12.1673	3.67583	15.396	31.7070
1399399215.734	n	12.1678	3.67583	15.382	31.7066
1399399215.796	n	12.1683	3.67583	15.375	31.7062
1399399215.858	n	12.1688	3.67583	15.365	31.7058
1399399215.922	n	12.1692	3.67584	15.356	31.7055
1399399215.984	n	12.1697	3.67584	15.347	31.7051
1399399216.045	n	12.1702	3.67585	15.335	31.7047
1399399216.109	n	12.1707	3.67585	15.324	31.7044
1399399216.173	n	12.1711	3.67584	15.316	31.7039
1399399216.234	n	12.1715	3.67584	15.304	31.7035
1399399216.297	n	12.1719	3.67583	15.291	31.7031
1399399216.360	n	12.1723	3.67582	15.281	31.7028
1399399216.422	n	12.1727	3.67582	15.269	31.7024
1399399216.483	n	12.1731	3.67582	15.258	31.7021
1399399216.545	n	12.1734	3.67582	15.244	31.7018
1399399216.608	n	12.1739	3.67582	15.233	31.7014
1399399216.671	n	12.1743	3.67582	15.223	31.7010
1399399216.733	n	12.1747	3.67582	15.209	31.7007
1399399216.797	n	12.1750	3.67582	15.192	31.7005
1399399216.860	n	12.1753	3.67583	15.181	31.7003
1399399216.923	n	12.1757	3.67585	15.170	31.7002
1399399216.985	n	12.1760	3.67586	15.156	31.7000
1399399217.045	n	12.1764	3.67587	15.142	31.6998
1399399217.109	n	12.1767	3.67587	15.124	31.6995
1399399217.172	n	12.1772	3.67587	15.108	31.6992
1399399217.234	n	12.1775	3.67587	15.096	31.6989
1399399217.296	n	12.1779	3.67587	15.080	31.6986
1399399217.359	n	12.1782	3.67587	15.063	31.6982
1399399217.421	n	12.1786	3.67586	15.049	31.6979
1399399217.484	n	12.1789	3.67587	15.034	31.6976
1399399217.547	n	12.1793	3.67587	15.012	31.6974
1399399217.609	n	12.1796	3.67587	14.998	31.6971
1399399217.673	n	12.1799	3.67587	14.978	31.6969
1399399217.734	y	12.1803	3.67587	14.965	31.6965
1399399217.796	n	12.1807	3.67587	14.948	31.6963
1399399217.859	n	12.1811	3.67588	14.931	31.6960
1399399217.923	n	12.1814	3.67589	14.914	31.6958
1399399217.983	n	12.1818	3.67590	14.893	31.6956
1399399218.045	n	12.1821	3.67591	14.876	31.6955
1399399218.109	n	12.1824	3.67591	14.860	31.6952
1399399218.170	n	12.1827	3.67591	14.840	31.6950
1399399218.234	n	12.1831	3.67592	14.821	31.6947
1399399218.296	n	12.1834	3.67592	14.804	31.6945
1399399218.358	n	12.1838	3.67593	14.786	31.6942
1399399218.423	n	12.1841	3.67593	14.764	31.6940
1399399218.622	y	12.1845	3.67593	14.747	31.6937
1399399218.628	n	12.1849	3.67593	14.726	31.6933
1399399218.634	n	12.1853	3.67593	14.710	31.6929
1399399218.670	n	12.1857	3.67592	14.694	31.6926
1399399218.733	n	12.1861	3.67593	14.672	31.6923
1399399218.796	n	12.1865	3.67593	14.652	31.6920
1399399218.858	n	12.1869	3.67594	14.631	31.6918
1399399218.922	n	12.1873	3.67595	14.617	31.6915
1399399218.983	n	12.1877	3.67595	14.595	31.6912
1399399219.047	n	12.1881	3.67595	14.576	31.6908
1399399219.110	n	12.1885	3.67595	14.560	31.6905
1399399219.172	n	12.1890	3.67596	14.536	31.6902
1399399219.234	n	12.1894	3.67596	14.518	31.6899
1399399219.296	n	12.1898	3.67596	14.497	31.6896
1399399219.359	n	12.1902	3.67596	14.481	31.6892
1399399219.423	n	12.1906	3.67596	14.463	31.6889
1399399219.484	n	12.1910	3.67596	14.442	31.6886
1399399219.546	n	12.1914	3.67597	14.427	31.6883
1399399219.609	n	12.1918	3.67599	14.407	31.6882
1399399219.673	n	12.1922	3.67600	14.386	31.6879
1399399219.735	n	12.1926	3.67601	14.367	31.6877
1399399219.796	n	12.1930	3.67602	14.348	31.6875
1399399219.860	n	12.1934	3.67604	14.331	31.6873
1399399219.923	n	12.1938	3.67604	14.313	31.6870
1399399219.985	n	12.1942	3.67605	14.295	31.6868
1399399220.046	n	12.1946	3.67606	14.277	31.6865
1399399220.109	n	12.1950	3.67606	14.258	31.6862
1399399220.172	n	12.1955	3.67607	14.238	31.6859
1399399220.233	n	12.1958	3.67607	14.221	31.6856
1399399220.296	n	12.1962	3.67607	14.204	31.6854
1399399220.361	n	12.1965	3.67608	14.188	31.6852
1399399220.520	y	12.1968	3.67608	14.166	31.6849
1399399220.526	n	12.1971	3.67607	14.149	31.6846
1399399220.546	n	12.1975	3.67607	14.130	31.6842
1399399220.608	n	12.1979	3.67607	14.112	31.6839
1399399220.672	n	12.1983	3.67608	14.094	31.6837
1399399220.733	n	12.1986	3.67609	14.073	31.6835
1399399220.797	n	12.1990	3.67610	14.059	31.6833
1399399220.860	n	12.1993	3.67610	14.041	31.6830
1399399220.923	n	12.1997	3.67609	14.025	31.6826
1399399220.985	n	12.2001	3.67608	14.007	31.6822
1399399221.045	n	12.2005	3.67607	13.991	31.6818
1399399221.109	n	12.2008	3.67608	13.974	31.6816
1399399221.171	n	12.2012	3.67608	13.956	31.6813
1399399221.235	n	12.2015	3.67608	13.936	31.6810
1399399221.295	y	12.2019	3.67607	13.919	31.6807
1399399221.360	n	12.2022	3.67607	13.902	31.6804
1399399221.422	n	12.2025	3.67607	13.887	31.6801
1399399221.484	n	12.2029	3.67607	13.868	31.6798
1399399221.547	n	12.2032	3.67607	13.850	31.6796
1399399221.610	n	12.2036	3.67608	13.836	31.6793
1399399221.672	n	12.2039	3.67608	13.816	31.6791
1399399221.733	n	12.2043	3.67609	13.798	31.6787
1399399221.796	n	12.2047	3.67609	13.783	31.6784
1399399221.858	n	12.2050	3.67609	13.769	31.6782
1399399221.924	n	12.2053	3.67608	13.753	31.6779
1399399221.985	n	12.2055	3.67608	13.732	31.6777
1399399222.045	n	12.2058	3.67607	13.718	31.6774
1399399222.110	n	12.2060	3.67607	13.702	31.6772
1399399222.172	n	12.2063	3.67607	13.682	31.6770
1399399222.233	n	12.2066	3.67608	13.665	31.6768
1399399222.296	n	12.2069	3.67608	13.649	31.6765
1399399222.359	n	12.2071	3.67607	13.632	31.6763
1399399222.422	n	12.2074	3.67607	13.613	31.6760
1399399222.483	n	12.2077	3.67607	13.597	31.6758
1399399222.545	n	12.2080	3.67607	13.582	31.6755
1399399222.609	n	12.2084	3.67607	13.561	31.6753
1399399222.672	n	12.2087	3.67607	13.541	31.6749
1399399222.908	y	12.2091	3.67607	13.524	31.6747
1399399222.915	n	12.2095	3.67608	13.506	31.6744
1399399222.923	n	12.2099	3.67608	13.488	31.6742
1399399222.928	n	12.2103	3.67608	13.471	31.6738
1399399222.983	n	12.2106	3.67609	13.452	31.6736
1399399223.046	n	12.2109	3.67610	13.433	31.6734
1399399223.109	n	12.2111	3.67610	13.414	31.6733
1399399223.172	n	12.2114	3.67611	13.396	31.6732
1399399223.235	n	12.2117	3.67612	13.375	31.6730
1399399223.296	n	12.2120	3.67613	13.355	31.6728
1399399223.358	n	12.2124	3.67613	13.333	31.6726
1399399223.424	n	12.2127	3.67613	13.311	31.6723
1399399223.483	n	12.2130	3.67613	13.293	31.6720
1399399223.546	n	12.2134	3.67613	13.268	31.6718
1399399223.609	n	12.2137	3.67613	13.250	31.6715
1399399223.671	n	12.2140	3.67613	13.228	31.6712
1399399223.734	n	12.2143	3.67613	13.207	31.6710
1399399223.796	n	12.2146	3.67613	13.186	31.6707
1399399223.859	n	12.2149	3.67614	13.160	31.6705
1399399223.922	n	12.2152	3.67615	13.142	31.6704
1399399223.984	n	12.2155	3.67616	13.119	31.6703
1399399224.045	n	12.2158	3.67617	13.096	31.6701
1399399224.110	n	12.2162	3.67617	13.080	31.6698
1399399224.172	n	12.2165	3.67616	13.057	31.6695
1399399224.234	n	12.2169	3.67616	13.035	31.6691
1399399224.297	n	12.2172	3.67616	13.014	31.6689
1399399224.361	n	12.2175	3.67617	12.994	31.6687
1399399224.421	n	12.2178	3.67618	12.974	31.6686
1399399224.485	n	12.2181	3.67619	12.953	31.6684
1399399224.547	n	12.2184	3.67619	12.929	31.6682
1399399224.610	n	12.2186	3.67619	12.909	31.6680
1399399224.671	n	12.2189	3.67619	12.886	31.6677
1399399224.734	n	12.2191	3.67618	12.865	31.6675
1399399224.796	n	12.2194	3.67618	12.843	31.6673
1399399224.859	n	12.2196	3.67618	12.820	31.6671
1399399224.922	n	12.2198	3.67618	12.800	31.6669
1399399224.984	y	12.2200	3.67618	12.780	31.6668
1399399225.045	n	12.2202	3.67619	12.758	31.6666
1399399225.110	n	12.2204	3.67619	12.736	31.6665
1399399225.171	n	12.2206	3.67618	12.718	31.6663
1399399225.234	n	12.2208	3.67618	12.698	31.6661
1399399225.296	n	12.2211	3.67617	12.677	31.6658
1399399225.359	n	12.2214	3.67617	12.656	31.6655
1399399225.422	n	12.2217	3.67617	12.637	31.6653
1399399225.484	n	12.2220	3.67618	12.618	31.6652
1399399225.546	n	12.2222	3.67618	12.599	31.6650
1399399225.608	n	12.2225	3.67619	12.576	31.6648
1399399225.672	n	12.2228	3.67619	12.555	31.6646
1399399225.734	n	12.2232	3.67619	12.535	31.6642
1399399225.797	n	12.2236	3.67618	12.522	31.6639
1399399225.860	n	12.2239	3.67618	12.500	31.6635
1399399225.921	n	12.2243	3.67618	12.479	31.6632
1399399225.983	n	12.2247	3.67618	12.464	31.6629
1399399226.045	n	12.2250	3.67618	12.448	31.6627
1399399226.110	n	12.2253	3.67618	12.430	31.6624
1399399226.173	n	12.2256	3.67619	12.409	31.6623
1399399226.233	n	12.2259	3.67619	12.394	31.6621
1399399226.295	n	12.2262	3.67619	12.373	31.6618
1399399226.359	n	12.2266	3.67618	12.353	31.6614
1399399226.422	n	12.2269	3.67617	12.334	31.6611
1399399226.483	n	12.2272	3.67617	12.320	31.6608
1399399226.549	n	12.2276	3.67618	12.303	31.6605
1399399226.610	n	12.2280	3.67618	12.287	31.6602
1399399226.672	n	12.2283	3.67617	12.270	31.6599
1399399226.734	n	12.2286	3.67616	12.255	31.6595
1399399226.797	n	12.2290	3.67616	12.236	31.6592
1399399226.859	n	12.2293	3.67615	12.219	31.6589
1399399226.923	n	12.2296	3.67615	12.203	31.6586
1399399227.101	y	12.2299	3.67615	12.190	31.6584
1399399227.110	n	12.2303	3.67616	12.173	31.6581
1399399227.117	n	12.2306	3.67617	12.157	31.6579
1399399227.171	n	12.2310	3.67617	12.142	31.6577
1399399227.233	n	12.2313	3.67618	12.124	31.6574
1399399227.296	n	12.2317	3.67618	12.109	31.6571
1399399227.360	n	12.2320	3.67618	12.096	31.6568
1399399227.422	n	12.2324	3.67617	12.081	31.6565
1399399227.484	n	12.2328	3.67617	12.065	31.6562
1399399227.548	n	12.2332	3.67617	12.049	31.6558
1399399227.609	n	12.2336	3.67617	12.038	31.6555
1399399227.671	n	12.2341	3.67618	12.024	31.6552
1399399227.735	n	12.2346	3.67619	12.007	31.6549
1399399227.796	n	12.2351	3.67619	11.992	31.6545
1399399227.859	n	12.2356	3.67619	11.976	31.6541
1399399227.922	n	12.2360	3.67620	11.963	31.6537
1399399227.984	n	12.2365	3.67621	11.952	31.6534
1399399228.046	n	12.2370	3.67621	11.938	31.6531
1399399228.109	n	12.2375	3.67621	11.923	31.6526
1399399228.171	n	12.2380	3.67621	11.906	31.6522
1399399228.233	n	12.2386	3.67622	11.893	31.6518
1399399228.296	n	12.2391	3.67623	11.878	31.6515
1399399228.359	n	12.2396	3.67624	11.866	31.6512
1399399228.420	n	12.2401	3.67626	11.853	31.6509
1399399228.483	n	12.2407	3.67627	11.836	31.6505
1399399228.555	y	12.2413	3.67627	11.824	31.6500
1399399228.610	n	12.2419	3.67628	11.809	31.6496
1399399228.671	n	12.2425	3.67629	11.795	31.6492
1399399228.734	n	12.2430	3.67630	11.784	31.6488
1399399228.796	n	12.2437	3.67630	11.769	31.6484
1399399228.859	n	12.2443	3.67631	11.756	31.6479
1399399228.923	n	12.2449	3.67630	11.743	31.6473
1399399228.983	n	12.2455	3.67630	11.728	31.6468
1399399229.046	n	12.2462	3.67631	11.716	31.6463
1399399229.110	n	12.2468	3.67632	11.701	31.6459
1399399229.172	n	12.2476	3.67633	11.689	31.6453
1399399229.234	n	12.2482	3.67633	11.676	31.6448
1399399229.297	n	12.2489	3.67632	11.660	31.6441
1399399229.358	n	12.2497	3.67632	11.649	31.6435
1399399229.422	n	12.2503	3.67633	11.631	31.6430
1399399229.484	n	12.2510	3.67634	11.619	31.6425
1399399229.548	n	12.2517	3.67635	11.607	31.6420
1399399229.610	n	12.2524	3.67635	11.595	31.6415
1399399229.672	n	12.2531	3.67635	11.582	31.6409
1399399229.733	n	12.2538	3.67635	11.570	31.6403
1399399229.797	n	12.2544	3.67636	11.556	31.6399
1399399229.860	n	12.2550	3.67636	11.544	31.6394
1399399229.923	n	12.2557	3.67637	11.531	31.6389
1399399229.983	n	12.2564	3.67637	11.514	31.6384
1399399230.048	n	12.2570	3.67637	11.501	31.6378
1399399230.110	n	12.2575	3.67636	11.490	31.6373
1399399230.170	n	12.2581	3.67636	11.475	31.6368
1399399230.233	n	12.2588	3.67636	11.466	31.6363
1399399230.296	n	12.2595	3.67636	11.451	31.6357
1399399230.359	n	12.2602	3.67636	11.440	31.6351
1399399230.423	n	12.2608	3.67636	11.425	31.6346
1399399230.483	n	12.2615	3.67636	11.413	31.6340
1399399230.547	n	12.2621	3.67636	11.399	31.6335
1399399230.611	n	12.2627	3.67636	11.385	31.6330
1399399230.671	n	12.2633	3.67636	11.376	31.6325
1399399230.734	n	12.2640	3.67635	11.363	31.6318
1399399230.796	n	12.2646	3.67635	11.348	31.6313
1399399230.859	n	12.2653	3.67635	11.334	31.6308
1399399230.922	n	12.2659	3.67635	11.320	31.6302
1399399230.983	n	12.2665	3.67636	11.305	31.6297
1399399231.046	n	12.2672	3.67636	11.293	31.6293
1399399231.111	n	12.2678	3.67636	11.280	31.6287
1399399231.172	n	12.2685	3.67635	11.265	31.6281
1399399231.351	y	12.2692	3.67636	11.251	31.6276
1399399231.359	n	12.2698	3.67637	11.240	31.6271
1399399231.364	n	12.2705	3.67638	11.227	31.6266
1399399231.421	n	12.2712	3.67638	11.216	31.6261
1399399231.483	n	12.2718	3.67638	11.202	31.6256
1399399231.547	n	12.2725	3.67639	11.188	31.6251
1399399231.608	n	12.2732	3.67640	11.174	31.6246
1399399231.672	n	12.2739	3.67642	11.163	31.6242
1399399231.734	n	12.2746	3.67643	11.148	31.6237
1399399231.796	n	12.2753	3.67642	11.134	31.6230
1399399231.860	n	12.2760	3.67642	11.121	31.6224
1399399231.923	n	12.2767	3.67643	11.108	31.6219
1399399231.983	n	12.2774	3.67645	11.097	31.6215
1399399232.046	n	12.2781	3.67647	11.082	31.6211
1399399232.108	n	12.2789	3.67648	11.068	31.6206
1399399232.173	n	12.2796	3.67649	11.054	31.6201
1399399232.234	y	12.2804	3.67650	11.039	31.6195
1399399232.298	n	12.2812	3.67650	11.022	31.6189
1399399232.358	n	12.2820	3.67651	11.010	31.6183
1399399232.422	n	12.2829	3.67653	10.998	31.6178
1399399232.483	n	12.2837	3.67656	10.980	31.6173
1399399232.546	n	12.2845	3.67657	10.969	31.6167
1399399232.608	n	12.2853	3.67658	10.954	31.6162
1399399232.672	n	12.2860	3.67658	10.940	31.6156
1399399232.733	n	12.2868	3.67659	10.925	31.6150
1399399232.796	n	12.2876	3.67660	10.912	31.6145
1399399232.859	n	12.2884	3.67663	10.894	31.6141
1399399232.922	n	12.2891	3.67664	10.877	31.6136
1399399232.984	n	12.2898	3.67664	10.866	31.6130
1399399233.046	n	12.2904	3.67665	10.852	31.6126
1399399233.110	n	12.2910	3.67665	10.835	31.6121
1399399233.172	n	12.2916	3.67666	10.822	31.6116
1399399233.234	n	12.2922	3.67667	10.806	31.6113
1399399233.297	n	12.2928	3.67668	10.789	31.6109
1399399233.358	n	12.2933	3.67669	10.779	31.6106
1399399233.421	n	12.2938	3.67671	10.763	31.6103
1399399233.484	n	12.2944	3.67673	10.746	31.6100
1399399233.548	n	12.2950	3.67673	10.736	31.6095
1399399233.608	n	12.2955	3.67672	10.718	31.6090
1399399233.672	n	12.2960	3.67673	10.703	31.6087
1399399233.734	n	12.2965	3.67673	10.687	31.6083
1399399233.796	n	12.2969	3.67674	10.671	31.6081
1399399233.858	n	12.2973	3.67675	10.654	31.6078
1399399233.921	n	12.2978	3.67675	10.640	31.6075
1399399233.983	n	12.2982	3.67674	10.622	31.6070
1399399234.047	n	12.2986	3.67674	10.609	31.6066
1399399234.110	n	12.2990	3.67673	10.592	31.6062
1399399234.173	n	12.2995	3.67673	10.575	31.6058
1399399234.233	n	12.2999	3.67674	10.558	31.6056
1399399234.296	n	12.3003	3.67676	10.542	31.6054
1399399234.360	n	12.3007	3.67677	10.526	31.6051
1399399234.421	n	12.3011	3.67677	10.506	31.6048
1399399234.483	n	12.3014	3.67676	10.490	31.6045
1399399234.549	n	12.3018	3.67675	10.477	31.6041
1399399234.608	n	12.3022	3.67674	10.458	31.6036
1399399234.673	n	12.3026	3.67674	10.440	31.6033
1399399234.734	n	12.3031	3.67675	10.423	31.6030
1399399234.796	n	12.3035	3.67675	10.404	31.6027
1399399234.860	n	12.3039	3.67675	10.388	31.6023
1399399234.923	n	12.3043	3.67675	10.370	31.6020
1399399234.983	n	12.3047	3.67675	10.351	31.6016
1399399235.046	n	12.3052	3.67674	10.333	31.6012
1399399235.110	n	12.3056	3.67674	10.314	31.6009
1399399235.172	n	12.3060	3.67674	10.295	31.6005
1399399235.234	n	12.3064	3.67674	10.279	31.6001
1399399235.296	n	12.3068	3.67672	10.262	31.5997
1399399235.358	n	12.3071	3.67670	10.243	31.5992
1399399235.422	n	12.3074	3.67669	10.224	31.5989
1399399235.629	y	12.3077	3.67669	10.205	31.5987
1399399235.642	n	12.3080	3.67670	10.189	31.5985
1399399235.647	n	12.3083	3.67670	10.172	31.5982
1399399235.672	n	12.3087	3.67669	10.151	31.5978
1399399235.734	n	12.3091	3.67668	10.132	31.5974
1399399235.795	n	12.3094	3.67668	10.116	31.5971
1399399235.931	y	12.3098	3.67668	10.095	31.5968
1399399235.958	y	12.3102	3.67668	10.077	31.5965
1399399235.984	n	12.3105	3.67668	10.062	31.5963
1399399236.047	n	12.3108	3.67668	10.042	31.5961
1399399236.110	n	12.3111	3.67668	10.024	31.5958
1399399236.173	n	12.3113	3.67668	10.008	31.5956
1399399236.234	n	12.3116	3.67668	9.988	31.5953
1399399236.296	n	12.3119	3.67667	9.967	31.5950
1399399236.358	n	12.3122	3.67667	9.952	31.5947
1399399236.422	n	12.3125	3.67666	9.931	31.5944
1399399236.483	n	12.3128	3.67666	9.913	31.5942
1399399236.545	n	12.3131	3.67666	9.897	31.5940
1399399236.609	n	12.3134	3.67668	9.880	31.5939
1399399236.671	n	12.3137	3.67669	9.858	31.5937
1399399236.734	n	12.3140	3.67669	9.842	31.5935
1399399236.796	n	12.3143	3.67669	9.825	31.5932
1399399236.860	n	12.3146	3.67668	9.807	31.5929
1399399236.921	n	12.3148	3.67668	9.785	31.5927
1399399236.983	n	12.3151	3.67667	9.768	31.5924
1399399237.046	n	12.3154	3.67667	9.754	31.5922
1399399237.109	n	12.3158	3.67667	9.735	31.5919
1399399237.172	n	12.3161	3.67666	9.716	31.5915
1399399237.234	n	12.3164	3.67665	9.697	31.5912
1399399237.296	n	12.3167	3.67665	9.678	31.5909
1399399237.360	n	12.3170	3.67664	9.664	31.5906
1399399237.422	n	12.3173	3.67664	9.644	31.5903
1399399237.484	n	12.3176	3.67664	9.627	31.5901
1399399237.545	n	12.3180	3.67664	9.609	31.5897
1399399237.608	n	12.3183	3.67664	9.593	31.5895
1399399237.671	n	12.3187	3.67664	9.575	31.5892
1399399237.734	n	12.3190	3.67664	9.561	31.5889
1399399237.796	n	12.3193	3.67664	9.542	31.5887
1399399237.860	n	12.3195	3.67663	9.522	31.5884
1399399237.921	n	12.3198	3.67662	9.507	31.5880
1399399237.984	n	12.3202	3.67661	9.490	31.5876
1399399238.047	n	12.3206	3.67659	9.473	31.5871
1399399238.110	n	12.3210	3.67657	9.456	31.5867
1399399238.172	n	12.3213	3.67658	9.437	31.5864
1399399238.234	n	12.3217	3.67659	9.424	31.5862
1399399238.297	n	12.3220	3.67659	9.407	31.5859
1399399238.358	n	12.3224	3.67660	9.388	31.5857
1399399238.422	n	12.3227	3.67659	9.370	31.5853
1399399238.484	n	12.3230	3.67657	9.354	31.5850
1399399238.547	n	12.3233	3.67657	9.341	31.5847
1399399238.608	n	12.3235	3.67656	9.322	31.5844
1399399238.671	n	12.3238	3.67657	9.307	31.5842
1399399238.734	n	12.3241	3.67657	9.291	31.5841
1399399238.796	n	12.3244	3.67658	9.274	31.5839
1399399238.859	n	12.3246	3.67657	9.254	31.5837
1399399238.922	n	12.3248	3.67657	9.237	31.5835
1399399238.983	n	12.3251	3.67656	9.226	31.5832
1399399239.046	n	12.3253	3.67655	9.208	31.5829
1399399239.108	n	12.3256	3.67654	9.193	31.5825
1399399239.173	n	12.3259	3.67653	9.179	31.5822
1399399239.235	n	12.3262	3.67651	9.162	31.5818
1399399239.297	n	12.3265	3.67650	9.146	31.5814
1399399239.359	n	12.3267	3.67649	9.128	31.5811
1399399239.423	n	12.3270	3.67649	9.110	31.5809
1399399239.483	n	12.3273	3.67649	9.094	31.5807
1399399239.547	n	12.3276	3.67649	9.076	31.5805
1399399239.657	y	12.3278	3.67649	9.057	31.5803
1399399239.672	n	12.3280	3.67649	9.042	31.5800
1399399239.835	y	12.3283	3.67648	9.027	31.5798
1399399239.841	n	12.3285	3.67648	9.008	31.5796
1399399239.860	n	12.3289	3.67648	8.992	31.5793
1399399239.923	n	12.3292	3.67648	8.974	31.5790
1399399239.983	n	12.3295	3.67647	8.958	31.5787
1399399240.046	n	12.3297	3.67646	8.944	31.5784
1399399240.108	n	12.3300	3.67645	8.925	31.5780
1399399240.171	n	12.3302	3.67643	8.907	31.5777
1399399240.234	n	12.3305	3.67643	8.890	31.5775
1399399240.295	n	12.3307	3.67643	8.875	31.5773
1399399240.359	n	12.3310	3.67643	8.858	31.5771
1399399240.421	n	12.3312	3.67643	8.840	31.5769
1399399240.484	n	12.3315	3.67642	8.825	31.5766
1399399240.547	n	12.3317	3.67640	8.809	31.5762
1399399240.609	n	12.3320	3.67639	8.791	31.5759
1399399240.672	n	12.3322	3.67639	8.773	31.5757
1399399240.734	n	12.3325	3.67639	8.755	31.5755
1399399240.796	n	12.3327	3.67638	8.739	31.5752
1399399240.860	n	12.3330	3.67637	8.722	31.5749
1399399240.921	n	12.3332	3.67636	8.706	31.5746
1399399240.984	n	12.3336	3.67635	8.690	31.5743
1399399241.047	n	12.3339	3.67635	8.674	31.5740
1399399241.109	n	12.3341	3.67634	8.656	31.5737
1399399241.171	n	12.3344	3.67633	8.637	31.5733
1399399241.233	n	12.3347	3.67633	8.621	31.5730
1399399241.296	n	12.3351	3.67632	8.603	31.5727
1399399241.360	n	12.3354	3.67632	8.586	31.5724
1399399241.421	n	12.3358	3.67632	8.568	31.5721
1399399241.483	n	12.3361	3.67632	8.556	31.5718
1399399241.546	n	12.3364	3.67631	8.534	31.5715
1399399241.610	n	12.3367	3.67630	8.517	31.5712
1399399241.675	n	12.3370	3.67630	8.504	31.5709
1399399241.734	n	12.3373	3.67630	8.487	31.5706
1399399241.796	n	12.3377	3.67630	8.467	31.5704
1399399241.860	n	12.3380	3.67629	8.454	31.5700
1399399241.921	n	12.3383	3.67629	8.433	31.5697
1399399241.985	n	12.3387	3.67628	8.418	31.5694
1399399242.047	n	12.3390	3.67628	8.400	31.5691
1399399242.110	n	12.3394	3.67628	8.388	31.5688
1399399242.172	y	12.3397	3.67628	8.375	31.5685
1399399242.234	n	12.3401	3.67628	8.355	31.5682
1399399242.297	n	12.3404	3.67628	8.338	31.5679
1399399242.359	n	12.3407	3.67627	8.322	31.5675
1399399242.422	n	12.3411	3.67626	8.306	31.5671
1399399242.484	n	12.3415	3.67625	8.288	31.5668
1399399242.546	n	12.3419	3.67626	8.275	31.5665
1399399242.610	n	12.3422	3.67627	8.257	31.5663
1399399242.675	n	12.3425	3.67628	8.243	31.5662
1399399242.734	n	12.3428	3.67629	8.226	31.5660
1399399242.797	n	12.3431	3.67628	8.209	31.5657
1399399242.860	n	12.3434	3.67627	8.196	31.5653
1399399242.921	n	12.3437	3.67626	8.178	31.5650
1399399242.984	n	12.3440	3.67634	8.162	31.5655
1399399243.047	n	12.3447	3.67678	8.145	31.5691
1399399243.110	n	12.3464	3.67762	8.128	31.5757
1399399243.242	y	12.3490	3.67858	8.112	31.5827
1399399243.248	n	12.3523	3.67940	8.100	31.5878
1399399243.296	n	12.3554	3.67988	8.087	31.5898
1399399243.359	n	12.3575	3.67995	8.070	31.5887
1399399243.421	n	12.3585	3.67989	8.052	31.5873
1399399243.483	n	12.3589	3.67988	8.037	31.5868
1399399243.545	n	12.3589	3.67987	8.019	31.5868
1399399243.610	n	12.3588	3.67987	8.006	31.5869
1399399243.672	n	12.3587	3.67989	7.991	31.5871
1399399243.734	n	12.3587	3.67990	7.974	31.5873
1399399243.796	n	12.3587	3.67992	7.959	31.5874
1399399243.858	n	12.3588	3.67994	7.943	31.5875
1399399243.921	n	12.3589	3.67996	7.927	31.5876
1399399244.056	y	12.3592	3.67999	7.915	31.5877
1399399244.061	n	12.3594	3.68002	7.899	31.5878
1399399244.108	n	12.3597	3.68005	7.885	31.5879
1399399244.173	n	12.3600	3.68008	7.867	31.5879
1399399244.234	n	12.3602	3.68010	7.851	31.5879
1399399244.297	n	12.3603	3.68011	7.837	31.5879
1399399244.358	n	12.3605	3.68012	7.822	31.5879
1399399244.423	n	12.3606	3.68013	7.806	31.5879
1399399244.484	n	12.3607	3.68014	7.792	31.5879
1399399244.546	n	12.3609	3.68015	7.777	31.5878
1399399244.609	n	12.3611	3.68016	7.762	31.5878
1399399244.673	n	12.3613	3.68015	7.746	31.5875
1399399244.734	n	12.3614	3.68013	7.732	31.5872
1399399244.797	n	12.3615	3.68009	7.719	31.5867
1399399244.859	n	12.3616	3.68006	7.701	31.5864
1399399244.922	n	12.3617	3.68005	7.687	31.5863
1399399244.984	n	12.3618	3.68006	7.673	31.5863
1399399245.047	n	12.3618	3.68005	7.660	31.5862
1399399245.108	n	12.3619	3.68004	7.644	31.5860
1399399245.173	n	12.3619	3.68002	7.628	31.5858
1399399245.234	n	12.3623	3.67997	7.612	31.5850
1399399245.297	n	12.3631	3.67986	7.600	31.5833
1399399245.358	n	12.3642	3.67972	7.586	31.5810
1399399245.422	n	12.3657	3.67955	7.573	31.5781
1399399245.484	n	12.3673	3.67939	7.558	31.5753
1399399245.546	n	12.3688	3.67927	7.544	31.5728
1399399245.609	n	12.3700	3.67916	7.531	31.5708
1399399245.671	n	12.3710	3.67907	7.515	31.5691
1399399245.733	n	12.3718	3.67901	7.501	31.5679
1399399245.796	n	12.3723	3.67898	7.488	31.5672
1399399245.859	n	12.3728	3.67897	7.475	31.5667
1399399245.922	n	12.3732	3.67897	7.463	31.5663
1399399245.983	n	12.3738	3.67896	7.447	31.5657
1399399246.048	n	12.3746	3.67894	7.434	31.5650
1399399246.109	n	12.3755	3.67894	7.420	31.5642
1399399246.171	n	12.3765	3.67895	7.405	31.5634
1399399246.233	n	12.3777	3.67898	7.388	31.5627
1399399246.297	n	12.3791	3.67903	7.374	31.5620
1399399246.358	n	12.3807	3.67908	7.360	31.5612
1399399246.421	n	12.3824	3.67914	7.351	31.5603
1399399246.483	n	12.3845	3.67921	7.333	31.5592
1399399246.547	n	12.3869	3.67928	7.317	31.5578
1399399246.610	n	12.3897	3.67936	7.307	31.5563
1399399246.673	n	12.3927	3.67945	7.294	31.5546
1399399246.733	n	12.3958	3.67953	7.280	31.5527
1399399246.796	n	12.3988	3.67960	7.267	31.5509
1399399246.860	n	12.4012	3.67964	7.252	31.5493
1399399246.947	y	12.4030	3.67967	7.238	31.5480
1399399246.983	n	12.4043	3.67968	7.224	31.5471
1399399247.046	n	12.4053	3.67971	7.208	31.5465
1399399247.109	n	12.4064	3.67975	7.194	31.5460
1399399247.172	n	12.4078	3.67982	7.183	31.5454
1399399247.233	n	12.4099	3.67991	7.169	31.5446
1399399247.296	n	12.4128	3.68002	7.154	31.5432
1399399247.360	n	12.4163	3.68013	7.142	31.5413
1399399247.422	n	12.4200	3.68024	7.127	31.5393
1399399247.483	n	12.4236	3.68034	7.112	31.5372
1399399247.546	n	12.4271	3.68045	7.097	31.5353
1399399247.610	n	12.4303	3.68054	7.080	31.5335
1399399247.672	n	12.4329	3.68059	7.065	31.5318
1399399247.734	n	12.4348	3.68062	7.053	31.5305
1399399247.796	n	12.4358	3.68063	7.040	31.5297
1399399247.859	n	12.4364	3.68064	7.022	31.5293
1399399247.922	n	12.4369	3.68068	7.008	31.5293
1399399247.984	n	12.4375	3.68072	6.991	31.5292
1399399248.046	n	12.4382	3.68075	6.976	31.5289
1399399248.109	n	12.4391	3.68078	6.961	31.5284
1399399248.171	n	12.4401	3.68081	6.944	31.5279
1399399248.318	y	12.4410	3.68086	6.927	31.5276
1399399248.323	n	12.4417	3.68091	6.912	31.5275
1399399248.360	n	12.4423	3.68097	6.895	31.5276
1399399248.422	n	12.4430	3.68104	6.880	31.5277
1399399248.483	n	12.4438	3.68111	6.864	31.5276
1399399248.546	n	12.4449	3.68117	6.847	31.5273
1399399248.610	n	12.4460	3.68123	6.828	31.5270
1399399248.673	n	12.4469	3.68128	6.810	31.5266
1399399248.734	n	12.4477	3.68131	6.793	31.5264
1399399248.797	n	12.4482	3.68134	6.772	31.5262
1399399248.858	n	12.4486	3.68136	6.755	31.5260
1399399248.923	n	12.4491	3.68139	6.740	31.5259
1399399248.983	n	12.4498	3.68143	6.722	31.5257
1399399249.047	n	12.4507	3.68146	6.706	31.5253
1399399249.110	n	12.4517	3.68150	6.685	31.5249
1399399249.170	n	12.4528	3.68155	6.665	31.5243
1399399249.235	n	12.4540	3.68161	6.648	31.5239
1399399249.297	n	12.4553	3.68167	6.627	31.5234
1399399249.360	n	12.4566	3.68174	6.608	31.5230
1399399249.421	n	12.4578	3.68179	6.591	31.5225
1399399249.485	n	12.4586	3.68182	6.574	31.5221
1399399249.547	n	12.4593	3.68185	6.555	31.5218
1399399249.610	n	12.4598	3.68189	6.536	31.5217
1399399249.674	n	12.4603	3.68192	6.517	31.5216
1399399249.734	n	12.4609	3.68195	6.493	31.5215
1399399249.796	n	12.4615	3.68199	6.479	31.5213
1399399249.860	n	12.4623	3.68202	6.461	31.5210
1399399249.921	n	12.4630	3.68204	6.444	31.5205
1399399249.983	n	12.4637	3.68205	6.424	31.5200
1399399250.046	n	12.4643	3.68205	6.403	31.5195
1399399250.110	n	12.4648	3.68204	6.385	31.5190
1399399250.170	n	12.4652	3.68202	6.365	31.5186
1399399250.234	n	12.4656	3.68202	6.342	31.5182
1399399250.296	n	12.4660	3.68202	6.327	31.5179
1399399250.360	n	12.4663	3.68202	6.303	31.5177
1399399250.422	n	12.4666	3.68201	6.291	31.5174
1399399250.505	y	12.4668	3.68198	6.273	31.5169
1399399250.546	n	12.4670	3.68194	6.251	31.5164
1399399250.608	n	12.4672	3.68190	6.235	31.5158
1399399250.675	n	12.4674	3.68187	6.218	31.5154
1399399250.734	n	12.4676	3.68185	6.197	31.5150
1399399250.796	n	12.4677	3.68185	6.181	31.5149
1399399250.858	n	12.4679	3.68185	6.166	31.5148
1399399250.923	n	12.4681	3.68186	6.147	31.5147
1399399250.984	n	12.4685	3.68187	6.128	31.5145
1399399251.047	n	12.4689	3.68187	6.109	31.5141
1399399251.109	n	12.4695	3.68189	6.094	31.5139
1399399251.172	n	12.4702	3.68193	6.078	31.5137
1399399251.234	n	12.4710	3.68199	6.060	31.5136
1399399251.297	n	12.4719	3.68204	6.037	31.5133
1399399251.359	n	12.4726	3.68207	6.020	31.5130
1399399251.422	n	12.4733	3.68208	6.004	31.5125
1399399251.485	y	12.4739	3.68207	5.990	31.5119
1399399251.575	n	12.4745	3.68204	5.973	31.5111
1399399251.610	n	12.4753	3.68202	5.958	31.5103
1399399251.671	n	12.4763	3.68201	5.941	31.5093
1399399251.733	n	12.4774	3.68200	5.925	31.5083
1399399251.797	n	12.4787	3.68202	5.908	31.5075
1399399251.860	n	12.4799	3.68207	5.893	31.5069
1399399251.923	n	12.4812	3.68215	5.880	31.5066
1399399251.983	n	12.4825	3.68225	5.865	31.5065
1399399252.046	n	12.4838	3.68234	5.852	31.5062
1399399252.109	n	12.4850	3.68241	5.835	31.5059
1399399252.171	n	12.4860	3.68247	5.819	31.5056
1399399252.233	n	12.4868	3.68250	5.800	31.5052
1399399252.296	n	12.4875	3.68251	5.786	31.5048
1399399252.360	n	12.4879	3.68250	5.772	31.5043
1399399252.421	n	12.4883	3.68246	5.757	31.5037
1399399252.624	y	12.4886	3.68243	5.742	31.5031
1399399252.633	n	12.4888	3.68241	5.723	31.5027
1399399252.640	n	12.4891	3.68241	5.709	31.5024
1399399252.672	n	12.4895	3.68242	5.693	31.5023
1399399252.734	n	12.4901	3.68245	5.676	31.5021
1399399252.797	n	12.4908	3.68247	5.660	31.5017
1399399252.858	n	12.4916	3.68250	5.646	31.5013
1399399252.921	n	12.4926	3.68254	5.630	31.5008
1399399252.984	n	12.4936	3.68258	5.616	31.5004
1399399253.047	n	12.4944	3.68261	5.606	31.5000
1399399253.110	n	12.4951	3.68260	5.588	31.4993
1399399253.173	n	12.4958	3.68258	5.572	31.4986
1399399253.234	n	12.4964	3.68258	5.556	31.4981
1399399253.296	n	12.4969	3.68259	5.542	31.4978
1399399253.359	n	12.4973	3.68261	5.523	31.4976
1399399253.422	n	12.4977	3.68264	5.508	31.4975
1399399253.485	n	12.4980	3.68261	5.495	31.4971
1399399253.547	n	12.4983	3.68256	5.478	31.4964
1399399253.610	n	12.4986	3.68252	5.465	31.4957
1399399253.671	n	12.4989	3.68248	5.448	31.4950
1399399253.734	n	12.4992	3.68245	5.433	31.4945
1399399253.796	n	12.4995	3.68245	5.419	31.4943
1399399253.860	n	12.4997	3.68245	5.406	31.4941
1399399253.923	n	12.4999	3.68245	5.392	31.4939
1399399253.983	n	12.5002	3.68244	5.375	31.4936
1399399254.046	n	12.5003	3.68241	5.358	31.4933
1399399254.109	n	12.5005	3.68238	5.345	31.4928
1399399254.253	y	12.5007	3.68236	5.332	31.4924
1399399254.259	n	12.5009	3.68234	5.317	31.4921
1399399254.297	n	12.5009	3.68234	5.301	31.4921
1399399254.359	n	12.5009	3.68234	5.287	31.4921
1399399254.422	n	12.5010	3.68233	5.269	31.4919
1399399254.484	n	12.5011	3.68231	5.257	31.4917
1399399254.547	n	12.5012	3.68228	5.242	31.4913
1399399254.610	n	12.5014	3.68226	5.226	31.4910
1399399254.671	n	12.5015	3.68225	5.211	31.4908
1399399254.735	n	12.5016	3.68224	5.194	31.4906
1399399254.797	n	12.5017	3.68223	5.182	31.4905
1399399254.859	n	12.5018	3.68224	5.167	31.4904
1399399254.922	n	12.5018	3.68224	5.153	31.4904
1399399254.985	n	12.5018	3.68224	5.136	31.4904
1399399255.047	n	12.5019	3.68224	5.120	31.4905
1399399255.109	n	12.5019	3.68225	5.104	31.4905
1399399255.171	n	12.5020	3.68226	5.089	31.4905
1399399255.235	n	12.5022	3.68226	5.076	31.4904
1399399255.297	n	12.5024	3.68225	5.060	31.4901
1399399255.359	n	12.5027	3.68223	5.045	31.4897
1399399255.421	n	12.5032	3.68222	5.030	31.4892
1399399255.483	n	12.5037	3.68221	5.012	31.4887
1399399255.546	n	12.5043	3.68220	4.999	31.4881
1399399255.610	n	12.5048	3.68220	4.984	31.4877
1399399255.672	n	12.5053	3.68220	4.960	31.4873
1399399255.734	n	12.5057	3.68221	4.950	31.4870
1399399255.795	n	12.5062	3.68222	4.935	31.4867
1399399255.860	n	12.5067	3.68222	4.916	31.4863
1399399255.921	n	12.5071	3.68222	4.903	31.4859
1399399255.983	n	12.5074	3.68222	4.889	31.4857
1399399256.047	n	12.5076	3.68223	4.872	31.4856
1399399256.109	n	12.5077	3.68223	4.854	31.4855
1399399256.171	n	12.5078	3.68223	4.839	31.4855
1399399256.235	n	12.5079	3.68222	4.822	31.4853
1399399256.297	n	12.5080	3.68222	4.806	31.4852
1399399256.360	n	12.5081	3.68222	4.789	31.4851
1399399256.421	n	12.5082	3.68224	4.770	31.4852
1399399256.484	n	12.5085	3.68227	4.756	31.4853
1399399256.547	n	12.5089	3.68230	4.742	31.4852
1399399256.609	n	12.5095	3.68233	4.728	31.4850
1399399256.671	n	12.5102	3.68236	4.711	31.4847
1399399256.820	y	12.5110	3.68237	4.697	31.4842
1399399256.825	n	12.5118	3.68238	4.681	31.4836
1399399256.858	n	12.5127	3.68238	4.664	31.4828
1399399256.921	n	12.5136	3.68238	4.647	31.4821
1399399256.983	n	12.5143	3.68237	4.633	31.4815
1399399257.046	n	12.5147	3.68238	4.620	31.4811
1399399257.109	n	12.5150	3.68238	4.606	31.4810
1399399257.172	n	12.5152	3.68240	4.590	31.4810
1399399257.235	n	12.5154	3.68241	4.575	31.4810
1399399257.296	n	12.5156	3.68242	4.554	31.4809
1399399257.360	n	12.5157	3.68240	4.541	31.4806
1399399257.422	n	12.5159	3.68238	4.529	31.4803
1399399257.484	n	12.5163	3.68238	4.515	31.4800
1399399257.548	n	12.5169	3.68239	4.498	31.4795
1399399257.610	n	12.5177	3.68241	4.484	31.4790
1399399257.673	n	12.5184	3.68243	4.469	31.4786
1399399257.734	n	12.5188	3.68244	4.450	31.4784
1399399257.796	n	12.5189	3.68244	4.433	31.4783
1399399257.906	y	12.5189	3.68245	4.419	31.4784
1399399257.921	n	12.5190	3.68245	4.408	31.4783
1399399257.984	n	12.5193	3.68244	4.392	31.4781
1399399258.046	n	12.5198	3.68245	4.375	31.4777
1399399258.109	n	12.5207	3.68246	4.364	31.4771
1399399258.171	n	12.5219	3.68248	4.349	31.4763
1399399258.235	n	12.5231	3.68250	4.333	31.4754
1399399258.296	n	12.5242	3.68251	4.317	31.4746
1399399258.358	n	12.5250	3.68252	4.304	31.4741
1399399258.423	n	12.5254	3.68252	4.288	31.4737
1399399258.483	n	12.5258	3.68253	4.271	31.4735
1399399258.546	n	12.5260	3.68254	4.258	31.4734
1399399258.608	n	12.5262	3.68255	4.241	31.4733
1399399258.672	n	12.5264	3.68255	4.226	31.4732
1399399258.734	n	12.5267	3.68255	4.206	31.4729
1399399258.796	n	12.5272	3.68254	4.188	31.4724
1399399258.860	n	12.5279	3.68254	4.176	31.4719
1399399258.923	n	12.5285	3.68255	4.159	31.4715
1399399258.985	n	12.5290	3.68256	4.139	31.4711
1399399259.047	n	12.5296	3.68256	4.122	31.4706
1399399259.109	n	12.5303	3.68255	4.104	31.4699
1399399259.171	n	12.5313	3.68249	4.086	31.4686
1399399259.234	n	12.5324	3.68240	4.069	31.4668
1399399259.296	n	12.5337	3.68226	4.050	31.4644
1399399259.359	n	12.5353	3.68203	4.032	31.4608
1399399259.422	n	12.5374	3.68162	4.015	31.4552
1399399259.485	n	12.5397	3.68108	3.997	31.4483
1399399259.547	n	12.5419	3.68054	3.976	31.4412
1399399259.610	n	12.5438	3.68010	3.960	31.4355
1399399259.671	n	12.5452	3.67983	3.945	31.4317
1399399259.733	n	12.5464	3.67971	3.923	31.4296
1399399259.796	n	12.5475	3.67962	3.906	31.4279
1399399259.858	n	12.5488	3.67950	3.890	31.4256
1399399259.923	n	12.5503	3.67934	3.869	31.4229
1399399259.984	n	12.5520	3.67917	3.853	31.4198
1399399260.046	n	12.5543	3.67895	3.835	31.4158
1399399260.108	n	12.5573	3.67871	3.817	31.4110
1399399260.171	n	12.5610	3.67846	3.802	31.4056
1399399260.233	n	12.5650	3.67820	3.785	31.3998
1399399260.297	n	12.5688	3.67795	3.768	31.3943
1399399260.360	n	12.5722	3.67775	3.750	31.3896
1399399260.421	n	12.5761	3.67759	3.734	31.3848
1399399260.484	n	12.5814	3.67745	3.715	31.3790
1399399260.546	n	12.5882	3.67729	3.701	31.3718
1399399260.609	n	12.5958	3.67709	3.686	31.3636
1399399260.672	n	12.6035	3.67689	3.669	31.3553
1399399260.734	n	12.6104	3.67661	3.655	31.3470
1399399260.796	n	12.6163	3.67615	3.642	31.3377
1399399260.859	n	12.6216	3.67555	3.630	31.3276
1399399260.922	n	12.6261	3.67481	3.611	31.3169
1399399261.125	y	12.6298	3.67401	3.596	31.3062
1399399261.134	n	12.6333	3.67330	3.583	31.2966
1399399261.142	n	12.6368	3.67274	3.572	31.2884
1399399261.173	n	12.6401	3.67237	3.555	31.2821
1399399261.234	n	12.6436	3.67225	3.542	31.2780
1399399261.296	n	12.6481	3.67235	3.528	31.2753
1399399261.359	n	12.6539	3.67257	3.514	31.2726
1399399261.422	n	12.6600	3.67283	3.499	31.2700
1399399261.484	y	12.6650	3.67307	3.489	31.2681
1399399261.547	n	12.6687	3.67333	3.474	31.2676
1399399261.609	n	12.6721	3.67364	3.461	31.2676
1399399261.671	n	12.6780	3.67402	3.453	31.2663
1399399261.733	n	12.6880	3.67448	3.442	31.2624
1399399261.796	n	12.7006	3.67495	3.423	31.2565
1399399261.860	n	12.7130	3.67536	3.409	31.2500
1399399261.921	n	12.7235	3.67567	3.398	31.2443
1399399261.983	n	12.7307	3.67586	3.383	31.2401
1399399262.047	n	12.7343	3.67597	3.369	31.2382
1399399262.110	n	12.7350	3.67605	3.357	31.2384
1399399262.172	n	12.7350	3.67615	3.344	31.2393
1399399262.233	n	12.7354	3.67627	3.331	31.2402
1399399262.296	n	12.7370	3.67640	3.320	31.2400
1399399262.360	n	12.7399	3.67650	3.311	31.2386
1399399262.421	n	12.7428	3.67656	3.292	31.2367
1399399262.483	n	12.7455	3.67660	3.281	31.2348
1399399262.546	n	12.7495	3.67669	3.271	31.2324
1399399262.610	n	12.7555	3.67686	3.255	31.2291
1399399262.672	n	12.7627	3.67709	3.245	31.2253
1399399262.734	n	12.7693	3.67732	3.234	31.2221
1399399262.796	n	12.7733	3.67751	3.222	31.2205
1399399262.859	n	12.7748	3.67762	3.210	31.2203
1399399262.922	n	12.7746	3.67767	3.198	31.2210
1399399262.984	n	12.7738	3.67767	3.188	31.2216
1399399263.046	n	12.7735	3.67764	3.174	31.2216
1399399263.110	n	12.7737	3.67764	3.164	31.2214
1399399263.173	n	12.7748	3.67766	3.152	31.2208
1399399263.234	n	12.7775	3.67775	3.140	31.2193
1399399263.296	n	12.7818	3.67786	3.131	31.2169
1399399263.360	n	12.7872	3.67798	3.120	31.2135
1399399263.423	n	12.7930	3.67809	3.110	31.2098
1399399263.484	n	12.7982	3.67818	3.100	31.2063
1399399263.547	n	12.8025	3.67823	3.089	31.2031
1399399263.610	n	12.8058	3.67825	3.075	31.2007
1399399263.671	n	12.8082	3.67827	3.064	31.1990
1399399263.735	n	12.8100	3.67830	3.053	31.1976
1399399263.797	n	12.8116	3.67833	3.043	31.1966
1399399263.860	n	12.8127	3.67836	3.032	31.1961
1399399263.923	n	12.8134	3.67839	3.024	31.1957
1399399263.985	n	12.8139	3.67841	3.014	31.1955
1399399264.047	n	12.8140	3.67843	3.002	31.1956
1399399264.109	n	12.8136	3.67847	2.993	31.1964
1399399264.172	n	12.8130	3.67854	2.983	31.1975
1399399264.234	n	12.8132	3.67864	2.970	31.1983
1399399264.297	n	12.8154	3.67880	2.964	31.1981
1399399264.360	n	12.8196	3.67901	2.950	31.1965
1399399264.422	n	12.8247	3.67919	2.937	31.1940
1399399264.484	n	12.8293	3.67934	2.923	31.1916
1399399264.547	n	12.8320	3.67940	2.913	31.1900
1399399264.609	n	12.8327	3.67936	2.901	31.1891
1399399264.673	n	12.8324	3.67930	2.887	31.1887
1399399264.734	n	12.8322	3.67927	2.877	31.1886
1399399264.796	n	12.8327	3.67930	2.868	31.1885
1399399264.860	n	12.8342	3.67942	2.855	31.1883
1399399264.922	n	12.8363	3.67960	2.842	31.1884
1399399264.984	n	12.8383	3.67981	2.826	31.1887
1399399265.046	n	12.8397	3.67996	2.812	31.1889
1399399265.172	y	12.8404	3.68004	2.800	31.1891
1399399265.178	n	12.8403	3.68003	2.792	31.1891
1399399265.280	y	12.8398	3.67997	2.778	31.1890
1399399265.297	n	12.8396	3.67993	2.765	31.1887
1399399265.359	n	12.8402	3.67993	2.750	31.1883
1399399265.422	n	12.8416	3.67999	2.735	31.1877
1399399265.484	n	12.8432	3.68005	2.720	31.1869
1399399265.547	n	12.8440	3.68007	2.710	31.1865
1399399265.609	n	12.8437	3.68002	2.698	31.1863
1399399265.671	n	12.8429	3.67995	2.686	31.1862
1399399265.734	n	12.8425	3.67990	2.670	31.1861
1399399265.882	y	12.8426	3.67992	2.654	31.1861
1399399265.887	n	12.8431	3.67997	2.641	31.1863
1399399265.922	n	12.8435	3.68004	2.625	31.1866
1399399265.985	n	12.8440	3.68009	2.611	31.1867
1399399266.046	n	12.8447	3.68014	2.598	31.1866
1399399266.109	n	12.8455	3.68019	2.587	31.1864
1399399266.171	n	12.8463	3.68023	2.573	31.1861
1399399266.234	n	12.8472	3.68029	2.559	31.1860
1399399266.296	n	12.8483	3.68037	2.548	31.1858
1399399266.359	n	12.8499	3.68045	2.533	31.1853
1399399266.423	n	12.8523	3.68056	2.520	31.1843
1399399266.483	n	12.8555	3.68072	2.508	31.1832
1399399266.547	n	12.8592	3.68091	2.493	31.1818
1399399266.609	n	12.8631	3.68112	2.476	31.1807
1399399266.672	n	12.8665	3.68132	2.460	31.1798
1399399266.734	n	12.8689	3.68146	2.443	31.1791
1399399266.796	n	12.8706	3.68157	2.425	31.1788
1399399266.859	n	12.8721	3.68167	2.409	31.1785
1399399266.922	n	12.8733	3.68174	2.395	31.1781
1399399266.984	n	12.8746	3.68182	2.374	31.1778
1399399267.047	n	12.8759	3.68191	2.351	31.1776
1399399267.110	n	12.8772	3.68199	2.331	31.1774
1399399267.173	n	12.8780	3.68207	2.312	31.1775
1399399267.233	n	12.8780	3.68213	2.289	31.1779
1399399267.296	n	12.8772	3.68212	2.269	31.1786
1399399267.359	n	12.8760	3.68210	2.249	31.1793
1399399267.423	n	12.8754	3.68209	2.232	31.1797
1399399267.485	n	12.8758	3.68210	2.212	31.1796
1399399267.547	n	12.8771	3.68217	2.192	31.1791
1399399267.608	n	12.8790	3.68227	2.173	31.1785
1399399267.672	n	12.8810	3.68240	2.152	31.1781
1399399267.734	n	12.8828	3.68253	2.135	31.1779
1399399267.796	n	12.8842	3.68266	2.117	31.1779
1399399267.859	n	12.8854	3.68278	2.100	31.1781
1399399267.922	n	12.8871	3.68293	2.083	31.1781
1399399267.985	n	12.8895	3.68311	2.060	31.1778
1399399268.046	n	12.8923	3.68332	2.042	31.1774
1399399268.110	n	12.8956	3.68354	2.026	31.1769
1399399268.172	n	12.8990	3.68376	2.010	31.1762
1399399268.233	n	12.9020	3.68398	1.994	31.1757
1399399268.296	n	12.9043	3.68414	1.978	31.1753
1399399268.359	n	12.9054	3.68419	1.962	31.1749
1399399268.421	n	12.9056	3.68413	1.945	31.1742
1399399268.485	n	12.9057	3.68399	1.931	31.1728
1399399268.546	n	12.9062	3.68383	1.919	31.1709
1399399268.608	n	12.9072	3.68372	1.909	31.1691
1399399268.672	n	12.9079	3.68367	1.894	31.1680
1399399268.734	n	12.9078	3.68364	1.881	31.1678
1399399268.823	y	12.9070	3.68361	1.867	31.1682
1399399268.859	n	12.9058	3.68359	1.854	31.1690
1399399268.921	n	12.9046	3.68359	1.842	31.1699
1399399268.984	n	12.9039	3.68362	1.828	31.1709
1399399269.046	n	12.9038	3.68372	1.811	31.1718
1399399269.109	n	12.9038	3.68381	1.797	31.1727
1399399269.171	n	12.9037	3.68388	1.786	31.1735
1399399269.234	n	12.9033	3.68394	1.772	31.1744
1399399269.296	n	12.9029	3.68400	1.759	31.1753
1399399269.360	n	12.9030	3.68409	1.744	31.1760
1399399269.423	n	12.9049	3.68438	1.733	31.1771
1399399269.572	y	12.9096	3.68488	1.718	31.1781
1399399269.577	n	12.9171	3.68553	1.699	31.1779
1399399269.609	n	12.9269	3.68620	1.681	31.1762
1399399269.671	n	12.9375	3.68674	1.666	31.1726
1399399269.733	n	12.9469	3.68706	1.648	31.1678
1399399269.796	n	12.9539	3.68723	1.632	31.1638
1399399269.859	n	12.9587	3.68732	1.616	31.1606
1399399269.921	n	12.9651	3.68753	1.601	31.1573
1399399269.983	n	12.9748	3.68800	1.585	31.1537
1399399270.046	n	12.9857	3.68862	1.569	31.1506
1399399270.108	n	12.9958	3.68930	1.552	31.1487
1399399270.171	n	13.0023	3.68977	1.536	31.1478
1399399270.233	n	13.0058	3.69013	1.523	31.1483
1399399270.296	n	13.0128	3.69078	1.508	31.1487
1399399270.359	n	13.0260	3.69178	1.496	31.1472
1399399270.423	n	13.0413	3.69291	1.480	31.1453
1399399270.485	n	13.0546	3.69391	1.465	31.1437
1399399270.546	n	13.0621	3.69440	1.454	31.1421
1399399270.610	n	13.0627	3.69440	1.445	31.1417
1399399270.671	n	13.0597	3.69422	1.432	31.1424
1399399270.733	n	13.0564	3.69402	1.419	31.1432
1399399270.797	n	13.0531	3.69388	1.407	31.1447
1399399270.860	n	13.0493	3.69377	1.397	31.1467
1399399270.921	n	13.0455	3.69366	1.385	31.1488
1399399270.983	n	13.0428	3.69352	1.377	31.1497
1399399271.046	n	13.0428	3.69345	1.371	31.1490
1399399271.108	n	13.0463	3.69351	1.363	31.1468
1399399271.171	n	13.0518	3.69372	1.358	31.1442
1399399271.233	n	13.0568	3.69392	1.351	31.1421
1399399271.296	n	13.0596	3.69410	1.341	31.1414
1399399271.359	n	13.0613	3.69420	1.334	31.1410
1399399271.421	n	13.0630	3.69425	1.323	31.1400
1399399271.483	n	13.0655	3.69431	1.313	31.1385
1399399271.546	n	13.0689	3.69440	1.303	31.1366
1399399271.609	n	13.0723	3.69447	1.295	31.1345
1399399271.672	n	13.0751	3.69457	1.287	31.1331
1399399271.734	n	13.0783	3.69468	1.277	31.1316
1399399271.797	n	13.0808	3.69477	1.266	31.1303
1399399271.859	n	13.0825	3.69483	1.256	31.1295
1399399271.921	n	13.0843	3.69493	1.247	31.1290
1399399271.985	n	13.0868	3.69508	1.234	31.1283
1399399272.047	n	13.0903	3.69529	1.225	31.1274
1399399272.110	n	13.0942	3.69563	1.214	31.1274
1399399272.172	n	13.0979	3.69600	1.205	31.1278
1399399272.234	n	13.1010	3.69633	1.196	31.1283
1399399272.297	n	13.1046	3.69665	1.187	31.1285
1399399272.358	n	13.1093	3.69701	1.178	31.1279
1399399272.422	n	13.1146	3.69736	1.167	31.1269
1399399272.485	y	13.1190	3.69771	1.159	31.1265
1399399272.548	n	13.1227	3.69801	1.149	31.1263
1399399272.610	n	13.1266	3.69826	1.135	31.1255
1399399272.671	n	13.1315	3.69850	1.127	31.1237
1399399272.733	n	13.1372	3.69876	1.116	31.1215
1399399272.797	n	13.1427	3.69899	1.107	31.1191
1399399272.860	n	13.1464	3.69913	1.097	31.1174
1399399272.921	n	13.1478	3.69917	1.089	31.1166
1399399272.985	n	13.1473	3.69916	1.080	31.1170
1399399273.048	n	13.1449	3.69912	1.071	31.1185
1399399273.108	n	13.1417	3.69902	1.060	31.1203
1399399273.172	n	13.1388	3.69890	1.052	31.1215
1399399273.235	n	13.1365	3.69875	1.044	31.1220
1399399273.297	n	13.1352	3.69861	1.029	31.1218
1399399273.359	n	13.1348	3.69851	1.020	31.1211
1399399273.422	n	13.1346	3.69843	1.010	31.1205
1399399273.485	n	13.1338	3.69831	1.000	31.1201
1399399273.547	n	13.1327	3.69817	0.991	31.1197
1399399273.608	n	13.1316	3.69806	0.986	31.1196
1399399273.672	n	13.1314	3.69805	0.976	31.1196
1399399273.825	y	13.1329	3.69812	0.968	31.1191
1399399273.831	n	13.1355	3.69827	0.965	31.1184
1399399273.859	n	13.1379	3.69844	0.954	31.1179
1399399273.922	n	13.1394	3.69852	0.945	31.1174
1399399273.983	n	13.1398	3.69851	0.935	31.1171
1399399274.046	n	13.1398	3.69847	0.926	31.1167
1399399274.110	n	13.1396	3.69849	0.914	31.1170
1399399274.172	n	13.1376	3.69853	0.905	31.1191
1399399274.234	n	13.1321	3.69844	0.896	31.1227
1399399274.296	n	13.1243	3.69809	0.885	31.1259
1399399274.359	n	13.1160	3.69753	0.875	31.1275
1399399274.421	n	13.1097	3.69693	0.869	31.1270
1399399274.483	n	13.1070	3.69653	0.857	31.1255
1399399274.546	n	13.1059	3.69634	0.843	31.1246
1399399274.609	n	13.1048	3.69626	0.834	31.1247
1399399274.673	n	13.1033	3.69619	0.825	31.1252
1399399274.735	n	13.1018	3.69610	0.818	31.1257
1399399274.797	n	13.1006	3.69602	0.807	31.1259
1399399274.858	n	13.0998	3.69594	0.800	31.1259
1399399274.921	n	13.0990	3.69586	0.788	31.1258
1399399274.985	n	13.0985	3.69579	0.778	31.1256
1399399275.046	n	13.0980	3.69575	0.769	31.1256
1399399275.109	n	13.0971	3.69572	0.757	31.1260
1399399275.171	n	13.0957	3.69566	0.746	31.1266
1399399275.233	n	13.0956	3.69559	0.734	31.1261
1399399275.296	n	13.0974	3.69568	0.720	31.1254
1399399275.359	n	13.1020	3.69586	0.707	31.1233
1399399275.421	n	13.1099	3.69630	0.692	31.1210
1399399275.485	n	13.1185	3.69691	0.677	31.1196
1399399275.547	n	13.1252	3.69744	0.657	31.1192
1399399275.615	n	13.1300	3.69784	0.642	31.1190
1399399275.671	n	13.1322	3.53364	0.629	29.5864
1399399275.735	n	13.1306	3.07353	0.616	25.3552
1399399275.797	n	13.1242	2.42294	0.597	19.5236
1399399275.860	n	13.1094	1.74538	0.583	13.6528
1399399275.921	n	13.0844	1.21080	0.569	9.1900
1399399275.984	n	13.0523	0.94869	0.560	7.0696
1399399276.048	y	13.0197	0.86777	0.546	6.4284
1399399276.110	n	12.9929	0.81025	0.532	5.9758
1399399276.172	n	12.9747	0.76178	0.519	5.5955
1399399276.234	n	12.9631	0.71750	0.509	5.2490
1399399276.296	n	12.9546	0.67165	0.496	4.8915
1399399276.360	n	12.9474	0.61886	0.487	4.4819
1399399276.421	n	12.9417	0.57277	0.473	4.1266
1399399276.485	n	12.9379	0.53912	0.466	3.8685
1399399276.546	n	12.9352	0.51288	0.458	3.6681
1399399276.608	n	12.9322	0.49195	0.448	3.5089
1399399276.672	n	12.9284	0.47383	0.442	3.3717
1399399276.733	n	12.9248	0.45760	0.434	3.2491
1399399276.796	n	12.9220	0.44243	0.428	3.1347
