Source File: D:\Storage\Programs\OOI\Group 5\Correspondence\07_18_14 sample files\files\11262499.PPB
Processed: 07/18/2014 12:28:01
Using Version: 1.11
Device: CTD
Start Date: 05/06/2014
Timestamp (s)	Suspect Timestamp	Temperature	Conductivity	Pressure	Salinity
1399355982.681	y	12.5475	3.68174	22.147	31.4407
1399355982.747	n	12.5474	3.68169	22.151	31.4404
1399355982.810	n	12.5474	3.68175	22.155	31.4409
1399355982.872	n	12.5474	3.68174	22.147	31.4408
1399355982.933	n	12.5474	3.68169	22.151	31.4404
1399355982.995	n	12.5474	3.68175	22.154	31.4409
1399355983.060	n	12.5474	3.68174	22.156	31.4408
1399355983.122	n	12.5473	3.68174	22.155	31.4409
1399355983.186	n	12.5473	3.68175	22.155	31.4410
1399355983.249	n	12.5473	3.68176	22.154	31.4411
1399355983.308	n	12.5473	3.68175	22.154	31.4410
1399355983.371	n	12.5473	3.68175	22.156	31.4410
1399355983.435	n	12.5473	3.68174	22.158	31.4409
1399355983.497	n	12.5473	3.68174	22.161	31.4409
1399355983.558	n	12.5473	3.68174	22.163	31.4409
1399355983.622	n	12.5473	3.68174	22.159	31.4409
1399355983.684	n	12.5473	3.68173	22.165	31.4408
1399355983.750	n	12.5473	3.68173	22.166	31.4408
1399355983.810	n	12.5473	3.68173	22.165	31.4408
1399355983.872	n	12.5473	3.68173	22.168	31.4408
1399355983.934	n	12.5473	3.68173	22.167	31.4408
1399355984.000	n	12.5473	3.68172	22.168	31.4408
1399355984.062	n	12.5472	3.68172	22.172	31.4408
1399355984.123	n	12.5472	3.68172	22.171	31.4408
1399355984.184	n	12.5472	3.68173	22.170	31.4410
1399355985.450	n	12.5471	3.68174	22.173	31.4410
1399355985.481	n	12.5471	3.68174	22.174	31.4411
1399355985.505	n	12.5471	3.68173	22.175	31.4410
1399355985.520	n	12.5471	3.68172	22.176	31.4409
1399355985.529	n	12.5472	3.68172	22.180	31.4408
1399355985.537	n	12.5472	3.68173	22.180	31.4409
1399355985.545	n	12.5472	3.68175	22.178	31.4411
1399355985.553	n	12.5472	3.68176	22.180	31.4412
1399355985.562	n	12.5472	3.68175	22.179	31.4412
1399355985.570	n	12.5472	3.68176	22.181	31.4411
1399355985.577	n	12.5472	3.68175	22.183	31.4411
1399355985.585	n	12.5472	3.68174	22.180	31.4410
1399355985.593	n	12.5472	3.68174	22.183	31.4410
1399355985.600	n	12.5472	3.68173	22.183	31.4409
1399355985.606	n	12.5472	3.68173	22.184	31.4408
1399355985.612	n	12.5472	3.68173	22.187	31.4409
1399355985.618	n	12.5472	3.68173	22.186	31.4409
1399355985.624	n	12.5473	3.68174	22.186	31.4409
1399355985.630	n	12.5473	3.68174	22.186	31.4409
1399355985.636	n	12.5472	3.68173	22.187	31.4408
1399355985.642	n	12.5471	3.68172	22.182	31.4408
1399355985.648	n	12.5471	3.68172	22.184	31.4409
1399355985.654	n	12.5471	3.68172	22.186	31.4409
1399355985.686	n	12.5471	3.68174	22.187	31.4410
1399355985.750	n	12.5472	3.68174	22.189	31.4410
1399355985.809	n	12.5472	3.68174	22.187	31.4410
1399355985.871	n	12.5473	3.68174	22.188	31.4409
1399355985.935	n	12.5472	3.68174	22.191	31.4409
1399355985.997	n	12.5472	3.68173	22.190	31.4409
1399355986.059	n	12.5472	3.68173	22.188	31.4409
1399355986.121	n	12.5472	3.68172	22.188	31.4408
1399355986.184	n	12.5472	3.68172	22.186	31.4408
1399355986.247	n	12.5472	3.68171	22.186	31.4408
1399355986.310	n	12.5471	3.68172	22.186	31.4409
1399355986.372	n	12.5471	3.68173	22.185	31.4410
1399355986.434	n	12.5471	3.68173	22.186	31.4411
1399355986.499	n	12.5471	3.68174	22.187	31.4411
1399355986.561	n	12.5470	3.68173	22.187	31.4411
1399355986.624	n	12.5471	3.68172	22.187	31.4410
1399355986.686	n	12.5471	3.68172	22.186	31.4409
1399355986.748	n	12.5471	3.68172	22.187	31.4409
1399355986.813	n	12.5471	3.68172	22.183	31.4409
1399355986.873	n	12.5471	3.68174	22.184	31.4410
1399355986.936	n	12.5471	3.68174	22.186	31.4411
1399355986.996	n	12.5471	3.68174	22.182	31.4411
1399355987.063	n	12.5472	3.68174	22.184	31.4410
1399355987.122	n	12.5472	3.68174	22.182	31.4410
1399355987.186	n	12.5472	3.68175	22.180	31.4411
1399355987.246	n	12.5472	3.68175	22.179	31.4411
1399355987.310	n	12.5472	3.68174	22.180	31.4411
1399355987.372	n	12.5472	3.68174	22.182	31.4410
1399355987.435	n	12.5472	3.68173	22.178	31.4409
1399355987.497	n	12.5472	3.68172	22.178	31.4408
1399355987.562	n	12.5472	3.68172	22.177	31.4408
1399355987.622	n	12.5472	3.68171	22.175	31.4407
1399355987.684	n	12.5472	3.68171	22.173	31.4407
1399355987.750	n	12.5472	3.68172	22.173	31.4408
1399355987.809	n	12.5471	3.68173	22.173	31.4410
1399355987.872	n	12.5471	3.68174	22.171	31.4411
1399355987.934	n	12.5471	3.68174	22.167	31.4412
1399355987.999	n	12.5471	3.68174	22.166	31.4411
1399355988.063	n	12.5471	3.68174	22.163	31.4411
1399355988.122	n	12.5471	3.68174	22.164	31.4410
1399355988.186	n	12.5471	3.68174	22.163	31.4411
1399355988.248	n	12.5472	3.68174	22.161	31.4410
1399355988.329	y	12.5472	3.68174	22.157	31.4410
1399355988.374	n	12.5472	3.68174	22.157	31.4410
1399355988.434	n	12.5472	3.68174	22.156	31.4410
1399355988.497	n	12.5472	3.68174	22.154	31.4410
1399355988.561	n	12.5472	3.68174	22.152	31.4410
1399355988.623	n	12.5472	3.68174	22.151	31.4410
1399355988.686	n	12.5472	3.68174	22.149	31.4410
1399355988.748	n	12.5472	3.68175	22.143	31.4410
1399355988.813	n	12.5472	3.68175	22.146	31.4411
1399355988.874	n	12.5472	3.68174	22.142	31.4410
1399355988.937	n	12.5472	3.68175	22.139	31.4411
1399355988.996	n	12.5472	3.68175	22.136	31.4411
1399355989.061	n	12.5472	3.68175	22.135	31.4411
1399355989.243	y	12.5472	3.68174	22.133	31.4410
1399355989.253	n	12.5473	3.68172	22.128	31.4408
1399355989.261	n	12.5473	3.68171	22.126	31.4407
1399355989.309	n	12.5473	3.68172	22.123	31.4408
1399355989.371	n	12.5473	3.68173	22.122	31.4408
1399355989.436	n	12.5473	3.68174	22.120	31.4409
1399355989.497	n	12.5474	3.68174	22.113	31.4409
1399355989.560	n	12.5474	3.68174	22.110	31.4409
1399355989.623	n	12.5474	3.68175	22.111	31.4410
1399355989.684	n	12.5474	3.68175	22.106	31.4410
1399355989.747	n	12.5474	3.68176	22.103	31.4410
1399355989.811	n	12.5473	3.68175	22.102	31.4411
1399355989.873	n	12.5473	3.68174	22.097	31.4410
1399355989.936	n	12.5473	3.68173	22.095	31.4409
1399355989.998	n	12.5472	3.68173	22.094	31.4409
1399355990.060	n	12.5473	3.68173	22.091	31.4409
1399355990.122	n	12.5473	3.68174	22.087	31.4409
1399355990.184	n	12.5474	3.68174	22.083	31.4409
1399355990.248	n	12.5474	3.68174	22.080	31.4409
1399355990.312	n	12.5474	3.68174	22.075	31.4409
1399355990.374	n	12.5474	3.68174	22.073	31.4409
1399355990.433	n	12.5474	3.68174	22.072	31.4409
1399355990.501	n	12.5474	3.68174	22.070	31.4409
1399355990.562	n	12.5473	3.68175	22.065	31.4410
1399355990.622	n	12.5473	3.68175	22.061	31.4410
1399355990.685	n	12.5474	3.68174	22.056	31.4410
1399355990.747	n	12.5474	3.68174	22.055	31.4409
1399355990.810	n	12.5474	3.68173	22.051	31.4408
1399355990.872	n	12.5474	3.68172	22.050	31.4407
1399355990.934	n	12.5474	3.68173	22.048	31.4408
1399355991.000	n	12.5474	3.68173	22.049	31.4408
1399355991.059	n	12.5474	3.68174	22.046	31.4408
1399355991.123	n	12.5474	3.68174	22.041	31.4409
1399355991.184	n	12.5474	3.68174	22.037	31.4409
1399355991.247	n	12.5474	3.68174	22.036	31.4409
1399355991.311	n	12.5474	3.68174	22.030	31.4409
1399355991.372	n	12.5474	3.68173	22.030	31.4407
1399355991.434	n	12.5475	3.68171	22.029	31.4406
1399355991.497	n	12.5474	3.68171	22.022	31.4406
1399355991.559	n	12.5474	3.68171	22.026	31.4406
1399355991.621	n	12.5474	3.68172	22.023	31.4407
1399355991.685	n	12.5474	3.68173	22.016	31.4408
1399355991.747	n	12.5474	3.68173	22.017	31.4408
1399355991.809	n	12.5474	3.68173	22.014	31.4408
1399355991.871	n	12.5475	3.68173	22.013	31.4407
1399355991.934	n	12.5475	3.68173	22.011	31.4407
1399355991.997	n	12.5474	3.68172	22.008	31.4407
1399355992.097	y	12.5474	3.68172	22.005	31.4407
1399355992.122	n	12.5474	3.68172	22.005	31.4407
1399355992.185	n	12.5474	3.68173	22.002	31.4408
1399355992.246	n	12.5475	3.68173	21.998	31.4408
1399355992.309	n	12.5475	3.68173	21.992	31.4408
1399355992.372	n	12.5474	3.68172	21.992	31.4407
1399355992.435	n	12.5474	3.68171	21.989	31.4407
1399355992.497	n	12.5474	3.68171	21.988	31.4407
1399355992.559	n	12.5474	3.68171	21.981	31.4407
1399355992.621	n	12.5474	3.68171	21.979	31.4406
1399355992.684	n	12.5474	3.68171	21.974	31.4407
1399355992.747	n	12.5474	3.68172	21.971	31.4407
1399355992.809	n	12.5474	3.68172	21.966	31.4407
1399355992.871	n	12.5474	3.68172	21.962	31.4407
1399355992.935	n	12.5474	3.68171	21.963	31.4407
1399355992.998	n	12.5474	3.68170	21.956	31.4406
1399355993.059	y	12.5474	3.68170	21.952	31.4406
1399355993.250	y	12.5474	3.68171	21.947	31.4407
1399355993.256	n	12.5474	3.68173	21.944	31.4408
1399355993.262	n	12.5475	3.68173	21.937	31.4408
1399355993.309	n	12.5475	3.68173	21.933	31.4407
1399355993.371	n	12.5475	3.68172	21.927	31.4407
1399355993.436	n	12.5475	3.68172	21.916	31.4407
1399355993.497	n	12.5474	3.68172	21.912	31.4407
1399355993.559	n	12.5474	3.68172	21.909	31.4407
1399355993.621	n	12.5474	3.68171	21.903	31.4407
1399355993.684	n	12.5474	3.68171	21.894	31.4407
1399355993.748	n	12.5474	3.68171	21.892	31.4406
1399355993.811	n	12.5474	3.68171	21.884	31.4406
1399355993.872	n	12.5475	3.68171	21.877	31.4406
1399355993.934	n	12.5474	3.68170	21.867	31.4405
1399355994.034	n	12.5474	3.68169	21.859	31.4405
1399355994.059	n	12.5474	3.68169	21.854	31.4405
1399355994.121	n	12.5474	3.68169	21.847	31.4406
1399355994.184	n	12.5474	3.68169	21.839	31.4405
1399355994.246	n	12.5474	3.68169	21.825	31.4406
1399355994.310	n	12.5473	3.68169	21.820	31.4406
1399355994.373	n	12.5473	3.68169	21.815	31.4406
1399355994.434	n	12.5473	3.68169	21.807	31.4405
1399355994.503	n	12.5474	3.68168	21.795	31.4405
1399355994.558	n	12.5474	3.68168	21.785	31.4404
1399355994.621	n	12.5473	3.68168	21.777	31.4405
1399355994.684	n	12.5473	3.68168	21.771	31.4405
1399355994.748	n	12.5472	3.68169	21.761	31.4406
1399355994.811	n	12.5472	3.68169	21.750	31.4407
1399355994.872	n	12.5472	3.68170	21.737	31.4407
1399355994.935	n	12.5473	3.68170	21.729	31.4407
1399355994.996	n	12.5473	3.68170	21.722	31.4407
1399355995.060	n	12.5473	3.68169	21.710	31.4407
1399355995.122	n	12.5473	3.68169	21.697	31.4406
1399355995.185	n	12.5473	3.68168	21.689	31.4406
1399355995.522	n	12.5473	3.68168	21.679	31.4405
1399355995.534	n	12.5474	3.68168	21.669	31.4405
1399355995.542	n	12.5474	3.68169	21.659	31.4406
1399355995.555	n	12.5474	3.68169	21.646	31.4406
1399355995.562	n	12.5473	3.68169	21.636	31.4406
1399355995.568	n	12.5474	3.68168	21.627	31.4405
1399355995.621	y	12.5474	3.68168	21.614	31.4405
1399355995.685	n	12.5474	3.68168	21.604	31.4404
1399355995.747	n	12.5474	3.68168	21.591	31.4404
1399355995.811	n	12.5474	3.68168	21.578	31.4405
1399355995.871	n	12.5474	3.68168	21.565	31.4405
1399355995.935	n	12.5474	3.68167	21.558	31.4404
1399355995.997	n	12.5474	3.68166	21.542	31.4404
1399355996.061	n	12.5474	3.68166	21.530	31.4403
1399355996.123	n	12.5473	3.68166	21.520	31.4404
1399355996.185	n	12.5474	3.68167	21.511	31.4405
1399355996.248	n	12.5474	3.68168	21.496	31.4405
1399355996.310	n	12.5474	3.68168	21.485	31.4405
1399355996.372	n	12.5474	3.68166	21.476	31.4404
1399355996.434	n	12.5474	3.68166	21.461	31.4404
1399355996.496	n	12.5474	3.68166	21.448	31.4404
1399355996.559	n	12.5473	3.68166	21.436	31.4405
1399355996.622	n	12.5473	3.68167	21.425	31.4406
1399355996.684	n	12.5473	3.68168	21.413	31.4406
1399355996.746	n	12.5473	3.68168	21.400	31.4406
1399355996.809	n	12.5473	3.68168	21.388	31.4406
1399355996.872	n	12.5473	3.68166	21.377	31.4405
1399355996.934	n	12.5473	3.68166	21.364	31.4405
1399355996.998	n	12.5473	3.68167	21.354	31.4406
1399355997.059	n	12.5472	3.68168	21.340	31.4407
1399355997.121	n	12.5472	3.68169	21.327	31.4409
1399355997.183	n	12.5471	3.68169	21.314	31.4409
1399355997.247	n	12.5471	3.68168	21.302	31.4408
1399355997.309	y	12.5472	3.68167	21.291	31.4407
1399355997.452	n	12.5472	3.68165	21.277	31.4405
1399355997.458	n	12.5471	3.68165	21.266	31.4405
1399355997.498	n	12.5471	3.68165	21.253	31.4406
1399355997.561	n	12.5471	3.68165	21.241	31.4406
1399355997.623	n	12.5471	3.68166	21.229	31.4407
1399355997.684	n	12.5471	3.68166	21.219	31.4407
1399355997.747	n	12.5471	3.68166	21.205	31.4407
1399355997.812	n	12.5471	3.68166	21.192	31.4407
1399355997.873	n	12.5471	3.68165	21.181	31.4407
1399355997.934	n	12.5470	3.68165	21.168	31.4407
1399355997.997	n	12.5470	3.68165	21.154	31.4407
1399355998.060	n	12.5470	3.68166	21.139	31.4408
1399355998.122	n	12.5469	3.68165	21.127	31.4408
1399355998.185	n	12.5469	3.68164	21.116	31.4407
1399355998.246	n	12.5469	3.68164	21.102	31.4407
1399355998.309	n	12.5469	3.68163	21.085	31.4407
1399355998.371	n	12.5469	3.68164	21.069	31.4407
1399355998.434	n	12.5469	3.68164	21.058	31.4408
1399355998.496	n	12.5469	3.68164	21.047	31.4407
1399355998.559	n	12.5469	3.68164	21.034	31.4407
1399355998.622	n	12.5468	3.68164	21.020	31.4408
1399355998.685	n	12.5468	3.68164	21.004	31.4409
1399355998.747	n	12.5468	3.68165	20.989	31.4409
1399355998.811	n	12.5468	3.68165	20.979	31.4410
1399355998.872	n	12.5468	3.68164	20.959	31.4409
1399355998.936	n	12.5467	3.68163	20.944	31.4409
1399355998.996	n	12.5467	3.68162	20.933	31.4408
1399355999.061	n	12.5466	3.68162	20.915	31.4408
1399355999.123	n	12.5466	3.68162	20.898	31.4409
1399355999.185	n	12.5466	3.68163	20.883	31.4410
1399355999.325	y	12.5465	3.68164	20.869	31.4411
1399355999.331	n	12.5465	3.68164	20.852	31.4411
1399355999.373	n	12.5465	3.68162	20.835	31.4410
1399355999.434	n	12.5465	3.68162	20.818	31.4410
1399355999.498	n	12.5465	3.68161	20.800	31.4409
1399355999.558	n	12.5465	3.68161	20.785	31.4409
1399355999.622	n	12.5465	3.68162	20.767	31.4411
1399355999.684	n	12.5464	3.68163	20.751	31.4412
1399355999.746	n	12.5464	3.68163	20.733	31.4412
1399355999.811	n	12.5463	3.68163	20.715	31.4413
1399355999.871	n	12.5463	3.68162	20.699	31.4412
1399355999.935	n	12.5462	3.68162	20.676	31.4413
1399355999.998	n	12.5461	3.68162	20.662	31.4414
1399356000.061	n	12.5461	3.68163	20.644	31.4415
1399356000.121	n	12.5460	3.68163	20.622	31.4415
1399356000.185	n	12.5460	3.68162	20.601	31.4415
1399356000.248	n	12.5460	3.68161	20.584	31.4414
1399356000.311	n	12.5460	3.68160	20.564	31.4413
1399356000.373	n	12.5460	3.68159	20.544	31.4412
1399356000.435	n	12.5460	3.68159	20.527	31.4412
1399356000.499	n	12.5460	3.68159	20.504	31.4412
1399356000.559	n	12.5460	3.68159	20.482	31.4413
1399356000.621	n	12.5460	3.68159	20.460	31.4413
1399356000.684	n	12.5459	3.68160	20.438	31.4414
1399356000.747	n	12.5459	3.68160	20.415	31.4415
1399356000.809	n	12.5458	3.68160	20.395	31.4416
1399356000.871	n	12.5457	3.68160	20.374	31.4417
1399356000.935	n	12.5457	3.68160	20.352	31.4416
1399356000.998	n	12.5457	3.68158	20.326	31.4415
1399356001.060	n	12.5456	3.68158	20.303	31.4415
1399356001.122	n	12.5456	3.68158	20.283	31.4415
1399356001.183	n	12.5455	3.68158	20.258	31.4416
1399356001.248	n	12.5455	3.68158	20.231	31.4417
1399356001.309	n	12.5455	3.68159	20.207	31.4418
1399356001.372	n	12.5455	3.68159	20.184	31.4418
1399356001.434	n	12.5455	3.68159	20.162	31.4418
1399356001.498	n	12.5455	3.68159	20.134	31.4418
1399356001.559	y	12.5455	3.68159	20.112	31.4418
1399356001.769	y	12.5454	3.68158	20.086	31.4418
1399356001.775	n	12.5454	3.68157	20.061	31.4417
1399356001.781	n	12.5454	3.68156	20.036	31.4416
1399356001.809	n	12.5454	3.68155	20.008	31.4415
1399356001.872	n	12.5454	3.68154	19.983	31.4415
1399356001.935	n	12.5454	3.68154	19.956	31.4415
1399356001.997	n	12.5453	3.68154	19.933	31.4416
1399356002.059	n	12.5452	3.68155	19.904	31.4417
1399356002.122	n	12.5452	3.68155	19.877	31.4418
1399356002.184	n	12.5452	3.68156	19.852	31.4419
1399356002.246	n	12.5452	3.68156	19.823	31.4420
1399356002.309	n	12.5451	3.68157	19.796	31.4420
1399356002.372	n	12.5451	3.68157	19.771	31.4421
1399356002.435	n	12.5450	3.68157	19.747	31.4422
1399356002.497	n	12.5449	3.68157	19.719	31.4423
1399356002.564	n	12.5449	3.68157	19.689	31.4423
1399356002.622	n	12.5449	3.68157	19.662	31.4423
1399356002.685	n	12.5449	3.68156	19.632	31.4422
1399356002.747	n	12.5449	3.68157	19.607	31.4423
1399356002.810	n	12.5449	3.68157	19.583	31.4424
1399356002.873	n	12.5449	3.68157	19.555	31.4424
1399356002.935	n	12.5449	3.68156	19.525	31.4423
1399356002.996	y	12.5449	3.68156	19.501	31.4423
1399356003.059	n	12.5449	3.68155	19.473	31.4422
1399356003.123	n	12.5448	3.68154	19.445	31.4422
1399356003.185	n	12.5448	3.68154	19.416	31.4422
1399356003.247	n	12.5448	3.68154	19.391	31.4422
1399356003.309	n	12.5448	3.68154	19.365	31.4422
1399356003.371	n	12.5448	3.68153	19.339	31.4422
1399356003.434	n	12.5448	3.68153	19.315	31.4422
1399356003.496	n	12.5447	3.68152	19.291	31.4421
1399356003.563	n	12.5447	3.68151	19.259	31.4420
1399356003.622	n	12.5447	3.68151	19.233	31.4420
1399356003.684	n	12.5447	3.68151	19.205	31.4420
1399356003.747	n	12.5447	3.68152	19.181	31.4422
1399356003.810	n	12.5446	3.68152	19.157	31.4423
1399356003.871	n	12.5446	3.68153	19.130	31.4423
1399356003.934	n	12.5446	3.68152	19.107	31.4423
1399356003.998	n	12.5446	3.68150	19.076	31.4422
1399356004.060	n	12.5446	3.68149	19.053	31.4421
1399356004.122	n	12.5446	3.68149	19.032	31.4421
1399356004.185	n	12.5446	3.68149	19.006	31.4420
1399356004.247	n	12.5446	3.68149	18.979	31.4421
1399356004.309	n	12.5445	3.68149	18.956	31.4421
1399356004.372	n	12.5445	3.68149	18.934	31.4421
1399356004.434	n	12.5445	3.68150	18.911	31.4422
1399356004.497	n	12.5446	3.68150	18.887	31.4423
1399356004.562	n	12.5446	3.68150	18.868	31.4423
1399356004.623	n	12.5446	3.68150	18.845	31.4423
1399356004.684	n	12.5446	3.68150	18.823	31.4422
1399356004.748	n	12.5446	3.68149	18.804	31.4422
1399356004.809	n	12.5446	3.68149	18.783	31.4421
1399356004.872	n	12.5446	3.68149	18.762	31.4421
1399356004.935	n	12.5446	3.68149	18.742	31.4422
1399356005.057	y	12.5446	3.68149	18.722	31.4422
1399356005.064	n	12.5446	3.68149	18.703	31.4422
1399356005.122	n	12.5446	3.68149	18.681	31.4422
1399356005.184	n	12.5447	3.68149	18.661	31.4421
1399356005.247	n	12.5447	3.68147	18.641	31.4419
1399356005.309	n	12.5447	3.68147	18.624	31.4419
1399356005.371	n	12.5447	3.68146	18.608	31.4418
1399356005.435	n	12.5447	3.68147	18.590	31.4419
1399356005.497	n	12.5447	3.68148	18.573	31.4421
1399356005.562	n	12.5446	3.68150	18.555	31.4422
1399356005.622	n	12.5446	3.68149	18.535	31.4423
1399356005.685	n	12.5446	3.68149	18.520	31.4423
1399356005.748	n	12.5446	3.68147	18.506	31.4421
1399356006.019	y	12.5447	3.68146	18.488	31.4419
1399356006.027	n	12.5448	3.68145	18.471	31.4417
1399356006.032	n	12.5449	3.68145	18.456	31.4417
1399356006.038	n	12.5449	3.68145	18.445	31.4417
1399356006.059	n	12.5449	3.68146	18.426	31.4418
1399356006.123	n	12.5449	3.68147	18.414	31.4418
1399356006.185	n	12.5450	3.68147	18.399	31.4417
1399356006.248	n	12.5452	3.68147	18.386	31.4416
1399356006.309	n	12.5453	3.68146	18.371	31.4415
1399356006.371	n	12.5453	3.68145	18.358	31.4414
1399356006.434	n	12.5454	3.68145	18.344	31.4412
1399356006.497	n	12.5456	3.68146	18.325	31.4412
1399356006.564	n	12.5457	3.68145	18.312	31.4410
1399356006.622	n	12.5458	3.68145	18.304	31.4409
1399356006.684	y	12.5459	3.68145	18.292	31.4408
1399356006.747	n	12.5460	3.68144	18.278	31.4407
1399356006.809	n	12.5462	3.68144	18.263	31.4406
1399356006.872	n	12.5463	3.68144	18.250	31.4405
1399356006.935	n	12.5464	3.68144	18.236	31.4404
1399356006.997	n	12.5466	3.68144	18.228	31.4402
1399356007.059	n	12.5468	3.68144	18.215	31.4401
1399356007.121	n	12.5469	3.68145	18.205	31.4400
1399356007.183	n	12.5471	3.68145	18.190	31.4399
1399356007.246	n	12.5471	3.68145	18.178	31.4398
1399356007.310	n	12.5472	3.68145	18.166	31.4397
1399356007.373	n	12.5474	3.68144	18.152	31.4395
1399356007.435	n	12.5476	3.68143	18.141	31.4393
1399356007.497	n	12.5478	3.68143	18.128	31.4392
1399356007.561	n	12.5479	3.68143	18.115	31.4391
1399356007.622	n	12.5480	3.68144	18.105	31.4391
1399356007.684	n	12.5481	3.68144	18.095	31.4390
1399356007.747	n	12.5482	3.68144	18.079	31.4389
1399356007.809	n	12.5484	3.68143	18.068	31.4387
1399356007.873	n	12.5485	3.68142	18.055	31.4385
1399356007.936	n	12.5486	3.68142	18.043	31.4384
1399356007.999	n	12.5488	3.68141	18.032	31.4382
1399356008.060	n	12.5490	3.68141	18.017	31.4380
1399356008.122	n	12.5491	3.68141	18.007	31.4379
1399356008.185	n	12.5493	3.68141	17.996	31.4378
1399356008.248	n	12.5494	3.68142	17.986	31.4377
1399356008.309	n	12.5496	3.68142	17.972	31.4377
1399356008.371	n	12.5497	3.68142	17.957	31.4376
1399356008.433	n	12.5498	3.68142	17.948	31.4374
1399356008.498	n	12.5500	3.68141	17.934	31.4372
1399356008.562	n	12.5501	3.68141	17.921	31.4371
1399356008.622	n	12.5503	3.68141	17.908	31.4369
1399356008.685	n	12.5505	3.68140	17.895	31.4367
1399356008.746	n	12.5507	3.68140	17.883	31.4365
1399356008.809	n	12.5509	3.68139	17.870	31.4363
1399356008.871	n	12.5511	3.68140	17.858	31.4362
1399356008.935	n	12.5512	3.68140	17.840	31.4361
1399356008.998	n	12.5514	3.68139	17.828	31.4360
1399356009.059	n	12.5515	3.68139	17.818	31.4357
1399356009.121	n	12.5517	3.68138	17.804	31.4355
1399356009.185	n	12.5519	3.68138	17.788	31.4353
1399356009.248	n	12.5521	3.68138	17.776	31.4352
1399356009.309	n	12.5522	3.68138	17.765	31.4351
1399356009.371	n	12.5523	3.68138	17.749	31.4350
1399356009.434	n	12.5525	3.68138	17.732	31.4349
1399356009.498	n	12.5526	3.68137	17.719	31.4347
1399356009.560	n	12.5528	3.68137	17.707	31.4345
1399356009.622	n	12.5530	3.68136	17.689	31.4343
1399356009.685	n	12.5532	3.68135	17.676	31.4341
1399356009.746	n	12.5534	3.68134	17.662	31.4338
1399356009.809	n	12.5535	3.68133	17.647	31.4336
1399356009.872	n	12.5537	3.68132	17.632	31.4334
1399356009.934	n	12.5538	3.68132	17.617	31.4333
1399356009.997	n	12.5540	3.68133	17.602	31.4332
1399356010.194	y	12.5540	3.68133	17.589	31.4332
1399356010.202	n	12.5542	3.68133	17.574	31.4331
1399356010.207	n	12.5544	3.68131	17.554	31.4328
1399356010.286	y	12.5545	3.68131	17.535	31.4326
1399356010.310	n	12.5547	3.68130	17.522	31.4324
1399356010.372	n	12.5548	3.68130	17.507	31.4324
1399356010.434	n	12.5549	3.68131	17.491	31.4324
1399356010.498	n	12.5550	3.68132	17.476	31.4323
1399356010.559	n	12.5551	3.68133	17.456	31.4323
1399356010.622	n	12.5552	3.68133	17.443	31.4323
1399356010.685	n	12.5553	3.68133	17.425	31.4322
1399356010.746	n	12.5554	3.68132	17.410	31.4320
1399356010.809	n	12.5556	3.68130	17.397	31.4318
1399356010.872	n	12.5557	3.68129	17.378	31.4315
1399356010.934	n	12.5559	3.68129	17.364	31.4314
1399356010.996	n	12.5560	3.68129	17.346	31.4313
1399356011.059	n	12.5560	3.68130	17.330	31.4313
1399356011.123	n	12.5561	3.68130	17.310	31.4313
1399356011.184	n	12.5562	3.68130	17.294	31.4312
1399356011.247	n	12.5563	3.68128	17.277	31.4309
1399356011.310	n	12.5565	3.68126	17.260	31.4307
1399356011.372	n	12.5566	3.68125	17.242	31.4305
1399356011.435	n	12.5567	3.68125	17.224	31.4303
1399356011.496	n	12.5568	3.68124	17.210	31.4302
1399356011.560	n	12.5570	3.68125	17.188	31.4302
1399356011.623	n	12.5571	3.68125	17.170	31.4301
1399356011.685	n	12.5571	3.68125	17.155	31.4300
1399356011.747	n	12.5572	3.68126	17.135	31.4300
1399356011.810	n	12.5573	3.68126	17.119	31.4300
1399356011.873	n	12.5574	3.68126	17.101	31.4300
1399356011.934	n	12.5574	3.68125	17.082	31.4298
1399356011.998	n	12.5575	3.68125	17.063	31.4298
1399356012.059	n	12.5575	3.68125	17.046	31.4297
1399356012.121	n	12.5576	3.68125	17.033	31.4297
1399356012.183	n	12.5577	3.68124	17.010	31.4295
1399356012.248	n	12.5579	3.68124	16.993	31.4294
1399356012.310	n	12.5580	3.68123	16.972	31.4292
1399356012.372	n	12.5580	3.68122	16.953	31.4291
1399356012.435	n	12.5580	3.68121	16.939	31.4290
1399356012.497	n	12.5581	3.68122	16.921	31.4290
1399356012.559	n	12.5582	3.68122	16.903	31.4290
1399356012.621	n	12.5583	3.68122	16.885	31.4289
1399356012.685	n	12.5584	3.68123	16.865	31.4289
1399356012.748	n	12.5585	3.68122	16.847	31.4287
1399356012.810	n	12.5586	3.68122	16.826	31.4287
1399356012.872	n	12.5587	3.68122	16.811	31.4286
1399356012.934	n	12.5588	3.68121	16.795	31.4284
1399356012.997	n	12.5589	3.68120	16.775	31.4283
1399356013.059	n	12.5589	3.68119	16.753	31.4282
1399356013.122	n	12.5590	3.68119	16.736	31.4281
1399356013.184	n	12.5590	3.68118	16.722	31.4280
1399356013.248	n	12.5591	3.68118	16.704	31.4279
1399356013.310	n	12.5592	3.68118	16.683	31.4278
1399356013.372	n	12.5593	3.68118	16.667	31.4277
1399356013.435	n	12.5595	3.68118	16.649	31.4276
1399356013.499	n	12.5596	3.68117	16.627	31.4274
1399356013.560	n	12.5597	3.68116	16.607	31.4273
1399356013.623	n	12.5598	3.68117	16.591	31.4273
1399356013.684	n	12.5598	3.68117	16.571	31.4273
1399356013.747	n	12.5599	3.68118	16.553	31.4273
1399356013.809	n	12.5600	3.68118	16.535	31.4272
1399356013.871	n	12.5601	3.68117	16.517	31.4271
1399356013.955	y	12.5603	3.68116	16.497	31.4268
1399356013.997	n	12.5604	3.68115	16.477	31.4267
1399356014.059	n	12.5605	3.68116	16.459	31.4266
1399356014.122	n	12.5606	3.68117	16.442	31.4267
1399356014.184	n	12.5606	3.68117	16.425	31.4267
1399356014.249	n	12.5607	3.68117	16.403	31.4266
1399356014.439	y	12.5608	3.68116	16.383	31.4264
1399356014.447	n	12.5609	3.68114	16.365	31.4261
1399356014.452	n	12.5610	3.68113	16.345	31.4260
1399356014.497	n	12.5610	3.68112	16.327	31.4259
1399356014.561	n	12.5611	3.68112	16.308	31.4258
1399356014.624	n	12.5612	3.68112	16.288	31.4258
1399356014.684	n	12.5614	3.68113	16.267	31.4257
1399356014.747	n	12.5615	3.68113	16.248	31.4256
1399356014.809	n	12.5617	3.68113	16.229	31.4255
1399356014.872	n	12.5618	3.68112	16.209	31.4253
1399356014.934	n	12.5619	3.68111	16.191	31.4251
1399356014.998	n	12.5620	3.68111	16.168	31.4250
1399356015.059	n	12.5621	3.68111	16.150	31.4249
1399356015.123	n	12.5622	3.68111	16.131	31.4249
1399356015.185	n	12.5622	3.68111	16.110	31.4249
1399356015.247	n	12.5623	3.68111	16.093	31.4248
1399356015.310	n	12.5624	3.68110	16.068	31.4246
1399356015.372	n	12.5625	3.68109	16.051	31.4244
1399356015.435	n	12.5626	3.68107	16.030	31.4242
1399356015.497	n	12.5627	3.68107	16.008	31.4242
1399356015.560	n	12.5628	3.68107	15.993	31.4241
1399356015.621	n	12.5629	3.68107	15.970	31.4240
1399356015.685	n	12.5630	3.68107	15.952	31.4239
1399356015.748	n	12.5631	3.68106	15.930	31.4238
1399356015.810	n	12.5632	3.68106	15.909	31.4237
1399356015.871	n	12.5632	3.68106	15.886	31.4237
1399356015.935	n	12.5633	3.68106	15.865	31.4236
1399356015.997	n	12.5634	3.68105	15.846	31.4235
1399356016.059	n	12.5635	3.68105	15.826	31.4233
1399356016.123	n	12.5636	3.68104	15.807	31.4231
1399356016.184	n	12.5637	3.68103	15.786	31.4230
1399356016.248	n	12.5638	3.68103	15.764	31.4229
1399356016.310	n	12.5639	3.68103	15.745	31.4229
1399356016.372	n	12.5641	3.68103	15.726	31.4227
1399356016.435	n	12.5642	3.68103	15.705	31.4226
1399356016.498	n	12.5643	3.68102	15.684	31.4224
1399356016.559	n	12.5645	3.68102	15.666	31.4223
1399356016.621	n	12.5646	3.68101	15.645	31.4221
1399356016.684	n	12.5647	3.68100	15.626	31.4220
1399356016.746	n	12.5648	3.68100	15.609	31.4218
1399356016.810	n	12.5649	3.68099	15.583	31.4217
1399356016.873	n	12.5650	3.68098	15.564	31.4215
1399356016.935	n	12.5651	3.68097	15.543	31.4214
1399356016.998	n	12.5653	3.68097	15.524	31.4212
1399356017.060	n	12.5654	3.68096	15.504	31.4211
1399356017.123	n	12.5655	3.68096	15.486	31.4210
1399356017.185	n	12.5656	3.68096	15.467	31.4209
1399356017.247	n	12.5657	3.68095	15.445	31.4207
1399356017.309	n	12.5658	3.68094	15.425	31.4206
1399356017.372	n	12.5659	3.68093	15.406	31.4204
1399356017.434	n	12.5661	3.68093	15.386	31.4202
1399356017.497	n	12.5662	3.68094	15.369	31.4202
1399356017.560	n	12.5662	3.68094	15.350	31.4202
1399356017.623	n	12.5663	3.68094	15.327	31.4201
1399356017.698	y	12.5664	3.68093	15.310	31.4199
1399356017.747	n	12.5665	3.68090	15.293	31.4196
1399356017.810	n	12.5667	3.68088	15.273	31.4193
1399356017.873	n	12.5668	3.68088	15.252	31.4192
1399356017.935	n	12.5669	3.68088	15.233	31.4191
1399356017.998	n	12.5670	3.68089	15.214	31.4192
1399356018.060	n	12.5670	3.68089	15.195	31.4191
1399356018.122	n	12.5671	3.68088	15.179	31.4189
1399356018.185	n	12.5672	3.68087	15.162	31.4188
1399356018.248	n	12.5673	3.68086	15.141	31.4186
1399356018.310	n	12.5675	3.68086	15.124	31.4186
1399356018.372	n	12.5676	3.68086	15.107	31.4184
1399356018.434	n	12.5677	3.68086	15.088	31.4183
1399356018.498	n	12.5678	3.68084	15.070	31.4181
1399356018.688	y	12.5679	3.68083	15.054	31.4179
1399356018.695	n	12.5680	3.68083	15.036	31.4178
1399356018.706	n	12.5681	3.68083	15.020	31.4177
1399356018.748	n	12.5682	3.68083	15.003	31.4177
1399356018.809	n	12.5683	3.68085	14.985	31.4178
1399356018.872	n	12.5684	3.68085	14.970	31.4177
1399356018.934	n	12.5685	3.68085	14.951	31.4176
1399356018.998	n	12.5686	3.68084	14.932	31.4175
1399356019.060	n	12.5687	3.68083	14.915	31.4173
1399356019.123	n	12.5688	3.68083	14.903	31.4172
1399356019.185	n	12.5690	3.68082	14.886	31.4170
1399356019.248	n	12.5691	3.68082	14.869	31.4169
1399356019.310	n	12.5692	3.68082	14.853	31.4168
1399356019.371	n	12.5692	3.68082	14.835	31.4167
1399356019.434	n	12.5693	3.68082	14.823	31.4167
1399356019.498	n	12.5693	3.68081	14.806	31.4166
1399356019.560	n	12.5693	3.68080	14.789	31.4165
1399356019.622	n	12.5694	3.68080	14.774	31.4165
1399356019.689	n	12.5695	3.68080	14.762	31.4164
1399356019.747	n	12.5696	3.68080	14.741	31.4163
1399356019.810	n	12.5696	3.68080	14.726	31.4162
1399356019.873	n	12.5697	3.68079	14.710	31.4161
1399356019.935	n	12.5698	3.68078	14.695	31.4159
1399356019.998	n	12.5700	3.68077	14.683	31.4158
1399356020.059	n	12.5700	3.68076	14.667	31.4156
1399356020.122	n	12.5701	3.68075	14.652	31.4155
1399356020.184	n	12.5701	3.68075	14.636	31.4155
1399356020.247	n	12.5702	3.68075	14.621	31.4154
1399356020.310	n	12.5703	3.68075	14.605	31.4154
1399356020.372	n	12.5704	3.68075	14.589	31.4152
1399356020.435	n	12.5705	3.68074	14.576	31.4151
1399356020.497	n	12.5706	3.68074	14.565	31.4150
1399356020.560	n	12.5707	3.68073	14.540	31.4148
1399356020.723	y	12.5708	3.68072	14.526	31.4147
1399356020.729	n	12.5709	3.68070	14.513	31.4144
1399356020.748	n	12.5710	3.68069	14.495	31.4141
1399356020.809	n	12.5711	3.68067	14.481	31.4139
1399356020.872	n	12.5712	3.68067	14.465	31.4138
1399356020.934	n	12.5713	3.68067	14.451	31.4137
1399356020.997	n	12.5713	3.68066	14.433	31.4137
1399356021.059	n	12.5713	3.68065	14.419	31.4136
1399356021.121	n	12.5714	3.68065	14.402	31.4135
1399356021.184	n	12.5715	3.68065	14.385	31.4134
1399356021.267	y	12.5717	3.68064	14.369	31.4132
1399356021.309	n	12.5718	3.68065	14.355	31.4131
1399356021.372	n	12.5719	3.68064	14.340	31.4130
1399356021.434	n	12.5720	3.68065	14.323	31.4130
1399356021.498	n	12.5720	3.68064	14.304	31.4129
1399356021.559	n	12.5721	3.68063	14.287	31.4128
1399356021.622	n	12.5721	3.68061	14.273	31.4126
1399356021.684	n	12.5722	3.68059	14.256	31.4124
1399356021.746	n	12.5722	3.68058	14.241	31.4122
1399356021.809	n	12.5723	3.68056	14.222	31.4120
1399356021.873	n	12.5724	3.68055	14.208	31.4118
1399356021.935	n	12.5725	3.68053	14.191	31.4116
1399356021.996	n	12.5726	3.68052	14.173	31.4115
1399356022.060	n	12.5727	3.68052	14.158	31.4114
1399356022.122	n	12.5727	3.68052	14.141	31.4113
1399356022.185	n	12.5728	3.68052	14.125	31.4113
1399356022.247	n	12.5728	3.68051	14.111	31.4111
1399356022.309	n	12.5729	3.68049	14.094	31.4108
1399356022.371	n	12.5730	3.68046	14.076	31.4106
1399356022.434	n	12.5731	3.68045	14.057	31.4103
1399356022.497	n	12.5731	3.68043	14.044	31.4101
1399356022.559	n	12.5732	3.68042	14.026	31.4099
1399356022.621	n	12.5733	3.68040	14.011	31.4098
1399356022.686	n	12.5733	3.68039	13.994	31.4097
1399356022.746	n	12.5733	3.68038	13.978	31.4095
1399356023.003	y	12.5734	3.68037	13.958	31.4094
1399356023.010	n	12.5734	3.68036	13.941	31.4093
1399356023.016	n	12.5735	3.68035	13.928	31.4091
1399356023.021	n	12.5736	3.68035	13.914	31.4090
1399356023.060	n	12.5737	3.68034	13.894	31.4088
1399356023.123	n	12.5738	3.68032	13.879	31.4086
1399356023.185	n	12.5738	3.68030	13.864	31.4084
1399356023.246	n	12.5739	3.68029	13.847	31.4082
1399356023.309	n	12.5739	3.68028	13.831	31.4081
1399356023.371	n	12.5740	3.68027	13.811	31.4080
1399356023.434	n	12.5741	3.68028	13.797	31.4080
1399356023.497	n	12.5741	3.68027	13.780	31.4079
1399356023.561	n	12.5742	3.68027	13.763	31.4079
1399356023.622	n	12.5742	3.68026	13.747	31.4078
1399356023.684	n	12.5742	3.68026	13.733	31.4078
1399356023.747	n	12.5743	3.68026	13.712	31.4077
1399356023.810	n	12.5743	3.68026	13.697	31.4077
1399356023.872	n	12.5743	3.68025	13.683	31.4075
1399356023.934	n	12.5744	3.68023	13.666	31.4073
1399356023.996	n	12.5745	3.68021	13.651	31.4070
1399356024.060	n	12.5746	3.68020	13.634	31.4069
1399356024.122	n	12.5747	3.68019	13.618	31.4067
1399356024.184	n	12.5747	3.68018	13.598	31.4067
1399356024.248	n	12.5747	3.68018	13.588	31.4066
1399356024.309	n	12.5748	3.68016	13.572	31.4064
1399356024.372	n	12.5748	3.68015	13.555	31.4062
1399356024.434	n	12.5749	3.68014	13.542	31.4061
1399356024.498	n	12.5750	3.68013	13.525	31.4059
1399356024.560	n	12.5751	3.68013	13.506	31.4058
1399356024.624	n	12.5751	3.68013	13.495	31.4058
1399356024.685	n	12.5752	3.68013	13.479	31.4058
1399356024.753	n	12.5751	3.68011	13.463	31.4057
1399356024.810	n	12.5751	3.68010	13.446	31.4055
1399356024.872	n	12.5751	3.68008	13.433	31.4054
1399356024.974	y	12.5752	3.68007	13.417	31.4053
1399356024.997	n	12.5752	3.68006	13.396	31.4052
1399356025.060	n	12.5752	3.68006	13.379	31.4051
1399356025.122	n	12.5753	3.68006	13.366	31.4051
1399356025.184	n	12.5753	3.68006	13.351	31.4051
1399356025.247	n	12.5753	3.68005	13.332	31.4050
1399356025.309	n	12.5754	3.68005	13.315	31.4050
1399356025.373	n	12.5754	3.68005	13.306	31.4050
1399356025.434	n	12.5754	3.68005	13.293	31.4049
1399356025.497	n	12.5755	3.68005	13.276	31.4049
1399356025.560	n	12.5755	3.68004	13.259	31.4048
1399356025.622	n	12.5756	3.68003	13.247	31.4046
1399356025.684	n	12.5756	3.68002	13.227	31.4045
1399356025.753	n	12.5756	3.68001	13.213	31.4044
1399356025.810	n	12.5756	3.67999	13.199	31.4042
1399356025.873	n	12.5756	3.67997	13.183	31.4040
1399356025.935	n	12.5757	3.67997	13.166	31.4040
1399356025.996	n	12.5757	3.67997	13.148	31.4039
1399356026.059	n	12.5757	3.67997	13.135	31.4040
1399356026.123	n	12.5757	3.67998	13.119	31.4040
1399356026.186	n	12.5758	3.67997	13.106	31.4040
1399356026.247	n	12.5758	3.67996	13.090	31.4038
1399356026.310	n	12.5758	3.67994	13.075	31.4037
1399356026.372	n	12.5758	3.67992	13.062	31.4035
1399356026.435	n	12.5758	3.67990	13.049	31.4033
1399356026.498	n	12.5759	3.67988	13.030	31.4031
1399356026.559	n	12.5759	3.67987	13.013	31.4030
1399356026.621	n	12.5759	3.67987	12.996	31.4029
1399356026.684	n	12.5759	3.67986	12.980	31.4029
1399356026.752	n	12.5759	3.67987	12.968	31.4029
1399356026.810	n	12.5759	3.67986	12.951	31.4029
1399356026.872	n	12.5760	3.67986	12.940	31.4028
1399356026.934	n	12.5760	3.67985	12.921	31.4026
1399356026.997	n	12.5760	3.67983	12.903	31.4025
1399356027.148	y	12.5761	3.67983	12.885	31.4024
1399356027.153	n	12.5761	3.67982	12.872	31.4023
1399356027.184	n	12.5762	3.67981	12.857	31.4022
1399356027.247	n	12.5762	3.67981	12.838	31.4022
1399356027.310	n	12.5762	3.67980	12.824	31.4021
1399356027.372	n	12.5761	3.67978	12.806	31.4020
1399356027.434	n	12.5762	3.67977	12.791	31.4018
1399356027.497	n	12.5762	3.67976	12.773	31.4017
1399356027.560	n	12.5762	3.67975	12.759	31.4016
1399356027.623	n	12.5762	3.67973	12.743	31.4015
1399356027.686	n	12.5762	3.67971	12.724	31.4013
1399356027.750	n	12.5762	3.67970	12.705	31.4011
1399356027.809	n	12.5763	3.67968	12.690	31.4010
1399356027.872	n	12.5763	3.67967	12.676	31.4008
1399356027.934	n	12.5763	3.67967	12.657	31.4008
1399356027.997	n	12.5763	3.67967	12.639	31.4008
1399356028.060	n	12.5763	3.67965	12.622	31.4006
1399356028.123	n	12.5763	3.67963	12.601	31.4005
1399356028.186	n	12.5763	3.67962	12.588	31.4003
1399356028.246	n	12.5764	3.67960	12.572	31.4001
1399356028.310	n	12.5764	3.67960	12.551	31.4001
1399356028.372	n	12.5764	3.67960	12.533	31.4002
1399356028.434	n	12.5764	3.67959	12.520	31.4001
1399356028.497	n	12.5764	3.67958	12.501	31.4000
1399356028.560	n	12.5764	3.67957	12.481	31.3998
1399356028.640	y	12.5765	3.67955	12.464	31.3997
1399356028.686	n	12.5765	3.67954	12.446	31.3995
1399356028.751	n	12.5765	3.67953	12.429	31.3994
1399356028.809	n	12.5765	3.67951	12.411	31.3993
1399356028.872	n	12.5764	3.67950	12.391	31.3992
1399356028.936	n	12.5764	3.67950	12.373	31.3992
1399356029.000	n	12.5764	3.67948	12.357	31.3991
1399356029.060	n	12.5764	3.67948	12.337	31.3990
1399356029.123	n	12.5765	3.67946	12.321	31.3988
1399356029.186	n	12.5764	3.67945	12.300	31.3988
1399356029.246	n	12.5764	3.67944	12.282	31.3987
1399356029.310	n	12.5764	3.67944	12.263	31.3987
1399356029.372	n	12.5764	3.67943	12.243	31.3987
1399356029.435	n	12.5763	3.67942	12.224	31.3986
1399356029.496	n	12.5763	3.67940	12.206	31.3985
1399356029.560	n	12.5763	3.67939	12.188	31.3983
1399356029.623	n	12.5763	3.67938	12.170	31.3982
1399356029.684	n	12.5764	3.67936	12.147	31.3981
1399356029.751	n	12.5764	3.67935	12.129	31.3979
1399356029.809	n	12.5765	3.67934	12.112	31.3978
1399356029.873	n	12.5765	3.67934	12.092	31.3978
1399356029.936	n	12.5764	3.67934	12.074	31.3978
1399356029.997	n	12.5764	3.67933	12.051	31.3978
1399356030.060	n	12.5763	3.67932	12.034	31.3977
1399356030.123	n	12.5763	3.67930	12.014	31.3976
1399356030.185	n	12.5763	3.67930	11.996	31.3976
1399356030.246	n	12.5762	3.67930	11.977	31.3976
1399356030.309	n	12.5762	3.67929	11.958	31.3976
1399356030.373	n	12.5762	3.67928	11.937	31.3975
1399356030.434	n	12.5762	3.67926	11.917	31.3974
1399356030.498	n	12.5762	3.67925	11.898	31.3972
1399356030.561	n	12.5762	3.67924	11.878	31.3971
1399356030.623	n	12.5762	3.67923	11.861	31.3971
1399356030.687	n	12.5762	3.67923	11.844	31.3970
1399356030.753	n	12.5762	3.67922	11.822	31.3970
1399356030.809	n	12.5761	3.67922	11.800	31.3970
1399356030.873	n	12.5761	3.67921	11.784	31.3970
1399356030.936	n	12.5761	3.67920	11.768	31.3969
1399356030.997	n	12.5761	3.67919	11.747	31.3968
1399356031.060	n	12.5761	3.67918	11.723	31.3967
1399356031.122	n	12.5760	3.67917	11.707	31.3967
1399356031.185	n	12.5759	3.67917	11.690	31.3968
1399356031.248	n	12.5759	3.67918	11.673	31.3969
1399356031.425	y	12.5759	3.67918	11.652	31.3968
1399356031.431	n	12.5759	3.67917	11.632	31.3968
1399356031.438	n	12.5760	3.67915	11.617	31.3966
1399356031.498	n	12.5760	3.67914	11.593	31.3965
1399356031.560	n	12.5760	3.67913	11.572	31.3964
1399356031.623	n	12.5759	3.67912	11.557	31.3963
1399356031.685	n	12.5759	3.67911	11.539	31.3962
1399356031.753	n	12.5759	3.67910	11.520	31.3962
1399356031.810	n	12.5758	3.67910	11.504	31.3962
1399356031.872	n	12.5758	3.67910	11.487	31.3962
1399356031.934	n	12.5758	3.67910	11.470	31.3963
1399356031.998	n	12.5758	3.67909	11.452	31.3962
1399356032.061	n	12.5758	3.67908	11.433	31.3962
1399356032.123	n	12.5758	3.67907	11.417	31.3961
1399356032.186	n	12.5758	3.67906	11.397	31.3960
1399356032.315	y	12.5758	3.67905	11.378	31.3958
1399356032.322	n	12.5758	3.67905	11.362	31.3958
1399356032.372	n	12.5758	3.67904	11.349	31.3958
1399356032.436	n	12.5758	3.67904	11.331	31.3958
1399356032.499	n	12.5758	3.67904	11.313	31.3958
1399356032.562	n	12.5758	3.67904	11.294	31.3958
1399356032.622	n	12.5759	3.67904	11.279	31.3957
1399356032.685	n	12.5759	3.67903	11.263	31.3956
1399356032.753	n	12.5760	3.67902	11.246	31.3954
1399356032.810	n	12.5760	3.67900	11.228	31.3953
1399356032.873	n	12.5761	3.67898	11.213	31.3951
1399356032.935	n	12.5761	3.67897	11.197	31.3949
1399356032.998	n	12.5762	3.67896	11.181	31.3948
1399356033.061	n	12.5763	3.67896	11.164	31.3947
1399356033.121	n	12.5764	3.67896	11.152	31.3946
1399356033.186	n	12.5765	3.67896	11.137	31.3946
1399356033.248	n	12.5766	3.67896	11.124	31.3944
1399356033.309	n	12.5768	3.67896	11.107	31.3943
1399356033.372	n	12.5770	3.67896	11.088	31.3941
1399356033.435	n	12.5772	3.67896	11.075	31.3939
1399356033.499	n	12.5774	3.67895	11.059	31.3937
1399356033.559	n	12.5776	3.67894	11.041	31.3935
1399356033.622	n	12.5779	3.67894	11.027	31.3932
1399356033.685	n	12.5782	3.67894	11.014	31.3930
1399356033.748	n	12.5785	3.67894	11.002	31.3927
1399356033.811	n	12.5789	3.67892	10.987	31.3922
1399356033.873	n	12.5794	3.67891	10.969	31.3917
1399356033.937	n	12.5799	3.67890	10.953	31.3912
1399356033.999	n	12.5804	3.67890	10.941	31.3907
1399356034.059	n	12.5810	3.67890	10.929	31.3903
1399356034.122	n	12.5816	3.67890	10.914	31.3898
1399356034.186	n	12.5823	3.67891	10.898	31.3893
1399356034.247	n	12.5829	3.67892	10.884	31.3889
1399356034.309	n	12.5834	3.67892	10.871	31.3885
1399356034.372	n	12.5840	3.67892	10.858	31.3880
1399356034.435	n	12.5846	3.67891	10.846	31.3874
1399356034.496	n	12.5851	3.67890	10.829	31.3868
1399356034.559	n	12.5858	3.67889	10.813	31.3863
1399356034.623	n	12.5864	3.67889	10.799	31.3858
1399356034.685	n	12.5870	3.67889	10.788	31.3853
1399356034.747	n	12.5876	3.67889	10.775	31.3848
1399356034.810	n	12.5881	3.67889	10.763	31.3843
1399356034.872	n	12.5887	3.67888	10.746	31.3837
1399356034.936	n	12.5893	3.67887	10.733	31.3832
1399356034.997	n	12.5899	3.67887	10.718	31.3827
1399356035.060	n	12.5903	3.67886	10.705	31.3822
1399356035.122	n	12.5908	3.67887	10.691	31.3819
1399356035.185	n	12.5913	3.67887	10.678	31.3815
1399356035.248	n	12.5918	3.67887	10.665	31.3811
1399356035.309	n	12.5924	3.67886	10.652	31.3805
1399356035.372	n	12.5929	3.67885	10.636	31.3800
1399356035.435	n	12.5934	3.67884	10.623	31.3795
1399356035.496	n	12.5939	3.67884	10.609	31.3791
1399356035.686	y	12.5945	3.67884	10.596	31.3786
1399356035.692	n	12.5950	3.67884	10.581	31.3781
1399356035.697	n	12.5956	3.67883	10.566	31.3776
1399356035.748	n	12.5962	3.67882	10.551	31.3770
1399356035.810	n	12.5968	3.67882	10.538	31.3766
1399356035.873	n	12.5974	3.67882	10.523	31.3760
1399356035.937	n	12.5981	3.67882	10.507	31.3755
1399356035.999	y	12.5987	3.67881	10.493	31.3748
1399356036.180	y	12.5993	3.67880	10.479	31.3742
1399356036.187	n	12.5999	3.67879	10.469	31.3737
1399356036.193	n	12.6005	3.67879	10.449	31.3732
1399356036.248	n	12.6011	3.67879	10.435	31.3727
1399356036.310	n	12.6017	3.67878	10.420	31.3721
1399356036.372	n	12.6023	3.67877	10.405	31.3714
1399356036.435	n	12.6030	3.67876	10.392	31.3708
1399356036.496	n	12.6036	3.67875	10.376	31.3702
1399356036.559	n	12.6043	3.67875	10.359	31.3697
1399356036.623	n	12.6049	3.67874	10.344	31.3691
1399356036.684	n	12.6055	3.67874	10.328	31.3686
1399356036.746	n	12.6061	3.67873	10.312	31.3680
1399356036.810	n	12.6067	3.67872	10.296	31.3674
1399356036.871	n	12.6073	3.67872	10.281	31.3669
1399356036.934	n	12.6079	3.67871	10.266	31.3663
1399356036.998	n	12.6085	3.67870	10.252	31.3657
1399356037.060	n	12.6091	3.67869	10.230	31.3651
1399356037.122	n	12.6097	3.67868	10.213	31.3646
1399356037.185	n	12.6103	3.67867	10.201	31.3640
1399356037.247	n	12.6109	3.67867	10.184	31.3635
1399356037.310	n	12.6114	3.67866	10.168	31.3629
1399356037.372	n	12.6120	3.67865	10.150	31.3624
1399356037.436	n	12.6124	3.67863	10.136	31.3619
1399356037.498	n	12.6130	3.67861	10.115	31.3613
1399356037.560	n	12.6135	3.67860	10.098	31.3607
1399356037.623	n	12.6141	3.67859	10.083	31.3601
1399356037.686	n	12.6148	3.67858	10.065	31.3595
1399356037.748	n	12.6154	3.67857	10.048	31.3588
1399356037.809	n	12.6160	3.67856	10.031	31.3582
1399356037.873	n	12.6166	3.67854	10.015	31.3576
1399356037.936	n	12.6172	3.67852	9.998	31.3569
1399356037.997	n	12.6179	3.67850	9.982	31.3561
1399356038.060	n	12.6185	3.67849	9.960	31.3555
1399356038.123	n	12.6192	3.67848	9.947	31.3549
1399356038.185	n	12.6199	3.67848	9.926	31.3544
1399356038.248	n	12.6205	3.67847	9.909	31.3537
1399356038.309	n	12.6212	3.67845	9.891	31.3529
1399356038.372	n	12.6219	3.67843	9.871	31.3521
1399356038.434	n	12.6227	3.67841	9.851	31.3513
1399356038.498	n	12.6234	3.67840	9.832	31.3507
1399356038.559	n	12.6241	3.67840	9.813	31.3501
1399356038.621	n	12.6248	3.67839	9.796	31.3494
1399356038.686	n	12.6254	3.67837	9.778	31.3487
1399356038.751	n	12.6261	3.67835	9.762	31.3480
1399356038.809	n	12.6268	3.67834	9.744	31.3473
1399356038.873	n	12.6274	3.67833	9.726	31.3467
1399356038.936	n	12.6280	3.67832	9.711	31.3462
1399356038.997	n	12.6285	3.67831	9.692	31.3456
1399356039.061	n	12.6291	3.67830	9.670	31.3450
1399356039.122	n	12.6298	3.67829	9.655	31.3444
1399356039.186	n	12.6304	3.67828	9.634	31.3438
1399356039.248	n	12.6309	3.67827	9.617	31.3432
1399356039.309	n	12.6315	3.67826	9.596	31.3427
1399356039.372	n	12.6320	3.67825	9.578	31.3421
1399356039.435	n	12.6325	3.67824	9.560	31.3416
1399356039.498	n	12.6330	3.67823	9.540	31.3412
1399356039.628	y	12.6336	3.67822	9.524	31.3406
1399356039.633	n	12.6341	3.67821	9.507	31.3400
1399356039.685	n	12.6347	3.67819	9.489	31.3394
1399356039.752	n	12.6353	3.67818	9.466	31.3388
1399356039.920	y	12.6358	3.67817	9.451	31.3383
1399356039.926	n	12.6363	3.67816	9.432	31.3378
1399356039.934	n	12.6368	3.67814	9.416	31.3372
1399356039.996	n	12.6375	3.67814	9.398	31.3366
1399356040.060	n	12.6381	3.67814	9.382	31.3361
1399356040.123	n	12.6388	3.67814	9.362	31.3355
1399356040.186	n	12.6395	3.67814	9.347	31.3350
1399356040.246	n	12.6402	3.67813	9.327	31.3343
1399356040.309	n	12.6409	3.67811	9.308	31.3336
1399356040.372	n	12.6417	3.67810	9.292	31.3329
1399356040.434	n	12.6424	3.67809	9.272	31.3321
1399356040.498	n	12.6432	3.67808	9.258	31.3314
1399356040.561	n	12.6440	3.67807	9.238	31.3306
1399356040.623	n	12.6448	3.67806	9.224	31.3298
1399356040.684	n	12.6457	3.67805	9.207	31.3291
1399356040.747	n	12.6465	3.67805	9.188	31.3284
1399356040.809	n	12.6473	3.67806	9.174	31.3278
1399356040.873	n	12.6481	3.67805	9.154	31.3271
1399356040.938	n	12.6489	3.67805	9.134	31.3264
1399356040.998	n	12.6496	3.67805	9.124	31.3258
1399356041.059	n	12.6504	3.67805	9.109	31.3252
1399356041.123	n	12.6511	3.67805	9.090	31.3246
1399356041.186	n	12.6519	3.67804	9.072	31.3239
1399356041.247	n	12.6526	3.67803	9.058	31.3232
1399356041.309	n	12.6532	3.67802	9.043	31.3225
1399356041.372	n	12.6539	3.67801	9.027	31.3220
1399356041.435	n	12.6545	3.67801	9.011	31.3215
1399356041.496	n	12.6551	3.67802	8.998	31.3210
1399356041.561	n	12.6557	3.67801	8.981	31.3205
1399356041.621	n	12.6562	3.67800	8.969	31.3199
1399356041.684	n	12.6568	3.67800	8.954	31.3194
1399356041.747	n	12.6573	3.67799	8.938	31.3189
1399356041.809	n	12.6578	3.67798	8.923	31.3185
1399356041.873	n	12.6582	3.67797	8.911	31.3181
1399356041.935	n	12.6585	3.67797	8.898	31.3177
1399356041.998	n	12.6588	3.67797	8.884	31.3175
1399356042.060	n	12.6592	3.67797	8.868	31.3172
1399356042.122	y	12.6594	3.67796	8.854	31.3169
1399356042.185	n	12.6597	3.67796	8.839	31.3167
1399356042.248	n	12.6599	3.67795	8.827	31.3164
1399356042.310	n	12.6601	3.67794	8.815	31.3162
1399356042.373	n	12.6602	3.67794	8.795	31.3161
1399356042.436	n	12.6605	3.67794	8.786	31.3159
1399356042.497	n	12.6607	3.67794	8.772	31.3158
1399356042.560	n	12.6609	3.67794	8.759	31.3156
1399356042.622	n	12.6610	3.67793	8.746	31.3154
1399356042.686	n	12.6611	3.67792	8.732	31.3152
1399356042.747	n	12.6612	3.67791	8.718	31.3151
1399356042.810	n	12.6614	3.67790	8.709	31.3148
1399356042.872	n	12.6615	3.67789	8.698	31.3146
1399356042.935	n	12.6618	3.67786	8.682	31.3141
1399356042.997	n	12.6622	3.67754	8.666	31.3107
1399356043.059	n	12.6631	3.67688	8.656	31.3037
1399356043.123	n	12.6646	3.67591	8.643	31.2933
1399356043.185	n	12.6665	3.67483	8.630	31.2816
1399356043.319	y	12.6684	3.67395	8.614	31.2716
1399356043.325	n	12.6698	3.67346	8.600	31.2658
1399356043.372	n	12.6704	3.67322	8.586	31.2631
1399356043.436	n	12.6702	3.67313	8.575	31.2624
1399356043.497	n	12.6694	3.67310	8.562	31.2628
1399356043.560	n	12.6685	3.67309	8.544	31.2634
1399356043.622	n	12.6679	3.67310	8.534	31.2641
1399356043.685	n	12.6677	3.67313	8.519	31.2645
1399356043.749	n	12.6681	3.67318	8.508	31.2646
1399356043.810	n	12.6688	3.67318	8.493	31.2641
1399356043.872	n	12.6696	3.67319	8.479	31.2635
1399356043.936	n	12.6703	3.67319	8.466	31.2629
1399356043.998	n	12.6709	3.67318	8.452	31.2624
1399356044.155	y	12.6711	3.67317	8.432	31.2621
1399356044.160	n	12.6712	3.67317	8.422	31.2620
1399356044.184	n	12.6712	3.67318	8.406	31.2620
1399356044.247	n	12.6714	3.67319	8.392	31.2620
1399356044.309	n	12.6717	3.67321	8.380	31.2619
1399356044.371	n	12.6720	3.67322	8.368	31.2619
1399356044.435	n	12.6720	3.67323	8.353	31.2619
1399356044.497	n	12.6718	3.67322	8.338	31.2620
1399356044.559	n	12.6715	3.67321	8.320	31.2621
1399356044.622	n	12.6713	3.67319	8.305	31.2621
1399356044.685	n	12.6711	3.67318	8.292	31.2622
1399356044.748	n	12.6708	3.67318	8.278	31.2624
1399356044.809	n	12.6706	3.67319	8.262	31.2627
1399356044.872	n	12.6704	3.67319	8.249	31.2629
1399356044.935	n	12.6703	3.67319	8.229	31.2630
1399356044.999	n	12.6704	3.67319	8.214	31.2630
1399356045.060	n	12.6705	3.67320	8.201	31.2630
1399356045.123	n	12.6707	3.67322	8.185	31.2630
1399356045.184	n	12.6709	3.67322	8.167	31.2628
1399356045.247	n	12.6709	3.67321	8.153	31.2628
1399356045.309	n	12.6704	3.67321	8.137	31.2631
1399356045.372	n	12.6698	3.67321	8.122	31.2636
1399356045.435	n	12.6694	3.67323	8.102	31.2642
1399356045.498	n	12.6693	3.67325	8.086	31.2645
1399356045.560	n	12.6699	3.67325	8.068	31.2640
1399356045.623	n	12.6716	3.67325	8.051	31.2626
1399356045.685	n	12.6745	3.67327	8.036	31.2604
1399356045.748	n	12.6782	3.67329	8.021	31.2575
1399356045.809	n	12.6822	3.67334	8.004	31.2546
1399356045.872	n	12.6855	3.67339	7.984	31.2523
1399356045.935	n	12.6879	3.67345	7.966	31.2510
1399356045.998	n	12.6893	3.67352	7.951	31.2505
1399356046.060	n	12.6900	3.67357	7.933	31.2503
1399356046.123	n	12.6904	3.67359	7.912	31.2502
1399356046.185	n	12.6907	3.67359	7.898	31.2500
1399356046.247	n	12.6909	3.67358	7.881	31.2497
1399356046.309	n	12.6912	3.67358	7.863	31.2495
1399356046.372	n	12.6915	3.67359	7.845	31.2493
1399356046.436	n	12.6918	3.67361	7.828	31.2493
1399356046.496	n	12.6921	3.67362	7.812	31.2492
1399356046.560	n	12.6924	3.67364	7.795	31.2491
1399356046.623	n	12.6926	3.67365	7.776	31.2490
1399356046.685	n	12.6929	3.67366	7.759	31.2489
1399356046.746	n	12.6931	3.67366	7.743	31.2488
1399356046.810	n	12.6932	3.67366	7.726	31.2486
1399356046.894	y	12.6933	3.67364	7.706	31.2484
1399356046.936	n	12.6933	3.67363	7.692	31.2483
1399356046.998	n	12.6933	3.67362	7.676	31.2482
1399356047.060	n	12.6933	3.67361	7.659	31.2482
1399356047.123	n	12.6932	3.67361	7.643	31.2482
1399356047.186	n	12.6932	3.67362	7.625	31.2483
1399356047.247	n	12.6932	3.67362	7.610	31.2483
1399356047.309	n	12.6933	3.67363	7.589	31.2483
1399356047.372	n	12.6933	3.67364	7.571	31.2484
1399356047.435	n	12.6934	3.67363	7.556	31.2483
1399356047.498	n	12.6934	3.67362	7.542	31.2482
1399356047.559	n	12.6934	3.67362	7.525	31.2481
1399356047.623	n	12.6935	3.67362	7.510	31.2481
1399356047.685	n	12.6935	3.67363	7.492	31.2482
1399356047.748	n	12.6937	3.67365	7.478	31.2483
1399356047.810	n	12.6939	3.67365	7.463	31.2482
1399356047.871	n	12.6941	3.67365	7.445	31.2479
1399356047.935	n	12.6944	3.67364	7.428	31.2475
1399356047.998	n	12.6946	3.67363	7.414	31.2473
1399356048.060	n	12.6946	3.67363	7.401	31.2473
1399356048.122	n	12.6946	3.67362	7.385	31.2473
1399356048.185	n	12.6946	3.67361	7.368	31.2472
1399356048.247	n	12.6946	3.67361	7.353	31.2471
1399356048.420	y	12.6948	3.67360	7.338	31.2470
1399356048.425	n	12.6949	3.67361	7.319	31.2469
1399356048.435	n	12.6950	3.67361	7.305	31.2468
1399356048.499	n	12.6951	3.67361	7.288	31.2468
1399356048.560	n	12.6952	3.67361	7.276	31.2467
1399356048.623	n	12.6953	3.67361	7.261	31.2467
1399356048.685	n	12.6953	3.67363	7.240	31.2467
1399356048.749	n	12.6955	3.67363	7.228	31.2466
1399356048.809	n	12.6957	3.67361	7.214	31.2462
1399356048.872	n	12.6961	3.67358	7.199	31.2458
1399356048.934	n	12.6964	3.67356	7.184	31.2453
1399356048.998	n	12.6966	3.67354	7.171	31.2449
1399356049.060	n	12.6968	3.67353	7.158	31.2446
1399356049.122	n	12.6970	3.67352	7.145	31.2444
1399356049.186	n	12.6971	3.67350	7.130	31.2441
1399356049.246	n	12.6972	3.67347	7.113	31.2438
1399356049.309	n	12.6972	3.67344	7.102	31.2435
1399356049.373	n	12.6973	3.67342	7.084	31.2432
1399356049.435	n	12.6974	3.67340	7.071	31.2429
1399356049.499	n	12.6976	3.67338	7.060	31.2426
1399356049.561	n	12.6978	3.67338	7.045	31.2424
1399356049.623	n	12.6981	3.67337	7.030	31.2422
1399356049.685	n	12.6983	3.67337	7.016	31.2420
1399356049.748	n	12.6986	3.67337	7.004	31.2418
1399356049.809	n	12.6988	3.67338	6.984	31.2417
1399356049.872	n	12.6991	3.67338	6.971	31.2415
1399356049.935	n	12.6993	3.67338	6.959	31.2412
1399356049.998	n	12.6998	3.67337	6.943	31.2408
1399356050.060	n	12.7003	3.67334	6.930	31.2401
1399356050.123	n	12.7011	3.67330	6.913	31.2391
1399356050.184	n	12.7019	3.67327	6.902	31.2381
1399356050.247	n	12.7027	3.67322	6.886	31.2370
1399356050.309	n	12.7035	3.67319	6.870	31.2360
1399356050.372	n	12.7044	3.67317	6.857	31.2351
1399356050.435	n	12.7053	3.67314	6.845	31.2341
1399356050.499	n	12.7063	3.67313	6.831	31.2332
1399356050.596	y	12.7071	3.67315	6.814	31.2326
1399356050.622	n	12.7080	3.67318	6.800	31.2322
1399356050.684	n	12.7089	3.67321	6.786	31.2318
1399356050.748	n	12.7095	3.67322	6.765	31.2314
1399356050.811	n	12.7100	3.67322	6.752	31.2309
1399356050.873	n	12.7105	3.67321	6.737	31.2304
1399356050.934	n	12.7112	3.67319	6.721	31.2298
1399356050.998	n	12.7120	3.67319	6.706	31.2290
1399356051.060	n	12.7131	3.67319	6.692	31.2281
1399356051.122	n	12.7143	3.67321	6.679	31.2273
1399356051.185	n	12.7152	3.67323	6.662	31.2268
1399356051.248	n	12.7160	3.67326	6.644	31.2264
1399356051.406	y	12.7166	3.67328	6.629	31.2261
1399356051.411	n	12.7170	3.67328	6.611	31.2257
1399356051.436	n	12.7174	3.67327	6.595	31.2254
1399356051.498	n	12.7176	3.67328	6.579	31.2253
1399356051.559	n	12.7178	3.67330	6.559	31.2253
1399356051.622	n	12.7182	3.67332	6.544	31.2252
1399356051.685	n	12.7186	3.67334	6.527	31.2250
1399356051.748	n	12.7191	3.67335	6.507	31.2248
1399356051.810	n	12.7196	3.67336	6.489	31.2244
1399356051.872	n	12.7200	3.67337	6.472	31.2242
1399356051.935	n	12.7204	3.67337	6.457	31.2239
1399356051.998	n	12.7208	3.67337	6.438	31.2235
1399356052.060	n	12.7212	3.67337	6.417	31.2232
1399356052.123	n	12.7215	3.67337	6.402	31.2230
1399356052.185	n	12.7218	3.67338	6.385	31.2229
1399356052.248	n	12.7220	3.67338	6.365	31.2227
1399356052.309	n	12.7221	3.67337	6.345	31.2226
1399356052.372	n	12.7221	3.67337	6.327	31.2225
1399356052.438	n	12.7221	3.67338	6.306	31.2227
1399356052.497	n	12.7221	3.67340	6.288	31.2228
1399356052.721	y	12.7222	3.67339	6.270	31.2227
1399356052.729	n	12.7224	3.67337	6.252	31.2223
1399356052.734	n	12.7226	3.67336	6.232	31.2221
1399356052.747	n	12.7229	3.67337	6.213	31.2220
1399356052.810	n	12.7231	3.67339	6.191	31.2220
1399356052.872	n	12.7233	3.67342	6.169	31.2221
1399356052.936	n	12.7234	3.67343	6.149	31.2221
1399356052.998	n	12.7235	3.67343	6.129	31.2220
1399356053.059	n	12.7236	3.67343	6.110	31.2219
1399356053.124	n	12.7236	3.67343	6.090	31.2219
1399356053.185	n	12.7237	3.67343	6.068	31.2219
1399356053.249	n	12.7238	3.67343	6.045	31.2218
1399356053.310	n	12.7239	3.67344	6.023	31.2218
1399356053.372	n	12.7239	3.67344	6.003	31.2218
1399356053.435	n	12.7239	3.67344	5.977	31.2218
1399356053.498	n	12.7240	3.67343	5.958	31.2217
1399356053.561	n	12.7241	3.67343	5.937	31.2216
1399356053.622	n	12.7243	3.67343	5.914	31.2214
1399356053.686	n	12.7247	3.67345	5.894	31.2213
1399356053.747	n	12.7253	3.67347	5.877	31.2210
1399356053.810	n	12.7259	3.67347	5.855	31.2206
1399356053.872	n	12.7264	3.67346	5.834	31.2200
1399356053.934	n	12.7270	3.67344	5.812	31.2193
1399356053.997	n	12.7275	3.67342	5.796	31.2187
1399356054.059	n	12.7281	3.67341	5.774	31.2182
1399356054.122	n	12.7287	3.67342	5.752	31.2178
1399356054.185	n	12.7294	3.67344	5.738	31.2174
1399356054.265	y	12.7300	3.67345	5.720	31.2170
1399356054.309	n	12.7306	3.67347	5.701	31.2167
1399356054.372	n	12.7313	3.67347	5.681	31.2162
1399356054.436	n	12.7318	3.67346	5.667	31.2156
1399356054.498	n	12.7323	3.67346	5.646	31.2152
1399356054.559	n	12.7327	3.67345	5.630	31.2148
1399356054.624	n	12.7330	3.67344	5.613	31.2145
1399356054.684	n	12.7333	3.67345	5.597	31.2143
1399356054.748	n	12.7336	3.67345	5.583	31.2141
1399356054.809	n	12.7340	3.67346	5.566	31.2138
1399356054.873	n	12.7344	3.67348	5.553	31.2137
1399356054.935	n	12.7348	3.67347	5.540	31.2133
1399356054.998	n	12.7350	3.67347	5.522	31.2132
1399356055.060	n	12.7351	3.67347	5.509	31.2131
1399356055.122	n	12.7352	3.67347	5.495	31.2129
1399356055.184	n	12.7353	3.67347	5.483	31.2129
1399356055.249	n	12.7354	3.67347	5.463	31.2128
1399356055.310	n	12.7356	3.67346	5.451	31.2126
1399356055.373	n	12.7358	3.67345	5.441	31.2123
1399356055.435	n	12.7357	3.67345	5.424	31.2124
1399356055.497	n	12.7355	3.67344	5.412	31.2125
1399356055.560	n	12.7352	3.67344	5.397	31.2127
1399356055.622	n	12.7350	3.67344	5.385	31.2128
1399356055.686	n	12.7352	3.67344	5.368	31.2127
1399356055.749	n	12.7356	3.67345	5.359	31.2125
1399356055.810	n	12.7359	3.67345	5.348	31.2124
1399356055.872	n	12.7360	3.67345	5.334	31.2122
1399356055.936	n	12.7360	3.67343	5.322	31.2120
1399356055.998	n	12.7362	3.67342	5.311	31.2118
1399356056.061	n	12.7364	3.67341	5.301	31.2115
1399356056.123	n	12.7367	3.67341	5.290	31.2113
1399356056.185	n	12.7370	3.67341	5.279	31.2110
1399356056.248	n	12.7372	3.67340	5.265	31.2107
1399356056.310	n	12.7373	3.67338	5.255	31.2105
1399356056.372	n	12.7373	3.67337	5.247	31.2104
1399356056.435	n	12.7373	3.67337	5.236	31.2104
1399356056.498	n	12.7373	3.67338	5.223	31.2105
1399356056.560	n	12.7374	3.67340	5.212	31.2105
1399356056.622	n	12.7376	3.67341	5.202	31.2105
1399356056.686	n	12.7378	3.67341	5.192	31.2104
1399356056.747	n	12.7380	3.67341	5.182	31.2102
1399356056.972	y	12.7382	3.67342	5.172	31.2102
1399356056.980	n	12.7383	3.67343	5.160	31.2101
1399356056.985	n	12.7384	3.67344	5.153	31.2102
1399356056.998	n	12.7384	3.67344	5.143	31.2102
1399356057.059	n	12.7384	3.67343	5.128	31.2101
1399356057.122	n	12.7384	3.67344	5.121	31.2102
1399356057.186	n	12.7384	3.67345	5.111	31.2103
1399356057.247	n	12.7385	3.67346	5.102	31.2103
1399356057.310	n	12.7387	3.67346	5.092	31.2102
1399356057.373	n	12.7390	3.67346	5.080	31.2099
1399356057.435	n	12.7394	3.67344	5.069	31.2094
1399356057.497	n	12.7402	3.67345	5.058	31.2088
1399356057.560	n	12.7414	3.67346	5.047	31.2079
1399356057.623	n	12.7432	3.67348	5.039	31.2067
1399356057.685	n	12.7451	3.67350	5.025	31.2053
1399356057.748	n	12.7469	3.67351	5.018	31.2039
1399356057.809	n	12.7484	3.67352	5.008	31.2028
1399356057.871	n	12.7496	3.67353	5.000	31.2018
1399356057.958	y	12.7506	3.67354	4.986	31.2011
1399356057.997	n	12.7511	3.67355	4.971	31.2008
1399356058.060	n	12.7510	3.67355	4.963	31.2009
1399356058.122	n	12.7505	3.67357	4.950	31.2015
1399356058.185	n	12.7499	3.67358	4.940	31.2020
1399356058.247	n	12.7497	3.67358	4.929	31.2023
1399356058.309	n	12.7497	3.67358	4.914	31.2022
1399356058.372	n	12.7498	3.67357	4.904	31.2021
1399356058.436	n	12.7499	3.67357	4.894	31.2020
1399356058.497	n	12.7501	3.67357	4.880	31.2019
1399356058.561	n	12.7505	3.67358	4.870	31.2016
1399356058.624	n	12.7509	3.67359	4.856	31.2014
1399356058.684	n	12.7513	3.67360	4.846	31.2011
1399356058.748	n	12.7520	3.67360	4.835	31.2006
1399356058.811	n	12.7533	3.67360	4.822	31.1995
1399356058.872	n	12.7553	3.67360	4.810	31.1979
1399356058.934	n	12.7581	3.67361	4.797	31.1957
1399356058.998	n	12.7612	3.67363	4.779	31.1933
1399356059.060	n	12.7638	3.67364	4.765	31.1913
1399356059.122	n	12.7661	3.67366	4.751	31.1895
1399356059.185	n	12.7679	3.67367	4.739	31.1881
1399356059.248	n	12.7695	3.67368	4.724	31.1869
1399356059.310	n	12.7709	3.67370	4.711	31.1860
1399356059.372	n	12.7717	3.67373	4.698	31.1856
1399356059.434	n	12.7719	3.67374	4.684	31.1855
1399356059.498	n	12.7718	3.67374	4.667	31.1856
1399356059.560	n	12.7716	3.67373	4.653	31.1857
1399356059.622	n	12.7713	3.67372	4.637	31.1859
1399356059.687	n	12.7710	3.67371	4.623	31.1860
1399356059.748	n	12.7707	3.67371	4.608	31.1863
1399356059.809	n	12.7705	3.67373	4.593	31.1866
1399356059.872	n	12.7707	3.67375	4.579	31.1866
1399356059.936	n	12.7713	3.67375	4.562	31.1861
1399356059.998	n	12.7722	3.67374	4.547	31.1853
1399356060.059	n	12.7732	3.67372	4.528	31.1843
1399356060.122	n	12.7741	3.67371	4.511	31.1835
1399356060.186	n	12.7744	3.67371	4.498	31.1833
1399356060.247	n	12.7742	3.67372	4.484	31.1835
1399356060.309	n	12.7736	3.67371	4.464	31.1839
1399356060.372	n	12.7731	3.67371	4.445	31.1844
1399356060.436	n	12.7727	3.67371	4.429	31.1847
1399356060.497	n	12.7727	3.67371	4.412	31.1846
1399356060.561	n	12.7729	3.67368	4.395	31.1843
1399356060.623	n	12.7731	3.67367	4.377	31.1840
1399356060.685	n	12.7733	3.67366	4.356	31.1837
1399356060.748	n	12.7737	3.67367	4.340	31.1835
1399356060.809	n	12.7742	3.67368	4.319	31.1832
1399356060.871	n	12.7748	3.67369	4.302	31.1827
1399356060.936	n	12.7754	3.67367	4.286	31.1822
1399356060.997	n	12.7757	3.67367	4.268	31.1818
1399356061.161	y	12.7758	3.67366	4.250	31.1817
1399356061.166	n	12.7756	3.67366	4.232	31.1818
1399356061.186	n	12.7755	3.67363	4.211	31.1816
1399356061.247	n	12.7758	3.67361	4.194	31.1813
1399356061.311	n	12.7764	3.67360	4.180	31.1807
1399356061.372	n	12.7775	3.67362	4.163	31.1799
1399356061.434	n	12.7792	3.67365	4.143	31.1788
1399356061.563	y	12.7809	3.67369	4.119	31.1778
1399356061.569	n	12.7822	3.67371	4.104	31.1770
1399356061.622	n	12.7829	3.67373	4.093	31.1765
1399356061.685	n	12.7834	3.67374	4.074	31.1762
1399356061.748	n	12.7842	3.67375	4.058	31.1757
1399356061.810	n	12.7858	3.67376	4.041	31.1744
1399356061.872	n	12.7881	3.67376	4.024	31.1725
1399356061.936	n	12.7906	3.67376	4.006	31.1706
1399356061.997	n	12.7923	3.67377	3.995	31.1692
1399356062.061	n	12.7928	3.67378	3.981	31.1690
1399356062.123	n	12.7922	3.67380	3.961	31.1696
1399356062.187	n	12.7913	3.67380	3.944	31.1704
1399356062.248	n	12.7906	3.67380	3.932	31.1709
1399356062.310	n	12.7907	3.67379	3.914	31.1707
1399356062.373	n	12.7916	3.67379	3.901	31.1700
1399356062.436	n	12.7922	3.67377	3.886	31.1694
1399356062.498	n	12.7922	3.67374	3.867	31.1691
1399356062.561	n	12.7917	3.67374	3.853	31.1695
1399356062.623	n	12.7911	3.67376	3.839	31.1702
1399356062.685	n	12.7921	3.67381	3.825	31.1698
1399356062.747	n	12.7967	3.67388	3.812	31.1667
1399356062.812	n	12.8051	3.67392	3.796	31.1602
1399356062.872	n	12.8151	3.67395	3.783	31.1522
1399356062.936	n	12.8244	3.67397	3.771	31.1447
1399356062.997	n	12.8306	3.67401	3.754	31.1400
1399356063.059	n	12.8319	3.67404	3.739	31.1392
1399356063.123	n	12.8293	3.67404	3.723	31.1414
1399356063.186	n	12.8246	3.67403	3.709	31.1452
1399356063.248	n	12.8203	3.67402	3.691	31.1486
1399356063.310	n	12.8192	3.67402	3.682	31.1495
1399356063.372	n	12.8224	3.67403	3.665	31.1470
1399356063.435	n	12.8282	3.67407	3.648	31.1426
1399356063.498	n	12.8343	3.67409	3.635	31.1377
1399356063.560	n	12.8393	3.67412	3.619	31.1339
1399356063.622	n	12.8430	3.67415	3.604	31.1311
1399356063.686	n	12.8469	3.67418	3.589	31.1282
1399356063.747	n	12.8514	3.67420	3.573	31.1248
1399356063.814	n	12.8561	3.67422	3.559	31.1211
1399356063.873	n	12.8604	3.67425	3.545	31.1178
1399356063.937	n	12.8644	3.67428	3.530	31.1148
1399356063.997	n	12.8686	3.67433	3.514	31.1118
1399356064.059	n	12.8734	3.67439	3.503	31.1084
1399356064.122	n	12.8784	3.67445	3.485	31.1049
1399356064.186	n	12.8829	3.67450	3.467	31.1017
1399356064.249	n	12.8862	3.67454	3.451	31.0994
1399356064.310	n	12.8882	3.67457	3.438	31.0980
1399356064.373	n	12.8894	3.67459	3.420	31.0973
1399356064.435	n	12.8901	3.67461	3.404	31.0968
1399356064.497	n	12.8906	3.67462	3.387	31.0966
1399356064.560	n	12.8910	3.67462	3.371	31.0962
1399356064.623	n	12.8914	3.67462	3.356	31.0958
1399356064.684	n	12.8919	3.67463	3.339	31.0955
1399356064.748	n	12.8926	3.67464	3.320	31.0950
1399356064.810	n	12.8938	3.67465	3.301	31.0942
1399356064.873	n	12.8956	3.67467	3.282	31.0929
1399356064.935	n	12.8977	3.67467	3.265	31.0912
1399356064.998	n	12.8998	3.67467	3.245	31.0896
1399356065.060	n	12.9014	3.67467	3.228	31.0882
1399356065.122	n	12.9022	3.67467	3.213	31.0875
1399356065.205	y	12.9024	3.67469	3.194	31.0876
1399356065.249	n	12.9023	3.67472	3.176	31.0879
1399356065.422	y	12.9021	3.67474	3.157	31.0883
1399356065.427	n	12.9019	3.67475	3.143	31.0886
1399356065.435	n	12.9018	3.67473	3.129	31.0884
1399356065.499	n	12.9021	3.67471	3.111	31.0880
1399356065.560	n	12.9027	3.67468	3.095	31.0872
1399356065.623	n	12.9037	3.67465	3.077	31.0861
1399356065.686	y	12.9047	3.67462	3.061	31.0851
1399356065.797	n	12.9054	3.67459	3.047	31.0842
1399356065.815	n	12.9066	3.67454	3.032	31.0828
1399356065.872	n	12.9086	3.67443	3.014	31.0801
1399356065.935	n	12.9115	3.67429	2.999	31.0764
1399356065.997	n	12.9149	3.67417	2.986	31.0725
1399356066.059	n	12.9178	3.67411	2.970	31.0695
1399356066.122	n	12.9196	3.67409	2.955	31.0679
1399356066.186	n	12.9207	3.67407	2.941	31.0668
1399356066.249	n	12.9219	3.67400	2.931	31.0652
1399356066.310	n	12.9237	3.67389	2.914	31.0627
1399356066.373	n	12.9260	3.67379	2.900	31.0598
1399356066.435	n	12.9282	3.67370	2.885	31.0571
1399356066.499	n	12.9300	3.67362	2.871	31.0549
1399356066.560	n	12.9315	3.67354	2.859	31.0530
1399356066.623	n	12.9326	3.67346	2.846	31.0514
1399356066.686	n	12.9334	3.67343	2.835	31.0504
1399356066.749	n	12.9336	3.67345	2.826	31.0504
1399356066.813	n	12.9332	3.67349	2.812	31.0512
1399356066.872	n	12.9323	3.67355	2.803	31.0525
1399356066.936	n	12.9312	3.67357	2.790	31.0535
1399356066.997	n	12.9306	3.67354	2.777	31.0538
1399356067.060	n	12.9304	3.67347	2.767	31.0533
1399356067.122	n	12.9306	3.67339	2.759	31.0523
1399356067.186	n	12.9312	3.67333	2.743	31.0512
1399356067.247	n	12.9320	3.67327	2.733	31.0501
1399356067.310	n	12.9329	3.67319	2.724	31.0486
1399356067.373	n	12.9339	3.67307	2.712	31.0467
1399356067.435	n	12.9346	3.67294	2.703	31.0449
1399356067.499	n	12.9349	3.67281	2.690	31.0434
1399356067.560	n	12.9350	3.67271	2.680	31.0423
1399356067.622	n	12.9349	3.67264	2.671	31.0418
1399356067.684	n	12.9350	3.67257	2.659	31.0410
1399356067.748	n	12.9355	3.67244	2.648	31.0395
1399356067.811	n	12.9364	3.67227	2.631	31.0370
1399356067.873	n	12.9379	3.67205	2.623	31.0338
1399356067.937	n	12.9403	3.67184	2.609	31.0298
1399356067.999	n	12.9438	3.67164	2.600	31.0251
1399356068.061	n	12.9482	3.67145	2.588	31.0197
1399356068.123	n	12.9531	3.67125	2.574	31.0139
1399356068.187	n	12.9576	3.67102	2.558	31.0081
1399356068.247	n	12.9610	3.67075	2.550	31.0028
1399356068.311	n	12.9638	3.67048	2.537	30.9979
1399356068.373	n	12.9661	3.67021	2.522	30.9935
1399356068.435	n	12.9680	3.67000	2.510	30.9899
1399356068.497	n	12.9696	3.66976	2.492	30.9865
1399356068.561	n	12.9710	3.66946	2.483	30.9825
1399356068.623	n	12.9728	3.66911	2.468	30.9777
1399356068.685	n	12.9753	3.66876	2.453	30.9724
1399356068.749	n	12.9783	3.66848	2.440	30.9673
1399356068.813	n	12.9810	3.66835	2.423	30.9639
1399356068.873	y	12.9827	3.66833	2.411	30.9624
1399356068.936	n	12.9833	3.66833	2.399	30.9619
1399356068.997	n	12.9836	3.66829	2.384	30.9612
1399356069.061	n	12.9843	3.66817	2.372	30.9596
1399356069.123	n	12.9855	3.66800	2.358	30.9570
1399356069.186	n	12.9869	3.66782	2.343	30.9541
1399356069.247	n	12.9882	3.66769	2.330	30.9519
1399356069.311	n	12.9891	3.66763	2.317	30.9505
1399356069.372	n	12.9899	3.66756	2.304	30.9492
1399356069.434	n	12.9910	3.66743	2.290	30.9472
1399356069.497	n	12.9926	3.66723	2.275	30.9440
1399356069.717	y	12.9946	3.66704	2.260	30.9406
1399356069.725	n	12.9962	3.66691	2.246	30.9381
1399356069.730	n	12.9969	3.66692	2.234	30.9376
1399356069.748	n	12.9969	3.66698	2.217	30.9381
1399356069.813	n	12.9970	3.66699	2.202	30.9381
1399356069.873	n	12.9975	3.66692	2.187	30.9371
1399356069.935	n	12.9983	3.66684	2.172	30.9357
1399356069.997	n	12.9988	3.66680	2.155	30.9349
1399356070.060	n	12.9989	3.66680	2.142	30.9349
1399356070.123	n	12.9989	3.66676	2.124	30.9344
1399356070.185	n	12.9994	3.66661	2.106	30.9327
1399356070.247	n	13.0005	3.66635	2.087	30.9294
1399356070.311	n	13.0020	3.66604	2.072	30.9252
1399356070.374	n	13.0036	3.66577	2.056	30.9213
1399356070.436	n	13.0053	3.66556	2.041	30.9181
1399356070.498	n	13.0071	3.66535	2.023	30.9146
1399356070.560	n	13.0090	3.66516	2.004	30.9113
1399356070.622	n	13.0107	3.66500	1.986	30.9085
1399356070.684	n	13.0123	3.66485	1.968	30.9057
1399356070.748	n	13.0140	3.66459	1.949	30.9019
1399356070.813	n	13.0161	3.66419	1.933	30.8965
1399356070.873	n	13.0186	3.66372	1.911	30.8901
1399356070.937	n	13.0213	3.66327	1.893	30.8836
1399356070.999	n	13.0239	3.66287	1.873	30.8778
1399356071.061	n	13.0264	3.66251	1.853	30.8724
1399356071.123	n	13.0288	3.66215	1.834	30.8670
1399356071.185	n	13.0310	3.66181	1.814	30.8621
1399356071.248	n	13.0328	3.66161	1.790	30.8587
1399356071.309	n	13.0345	3.66144	1.770	30.8557
1399356071.372	n	13.0366	3.66116	1.753	30.8514
1399356071.436	n	13.0395	3.66068	1.733	30.8447
1399356071.498	n	13.0429	3.66011	1.714	30.8365
1399356071.559	n	13.0465	3.65960	1.697	30.8288
1399356071.622	n	13.0499	3.65924	1.679	30.8227
1399356071.685	n	13.0532	3.65893	1.662	30.8171
1399356071.750	n	13.0566	3.65860	1.642	30.8112
1399356071.811	n	13.0603	3.65818	1.621	30.8044
1399356071.872	n	13.0637	3.65779	1.604	30.7979
1399356071.935	n	13.0667	3.65743	1.587	30.7922
1399356071.998	n	13.0689	3.65717	1.568	30.7879
1399356072.059	n	13.0708	3.65694	1.551	30.7842
1399356072.122	n	13.0733	3.65655	1.534	30.7785
1399356072.186	n	13.0771	3.65593	1.517	30.7697
1399356072.249	n	13.0820	3.65523	1.503	30.7592
1399356072.310	n	13.0872	3.65454	1.484	30.7486
1399356072.372	n	13.0917	3.65401	1.470	30.7399
1399356072.436	y	13.0953	3.65367	1.453	30.7338
1399356072.498	n	13.0982	3.65346	1.437	30.7295
1399356072.561	n	13.1006	3.65336	1.422	30.7266
1399356072.622	n	13.1022	3.65335	1.408	30.7253
1399356072.686	n	13.1026	3.65345	1.391	30.7259
1399356072.747	n	13.1016	3.65363	1.378	30.7284
1399356072.811	n	13.1003	3.65373	1.363	30.7304
1399356072.872	n	13.0998	3.65367	1.352	30.7302
1399356072.934	n	13.1002	3.65340	1.342	30.7274
1399356072.997	n	13.1014	3.65299	1.330	30.7225
1399356073.061	n	13.1030	3.65253	1.315	30.7169
1399356073.123	n	13.1045	3.65217	1.302	30.7124
1399356073.185	n	13.1060	3.65195	1.285	30.7091
1399356073.248	n	13.1077	3.65181	1.274	30.7065
1399356073.310	n	13.1089	3.65172	1.265	30.7047
1399356073.372	n	13.1095	3.65168	1.252	30.7038
1399356073.436	n	13.1095	3.65165	1.239	30.7035
1399356073.498	n	13.1091	3.65163	1.220	30.7037
1399356073.560	n	13.1083	3.65169	1.212	30.7049
1399356073.622	n	13.1076	3.65183	1.200	30.7068
1399356073.684	n	13.1070	3.65206	1.185	30.7095
1399356073.748	n	13.1066	3.65226	1.172	30.7116
1399356073.944	y	13.1069	3.65218	1.161	30.7106
1399356073.957	n	13.1078	3.65187	1.149	30.7070
1399356073.962	n	13.1089	3.65151	1.140	30.7027
1399356073.999	n	13.1099	3.65127	1.129	30.6997
1399356074.061	n	13.1107	3.65125	1.114	30.6988
1399356074.123	n	13.1115	3.65133	1.106	30.6990
1399356074.187	n	13.1122	3.65131	1.093	30.6982
1399356074.247	n	13.1131	3.65114	1.087	30.6960
1399356074.310	n	13.1140	3.65080	1.079	30.6920
1399356074.373	n	13.1151	3.65039	1.068	30.6874
1399356074.435	n	13.1166	3.65000	1.057	30.6824
1399356074.500	n	13.1184	3.64949	1.052	30.6762
1399356074.560	n	13.1201	3.64894	1.044	30.6698
1399356074.623	n	13.1217	3.64843	1.036	30.6637
1399356074.685	n	13.1238	3.64789	1.030	30.6570
1399356074.748	n	13.1263	3.64739	1.022	30.6502
1399356074.810	n	13.1289	3.64701	1.013	30.6446
1399356074.872	n	13.1309	3.64668	1.005	30.6399
1399356074.934	n	13.1320	3.64640	0.998	30.6365
1399356074.997	n	13.1324	3.64622	0.995	30.6345
1399356075.060	n	13.1329	3.64605	0.986	30.6324
1399356075.122	n	13.1338	3.64582	0.982	30.6296
1399356075.184	n	13.1347	3.64555	0.973	30.6264
1399356075.249	n	13.1354	3.64533	0.968	30.6237
1399356075.309	n	13.1353	3.64519	0.961	30.6225
1399356075.373	n	13.1346	3.64518	0.953	30.6230
1399356075.435	n	13.1336	3.64526	0.946	30.6245
1399356075.497	n	13.1333	3.64536	0.939	30.6258
1399356075.560	n	13.1339	3.64539	0.930	30.6255
1399356075.623	n	13.1354	3.64525	0.926	30.6229
1399356075.685	n	13.1379	3.64488	0.916	30.6176
1399356075.747	n	13.1408	3.64408	0.908	30.6078
1399356075.810	n	13.1436	3.64231	0.902	30.5890
1399356075.873	n	13.1459	3.63908	0.893	30.5570
1399356075.935	n	13.1472	3.63500	0.879	30.5179
1399356075.999	n	13.1478	3.63133	0.872	30.4831
1399356076.061	n	13.1481	3.62879	0.866	30.4592
1399356076.123	n	13.1482	3.62736	0.855	30.4458
1399356076.184	y	13.1476	3.62637	0.842	30.4371
1399356076.247	n	13.1457	3.62448	0.837	30.4210
1399356076.310	n	13.1423	3.62182	0.824	30.3990
1399356076.373	n	13.1380	3.61906	0.816	30.3766
1399356076.437	n	13.1337	3.61669	0.805	30.3580
1399356076.498	n	13.1300	3.61496	0.796	30.3448
1399356076.559	n	13.1270	3.61398	0.788	30.3380
1399356076.623	n	13.1248	3.61333	0.776	30.3338
1399356076.686	n	13.1232	3.61302	0.764	30.3321
1399356076.748	n	13.1221	3.61286	0.751	30.3316
1399356076.811	n	13.1213	3.61280	0.743	30.3317
1399356076.873	n	13.1208	3.61283	0.734	30.3323
1399356076.935	n	13.1205	3.61288	0.723	30.3331
1399356076.998	n	13.1204	3.61296	0.708	30.3338
1399356077.061	n	13.1206	3.61312	0.701	30.3353
1399356077.122	n	13.1207	3.61333	0.689	30.3371
1399356077.186	n	13.1205	3.61351	0.678	30.3390
1399356077.247	n	13.1197	3.61357	0.663	30.3402
1399356077.310	n	13.1184	3.61345	0.650	30.3401
1399356077.373	n	13.1167	3.42556	0.639	28.5961
1399356077.442	n	13.1146	2.96951	0.628	24.4206
1399356077.500	n	13.1118	2.38033	0.615	19.1539
1399356077.559	n	13.1089	1.82618	0.602	14.3422
1399356077.623	n	13.1070	1.67902	0.591	13.0901
1399356077.685	n	13.1069	1.99795	0.581	15.8192
1399356077.748	n	13.1082	2.54468	0.566	20.6105
1399356077.809	n	13.1093	3.04715	0.553	25.1293
1399356077.873	n	13.1089	3.36144	0.536	28.0096
1399356077.936	n	13.1073	3.38621	0.523	28.2395
1399356077.999	n	13.1051	3.37498	0.513	28.1374
1399356078.220	y	13.1026	3.18810	0.503	26.4206
1399356078.229	n	13.0991	2.75096	0.494	22.4584
1399356078.234	n	13.0928	2.17723	0.486	17.3818
1399356078.249	n	13.0829	1.58880	0.481	12.3355
1399356078.309	n	13.0704	1.10111	0.475	8.2973
1399356078.372	n	13.0577	0.88089	0.469	6.5265
1399356078.434	n	13.0472	0.81265	0.467	5.9864
1399356078.497	n	13.0405	0.75071	0.461	5.4989
1399356078.560	n	13.0369	0.69610	0.457	5.0716
1399356078.623	n	13.0349	0.64782	0.455	4.6960
1399356078.685	n	13.0332	0.60073	0.453	4.3319
1399356078.749	n	13.0315	0.56429	0.451	4.0518
1399356078.810	n	13.0301	0.53284	0.450	3.8112
1399356078.872	n	13.0296	0.50761	0.447	3.6190
1399356078.935	n	13.0297	0.48616	0.444	3.4561
