Source File: D:\Storage\Programs\OOI\Group 5\Correspondence\07_18_14 sample files\files\11282499.PPB
Processed: 07/18/2014 12:28:05
Using Version: 1.11
Device: CTD
Start Date: 05/08/2014
Timestamp (s)	Suspect Timestamp	Temperature	Conductivity	Pressure	Salinity
1399528782.687	y	11.3687	3.64699	22.278	32.1103
1399528782.748	n	11.3688	3.64698	22.271	32.1101
1399528782.809	n	11.3690	3.64697	22.272	32.1099
1399528782.872	n	11.3688	3.64699	22.278	32.1102
1399528782.936	n	11.3690	3.64698	22.271	32.1100
1399528782.997	n	11.3689	3.64697	22.272	32.1100
1399528783.059	n	11.3689	3.64698	22.272	32.1101
1399528783.128	n	11.3689	3.64699	22.272	32.1102
1399528783.187	n	11.3689	3.64699	22.273	32.1102
1399528783.249	n	11.3688	3.64699	22.270	32.1102
1399528783.313	n	11.3688	3.64698	22.272	32.1102
1399528783.373	n	11.3688	3.64698	22.272	32.1102
1399528783.437	n	11.3687	3.64699	22.266	32.1103
1399528783.500	n	11.3687	3.64698	22.263	32.1103
1399528783.562	n	11.3686	3.64698	22.261	32.1103
1399528783.624	n	11.3686	3.64698	22.259	32.1103
1399528783.688	n	11.3686	3.64698	22.259	32.1103
1399528783.751	n	11.3687	3.64699	22.256	32.1103
1399528783.811	n	11.3687	3.64699	22.252	32.1104
1399528783.875	n	11.3686	3.64699	22.254	32.1104
1399528783.938	n	11.3686	3.64699	22.249	32.1104
1399528783.999	n	11.3685	3.64698	22.246	32.1104
1399528784.060	n	11.3685	3.64698	22.242	32.1104
1399528784.127	n	11.3685	3.64697	22.241	32.1104
1399528784.186	n	11.3685	3.64697	22.242	32.1104
1399528785.532	n	11.3685	3.64698	22.234	32.1104
1399528785.553	n	11.3684	3.64697	22.229	32.1104
1399528785.573	n	11.3684	3.64697	22.228	32.1104
1399528785.596	n	11.3684	3.64697	22.225	32.1104
1399528785.605	n	11.3684	3.64696	22.221	32.1103
1399528785.613	n	11.3684	3.64696	22.216	32.1103
1399528785.621	n	11.3684	3.64695	22.211	32.1103
1399528785.629	n	11.3684	3.64695	22.210	32.1102
1399528785.638	n	11.3684	3.64695	22.204	32.1103
1399528785.646	n	11.3683	3.64695	22.202	32.1103
1399528785.654	n	11.3683	3.64694	22.199	32.1103
1399528785.661	n	11.3683	3.64694	22.192	32.1102
1399528785.669	n	11.3683	3.64693	22.189	32.1102
1399528785.678	n	11.3682	3.64693	22.187	32.1101
1399528785.687	n	11.3682	3.64693	22.184	32.1102
1399528785.695	n	11.3681	3.64692	22.178	32.1102
1399528785.701	n	11.3681	3.64692	22.176	32.1102
1399528785.707	n	11.3681	3.64692	22.176	32.1103
1399528785.712	n	11.3680	3.64692	22.168	32.1103
1399528785.719	n	11.3680	3.64692	22.164	32.1103
1399528785.726	n	11.3680	3.64693	22.161	32.1104
1399528785.733	n	11.3680	3.64692	22.161	32.1104
1399528785.739	n	11.3679	3.64692	22.157	32.1104
1399528785.744	n	11.3679	3.64691	22.155	32.1103
1399528785.751	n	11.3679	3.64689	22.147	32.1101
1399528785.812	n	11.3679	3.64688	22.143	32.1100
1399528785.873	n	11.3680	3.64687	22.140	32.1099
1399528785.936	n	11.3680	3.64687	22.136	32.1098
1399528785.998	n	11.3680	3.64688	22.134	32.1100
1399528786.061	n	11.3679	3.64689	22.132	32.1101
1399528786.129	n	11.3679	3.64689	22.128	32.1101
1399528786.188	n	11.3679	3.64689	22.125	32.1101
1399528786.248	n	11.3679	3.64689	22.119	32.1101
1399528786.312	n	11.3679	3.64689	22.115	32.1101
1399528786.376	n	11.3679	3.64690	22.114	32.1102
1399528786.439	n	11.3678	3.64691	22.109	32.1104
1399528786.500	n	11.3678	3.64691	22.106	32.1103
1399528786.568	n	11.3678	3.64689	22.101	32.1102
1399528786.624	n	11.3679	3.64689	22.100	32.1101
1399528786.689	n	11.3679	3.64688	22.096	32.1101
1399528786.750	n	11.3679	3.64688	22.093	32.1101
1399528786.811	n	11.3679	3.64689	22.090	32.1102
1399528786.875	n	11.3678	3.64689	22.089	32.1102
1399528786.939	n	11.3678	3.64690	22.084	32.1103
1399528787.000	n	11.3678	3.64690	22.082	32.1103
1399528787.063	n	11.3678	3.64691	22.079	32.1103
1399528787.128	n	11.3679	3.64691	22.076	32.1103
1399528787.186	n	11.3678	3.64690	22.074	32.1103
1399528787.248	n	11.3678	3.64690	22.070	32.1103
1399528787.311	n	11.3677	3.64689	22.070	32.1103
1399528787.376	n	11.3677	3.64689	22.069	32.1103
1399528787.436	n	11.3677	3.64689	22.064	32.1104
1399528787.500	n	11.3676	3.64689	22.060	32.1104
1399528787.567	n	11.3676	3.64689	22.056	32.1104
1399528787.623	n	11.3677	3.64689	22.053	32.1104
1399528787.688	n	11.3677	3.64689	22.053	32.1104
1399528787.750	n	11.3677	3.64689	22.053	32.1103
1399528787.812	n	11.3677	3.64689	22.053	32.1103
1399528787.874	n	11.3677	3.64688	22.049	32.1103
1399528787.937	n	11.3676	3.64688	22.041	32.1103
1399528787.999	n	11.3676	3.64688	22.041	32.1103
1399528788.062	n	11.3677	3.64689	22.038	32.1103
1399528788.127	n	11.3677	3.64689	22.038	32.1104
1399528788.190	n	11.3677	3.64689	22.035	32.1103
1399528788.251	n	11.3677	3.64688	22.033	32.1103
1399528788.310	n	11.3677	3.64688	22.029	32.1102
1399528788.374	y	11.3677	3.64688	22.027	32.1103
1399528788.437	n	11.3677	3.64689	22.028	32.1104
1399528788.499	n	11.3677	3.64690	22.027	32.1104
1399528788.567	n	11.3677	3.64690	22.025	32.1104
1399528788.626	n	11.3677	3.64689	22.023	32.1103
1399528788.689	n	11.3677	3.64687	22.021	32.1102
1399528788.751	n	11.3676	3.64686	22.019	32.1101
1399528788.811	n	11.3676	3.64686	22.021	32.1101
1399528788.876	n	11.3676	3.64687	22.017	32.1102
1399528788.936	y	11.3676	3.64688	22.015	32.1103
1399528789.082	n	11.3676	3.64689	22.018	32.1104
1399528789.090	n	11.3676	3.64689	22.020	32.1104
1399528789.129	n	11.3676	3.64689	22.017	32.1104
1399528789.188	n	11.3676	3.64688	22.018	32.1104
1399528789.249	n	11.3675	3.64687	22.018	32.1103
1399528789.311	n	11.3675	3.64687	22.016	32.1103
1399528789.374	n	11.3675	3.64687	22.015	32.1103
1399528789.439	n	11.3675	3.64687	22.015	32.1104
1399528789.501	n	11.3675	3.64687	22.014	32.1103
1399528789.561	n	11.3675	3.64686	22.018	32.1102
1399528789.626	n	11.3675	3.64685	22.019	32.1100
1399528789.686	n	11.3676	3.64684	22.018	32.1100
1399528789.748	n	11.3676	3.64684	22.018	32.1099
1399528789.812	n	11.3676	3.64684	22.020	32.1099
1399528789.874	n	11.3676	3.64684	22.019	32.1099
1399528789.938	n	11.3676	3.64684	22.020	32.1100
1399528789.999	n	11.3675	3.64684	22.020	32.1100
1399528790.062	n	11.3675	3.64684	22.023	32.1100
1399528790.127	n	11.3675	3.64684	22.023	32.1100
1399528790.187	n	11.3675	3.64684	22.023	32.1100
1399528790.248	n	11.3675	3.64684	22.026	32.1100
1399528790.311	n	11.3675	3.64684	22.031	32.1101
1399528790.373	n	11.3675	3.64685	22.031	32.1101
1399528790.437	n	11.3675	3.64685	22.028	32.1101
1399528790.502	n	11.3675	3.64684	22.033	32.1101
1399528790.564	n	11.3675	3.64685	22.034	32.1101
1399528790.627	n	11.3675	3.64685	22.036	32.1101
1399528790.689	n	11.3674	3.64684	22.036	32.1101
1399528790.749	n	11.3674	3.64684	22.040	32.1101
1399528790.811	n	11.3673	3.64683	22.042	32.1100
1399528790.874	n	11.3672	3.64682	22.043	32.1101
1399528790.938	n	11.3672	3.64683	22.045	32.1102
1399528790.998	n	11.3672	3.64684	22.049	32.1103
1399528791.061	n	11.3671	3.64685	22.051	32.1104
1399528791.126	n	11.3671	3.64684	22.052	32.1104
1399528791.189	n	11.3671	3.64683	22.060	32.1102
1399528791.249	n	11.3671	3.64682	22.060	32.1101
1399528791.313	n	11.3671	3.64681	22.064	32.1101
1399528791.373	n	11.3670	3.64681	22.068	32.1102
1399528791.437	n	11.3669	3.64682	22.073	32.1103
1399528791.500	n	11.3669	3.64682	22.074	32.1104
1399528791.562	n	11.3668	3.64682	22.077	32.1104
1399528791.623	n	11.3668	3.64682	22.078	32.1104
1399528791.685	n	11.3668	3.64681	22.084	32.1104
1399528791.748	n	11.3667	3.64681	22.087	32.1105
1399528791.836	n	11.3666	3.64682	22.088	32.1106
1399528791.874	n	11.3665	3.64682	22.089	32.1107
1399528791.937	n	11.3665	3.64682	22.090	32.1107
1399528791.999	n	11.3664	3.64683	22.093	32.1108
1399528792.096	y	11.3664	3.64682	22.092	32.1108
1399528792.123	n	11.3664	3.64682	22.094	32.1108
1399528792.186	n	11.3664	3.64683	22.102	32.1108
1399528792.249	n	11.3664	3.64682	22.102	32.1108
1399528792.312	n	11.3664	3.64683	22.101	32.1108
1399528792.384	n	11.3664	3.64683	22.103	32.1108
1399528792.438	y	11.3664	3.64683	22.104	32.1108
1399528792.498	n	11.3663	3.64682	22.104	32.1108
1399528792.561	n	11.3663	3.64682	22.103	32.1109
1399528792.624	n	11.3663	3.64682	22.105	32.1108
1399528792.686	n	11.3662	3.64682	22.101	32.1109
1399528792.748	n	11.3662	3.64682	22.100	32.1108
1399528792.810	n	11.3663	3.64682	22.103	32.1109
1399528792.875	n	11.3663	3.64682	22.100	32.1109
1399528792.939	n	11.3662	3.64682	22.093	32.1109
1399528792.999	n	11.3662	3.64681	22.094	32.1108
1399528793.062	n	11.3662	3.64680	22.091	32.1107
1399528793.127	n	11.3662	3.64680	22.089	32.1107
1399528793.186	y	11.3662	3.64680	22.085	32.1107
1399528793.320	n	11.3662	3.64680	22.080	32.1107
1399528793.325	n	11.3662	3.64679	22.075	32.1107
1399528793.374	n	11.3661	3.64679	22.072	32.1107
1399528793.438	n	11.3661	3.64679	22.069	32.1107
1399528793.498	n	11.3662	3.64679	22.060	32.1107
1399528793.562	n	11.3662	3.64679	22.055	32.1107
1399528793.922	n	11.3661	3.64680	22.047	32.1108
1399528793.932	n	11.3662	3.64680	22.041	32.1108
1399528793.938	n	11.3661	3.64681	22.036	32.1109
1399528793.945	n	11.3661	3.64680	22.028	32.1109
1399528793.951	n	11.3661	3.64679	22.022	32.1108
1399528793.956	n	11.3660	3.64678	22.012	32.1107
1399528793.999	n	11.3660	3.64678	22.003	32.1107
1399528794.061	n	11.3660	3.64678	21.995	32.1107
1399528794.124	n	11.3660	3.64677	21.987	32.1107
1399528794.188	n	11.3660	3.64678	21.978	32.1107
1399528794.249	n	11.3660	3.64678	21.969	32.1107
1399528794.311	n	11.3660	3.64678	21.960	32.1107
1399528794.374	n	11.3660	3.64678	21.950	32.1107
1399528794.437	n	11.3660	3.64678	21.937	32.1107
1399528794.499	n	11.3660	3.64678	21.928	32.1107
1399528794.560	n	11.3660	3.64677	21.917	32.1107
1399528794.625	n	11.3659	3.64676	21.905	32.1107
1399528794.688	n	11.3659	3.64676	21.895	32.1107
1399528794.750	n	11.3659	3.64676	21.882	32.1107
1399528794.811	n	11.3659	3.64675	21.869	32.1106
1399528794.875	n	11.3659	3.64674	21.855	32.1105
1399528794.937	n	11.3659	3.64673	21.843	32.1104
1399528794.999	n	11.3659	3.64672	21.830	32.1103
1399528795.062	n	11.3659	3.64673	21.814	32.1103
1399528795.125	n	11.3659	3.64673	21.803	32.1104
1399528795.186	n	11.3659	3.64673	21.794	32.1105
1399528795.249	n	11.3658	3.64673	21.778	32.1105
1399528795.311	n	11.3658	3.64673	21.764	32.1106
1399528795.374	n	11.3657	3.64673	21.745	32.1106
1399528795.436	n	11.3657	3.64672	21.732	32.1105
1399528795.498	n	11.3657	3.64672	21.717	32.1105
1399528795.560	n	11.3657	3.64671	21.700	32.1104
1399528795.624	n	11.3657	3.64671	21.686	32.1104
1399528795.722	y	11.3658	3.64672	21.671	32.1105
1399528795.748	n	11.3658	3.64673	21.651	32.1106
1399528795.811	n	11.3658	3.64674	21.635	32.1107
1399528795.874	n	11.3658	3.64674	21.618	32.1108
1399528795.936	n	11.3658	3.64674	21.602	32.1107
1399528795.998	n	11.3658	3.64673	21.583	32.1107
1399528796.061	n	11.3658	3.64673	21.567	32.1106
1399528796.127	n	11.3658	3.64673	21.550	32.1106
1399528796.187	n	11.3659	3.64674	21.536	32.1106
1399528796.249	n	11.3659	3.64674	21.519	32.1106
1399528796.311	n	11.3659	3.64674	21.499	32.1106
1399528796.374	n	11.3659	3.64673	21.483	32.1105
1399528796.436	n	11.3659	3.64672	21.465	32.1104
1399528796.499	n	11.3659	3.64671	21.447	32.1104
1399528796.562	n	11.3660	3.64671	21.428	32.1103
1399528796.624	n	11.3660	3.64671	21.412	32.1103
1399528796.687	n	11.3660	3.64670	21.395	32.1102
1399528796.749	n	11.3661	3.64668	21.376	32.1100
1399528796.812	n	11.3662	3.64668	21.360	32.1099
1399528796.874	n	11.3662	3.64668	21.340	32.1099
1399528796.936	n	11.3663	3.64669	21.323	32.1099
1399528797.000	n	11.3663	3.64670	21.300	32.1100
1399528797.061	n	11.3663	3.64670	21.283	32.1100
1399528797.126	n	11.3664	3.64669	21.265	32.1099
1399528797.186	n	11.3664	3.64669	21.250	32.1098
1399528797.248	n	11.3664	3.64668	21.231	32.1097
1399528797.311	n	11.3664	3.64667	21.213	32.1096
1399528797.375	n	11.3664	3.64666	21.195	32.1095
1399528797.435	y	11.3665	3.64666	21.176	32.1095
1399528797.555	n	11.3665	3.64666	21.159	32.1095
1399528797.562	n	11.3665	3.64667	21.142	32.1096
1399528797.623	n	11.3666	3.64668	21.126	32.1097
1399528797.686	n	11.3666	3.64668	21.108	32.1096
1399528797.748	n	11.3667	3.64668	21.093	32.1095
1399528797.812	n	11.3668	3.64667	21.076	32.1093
1399528797.874	n	11.3669	3.64666	21.057	32.1092
1399528797.936	n	11.3669	3.64666	21.037	32.1092
1399528797.998	n	11.3670	3.64666	21.021	32.1091
1399528798.061	n	11.3670	3.64665	21.003	32.1090
1399528798.126	n	11.3671	3.64665	20.987	32.1089
1399528798.187	n	11.3672	3.64664	20.968	32.1088
1399528798.249	n	11.3673	3.64665	20.951	32.1087
1399528798.311	n	11.3675	3.64665	20.940	32.1086
1399528798.375	n	11.3677	3.64665	20.919	32.1085
1399528798.436	n	11.3678	3.64665	20.902	32.1084
1399528798.499	n	11.3680	3.64665	20.885	32.1082
1399528798.564	n	11.3681	3.64665	20.869	32.1081
1399528798.624	n	11.3683	3.64665	20.852	32.1080
1399528798.687	n	11.3685	3.64666	20.837	32.1078
1399528798.749	n	11.3687	3.64666	20.822	32.1076
1399528798.811	n	11.3690	3.64666	20.805	32.1075
1399528798.875	n	11.3692	3.64667	20.791	32.1073
1399528798.937	n	11.3695	3.64666	20.773	32.1071
1399528798.999	n	11.3698	3.64666	20.755	32.1068
1399528799.062	n	11.3701	3.64666	20.738	32.1065
1399528799.127	n	11.3705	3.64666	20.723	32.1062
1399528799.186	n	11.3708	3.64666	20.711	32.1059
1399528799.248	n	11.3711	3.64666	20.695	32.1056
1399528799.336	y	11.3714	3.64664	20.677	32.1052
1399528799.374	n	11.3718	3.64662	20.663	32.1047
1399528799.435	n	11.3722	3.64661	20.648	32.1043
1399528799.498	n	11.3727	3.64662	20.635	32.1039
1399528799.560	n	11.3732	3.64663	20.617	32.1036
1399528799.623	n	11.3737	3.64663	20.603	32.1032
1399528799.686	n	11.3741	3.64664	20.585	32.1029
1399528799.748	n	11.3746	3.64664	20.568	32.1025
1399528799.811	n	11.3751	3.64664	20.554	32.1020
1399528799.874	n	11.3756	3.64663	20.538	32.1016
1399528799.937	n	11.3761	3.64664	20.523	32.1012
1399528799.999	n	11.3766	3.64664	20.509	32.1007
1399528800.062	n	11.3772	3.64664	20.492	32.1003
1399528800.126	n	11.3777	3.64664	20.477	32.0998
1399528800.187	n	11.3784	3.64664	20.464	32.0992
1399528800.248	n	11.3790	3.64663	20.445	32.0986
1399528800.312	n	11.3797	3.64663	20.426	32.0980
1399528800.374	n	11.3803	3.64663	20.415	32.0975
1399528800.436	n	11.3810	3.64664	20.397	32.0970
1399528800.499	n	11.3816	3.64664	20.381	32.0965
1399528800.561	n	11.3822	3.64664	20.367	32.0959
1399528800.624	n	11.3828	3.64664	20.350	32.0954
1399528800.687	n	11.3835	3.64663	20.334	32.0948
1399528800.749	n	11.3841	3.64663	20.319	32.0942
1399528800.811	n	11.3848	3.64663	20.302	32.0937
1399528800.874	n	11.3854	3.64663	20.288	32.0931
1399528800.936	n	11.3861	3.64663	20.270	32.0925
1399528801.000	n	11.3868	3.64664	20.258	32.0919
1399528801.060	n	11.3876	3.64665	20.240	32.0915
1399528801.124	n	11.3882	3.64667	20.223	32.0911
1399528801.185	n	11.3889	3.64667	20.205	32.0905
1399528801.250	n	11.3895	3.64666	20.188	32.0899
1399528801.312	n	11.3901	3.64665	20.171	32.0893
1399528801.374	n	11.3908	3.64665	20.155	32.0887
1399528801.437	n	11.3915	3.64665	20.136	32.0880
1399528801.499	n	11.3923	3.64665	20.121	32.0874
1399528801.562	n	11.3930	3.64665	20.106	32.0868
1399528801.624	n	11.3937	3.64664	20.089	32.0861
1399528801.821	y	11.3944	3.64664	20.070	32.0855
1399528801.827	n	11.3951	3.64664	20.051	32.0849
1399528801.833	n	11.3959	3.64664	20.037	32.0842
1399528801.874	n	11.3966	3.64663	20.017	32.0835
1399528801.935	n	11.3974	3.64663	20.000	32.0829
1399528801.999	n	11.3981	3.64664	19.984	32.0823
1399528802.062	n	11.3989	3.64664	19.966	32.0817
1399528802.123	n	11.3996	3.64665	19.947	32.0811
1399528802.186	n	11.4004	3.64665	19.928	32.0804
1399528802.249	n	11.4013	3.64665	19.912	32.0797
1399528802.311	n	11.4021	3.64664	19.889	32.0790
1399528802.374	n	11.4028	3.64664	19.877	32.0783
1399528802.435	n	11.4036	3.64665	19.859	32.0777
1399528802.499	n	11.4044	3.64665	19.840	32.0770
1399528802.562	n	11.4052	3.64664	19.820	32.0763
1399528802.623	n	11.4061	3.64664	19.800	32.0755
1399528802.686	n	11.4069	3.64664	19.778	32.0747
1399528802.749	n	11.4078	3.64664	19.760	32.0740
1399528802.811	n	11.4086	3.64664	19.743	32.0733
1399528802.873	n	11.4095	3.64665	19.724	32.0726
1399528802.936	n	11.4104	3.64665	19.704	32.0718
1399528802.998	y	11.4113	3.64665	19.685	32.0710
1399528803.062	n	11.4123	3.64665	19.664	32.0702
1399528803.124	n	11.4132	3.64666	19.643	32.0695
1399528803.186	n	11.4142	3.64667	19.627	32.0688
1399528803.248	n	11.4151	3.64667	19.609	32.0680
1399528803.311	n	11.4160	3.64667	19.587	32.0672
1399528803.375	n	11.4169	3.64667	19.569	32.0664
1399528803.436	n	11.4178	3.64666	19.548	32.0656
1399528803.498	n	11.4188	3.64666	19.527	32.0648
1399528803.561	n	11.4197	3.64666	19.510	32.0640
1399528803.625	n	11.4207	3.64667	19.489	32.0632
1399528803.685	n	11.4217	3.64667	19.469	32.0624
1399528803.749	n	11.4227	3.64668	19.450	32.0616
1399528803.812	n	11.4237	3.64668	19.430	32.0607
1399528803.876	n	11.4248	3.64668	19.409	32.0598
1399528803.937	n	11.4259	3.64669	19.389	32.0589
1399528803.999	n	11.4270	3.64669	19.367	32.0579
1399528804.062	n	11.4282	3.64669	19.347	32.0570
1399528804.124	n	11.4293	3.64669	19.329	32.0560
1399528804.187	n	11.4306	3.64669	19.311	32.0549
1399528804.248	n	11.4318	3.64669	19.290	32.0539
1399528804.311	n	11.4330	3.64670	19.269	32.0529
1399528804.375	n	11.4343	3.64671	19.248	32.0518
1399528804.437	n	11.4356	3.64671	19.227	32.0507
1399528804.498	n	11.4369	3.64670	19.208	32.0496
1399528804.562	n	11.4382	3.64670	19.190	32.0485
1399528804.624	n	11.4395	3.64671	19.167	32.0474
1399528804.686	n	11.4409	3.64672	19.149	32.0463
1399528804.749	n	11.4423	3.64672	19.134	32.0451
1399528804.812	n	11.4436	3.64672	19.109	32.0439
1399528804.874	n	11.4450	3.64672	19.085	32.0428
1399528804.936	n	11.4463	3.64672	19.067	32.0417
1399528804.998	n	11.4477	3.64673	19.048	32.0406
1399528805.061	n	11.4490	3.64673	19.027	32.0394
1399528805.128	n	11.4504	3.64672	19.011	32.0381
1399528805.236	y	11.4518	3.64671	18.989	32.0368
1399528805.249	n	11.4532	3.64671	18.969	32.0357
1399528805.310	n	11.4546	3.64672	18.947	32.0345
1399528805.375	n	11.4559	3.64672	18.929	32.0334
1399528805.436	n	11.4573	3.64673	18.912	32.0323
1399528805.499	n	11.4586	3.64674	18.891	32.0313
1399528805.562	n	11.4600	3.64675	18.870	32.0302
1399528805.623	n	11.4613	3.64675	18.851	32.0291
1399528805.687	n	11.4627	3.64676	18.832	32.0280
1399528805.749	n	11.4640	3.64676	18.811	32.0268
1399528805.811	n	11.4654	3.64676	18.792	32.0256
1399528805.873	n	11.4668	3.64676	18.774	32.0244
1399528806.087	y	11.4681	3.64675	18.753	32.0232
1399528806.096	n	11.4695	3.64675	18.733	32.0220
1399528806.101	n	11.4708	3.64675	18.712	32.0209
1399528806.123	n	11.4722	3.64675	18.695	32.0197
1399528806.186	n	11.4736	3.64676	18.674	32.0186
1399528806.248	n	11.4750	3.64675	18.655	32.0173
1399528806.311	n	11.4764	3.64675	18.640	32.0160
1399528806.373	n	11.4779	3.64675	18.622	32.0148
1399528806.436	n	11.4793	3.64675	18.601	32.0137
1399528806.498	n	11.4807	3.64676	18.579	32.0125
1399528806.561	n	11.4821	3.64677	18.560	32.0113
1399528806.624	n	11.4836	3.64677	18.542	32.0101
1399528806.744	y	11.4851	3.64677	18.521	32.0088
1399528806.748	n	11.4866	3.64677	18.502	32.0074
1399528806.811	n	11.4882	3.64676	18.482	32.0060
1399528806.874	n	11.4898	3.64676	18.463	32.0047
1399528806.937	n	11.4913	3.64676	18.447	32.0033
1399528807.000	n	11.4930	3.64676	18.429	32.0020
1399528807.062	n	11.4946	3.64676	18.412	32.0005
1399528807.124	n	11.4963	3.64676	18.391	31.9991
1399528807.186	n	11.4980	3.64676	18.373	31.9976
1399528807.248	n	11.4997	3.64677	18.355	31.9962
1399528807.311	n	11.5014	3.64677	18.334	31.9948
1399528807.373	n	11.5032	3.64679	18.316	31.9934
1399528807.435	n	11.5050	3.64680	18.296	31.9920
1399528807.498	n	11.5068	3.64680	18.274	31.9904
1399528807.560	n	11.5087	3.64680	18.260	31.9888
1399528807.625	n	11.5105	3.64679	18.238	31.9871
1399528807.686	n	11.5124	3.64678	18.221	31.9854
1399528807.748	n	11.5143	3.64678	18.200	31.9838
1399528807.811	n	11.5162	3.64677	18.184	31.9821
1399528807.875	n	11.5181	3.64677	18.168	31.9804
1399528807.937	n	11.5199	3.64677	18.149	31.9788
1399528807.998	n	11.5218	3.64677	18.129	31.9772
1399528808.062	n	11.5236	3.64677	18.109	31.9757
1399528808.124	n	11.5255	3.64678	18.088	31.9741
1399528808.186	n	11.5274	3.64678	18.072	31.9725
1399528808.248	n	11.5293	3.64678	18.054	31.9709
1399528808.312	n	11.5311	3.64679	18.034	31.9694
1399528808.373	n	11.5330	3.64680	18.015	31.9679
1399528808.436	n	11.5349	3.64680	17.992	31.9663
1399528808.498	n	11.5367	3.64680	17.972	31.9647
1399528808.561	n	11.5385	3.64681	17.957	31.9632
1399528808.625	n	11.5403	3.64680	17.935	31.9616
1399528808.686	n	11.5421	3.64679	17.915	31.9600
1399528808.749	n	11.5439	3.64679	17.899	31.9584
1399528808.811	n	11.5458	3.64679	17.878	31.9568
1399528808.875	n	11.5476	3.64679	17.857	31.9553
1399528808.938	n	11.5493	3.64680	17.839	31.9538
1399528809.000	n	11.5511	3.64679	17.821	31.9523
1399528809.061	n	11.5529	3.64679	17.802	31.9507
1399528809.126	n	11.5547	3.64679	17.782	31.9492
1399528809.186	n	11.5564	3.64679	17.759	31.9477
1399528809.248	n	11.5582	3.64679	17.743	31.9462
1399528809.311	n	11.5599	3.64679	17.724	31.9447
1399528809.373	n	11.5617	3.64679	17.702	31.9432
1399528809.436	n	11.5635	3.64679	17.682	31.9416
1399528809.498	n	11.5653	3.64679	17.664	31.9401
1399528809.561	n	11.5671	3.64679	17.643	31.9386
1399528809.625	n	11.5689	3.64679	17.623	31.9370
1399528809.686	n	11.5708	3.64680	17.601	31.9355
1399528809.748	n	11.5727	3.64680	17.581	31.9338
1399528809.810	n	11.5746	3.64680	17.564	31.9322
1399528809.874	n	11.5765	3.64680	17.541	31.9306
1399528809.936	n	11.5784	3.64680	17.520	31.9289
1399528810.000	n	11.5803	3.64679	17.498	31.9272
1399528810.062	n	11.5823	3.64679	17.478	31.9255
1399528810.127	n	11.5843	3.64678	17.458	31.9237
1399528810.308	y	11.5863	3.64678	17.439	31.9220
1399528810.315	n	11.5883	3.64678	17.415	31.9202
1399528810.356	y	11.5904	3.64678	17.396	31.9184
1399528810.374	n	11.5925	3.64679	17.374	31.9167
1399528810.436	n	11.5946	3.64679	17.358	31.9150
1399528810.498	n	11.5967	3.64680	17.334	31.9133
1399528810.561	n	11.5987	3.64679	17.314	31.9115
1399528810.625	n	11.6008	3.64679	17.292	31.9096
1399528810.686	n	11.6028	3.64678	17.270	31.9078
1399528810.748	n	11.6048	3.64677	17.244	31.9060
1399528810.811	n	11.6069	3.64677	17.223	31.9042
1399528810.873	n	11.6090	3.64677	17.206	31.9024
1399528810.937	n	11.6110	3.64678	17.184	31.9007
1399528810.999	n	11.6131	3.64679	17.159	31.8991
1399528811.062	n	11.6150	3.64679	17.138	31.8975
1399528811.126	n	11.6170	3.64680	17.120	31.8959
1399528811.187	n	11.6189	3.64680	17.097	31.8943
1399528811.249	n	11.6208	3.64680	17.072	31.8926
1399528811.311	n	11.6227	3.64679	17.050	31.8910
1399528811.375	n	11.6245	3.64680	17.028	31.8894
1399528811.436	n	11.6262	3.64679	17.005	31.8879
1399528811.498	n	11.6280	3.64679	16.985	31.8864
1399528811.562	n	11.6297	3.64679	16.965	31.8850
1399528811.625	n	11.6313	3.64679	16.942	31.8835
1399528811.686	n	11.6329	3.64679	16.922	31.8821
1399528811.749	n	11.6346	3.64678	16.898	31.8807
1399528811.811	n	11.6362	3.64678	16.879	31.8793
1399528811.874	n	11.6378	3.64677	16.855	31.8779
1399528811.937	n	11.6393	3.64678	16.833	31.8765
1399528811.999	n	11.6409	3.64678	16.815	31.8753
1399528812.062	n	11.6424	3.64678	16.792	31.8740
1399528812.126	n	11.6439	3.64678	16.767	31.8727
1399528812.186	n	11.6453	3.64677	16.749	31.8714
1399528812.250	n	11.6466	3.64676	16.728	31.8702
1399528812.312	n	11.6478	3.64675	16.704	31.8691
1399528812.375	n	11.6490	3.64675	16.680	31.8681
1399528812.437	n	11.6502	3.64675	16.661	31.8670
1399528812.499	n	11.6513	3.64675	16.642	31.8661
1399528812.562	n	11.6524	3.64675	16.618	31.8651
1399528812.625	n	11.6534	3.64674	16.599	31.8642
1399528812.686	n	11.6544	3.64673	16.578	31.8634
1399528812.749	n	11.6552	3.64673	16.555	31.8626
1399528812.811	n	11.6561	3.64673	16.536	31.8618
1399528812.874	n	11.6569	3.64672	16.514	31.8611
1399528812.935	n	11.6576	3.64672	16.494	31.8604
1399528812.998	n	11.6583	3.64671	16.474	31.8598
1399528813.060	n	11.6589	3.64671	16.452	31.8592
1399528813.123	n	11.6595	3.64670	16.434	31.8586
1399528813.186	n	11.6600	3.64670	16.415	31.8582
1399528813.248	n	11.6605	3.64669	16.392	31.8577
1399528813.311	n	11.6609	3.64669	16.373	31.8574
1399528813.376	n	11.6613	3.64669	16.352	31.8570
1399528813.436	n	11.6618	3.64668	16.331	31.8566
1399528813.498	n	11.6622	3.64667	16.312	31.8561
1399528813.561	n	11.6626	3.64666	16.292	31.8557
1399528813.623	n	11.6629	3.64666	16.272	31.8554
1399528813.686	n	11.6633	3.64667	16.254	31.8552
1399528813.748	n	11.6637	3.64668	16.236	31.8549
1399528813.811	n	11.6641	3.64668	16.215	31.8546
1399528813.874	n	11.6645	3.64666	16.192	31.8541
1399528814.000	y	11.6649	3.64665	16.171	31.8537
1399528814.005	n	11.6652	3.64664	16.155	31.8533
1399528814.062	n	11.6656	3.64664	16.139	31.8529
1399528814.126	n	11.6660	3.64664	16.119	31.8526
1399528814.185	n	11.6665	3.64664	16.100	31.8522
1399528814.248	n	11.6669	3.64663	16.083	31.8518
1399528814.311	n	11.6674	3.64663	16.062	31.8513
1399528814.375	n	11.6680	3.64661	16.044	31.8507
1399528814.546	y	11.6686	3.64661	16.027	31.8501
1399528814.553	n	11.6691	3.64660	16.007	31.8495
1399528814.561	n	11.6697	3.64659	15.986	31.8490
1399528814.623	n	11.6703	3.64659	15.969	31.8484
1399528814.687	n	11.6710	3.64659	15.954	31.8479
1399528814.750	n	11.6718	3.64659	15.936	31.8473
1399528814.811	n	11.6726	3.64660	15.918	31.8467
1399528814.874	n	11.6734	3.64661	15.897	31.8461
1399528814.937	n	11.6743	3.64661	15.878	31.8453
1399528814.999	n	11.6752	3.64660	15.859	31.8444
1399528815.062	n	11.6762	3.64658	15.844	31.8434
1399528815.126	n	11.6773	3.64658	15.829	31.8425
1399528815.186	n	11.6784	3.64658	15.811	31.8415
1399528815.248	n	11.6796	3.64659	15.790	31.8405
1399528815.311	n	11.6809	3.64659	15.770	31.8395
1399528815.375	n	11.6822	3.64659	15.755	31.8384
1399528815.437	n	11.6835	3.64659	15.736	31.8372
1399528815.498	n	11.6849	3.64659	15.720	31.8361
1399528815.561	n	11.6864	3.64658	15.701	31.8347
1399528815.623	n	11.6880	3.64658	15.684	31.8333
1399528815.688	n	11.6897	3.64658	15.667	31.8318
1399528815.749	n	11.6915	3.64657	15.648	31.8303
1399528815.811	n	11.6933	3.64657	15.633	31.8287
1399528815.876	n	11.6951	3.64657	15.614	31.8271
1399528815.936	n	11.6971	3.64655	15.592	31.8254
1399528815.999	n	11.6990	3.64654	15.579	31.8236
1399528816.061	n	11.7010	3.64655	15.561	31.8220
1399528816.123	n	11.7030	3.64656	15.546	31.8204
1399528816.187	n	11.7051	3.64658	15.527	31.8188
1399528816.249	n	11.7071	3.64659	15.507	31.8171
1399528816.312	n	11.7093	3.64660	15.489	31.8154
1399528816.374	n	11.7115	3.64660	15.470	31.8136
1399528816.437	n	11.7136	3.64661	15.454	31.8117
1399528816.499	n	11.7159	3.64661	15.433	31.8098
1399528816.562	n	11.7181	3.64661	15.415	31.8079
1399528816.624	n	11.7204	3.64660	15.399	31.8059
1399528816.688	n	11.7227	3.64659	15.377	31.8038
1399528816.748	n	11.7249	3.64658	15.358	31.8018
1399528816.812	n	11.7272	3.64657	15.344	31.7999
1399528816.875	n	11.7295	3.64658	15.325	31.7979
1399528816.937	n	11.7318	3.64658	15.305	31.7960
1399528816.999	n	11.7340	3.64659	15.288	31.7942
1399528817.062	n	11.7363	3.64660	15.271	31.7923
1399528817.126	n	11.7385	3.64660	15.247	31.7904
1399528817.187	n	11.7408	3.64661	15.228	31.7886
1399528817.249	n	11.7430	3.64661	15.210	31.7867
1399528817.312	n	11.7452	3.64661	15.191	31.7848
1399528817.374	n	11.7474	3.64661	15.171	31.7829
1399528817.437	n	11.7496	3.64661	15.151	31.7810
1399528817.499	n	11.7518	3.64660	15.133	31.7791
1399528817.562	n	11.7540	3.64661	15.111	31.7773
1399528817.625	n	11.7561	3.64661	15.093	31.7755
1399528817.702	y	11.7583	3.64661	15.072	31.7737
1399528817.750	n	11.7604	3.64661	15.054	31.7719
1399528817.811	n	11.7625	3.64661	15.034	31.7701
1399528817.874	n	11.7647	3.64662	15.012	31.7683
1399528817.937	n	11.7667	3.64662	14.993	31.7666
1399528818.000	n	11.7688	3.64662	14.971	31.7649
1399528818.060	n	11.7709	3.64662	14.950	31.7631
1399528818.125	n	11.7729	3.64662	14.930	31.7614
1399528818.186	n	11.7749	3.64662	14.909	31.7597
1399528818.249	n	11.7769	3.64662	14.888	31.7580
1399528818.311	n	11.7789	3.64663	14.869	31.7564
1399528818.374	n	11.7808	3.64662	14.847	31.7547
1399528818.437	n	11.7827	3.64662	14.825	31.7530
1399528818.499	n	11.7846	3.64661	14.806	31.7514
1399528818.562	n	11.7865	3.64661	14.786	31.7498
1399528818.625	n	11.7883	3.64661	14.761	31.7482
1399528818.815	y	11.7901	3.64662	14.740	31.7467
1399528818.821	n	11.7919	3.64662	14.719	31.7452
1399528818.826	n	11.7937	3.64662	14.700	31.7437
1399528818.873	n	11.7954	3.64662	14.676	31.7422
1399528818.936	n	11.7971	3.64661	14.655	31.7407
1399528818.999	n	11.7988	3.64661	14.626	31.7392
1399528819.063	n	11.8005	3.64660	14.607	31.7377
1399528819.128	n	11.8022	3.64660	14.585	31.7363
1399528819.186	n	11.8039	3.64659	14.563	31.7348
1399528819.248	n	11.8055	3.64659	14.540	31.7334
1399528819.312	n	11.8071	3.64659	14.518	31.7321
1399528819.375	n	11.8087	3.64659	14.496	31.7307
1399528819.437	n	11.8102	3.64659	14.470	31.7294
1399528819.500	n	11.8118	3.64659	14.450	31.7281
1399528819.563	n	11.8133	3.64659	14.429	31.7268
1399528819.623	n	11.8147	3.64660	14.405	31.7257
1399528819.687	n	11.8162	3.64661	14.381	31.7246
1399528819.750	n	11.8176	3.64662	14.361	31.7234
1399528819.812	n	11.8190	3.64662	14.337	31.7223
1399528819.874	n	11.8204	3.64662	14.311	31.7211
1399528819.936	n	11.8217	3.64661	14.294	31.7199
1399528819.999	n	11.8231	3.64661	14.269	31.7187
1399528820.061	n	11.8244	3.64662	14.246	31.7177
1399528820.126	n	11.8258	3.64662	14.222	31.7166
1399528820.187	n	11.8271	3.64662	14.200	31.7155
1399528820.249	n	11.8283	3.64663	14.175	31.7145
1399528820.314	n	11.8295	3.64662	14.152	31.7134
1399528820.481	y	11.8307	3.64661	14.127	31.7122
1399528820.488	n	11.8320	3.64659	14.107	31.7110
1399528820.499	n	11.8333	3.64659	14.084	31.7099
1399528820.563	n	11.8345	3.64659	14.062	31.7088
1399528820.625	n	11.8357	3.64659	14.035	31.7079
1399528820.686	n	11.8369	3.64660	14.014	31.7069
1399528820.748	n	11.8380	3.64660	13.990	31.7059
1399528820.811	n	11.8392	3.64659	13.964	31.7049
1399528820.875	n	11.8403	3.64659	13.943	31.7040
1399528820.937	n	11.8414	3.64659	13.923	31.7030
1399528820.999	n	11.8425	3.64659	13.900	31.7020
1399528821.063	n	11.8437	3.64658	13.877	31.7010
1399528821.123	n	11.8449	3.64658	13.855	31.7000
1399528821.188	n	11.8460	3.64657	13.829	31.6990
1399528821.250	n	11.8471	3.64657	13.807	31.6980
1399528821.313	y	11.8482	3.64657	13.787	31.6971
1399528821.374	n	11.8493	3.64657	13.764	31.6962
1399528821.437	n	11.8503	3.64658	13.739	31.6954
1399528821.499	n	11.8514	3.64658	13.719	31.6945
1399528821.562	n	11.8525	3.64658	13.699	31.6936
1399528821.625	n	11.8536	3.64657	13.676	31.6926
1399528821.686	n	11.8546	3.64657	13.655	31.6917
1399528821.748	n	11.8555	3.64657	13.633	31.6909
1399528821.811	n	11.8564	3.64657	13.609	31.6901
1399528821.875	n	11.8574	3.64657	13.589	31.6893
1399528821.937	n	11.8583	3.64656	13.564	31.6885
1399528821.999	n	11.8593	3.64656	13.545	31.6877
1399528822.063	n	11.8602	3.64657	13.522	31.6870
1399528822.123	n	11.8611	3.64657	13.501	31.6862
1399528822.186	n	11.8621	3.64657	13.481	31.6854
1399528822.248	n	11.8632	3.64657	13.460	31.6845
1399528822.312	n	11.8643	3.64656	13.440	31.6835
1399528822.375	n	11.8655	3.64656	13.421	31.6824
1399528822.436	n	11.8670	3.64658	13.395	31.6813
1399528822.498	n	11.8685	3.64659	13.378	31.6801
1399528822.562	n	11.8703	3.64659	13.355	31.6787
1399528822.624	n	11.8722	3.64660	13.334	31.6772
1399528822.686	n	11.8741	3.64659	13.313	31.6754
1399528822.749	n	11.8762	3.64659	13.295	31.6736
1399528822.813	n	11.8784	3.64658	13.275	31.6717
1399528822.875	n	11.8806	3.64658	13.254	31.6699
1399528823.107	y	11.8827	3.64658	13.234	31.6681
1399528823.117	n	11.8850	3.64659	13.217	31.6662
1399528823.124	n	11.8872	3.64659	13.197	31.6643
1399528823.130	n	11.8896	3.64658	13.176	31.6623
1399528823.186	n	11.8919	3.64659	13.151	31.6603
1399528823.250	n	11.8943	3.64660	13.134	31.6585
1399528823.312	n	11.8966	3.64662	13.119	31.6566
1399528823.373	n	11.8990	3.64662	13.103	31.6547
1399528823.436	n	11.9014	3.64663	13.079	31.6527
1399528823.498	n	11.9037	3.64663	13.064	31.6507
1399528823.562	n	11.9060	3.64663	13.046	31.6489
1399528823.624	n	11.9082	3.64664	13.025	31.6470
1399528823.687	n	11.9105	3.64666	13.008	31.6453
1399528823.749	n	11.9127	3.64666	12.986	31.6435
1399528823.812	n	11.9148	3.64667	12.967	31.6417
1399528823.874	n	11.9170	3.64668	12.950	31.6399
1399528823.938	n	11.9192	3.64668	12.930	31.6382
1399528823.999	n	11.9213	3.64668	12.914	31.6364
1399528824.062	n	11.9234	3.64668	12.897	31.6346
1399528824.125	n	11.9254	3.64667	12.880	31.6329
1399528824.185	n	11.9274	3.64668	12.860	31.6312
1399528824.248	n	11.9294	3.64668	12.840	31.6295
1399528824.311	n	11.9314	3.64669	12.824	31.6279
1399528824.373	n	11.9334	3.64670	12.805	31.6263
1399528824.435	n	11.9354	3.64670	12.788	31.6247
1399528824.498	n	11.9373	3.64670	12.767	31.6230
1399528824.562	n	11.9391	3.64670	12.752	31.6215
1399528824.627	n	11.9409	3.64670	12.731	31.6200
1399528824.686	n	11.9426	3.64671	12.713	31.6186
1399528824.748	n	11.9443	3.64671	12.696	31.6173
1399528824.812	n	11.9460	3.64672	12.676	31.6159
1399528824.873	n	11.9477	3.64672	12.658	31.6145
1399528824.935	n	11.9494	3.64672	12.639	31.6130
1399528824.999	n	11.9510	3.64672	12.623	31.6116
1399528825.063	y	11.9526	3.64672	12.601	31.6103
1399528825.126	n	11.9541	3.64672	12.584	31.6090
1399528825.187	n	11.9556	3.64673	12.567	31.6078
1399528825.249	n	11.9572	3.64673	12.550	31.6066
1399528825.311	n	11.9587	3.64673	12.531	31.6053
1399528825.376	n	11.9602	3.64672	12.513	31.6039
1399528825.436	n	11.9617	3.64671	12.495	31.6026
1399528825.499	n	11.9631	3.64671	12.475	31.6013
1399528825.561	n	11.9646	3.64672	12.456	31.6002
1399528825.626	n	11.9660	3.64674	12.438	31.5992
1399528825.687	n	11.9674	3.64675	12.419	31.5981
1399528825.748	n	11.9688	3.64675	12.401	31.5970
1399528825.811	n	11.9701	3.64675	12.382	31.5959
1399528825.875	n	11.9714	3.64674	12.366	31.5947
1399528825.936	n	11.9727	3.64673	12.343	31.5935
1399528825.999	n	11.9741	3.64673	12.322	31.5924
1399528826.063	n	11.9754	3.64673	12.306	31.5912
1399528826.125	n	11.9768	3.64674	12.283	31.5901
1399528826.186	n	11.9782	3.64674	12.263	31.5890
1399528826.248	n	11.9796	3.64675	12.246	31.5879
1399528826.312	n	11.9809	3.64675	12.230	31.5868
1399528826.375	n	11.9823	3.64676	12.213	31.5857
1399528826.437	n	11.9836	3.64676	12.191	31.5846
1399528826.500	n	11.9850	3.64677	12.171	31.5835
1399528826.562	n	11.9863	3.64677	12.152	31.5824
1399528826.627	n	11.9876	3.64677	12.129	31.5813
1399528826.686	n	11.9889	3.64678	12.110	31.5803
1399528826.749	n	11.9903	3.64677	12.091	31.5791
1399528826.811	n	11.9916	3.64677	12.074	31.5779
1399528826.874	n	11.9931	3.64676	12.050	31.5767
1399528826.937	n	11.9945	3.64675	12.030	31.5754
1399528827.000	n	11.9958	3.64675	12.009	31.5743
1399528827.061	n	11.9972	3.64676	11.990	31.5732
1399528827.126	n	11.9985	3.64677	11.971	31.5722
1399528827.380	y	11.9998	3.64678	11.950	31.5712
1399528827.387	n	12.0012	3.64679	11.930	31.5701
1399528827.393	n	12.0026	3.64679	11.912	31.5689
1399528827.398	n	12.0040	3.64679	11.891	31.5677
1399528827.436	n	12.0054	3.64679	11.871	31.5665
1399528827.500	n	12.0068	3.64679	11.849	31.5654
1399528827.562	n	12.0081	3.64680	11.830	31.5643
1399528827.628	n	12.0095	3.64680	11.808	31.5632
1399528827.688	n	12.0108	3.64679	11.787	31.5620
1399528827.749	n	12.0122	3.64679	11.766	31.5608
1399528827.813	n	12.0136	3.64680	11.747	31.5597
1399528827.874	n	12.0150	3.64680	11.726	31.5586
1399528827.936	n	12.0163	3.64681	11.707	31.5576
1399528828.000	n	12.0176	3.64681	11.687	31.5566
1399528828.062	n	12.0188	3.64682	11.667	31.5555
1399528828.126	n	12.0201	3.64682	11.643	31.5545
1399528828.186	n	12.0214	3.64681	11.622	31.5533
1399528828.249	n	12.0227	3.64682	11.605	31.5523
1399528828.313	n	12.0241	3.64683	11.581	31.5512
1399528828.374	n	12.0254	3.64684	11.558	31.5502
1399528828.436	n	12.0267	3.64685	11.542	31.5492
1399528828.499	n	12.0281	3.64685	11.525	31.5481
1399528828.561	n	12.0296	3.64685	11.500	31.5468
1399528828.631	y	12.0311	3.64684	11.480	31.5455
1399528828.687	n	12.0326	3.64684	11.462	31.5442
1399528828.750	n	12.0342	3.64685	11.439	31.5430
1399528828.812	n	12.0359	3.64687	11.417	31.5418
1399528828.874	n	12.0376	3.64689	11.397	31.5405
1399528828.937	n	12.0393	3.64690	11.378	31.5392
1399528829.000	n	12.0410	3.64690	11.360	31.5378
1399528829.061	n	12.0427	3.64690	11.340	31.5363
1399528829.125	n	12.0445	3.64690	11.315	31.5348
1399528829.186	n	12.0464	3.64690	11.293	31.5332
1399528829.250	n	12.0483	3.64689	11.274	31.5315
1399528829.312	n	12.0501	3.64689	11.258	31.5299
1399528829.373	n	12.0519	3.64689	11.237	31.5285
1399528829.436	n	12.0536	3.64690	11.214	31.5272
1399528829.498	n	12.0553	3.64692	11.194	31.5260
1399528829.562	n	12.0569	3.64694	11.174	31.5247
1399528829.623	n	12.0586	3.64695	11.152	31.5234
1399528829.686	n	12.0603	3.64695	11.132	31.5220
1399528829.750	n	12.0620	3.64695	11.109	31.5205
1399528829.811	n	12.0637	3.64695	11.090	31.5191
1399528829.875	n	12.0655	3.64696	11.073	31.5177
1399528829.936	n	12.0673	3.64697	11.052	31.5164
1399528829.998	n	12.0690	3.64699	11.031	31.5150
1399528830.062	n	12.0708	3.64699	11.007	31.5136
1399528830.123	n	12.0725	3.64698	10.986	31.5121
1399528830.186	n	12.0743	3.64698	10.967	31.5105
1399528830.249	n	12.0761	3.64698	10.945	31.5090
1399528830.311	n	12.0779	3.64699	10.925	31.5076
1399528830.373	n	12.0797	3.64700	10.907	31.5062
1399528830.436	n	12.0815	3.64700	10.887	31.5047
1399528830.498	n	12.0832	3.64699	10.864	31.5032
1399528830.560	n	12.0849	3.64699	10.847	31.5018
1399528830.625	n	12.0865	3.64701	10.824	31.5005
1399528830.687	n	12.0882	3.64702	10.802	31.4993
1399528830.749	n	12.0899	3.64703	10.782	31.4979
1399528830.812	n	12.0917	3.64704	10.758	31.4965
1399528830.873	n	12.0933	3.64704	10.740	31.4952
1399528830.937	n	12.0949	3.64704	10.720	31.4938
1399528830.999	n	12.0965	3.64704	10.697	31.4925
1399528831.061	n	12.0980	3.64704	10.674	31.4913
1399528831.125	n	12.0995	3.64705	10.657	31.4900
1399528831.187	n	12.1010	3.64706	10.631	31.4889
1399528831.248	n	12.1025	3.64707	10.614	31.4878
1399528831.312	n	12.1040	3.64707	10.592	31.4866
1399528831.374	n	12.1054	3.64707	10.569	31.4853
1399528831.559	y	12.1068	3.64705	10.548	31.4840
1399528831.567	n	12.1082	3.64706	10.524	31.4828
1399528831.573	n	12.1097	3.64707	10.501	31.4818
1399528831.623	n	12.1112	3.64709	10.480	31.4807
1399528831.687	n	12.1127	3.64711	10.460	31.4796
1399528831.749	n	12.1142	3.64712	10.436	31.4784
1399528831.811	n	12.1156	3.64711	10.416	31.4772
1399528831.875	n	12.1171	3.64711	10.393	31.4760
1399528831.936	n	12.1185	3.64712	10.373	31.4749
1399528831.999	n	12.1199	3.64713	10.352	31.4738
1399528832.062	n	12.1213	3.64713	10.331	31.4727
1399528832.126	n	12.1227	3.64714	10.307	31.4715
1399528832.186	n	12.1241	3.64714	10.284	31.4704
1399528832.250	n	12.1255	3.64714	10.263	31.4692
1399528832.333	y	12.1269	3.64714	10.240	31.4681
1399528832.375	n	12.1282	3.64715	10.218	31.4670
1399528832.437	n	12.1296	3.64715	10.196	31.4659
1399528832.499	n	12.1310	3.64716	10.178	31.4648
1399528832.562	n	12.1324	3.64717	10.156	31.4637
1399528832.623	n	12.1339	3.64717	10.133	31.4625
1399528832.687	n	12.1353	3.64718	10.109	31.4614
1399528832.750	n	12.1367	3.64719	10.086	31.4604
1399528832.812	n	12.1382	3.64721	10.069	31.4593
1399528832.875	n	12.1397	3.64722	10.048	31.4581
1399528832.937	n	12.1412	3.64722	10.024	31.4569
1399528832.998	n	12.1428	3.64722	10.002	31.4556
1399528833.062	n	12.1443	3.64722	9.982	31.4543
1399528833.123	n	12.1459	3.64722	9.961	31.4530
1399528833.186	n	12.1475	3.64724	9.937	31.4518
1399528833.249	n	12.1491	3.64726	9.917	31.4506
1399528833.313	n	12.1507	3.64728	9.896	31.4495
1399528833.374	n	12.1523	3.64730	9.872	31.4483
1399528833.437	n	12.1539	3.64730	9.850	31.4470
1399528833.499	n	12.1554	3.64729	9.831	31.4457
1399528833.561	n	12.1570	3.64729	9.809	31.4443
1399528833.626	n	12.1586	3.64729	9.789	31.4430
1399528833.686	n	12.1602	3.64730	9.771	31.4418
1399528833.750	n	12.1618	3.64732	9.753	31.4406
1399528833.812	n	12.1634	3.64733	9.727	31.4394
1399528833.873	n	12.1650	3.64735	9.703	31.4382
1399528833.936	n	12.1666	3.64736	9.683	31.4369
1399528833.999	n	12.1682	3.64736	9.665	31.4357
1399528834.061	n	12.1698	3.64737	9.644	31.4344
1399528834.126	n	12.1714	3.64738	9.623	31.4332
1399528834.186	n	12.1729	3.64739	9.600	31.4320
1399528834.249	n	12.1745	3.64740	9.582	31.4308
1399528834.311	n	12.1761	3.64740	9.562	31.4295
1399528834.375	n	12.1777	3.64741	9.539	31.4281
1399528834.436	n	12.1794	3.64741	9.520	31.4268
1399528834.499	n	12.1810	3.64742	9.501	31.4255
1399528834.563	n	12.1826	3.64744	9.480	31.4243
1399528834.629	n	12.1842	3.64746	9.460	31.4232
1399528834.687	n	12.1858	3.64747	9.439	31.4220
1399528834.749	n	12.1874	3.64749	9.419	31.4209
1399528834.811	n	12.1890	3.64752	9.399	31.4198
1399528834.875	n	12.1906	3.64754	9.377	31.4187
1399528834.936	n	12.1921	3.64755	9.357	31.4175
1399528834.998	n	12.1937	3.64755	9.337	31.4162
1399528835.063	n	12.1953	3.64756	9.318	31.4149
1399528835.125	n	12.1969	3.64757	9.300	31.4137
1399528835.187	n	12.1984	3.64757	9.281	31.4125
1399528835.249	n	12.1999	3.64758	9.265	31.4113
1399528835.312	n	12.2014	3.64760	9.245	31.4102
1399528835.373	n	12.2029	3.64761	9.224	31.4091
1399528835.437	n	12.2044	3.64762	9.204	31.4079
1399528835.500	n	12.2059	3.64763	9.187	31.4068
1399528835.562	n	12.2074	3.64764	9.164	31.4056
1399528835.623	n	12.2089	3.64765	9.149	31.4044
1399528835.819	y	12.2104	3.64767	9.131	31.4034
1399528835.826	n	12.2119	3.64768	9.114	31.4022
1399528835.832	n	12.2134	3.64769	9.093	31.4011
1399528835.935	y	12.2150	3.64770	9.075	31.3999
1399528835.941	n	12.2165	3.64771	9.055	31.3987
1399528835.999	y	12.2180	3.64772	9.038	31.3975
1399528836.061	n	12.2195	3.64773	9.018	31.3964
1399528836.127	n	12.2211	3.64775	9.000	31.3952
1399528836.187	n	12.2226	3.64775	8.982	31.3940
1399528836.249	n	12.2242	3.64777	8.963	31.3929
1399528836.312	n	12.2258	3.64778	8.944	31.3916
1399528836.375	n	12.2274	3.64778	8.927	31.3903
1399528836.436	n	12.2290	3.64779	8.910	31.3890
1399528836.498	n	12.2307	3.64780	8.892	31.3878
1399528836.561	n	12.2323	3.64781	8.875	31.3865
1399528836.624	n	12.2340	3.64783	8.861	31.3852
1399528836.687	n	12.2357	3.64784	8.846	31.3839
1399528836.749	n	12.2375	3.64785	8.827	31.3825
1399528836.812	n	12.2394	3.64787	8.808	31.3812
1399528836.875	n	12.2412	3.64789	8.791	31.3798
1399528836.937	n	12.2430	3.64791	8.770	31.3784
1399528836.999	n	12.2449	3.64791	8.756	31.3769
1399528837.061	n	12.2467	3.64791	8.740	31.3754
1399528837.125	n	12.2486	3.64791	8.722	31.3738
1399528837.187	n	12.2506	3.64792	8.703	31.3723
1399528837.250	n	12.2526	3.64794	8.687	31.3707
1399528837.312	n	12.2547	3.64796	8.671	31.3692
1399528837.374	n	12.2569	3.64797	8.657	31.3675
1399528837.437	n	12.2591	3.64798	8.640	31.3657
1399528837.499	n	12.2614	3.64798	8.623	31.3639
1399528837.562	n	12.2637	3.64798	8.608	31.3619
1399528837.624	n	12.2661	3.64799	8.588	31.3600
1399528837.686	n	12.2685	3.64801	8.573	31.3581
1399528837.748	n	12.2710	3.64802	8.557	31.3562
1399528837.811	n	12.2735	3.64803	8.537	31.3542
1399528837.874	n	12.2761	3.64804	8.521	31.3522
1399528837.936	n	12.2787	3.64806	8.504	31.3502
1399528838.000	n	12.2813	3.64807	8.486	31.3481
1399528838.062	n	12.2839	3.64810	8.470	31.3462
1399528838.127	n	12.2865	3.64812	8.452	31.3442
1399528838.186	n	12.2892	3.64813	8.431	31.3421
1399528838.249	n	12.2919	3.64814	8.414	31.3399
1399528838.314	n	12.2945	3.64815	8.399	31.3378
1399528838.374	n	12.2972	3.64816	8.379	31.3357
1399528838.436	n	12.2999	3.64819	8.361	31.3336
1399528838.499	n	12.3026	3.64821	8.347	31.3316
1399528838.563	n	12.3053	3.64823	8.328	31.3296
1399528838.624	n	12.3078	3.64826	8.310	31.3278
1399528838.687	n	12.3103	3.64828	8.295	31.3259
1399528838.749	n	12.3127	3.64831	8.276	31.3242
1399528838.812	n	12.3150	3.64833	8.253	31.3225
1399528838.875	n	12.3173	3.64836	8.238	31.3208
1399528838.936	n	12.3194	3.64838	8.221	31.3193
1399528839.000	n	12.3214	3.64841	8.206	31.3178
1399528839.062	n	12.3234	3.64841	8.187	31.3163
1399528839.124	n	12.3253	3.64843	8.166	31.3149
1399528839.186	n	12.3271	3.64844	8.150	31.3135
1399528839.249	n	12.3289	3.64846	8.136	31.3122
1399528839.311	n	12.3305	3.64848	8.117	31.3110
1399528839.376	n	12.3321	3.64851	8.098	31.3099
1399528839.436	n	12.3337	3.64853	8.081	31.3089
1399528839.499	n	12.3352	3.64856	8.063	31.3078
1399528839.561	n	12.3367	3.64858	8.046	31.3068
1399528839.625	n	12.3381	3.64860	8.031	31.3058
1399528839.722	y	12.3395	3.64861	8.009	31.3048
1399528839.750	n	12.3409	3.64863	7.991	31.3038
1399528839.813	n	12.3423	3.64865	7.976	31.3029
1399528839.875	n	12.3436	3.64867	7.959	31.3019
1399528840.139	y	12.3451	3.64869	7.938	31.3010
1399528840.147	n	12.3465	3.64871	7.921	31.2999
1399528840.155	n	12.3480	3.64872	7.903	31.2988
1399528840.160	n	12.3496	3.64874	7.886	31.2977
1399528840.187	n	12.3511	3.64875	7.869	31.2965
1399528840.250	n	12.3527	3.64877	7.849	31.2954
1399528840.312	n	12.3544	3.64880	7.833	31.2942
1399528840.374	n	12.3562	3.64881	7.814	31.2929
1399528840.437	n	12.3581	3.64883	7.794	31.2915
1399528840.499	n	12.3602	3.64885	7.779	31.2899
1399528840.562	n	12.3624	3.64887	7.762	31.2882
1399528840.625	n	12.3648	3.64890	7.739	31.2866
1399528840.687	n	12.3672	3.64894	7.722	31.2849
1399528840.749	n	12.3697	3.64896	7.706	31.2831
1399528840.811	n	12.3724	3.64898	7.687	31.2810
1399528840.874	n	12.3752	3.64898	7.668	31.2787
1399528840.938	n	12.3782	3.64899	7.651	31.2763
1399528840.998	n	12.3812	3.64901	7.628	31.2740
1399528841.062	n	12.3842	3.64903	7.610	31.2716
1399528841.125	n	12.3873	3.64905	7.594	31.2693
1399528841.187	n	12.3903	3.64907	7.577	31.2670
1399528841.250	n	12.3933	3.64908	7.556	31.2646
1399528841.312	n	12.3964	3.64909	7.537	31.2622
1399528841.375	n	12.3994	3.64910	7.517	31.2598
1399528841.437	n	12.4023	3.64911	7.498	31.2574
1399528841.499	n	12.4052	3.64912	7.482	31.2551
1399528841.561	n	12.4081	3.64915	7.462	31.2530
1399528841.625	n	12.4109	3.64917	7.445	31.2509
1399528841.687	n	12.4137	3.64919	7.427	31.2487
1399528841.749	n	12.4165	3.64920	7.406	31.2465
1399528841.812	n	12.4193	3.64921	7.386	31.2443
1399528841.875	n	12.4220	3.64921	7.369	31.2421
1399528841.938	n	12.4247	3.64923	7.351	31.2400
1399528841.999	n	12.4274	3.64924	7.329	31.2378
1399528842.062	n	12.4302	3.64926	7.308	31.2357
1399528842.124	y	12.4330	3.64926	7.291	31.2334
1399528842.186	n	12.4358	3.64927	7.274	31.2312
1399528842.248	n	12.4386	3.64928	7.254	31.2289
1399528842.311	n	12.4413	3.64929	7.237	31.2268
1399528842.374	n	12.4441	3.64931	7.211	31.2247
1399528842.436	n	12.4471	3.64934	7.195	31.2224
1399528842.498	n	12.4503	3.64935	7.174	31.2200
1399528842.563	n	12.4535	3.64937	7.154	31.2174
1399528842.624	n	12.4570	3.64939	7.135	31.2147
1399528842.686	n	12.4606	3.64940	7.111	31.2119
1399528842.749	n	12.4644	3.64942	7.093	31.2089
1399528842.813	n	12.4685	3.64944	7.072	31.2056
1399528842.874	n	12.4729	3.64945	7.053	31.2021
1399528842.937	n	12.4790	3.64964	7.034	31.1989
1399528843.000	n	12.5004	3.65063	7.013	31.1905
1399528843.062	n	12.5548	3.65730	6.994	31.2087
1399528843.125	n	12.6428	3.67005	6.974	31.2566
1399528843.186	n	12.7489	3.68607	6.953	31.3201
1399528843.324	y	12.8488	3.70136	6.933	31.3814
1399528843.330	n	12.9196	3.71213	6.913	31.4242
1399528843.374	n	12.9580	3.71626	6.893	31.4312
1399528843.436	n	12.9758	3.71784	6.869	31.4312
1399528843.500	n	12.9805	3.71863	6.849	31.4348
1399528843.563	n	12.9778	3.71899	6.831	31.4404
1399528843.624	n	12.9734	3.71911	6.810	31.4452
1399528843.686	n	12.9716	3.71917	6.788	31.4473
1399528843.748	n	12.9733	3.71926	6.768	31.4467
1399528843.811	n	12.9772	3.71943	6.750	31.4451
1399528843.874	n	12.9815	3.71973	6.728	31.4443
1399528843.938	n	12.9873	3.72011	6.704	31.4431
1399528843.999	n	12.9964	3.72056	6.683	31.4398
1399528844.061	n	13.0088	3.72104	6.668	31.4340
1399528844.126	n	13.0220	3.72147	6.648	31.4272
1399528844.282	y	13.0327	3.72178	6.626	31.4212
1399528844.289	n	13.0404	3.72202	6.606	31.4170
1399528844.313	n	13.0463	3.72225	6.586	31.4143
1399528844.374	n	13.0511	3.72253	6.566	31.4130
1399528844.436	n	13.0556	3.72288	6.544	31.4126
1399528844.499	n	13.0605	3.72329	6.524	31.4124
1399528844.561	n	13.0659	3.72372	6.506	31.4119
1399528844.623	n	13.0705	3.72414	6.485	31.4121
1399528844.687	n	13.0721	3.72446	6.466	31.4138
1399528844.749	n	13.0701	3.72461	6.447	31.4168
1399528844.812	n	13.0659	3.72463	6.422	31.4206
1399528844.875	n	13.0620	3.72452	6.407	31.4227
1399528844.936	n	13.0614	3.72433	6.386	31.4215
1399528845.000	n	13.0637	3.72420	6.363	31.4183
1399528845.063	n	13.0674	3.72412	6.345	31.4145
1399528845.125	n	13.0723	3.72413	6.323	31.4106
1399528845.187	n	13.0779	3.72426	6.308	31.4071
1399528845.249	n	13.0835	3.72441	6.285	31.4040
1399528845.313	n	13.0891	3.72458	6.264	31.4009
1399528845.375	n	13.0938	3.72479	6.244	31.3990
1399528845.436	n	13.0965	3.72498	6.226	31.3985
1399528845.498	n	13.0981	3.72511	6.208	31.3984
1399528845.562	n	13.0997	3.72518	6.188	31.3978
1399528845.623	n	13.1016	3.72525	6.169	31.3969
1399528845.687	n	13.1039	3.72531	6.149	31.3955
1399528845.750	n	13.1065	3.72538	6.132	31.3941
1399528845.812	n	13.1085	3.72543	6.108	31.3929
1399528845.874	n	13.1094	3.72544	6.091	31.3922
1399528845.936	n	13.1095	3.72541	6.075	31.3919
1399528845.998	n	13.1094	3.72540	6.055	31.3918
1399528846.061	n	13.1094	3.72539	6.036	31.3918
1399528846.126	n	13.1096	3.72538	6.016	31.3915
1399528846.186	n	13.1102	3.72536	5.997	31.3908
1399528846.249	n	13.1112	3.72531	5.980	31.3896
1399528846.312	n	13.1123	3.72526	5.963	31.3883
1399528846.375	n	13.1132	3.72522	5.945	31.3870
1399528846.437	n	13.1137	3.72516	5.929	31.3861
1399528846.499	n	13.1139	3.72510	5.909	31.3853
1399528846.562	n	13.1143	3.72504	5.893	31.3846
1399528846.626	n	13.1151	3.72499	5.876	31.3834
1399528846.687	n	13.1163	3.72497	5.857	31.3823
1399528846.749	n	13.1174	3.72497	5.839	31.3813
1399528846.812	n	13.1182	3.72499	5.826	31.3808
1399528846.874	n	13.1186	3.72500	5.804	31.3806
1399528846.937	n	13.1187	3.72502	5.787	31.3807
1399528847.021	y	13.1189	3.72502	5.774	31.3806
1399528847.061	n	13.1191	3.72501	5.757	31.3803
1399528847.126	n	13.1195	3.72500	5.739	31.3799
1399528847.187	n	13.1199	3.72499	5.722	31.3795
1399528847.250	n	13.1205	3.72501	5.707	31.3792
1399528847.313	n	13.1211	3.72504	5.692	31.3790
1399528847.374	n	13.1215	3.72509	5.673	31.3791
1399528847.437	n	13.1217	3.72513	5.659	31.3794
1399528847.498	n	13.1214	3.72516	5.643	31.3798
1399528847.562	n	13.1202	3.72515	5.627	31.3808
1399528847.624	n	13.1187	3.72514	5.610	31.3819
1399528847.686	n	13.1177	3.72511	5.591	31.3825
1399528847.749	n	13.1172	3.72506	5.580	31.3825
1399528847.813	n	13.1172	3.72502	5.564	31.3821
1399528847.875	n	13.1179	3.72501	5.548	31.3813
1399528847.936	n	13.1197	3.72501	5.531	31.3799
1399528848.000	n	13.1227	3.72504	5.517	31.3777
1399528848.061	n	13.1264	3.72510	5.500	31.3752
1399528848.125	n	13.1302	3.72518	5.487	31.3728
1399528848.186	n	13.1341	3.72528	5.471	31.3706
1399528848.249	n	13.1393	3.72542	5.456	31.3676
1399528848.312	n	13.1467	3.72558	5.436	31.3630
1399528848.373	n	13.1552	3.72573	5.421	31.3573
1399528848.543	y	13.1632	3.72586	5.404	31.3520
1399528848.550	n	13.1688	3.72596	5.386	31.3483
1399528848.562	n	13.1723	3.72602	5.369	31.3461
1399528848.624	n	13.1743	3.72607	5.353	31.3448
1399528848.686	n	13.1755	3.72610	5.340	31.3441
1399528848.749	n	13.1763	3.72613	5.321	31.3437
1399528848.811	n	13.1770	3.72616	5.305	31.3434
1399528848.874	n	13.1777	3.72618	5.290	31.3431
1399528848.936	n	13.1783	3.72620	5.271	31.3428
1399528848.998	n	13.1783	3.72620	5.256	31.3428
1399528849.062	n	13.1776	3.72619	5.238	31.3433
1399528849.126	n	13.1766	3.72616	5.223	31.3439
1399528849.186	n	13.1757	3.72612	5.207	31.3441
1399528849.250	n	13.1751	3.72605	5.189	31.3441
1399528849.313	n	13.1747	3.72601	5.172	31.3440
1399528849.374	n	13.1744	3.72597	5.157	31.3439
1399528849.438	n	13.1741	3.72598	5.141	31.3442
1399528849.500	n	13.1742	3.72600	5.124	31.3444
1399528849.563	n	13.1744	3.72603	5.107	31.3444
1399528849.624	n	13.1739	3.72602	5.091	31.3448
1399528849.686	n	13.1727	3.72601	5.075	31.3457
1399528849.748	n	13.1712	3.72599	5.058	31.3467
1399528849.813	n	13.1700	3.72598	5.044	31.3476
1399528849.874	n	13.1699	3.72599	5.023	31.3478
1399528849.937	n	13.1705	3.72602	5.008	31.3476
1399528849.999	n	13.1711	3.72604	4.993	31.3474
1399528850.063	n	13.1713	3.72606	4.976	31.3473
1399528850.125	n	13.1712	3.72606	4.957	31.3474
1399528850.186	n	13.1708	3.72605	4.939	31.3477
1399528850.250	n	13.1701	3.72604	4.921	31.3482
1399528850.312	n	13.1694	3.72603	4.906	31.3487
1399528850.375	n	13.1689	3.72602	4.887	31.3490
1399528850.437	n	13.1687	3.72600	4.869	31.3490
1399528850.499	n	13.1686	3.72599	4.856	31.3490
1399528850.562	n	13.1686	3.72599	4.836	31.3490
1399528850.623	n	13.1687	3.72601	4.817	31.3491
1399528850.715	y	13.1687	3.72603	4.802	31.3493
1399528850.750	n	13.1689	3.72604	4.785	31.3492
1399528850.813	n	13.1691	3.72604	4.764	31.3491
1399528850.874	n	13.1692	3.72602	4.748	31.3488
1399528850.937	n	13.1694	3.72601	4.732	31.3485
1399528850.999	n	13.1697	3.72600	4.715	31.3482
1399528851.063	n	13.1698	3.72600	4.698	31.3481
1399528851.126	n	13.1696	3.72600	4.682	31.3483
1399528851.187	n	13.1690	3.72600	4.665	31.3488
1399528851.248	n	13.1683	3.72599	4.651	31.3493
1399528851.313	n	13.1678	3.72597	4.634	31.3495
1399528851.374	n	13.1675	3.72595	4.618	31.3495
1399528851.436	n	13.1675	3.72594	4.600	31.3496
1399528851.565	y	13.1675	3.72595	4.585	31.3496
1399528851.571	n	13.1676	3.72596	4.571	31.3496
1399528851.626	n	13.1677	3.72598	4.553	31.3498
1399528851.686	n	13.1679	3.72601	4.534	31.3498
1399528851.749	n	13.1681	3.72602	4.519	31.3498
1399528851.813	n	13.1684	3.72604	4.508	31.3498
1399528851.873	n	13.1687	3.72606	4.489	31.3497
1399528851.936	n	13.1694	3.72608	4.469	31.3493
1399528851.998	n	13.1704	3.72608	4.456	31.3484
1399528852.061	n	13.1717	3.72607	4.443	31.3473
1399528852.125	n	13.1727	3.72605	4.424	31.3463
1399528852.187	n	13.1733	3.72603	4.409	31.3457
1399528852.249	n	13.1734	3.72604	4.395	31.3457
1399528852.312	n	13.1734	3.72605	4.382	31.3458
1399528852.375	n	13.1734	3.72605	4.363	31.3458
1399528852.437	n	13.1735	3.72605	4.349	31.3457
1399528852.500	n	13.1735	3.72604	4.336	31.3456
1399528852.563	n	13.1734	3.72604	4.322	31.3456
1399528852.624	n	13.1736	3.72604	4.306	31.3455
1399528852.806	y	13.1743	3.72603	4.290	31.3449
1399528852.818	n	13.1756	3.72603	4.280	31.3438
1399528852.823	n	13.1772	3.72602	4.270	31.3424
1399528852.875	n	13.1784	3.72602	4.253	31.3414
1399528852.937	n	13.1788	3.72603	4.239	31.3412
1399528852.999	n	13.1785	3.72605	4.225	31.3415
1399528853.062	n	13.1784	3.72605	4.214	31.3417
1399528853.126	n	13.1785	3.72604	4.203	31.3415
1399528853.187	n	13.1790	3.72603	4.193	31.3411
1399528853.250	n	13.1793	3.72603	4.178	31.3408
1399528853.312	n	13.1790	3.72602	4.162	31.3409
1399528853.375	n	13.1783	3.72599	4.154	31.3413
1399528853.437	n	13.1776	3.72596	4.137	31.3416
1399528853.499	n	13.1771	3.72594	4.125	31.3417
1399528853.562	n	13.1779	3.72594	4.108	31.3412
1399528853.626	n	13.1802	3.72598	4.095	31.3396
1399528853.686	n	13.1835	3.72603	4.082	31.3374
1399528853.749	n	13.1871	3.72609	4.067	31.3350
1399528853.813	n	13.1901	3.72614	4.053	31.3329
1399528853.874	n	13.1920	3.72617	4.040	31.3317
1399528853.937	n	13.1928	3.72619	4.022	31.3312
1399528853.999	n	13.1928	3.72621	4.008	31.3314
1399528854.061	n	13.1924	3.72623	3.992	31.3319
1399528854.124	n	13.1920	3.72624	3.979	31.3323
1399528854.188	n	13.1919	3.72623	3.961	31.3323
1399528854.258	y	13.1923	3.72622	3.947	31.3320
1399528854.312	n	13.1929	3.72621	3.933	31.3314
1399528854.375	n	13.1932	3.72621	3.917	31.3311
1399528854.437	n	13.1932	3.72621	3.901	31.3311
1399528854.500	n	13.1929	3.72620	3.881	31.3313
1399528854.563	n	13.1922	3.72619	3.868	31.3317
1399528854.624	n	13.1911	3.72615	3.854	31.3323
1399528854.686	n	13.1897	3.72611	3.837	31.3331
1399528854.750	n	13.1881	3.72608	3.818	31.3341
1399528854.812	n	13.1867	3.72606	3.805	31.3351
1399528854.876	n	13.1854	3.72605	3.788	31.3361
1399528854.936	n	13.1843	3.72605	3.770	31.3370
1399528854.998	n	13.1835	3.72604	3.754	31.3376
1399528855.062	n	13.1831	3.72603	3.735	31.3378
1399528855.125	n	13.1829	3.72601	3.717	31.3377
1399528855.187	n	13.1828	3.72599	3.701	31.3377
1399528855.249	n	13.1824	3.72597	3.689	31.3379
1399528855.313	n	13.1817	3.72596	3.666	31.3383
1399528855.375	n	13.1811	3.72595	3.649	31.3387
1399528855.437	n	13.1808	3.72595	3.633	31.3390
1399528855.500	n	13.1810	3.72594	3.612	31.3388
1399528855.563	n	13.1814	3.72594	3.593	31.3384
1399528855.625	n	13.1817	3.72595	3.576	31.3383
1399528855.687	n	13.1819	3.72594	3.562	31.3381
1399528855.749	n	13.1822	3.72594	3.546	31.3378
1399528855.813	n	13.1831	3.72594	3.526	31.3371
1399528855.875	n	13.1849	3.72594	3.508	31.3356
1399528855.937	n	13.1871	3.72596	3.490	31.3339
1399528855.999	n	13.1893	3.72599	3.474	31.3324
1399528856.062	n	13.1908	3.72603	3.456	31.3316
1399528856.124	n	13.1916	3.72606	3.435	31.3312
1399528856.187	n	13.1920	3.72608	3.421	31.3311
1399528856.250	n	13.1923	3.72608	3.402	31.3307
1399528856.313	n	13.1930	3.72606	3.386	31.3301
1399528856.375	n	13.1937	3.72606	3.370	31.3295
1399528856.436	n	13.1943	3.72607	3.353	31.3291
1399528856.500	n	13.1948	3.72608	3.337	31.3287
1399528856.561	n	13.1949	3.72609	3.317	31.3287
1399528856.625	n	13.1947	3.72609	3.300	31.3290
1399528856.687	n	13.1941	3.72609	3.281	31.3295
1399528856.750	n	13.1933	3.72608	3.266	31.3300
1399528856.812	n	13.1924	3.72607	3.250	31.3307
1399528856.874	n	13.1918	3.72607	3.230	31.3312
1399528857.027	y	13.1916	3.72607	3.213	31.3313
1399528857.032	n	13.1920	3.72607	3.197	31.3310
1399528857.062	n	13.1929	3.72607	3.177	31.3303
1399528857.124	n	13.1938	3.72607	3.157	31.3296
1399528857.187	n	13.1944	3.72606	3.138	31.3289
1399528857.250	n	13.1948	3.72606	3.119	31.3286
1399528857.313	n	13.1952	3.72607	3.103	31.3285
1399528857.375	n	13.1961	3.72611	3.083	31.3281
1399528857.437	n	13.1973	3.72615	3.065	31.3275
1399528857.500	n	13.1986	3.72619	3.050	31.3268
1399528857.562	n	13.1998	3.72620	3.030	31.3260
1399528857.625	n	13.2004	3.72619	3.012	31.3254
1399528857.687	n	13.2005	3.72617	2.989	31.3251
1399528857.749	n	13.2003	3.72616	2.977	31.3251
1399528857.811	n	13.2003	3.72615	2.959	31.3251
1399528857.875	n	13.2009	3.72616	2.941	31.3247
1399528857.953	y	13.2022	3.72618	2.925	31.3238
1399528858.000	n	13.2038	3.72620	2.911	31.3226
1399528858.061	n	13.2050	3.72621	2.896	31.3217
1399528858.126	n	13.2054	3.72621	2.872	31.3215
1399528858.188	n	13.2050	3.72621	2.854	31.3218
1399528858.249	n	13.2041	3.72619	2.839	31.3224
1399528858.312	n	13.2034	3.72619	2.823	31.3230
1399528858.374	n	13.2029	3.72619	2.809	31.3233
1399528858.437	n	13.2027	3.72619	2.787	31.3235
1399528858.499	n	13.2025	3.72618	2.774	31.3236
1399528858.562	n	13.2024	3.72617	2.758	31.3236
1399528858.624	n	13.2023	3.72616	2.741	31.3236
1399528858.687	n	13.2024	3.72617	2.726	31.3236
1399528858.749	n	13.2029	3.72620	2.707	31.3235
1399528858.813	n	13.2040	3.72623	2.695	31.3228
1399528858.874	n	13.2056	3.72626	2.682	31.3218
1399528858.937	n	13.2073	3.72627	2.662	31.3205
1399528858.999	n	13.2085	3.72627	2.651	31.3195
1399528859.063	n	13.2090	3.72628	2.640	31.3192
1399528859.124	n	13.2087	3.72628	2.625	31.3194
1399528859.187	n	13.2082	3.72628	2.611	31.3199
1399528859.249	n	13.2078	3.72629	2.598	31.3203
1399528859.313	n	13.2076	3.72628	2.585	31.3205
1399528859.374	n	13.2076	3.72628	2.567	31.3205
1399528859.437	n	13.2076	3.72627	2.556	31.3204
1399528859.500	n	13.2078	3.72626	2.543	31.3200
1399528859.563	n	13.2083	3.72624	2.527	31.3195
1399528859.624	n	13.2085	3.72623	2.512	31.3192
1399528859.686	n	13.2083	3.72623	2.498	31.3194
1399528859.749	n	13.2077	3.72624	2.486	31.3200
1399528859.814	n	13.2069	3.72624	2.470	31.3207
1399528859.874	n	13.2057	3.72624	2.456	31.3216
1399528859.938	n	13.2045	3.72621	2.444	31.3224
1399528859.999	n	13.2032	3.72619	2.429	31.3232
1399528860.061	n	13.2020	3.72617	2.417	31.3241
1399528860.123	n	13.2017	3.72617	2.405	31.3243
1399528860.186	n	13.2028	3.72619	2.389	31.3236
1399528860.248	n	13.2048	3.72620	2.377	31.3221
1399528860.311	n	13.2072	3.72621	2.363	31.3202
1399528860.375	n	13.2093	3.72621	2.351	31.3185
1399528860.437	n	13.2105	3.72623	2.340	31.3177
1399528860.499	n	13.2106	3.72624	2.325	31.3176
1399528860.563	n	13.2102	3.72625	2.315	31.3181
1399528860.624	n	13.2094	3.72625	2.307	31.3187
1399528860.687	n	13.2085	3.72623	2.293	31.3193
1399528860.749	n	13.2074	3.72621	2.282	31.3200
1399528860.816	n	13.2064	3.72619	2.273	31.3207
1399528860.875	n	13.2056	3.72617	2.259	31.3212
1399528860.937	n	13.2050	3.72616	2.245	31.3216
1399528860.999	n	13.2046	3.72616	2.231	31.3219
1399528861.061	n	13.2042	3.72617	2.222	31.3223
1399528861.124	n	13.2036	3.72617	2.208	31.3229
1399528861.289	y	13.2029	3.72618	2.193	31.3235
1399528861.294	n	13.2020	3.72616	2.184	31.3241
1399528861.312	n	13.2008	3.72614	2.172	31.3249
1399528861.375	n	13.1993	3.72611	2.160	31.3258
1399528861.438	n	13.1978	3.72607	2.147	31.3267
1399528861.498	n	13.1969	3.72605	2.138	31.3273
1399528861.563	n	13.1971	3.72605	2.125	31.3271
1399528861.625	y	13.1979	3.72605	2.116	31.3264
1399528861.688	n	13.1988	3.72606	2.105	31.3258
1399528861.749	n	13.1990	3.72606	2.092	31.3257
1399528861.817	n	13.1986	3.72606	2.077	31.3260
1399528861.876	n	13.1980	3.72606	2.070	31.3265
1399528861.936	n	13.1979	3.72605	2.057	31.3265
1399528862.000	n	13.1984	3.72605	2.047	31.3261
1399528862.061	n	13.1991	3.72605	2.031	31.3255
1399528862.125	n	13.1995	3.72605	2.021	31.3251
1399528862.187	n	13.1996	3.72603	2.009	31.3248
1399528862.249	n	13.1996	3.72601	1.992	31.3247
1399528862.311	n	13.1995	3.72600	1.982	31.3247
1399528862.375	n	13.1994	3.72600	1.968	31.3248
1399528862.437	n	13.1993	3.72599	1.956	31.3247
1399528862.498	n	13.2002	3.72598	1.941	31.3240
1399528862.562	n	13.2021	3.72596	1.926	31.3222
1399528862.623	n	13.2046	3.72595	1.913	31.3201
1399528862.686	n	13.2069	3.72595	1.895	31.3182
1399528862.749	n	13.2084	3.72596	1.880	31.3171
1399528862.811	n	13.2087	3.72596	1.865	31.3168
1399528862.874	n	13.2085	3.72596	1.849	31.3169
1399528862.937	n	13.2083	3.72595	1.832	31.3171
1399528862.999	n	13.2083	3.72596	1.817	31.3171
1399528863.062	n	13.2085	3.72597	1.795	31.3171
1399528863.126	n	13.2089	3.72598	1.782	31.3169
1399528863.187	n	13.2094	3.72599	1.767	31.3166
1399528863.249	n	13.2100	3.72599	1.752	31.3161
1399528863.313	n	13.2106	3.72598	1.731	31.3155
1399528863.374	n	13.2109	3.72596	1.714	31.3150
1399528863.437	n	13.2111	3.72593	1.693	31.3146
1399528863.499	n	13.2111	3.72589	1.675	31.3142
1399528863.563	n	13.2111	3.72585	1.656	31.3139
1399528863.624	n	13.2109	3.72582	1.635	31.3138
1399528863.686	n	13.2107	3.72581	1.620	31.3138
1399528863.749	n	13.2105	3.72581	1.598	31.3140
1399528863.811	n	13.2102	3.72581	1.580	31.3143
1399528863.874	n	13.2100	3.72583	1.559	31.3146
1399528863.937	n	13.2098	3.72583	1.539	31.3148
1399528863.999	n	13.2097	3.72583	1.516	31.3149
1399528864.062	n	13.2098	3.72583	1.498	31.3148
1399528864.124	n	13.2099	3.72581	1.478	31.3146
1399528864.187	n	13.2101	3.72580	1.455	31.3143
1399528864.250	n	13.2103	3.72578	1.434	31.3139
1399528864.313	n	13.2106	3.72574	1.412	31.3134
1399528864.375	n	13.2109	3.72571	1.394	31.3128
1399528864.437	n	13.2113	3.72569	1.376	31.3123
1399528864.499	n	13.2116	3.72569	1.358	31.3120
1399528864.561	n	13.2119	3.72570	1.340	31.3119
1399528864.626	n	13.2121	3.72571	1.321	31.3119
1399528864.687	n	13.2121	3.72573	1.307	31.3121
1399528864.750	n	13.2120	3.72573	1.292	31.3121
1399528864.811	n	13.2119	3.72573	1.277	31.3123
1399528864.875	n	13.2118	3.72573	1.260	31.3124
1399528864.937	n	13.2117	3.72574	1.246	31.3124
1399528864.999	n	13.2116	3.72573	1.231	31.3125
1399528865.063	n	13.2113	3.72572	1.215	31.3127
1399528865.125	n	13.2109	3.72570	1.203	31.3129
1399528865.242	y	13.2106	3.72571	1.186	31.3131
1399528865.249	n	13.2106	3.72572	1.170	31.3133
1399528865.313	n	13.2110	3.72575	1.155	31.3132
1399528865.376	n	13.2116	3.72579	1.140	31.3131
1399528865.541	y	13.2122	3.72582	1.125	31.3129
1399528865.548	n	13.2127	3.72585	1.107	31.3128
1399528865.563	n	13.2130	3.72588	1.092	31.3127
1399528865.624	n	13.2133	3.72590	1.078	31.3127
1399528865.687	n	13.2133	3.72589	1.062	31.3126
1399528865.887	y	13.2132	3.72587	1.048	31.3125
1399528865.895	n	13.2130	3.72585	1.037	31.3125
1399528865.904	n	13.2128	3.72583	1.024	31.3125
1399528865.937	n	13.2126	3.72582	1.011	31.3125
1399528865.998	n	13.2125	3.72581	0.999	31.3126
1399528866.062	n	13.2124	3.72579	0.987	31.3125
1399528866.124	n	13.2123	3.72577	0.977	31.3124
1399528866.187	n	13.2123	3.72575	0.967	31.3121
1399528866.249	n	13.2124	3.72574	0.953	31.3120
1399528866.313	n	13.2123	3.72573	0.946	31.3120
1399528866.374	n	13.2122	3.72572	0.939	31.3120
1399528866.437	n	13.2120	3.72571	0.929	31.3121
1399528866.499	n	13.2118	3.72569	0.915	31.3121
1399528866.562	n	13.2117	3.72566	0.903	31.3119
1399528866.625	n	13.2117	3.72564	0.890	31.3117
1399528866.686	n	13.2117	3.72563	0.883	31.3116
1399528866.749	n	13.2118	3.72562	0.872	31.3114
1399528866.813	n	13.2118	3.72562	0.862	31.3114
1399528866.875	n	13.2118	3.72562	0.851	31.3114
1399528866.937	n	13.2115	3.72562	0.840	31.3117
1399528867.000	n	13.2111	3.72561	0.828	31.3119
1399528867.062	n	13.2107	3.72560	0.819	31.3121
1399528867.124	n	13.2104	3.72557	0.811	31.3121
1399528867.187	n	13.2102	3.72554	0.798	31.3120
1399528867.250	n	13.2102	3.72551	0.788	31.3118
1399528867.313	n	13.2104	3.72552	0.778	31.3117
1399528867.374	n	13.2107	3.72555	0.766	31.3117
1399528867.437	n	13.2109	3.72558	0.757	31.3119
1399528867.500	n	13.2109	3.72560	0.746	31.3120
1399528867.563	n	13.2108	3.72559	0.740	31.3120
1399528867.624	n	13.2106	3.72556	0.728	31.3120
1399528867.687	n	13.2104	3.72554	0.716	31.3119
1399528867.749	n	13.2103	3.72553	0.707	31.3118
1399528867.813	n	13.2102	3.72553	0.699	31.3119
1399528867.874	n	13.2101	3.72554	0.685	31.3121
1399528867.945	n	13.2100	3.72555	0.675	31.3123
1399528867.999	n	13.2099	3.72555	0.662	31.3124
1399528868.062	n	13.2100	3.72556	0.647	31.3125
1399528868.124	n	13.2101	3.72557	0.637	31.3125
1399528868.189	n	13.2103	3.72558	0.626	31.3124
1399528868.249	n	13.2105	3.72558	0.613	31.3123
1399528868.311	n	13.2106	3.72558	0.600	31.3122
1399528868.375	n	13.2107	3.72558	0.590	31.3121
1399528868.438	n	13.2109	3.72558	0.578	31.3120
1399528868.500	n	13.2110	3.72560	0.570	31.3120
1399528868.561	n	13.2111	3.72561	0.557	31.3121
1399528868.625	n	13.2112	3.72562	0.549	31.3121
1399528868.686	n	13.2112	3.72562	0.542	31.3121
1399528868.748	n	13.2111	3.72559	0.529	31.3119
1399528868.811	n	13.2108	3.72555	0.520	31.3118
1399528868.876	y	13.2095	3.56163	0.509	29.7859
1399528868.956	n	13.2062	3.12164	0.504	25.7427
