Source File: D:\Storage\Programs\OOI\Group 5\Correspondence\07_18_14 sample files\files\11284999.PPB
Processed: 07/18/2014 12:28:05
Using Version: 1.11
Device: CTD
Start Date: 05/08/2014
Timestamp (s)	Suspect Timestamp	Temperature	Conductivity	Pressure	Salinity
1399550382.684	y	11.7514	3.66649	22.085	31.9693
1399550382.746	n	11.7511	3.66647	22.086	31.9695
1399550382.809	n	11.7511	3.66652	22.086	31.9700
1399550382.873	n	11.7511	3.66649	22.085	31.9696
1399550382.936	n	11.7511	3.66647	22.086	31.9695
1399550382.997	n	11.7511	3.66652	22.087	31.9700
1399550383.057	n	11.7512	3.66647	22.087	31.9695
1399550383.123	n	11.7511	3.66650	22.086	31.9697
1399550383.184	n	11.7511	3.66650	22.084	31.9698
1399550383.248	n	11.7511	3.66650	22.086	31.9697
1399550383.311	n	11.7511	3.66650	22.087	31.9697
1399550383.373	n	11.7511	3.66650	22.087	31.9697
1399550383.436	n	11.7511	3.66649	22.086	31.9697
1399550383.498	n	11.7511	3.66649	22.088	31.9696
1399550383.561	n	11.7510	3.66649	22.088	31.9697
1399550383.624	n	11.7510	3.66649	22.087	31.9698
1399550383.685	n	11.7509	3.66650	22.089	31.9700
1399550383.748	n	11.7509	3.66651	22.088	31.9700
1399550383.810	n	11.7509	3.66651	22.089	31.9700
1399550383.874	n	11.7510	3.66651	22.091	31.9700
1399550383.937	n	11.7510	3.66650	22.088	31.9699
1399550383.998	n	11.7509	3.66650	22.089	31.9699
1399550384.061	n	11.7508	3.66650	22.092	31.9700
1399550384.125	n	11.7507	3.66649	22.092	31.9700
1399550384.185	n	11.7507	3.66648	22.096	31.9700
1399550385.367	n	11.7507	3.66648	22.094	31.9700
1399550385.388	n	11.7508	3.66648	22.094	31.9699
1399550385.407	n	11.7508	3.66649	22.097	31.9700
1399550385.422	n	11.7507	3.66649	22.098	31.9700
1399550385.429	n	11.7507	3.66649	22.098	31.9700
1399550385.436	n	11.7506	3.66648	22.100	31.9700
1399550385.443	n	11.7506	3.66649	22.101	31.9700
1399550385.450	n	11.7507	3.66649	22.101	31.9700
1399550385.457	n	11.7507	3.66650	22.104	31.9701
1399550385.463	n	11.7507	3.66650	22.105	31.9700
1399550385.469	n	11.7508	3.66649	22.107	31.9700
1399550385.475	n	11.7508	3.66648	22.109	31.9699
1399550385.480	n	11.7507	3.66648	22.113	31.9699
1399550385.485	n	11.7507	3.66649	22.111	31.9700
1399550385.491	n	11.7507	3.66650	22.114	31.9701
1399550385.496	n	11.7506	3.66650	22.115	31.9702
1399550385.501	n	11.7506	3.66651	22.115	31.9702
1399550385.506	n	11.7506	3.66650	22.118	31.9702
1399550385.511	n	11.7506	3.66650	22.114	31.9702
1399550385.516	n	11.7506	3.66649	22.118	31.9701
1399550385.521	n	11.7506	3.66648	22.123	31.9700
1399550385.559	n	11.7506	3.66648	22.122	31.9700
1399550385.624	n	11.7505	3.66648	22.123	31.9701
1399550385.684	n	11.7505	3.66648	22.125	31.9700
1399550385.748	n	11.7505	3.66647	22.129	31.9700
1399550385.810	n	11.7505	3.66647	22.130	31.9700
1399550385.873	n	11.7505	3.66647	22.131	31.9700
1399550385.936	n	11.7504	3.66648	22.133	31.9701
1399550385.999	n	11.7504	3.66648	22.133	31.9702
1399550386.061	n	11.7504	3.66648	22.139	31.9702
1399550386.123	n	11.7504	3.66647	22.137	31.9701
1399550386.186	n	11.7504	3.66648	22.139	31.9701
1399550386.247	n	11.7504	3.66649	22.142	31.9702
1399550386.310	n	11.7504	3.66650	22.140	31.9703
1399550386.372	n	11.7505	3.66650	22.146	31.9703
1399550386.438	n	11.7505	3.66651	22.145	31.9703
1399550386.499	n	11.7505	3.66651	22.147	31.9704
1399550386.560	n	11.7505	3.66651	22.150	31.9704
1399550386.622	n	11.7504	3.66652	22.153	31.9705
1399550386.687	n	11.7504	3.66651	22.150	31.9705
1399550386.749	n	11.7504	3.66651	22.153	31.9704
1399550386.812	n	11.7504	3.66651	22.159	31.9704
1399550386.872	n	11.7504	3.66651	22.157	31.9704
1399550386.937	n	11.7504	3.66651	22.161	31.9704
1399550386.998	n	11.7504	3.66650	22.160	31.9704
1399550387.061	n	11.7503	3.66649	22.164	31.9703
1399550387.125	n	11.7503	3.66649	22.166	31.9703
1399550387.185	n	11.7503	3.66649	22.172	31.9703
1399550387.248	n	11.7503	3.66650	22.173	31.9705
1399550387.310	n	11.7503	3.66651	22.174	31.9705
1399550387.374	n	11.7503	3.66651	22.178	31.9705
1399550387.435	n	11.7503	3.66650	22.179	31.9704
1399550387.498	n	11.7502	3.66650	22.179	31.9704
1399550387.561	n	11.7502	3.66651	22.180	31.9706
1399550387.624	n	11.7502	3.66652	22.182	31.9707
1399550387.685	n	11.7502	3.66652	22.183	31.9707
1399550387.747	n	11.7502	3.66651	22.182	31.9706
1399550387.809	n	11.7502	3.66650	22.184	31.9705
1399550387.874	n	11.7503	3.66650	22.188	31.9704
1399550387.935	n	11.7503	3.66650	22.188	31.9705
1399550387.997	n	11.7503	3.66651	22.191	31.9706
1399550388.059	n	11.7503	3.66652	22.192	31.9706
1399550388.123	n	11.7503	3.66652	22.190	31.9706
1399550388.187	n	11.7503	3.66652	22.189	31.9706
1399550388.247	n	11.7502	3.66651	22.193	31.9706
1399550388.311	n	11.7502	3.66651	22.196	31.9706
1399550388.379	y	11.7502	3.66651	22.197	31.9706
1399550388.436	n	11.7501	3.66651	22.195	31.9706
1399550388.497	n	11.7501	3.66651	22.199	31.9706
1399550388.559	n	11.7501	3.66650	22.201	31.9706
1399550388.624	n	11.7501	3.66649	22.201	31.9705
1399550388.685	n	11.7501	3.66648	22.199	31.9705
1399550388.748	n	11.7501	3.66648	22.201	31.9705
1399550388.810	n	11.7501	3.66649	22.203	31.9705
1399550388.875	n	11.7501	3.66650	22.205	31.9706
1399550388.936	n	11.7501	3.66651	22.205	31.9707
1399550389.063	y	11.7500	3.66651	22.203	31.9708
1399550389.069	n	11.7500	3.66652	22.205	31.9709
1399550389.125	n	11.7499	3.66652	22.207	31.9709
1399550389.186	n	11.7499	3.66652	22.209	31.9709
1399550389.248	n	11.7499	3.66652	22.210	31.9709
1399550389.310	n	11.7499	3.66652	22.211	31.9709
1399550389.372	n	11.7500	3.66652	22.210	31.9709
1399550389.437	n	11.7500	3.66651	22.210	31.9708
1399550389.498	n	11.7500	3.66650	22.208	31.9707
1399550389.560	n	11.7500	3.66650	22.207	31.9706
1399550389.622	n	11.7500	3.66650	22.207	31.9706
1399550389.686	n	11.7500	3.66651	22.208	31.9707
1399550389.748	n	11.7500	3.66653	22.207	31.9709
1399550389.811	n	11.7500	3.66653	22.208	31.9710
1399550389.874	n	11.7500	3.66654	22.205	31.9710
1399550389.935	n	11.7500	3.66654	22.204	31.9710
1399550389.999	n	11.7500	3.66653	22.204	31.9710
1399550390.061	n	11.7500	3.66653	22.202	31.9710
1399550390.123	n	11.7500	3.66653	22.202	31.9710
1399550390.184	n	11.7499	3.66653	22.200	31.9710
1399550390.249	n	11.7499	3.66652	22.195	31.9709
1399550390.311	n	11.7499	3.66651	22.195	31.9708
1399550390.373	n	11.7498	3.66650	22.195	31.9708
1399550390.437	n	11.7498	3.66651	22.196	31.9709
1399550390.499	n	11.7499	3.66653	22.196	31.9710
1399550390.561	n	11.7499	3.66654	22.192	31.9711
1399550390.623	n	11.7499	3.66654	22.193	31.9712
1399550390.687	n	11.7499	3.66654	22.191	31.9711
1399550390.748	n	11.7499	3.66654	22.187	31.9711
1399550390.811	n	11.7499	3.66654	22.185	31.9712
1399550390.873	n	11.7498	3.66655	22.186	31.9712
1399550390.938	n	11.7498	3.66654	22.186	31.9712
1399550390.998	n	11.7498	3.66654	22.186	31.9712
1399550391.060	n	11.7498	3.66653	22.180	31.9711
1399550391.123	n	11.7499	3.66653	22.177	31.9711
1399550391.185	n	11.7498	3.66653	22.175	31.9711
1399550391.248	n	11.7498	3.66653	22.174	31.9712
1399550391.310	n	11.7497	3.66653	22.174	31.9712
1399550391.372	n	11.7497	3.66653	22.172	31.9712
1399550391.436	n	11.7497	3.66653	22.171	31.9712
1399550391.497	n	11.7497	3.66653	22.167	31.9712
1399550391.561	n	11.7498	3.66653	22.164	31.9712
1399550391.622	n	11.7498	3.66653	22.163	31.9711
1399550391.687	n	11.7498	3.66652	22.160	31.9711
1399550391.747	n	11.7497	3.66653	22.156	31.9712
1399550391.810	n	11.7496	3.66653	22.154	31.9713
1399550391.872	n	11.7496	3.66653	22.151	31.9714
1399550391.936	n	11.7495	3.66654	22.144	31.9715
1399550391.998	n	11.7495	3.66654	22.140	31.9715
1399550392.074	y	11.7496	3.66654	22.140	31.9715
1399550392.122	n	11.7496	3.66655	22.138	31.9715
1399550392.185	n	11.7496	3.66655	22.132	31.9716
1399550392.248	n	11.7495	3.66655	22.129	31.9716
1399550392.311	n	11.7495	3.66654	22.123	31.9716
1399550392.372	n	11.7495	3.66654	22.121	31.9716
1399550392.437	n	11.7494	3.66654	22.114	31.9715
1399550392.498	n	11.7495	3.66653	22.112	31.9715
1399550392.560	n	11.7495	3.66654	22.106	31.9715
1399550392.624	y	11.7495	3.66654	22.099	31.9716
1399550392.685	n	11.7494	3.66654	22.095	31.9716
1399550392.748	n	11.7494	3.66655	22.088	31.9717
1399550392.810	n	11.7493	3.66655	22.085	31.9718
1399550392.880	n	11.7493	3.66655	22.077	31.9718
1399550392.936	n	11.7493	3.66655	22.072	31.9718
1399550392.998	n	11.7493	3.66655	22.065	31.9719
1399550393.061	n	11.7493	3.66655	22.058	31.9718
1399550393.124	n	11.7493	3.66654	22.051	31.9718
1399550393.186	y	11.7493	3.66654	22.045	31.9717
1399550393.400	n	11.7492	3.66653	22.041	31.9716
1399550393.412	n	11.7492	3.66653	22.034	31.9717
1399550393.419	n	11.7492	3.66654	22.029	31.9718
1399550393.435	n	11.7492	3.66654	22.023	31.9718
1399550393.497	n	11.7492	3.66654	22.012	31.9718
1399550393.560	n	11.7492	3.66654	22.005	31.9719
1399550393.623	n	11.7491	3.66654	22.001	31.9719
1399550393.684	n	11.7491	3.66654	21.992	31.9719
1399550393.747	n	11.7490	3.66655	21.983	31.9721
1399550393.810	n	11.7490	3.66656	21.976	31.9722
1399550393.873	n	11.7490	3.66656	21.966	31.9722
1399550393.936	n	11.7490	3.66656	21.958	31.9722
1399550393.998	n	11.7490	3.66655	21.950	31.9722
1399550394.060	n	11.7490	3.66655	21.942	31.9721
1399550394.123	n	11.7489	3.66654	21.935	31.9721
1399550394.184	n	11.7489	3.66654	21.924	31.9721
1399550394.247	n	11.7488	3.66653	21.914	31.9721
1399550394.310	n	11.7488	3.66654	21.901	31.9722
1399550394.374	n	11.7488	3.66655	21.897	31.9723
1399550394.437	n	11.7487	3.66656	21.886	31.9724
1399550394.497	n	11.7487	3.66655	21.877	31.9724
1399550394.561	n	11.7487	3.66654	21.869	31.9724
1399550394.918	n	11.7486	3.66654	21.856	31.9724
1399550394.924	n	11.7486	3.66654	21.849	31.9724
1399550394.932	n	11.7486	3.66655	21.840	31.9725
1399550394.938	n	11.7485	3.66656	21.828	31.9727
1399550394.944	n	11.7484	3.66656	21.815	31.9727
1399550394.949	n	11.7484	3.66656	21.806	31.9728
1399550394.998	n	11.7483	3.66656	21.797	31.9728
1399550395.061	n	11.7483	3.66654	21.788	31.9727
1399550395.122	n	11.7483	3.66654	21.775	31.9726
1399550395.185	n	11.7484	3.66654	21.764	31.9726
1399550395.247	n	11.7484	3.66654	21.754	31.9726
1399550395.310	n	11.7484	3.66655	21.744	31.9727
1399550395.373	n	11.7484	3.66655	21.734	31.9727
1399550395.436	n	11.7483	3.66654	21.722	31.9727
1399550395.498	n	11.7483	3.66654	21.708	31.9727
1399550395.560	n	11.7483	3.66655	21.694	31.9729
1399550395.625	y	11.7483	3.66655	21.683	31.9729
1399550395.687	n	11.7483	3.66656	21.674	31.9729
1399550395.748	n	11.7483	3.66655	21.660	31.9729
1399550395.810	n	11.7483	3.66654	21.651	31.9727
1399550395.872	n	11.7482	3.66654	21.637	31.9728
1399550395.935	n	11.7481	3.66654	21.620	31.9729
1399550395.997	n	11.7481	3.66655	21.610	31.9730
1399550396.059	n	11.7481	3.66655	21.600	31.9731
1399550396.123	n	11.7481	3.66656	21.583	31.9731
1399550396.184	n	11.7481	3.66655	21.571	31.9731
1399550396.248	n	11.7480	3.66656	21.561	31.9732
1399550396.310	n	11.7480	3.66655	21.549	31.9732
1399550396.372	n	11.7480	3.66656	21.535	31.9732
1399550396.435	n	11.7481	3.66656	21.521	31.9731
1399550396.498	n	11.7481	3.66656	21.506	31.9731
1399550396.561	n	11.7482	3.66656	21.492	31.9731
1399550396.623	n	11.7482	3.66657	21.481	31.9731
1399550396.687	n	11.7483	3.66657	21.469	31.9731
1399550396.748	n	11.7484	3.66657	21.453	31.9730
1399550396.810	n	11.7485	3.66656	21.441	31.9729
1399550396.873	n	11.7485	3.66655	21.427	31.9727
1399550396.938	n	11.7486	3.66654	21.411	31.9726
1399550396.997	n	11.7486	3.66653	21.397	31.9725
1399550397.060	n	11.7487	3.66653	21.381	31.9724
1399550397.124	n	11.7488	3.66653	21.367	31.9724
1399550397.184	n	11.7489	3.66653	21.359	31.9723
1399550397.248	n	11.7490	3.66653	21.342	31.9722
1399550397.311	n	11.7491	3.66654	21.327	31.9722
1399550397.373	n	11.7492	3.66655	21.313	31.9723
1399550397.439	y	11.7493	3.66657	21.296	31.9723
1399550397.604	n	11.7494	3.66657	21.284	31.9723
1399550397.610	n	11.7495	3.66657	21.269	31.9721
1399550397.624	n	11.7496	3.66655	21.257	31.9719
1399550397.684	n	11.7497	3.66655	21.241	31.9718
1399550397.748	n	11.7497	3.66655	21.224	31.9717
1399550397.811	n	11.7498	3.66655	21.208	31.9717
1399550397.873	n	11.7499	3.66656	21.195	31.9717
1399550397.938	n	11.7501	3.66655	21.178	31.9715
1399550397.998	n	11.7503	3.66654	21.163	31.9713
1399550398.059	n	11.7504	3.66653	21.150	31.9711
1399550398.123	n	11.7505	3.66653	21.133	31.9709
1399550398.187	n	11.7507	3.66653	21.117	31.9709
1399550398.248	n	11.7508	3.66655	21.102	31.9709
1399550398.309	n	11.7509	3.66655	21.084	31.9708
1399550398.372	n	11.7511	3.66656	21.063	31.9708
1399550398.440	n	11.7512	3.66656	21.052	31.9707
1399550398.497	n	11.7513	3.66655	21.035	31.9705
1399550398.560	n	11.7514	3.66654	21.019	31.9704
1399550398.622	n	11.7516	3.66655	21.003	31.9702
1399550398.687	n	11.7518	3.66654	20.987	31.9700
1399550398.747	n	11.7520	3.66654	20.969	31.9698
1399550398.810	n	11.7523	3.66654	20.951	31.9697
1399550398.874	n	11.7525	3.66654	20.937	31.9695
1399550398.937	n	11.7527	3.66655	20.918	31.9694
1399550398.997	n	11.7529	3.66655	20.901	31.9692
1399550399.060	n	11.7532	3.66655	20.887	31.9690
1399550399.124	n	11.7535	3.66654	20.867	31.9686
1399550399.185	n	11.7538	3.66654	20.852	31.9683
1399550399.248	n	11.7540	3.66653	20.834	31.9681
1399550399.329	y	11.7543	3.66653	20.814	31.9679
1399550399.374	n	11.7545	3.66653	20.797	31.9677
1399550399.437	n	11.7548	3.66654	20.781	31.9674
1399550399.497	n	11.7552	3.66654	20.766	31.9672
1399550399.560	n	11.7555	3.66654	20.751	31.9669
1399550399.622	n	11.7559	3.66653	20.732	31.9665
1399550399.687	n	11.7562	3.66653	20.716	31.9662
1399550399.747	n	11.7565	3.66653	20.699	31.9659
1399550399.810	n	11.7568	3.66653	20.683	31.9657
1399550399.872	n	11.7571	3.66654	20.664	31.9655
1399550399.936	n	11.7575	3.66655	20.647	31.9654
1399550399.998	n	11.7579	3.66656	20.628	31.9651
1399550400.061	n	11.7583	3.66656	20.612	31.9648
1399550400.123	n	11.7587	3.66656	20.594	31.9645
1399550400.186	n	11.7591	3.66656	20.574	31.9641
1399550400.248	n	11.7595	3.66655	20.558	31.9637
1399550400.310	n	11.7599	3.66654	20.541	31.9632
1399550400.374	n	11.7603	3.66652	20.522	31.9627
1399550400.437	n	11.7606	3.66652	20.505	31.9624
1399550400.498	n	11.7610	3.66652	20.485	31.9621
1399550400.559	n	11.7615	3.66653	20.469	31.9618
1399550400.624	n	11.7619	3.66655	20.450	31.9616
1399550400.684	n	11.7623	3.66656	20.428	31.9614
1399550400.748	n	11.7627	3.66657	20.409	31.9612
1399550400.811	n	11.7630	3.66656	20.394	31.9608
1399550400.873	n	11.7634	3.66655	20.373	31.9603
1399550400.935	n	11.7639	3.66654	20.357	31.9599
1399550400.997	n	11.7643	3.66655	20.338	31.9595
1399550401.060	n	11.7648	3.66654	20.319	31.9592
1399550401.123	n	11.7652	3.66654	20.302	31.9588
1399550401.185	n	11.7656	3.66653	20.282	31.9584
1399550401.247	n	11.7661	3.66654	20.261	31.9580
1399550401.310	n	11.7665	3.66654	20.244	31.9577
1399550401.375	n	11.7669	3.66655	20.227	31.9574
1399550401.440	n	11.7673	3.66655	20.211	31.9571
1399550401.498	n	11.7676	3.66654	20.191	31.9567
1399550401.560	n	11.7680	3.66654	20.172	31.9564
1399550401.623	n	11.7684	3.66654	20.153	31.9561
1399550401.685	y	11.7689	3.66655	20.133	31.9557
1399550401.808	n	11.7693	3.66655	20.116	31.9554
1399550401.812	n	11.7698	3.66655	20.100	31.9550
1399550401.873	n	11.7702	3.66655	20.078	31.9547
1399550401.935	n	11.7705	3.66656	20.061	31.9544
1399550401.997	n	11.7709	3.66655	20.043	31.9541
1399550402.060	n	11.7713	3.66655	20.020	31.9537
1399550402.124	n	11.7717	3.66654	20.003	31.9533
1399550402.186	n	11.7722	3.66653	19.987	31.9528
1399550402.248	n	11.7726	3.66652	19.967	31.9524
1399550402.311	n	11.7730	3.66653	19.949	31.9521
1399550402.373	n	11.7735	3.66654	19.928	31.9518
1399550402.440	n	11.7738	3.66655	19.908	31.9515
1399550402.498	n	11.7743	3.66654	19.887	31.9512
1399550402.561	n	11.7747	3.66654	19.869	31.9508
1399550402.624	n	11.7751	3.66654	19.853	31.9504
1399550402.686	n	11.7756	3.66654	19.831	31.9500
1399550402.748	n	11.7760	3.66653	19.813	31.9496
1399550402.810	n	11.7764	3.66654	19.792	31.9494
1399550402.873	n	11.7769	3.66654	19.776	31.9490
1399550402.935	n	11.7774	3.66655	19.755	31.9486
1399550402.997	n	11.7779	3.66655	19.734	31.9482
1399550403.065	y	11.7783	3.66653	19.714	31.9476
1399550403.123	n	11.7788	3.66652	19.697	31.9471
1399550403.186	n	11.7793	3.66651	19.678	31.9466
1399550403.248	n	11.7798	3.66650	19.655	31.9461
1399550403.311	n	11.7802	3.66651	19.637	31.9458
1399550403.374	n	11.7808	3.66651	19.616	31.9454
1399550403.434	n	11.7812	3.66651	19.596	31.9450
1399550403.497	n	11.7817	3.66651	19.577	31.9445
1399550403.560	n	11.7822	3.66650	19.558	31.9441
1399550403.623	n	11.7827	3.66650	19.539	31.9436
1399550403.685	n	11.7832	3.66651	19.517	31.9432
1399550403.749	n	11.7838	3.66650	19.493	31.9428
1399550403.811	n	11.7844	3.66650	19.476	31.9422
1399550403.874	n	11.7849	3.66650	19.456	31.9418
1399550403.935	n	11.7855	3.66651	19.432	31.9413
1399550403.997	n	11.7861	3.66652	19.412	31.9409
1399550404.061	n	11.7868	3.66652	19.395	31.9404
1399550404.123	n	11.7874	3.66652	19.376	31.9398
1399550404.185	n	11.7881	3.66651	19.354	31.9392
1399550404.249	n	11.7887	3.66651	19.336	31.9386
1399550404.311	n	11.7894	3.66651	19.316	31.9380
1399550404.372	n	11.7901	3.66652	19.293	31.9376
1399550404.434	n	11.7908	3.66653	19.274	31.9370
1399550404.497	n	11.7915	3.66653	19.254	31.9364
1399550404.560	n	11.7922	3.66652	19.233	31.9358
1399550404.624	n	11.7929	3.66651	19.211	31.9351
1399550404.686	n	11.7937	3.66651	19.194	31.9345
1399550404.747	n	11.7944	3.66651	19.170	31.9338
1399550404.810	n	11.7952	3.66651	19.153	31.9331
1399550404.873	n	11.7960	3.66650	19.133	31.9323
1399550404.935	n	11.7968	3.66649	19.109	31.9317
1399550405.037	y	11.7975	3.66649	19.091	31.9310
1399550405.060	n	11.7984	3.66650	19.067	31.9303
1399550405.123	n	11.7992	3.66650	19.047	31.9297
1399550405.185	n	11.8000	3.66651	19.025	31.9290
1399550405.247	n	11.8009	3.66652	19.002	31.9284
1399550405.310	n	11.8017	3.66653	18.984	31.9278
1399550405.373	n	11.8026	3.66653	18.962	31.9271
1399550405.435	n	11.8034	3.66652	18.943	31.9263
1399550405.498	n	11.8043	3.66651	18.922	31.9254
1399550405.560	n	11.8052	3.66650	18.901	31.9245
1399550405.622	n	11.8061	3.66650	18.883	31.9238
1399550405.685	n	11.8069	3.66650	18.861	31.9231
1399550405.747	n	11.8078	3.66650	18.837	31.9224
1399550405.811	n	11.8087	3.66650	18.818	31.9216
1399550405.872	n	11.8096	3.66650	18.797	31.9208
1399550406.077	y	11.8105	3.66649	18.780	31.9200
1399550406.085	n	11.8114	3.66649	18.760	31.9192
1399550406.092	n	11.8123	3.66649	18.740	31.9185
1399550406.126	n	11.8132	3.66650	18.716	31.9177
1399550406.184	n	11.8142	3.66650	18.698	31.9169
1399550406.248	n	11.8151	3.66650	18.677	31.9162
1399550406.309	n	11.8160	3.66650	18.658	31.9154
1399550406.373	n	11.8168	3.66650	18.636	31.9147
1399550406.435	n	11.8177	3.66650	18.617	31.9139
1399550406.497	n	11.8186	3.66650	18.597	31.9131
1399550406.560	n	11.8195	3.66650	18.576	31.9124
1399550406.624	n	11.8204	3.66649	18.554	31.9116
1399550406.694	y	11.8214	3.66650	18.537	31.9108
1399550406.748	n	11.8223	3.66650	18.516	31.9101
1399550406.811	n	11.8233	3.66651	18.498	31.9093
1399550406.873	n	11.8242	3.66651	18.474	31.9085
1399550406.935	n	11.8251	3.66651	18.454	31.9077
1399550406.999	n	11.8260	3.66650	18.433	31.9069
1399550407.061	n	11.8270	3.66650	18.414	31.9061
1399550407.122	n	11.8279	3.66650	18.398	31.9053
1399550407.185	n	11.8287	3.66650	18.377	31.9046
1399550407.248	n	11.8296	3.66651	18.353	31.9039
1399550407.310	n	11.8305	3.66650	18.331	31.9031
1399550407.372	n	11.8314	3.66650	18.315	31.9023
1399550407.436	n	11.8324	3.66650	18.295	31.9015
1399550407.497	n	11.8333	3.66650	18.274	31.9007
1399550407.561	n	11.8342	3.66649	18.251	31.8999
1399550407.624	n	11.8350	3.66650	18.234	31.8992
1399550407.686	n	11.8359	3.66651	18.213	31.8986
1399550407.748	n	11.8368	3.66652	18.194	31.8980
1399550407.810	n	11.8377	3.66653	18.175	31.8973
1399550407.874	n	11.8386	3.66653	18.156	31.8965
1399550407.935	n	11.8395	3.66652	18.137	31.8956
1399550407.998	n	11.8405	3.66653	18.117	31.8949
1399550408.060	n	11.8415	3.66653	18.096	31.8940
1399550408.123	n	11.8425	3.66652	18.079	31.8931
1399550408.186	n	11.8435	3.66651	18.063	31.8922
1399550408.248	n	11.8444	3.66650	18.041	31.8913
1399550408.309	n	11.8453	3.66649	18.023	31.8904
1399550408.372	n	11.8463	3.66650	18.006	31.8897
1399550408.436	n	11.8472	3.66651	17.987	31.8889
1399550408.497	n	11.8482	3.66651	17.966	31.8882
1399550408.559	n	11.8492	3.66650	17.947	31.8872
1399550408.624	n	11.8503	3.66650	17.928	31.8863
1399550408.684	n	11.8513	3.66649	17.907	31.8854
1399550408.747	n	11.8523	3.66650	17.889	31.8846
1399550408.811	n	11.8533	3.66651	17.873	31.8838
1399550408.873	n	11.8544	3.66651	17.852	31.8830
1399550408.935	n	11.8555	3.66651	17.836	31.8820
1399550408.997	n	11.8566	3.66651	17.814	31.8810
1399550409.060	n	11.8578	3.66651	17.797	31.8800
1399550409.124	n	11.8590	3.66652	17.779	31.8791
1399550409.186	n	11.8601	3.66652	17.756	31.8781
1399550409.248	n	11.8613	3.66652	17.735	31.8771
1399550409.310	n	11.8625	3.66652	17.715	31.8761
1399550409.372	n	11.8637	3.66651	17.697	31.8750
1399550409.436	n	11.8649	3.66650	17.674	31.8739
1399550409.498	n	11.8661	3.66650	17.657	31.8729
1399550409.561	n	11.8674	3.66651	17.639	31.8718
1399550409.623	n	11.8687	3.66651	17.620	31.8708
1399550409.685	n	11.8700	3.66652	17.601	31.8698
1399550409.748	n	11.8713	3.66653	17.581	31.8688
1399550409.810	n	11.8725	3.66654	17.557	31.8678
1399550409.874	n	11.8739	3.66655	17.539	31.8667
1399550409.935	n	11.8752	3.66654	17.521	31.8655
1399550409.997	n	11.8766	3.66653	17.504	31.8642
1399550410.060	n	11.8780	3.66652	17.483	31.8630
1399550410.124	n	11.8793	3.66652	17.464	31.8618
1399550410.298	y	11.8807	3.66652	17.445	31.8607
1399550410.304	n	11.8821	3.66652	17.426	31.8595
1399550410.309	y	11.8834	3.66652	17.405	31.8584
1399550410.386	n	11.8848	3.66653	17.386	31.8573
1399550410.437	n	11.8861	3.66654	17.368	31.8562
1399550410.498	n	11.8874	3.66654	17.350	31.8552
1399550410.560	n	11.8887	3.66655	17.329	31.8542
1399550410.622	n	11.8899	3.66655	17.311	31.8530
1399550410.685	n	11.8912	3.66655	17.291	31.8520
1399550410.747	n	11.8925	3.66654	17.273	31.8508
1399550410.810	n	11.8937	3.66654	17.250	31.8497
1399550410.872	n	11.8950	3.66654	17.232	31.8487
1399550410.934	n	11.8962	3.66655	17.213	31.8478
1399550410.998	n	11.8974	3.66655	17.192	31.8467
1399550411.061	n	11.8986	3.66654	17.173	31.8457
1399550411.123	n	11.8998	3.66653	17.152	31.8446
1399550411.186	n	11.9009	3.66653	17.133	31.8435
1399550411.248	n	11.9021	3.66653	17.114	31.8425
1399550411.310	n	11.9032	3.66653	17.092	31.8416
1399550411.373	n	11.9044	3.66653	17.069	31.8407
1399550411.438	n	11.9054	3.66653	17.048	31.8397
1399550411.498	n	11.9065	3.66652	17.028	31.8388
1399550411.560	n	11.9075	3.66652	17.007	31.8379
1399550411.623	n	11.9085	3.66652	16.990	31.8371
1399550411.685	n	11.9095	3.66652	16.970	31.8362
1399550411.747	n	11.9104	3.66652	16.948	31.8354
1399550411.809	n	11.9114	3.66652	16.924	31.8346
1399550411.873	n	11.9123	3.66652	16.902	31.8339
1399550411.936	n	11.9131	3.66652	16.882	31.8332
1399550411.998	n	11.9140	3.66653	16.866	31.8325
1399550412.061	n	11.9148	3.66653	16.841	31.8318
1399550412.123	n	11.9156	3.66653	16.819	31.8312
1399550412.185	n	11.9164	3.66652	16.797	31.8304
1399550412.247	n	11.9172	3.66652	16.779	31.8298
1399550412.311	n	11.9179	3.66653	16.756	31.8292
1399550412.373	n	11.9186	3.66652	16.735	31.8285
1399550412.438	n	11.9193	3.66651	16.719	31.8278
1399550412.497	n	11.9200	3.66650	16.698	31.8272
1399550412.560	n	11.9206	3.66650	16.673	31.8266
1399550412.623	n	11.9212	3.66650	16.653	31.8261
1399550412.685	n	11.9218	3.66649	16.635	31.8256
1399550412.748	n	11.9224	3.66648	16.616	31.8250
1399550412.810	n	11.9230	3.66648	16.598	31.8245
1399550412.872	n	11.9235	3.66648	16.573	31.8240
1399550412.934	n	11.9240	3.66648	16.554	31.8236
1399550412.999	n	11.9246	3.66648	16.536	31.8232
1399550413.059	n	11.9251	3.66648	16.517	31.8227
1399550413.124	n	11.9256	3.66648	16.494	31.8223
1399550413.186	n	11.9260	3.66648	16.470	31.8220
1399550413.247	n	11.9265	3.66649	16.451	31.8216
1399550413.310	n	11.9269	3.66650	16.432	31.8213
1399550413.374	n	11.9274	3.66650	16.412	31.8210
1399550413.435	n	11.9279	3.66649	16.389	31.8205
1399550413.497	n	11.9283	3.66649	16.370	31.8201
1399550413.560	n	11.9287	3.66649	16.350	31.8197
1399550413.624	n	11.9291	3.66647	16.330	31.8193
1399550413.686	n	11.9294	3.66646	16.311	31.8189
1399550413.748	n	11.9298	3.66646	16.288	31.8185
1399550413.810	n	11.9303	3.66645	16.269	31.8181
1399550413.872	n	11.9307	3.66645	16.246	31.8177
1399550413.936	n	11.9311	3.66646	16.226	31.8175
1399550413.998	n	11.9314	3.66647	16.205	31.8173
1399550414.060	y	11.9317	3.66647	16.185	31.8171
1399550414.122	n	11.9320	3.66647	16.164	31.8168
1399550414.186	n	11.9323	3.66646	16.144	31.8165
1399550414.247	n	11.9325	3.66645	16.122	31.8162
1399550414.311	n	11.9328	3.66645	16.099	31.8160
1399550414.374	n	11.9331	3.66645	16.079	31.8157
1399550414.628	y	11.9334	3.66645	16.059	31.8154
1399550414.642	n	11.9337	3.66645	16.040	31.8152
1399550414.648	n	11.9339	3.66644	16.021	31.8150
1399550414.654	n	11.9341	3.66644	16.000	31.8148
1399550414.686	n	11.9343	3.66644	15.981	31.8146
1399550414.747	n	11.9344	3.66643	15.964	31.8145
1399550414.811	n	11.9345	3.66643	15.943	31.8144
1399550414.872	n	11.9346	3.66643	15.921	31.8143
1399550414.935	n	11.9346	3.66643	15.906	31.8143
1399550414.998	n	11.9347	3.66643	15.886	31.8143
1399550415.059	n	11.9347	3.66643	15.864	31.8142
1399550415.124	n	11.9348	3.66643	15.845	31.8142
1399550415.185	n	11.9348	3.66642	15.829	31.8141
1399550415.247	n	11.9349	3.66641	15.810	31.8139
1399550415.310	n	11.9350	3.66640	15.787	31.8138
1399550415.373	n	11.9351	3.66640	15.767	31.8136
1399550415.435	n	11.9353	3.66641	15.747	31.8136
1399550415.497	n	11.9355	3.66641	15.729	31.8134
1399550415.561	n	11.9357	3.66641	15.711	31.8132
1399550415.622	n	11.9359	3.66640	15.689	31.8130
1399550415.684	n	11.9362	3.66639	15.669	31.8127
1399550415.748	n	11.9364	3.66638	15.648	31.8124
1399550415.810	n	11.9367	3.66637	15.628	31.8121
1399550415.873	n	11.9370	3.66637	15.610	31.8118
1399550415.935	n	11.9373	3.66637	15.586	31.8116
1399550415.998	n	11.9375	3.66637	15.567	31.8114
1399550416.060	n	11.9378	3.66638	15.548	31.8113
1399550416.122	n	11.9380	3.66637	15.529	31.8110
1399550416.186	n	11.9382	3.66637	15.503	31.8108
1399550416.249	n	11.9383	3.66636	15.486	31.8106
1399550416.309	n	11.9385	3.66636	15.465	31.8105
1399550416.372	n	11.9387	3.66636	15.444	31.8103
1399550416.436	n	11.9390	3.66636	15.427	31.8101
1399550416.498	n	11.9392	3.66636	15.405	31.8099
1399550416.561	n	11.9395	3.66635	15.384	31.8096
1399550416.624	n	11.9396	3.66635	15.364	31.8095
1399550416.685	n	11.9398	3.66635	15.343	31.8093
1399550416.747	n	11.9400	3.66634	15.324	31.8092
1399550416.811	n	11.9401	3.66635	15.304	31.8091
1399550416.873	n	11.9403	3.66636	15.286	31.8090
1399550416.936	n	11.9404	3.66636	15.262	31.8089
1399550416.998	n	11.9405	3.66636	15.244	31.8089
1399550417.061	n	11.9407	3.66636	15.226	31.8087
1399550417.123	n	11.9408	3.66635	15.206	31.8085
1399550417.186	n	11.9409	3.66635	15.189	31.8084
1399550417.247	n	11.9410	3.66634	15.170	31.8082
1399550417.311	n	11.9411	3.66633	15.147	31.8082
1399550417.372	n	11.9412	3.66634	15.128	31.8082
1399550417.436	n	11.9412	3.66634	15.111	31.8082
1399550417.498	n	11.9413	3.66634	15.085	31.8081
1399550417.561	n	11.9414	3.66634	15.068	31.8080
1399550417.624	n	11.9415	3.66634	15.049	31.8079
1399550417.686	y	11.9415	3.66633	15.028	31.8078
1399550417.748	n	11.9415	3.66633	15.010	31.8078
1399550417.811	n	11.9416	3.66633	14.991	31.8078
1399550417.874	n	11.9416	3.66633	14.969	31.8077
1399550417.935	n	11.9417	3.66632	14.950	31.8077
1399550417.998	n	11.9418	3.66632	14.929	31.8076
1399550418.060	n	11.9418	3.66632	14.910	31.8075
1399550418.124	n	11.9419	3.66632	14.891	31.8074
1399550418.185	n	11.9420	3.66632	14.871	31.8074
1399550418.248	n	11.9421	3.66633	14.848	31.8074
1399550418.311	n	11.9423	3.66633	14.830	31.8073
1399550418.374	n	11.9425	3.66633	14.810	31.8071
1399550418.435	n	11.9427	3.66632	14.789	31.8068
1399550418.498	n	11.9431	3.66632	14.767	31.8065
1399550418.560	n	11.9434	3.66631	14.744	31.8061
1399550418.623	n	11.9439	3.66630	14.722	31.8057
1399550418.870	y	11.9443	3.66631	14.703	31.8054
1399550418.878	n	11.9447	3.66631	14.684	31.8051
1399550418.884	n	11.9451	3.66632	14.663	31.8048
1399550418.889	n	11.9456	3.66632	14.647	31.8044
1399550418.936	n	11.9462	3.66632	14.626	31.8039
1399550418.998	n	11.9468	3.66632	14.602	31.8034
1399550419.060	n	11.9474	3.66632	14.585	31.8028
1399550419.123	n	11.9480	3.66631	14.567	31.8022
1399550419.187	n	11.9487	3.66631	14.546	31.8017
1399550419.249	n	11.9493	3.66631	14.526	31.8012
1399550419.309	n	11.9499	3.66631	14.506	31.8007
1399550419.373	n	11.9505	3.66631	14.485	31.8002
1399550419.436	n	11.9510	3.66631	14.468	31.7998
1399550419.498	n	11.9516	3.66632	14.447	31.7994
1399550419.560	n	11.9520	3.66632	14.429	31.7989
1399550419.624	n	11.9525	3.66632	14.409	31.7986
1399550419.685	n	11.9529	3.66632	14.389	31.7983
1399550419.748	n	11.9534	3.66633	14.367	31.7980
1399550419.811	n	11.9537	3.66632	14.351	31.7976
1399550419.872	n	11.9541	3.66633	14.328	31.7974
1399550419.935	n	11.9543	3.66633	14.306	31.7971
1399550419.998	n	11.9545	3.66632	14.290	31.7969
1399550420.060	n	11.9547	3.66632	14.267	31.7968
1399550420.124	n	11.9549	3.66632	14.244	31.7966
1399550420.186	n	11.9551	3.66631	14.225	31.7964
1399550420.248	n	11.9552	3.66631	14.199	31.7963
1399550420.311	n	11.9553	3.66631	14.184	31.7962
1399550420.374	n	11.9555	3.66631	14.161	31.7961
1399550420.536	y	11.9556	3.66631	14.139	31.7959
1399550420.542	n	11.9558	3.66631	14.118	31.7958
1399550420.560	n	11.9559	3.66631	14.098	31.7957
1399550420.623	n	11.9561	3.66631	14.072	31.7956
1399550420.685	n	11.9563	3.66630	14.052	31.7953
1399550420.748	n	11.9566	3.66630	14.031	31.7950
1399550420.810	n	11.9569	3.66629	14.007	31.7947
1399550420.874	n	11.9572	3.66629	13.984	31.7945
1399550420.935	n	11.9575	3.66630	13.965	31.7943
1399550420.997	n	11.9579	3.66630	13.944	31.7940
1399550421.059	n	11.9584	3.66630	13.922	31.7936
1399550421.123	n	11.9588	3.66630	13.902	31.7932
1399550421.186	n	11.9593	3.66630	13.883	31.7928
1399550421.248	n	11.9599	3.66630	13.859	31.7923
1399550421.310	y	11.9605	3.66630	13.838	31.7918
1399550421.372	n	11.9611	3.66630	13.817	31.7913
1399550421.435	n	11.9616	3.66630	13.795	31.7909
1399550421.498	n	11.9622	3.66631	13.774	31.7905
1399550421.559	n	11.9628	3.66632	13.756	31.7901
1399550421.623	n	11.9633	3.66633	13.736	31.7898
1399550421.685	n	11.9638	3.66633	13.718	31.7893
1399550421.748	n	11.9644	3.66633	13.693	31.7889
1399550421.810	n	11.9649	3.66633	13.673	31.7884
1399550421.873	n	11.9655	3.66633	13.650	31.7879
1399550421.936	n	11.9660	3.66632	13.631	31.7874
1399550421.998	n	11.9665	3.66632	13.609	31.7869
1399550422.061	n	11.9671	3.66632	13.584	31.7865
1399550422.122	n	11.9677	3.66631	13.566	31.7859
1399550422.185	n	11.9682	3.66631	13.544	31.7855
1399550422.248	n	11.9687	3.66632	13.525	31.7851
1399550422.310	n	11.9692	3.66632	13.501	31.7847
1399550422.374	n	11.9698	3.66633	13.480	31.7843
1399550422.435	n	11.9703	3.66632	13.459	31.7839
1399550422.498	n	11.9709	3.66632	13.438	31.7834
1399550422.561	n	11.9714	3.66632	13.413	31.7829
1399550422.624	n	11.9720	3.66632	13.394	31.7824
1399550422.686	n	11.9726	3.66632	13.371	31.7819
1399550422.749	n	11.9731	3.66632	13.346	31.7814
1399550422.810	n	11.9737	3.66631	13.327	31.7809
1399550422.874	n	11.9742	3.66630	13.308	31.7803
1399550423.053	y	11.9748	3.66630	13.285	31.7798
1399550423.058	n	11.9753	3.66630	13.263	31.7794
1399550423.064	n	11.9759	3.66630	13.242	31.7790
1399550423.123	n	11.9764	3.66630	13.217	31.7786
1399550423.185	n	11.9769	3.66631	13.197	31.7782
1399550423.249	n	11.9774	3.66631	13.177	31.7778
1399550423.310	n	11.9779	3.66631	13.156	31.7774
1399550423.374	n	11.9784	3.66632	13.137	31.7770
1399550423.435	n	11.9788	3.66631	13.116	31.7766
1399550423.497	n	11.9792	3.66631	13.097	31.7763
1399550423.560	n	11.9797	3.66632	13.074	31.7760
1399550423.624	n	11.9801	3.66634	13.051	31.7757
1399550423.686	n	11.9806	3.66634	13.034	31.7755
1399550423.748	n	11.9810	3.66635	13.012	31.7752
1399550423.811	n	11.9814	3.66634	12.990	31.7748
1399550423.874	n	11.9817	3.66634	12.972	31.7744
1399550423.935	n	11.9821	3.66634	12.948	31.7741
1399550423.998	n	11.9824	3.66634	12.928	31.7739
1399550424.061	n	11.9828	3.66635	12.911	31.7737
1399550424.122	n	11.9831	3.66636	12.888	31.7735
1399550424.185	n	11.9835	3.66636	12.868	31.7732
1399550424.247	n	11.9838	3.66635	12.846	31.7729
1399550424.310	n	11.9841	3.66633	12.828	31.7725
1399550424.372	n	11.9844	3.66633	12.807	31.7721
1399550424.435	n	11.9847	3.66633	12.784	31.7719
1399550424.498	n	11.9851	3.66634	12.764	31.7716
1399550424.560	n	11.9855	3.66634	12.743	31.7713
1399550424.623	n	11.9859	3.66634	12.721	31.7710
1399550424.686	n	11.9864	3.66634	12.700	31.7706
1399550424.748	n	11.9870	3.66634	12.681	31.7701
1399550424.810	n	11.9879	3.66635	12.659	31.7695
1399550424.874	n	11.9889	3.66635	12.640	31.7686
1399550424.935	n	11.9903	3.66636	12.618	31.7675
1399550424.999	n	11.9920	3.66636	12.597	31.7661
1399550425.061	y	11.9941	3.66637	12.578	31.7644
1399550425.123	n	11.9965	3.66637	12.559	31.7623
1399550425.186	n	11.9994	3.66639	12.537	31.7601
1399550425.248	n	12.0026	3.66640	12.515	31.7575
1399550425.311	n	12.0061	3.66642	12.493	31.7547
1399550425.373	n	12.0098	3.66643	12.474	31.7516
1399550425.435	n	12.0138	3.66643	12.455	31.7483
1399550425.498	n	12.0179	3.66644	12.434	31.7448
1399550425.560	n	12.0223	3.66646	12.412	31.7413
1399550425.622	n	12.0266	3.66647	12.395	31.7377
1399550425.684	n	12.0311	3.66648	12.376	31.7341
1399550425.749	n	12.0355	3.66650	12.356	31.7305
1399550425.811	n	12.0400	3.66651	12.334	31.7268
1399550425.873	n	12.0445	3.66653	12.315	31.7232
1399550425.936	n	12.0489	3.66654	12.299	31.7195
1399550425.998	n	12.0532	3.66654	12.278	31.7159
1399550426.060	n	12.0574	3.66654	12.258	31.7124
1399550426.123	n	12.0615	3.66656	12.239	31.7090
1399550426.186	n	12.0656	3.66658	12.223	31.7057
1399550426.248	n	12.0695	3.66660	12.205	31.7026
1399550426.310	n	12.0734	3.66662	12.182	31.6995
1399550426.374	n	12.0770	3.66663	12.160	31.6966
1399550426.435	n	12.0804	3.66664	12.143	31.6937
1399550426.499	n	12.0837	3.66665	12.125	31.6910
1399550426.562	n	12.0869	3.66665	12.105	31.6884
1399550426.622	n	12.0900	3.66666	12.088	31.6858
1399550426.685	n	12.0931	3.66666	12.068	31.6833
1399550426.747	n	12.0959	3.66666	12.050	31.6809
1399550426.811	n	12.0987	3.66666	12.026	31.6785
1399550426.874	n	12.1012	3.66666	12.009	31.6764
1399550427.067	y	12.1038	3.66668	11.992	31.6744
1399550427.073	n	12.1062	3.66669	11.971	31.6725
1399550427.079	n	12.1086	3.66671	11.951	31.6706
1399550427.122	n	12.1110	3.66671	11.933	31.6687
1399550427.186	n	12.1132	3.66671	11.916	31.6668
1399550427.247	n	12.1153	3.66672	11.892	31.6650
1399550427.310	n	12.1174	3.66672	11.874	31.6633
1399550427.372	n	12.1195	3.66674	11.855	31.6617
1399550427.435	n	12.1215	3.66675	11.835	31.6601
1399550427.497	n	12.1235	3.66675	11.813	31.6584
1399550427.560	n	12.1254	3.66674	11.793	31.6568
1399550427.625	n	12.1273	3.66674	11.774	31.6552
1399550427.685	n	12.1292	3.66676	11.757	31.6537
1399550427.749	n	12.1309	3.66677	11.739	31.6523
1399550427.810	n	12.1327	3.66677	11.721	31.6509
1399550427.874	n	12.1344	3.66677	11.704	31.6494
1399550427.934	n	12.1361	3.66677	11.683	31.6480
1399550427.998	n	12.1378	3.66678	11.662	31.6466
1399550428.062	n	12.1395	3.66679	11.642	31.6453
1399550428.122	n	12.1412	3.66679	11.622	31.6439
1399550428.184	n	12.1428	3.66679	11.603	31.6425
1399550428.247	n	12.1444	3.66679	11.589	31.6412
1399550428.310	n	12.1459	3.66679	11.566	31.6399
1399550428.374	n	12.1475	3.66679	11.543	31.6386
1399550428.436	n	12.1490	3.66679	11.527	31.6374
1399550428.498	n	12.1505	3.66681	11.504	31.6362
1399550428.560	n	12.1521	3.66682	11.487	31.6350
1399550428.671	y	12.1536	3.66683	11.468	31.6338
1399550428.686	n	12.1552	3.66684	11.447	31.6326
1399550428.748	n	12.1567	3.66683	11.425	31.6313
1399550428.811	n	12.1582	3.66683	11.401	31.6301
1399550428.874	n	12.1596	3.66684	11.384	31.6289
1399550428.935	n	12.1610	3.66684	11.358	31.6277
1399550428.998	n	12.1625	3.66685	11.336	31.6266
1399550429.060	n	12.1639	3.66685	11.318	31.6254
1399550429.124	n	12.1653	3.66684	11.296	31.6241
1399550429.186	n	12.1667	3.66684	11.273	31.6229
1399550429.248	n	12.1681	3.66684	11.250	31.6218
1399550429.312	n	12.1695	3.66684	11.228	31.6207
1399550429.373	n	12.1708	3.66686	11.209	31.6197
1399550429.436	n	12.1722	3.66686	11.188	31.6186
1399550429.498	n	12.1735	3.66687	11.166	31.6175
1399550429.561	n	12.1748	3.66688	11.148	31.6165
1399550429.624	n	12.1761	3.66687	11.125	31.6154
1399550429.687	n	12.1774	3.66686	11.100	31.6142
1399550429.749	n	12.1786	3.66686	11.082	31.6132
1399550429.811	n	12.1797	3.66686	11.064	31.6122
1399550429.873	n	12.1809	3.66687	11.043	31.6113
1399550429.935	n	12.1821	3.66688	11.021	31.6105
1399550429.998	n	12.1832	3.66688	10.999	31.6096
1399550430.061	n	12.1843	3.66689	10.976	31.6087
1399550430.123	n	12.1853	3.66690	10.958	31.6080
1399550430.185	n	12.1862	3.66691	10.939	31.6073
1399550430.248	n	12.1871	3.66691	10.917	31.6065
1399550430.310	n	12.1880	3.66692	10.894	31.6058
1399550430.373	n	12.1888	3.66691	10.872	31.6051
1399550430.434	n	12.1896	3.66690	10.850	31.6044
1399550430.499	n	12.1903	3.66690	10.829	31.6038
1399550430.559	n	12.1909	3.66690	10.806	31.6033
1399550430.623	n	12.1914	3.66690	10.789	31.6029
1399550430.689	n	12.1918	3.66690	10.766	31.6026
1399550430.747	n	12.1921	3.66690	10.746	31.6023
1399550430.810	n	12.1923	3.66689	10.726	31.6020
1399550430.873	n	12.1926	3.66690	10.701	31.6019
1399550430.936	n	12.1929	3.66690	10.680	31.6017
1399550430.998	n	12.1932	3.66691	10.657	31.6015
1399550431.061	n	12.1936	3.66691	10.640	31.6012
1399550431.124	n	12.1942	3.66691	10.617	31.6007
1399550431.324	y	12.1949	3.66692	10.599	31.6001
1399550431.334	y	12.1958	3.66692	10.577	31.5994
1399550431.341	n	12.1970	3.66693	10.559	31.5985
1399550431.374	n	12.1984	3.66694	10.539	31.5974
1399550431.436	n	12.2000	3.66695	10.520	31.5961
1399550431.499	n	12.2018	3.66696	10.498	31.5948
1399550431.562	n	12.2036	3.66697	10.476	31.5934
1399550431.624	n	12.2055	3.66698	10.457	31.5919
1399550431.689	n	12.2074	3.66699	10.436	31.5903
1399550431.747	n	12.2095	3.66699	10.416	31.5886
1399550431.811	n	12.2116	3.66699	10.397	31.5868
1399550431.872	n	12.2136	3.66700	10.376	31.5852
1399550431.936	n	12.2156	3.66701	10.356	31.5836
1399550431.998	n	12.2175	3.66702	10.339	31.5822
1399550432.061	n	12.2194	3.66704	10.319	31.5808
1399550432.122	n	12.2212	3.66704	10.298	31.5793
1399550432.185	n	12.2230	3.66704	10.277	31.5777
1399550432.247	n	12.2247	3.66705	10.254	31.5763
1399550432.310	y	12.2264	3.66705	10.236	31.5750
1399550432.373	n	12.2280	3.66706	10.217	31.5737
1399550432.436	n	12.2295	3.66707	10.197	31.5725
1399550432.498	n	12.2310	3.66706	10.179	31.5713
1399550432.562	n	12.2324	3.66706	10.160	31.5700
1399550432.623	n	12.2338	3.66706	10.140	31.5688
1399550432.690	n	12.2352	3.66706	10.119	31.5677
1399550432.747	n	12.2365	3.66706	10.101	31.5666
1399550432.810	n	12.2378	3.66707	10.082	31.5657
1399550432.874	n	12.2389	3.66709	10.068	31.5649
1399550432.936	n	12.2400	3.66711	10.048	31.5642
1399550432.998	n	12.2411	3.66712	10.026	31.5633
1399550433.061	n	12.2421	3.66712	10.006	31.5625
1399550433.122	n	12.2432	3.66712	9.985	31.5616
1399550433.186	n	12.2442	3.66712	9.968	31.5608
1399550433.247	n	12.2451	3.66713	9.949	31.5600
1399550433.312	n	12.2460	3.66713	9.926	31.5593
1399550433.373	n	12.2467	3.66712	9.907	31.5586
1399550433.435	n	12.2475	3.66711	9.888	31.5579
1399550433.499	n	12.2481	3.66710	9.868	31.5573
1399550433.561	n	12.2488	3.66710	9.851	31.5568
1399550433.624	n	12.2495	3.66711	9.829	31.5562
1399550433.685	n	12.2501	3.66712	9.807	31.5558
1399550433.748	n	12.2507	3.66713	9.787	31.5555
1399550433.812	n	12.2512	3.66714	9.768	31.5551
1399550433.873	n	12.2516	3.66715	9.748	31.5549
1399550433.935	n	12.2519	3.66715	9.728	31.5546
1399550433.998	n	12.2521	3.66715	9.710	31.5545
1399550434.061	n	12.2523	3.66714	9.691	31.5543
1399550434.124	n	12.2523	3.66714	9.666	31.5542
1399550434.186	n	12.2523	3.66714	9.649	31.5542
1399550434.249	n	12.2522	3.66714	9.631	31.5544
1399550434.312	n	12.2519	3.66715	9.610	31.5547
1399550434.373	n	12.2514	3.66715	9.593	31.5551
1399550434.436	n	12.2509	3.66715	9.568	31.5555
1399550434.498	n	12.2503	3.66714	9.548	31.5560
1399550434.562	n	12.2496	3.66714	9.530	31.5565
1399550434.622	n	12.2489	3.66714	9.507	31.5571
1399550434.685	n	12.2481	3.66714	9.490	31.5579
1399550434.747	n	12.2473	3.66716	9.469	31.5587
1399550434.811	n	12.2466	3.66717	9.448	31.5594
1399550434.874	n	12.2459	3.66718	9.431	31.5601
1399550434.934	n	12.2455	3.66718	9.412	31.5605
1399550434.998	n	12.2451	3.66718	9.393	31.5607
1399550435.062	n	12.2450	3.66717	9.371	31.5608
1399550435.123	n	12.2451	3.66716	9.353	31.5607
1399550435.185	n	12.2453	3.66716	9.335	31.5604
1399550435.248	n	12.2458	3.66716	9.319	31.5601
1399550435.311	n	12.2465	3.66716	9.298	31.5595
1399550435.373	n	12.2474	3.66717	9.279	31.5588
1399550435.637	y	12.2484	3.66718	9.260	31.5581
1399550435.645	n	12.2496	3.66720	9.242	31.5572
1399550435.651	n	12.2509	3.66721	9.224	31.5563
1399550435.656	n	12.2522	3.66722	9.203	31.5553
1399550435.686	n	12.2536	3.66722	9.183	31.5541
1399550435.749	n	12.2551	3.66723	9.163	31.5529
1399550435.812	n	12.2566	3.66724	9.146	31.5518
1399550435.936	y	12.2580	3.66725	9.128	31.5507
1399550435.942	n	12.2594	3.66726	9.105	31.5496
1399550435.999	y	12.2609	3.66728	9.088	31.5486
1399550436.060	n	12.2622	3.66729	9.070	31.5476
1399550436.124	n	12.2635	3.66730	9.051	31.5466
1399550436.185	n	12.2646	3.66731	9.030	31.5457
1399550436.248	n	12.2657	3.66731	9.010	31.5449
1399550436.311	n	12.2667	3.66731	8.994	31.5440
1399550436.372	n	12.2675	3.66731	8.973	31.5433
1399550436.434	n	12.2682	3.66731	8.956	31.5427
1399550436.498	n	12.2689	3.66732	8.939	31.5423
1399550436.560	n	12.2693	3.66732	8.920	31.5419
1399550436.623	n	12.2696	3.66733	8.900	31.5418
1399550436.685	n	12.2697	3.66733	8.877	31.5417
1399550436.747	n	12.2696	3.66733	8.857	31.5418
1399550436.811	n	12.2693	3.66733	8.841	31.5420
1399550436.874	n	12.2689	3.66733	8.822	31.5424
1399550436.936	n	12.2682	3.66734	8.804	31.5430
1399550436.998	n	12.2675	3.66735	8.786	31.5438
1399550437.060	n	12.2666	3.66735	8.766	31.5446
1399550437.124	n	12.2656	3.66734	8.747	31.5454
1399550437.185	n	12.2645	3.66734	8.726	31.5463
1399550437.248	n	12.2633	3.66733	8.709	31.5472
1399550437.311	n	12.2621	3.66733	8.691	31.5482
1399550437.373	n	12.2607	3.66733	8.670	31.5494
1399550437.435	n	12.2593	3.66734	8.651	31.5506
1399550437.499	n	12.2579	3.66734	8.634	31.5518
1399550437.562	n	12.2564	3.66734	8.615	31.5531
1399550437.623	n	12.2549	3.66734	8.594	31.5544
1399550437.686	n	12.2534	3.66733	8.573	31.5556
1399550437.747	n	12.2519	3.66734	8.554	31.5569
1399550437.810	n	12.2505	3.66734	8.535	31.5581
1399550437.873	n	12.2492	3.66735	8.514	31.5593
1399550437.935	n	12.2480	3.66737	8.497	31.5605
1399550437.997	n	12.2469	3.66738	8.477	31.5615
1399550438.061	n	12.2461	3.66738	8.457	31.5622
1399550438.122	n	12.2456	3.66739	8.438	31.5628
1399550438.186	n	12.2453	3.66739	8.419	31.5631
1399550438.249	n	12.2452	3.66740	8.400	31.5633
1399550438.310	n	12.2454	3.66742	8.378	31.5632
1399550438.373	n	12.2458	3.66742	8.355	31.5630
1399550438.435	n	12.2464	3.66743	8.336	31.5626
1399550438.498	n	12.2471	3.66744	8.318	31.5620
1399550438.561	n	12.2481	3.66745	8.295	31.5613
1399550438.623	n	12.2492	3.66746	8.275	31.5605
1399550438.687	n	12.2504	3.66746	8.254	31.5594
1399550438.748	n	12.2518	3.66747	8.233	31.5584
1399550438.811	n	12.2533	3.66748	8.213	31.5573
1399550438.873	n	12.2548	3.66749	8.187	31.5561
1399550438.935	n	12.2564	3.66751	8.168	31.5549
1399550438.998	n	12.2581	3.66751	8.147	31.5536
1399550439.061	n	12.2597	3.66751	8.126	31.5522
1399550439.122	n	12.2613	3.66751	8.106	31.5508
1399550439.186	n	12.2629	3.66752	8.085	31.5496
1399550439.249	n	12.2643	3.66753	8.065	31.5485
1399550439.311	n	12.2657	3.66755	8.046	31.5475
1399550439.374	n	12.2670	3.66757	8.022	31.5466
1399550439.436	n	12.2682	3.66757	8.007	31.5456
1399550439.498	n	12.2692	3.66757	7.986	31.5448
1399550439.638	y	12.2701	3.66758	7.961	31.5441
1399550439.643	n	12.2707	3.66759	7.942	31.5438
1399550439.783	y	12.2710	3.66761	7.922	31.5436
1399550439.790	n	12.2713	3.66762	7.903	31.5436
1399550439.811	n	12.2713	3.66762	7.885	31.5435
1399550439.872	n	12.2712	3.66762	7.861	31.5436
1399550439.936	n	12.2711	3.66763	7.839	31.5438
1399550439.999	n	12.2708	3.66762	7.820	31.5440
1399550440.060	n	12.2704	3.66762	7.800	31.5443
1399550440.124	n	12.2699	3.66761	7.780	31.5446
1399550440.185	n	12.2694	3.66761	7.762	31.5451
1399550440.248	n	12.2688	3.66761	7.742	31.5457
1399550440.311	n	12.2681	3.66763	7.721	31.5464
1399550440.374	n	12.2674	3.66763	7.704	31.5470
1399550440.435	n	12.2665	3.66764	7.687	31.5478
1399550440.498	n	12.2657	3.66765	7.666	31.5486
1399550440.560	n	12.2648	3.66766	7.646	31.5495
1399550440.624	n	12.2637	3.66767	7.624	31.5505
1399550440.686	n	12.2626	3.66767	7.607	31.5514
1399550440.748	n	12.2614	3.66767	7.586	31.5525
1399550440.813	n	12.2601	3.66769	7.565	31.5538
1399550440.872	n	12.2586	3.66770	7.547	31.5551
1399550440.936	n	12.2572	3.66771	7.525	31.5564
1399550440.998	n	12.2560	3.66771	7.508	31.5574
1399550441.061	n	12.2553	3.66772	7.489	31.5581
1399550441.123	n	12.2552	3.66773	7.470	31.5583
1399550441.186	n	12.2559	3.66775	7.453	31.5580
1399550441.247	n	12.2574	3.66778	7.435	31.5570
1399550441.310	n	12.2599	3.66781	7.417	31.5552
1399550441.374	n	12.2631	3.66783	7.398	31.5527
1399550441.436	n	12.2669	3.66786	7.373	31.5497
1399550441.499	n	12.2712	3.66788	7.355	31.5463
1399550441.560	n	12.2759	3.66791	7.340	31.5427
1399550441.624	n	12.2807	3.66794	7.321	31.5389
1399550441.686	n	12.2857	3.66797	7.303	31.5350
1399550441.749	n	12.2907	3.66799	7.286	31.5310
1399550441.810	n	12.2956	3.66802	7.267	31.5272
1399550441.873	n	12.3004	3.66805	7.253	31.5234
1399550441.935	n	12.3052	3.66808	7.233	31.5197
1399550441.997	n	12.3099	3.66811	7.217	31.5160
1399550442.061	n	12.3145	3.66813	7.199	31.5123
1399550442.122	y	12.3190	3.66815	7.182	31.5087
1399550442.186	n	12.3234	3.66817	7.165	31.5052
1399550442.248	n	12.3277	3.66818	7.147	31.5018
1399550442.310	n	12.3319	3.66821	7.131	31.4984
1399550442.374	n	12.3360	3.66824	7.112	31.4953
1399550442.436	n	12.3401	3.66827	7.096	31.4922
1399550442.498	n	12.3441	3.66829	7.078	31.4891
1399550442.562	n	12.3480	3.66832	7.061	31.4860
1399550442.623	n	12.3519	3.66834	7.043	31.4829
1399550442.685	n	12.3558	3.66835	7.023	31.4798
1399550442.748	n	12.3596	3.66836	7.004	31.4768
1399550442.811	n	12.3634	3.66837	6.991	31.4736
1399550442.873	n	12.3673	3.66838	6.974	31.4705
1399550442.936	n	12.3729	3.66855	6.952	31.4674
1399550442.999	n	12.3971	3.66939	6.934	31.4552
1399550443.060	n	12.4607	3.67431	6.916	31.4487
1399550443.123	n	12.5642	3.68344	6.898	31.4489
1399550443.185	n	12.6887	3.69476	6.879	31.4524
1399550443.317	y	12.8056	3.70544	6.860	31.4559
1399550443.324	n	12.8877	3.71283	6.842	31.4573
1399550443.373	n	12.9320	3.71559	6.825	31.4465
1399550443.435	n	12.9540	3.71662	6.805	31.4379
1399550443.497	n	12.9647	3.71712	6.784	31.4337
1399550443.561	n	12.9689	3.71739	6.762	31.4328
1399550443.624	n	12.9675	3.71753	6.747	31.4353
1399550443.685	n	12.9634	3.71759	6.729	31.4393
1399550443.749	n	12.9603	3.71766	6.714	31.4425
1399550443.812	n	12.9605	3.71776	6.690	31.4433
1399550443.873	n	12.9643	3.71789	6.669	31.4414
1399550444.049	y	12.9691	3.71803	6.651	31.4386
1399550444.055	n	12.9705	3.71812	6.632	31.4383
1399550444.063	n	12.9671	3.71815	6.614	31.4415
1399550444.122	n	12.9606	3.71815	6.594	31.4469
1399550444.186	n	12.9537	3.71814	6.573	31.4526
1399550444.247	n	12.9486	3.71810	6.557	31.4565
1399550444.310	n	12.9463	3.71807	6.533	31.4581
1399550444.373	n	12.9461	3.71805	6.519	31.4580
1399550444.435	n	12.9469	3.71806	6.501	31.4575
1399550444.498	n	12.9476	3.71809	6.477	31.4572
1399550444.561	n	12.9481	3.71811	6.459	31.4569
1399550444.624	n	12.9494	3.71812	6.437	31.4559
1399550444.685	n	12.9525	3.71814	6.418	31.4536
1399550444.749	n	12.9574	3.71817	6.400	31.4498
1399550444.810	n	12.9638	3.71824	6.378	31.4452
1399550444.873	n	12.9707	3.71831	6.359	31.4401
1399550444.935	n	12.9767	3.71837	6.341	31.4357
1399550444.997	n	12.9813	3.71842	6.321	31.4324
1399550445.061	n	12.9844	3.71847	6.300	31.4302
1399550445.125	n	12.9859	3.71848	6.280	31.4291
1399550445.185	n	12.9857	3.71847	6.264	31.4293
1399550445.249	n	12.9842	3.71844	6.243	31.4302
1399550445.310	n	12.9822	3.71840	6.222	31.4315
1399550445.374	n	12.9799	3.71836	6.204	31.4330
1399550445.436	n	12.9781	3.71833	6.186	31.4342
1399550445.499	n	12.9770	3.71831	6.161	31.4350
1399550445.561	n	12.9759	3.71826	6.143	31.4354
1399550445.623	n	12.9749	3.71816	6.125	31.4353
1399550445.685	n	12.9740	3.71807	6.104	31.4352
1399550445.747	n	12.9726	3.71798	6.085	31.4356
1399550445.812	n	12.9706	3.71791	6.065	31.4366
1399550445.874	n	12.9688	3.71786	6.042	31.4375
1399550445.935	n	12.9678	3.71781	6.023	31.4379
1399550445.997	n	12.9680	3.71777	6.002	31.4374
1399550446.062	n	12.9693	3.71778	5.981	31.4365
1399550446.122	n	12.9710	3.71782	5.960	31.4355
1399550446.186	n	12.9726	3.71786	5.939	31.4345
1399550446.248	n	12.9737	3.71790	5.919	31.4339
1399550446.313	n	12.9745	3.71792	5.900	31.4335
1399550446.375	n	12.9752	3.71793	5.879	31.4329
1399550446.436	n	12.9762	3.71793	5.858	31.4321
1399550446.498	n	12.9775	3.71791	5.838	31.4309
1399550446.560	n	12.9793	3.71790	5.815	31.4294
1399550446.623	n	12.9811	3.71790	5.794	31.4278
1399550446.685	n	12.9837	3.71790	5.775	31.4257
1399550446.747	n	12.9874	3.71791	5.757	31.4228
1399550446.811	n	12.9912	3.71794	5.733	31.4198
1399550446.874	n	12.9946	3.71794	5.714	31.4171
1399550446.935	n	12.9971	3.71791	5.691	31.4147
1399550447.022	y	12.9989	3.71785	5.669	31.4126
1399550447.060	n	13.0010	3.71777	5.647	31.4101
1399550447.123	n	13.0038	3.71769	5.626	31.4071
1399550447.185	n	13.0063	3.71764	5.608	31.4046
1399550447.248	n	13.0084	3.71764	5.590	31.4029
1399550447.310	n	13.0102	3.71765	5.569	31.4015
1399550447.373	n	13.0118	3.71766	5.546	31.4002
1399550447.435	n	13.0132	3.71763	5.527	31.3988
1399550447.499	n	13.0143	3.71758	5.510	31.3974
1399550447.560	n	13.0151	3.71752	5.489	31.3962
1399550447.623	n	13.0154	3.71747	5.469	31.3956
1399550447.686	n	13.0155	3.71744	5.448	31.3951
1399550447.749	n	13.0159	3.71738	5.428	31.3943
1399550447.810	n	13.0165	3.71728	5.409	31.3928
1399550447.874	n	13.0171	3.71716	5.392	31.3911
1399550447.936	n	13.0179	3.71701	5.370	31.3892
1399550447.998	n	13.0186	3.71688	5.352	31.3873
1399550448.060	n	13.0195	3.71676	5.334	31.3855
1399550448.123	n	13.0207	3.71666	5.316	31.3836
1399550448.363	y	13.0219	3.71660	5.296	31.3820
1399550448.371	n	13.0225	3.71656	5.275	31.3812
1399550448.377	n	13.0224	3.71655	5.259	31.3812
1399550448.383	n	13.0220	3.71659	5.239	31.3819
1399550448.435	n	13.0215	3.71664	5.221	31.3828
1399550448.497	n	13.0211	3.71668	5.204	31.3835
1399550448.561	n	13.0207	3.71671	5.187	31.3841
1399550448.623	n	13.0201	3.71671	5.171	31.3846
1399550448.686	n	13.0194	3.71670	5.154	31.3851
1399550448.747	n	13.0187	3.71668	5.135	31.3855
1399550448.810	n	13.0185	3.71667	5.116	31.3855
1399550448.874	n	13.0188	3.71664	5.098	31.3850
1399550448.935	n	13.0192	3.71662	5.078	31.3846
1399550448.999	n	13.0195	3.71661	5.063	31.3842
1399550449.061	n	13.0198	3.71662	5.047	31.3840
1399550449.124	n	13.0202	3.71666	5.030	31.3841
1399550449.185	n	13.0208	3.71667	5.012	31.3837
1399550449.248	n	13.0216	3.71665	4.995	31.3828
1399550449.312	n	13.0224	3.71660	4.979	31.3817
1399550449.373	n	13.0231	3.71650	4.963	31.3802
1399550449.435	n	13.0235	3.71637	4.944	31.3786
1399550449.498	n	13.0238	3.71619	4.927	31.3768
1399550449.562	n	13.0239	3.71597	4.911	31.3746
1399550449.623	n	13.0240	3.71574	4.898	31.3723
1399550449.685	n	13.0240	3.71554	4.880	31.3705
1399550449.749	n	13.0240	3.71540	4.863	31.3692
1399550449.814	n	13.0239	3.71535	4.844	31.3688
1399550449.874	n	13.0239	3.71534	4.828	31.3687
1399550449.935	n	13.0238	3.71533	4.815	31.3686
1399550449.998	n	13.0238	3.71531	4.797	31.3685
1399550450.060	n	13.0238	3.71527	4.778	31.3682
1399550450.124	n	13.0237	3.71521	4.763	31.3677
1399550450.186	n	13.0236	3.71516	4.745	31.3673
1399550450.249	n	13.0236	3.71512	4.727	31.3670
1399550450.311	n	13.0235	3.71507	4.710	31.3665
1399550450.373	n	13.0234	3.71502	4.698	31.3661
1399550450.436	n	13.0233	3.71499	4.679	31.3659
1399550450.498	n	13.0232	3.71497	4.663	31.3658
1399550450.560	y	13.0231	3.71495	4.649	31.3657
1399550450.623	n	13.0232	3.71492	4.627	31.3654
1399550450.685	n	13.0233	3.71489	4.610	31.3650
1399550450.747	n	13.0235	3.71484	4.597	31.3645
1399550450.810	n	13.0236	3.71480	4.580	31.3640
1399550450.874	n	13.0236	3.71477	4.560	31.3638
1399550450.936	n	13.0236	3.71477	4.543	31.3638
1399550451.161	y	13.0235	3.71478	4.528	31.3639
1399550451.169	n	13.0233	3.71478	4.514	31.3640
1399550451.174	n	13.0232	3.71477	4.499	31.3641
1399550451.186	n	13.0231	3.71475	4.480	31.3640
1399550451.249	n	13.0230	3.71473	4.466	31.3639
1399550451.310	n	13.0229	3.71470	4.445	31.3637
1399550451.372	n	13.0228	3.71467	4.431	31.3635
1399550451.436	n	13.0228	3.71462	4.412	31.3631
1399550451.498	n	13.0228	3.71456	4.395	31.3625
1399550451.560	n	13.0228	3.71452	4.378	31.3621
1399550451.624	n	13.0227	3.71449	4.361	31.3619
1399550451.685	n	13.0225	3.71445	4.343	31.3617
1399550451.749	n	13.0221	3.71439	4.328	31.3615
1399550451.811	n	13.0216	3.71427	4.311	31.3609
1399550451.872	n	13.0211	3.71415	4.288	31.3600
1399550451.936	n	13.0207	3.71403	4.271	31.3593
1399550451.998	n	13.0205	3.71396	4.254	31.3588
1399550452.062	n	13.0204	3.71394	4.239	31.3587
1399550452.124	n	13.0202	3.71394	4.222	31.3588
1399550452.187	n	13.0201	3.71393	4.205	31.3589
1399550452.249	n	13.0201	3.71394	4.184	31.3589
1399550452.312	n	13.0201	3.71394	4.167	31.3589
1399550452.373	n	13.0201	3.71394	4.151	31.3589
1399550452.541	y	13.0200	3.71393	4.134	31.3589
1399550452.546	n	13.0199	3.71392	4.118	31.3589
1399550452.562	n	13.0199	3.71390	4.102	31.3588
1399550452.623	n	13.0199	3.71389	4.084	31.3587
1399550452.685	n	13.0199	3.71388	4.065	31.3586
1399550452.747	n	13.0199	3.71386	4.045	31.3585
1399550452.810	n	13.0198	3.71385	4.028	31.3584
1399550452.875	n	13.0198	3.71384	4.013	31.3584
1399550452.935	n	13.0199	3.71385	3.999	31.3583
1399550452.998	n	13.0199	3.71385	3.984	31.3584
1399550453.062	n	13.0198	3.71385	3.963	31.3584
1399550453.122	n	13.0197	3.71382	3.945	31.3583
1399550453.186	n	13.0196	3.71379	3.932	31.3581
1399550453.249	n	13.0195	3.71376	3.916	31.3579
1399550453.310	n	13.0195	3.71375	3.899	31.3577
1399550453.374	n	13.0196	3.71375	3.880	31.3578
1399550453.436	n	13.0197	3.71377	3.861	31.3578
1399550453.497	n	13.0197	3.71378	3.847	31.3579
1399550453.561	n	13.0198	3.71379	3.832	31.3580
1399550453.625	n	13.0197	3.71380	3.813	31.3581
1399550453.686	n	13.0196	3.71380	3.799	31.3582
1399550453.749	n	13.0194	3.71380	3.784	31.3584
1399550453.811	n	13.0192	3.71379	3.767	31.3585
1399550453.873	n	13.0193	3.71378	3.752	31.3583
1399550453.938	n	13.0194	3.71377	3.732	31.3581
1399550453.998	n	13.0196	3.71376	3.716	31.3578
1399550454.062	n	13.0196	3.71375	3.703	31.3577
1399550454.123	n	13.0196	3.71375	3.688	31.3578
1399550454.186	n	13.0195	3.71376	3.675	31.3580
1399550454.319	y	13.0194	3.71376	3.658	31.3580
1399550454.324	n	13.0194	3.71376	3.642	31.3581
1399550454.373	n	13.0194	3.71375	3.629	31.3580
1399550454.435	n	13.0194	3.71374	3.610	31.3579
1399550454.498	n	13.0195	3.71371	3.595	31.3576
1399550454.561	n	13.0194	3.71367	3.580	31.3573
1399550454.623	n	13.0192	3.71363	3.564	31.3571
1399550454.686	n	13.0188	3.71360	3.551	31.3571
1399550454.748	n	13.0184	3.71358	3.533	31.3573
1399550454.812	n	13.0181	3.71357	3.516	31.3573
1399550454.873	n	13.0183	3.71355	3.501	31.3571
1399550454.936	n	13.0186	3.71354	3.486	31.3567
1399550454.997	n	13.0189	3.71353	3.467	31.3563
1399550455.060	n	13.0191	3.71353	3.452	31.3562
1399550455.124	n	13.0191	3.71354	3.438	31.3563
1399550455.185	n	13.0190	3.71355	3.426	31.3566
1399550455.248	n	13.0187	3.71355	3.409	31.3568
1399550455.311	n	13.0184	3.71353	3.392	31.3569
1399550455.373	n	13.0180	3.71350	3.377	31.3569
1399550455.435	n	13.0178	3.71347	3.361	31.3568
1399550455.497	n	13.0178	3.71344	3.343	31.3565
1399550455.561	n	13.0179	3.71341	3.327	31.3561
1399550455.623	n	13.0178	3.71333	3.313	31.3555
1399550455.685	n	13.0174	3.71324	3.296	31.3550
1399550455.748	n	13.0167	3.71314	3.280	31.3546
1399550455.811	n	13.0158	3.71304	3.261	31.3544
1399550455.873	n	13.0146	3.71290	3.249	31.3542
1399550455.935	n	13.0130	3.71270	3.232	31.3536
1399550455.998	n	13.0112	3.71244	3.214	31.3526
1399550456.062	n	13.0097	3.71217	3.201	31.3514
1399550456.123	n	13.0087	3.71197	3.186	31.3503
1399550456.186	n	13.0081	3.71183	3.167	31.3495
1399550456.248	n	13.0079	3.71174	3.153	31.3488
1399550456.311	n	13.0078	3.71167	3.135	31.3483
1399550456.374	n	13.0077	3.71163	3.119	31.3479
1399550456.436	n	13.0077	3.71163	3.103	31.3479
1399550456.498	n	13.0079	3.71167	3.083	31.3482
1399550456.561	n	13.0080	3.71169	3.072	31.3483
1399550456.624	n	13.0080	3.71170	3.058	31.3484
1399550456.721	y	13.0079	3.71167	3.043	31.3481
1399550456.748	n	13.0077	3.71161	3.023	31.3478
1399550456.814	n	13.0075	3.71157	3.007	31.3476
1399550456.873	n	13.0075	3.71156	2.990	31.3475
1399550456.935	n	13.0077	3.71160	2.975	31.3478
1399550456.997	n	13.0081	3.71171	2.958	31.3485
1399550457.061	n	13.0087	3.71183	2.944	31.3491
1399550457.125	n	13.0092	3.71192	2.927	31.3495
1399550457.186	n	13.0096	3.71194	2.913	31.3494
1399550457.248	n	13.0095	3.71190	2.900	31.3491
1399550457.310	n	13.0090	3.71183	2.879	31.3488
1399550457.374	n	13.0084	3.71173	2.864	31.3484
1399550457.436	n	13.0081	3.71166	2.846	31.3480
1399550457.499	n	13.0080	3.71163	2.833	31.3478
1399550457.562	n	13.0084	3.71167	2.821	31.3479
1399550457.623	n	13.0089	3.71177	2.801	31.3484
1399550457.685	n	13.0093	3.71189	2.787	31.3492
1399550457.747	n	13.0097	3.71198	2.768	31.3497
1399550457.815	n	13.0099	3.71201	2.751	31.3499
1399550457.874	n	13.0099	3.71201	2.737	31.3498
1399550457.982	y	13.0100	3.71201	2.717	31.3498
1399550457.997	n	13.0103	3.71206	2.699	31.3500
1399550458.062	n	13.0108	3.71219	2.685	31.3508
1399550458.122	n	13.0113	3.71231	2.667	31.3515
1399550458.186	n	13.0114	3.71234	2.648	31.3517
1399550458.249	n	13.0111	3.71225	2.631	31.3512
1399550458.310	n	13.0104	3.71207	2.616	31.3501
1399550458.374	n	13.0097	3.71190	2.597	31.3490
1399550458.435	n	13.0094	3.71183	2.579	31.3487
1399550458.498	n	13.0093	3.71184	2.564	31.3488
1399550458.562	n	13.0094	3.71189	2.543	31.3493
1399550458.623	n	13.0094	3.71194	2.525	31.3497
1399550458.685	n	13.0095	3.71197	2.512	31.3498
1399550458.747	n	13.0096	3.71197	2.496	31.3498
1399550458.815	n	13.0096	3.71197	2.477	31.3498
1399550458.873	n	13.0096	3.71196	2.461	31.3498
1399550458.935	n	13.0096	3.71197	2.442	31.3498
1399550458.997	n	13.0096	3.71198	2.428	31.3499
1399550459.062	n	13.0096	3.71200	2.413	31.3501
1399550459.124	n	13.0095	3.71202	2.399	31.3504
1399550459.185	n	13.0093	3.71204	2.384	31.3507
1399550459.248	n	13.0093	3.71204	2.373	31.3508
1399550459.312	n	13.0096	3.71201	2.354	31.3502
1399550459.373	n	13.0103	3.71197	2.339	31.3493
1399550459.436	n	13.0108	3.71192	2.323	31.3484
1399550459.499	n	13.0108	3.71187	2.314	31.3480
1399550459.563	n	13.0104	3.71184	2.299	31.3480
1399550459.624	n	13.0097	3.71180	2.286	31.3482
1399550459.686	n	13.0092	3.71175	2.272	31.3481
1399550459.748	n	13.0088	3.71169	2.257	31.3480
1399550459.811	n	13.0085	3.71163	2.247	31.3477
1399550459.873	n	13.0081	3.71158	2.233	31.3474
1399550459.936	n	13.0077	3.71154	2.216	31.3475
1399550459.998	n	13.0073	3.71155	2.204	31.3479
1399550460.060	n	13.0073	3.71162	2.192	31.3485
1399550460.124	n	13.0078	3.71174	2.177	31.3492
1399550460.186	n	13.0085	3.71185	2.164	31.3498
1399550460.249	n	13.0092	3.71191	2.148	31.3498
1399550460.310	n	13.0093	3.71188	2.136	31.3494
1399550460.374	n	13.0086	3.71175	2.124	31.3487
1399550460.435	n	13.0074	3.71157	2.115	31.3480
1399550460.497	n	13.0060	3.71137	2.103	31.3473
1399550460.562	n	13.0047	3.71119	2.092	31.3467
1399550460.623	n	13.0038	3.71106	2.079	31.3462
1399550460.686	n	13.0034	3.71099	2.069	31.3460
1399550460.749	n	13.0033	3.71098	2.058	31.3458
1399550460.810	n	13.0036	3.71101	2.047	31.3459
1399550460.874	n	13.0041	3.71107	2.032	31.3461
1399550461.030	y	13.0047	3.71116	2.018	31.3464
1399550461.036	n	13.0054	3.71126	2.004	31.3468
1399550461.061	n	13.0061	3.71135	1.993	31.3470
1399550461.124	n	13.0068	3.71146	1.977	31.3475
1399550461.186	n	13.0077	3.71160	1.963	31.3482
1399550461.249	n	13.0087	3.71175	1.950	31.3488
1399550461.311	n	13.0094	3.71186	1.935	31.3491
1399550461.375	n	13.0098	3.71188	1.920	31.3491
1399550461.435	n	13.0095	3.71180	1.907	31.3485
1399550461.555	y	13.0086	3.71165	1.886	31.3479
1399550461.561	n	13.0076	3.71151	1.869	31.3473
1399550461.623	n	13.0069	3.71137	1.852	31.3466
1399550461.686	n	13.0063	3.71123	1.839	31.3458
1399550461.747	n	13.0057	3.71110	1.823	31.3451
1399550461.812	n	13.0050	3.71099	1.802	31.3447
1399550461.874	n	13.0043	3.71094	1.785	31.3448
1399550461.935	n	13.0038	3.71095	1.770	31.3453
1399550461.999	n	13.0036	3.71099	1.755	31.3458
1399550462.061	n	13.0037	3.71103	1.735	31.3462
1399550462.122	n	13.0038	3.71105	1.715	31.3463
1399550462.186	n	13.0037	3.71104	1.697	31.3463
1399550462.248	n	13.0035	3.71102	1.681	31.3463
1399550462.311	n	13.0033	3.71099	1.660	31.3462
1399550462.374	n	13.0032	3.71095	1.643	31.3459
1399550462.435	n	13.0032	3.71092	1.623	31.3456
1399550462.499	n	13.0033	3.71089	1.604	31.3453
1399550462.561	n	13.0034	3.71088	1.583	31.3451
1399550462.623	n	13.0033	3.71087	1.561	31.3451
1399550462.686	n	13.0032	3.71088	1.542	31.3453
1399550462.749	n	13.0029	3.71091	1.523	31.3457
1399550462.812	n	13.0028	3.71092	1.500	31.3460
1399550462.873	n	13.0026	3.71092	1.481	31.3461
1399550462.935	n	13.0027	3.71091	1.457	31.3460
1399550462.998	n	13.0029	3.71092	1.439	31.3458
1399550463.062	n	13.0034	3.71096	1.423	31.3459
1399550463.123	n	13.0039	3.71102	1.402	31.3460
1399550463.186	n	13.0042	3.71107	1.380	31.3463
1399550463.248	n	13.0041	3.71110	1.371	31.3466
1399550463.310	n	13.0039	3.71111	1.357	31.3469
1399550463.373	n	13.0038	3.71111	1.334	31.3471
1399550463.436	n	13.0037	3.71112	1.319	31.3471
1399550463.498	n	13.0039	3.71112	1.300	31.3471
1399550463.560	n	13.0041	3.71113	1.287	31.3469
1399550463.623	n	13.0043	3.71115	1.271	31.3469
1399550463.685	n	13.0046	3.71116	1.253	31.3468
1399550463.749	n	13.0048	3.71117	1.236	31.3468
1399550463.811	n	13.0049	3.71118	1.220	31.3469
1399550463.873	n	13.0049	3.71119	1.204	31.3469
1399550463.935	n	13.0050	3.71121	1.187	31.3470
1399550463.997	n	13.0050	3.71122	1.168	31.3470
1399550464.061	n	13.0050	3.71122	1.151	31.3471
1399550464.123	n	13.0051	3.71123	1.136	31.3471
1399550464.186	n	13.0053	3.71124	1.118	31.3470
1399550464.250	n	13.0056	3.71125	1.105	31.3468
1399550464.311	n	13.0058	3.71124	1.089	31.3466
1399550464.372	n	13.0058	3.71121	1.073	31.3464
1399550464.436	n	13.0056	3.71118	1.057	31.3463
1399550464.498	n	13.0053	3.71115	1.041	31.3463
1399550464.560	n	13.0049	3.71113	1.026	31.3463
1399550464.625	n	13.0047	3.71111	1.011	31.3464
1399550464.685	n	13.0045	3.71110	0.999	31.3464
1399550464.748	n	13.0044	3.71109	0.985	31.3464
1399550464.812	n	13.0045	3.71109	0.973	31.3464
1399550464.874	n	13.0045	3.71111	0.960	31.3465
1399550464.935	n	13.0046	3.71112	0.947	31.3465
1399550464.997	n	13.0047	3.71114	0.938	31.3467
1399550465.060	n	13.0048	3.71114	0.925	31.3466
1399550465.123	n	13.0048	3.71114	0.913	31.3465
1399550465.304	y	13.0049	3.71113	0.901	31.3464
1399550465.333	y	13.0048	3.71110	0.893	31.3462
1399550465.340	n	13.0047	3.71108	0.881	31.3461
1399550465.374	n	13.0046	3.71107	0.870	31.3461
1399550465.436	n	13.0045	3.71106	0.860	31.3461
1399550465.497	n	13.0045	3.71106	0.848	31.3461
1399550465.633	y	13.0044	3.71106	0.840	31.3462
1399550465.640	n	13.0042	3.71104	0.830	31.3462
1399550465.686	n	13.0037	3.71099	0.818	31.3462
1399550465.749	n	13.0031	3.71094	0.810	31.3461
1399550465.812	n	13.0025	3.71088	0.799	31.3461
1399550465.874	n	13.0021	3.71085	0.789	31.3461
1399550465.935	n	13.0019	3.71084	0.782	31.3462
1399550465.998	n	13.0019	3.71085	0.770	31.3463
1399550466.061	n	13.0020	3.71086	0.763	31.3464
1399550466.124	n	13.0021	3.71087	0.757	31.3464
1399550466.185	n	13.0022	3.71089	0.746	31.3465
1399550466.247	n	13.0024	3.71091	0.736	31.3465
1399550466.312	n	13.0025	3.71093	0.724	31.3466
1399550466.373	n	13.0026	3.71094	0.715	31.3466
1399550466.435	n	13.0027	3.71096	0.707	31.3467
1399550466.499	n	13.0029	3.71096	0.694	31.3466
1399550466.561	n	13.0032	3.71097	0.681	31.3465
1399550466.630	n	13.0034	3.71098	0.672	31.3463
1399550466.686	n	13.0037	3.71098	0.659	31.3461
1399550466.749	n	13.0044	3.71099	0.647	31.3457
1399550466.813	n	13.0053	3.71109	0.635	31.3458
1399550466.874	n	13.0060	3.71123	0.624	31.3465
1399550466.935	n	13.0066	3.71137	0.607	31.3475
1399550466.997	n	13.0069	3.71147	0.588	31.3481
1399550467.061	n	13.0071	3.71152	0.573	31.3484
1399550467.124	n	13.0076	3.71154	0.554	31.3482
1399550467.185	n	13.0082	3.71159	0.537	31.3482
1399550467.248	n	13.0084	3.71162	0.518	31.3483
1399550467.312	n	13.0082	3.71160	0.501	31.3483
1399550467.374	n	13.0073	3.71150	0.485	31.3480
1399550467.435	n	13.0033	3.43705	0.470	28.7885
1399550467.498	n	12.9921	2.87765	0.458	23.6657
1399550467.562	n	12.9709	2.19088	0.441	17.5571
1399550467.623	n	12.9398	1.57637	0.429	12.2768
1399550467.685	n	12.9030	1.17065	0.419	8.9034
1399550467.748	n	12.8677	1.06063	0.402	8.0112
1399550467.814	n	12.8398	0.98571	0.393	7.4084
