Source File: D:\Storage\Programs\OOI\Group 5\Correspondence\07_18_14 sample files\files\11287499.PPB
Processed: 07/18/2014 12:28:06
Using Version: 1.11
Device: CTD
Start Date: 05/08/2014
Timestamp (s)	Suspect Timestamp	Temperature	Conductivity	Pressure	Salinity
1399571982.683	y	11.5917	3.65726	21.956	32.0174
1399571982.746	n	11.5918	3.65723	21.962	32.0171
1399571982.808	n	11.5919	3.65728	21.968	32.0175
1399571982.873	n	11.5918	3.65726	21.956	32.0174
1399571982.936	n	11.5919	3.65723	21.962	32.0171
1399571982.996	n	11.5920	3.65723	21.979	32.0169
1399571983.059	n	11.5920	3.65726	21.984	32.0172
1399571983.124	n	11.5919	3.65725	21.968	32.0173
1399571983.187	n	11.5919	3.65725	21.975	32.0172
1399571983.247	n	11.5919	3.65725	21.975	32.0171
1399571983.310	n	11.5919	3.65725	21.979	32.0172
1399571983.373	n	11.5919	3.65725	21.984	32.0172
1399571983.436	n	11.5919	3.65725	21.987	32.0172
1399571983.498	n	11.5919	3.65725	21.992	32.0172
1399571983.561	n	11.5919	3.65724	21.996	32.0171
1399571983.622	n	11.5918	3.65723	21.998	32.0171
1399571983.686	n	11.5919	3.65723	22.002	32.0171
1399571983.748	n	11.5919	3.65724	22.003	32.0171
1399571983.812	n	11.5919	3.65723	22.006	32.0170
1399571983.874	n	11.5919	3.65724	22.009	32.0170
1399571983.937	n	11.5920	3.65725	22.011	32.0171
1399571983.999	n	11.5920	3.65725	22.013	32.0171
1399571984.062	n	11.5920	3.65725	22.017	32.0171
1399571984.123	n	11.5920	3.65724	22.021	32.0170
1399571984.185	n	11.5920	3.65724	22.022	32.0170
1399571985.345	n	11.5920	3.65725	22.025	32.0171
1399571985.365	n	11.5920	3.65725	22.028	32.0170
1399571985.385	n	11.5920	3.65726	22.030	32.0171
1399571985.400	n	11.5920	3.65725	22.033	32.0171
1399571985.407	n	11.5921	3.65725	22.035	32.0170
1399571985.414	n	11.5921	3.65725	22.038	32.0170
1399571985.420	n	11.5920	3.65725	22.040	32.0170
1399571985.425	n	11.5920	3.65725	22.044	32.0171
1399571985.431	n	11.5920	3.65726	22.044	32.0172
1399571985.437	n	11.5919	3.65726	22.046	32.0173
1399571985.443	n	11.5919	3.65727	22.046	32.0174
1399571985.450	n	11.5919	3.65727	22.048	32.0173
1399571985.456	n	11.5920	3.65726	22.051	32.0172
1399571985.461	n	11.5920	3.65725	22.049	32.0171
1399571985.466	n	11.5921	3.65724	22.051	32.0169
1399571985.471	n	11.5921	3.65724	22.049	32.0169
1399571985.476	n	11.5921	3.65724	22.053	32.0169
1399571985.481	n	11.5921	3.65724	22.055	32.0169
1399571985.486	n	11.5921	3.65725	22.055	32.0170
1399571985.491	n	11.5921	3.65725	22.056	32.0170
1399571985.498	n	11.5921	3.65725	22.056	32.0170
1399571985.561	n	11.5921	3.65725	22.055	32.0170
1399571985.624	n	11.5921	3.65725	22.052	32.0170
1399571985.687	n	11.5921	3.65726	22.053	32.0170
1399571985.747	n	11.5921	3.65726	22.052	32.0171
1399571985.810	n	11.5922	3.65726	22.053	32.0170
1399571985.875	n	11.5921	3.65725	22.052	32.0170
1399571985.937	n	11.5921	3.65725	22.051	32.0169
1399571985.999	n	11.5921	3.65724	22.051	32.0169
1399571986.063	n	11.5920	3.65725	22.048	32.0170
1399571986.123	n	11.5920	3.65725	22.044	32.0171
1399571986.185	n	11.5921	3.65724	22.043	32.0169
1399571986.248	n	11.5921	3.65724	22.042	32.0169
1399571986.311	n	11.5921	3.65724	22.038	32.0169
1399571986.383	n	11.5921	3.65724	22.040	32.0169
1399571986.436	n	11.5921	3.65725	22.034	32.0169
1399571986.498	n	11.5921	3.65725	22.033	32.0169
1399571986.561	n	11.5921	3.65725	22.028	32.0170
1399571986.626	n	11.5922	3.65726	22.026	32.0170
1399571986.686	n	11.5922	3.65726	22.023	32.0170
1399571986.748	n	11.5922	3.65726	22.022	32.0171
1399571986.813	n	11.5921	3.65726	22.019	32.0170
1399571986.875	n	11.5922	3.65724	22.014	32.0169
1399571986.935	n	11.5922	3.65724	22.008	32.0168
1399571986.997	n	11.5922	3.65723	21.998	32.0167
1399571987.060	n	11.5922	3.65723	21.997	32.0167
1399571987.125	n	11.5923	3.65724	21.996	32.0167
1399571987.187	n	11.5923	3.65724	21.992	32.0168
1399571987.249	n	11.5923	3.65724	21.989	32.0167
1399571987.312	n	11.5923	3.65724	21.984	32.0168
1399571987.374	n	11.5922	3.65724	21.979	32.0168
1399571987.436	n	11.5922	3.65724	21.974	32.0168
1399571987.500	n	11.5922	3.65724	21.971	32.0168
1399571987.561	n	11.5922	3.65724	21.967	32.0168
1399571987.624	n	11.5922	3.65724	21.959	32.0168
1399571987.687	n	11.5922	3.65723	21.955	32.0168
1399571987.749	n	11.5922	3.65724	21.952	32.0168
1399571987.812	n	11.5922	3.65724	21.947	32.0168
1399571987.873	n	11.5922	3.65724	21.937	32.0168
1399571987.936	n	11.5922	3.65724	21.934	32.0169
1399571987.998	n	11.5922	3.65724	21.930	32.0168
1399571988.062	n	11.5922	3.65724	21.922	32.0168
1399571988.123	n	11.5922	3.65723	21.916	32.0168
1399571988.185	n	11.5922	3.65723	21.910	32.0168
1399571988.248	n	11.5922	3.65722	21.907	32.0167
1399571988.311	n	11.5922	3.65722	21.903	32.0167
1399571988.377	y	11.5922	3.65723	21.898	32.0167
1399571988.436	n	11.5923	3.65723	21.890	32.0167
1399571988.498	n	11.5922	3.65724	21.883	32.0168
1399571988.562	n	11.5922	3.65724	21.880	32.0168
1399571988.623	n	11.5922	3.65724	21.878	32.0169
1399571988.687	n	11.5923	3.65725	21.868	32.0169
1399571988.749	n	11.5923	3.65726	21.865	32.0170
1399571988.810	n	11.5923	3.65726	21.860	32.0170
1399571988.873	n	11.5923	3.65727	21.859	32.0171
1399571989.018	y	11.5923	3.65727	21.851	32.0171
1399571989.024	n	11.5923	3.65725	21.851	32.0169
1399571989.062	n	11.5923	3.65725	21.842	32.0169
1399571989.123	n	11.5922	3.65724	21.839	32.0169
1399571989.185	n	11.5922	3.65724	21.836	32.0169
1399571989.248	n	11.5923	3.65724	21.832	32.0169
1399571989.311	n	11.5923	3.65724	21.829	32.0169
1399571989.372	n	11.5923	3.65724	21.823	32.0168
1399571989.435	n	11.5923	3.65724	21.821	32.0168
1399571989.499	n	11.5923	3.65723	21.821	32.0167
1399571989.562	n	11.5923	3.65723	21.818	32.0167
1399571989.624	n	11.5923	3.65723	21.809	32.0167
1399571989.686	n	11.5923	3.65723	21.809	32.0167
1399571989.749	n	11.5923	3.65723	21.811	32.0168
1399571989.810	n	11.5923	3.65724	21.807	32.0168
1399571989.873	n	11.5923	3.65724	21.804	32.0168
1399571989.937	n	11.5924	3.65724	21.804	32.0168
1399571989.998	n	11.5924	3.65724	21.801	32.0168
1399571990.062	n	11.5923	3.65724	21.803	32.0168
1399571990.123	n	11.5923	3.65724	21.806	32.0169
1399571990.186	n	11.5922	3.65725	21.801	32.0170
1399571990.248	n	11.5922	3.65725	21.803	32.0169
1399571990.312	n	11.5923	3.65724	21.805	32.0168
1399571990.373	n	11.5923	3.65724	21.804	32.0168
1399571990.435	n	11.5923	3.65723	21.803	32.0167
1399571990.500	n	11.5923	3.65724	21.806	32.0168
1399571990.563	n	11.5924	3.65725	21.812	32.0169
1399571990.623	n	11.5923	3.65725	21.815	32.0169
1399571990.686	n	11.5924	3.65725	21.818	32.0169
1399571990.748	n	11.5924	3.65725	21.820	32.0168
1399571990.812	n	11.5924	3.65724	21.821	32.0167
1399571990.872	n	11.5925	3.65724	21.828	32.0166
1399571990.935	n	11.5925	3.65724	21.829	32.0167
1399571991.000	n	11.5924	3.65725	21.835	32.0168
1399571991.061	n	11.5924	3.65724	21.842	32.0167
1399571991.122	n	11.5924	3.65724	21.846	32.0167
1399571991.187	n	11.5925	3.65724	21.851	32.0167
1399571991.248	n	11.5925	3.65723	21.856	32.0166
1399571991.310	n	11.5925	3.65724	21.862	32.0166
1399571991.374	n	11.5925	3.65724	21.867	32.0166
1399571991.436	n	11.5925	3.65725	21.874	32.0167
1399571991.499	n	11.5925	3.65725	21.881	32.0168
1399571991.561	n	11.5924	3.65726	21.890	32.0169
1399571991.624	n	11.5924	3.65726	21.895	32.0169
1399571991.686	n	11.5925	3.65726	21.900	32.0168
1399571991.749	n	11.5925	3.65726	21.908	32.0168
1399571991.818	n	11.5926	3.65726	21.914	32.0167
1399571991.873	n	11.5926	3.65725	21.918	32.0167
1399571991.937	n	11.5926	3.65726	21.925	32.0167
1399571991.999	n	11.5925	3.65726	21.931	32.0168
1399571992.060	y	11.5925	3.65726	21.936	32.0168
1399571992.122	n	11.5924	3.65726	21.943	32.0169
1399571992.185	n	11.5924	3.65725	21.946	32.0167
1399571992.249	n	11.5925	3.65724	21.951	32.0166
1399571992.332	n	11.5925	3.65724	21.956	32.0166
1399571992.374	y	11.5925	3.65724	21.958	32.0166
1399571992.435	n	11.5925	3.65724	21.964	32.0166
1399571992.498	n	11.5925	3.65725	21.969	32.0167
1399571992.562	n	11.5925	3.65725	21.970	32.0167
1399571992.624	n	11.5925	3.65726	21.971	32.0167
1399571992.685	n	11.5926	3.65726	21.973	32.0168
1399571992.748	n	11.5926	3.65727	21.975	32.0168
1399571992.810	n	11.5926	3.65727	21.977	32.0167
1399571992.873	n	11.5927	3.65726	21.979	32.0166
1399571992.936	n	11.5927	3.65725	21.976	32.0166
1399571992.998	n	11.5927	3.65725	21.974	32.0165
1399571993.061	n	11.5927	3.65724	21.976	32.0165
1399571993.123	n	11.5927	3.65725	21.972	32.0165
1399571993.304	y	11.5927	3.65726	21.971	32.0166
1399571993.311	n	11.5927	3.65726	21.967	32.0166
1399571993.316	n	11.5927	3.65727	21.961	32.0166
1399571993.374	n	11.5928	3.65726	21.958	32.0165
1399571993.435	n	11.5928	3.65725	21.952	32.0164
1399571993.498	n	11.5928	3.65724	21.951	32.0163
1399571993.878	n	11.5929	3.65724	21.942	32.0163
1399571993.886	n	11.5929	3.65724	21.934	32.0163
1399571993.892	n	11.5929	3.65725	21.929	32.0163
1399571993.900	n	11.5929	3.65725	21.917	32.0164
1399571993.906	n	11.5929	3.65726	21.905	32.0164
1399571993.912	n	11.5929	3.65725	21.895	32.0164
1399571993.936	n	11.5929	3.65725	21.884	32.0164
1399571993.998	n	11.5930	3.65725	21.871	32.0163
1399571994.061	n	11.5930	3.65726	21.861	32.0164
1399571994.123	n	11.5930	3.65726	21.849	32.0164
1399571994.186	n	11.5929	3.65726	21.834	32.0165
1399571994.248	n	11.5930	3.65726	21.823	32.0164
1399571994.310	n	11.5930	3.65726	21.808	32.0163
1399571994.374	n	11.5931	3.65726	21.793	32.0162
1399571994.435	n	11.5932	3.65725	21.778	32.0162
1399571994.500	n	11.5932	3.65725	21.762	32.0161
1399571994.561	n	11.5933	3.65725	21.747	32.0161
1399571994.623	n	11.5932	3.65724	21.732	32.0161
1399571994.686	n	11.5932	3.65724	21.715	32.0160
1399571994.747	n	11.5932	3.65723	21.698	32.0160
1399571994.811	n	11.5932	3.65723	21.682	32.0160
1399571994.874	n	11.5932	3.65724	21.664	32.0161
1399571994.936	n	11.5932	3.65724	21.649	32.0161
1399571994.998	n	11.5933	3.65724	21.630	32.0161
1399571995.062	n	11.5933	3.65724	21.612	32.0160
1399571995.124	n	11.5934	3.65724	21.598	32.0160
1399571995.185	n	11.5934	3.65724	21.579	32.0159
1399571995.248	n	11.5934	3.65723	21.558	32.0159
1399571995.311	n	11.5934	3.65723	21.542	32.0158
1399571995.374	n	11.5934	3.65723	21.522	32.0159
1399571995.436	n	11.5935	3.65724	21.499	32.0159
1399571995.498	n	11.5935	3.65724	21.478	32.0159
1399571995.560	n	11.5935	3.65724	21.460	32.0159
1399571995.623	n	11.5936	3.65724	21.438	32.0158
1399571995.685	n	11.5936	3.65723	21.416	32.0157
1399571995.748	y	11.5936	3.65722	21.393	32.0157
1399571995.810	n	11.5936	3.65722	21.377	32.0157
1399571995.874	n	11.5936	3.65721	21.357	32.0156
1399571995.936	n	11.5936	3.65722	21.335	32.0157
1399571995.998	n	11.5937	3.65722	21.313	32.0156
1399571996.062	n	11.5937	3.65723	21.290	32.0156
1399571996.124	n	11.5938	3.65724	21.270	32.0157
1399571996.185	n	11.5939	3.65724	21.247	32.0157
1399571996.248	n	11.5939	3.65724	21.226	32.0157
1399571996.311	n	11.5939	3.65723	21.206	32.0156
1399571996.372	n	11.5938	3.65722	21.182	32.0155
1399571996.436	n	11.5938	3.65722	21.159	32.0155
1399571996.498	n	11.5939	3.65722	21.138	32.0155
1399571996.560	n	11.5939	3.65723	21.118	32.0156
1399571996.623	n	11.5940	3.65722	21.096	32.0155
1399571996.685	n	11.5940	3.65721	21.075	32.0154
1399571996.749	n	11.5940	3.65721	21.053	32.0153
1399571996.812	n	11.5941	3.65720	21.030	32.0152
1399571996.874	n	11.5941	3.65719	21.011	32.0152
1399571996.936	n	11.5941	3.65719	20.991	32.0151
1399571996.998	n	11.5941	3.65720	20.970	32.0152
1399571997.061	n	11.5941	3.65721	20.948	32.0152
1399571997.123	n	11.5941	3.65721	20.934	32.0153
1399571997.186	n	11.5941	3.65721	20.912	32.0153
1399571997.249	n	11.5941	3.65721	20.893	32.0153
1399571997.310	n	11.5941	3.65719	20.876	32.0152
1399571997.374	n	11.5941	3.65719	20.855	32.0151
1399571997.588	y	11.5942	3.65719	20.837	32.0151
1399571997.595	n	11.5942	3.65720	20.818	32.0152
1399571997.600	n	11.5942	3.65722	20.804	32.0154
1399571997.624	n	11.5942	3.65722	20.787	32.0154
1399571997.685	n	11.5942	3.65722	20.770	32.0154
1399571997.747	n	11.5943	3.65721	20.752	32.0152
1399571997.811	n	11.5943	3.65720	20.737	32.0151
1399571997.873	n	11.5944	3.65719	20.725	32.0150
1399571997.936	n	11.5944	3.65719	20.711	32.0149
1399571997.998	n	11.5945	3.65718	20.696	32.0148
1399571998.062	n	11.5945	3.65719	20.680	32.0149
1399571998.123	n	11.5945	3.65719	20.664	32.0150
1399571998.186	n	11.5945	3.65721	20.653	32.0151
1399571998.247	n	11.5945	3.65722	20.639	32.0152
1399571998.310	n	11.5945	3.65722	20.623	32.0152
1399571998.374	n	11.5945	3.65721	20.613	32.0151
1399571998.435	n	11.5945	3.65719	20.598	32.0149
1399571998.498	n	11.5945	3.65718	20.587	32.0148
1399571998.561	n	11.5945	3.65718	20.576	32.0148
1399571998.623	n	11.5945	3.65717	20.562	32.0148
1399571998.687	n	11.5945	3.65717	20.550	32.0148
1399571998.747	n	11.5946	3.65718	20.538	32.0148
1399571998.810	n	11.5946	3.65718	20.529	32.0148
1399571998.874	n	11.5946	3.65719	20.512	32.0148
1399571998.935	n	11.5947	3.65719	20.499	32.0148
1399571998.999	n	11.5947	3.65718	20.489	32.0147
1399571999.063	n	11.5947	3.65717	20.480	32.0146
1399571999.123	n	11.5947	3.65717	20.468	32.0146
1399571999.185	n	11.5947	3.65718	20.453	32.0147
1399571999.248	n	11.5946	3.65719	20.442	32.0149
1399571999.311	y	11.5945	3.65719	20.431	32.0150
1399571999.374	n	11.5945	3.65719	20.416	32.0150
1399571999.436	n	11.5945	3.65717	20.404	32.0148
1399571999.498	n	11.5945	3.65716	20.396	32.0147
1399571999.562	n	11.5946	3.65715	20.384	32.0146
1399571999.623	n	11.5946	3.65715	20.372	32.0145
1399571999.685	n	11.5947	3.65715	20.360	32.0145
1399571999.747	n	11.5947	3.65716	20.345	32.0145
1399571999.811	n	11.5947	3.65716	20.336	32.0146
1399571999.874	n	11.5947	3.65716	20.322	32.0146
1399571999.935	n	11.5946	3.65717	20.308	32.0147
1399571999.998	n	11.5946	3.65717	20.296	32.0148
1399572000.060	n	11.5946	3.65717	20.284	32.0148
1399572000.123	n	11.5946	3.65717	20.271	32.0148
1399572000.185	n	11.5946	3.65716	20.253	32.0147
1399572000.249	n	11.5946	3.65716	20.242	32.0147
1399572000.312	n	11.5946	3.65716	20.230	32.0147
1399572000.373	n	11.5946	3.65716	20.212	32.0147
1399572000.436	n	11.5946	3.65716	20.198	32.0147
1399572000.499	n	11.5946	3.65716	20.181	32.0147
1399572000.560	n	11.5946	3.65716	20.168	32.0147
1399572000.623	n	11.5946	3.65716	20.153	32.0147
1399572000.685	n	11.5946	3.65715	20.140	32.0146
1399572000.748	n	11.5946	3.65715	20.124	32.0146
1399572000.812	n	11.5946	3.65714	20.112	32.0146
1399572000.875	n	11.5945	3.65715	20.096	32.0147
1399572000.936	n	11.5945	3.65716	20.081	32.0149
1399572000.998	n	11.5945	3.65717	20.067	32.0150
1399572001.060	n	11.5945	3.65718	20.053	32.0151
1399572001.124	n	11.5945	3.65719	20.037	32.0151
1399572001.186	n	11.5945	3.65717	20.020	32.0150
1399572001.249	n	11.5945	3.65716	20.009	32.0149
1399572001.310	n	11.5945	3.65715	19.992	32.0148
1399572001.372	n	11.5946	3.65714	19.972	32.0147
1399572001.436	n	11.5946	3.65715	19.959	32.0147
1399572001.497	n	11.5947	3.65715	19.947	32.0146
1399572001.561	n	11.5948	3.65714	19.928	32.0145
1399572001.623	n	11.5949	3.65713	19.911	32.0143
1399572001.864	y	11.5950	3.65712	19.891	32.0141
1399572001.873	n	11.5951	3.65712	19.879	32.0139
1399572001.879	n	11.5953	3.65712	19.863	32.0139
1399572001.885	n	11.5955	3.65712	19.841	32.0137
1399572001.936	n	11.5958	3.65712	19.824	32.0135
1399572001.998	n	11.5961	3.65713	19.810	32.0133
1399572002.060	n	11.5965	3.65714	19.789	32.0130
1399572002.124	n	11.5969	3.65714	19.775	32.0127
1399572002.186	n	11.5974	3.65713	19.757	32.0122
1399572002.249	n	11.5979	3.65712	19.737	32.0116
1399572002.312	n	11.5985	3.65712	19.718	32.0112
1399572002.372	n	11.5992	3.65713	19.702	32.0106
1399572002.435	n	11.5999	3.65714	19.680	32.0101
1399572002.497	n	11.6007	3.65714	19.663	32.0095
1399572002.564	n	11.6016	3.65714	19.644	32.0087
1399572002.624	n	11.6026	3.65714	19.622	32.0078
1399572002.685	n	11.6037	3.65714	19.599	32.0070
1399572002.747	n	11.6047	3.65714	19.581	32.0061
1399572002.811	n	11.6058	3.65715	19.563	32.0052
1399572002.873	n	11.6069	3.65715	19.539	32.0043
1399572002.936	n	11.6080	3.65715	19.521	32.0033
1399572003.011	y	11.6092	3.65715	19.503	32.0023
1399572003.062	n	11.6104	3.65715	19.485	32.0012
1399572003.124	n	11.6116	3.65715	19.464	32.0002
1399572003.185	n	11.6128	3.65715	19.446	31.9992
1399572003.248	n	11.6140	3.65714	19.424	31.9980
1399572003.311	n	11.6153	3.65714	19.403	31.9969
1399572003.375	n	11.6166	3.65714	19.385	31.9958
1399572003.435	n	11.6179	3.65714	19.368	31.9948
1399572003.499	n	11.6192	3.65715	19.344	31.9937
1399572003.560	n	11.6205	3.65717	19.327	31.9928
1399572003.624	n	11.6218	3.65717	19.307	31.9917
1399572003.685	n	11.6231	3.65717	19.286	31.9906
1399572003.749	n	11.6244	3.65717	19.267	31.9894
1399572003.811	n	11.6258	3.65716	19.244	31.9882
1399572003.874	n	11.6271	3.65716	19.226	31.9870
1399572003.936	n	11.6284	3.65717	19.208	31.9860
1399572003.997	n	11.6298	3.65717	19.190	31.9849
1399572004.060	n	11.6311	3.65718	19.168	31.9838
1399572004.124	n	11.6323	3.65718	19.144	31.9828
1399572004.186	n	11.6336	3.65718	19.125	31.9817
1399572004.249	n	11.6350	3.65719	19.108	31.9806
1399572004.311	n	11.6363	3.65719	19.086	31.9795
1399572004.373	n	11.6378	3.65720	19.064	31.9783
1399572004.435	n	11.6392	3.65720	19.041	31.9771
1399572004.498	n	11.6406	3.65719	19.022	31.9758
1399572004.560	n	11.6420	3.65719	19.000	31.9747
1399572004.624	n	11.6433	3.65720	18.984	31.9736
1399572004.686	n	11.6447	3.65721	18.963	31.9725
1399572004.750	n	11.6461	3.65722	18.942	31.9714
1399572004.811	n	11.6475	3.65721	18.923	31.9701
1399572004.874	n	11.6490	3.65721	18.904	31.9688
1399572004.935	y	11.6505	3.65721	18.883	31.9676
1399572005.046	n	11.6519	3.65722	18.863	31.9664
1399572005.061	n	11.6534	3.65722	18.842	31.9652
1399572005.123	n	11.6549	3.65723	18.821	31.9640
1399572005.185	n	11.6564	3.65723	18.804	31.9626
1399572005.248	n	11.6580	3.65723	18.781	31.9613
1399572005.311	n	11.6595	3.65722	18.763	31.9599
1399572005.374	n	11.6610	3.65722	18.746	31.9586
1399572005.436	n	11.6626	3.65721	18.723	31.9572
1399572005.499	n	11.6642	3.65721	18.703	31.9558
1399572005.562	n	11.6658	3.65721	18.683	31.9544
1399572005.623	n	11.6674	3.65721	18.664	31.9530
1399572005.686	n	11.6691	3.65722	18.646	31.9517
1399572005.748	n	11.6707	3.65723	18.625	31.9504
1399572005.810	n	11.6723	3.65724	18.602	31.9491
1399572005.873	n	11.6740	3.65724	18.582	31.9477
1399572006.045	y	11.6757	3.65724	18.566	31.9463
1399572006.053	n	11.6773	3.65724	18.546	31.9448
1399572006.063	n	11.6790	3.65723	18.522	31.9433
1399572006.126	n	11.6806	3.65722	18.502	31.9418
1399572006.186	n	11.6822	3.65721	18.483	31.9404
1399572006.249	n	11.6838	3.65721	18.461	31.9391
1399572006.312	n	11.6853	3.65722	18.442	31.9378
1399572006.373	n	11.6870	3.65724	18.420	31.9366
1399572006.436	n	11.6886	3.65725	18.400	31.9353
1399572006.498	n	11.6903	3.65725	18.378	31.9339
1399572006.561	n	11.6919	3.65725	18.355	31.9325
1399572006.624	n	11.6935	3.65725	18.337	31.9311
1399572006.686	y	11.6950	3.65725	18.318	31.9298
1399572006.749	n	11.6966	3.65725	18.296	31.9285
1399572006.812	n	11.6981	3.65726	18.270	31.9273
1399572006.873	n	11.6997	3.65726	18.250	31.9259
1399572006.936	n	11.7013	3.65727	18.233	31.9246
1399572006.998	n	11.7028	3.65727	18.210	31.9233
1399572007.061	n	11.7044	3.65726	18.190	31.9219
1399572007.124	n	11.7060	3.65726	18.169	31.9206
1399572007.187	n	11.7075	3.65726	18.147	31.9192
1399572007.248	n	11.7091	3.65726	18.123	31.9179
1399572007.311	n	11.7106	3.65726	18.103	31.9166
1399572007.372	n	11.7121	3.65726	18.085	31.9153
1399572007.436	n	11.7136	3.65725	18.060	31.9139
1399572007.499	n	11.7151	3.65725	18.040	31.9126
1399572007.562	n	11.7166	3.65725	18.019	31.9114
1399572007.625	n	11.7181	3.65726	17.998	31.9102
1399572007.686	n	11.7196	3.65727	17.978	31.9090
1399572007.748	n	11.7211	3.65727	17.955	31.9077
1399572007.811	n	11.7227	3.65726	17.932	31.9063
1399572007.874	n	11.7242	3.65726	17.912	31.9049
1399572007.936	n	11.7258	3.65725	17.890	31.9036
1399572007.998	n	11.7273	3.65726	17.867	31.9023
1399572008.060	n	11.7288	3.65726	17.847	31.9010
1399572008.124	n	11.7303	3.65726	17.824	31.8998
1399572008.185	n	11.7318	3.65727	17.801	31.8986
1399572008.248	n	11.7333	3.65728	17.781	31.8974
1399572008.313	n	11.7348	3.65728	17.759	31.8961
1399572008.375	n	11.7363	3.65727	17.736	31.8947
1399572008.436	n	11.7379	3.65727	17.714	31.8934
1399572008.499	n	11.7395	3.65727	17.690	31.8921
1399572008.562	n	11.7410	3.65727	17.669	31.8908
1399572008.624	n	11.7426	3.65727	17.649	31.8895
1399572008.686	n	11.7441	3.65728	17.628	31.8882
1399572008.749	n	11.7456	3.65728	17.606	31.8869
1399572008.811	n	11.7471	3.65728	17.586	31.8857
1399572008.875	n	11.7487	3.65729	17.565	31.8844
1399572008.936	n	11.7503	3.65729	17.543	31.8831
1399572008.998	n	11.7519	3.65730	17.522	31.8817
1399572009.060	n	11.7536	3.65730	17.503	31.8803
1399572009.124	n	11.7552	3.65730	17.484	31.8789
1399572009.186	n	11.7567	3.65728	17.464	31.8775
1399572009.249	n	11.7583	3.65728	17.445	31.8761
1399572009.310	n	11.7599	3.65727	17.422	31.8747
1399572009.374	n	11.7615	3.65727	17.400	31.8733
1399572009.436	n	11.7631	3.65727	17.382	31.8719
1399572009.498	n	11.7647	3.65727	17.360	31.8705
1399572009.561	n	11.7664	3.65726	17.340	31.8690
1399572009.625	n	11.7680	3.65725	17.317	31.8675
1399572009.687	n	11.7697	3.65725	17.294	31.8661
1399572009.747	n	11.7715	3.65726	17.275	31.8647
1399572009.810	n	11.7732	3.65727	17.255	31.8634
1399572009.876	n	11.7749	3.65728	17.231	31.8620
1399572009.936	n	11.7765	3.65728	17.211	31.8606
1399572009.999	n	11.7782	3.65727	17.188	31.8591
1399572010.062	n	11.7800	3.65728	17.167	31.8576
1399572010.124	n	11.7817	3.65728	17.146	31.8562
1399572010.346	y	11.7835	3.65728	17.127	31.8547
1399572010.390	y	11.7852	3.65728	17.103	31.8532
1399572010.396	n	11.7868	3.65728	17.081	31.8518
1399572010.402	n	11.7884	3.65728	17.058	31.8504
1399572010.437	n	11.7901	3.65728	17.041	31.8490
1399572010.499	n	11.7919	3.65728	17.020	31.8475
1399572010.560	n	11.7937	3.65728	17.000	31.8460
1399572010.623	n	11.7955	3.65728	16.981	31.8444
1399572010.686	n	11.7972	3.65728	16.962	31.8429
1399572010.748	n	11.7990	3.65728	16.940	31.8414
1399572010.812	n	11.8006	3.65728	16.924	31.8400
1399572010.873	n	11.8023	3.65728	16.902	31.8386
1399572010.935	n	11.8041	3.65728	16.886	31.8371
1399572010.999	n	11.8058	3.65728	16.867	31.8356
1399572011.060	n	11.8076	3.65728	16.850	31.8341
1399572011.125	n	11.8094	3.65729	16.832	31.8327
1399572011.187	n	11.8111	3.65730	16.816	31.8313
1399572011.249	n	11.8128	3.65730	16.797	31.8298
1399572011.312	n	11.8146	3.65729	16.779	31.8283
1399572011.373	n	11.8162	3.65729	16.758	31.8268
1399572011.435	n	11.8179	3.65729	16.742	31.8254
1399572011.499	n	11.8195	3.65729	16.726	31.8240
1399572011.562	n	11.8212	3.65730	16.708	31.8227
1399572011.623	n	11.8228	3.65730	16.690	31.8214
1399572011.685	n	11.8244	3.65730	16.672	31.8200
1399572011.748	n	11.8260	3.65730	16.657	31.8186
1399572011.811	n	11.8275	3.65729	16.638	31.8173
1399572011.873	n	11.8290	3.65730	16.618	31.8160
1399572011.936	n	11.8306	3.65730	16.600	31.8147
1399572011.998	n	11.8321	3.65730	16.581	31.8134
1399572012.060	n	11.8337	3.65731	16.564	31.8121
1399572012.124	n	11.8353	3.65730	16.549	31.8108
1399572012.185	n	11.8368	3.65730	16.531	31.8094
1399572012.249	n	11.8384	3.65730	16.511	31.8081
1399572012.311	n	11.8399	3.65730	16.495	31.8068
1399572012.375	n	11.8414	3.65730	16.478	31.8055
1399572012.436	n	11.8430	3.65730	16.461	31.8042
1399572012.498	n	11.8445	3.65730	16.440	31.8029
1399572012.560	n	11.8460	3.65730	16.424	31.8017
1399572012.623	n	11.8475	3.65730	16.405	31.8003
1399572012.686	n	11.8491	3.65730	16.385	31.7990
1399572012.749	n	11.8508	3.65730	16.369	31.7975
1399572012.810	n	11.8525	3.65730	16.354	31.7961
1399572012.874	n	11.8541	3.65730	16.337	31.7947
1399572012.935	n	11.8557	3.65731	16.321	31.7934
1399572012.997	n	11.8574	3.65731	16.303	31.7921
1399572013.061	n	11.8590	3.65731	16.283	31.7906
1399572013.123	n	11.8608	3.65730	16.267	31.7891
1399572013.185	n	11.8625	3.65730	16.253	31.7875
1399572013.248	n	11.8642	3.65729	16.239	31.7861
1399572013.310	n	11.8658	3.65729	16.219	31.7847
1399572013.374	n	11.8675	3.65729	16.202	31.7833
1399572013.436	n	11.8692	3.65729	16.185	31.7818
1399572013.498	n	11.8709	3.65728	16.169	31.7803
1399572013.562	n	11.8726	3.65728	16.154	31.7789
1399572013.623	n	11.8743	3.65729	16.135	31.7774
1399572013.686	n	11.8760	3.65729	16.115	31.7761
1399572013.748	n	11.8777	3.65730	16.099	31.7747
1399572013.810	n	11.8793	3.65730	16.083	31.7733
1399572013.873	n	11.8809	3.65731	16.062	31.7720
1399572013.950	y	11.8826	3.65731	16.045	31.7706
1399572013.998	n	11.8843	3.65730	16.028	31.7691
1399572014.060	n	11.8860	3.65730	16.014	31.7676
1399572014.124	n	11.8876	3.65729	15.988	31.7662
1399572014.187	n	11.8892	3.65729	15.969	31.7648
1399572014.248	n	11.8908	3.65730	15.948	31.7635
1399572014.312	n	11.8924	3.65730	15.929	31.7621
1399572014.373	n	11.8941	3.65730	15.912	31.7608
1399572014.565	y	11.8957	3.65729	15.891	31.7593
1399572014.582	n	11.8973	3.65729	15.867	31.7580
1399572014.589	n	11.8989	3.65729	15.849	31.7566
1399572014.624	n	11.9005	3.65730	15.828	31.7553
1399572014.685	n	11.9021	3.65730	15.808	31.7540
1399572014.748	n	11.9037	3.65730	15.788	31.7527
1399572014.811	n	11.9052	3.65730	15.766	31.7513
1399572014.873	n	11.9067	3.65729	15.744	31.7501
1399572014.935	n	11.9082	3.65730	15.722	31.7488
1399572014.999	n	11.9097	3.65730	15.702	31.7475
1399572015.062	n	11.9113	3.65729	15.680	31.7462
1399572015.123	n	11.9129	3.65729	15.656	31.7448
1399572015.186	n	11.9144	3.65730	15.637	31.7435
1399572015.249	n	11.9160	3.65730	15.618	31.7422
1399572015.311	n	11.9177	3.65730	15.595	31.7408
1399572015.374	n	11.9193	3.65729	15.573	31.7393
1399572015.437	n	11.9210	3.65728	15.552	31.7378
1399572015.498	n	11.9228	3.65727	15.531	31.7362
1399572015.561	n	11.9246	3.65728	15.510	31.7348
1399572015.623	n	11.9264	3.65729	15.490	31.7333
1399572015.686	n	11.9284	3.65731	15.471	31.7318
1399572015.748	n	11.9304	3.65732	15.448	31.7303
1399572015.812	n	11.9324	3.65733	15.429	31.7285
1399572015.873	n	11.9346	3.65732	15.408	31.7267
1399572015.936	n	11.9368	3.65732	15.390	31.7247
1399572015.997	n	11.9391	3.65731	15.365	31.7227
1399572016.062	n	11.9414	3.65730	15.346	31.7207
1399572016.125	n	11.9437	3.65730	15.325	31.7187
1399572016.185	n	11.9461	3.65730	15.304	31.7167
1399572016.248	n	11.9485	3.65730	15.290	31.7147
1399572016.311	n	11.9510	3.65730	15.268	31.7125
1399572016.374	n	11.9536	3.65730	15.244	31.7103
1399572016.436	n	11.9563	3.65730	15.222	31.7081
1399572016.498	n	11.9589	3.65729	15.204	31.7058
1399572016.561	n	11.9616	3.65730	15.181	31.7036
1399572016.623	n	11.9643	3.65730	15.158	31.7013
1399572016.687	n	11.9671	3.65730	15.137	31.6989
1399572016.749	n	11.9699	3.65731	15.116	31.6967
1399572016.813	n	11.9726	3.65732	15.097	31.6945
1399572016.875	n	11.9754	3.65733	15.074	31.6922
1399572016.936	n	11.9782	3.65734	15.053	31.6899
1399572016.998	n	11.9810	3.65733	15.031	31.6875
1399572017.060	n	11.9837	3.65733	15.008	31.6851
1399572017.125	n	11.9864	3.65733	14.988	31.6828
1399572017.187	n	11.9891	3.65734	14.969	31.6807
1399572017.248	n	11.9917	3.65735	14.950	31.6786
1399572017.312	n	11.9942	3.65734	14.931	31.6764
1399572017.374	n	11.9967	3.65735	14.909	31.6743
1399572017.435	n	11.9990	3.65735	14.889	31.6723
1399572017.500	n	12.0013	3.65735	14.876	31.6705
1399572017.562	n	12.0036	3.65736	14.853	31.6687
1399572017.625	n	12.0057	3.65736	14.835	31.6669
1399572017.687	y	12.0078	3.65736	14.812	31.6651
1399572017.749	n	12.0098	3.65735	14.792	31.6633
1399572017.811	n	12.0118	3.65734	14.777	31.6615
1399572017.873	n	12.0137	3.65734	14.759	31.6598
1399572017.935	n	12.0156	3.65734	14.738	31.6583
1399572018.000	n	12.0175	3.65735	14.719	31.6568
1399572018.062	n	12.0193	3.65735	14.700	31.6552
1399572018.124	n	12.0211	3.65735	14.680	31.6537
1399572018.187	n	12.0229	3.65735	14.660	31.6522
1399572018.249	n	12.0246	3.65735	14.643	31.6508
1399572018.311	n	12.0263	3.65735	14.622	31.6493
1399572018.374	n	12.0280	3.65735	14.603	31.6479
1399572018.435	n	12.0297	3.65734	14.586	31.6464
1399572018.498	n	12.0314	3.65733	14.563	31.6449
1399572018.562	n	12.0331	3.65733	14.545	31.6434
1399572018.625	n	12.0348	3.65733	14.526	31.6420
1399572018.775	y	12.0365	3.65734	14.508	31.6407
1399572018.780	n	12.0382	3.65735	14.487	31.6393
1399572018.812	n	12.0399	3.65736	14.466	31.6380
1399572018.873	n	12.0416	3.65736	14.450	31.6366
1399572018.936	n	12.0433	3.65736	14.429	31.6351
1399572018.999	n	12.0450	3.65736	14.409	31.6337
1399572019.061	n	12.0466	3.65736	14.394	31.6322
1399572019.125	n	12.0483	3.65735	14.375	31.6308
1399572019.187	n	12.0500	3.65736	14.359	31.6295
1399572019.249	n	12.0516	3.65736	14.343	31.6281
1399572019.310	n	12.0533	3.65737	14.323	31.6268
1399572019.373	n	12.0551	3.65738	14.306	31.6253
1399572019.437	n	12.0569	3.65737	14.291	31.6238
1399572019.499	n	12.0586	3.65735	14.270	31.6221
1399572019.562	n	12.0603	3.65734	14.257	31.6205
1399572019.624	n	12.0620	3.65733	14.239	31.6190
1399572019.686	n	12.0639	3.65733	14.223	31.6175
1399572019.747	n	12.0657	3.65734	14.201	31.6160
1399572019.812	n	12.0676	3.65736	14.184	31.6146
1399572019.873	n	12.0694	3.65737	14.165	31.6132
1399572019.936	n	12.0712	3.65738	14.146	31.6118
1399572019.998	n	12.0729	3.65738	14.125	31.6103
1399572020.061	n	12.0746	3.65738	14.104	31.6089
1399572020.123	n	12.0763	3.65738	14.082	31.6075
1399572020.186	n	12.0780	3.65738	14.062	31.6060
1399572020.247	n	12.0796	3.65737	14.041	31.6046
1399572020.312	n	12.0812	3.65736	14.020	31.6032
1399572020.374	n	12.0827	3.65735	14.000	31.6018
1399572020.494	y	12.0842	3.65735	13.977	31.6005
1399572020.499	n	12.0857	3.65734	13.955	31.5993
1399572020.560	n	12.0871	3.65734	13.937	31.5981
1399572020.623	n	12.0885	3.65734	13.921	31.5969
1399572020.686	n	12.0899	3.65735	13.894	31.5958
1399572020.748	n	12.0912	3.65736	13.875	31.5947
1399572020.811	n	12.0926	3.65736	13.853	31.5937
1399572020.874	n	12.0939	3.65736	13.835	31.5925
1399572020.935	n	12.0952	3.65735	13.817	31.5914
1399572020.999	n	12.0964	3.65735	13.797	31.5904
1399572021.062	n	12.0975	3.65735	13.778	31.5894
1399572021.123	n	12.0986	3.65736	13.758	31.5885
1399572021.185	n	12.0997	3.65736	13.739	31.5877
1399572021.248	y	12.1008	3.65736	13.720	31.5867
1399572021.311	n	12.1020	3.65736	13.700	31.5857
1399572021.373	n	12.1031	3.65735	13.681	31.5847
1399572021.436	n	12.1043	3.65735	13.661	31.5837
1399572021.500	n	12.1054	3.65735	13.640	31.5828
1399572021.562	n	12.1065	3.65736	13.620	31.5819
1399572021.623	n	12.1076	3.65735	13.600	31.5809
1399572021.687	n	12.1087	3.65734	13.577	31.5800
1399572021.749	n	12.1097	3.65733	13.554	31.5790
1399572021.812	n	12.1108	3.65733	13.534	31.5781
1399572021.873	n	12.1119	3.65734	13.513	31.5772
1399572021.935	n	12.1129	3.65735	13.489	31.5764
1399572021.999	n	12.1140	3.65735	13.469	31.5756
1399572022.060	n	12.1150	3.65736	13.444	31.5748
1399572022.124	n	12.1161	3.65735	13.418	31.5739
1399572022.186	n	12.1172	3.65736	13.397	31.5729
1399572022.249	n	12.1185	3.65736	13.377	31.5719
1399572022.312	n	12.1200	3.65736	13.350	31.5707
1399572022.373	n	12.1216	3.65737	13.326	31.5694
1399572022.436	n	12.1234	3.65737	13.305	31.5680
1399572022.499	n	12.1254	3.65738	13.284	31.5663
1399572022.562	n	12.1276	3.65738	13.259	31.5645
1399572022.624	n	12.1302	3.65739	13.235	31.5624
1399572022.685	n	12.1330	3.65740	13.215	31.5602
1399572022.748	n	12.1359	3.65741	13.187	31.5578
1399572022.811	n	12.1391	3.65742	13.168	31.5552
1399572022.872	n	12.1424	3.65742	13.146	31.5524
1399572023.008	y	12.1459	3.65742	13.124	31.5495
1399572023.014	n	12.1496	3.65742	13.100	31.5464
1399572023.061	n	12.1534	3.65743	13.078	31.5432
1399572023.125	n	12.1572	3.65744	13.055	31.5401
1399572023.186	n	12.1611	3.65746	13.031	31.5371
1399572023.248	n	12.1650	3.65749	13.011	31.5341
1399572023.312	n	12.1688	3.65751	12.988	31.5310
1399572023.374	n	12.1726	3.65752	12.963	31.5280
1399572023.436	n	12.1763	3.65752	12.940	31.5248
1399572023.499	n	12.1801	3.65752	12.919	31.5217
1399572023.561	n	12.1838	3.65752	12.896	31.5186
1399572023.624	n	12.1875	3.65753	12.875	31.5156
1399572023.685	n	12.1913	3.65755	12.852	31.5126
1399572023.748	n	12.1950	3.65757	12.829	31.5096
1399572023.811	n	12.1989	3.65758	12.804	31.5065
1399572023.874	n	12.2028	3.65760	12.784	31.5033
1399572023.936	n	12.2068	3.65760	12.761	31.5001
1399572023.997	n	12.2108	3.65761	12.738	31.4968
1399572024.060	n	12.2148	3.65762	12.720	31.4935
1399572024.124	n	12.2189	3.65763	12.696	31.4902
1399572024.185	n	12.2231	3.65764	12.677	31.4867
1399572024.248	n	12.2273	3.65765	12.655	31.4833
1399572024.311	n	12.2316	3.65766	12.634	31.4798
1399572024.374	n	12.2360	3.65768	12.613	31.4763
1399572024.436	n	12.2404	3.65770	12.591	31.4727
1399572024.499	n	12.2450	3.65771	12.570	31.4690
1399572024.561	n	12.2496	3.65772	12.551	31.4653
1399572024.624	n	12.2543	3.65774	12.530	31.4615
1399572024.687	n	12.2590	3.65776	12.509	31.4577
1399572024.749	n	12.2639	3.65778	12.491	31.4538
1399572024.810	n	12.2689	3.65780	12.471	31.4498
1399572024.874	n	12.2740	3.65780	12.450	31.4456
1399572024.936	y	12.2792	3.65781	12.432	31.4414
1399572024.998	n	12.2844	3.65782	12.410	31.4370
1399572025.061	n	12.2896	3.65783	12.393	31.4328
1399572025.124	n	12.2948	3.65784	12.370	31.4285
1399572025.185	n	12.3000	3.65784	12.350	31.4242
1399572025.248	n	12.3051	3.65785	12.332	31.4200
1399572025.312	n	12.3102	3.65787	12.309	31.4159
1399572025.374	n	12.3153	3.65788	12.285	31.4118
1399572025.436	n	12.3203	3.65789	12.267	31.4077
1399572025.499	n	12.3253	3.65791	12.245	31.4037
1399572025.562	n	12.3302	3.65792	12.224	31.3997
1399572025.624	n	12.3352	3.65793	12.205	31.3956
1399572025.687	n	12.3401	3.65795	12.187	31.3917
1399572025.748	n	12.3449	3.65796	12.169	31.3878
1399572025.810	n	12.3497	3.65797	12.148	31.3838
1399572025.874	n	12.3544	3.65798	12.128	31.3800
1399572025.936	n	12.3591	3.65798	12.109	31.3762
1399572025.998	n	12.3636	3.65799	12.090	31.3724
1399572026.062	n	12.3681	3.65800	12.077	31.3688
1399572026.124	n	12.3725	3.65801	12.059	31.3652
1399572026.185	n	12.3768	3.65802	12.041	31.3618
1399572026.248	n	12.3809	3.65804	12.028	31.3584
1399572026.312	n	12.3851	3.65805	12.010	31.3552
1399572026.375	n	12.3891	3.65807	11.995	31.3520
1399572026.435	n	12.3931	3.65808	11.984	31.3488
1399572026.498	n	12.3970	3.65809	11.969	31.3456
1399572026.561	n	12.4009	3.65810	11.955	31.3424
1399572026.624	n	12.4047	3.65811	11.938	31.3394
1399572026.687	n	12.4083	3.65811	11.924	31.3363
1399572026.749	n	12.4119	3.65811	11.910	31.3333
1399572026.811	n	12.4155	3.65811	11.897	31.3303
1399572026.873	n	12.4190	3.65810	11.885	31.3274
1399572026.935	n	12.4225	3.65811	11.870	31.3246
1399572026.999	n	12.4258	3.65812	11.856	31.3219
1399572027.060	n	12.4292	3.65813	11.842	31.3191
1399572027.124	n	12.4325	3.65813	11.827	31.3164
1399572027.332	y	12.4358	3.65815	11.813	31.3138
1399572027.339	n	12.4391	3.65816	11.798	31.3112
1399572027.344	n	12.4423	3.65818	11.787	31.3087
1399572027.373	n	12.4455	3.65819	11.777	31.3061
1399572027.435	n	12.4486	3.65819	11.764	31.3035
1399572027.499	n	12.4518	3.65819	11.748	31.3010
1399572027.561	n	12.4549	3.65820	11.734	31.2984
1399572027.623	n	12.4580	3.65820	11.723	31.2959
1399572027.686	n	12.4612	3.65820	11.712	31.2933
1399572027.750	n	12.4644	3.65821	11.697	31.2906
1399572027.810	n	12.4676	3.65821	11.684	31.2879
1399572027.873	n	12.4709	3.65821	11.676	31.2852
1399572027.936	n	12.4743	3.65821	11.660	31.2825
1399572027.998	n	12.4776	3.65821	11.645	31.2797
1399572028.062	n	12.4809	3.65821	11.633	31.2769
1399572028.123	n	12.4843	3.65822	11.622	31.2741
1399572028.188	n	12.4878	3.65822	11.609	31.2713
1399572028.249	n	12.4914	3.65824	11.595	31.2685
1399572028.313	n	12.4949	3.65825	11.583	31.2656
1399572028.374	n	12.4984	3.65826	11.567	31.2628
1399572028.436	n	12.5019	3.65827	11.554	31.2600
1399572028.498	n	12.5054	3.65827	11.538	31.2572
1399572028.561	n	12.5088	3.65827	11.527	31.2543
1399572028.640	y	12.5123	3.65828	11.510	31.2515
1399572028.686	n	12.5158	3.65828	11.501	31.2487
1399572028.749	n	12.5192	3.65829	11.482	31.2459
1399572028.814	n	12.5225	3.65830	11.464	31.2433
1399572028.875	n	12.5259	3.65832	11.451	31.2406
1399572028.935	n	12.5292	3.65833	11.431	31.2380
1399572028.998	n	12.5325	3.65834	11.417	31.2353
1399572029.061	n	12.5359	3.65835	11.399	31.2326
1399572029.125	n	12.5392	3.65836	11.384	31.2299
1399572029.186	n	12.5426	3.65837	11.372	31.2273
1399572029.248	n	12.5460	3.65839	11.354	31.2246
1399572029.312	n	12.5495	3.65840	11.341	31.2218
1399572029.374	n	12.5529	3.65840	11.320	31.2191
1399572029.436	n	12.5563	3.65841	11.306	31.2164
1399572029.498	n	12.5596	3.65843	11.290	31.2138
1399572029.560	n	12.5628	3.65844	11.276	31.2112
1399572029.622	n	12.5659	3.65845	11.259	31.2087
1399572029.685	n	12.5690	3.65846	11.243	31.2063
1399572029.749	n	12.5720	3.65846	11.228	31.2038
1399572029.812	n	12.5749	3.65847	11.208	31.2015
1399572029.873	n	12.5778	3.65849	11.190	31.1993
1399572029.937	n	12.5805	3.65850	11.173	31.1972
1399572029.998	n	12.5831	3.65852	11.157	31.1952
1399572030.061	n	12.5855	3.65853	11.136	31.1933
1399572030.123	n	12.5879	3.65855	11.119	31.1916
1399572030.186	n	12.5900	3.65856	11.098	31.1898
1399572030.249	n	12.5921	3.65856	11.077	31.1882
1399572030.311	n	12.5941	3.65855	11.055	31.1865
1399572030.374	n	12.5960	3.65855	11.039	31.1848
1399572030.437	n	12.5978	3.65854	11.015	31.1832
1399572030.499	n	12.5997	3.65854	10.994	31.1818
1399572030.561	n	12.6014	3.65855	10.972	31.1804
1399572030.624	n	12.6031	3.65855	10.948	31.1790
1399572030.686	n	12.6048	3.65856	10.928	31.1777
1399572030.749	n	12.6064	3.65857	10.906	31.1765
1399572030.811	n	12.6079	3.65857	10.885	31.1753
1399572030.874	n	12.6095	3.65858	10.860	31.1741
1399572030.936	n	12.6111	3.65860	10.839	31.1729
1399572030.998	n	12.6126	3.65860	10.819	31.1716
1399572031.062	n	12.6142	3.65860	10.796	31.1703
1399572031.125	n	12.6158	3.65860	10.775	31.1691
1399572031.189	n	12.6173	3.65860	10.749	31.1678
1399572031.248	n	12.6189	3.65861	10.727	31.1666
1399572031.311	n	12.6204	3.65862	10.704	31.1655
1399572031.373	n	12.6218	3.65863	10.681	31.1643
1399572031.521	y	12.6233	3.65863	10.659	31.1632
1399572031.527	n	12.6247	3.65862	10.636	31.1620
1399572031.560	n	12.6261	3.65862	10.610	31.1607
1399572031.624	n	12.6275	3.65862	10.588	31.1596
1399572031.686	n	12.6290	3.65863	10.564	31.1585
1399572031.748	n	12.6304	3.65863	10.542	31.1573
1399572031.811	n	12.6318	3.65863	10.516	31.1562
1399572031.872	n	12.6332	3.65862	10.493	31.1549
1399572031.936	n	12.6346	3.65861	10.471	31.1536
1399572031.998	n	12.6360	3.65861	10.447	31.1526
1399572032.062	n	12.6373	3.65861	10.422	31.1515
1399572032.123	n	12.6386	3.65862	10.396	31.1505
1399572032.188	n	12.6399	3.65864	10.372	31.1496
1399572032.249	y	12.6413	3.65865	10.352	31.1486
1399572032.312	n	12.6426	3.65865	10.329	31.1475
1399572032.374	n	12.6440	3.65865	10.306	31.1464
1399572032.437	n	12.6454	3.65865	10.282	31.1452
1399572032.499	n	12.6467	3.65865	10.257	31.1441
1399572032.560	n	12.6479	3.65865	10.237	31.1431
1399572032.624	n	12.6492	3.65866	10.213	31.1422
1399572032.685	n	12.6504	3.65867	10.191	31.1413
1399572032.748	n	12.6517	3.65867	10.170	31.1403
1399572032.811	n	12.6529	3.65867	10.149	31.1393
1399572032.875	n	12.6541	3.65866	10.127	31.1382
1399572032.936	n	12.6552	3.65864	10.106	31.1371
1399572032.998	n	12.6564	3.65864	10.087	31.1361
1399572033.061	n	12.6576	3.65865	10.064	31.1352
1399572033.123	n	12.6588	3.65867	10.044	31.1344
1399572033.186	n	12.6600	3.65869	10.021	31.1336
1399572033.249	n	12.6611	3.65869	10.000	31.1328
1399572033.312	n	12.6622	3.65870	9.981	31.1319
1399572033.374	n	12.6634	3.65869	9.961	31.1309
1399572033.436	n	12.6646	3.65870	9.942	31.1299
1399572033.500	n	12.6658	3.65870	9.919	31.1291
1399572033.561	n	12.6670	3.65871	9.903	31.1282
1399572033.625	n	12.6682	3.65872	9.885	31.1273
1399572033.687	n	12.6694	3.65872	9.865	31.1263
1399572033.749	n	12.6707	3.65872	9.848	31.1252
1399572033.810	n	12.6720	3.65872	9.829	31.1241
1399572033.874	n	12.6733	3.65873	9.809	31.1231
1399572033.937	n	12.6746	3.65874	9.792	31.1221
1399572033.998	n	12.6759	3.65874	9.776	31.1211
1399572034.061	n	12.6773	3.65875	9.760	31.1201
1399572034.124	n	12.6786	3.65875	9.741	31.1190
1399572034.188	n	12.6799	3.65876	9.726	31.1179
1399572034.248	n	12.6812	3.65876	9.708	31.1169
1399572034.311	n	12.6826	3.65875	9.691	31.1157
1399572034.373	n	12.6839	3.65875	9.675	31.1146
1399572034.435	n	12.6852	3.65876	9.660	31.1136
1399572034.498	n	12.6864	3.65877	9.639	31.1127
1399572034.561	n	12.6876	3.65878	9.624	31.1119
1399572034.626	n	12.6888	3.65880	9.612	31.1111
1399572034.686	n	12.6900	3.65881	9.594	31.1102
1399572034.748	n	12.6912	3.65882	9.579	31.1094
1399572034.812	n	12.6923	3.65884	9.564	31.1085
1399572034.873	n	12.6935	3.65884	9.546	31.1077
1399572034.936	n	12.6946	3.65885	9.533	31.1067
1399572034.999	n	12.6958	3.65885	9.515	31.1058
1399572035.061	n	12.6969	3.65885	9.502	31.1049
1399572035.125	n	12.6981	3.65886	9.490	31.1040
1399572035.186	n	12.6992	3.65887	9.473	31.1032
1399572035.248	n	12.7002	3.65887	9.456	31.1024
1399572035.310	n	12.7013	3.65888	9.444	31.1016
1399572035.374	n	12.7023	3.65888	9.427	31.1007
1399572035.531	y	12.7033	3.65888	9.413	31.1000
1399572035.537	n	12.7043	3.65890	9.400	31.0993
1399572035.562	n	12.7052	3.65891	9.386	31.0987
1399572035.624	n	12.7062	3.65892	9.371	31.0979
1399572035.687	n	12.7072	3.65892	9.357	31.0972
1399572035.748	n	12.7082	3.65892	9.342	31.0963
1399572035.811	n	12.7091	3.65892	9.325	31.0956
1399572035.917	y	12.7100	3.65893	9.309	31.0949
1399572035.936	y	12.7109	3.65893	9.296	31.0943
1399572035.999	n	12.7117	3.65894	9.283	31.0937
1399572036.060	n	12.7126	3.65895	9.267	31.0931
1399572036.125	n	12.7134	3.65896	9.252	31.0925
1399572036.188	n	12.7142	3.65898	9.237	31.0920
1399572036.247	n	12.7149	3.65899	9.228	31.0915
1399572036.311	n	12.7157	3.65900	9.210	31.0909
1399572036.375	n	12.7165	3.65901	9.197	31.0904
1399572036.436	n	12.7173	3.65902	9.183	31.0898
1399572036.498	n	12.7182	3.65903	9.164	31.0892
1399572036.562	n	12.7190	3.65905	9.152	31.0887
1399572036.623	n	12.7198	3.65906	9.141	31.0882
1399572036.687	n	12.7205	3.65905	9.130	31.0875
1399572036.749	n	12.7213	3.65905	9.113	31.0869
1399572036.811	n	12.7221	3.65906	9.099	31.0862
1399572036.874	n	12.7230	3.65906	9.086	31.0856
1399572036.936	n	12.7238	3.65906	9.068	31.0849
1399572036.998	n	12.7246	3.65907	9.053	31.0844
1399572037.060	n	12.7254	3.65909	9.042	31.0839
1399572037.124	n	12.7262	3.65911	9.027	31.0834
1399572037.188	n	12.7269	3.65913	9.011	31.0830
1399572037.248	n	12.7277	3.65914	8.998	31.0825
1399572037.312	n	12.7285	3.65914	8.982	31.0818
1399572037.373	n	12.7294	3.65914	8.970	31.0811
1399572037.435	n	12.7302	3.65914	8.953	31.0805
1399572037.499	n	12.7311	3.65916	8.937	31.0799
1399572037.563	n	12.7319	3.65917	8.921	31.0794
1399572037.624	n	12.7327	3.65919	8.908	31.0788
1399572037.685	n	12.7336	3.65920	8.891	31.0782
1399572037.748	n	12.7345	3.65921	8.875	31.0776
1399572037.812	n	12.7354	3.65922	8.861	31.0769
1399572037.875	n	12.7363	3.65922	8.844	31.0762
1399572037.937	n	12.7373	3.65924	8.829	31.0756
1399572037.999	n	12.7382	3.65926	8.812	31.0750
1399572038.061	n	12.7392	3.65928	8.796	31.0745
1399572038.124	n	12.7401	3.65930	8.779	31.0739
1399572038.188	n	12.7409	3.65931	8.761	31.0733
1399572038.248	n	12.7418	3.65931	8.748	31.0726
1399572038.313	n	12.7426	3.65933	8.724	31.0721
1399572038.374	n	12.7434	3.65935	8.705	31.0717
1399572038.436	n	12.7441	3.65938	8.686	31.0713
1399572038.498	n	12.7449	3.65940	8.670	31.0709
1399572038.562	n	12.7457	3.65942	8.649	31.0704
1399572038.624	n	12.7465	3.65942	8.633	31.0699
1399572038.687	n	12.7473	3.65943	8.618	31.0693
1399572038.749	n	12.7481	3.65944	8.595	31.0687
1399572038.812	n	12.7488	3.65946	8.576	31.0682
1399572038.873	n	12.7496	3.65947	8.557	31.0678
1399572038.935	n	12.7503	3.65950	8.536	31.0675
1399572039.000	n	12.7510	3.65953	8.520	31.0672
1399572039.062	n	12.7517	3.65955	8.500	31.0668
1399572039.123	n	12.7525	3.65957	8.480	31.0664
1399572039.187	n	12.7532	3.65959	8.458	31.0660
1399572039.249	n	12.7540	3.65961	8.439	31.0655
1399572039.311	n	12.7547	3.65965	8.422	31.0653
1399572039.374	n	12.7554	3.65967	8.404	31.0650
1399572039.437	n	12.7560	3.65969	8.381	31.0647
1399572039.499	n	12.7566	3.65971	8.360	31.0643
1399572039.578	y	12.7572	3.65972	8.341	31.0640
1399572039.623	n	12.7578	3.65973	8.318	31.0636
1399572039.734	y	12.7584	3.65974	8.297	31.0632
1399572039.749	n	12.7590	3.65975	8.277	31.0628
1399572039.811	n	12.7596	3.65977	8.252	31.0625
1399572039.873	n	12.7602	3.65979	8.229	31.0622
1399572039.935	n	12.7608	3.65981	8.208	31.0619
1399572039.998	n	12.7614	3.65983	8.188	31.0615
1399572040.061	n	12.7620	3.65984	8.166	31.0612
1399572040.123	n	12.7626	3.65985	8.142	31.0608
1399572040.186	n	12.7631	3.65987	8.120	31.0605
1399572040.249	n	12.7635	3.65988	8.101	31.0603
1399572040.310	n	12.7640	3.65989	8.078	31.0601
1399572040.376	n	12.7644	3.65989	8.059	31.0597
1399572040.436	n	12.7648	3.65989	8.038	31.0593
1399572040.498	n	12.7653	3.65989	8.015	31.0590
1399572040.562	n	12.7657	3.65989	7.990	31.0586
1399572040.623	n	12.7662	3.65989	7.969	31.0583
1399572040.686	n	12.7667	3.65991	7.949	31.0580
1399572040.749	n	12.7671	3.65991	7.926	31.0577
1399572040.810	n	12.7676	3.65992	7.904	31.0574
1399572040.875	n	12.7680	3.65992	7.882	31.0571
1399572040.936	n	12.7684	3.65993	7.862	31.0569
1399572040.998	n	12.7687	3.65993	7.839	31.0566
1399572041.061	n	12.7691	3.65994	7.822	31.0564
1399572041.123	n	12.7695	3.65995	7.799	31.0562
1399572041.186	n	12.7699	3.65994	7.778	31.0558
1399572041.249	n	12.7703	3.65994	7.760	31.0555
1399572041.310	n	12.7707	3.65994	7.738	31.0552
1399572041.374	n	12.7711	3.65994	7.723	31.0548
1399572041.436	n	12.7715	3.65995	7.703	31.0545
1399572041.498	n	12.7719	3.65995	7.684	31.0542
1399572041.562	n	12.7723	3.65995	7.664	31.0539
1399572041.624	n	12.7727	3.65996	7.647	31.0537
1399572041.686	n	12.7732	3.65998	7.626	31.0535
1399572041.751	n	12.7736	3.65999	7.606	31.0533
1399572041.811	n	12.7740	3.66000	7.590	31.0530
1399572041.874	n	12.7743	3.66000	7.572	31.0528
1399572041.936	n	12.7746	3.66000	7.554	31.0525
1399572041.999	n	12.7750	3.66001	7.538	31.0524
1399572042.060	n	12.7753	3.66002	7.517	31.0522
1399572042.124	y	12.7757	3.66003	7.502	31.0520
1399572042.188	n	12.7760	3.66004	7.485	31.0518
1399572042.248	n	12.7763	3.66005	7.462	31.0517
1399572042.312	n	12.7766	3.66006	7.447	31.0515
1399572042.373	n	12.7769	3.66006	7.435	31.0513
1399572042.437	n	12.7773	3.66007	7.418	31.0511
1399572042.498	n	12.7776	3.66008	7.397	31.0509
1399572042.561	n	12.7780	3.66010	7.380	31.0507
1399572042.623	n	12.7784	3.66011	7.364	31.0506
1399572042.686	n	12.7787	3.66013	7.349	31.0504
1399572042.748	n	12.7791	3.66015	7.332	31.0504
1399572042.812	n	12.7794	3.66017	7.318	31.0503
1399572042.873	n	12.7797	3.66019	7.300	31.0503
1399572042.937	n	12.7801	3.66045	7.285	31.0524
1399572042.999	n	12.7817	3.66127	7.268	31.0588
1399572043.061	n	12.7866	3.66512	7.251	31.0911
1399572043.123	n	12.7949	3.67135	7.237	31.1430
1399572043.189	n	12.8053	3.67834	7.221	31.2003
1399572043.301	y	12.8154	3.68422	7.205	31.2475
1399572043.312	n	12.8227	3.68767	7.187	31.2740
1399572043.373	n	12.8266	3.68822	7.172	31.2759
1399572043.435	n	12.8284	3.68841	7.159	31.2762
1399572043.499	n	12.8292	3.68860	7.144	31.2773
1399572043.561	n	12.8295	3.68878	7.128	31.2788
1399572043.625	n	12.8293	3.68895	7.107	31.2805
1399572043.687	n	12.8289	3.68907	7.093	31.2821
1399572043.752	n	12.8283	3.68916	7.079	31.2834
1399572043.812	n	12.8279	3.68924	7.066	31.2845
1399572043.873	n	12.8277	3.68931	7.049	31.2853
1399572044.047	y	12.8278	3.68938	7.034	31.2860
1399572044.055	n	12.8279	3.68945	7.017	31.2865
1399572044.061	n	12.8280	3.68952	7.003	31.2871
1399572044.125	n	12.8281	3.68959	6.987	31.2876
1399572044.188	n	12.8284	3.68967	6.973	31.2881
1399572044.248	n	12.8289	3.68973	6.960	31.2883
1399572044.313	n	12.8296	3.68980	6.943	31.2883
1399572044.375	n	12.8304	3.68984	6.932	31.2881
1399572044.436	n	12.8313	3.68988	6.915	31.2878
1399572044.499	n	12.8321	3.68992	6.901	31.2875
1399572044.561	n	12.8328	3.68995	6.887	31.2872
1399572044.624	n	12.8333	3.68998	6.870	31.2871
1399572044.686	n	12.8334	3.69000	6.855	31.2872
1399572044.754	n	12.8334	3.69002	6.842	31.2874
1399572044.812	n	12.8333	3.69005	6.823	31.2878
1399572044.875	n	12.8330	3.69007	6.811	31.2882
1399572044.936	n	12.8327	3.69008	6.797	31.2886
1399572044.998	n	12.8323	3.69009	6.781	31.2890
1399572045.061	n	12.8320	3.69009	6.765	31.2892
1399572045.124	n	12.8319	3.69008	6.752	31.2892
1399572045.188	n	12.8319	3.69008	6.739	31.2892
1399572045.248	n	12.8319	3.69006	6.722	31.2891
1399572045.311	n	12.8317	3.69005	6.704	31.2891
1399572045.373	n	12.8315	3.69005	6.691	31.2892
1399572045.437	n	12.8314	3.69003	6.674	31.2892
1399572045.499	n	12.8312	3.69001	6.659	31.2892
1399572045.562	n	12.8310	3.69000	6.642	31.2893
1399572045.623	n	12.8306	3.68999	6.625	31.2895
1399572045.687	n	12.8301	3.69000	6.607	31.2900
1399572045.749	n	12.8297	3.69000	6.588	31.2903
1399572045.813	n	12.8295	3.69001	6.571	31.2906
1399572045.874	n	12.8295	3.69003	6.557	31.2907
1399572045.937	n	12.8295	3.69005	6.541	31.2910
1399572045.999	n	12.8296	3.69009	6.525	31.2913
1399572046.061	n	12.8297	3.69014	6.508	31.2917
1399572046.123	n	12.8297	3.69017	6.490	31.2920
1399572046.186	n	12.8297	3.69020	6.476	31.2923
1399572046.248	n	12.8296	3.69022	6.459	31.2925
1399572046.312	n	12.8295	3.69022	6.444	31.2927
1399572046.375	n	12.8292	3.69022	6.431	31.2929
1399572046.436	n	12.8286	3.69021	6.414	31.2933
1399572046.499	n	12.8274	3.69021	6.395	31.2942
1399572046.561	n	12.8259	3.69020	6.381	31.2955
1399572046.625	n	12.8245	3.69020	6.361	31.2966
1399572046.686	n	12.8233	3.69019	6.346	31.2976
1399572046.749	n	12.8225	3.69019	6.327	31.2982
1399572046.812	n	12.8220	3.69018	6.307	31.2985
1399572046.894	y	12.8218	3.69018	6.287	31.2987
1399572046.936	n	12.8217	3.69018	6.268	31.2988
1399572046.999	n	12.8218	3.69018	6.250	31.2987
1399572047.061	n	12.8220	3.69018	6.230	31.2985
1399572047.125	n	12.8223	3.69019	6.209	31.2984
1399572047.188	n	12.8226	3.69020	6.185	31.2983
1399572047.248	n	12.8229	3.69021	6.163	31.2982
1399572047.312	n	12.8232	3.69022	6.144	31.2980
1399572047.374	n	12.8235	3.69023	6.124	31.2978
1399572047.436	n	12.8237	3.69023	6.105	31.2977
1399572047.499	n	12.8237	3.69023	6.086	31.2977
1399572047.562	n	12.8239	3.69025	6.065	31.2976
1399572047.624	n	12.8244	3.69027	6.048	31.2975
1399572047.685	n	12.8252	3.69029	6.026	31.2971
1399572047.749	n	12.8260	3.69030	6.006	31.2965
1399572047.812	n	12.8267	3.69031	5.985	31.2960
1399572047.874	n	12.8272	3.69031	5.964	31.2956
1399572047.936	n	12.8277	3.69032	5.944	31.2952
1399572047.998	n	12.8282	3.69032	5.921	31.2949
1399572048.062	n	12.8287	3.69032	5.900	31.2945
1399572048.124	n	12.8291	3.69033	5.879	31.2942
1399572048.279	y	12.8294	3.69035	5.859	31.2941
1399572048.285	n	12.8297	3.69036	5.839	31.2941
1399572048.313	n	12.8299	3.69038	5.815	31.2941
1399572048.374	n	12.8300	3.69040	5.792	31.2942
1399572048.436	n	12.8300	3.69040	5.772	31.2942
1399572048.498	n	12.8298	3.69040	5.752	31.2944
1399572048.562	n	12.8294	3.69039	5.729	31.2945
1399572048.624	n	12.8292	3.69038	5.706	31.2947
1399572048.686	n	12.8290	3.69038	5.688	31.2948
1399572048.749	n	12.8289	3.69037	5.669	31.2948
1399572048.811	n	12.8289	3.69036	5.647	31.2948
1399572048.874	n	12.8289	3.69036	5.631	31.2947
1399572048.936	n	12.8290	3.69036	5.612	31.2947
1399572049.001	n	12.8293	3.69038	5.595	31.2946
1399572049.061	n	12.8296	3.69041	5.576	31.2947
1399572049.124	n	12.8298	3.69043	5.559	31.2947
1399572049.188	n	12.8299	3.69043	5.543	31.2947
1399572049.248	n	12.8299	3.69042	5.526	31.2946
1399572049.312	n	12.8298	3.69041	5.509	31.2946
1399572049.373	n	12.8295	3.69039	5.490	31.2947
1399572049.435	n	12.8291	3.69038	5.467	31.2949
1399572049.499	n	12.8287	3.69038	5.452	31.2952
1399572049.562	n	12.8286	3.69038	5.437	31.2953
1399572049.623	n	12.8285	3.69038	5.417	31.2954
1399572049.687	n	12.8284	3.69038	5.395	31.2955
1399572049.748	n	12.8284	3.69038	5.378	31.2956
1399572049.810	n	12.8283	3.69039	5.356	31.2956
1399572049.874	n	12.8283	3.69040	5.339	31.2957
1399572049.937	n	12.8282	3.69040	5.318	31.2958
1399572049.999	n	12.8280	3.69039	5.301	31.2959
1399572050.062	n	12.8275	3.69038	5.280	31.2962
1399572050.123	n	12.8271	3.69037	5.261	31.2966
1399572050.188	n	12.8268	3.69037	5.244	31.2967
1399572050.248	n	12.8270	3.69039	5.228	31.2968
1399572050.312	n	12.8276	3.69042	5.213	31.2966
1399572050.375	n	12.8284	3.69044	5.196	31.2961
1399572050.435	n	12.8291	3.69046	5.177	31.2957
1399572050.499	n	12.8295	3.69047	5.161	31.2955
1399572050.561	y	12.8294	3.69047	5.140	31.2956
1399572050.625	n	12.8292	3.69048	5.123	31.2958
1399572050.686	n	12.8290	3.69049	5.103	31.2960
1399572050.749	n	12.8289	3.69049	5.084	31.2962
1399572050.812	n	12.8288	3.69049	5.065	31.2963
1399572050.873	n	12.8287	3.69048	5.045	31.2963
1399572050.937	n	12.8285	3.69046	5.027	31.2964
1399572050.999	n	12.8283	3.69044	5.006	31.2963
1399572051.063	n	12.8282	3.69042	4.988	31.2962
1399572051.123	n	12.8281	3.69042	4.968	31.2963
1399572051.189	n	12.8279	3.69043	4.949	31.2965
1399572051.249	n	12.8279	3.69044	4.928	31.2967
1399572051.416	y	12.8280	3.69046	4.909	31.2967
1399572051.421	n	12.8285	3.69046	4.895	31.2963
1399572051.437	n	12.8290	3.69046	4.877	31.2959
1399572051.499	n	12.8294	3.69046	4.860	31.2956
1399572051.561	n	12.8296	3.69046	4.840	31.2955
1399572051.623	n	12.8295	3.69045	4.821	31.2955
1399572051.686	n	12.8294	3.69045	4.802	31.2956
1399572051.748	n	12.8292	3.69044	4.786	31.2956
1399572051.812	n	12.8292	3.69044	4.769	31.2956
1399572051.875	n	12.8291	3.69044	4.751	31.2957
1399572051.936	n	12.8291	3.69045	4.733	31.2958
1399572051.999	n	12.8290	3.69045	4.718	31.2959
1399572052.061	n	12.8289	3.69046	4.704	31.2960
1399572052.124	n	12.8289	3.69045	4.687	31.2960
1399572052.185	n	12.8288	3.69044	4.670	31.2960
1399572052.248	n	12.8288	3.69044	4.657	31.2960
1399572052.312	n	12.8288	3.69044	4.645	31.2960
1399572052.375	n	12.8288	3.69044	4.630	31.2960
1399572052.498	y	12.8288	3.69044	4.616	31.2960
1399572052.503	n	12.8288	3.69044	4.600	31.2960
1399572052.561	n	12.8289	3.69045	4.587	31.2960
1399572052.623	n	12.8289	3.69046	4.576	31.2961
1399572052.686	n	12.8288	3.69048	4.563	31.2964
1399572052.750	n	12.8287	3.69049	4.546	31.2965
1399572052.812	n	12.8286	3.69048	4.532	31.2966
1399572052.874	n	12.8284	3.69047	4.516	31.2967
1399572052.937	n	12.8283	3.69046	4.501	31.2967
1399572052.999	n	12.8283	3.69046	4.487	31.2966
1399572053.061	n	12.8285	3.69047	4.472	31.2967
1399572053.124	n	12.8287	3.69049	4.456	31.2966
1399572053.187	n	12.8288	3.69049	4.440	31.2965
1399572053.249	n	12.8286	3.69048	4.426	31.2966
1399572053.311	n	12.8282	3.69047	4.410	31.2969
1399572053.374	n	12.8278	3.69046	4.392	31.2971
1399572053.435	n	12.8276	3.69047	4.375	31.2974
1399572053.499	n	12.8275	3.69048	4.357	31.2975
1399572053.562	n	12.8274	3.69046	4.339	31.2975
1399572053.623	n	12.8270	3.69044	4.325	31.2976
1399572053.687	n	12.8264	3.69043	4.306	31.2980
1399572053.752	n	12.8259	3.69042	4.292	31.2983
1399572053.810	n	12.8257	3.69042	4.277	31.2986
1399572053.874	n	12.8256	3.69042	4.258	31.2986
1399572053.935	n	12.8258	3.69042	4.241	31.2984
1399572053.999	n	12.8262	3.69042	4.224	31.2982
1399572054.061	n	12.8267	3.69043	4.209	31.2979
1399572054.125	n	12.8271	3.69044	4.190	31.2976
1399572054.187	n	12.8273	3.69044	4.171	31.2974
1399572054.271	y	12.8273	3.69042	4.150	31.2972
1399572054.313	n	12.8271	3.69039	4.131	31.2971
1399572054.374	n	12.8268	3.69037	4.108	31.2972
1399572054.435	n	12.8265	3.69037	4.086	31.2974
1399572054.498	n	12.8265	3.69038	4.061	31.2976
1399572054.560	n	12.8267	3.69040	4.040	31.2976
1399572054.624	n	12.8270	3.69041	4.022	31.2974
1399572054.686	n	12.8272	3.69040	3.999	31.2972
1399572054.748	n	12.8272	3.69039	3.978	31.2971
1399572054.812	n	12.8271	3.69037	3.957	31.2970
1399572054.873	n	12.8270	3.69036	3.937	31.2970
1399572054.936	n	12.8269	3.69036	3.921	31.2971
1399572054.998	n	12.8266	3.69036	3.903	31.2974
1399572055.062	n	12.8261	3.69036	3.885	31.2978
1399572055.124	n	12.8255	3.69037	3.861	31.2983
1399572055.187	n	12.8251	3.69038	3.845	31.2988
1399572055.249	n	12.8249	3.69038	3.826	31.2989
1399572055.313	n	12.8249	3.69036	3.810	31.2988
1399572055.375	n	12.8249	3.69033	3.793	31.2986
1399572055.436	n	12.8247	3.69031	3.774	31.2985
1399572055.499	n	12.8245	3.69029	3.757	31.2986
1399572055.560	n	12.8241	3.69030	3.742	31.2989
1399572055.625	n	12.8238	3.69030	3.727	31.2992
1399572055.686	n	12.8235	3.69030	3.712	31.2995
1399572055.749	n	12.8234	3.69030	3.698	31.2996
1399572055.810	n	12.8234	3.69030	3.678	31.2995
1399572055.874	n	12.8237	3.69031	3.667	31.2994
1399572055.937	n	12.8239	3.69032	3.653	31.2993
1399572055.999	n	12.8241	3.69032	3.641	31.2992
1399572056.061	n	12.8241	3.69032	3.628	31.2991
1399572056.123	n	12.8239	3.69031	3.622	31.2992
1399572056.187	n	12.8235	3.69029	3.611	31.2993
1399572056.250	n	12.8233	3.69027	3.599	31.2993
1399572056.312	n	12.8233	3.69027	3.592	31.2994
1399572056.375	n	12.8234	3.69028	3.581	31.2994
1399572056.437	n	12.8235	3.69030	3.570	31.2995
1399572056.499	n	12.8236	3.69031	3.559	31.2995
1399572056.561	n	12.8237	3.69031	3.546	31.2994
1399572056.625	n	12.8237	3.69029	3.534	31.2992
1399572056.736	y	12.8237	3.69027	3.524	31.2991
1399572056.749	n	12.8237	3.69026	3.511	31.2990
1399572056.813	n	12.8236	3.69026	3.497	31.2991
1399572056.875	n	12.8236	3.69027	3.481	31.2992
1399572056.936	n	12.8235	3.69029	3.465	31.2994
1399572056.998	n	12.8235	3.69030	3.447	31.2996
1399572057.062	n	12.8234	3.69032	3.431	31.2998
1399572057.124	n	12.8232	3.69033	3.419	31.3001
1399572057.187	n	12.8227	3.69033	3.401	31.3005
1399572057.249	n	12.8218	3.69031	3.384	31.3010
1399572057.311	n	12.8205	3.69027	3.372	31.3018
1399572057.373	n	12.8189	3.69022	3.354	31.3026
1399572057.435	n	12.8172	3.69016	3.337	31.3035
1399572057.498	n	12.8156	3.69011	3.324	31.3043
1399572057.563	n	12.8143	3.69008	3.305	31.3051
1399572057.624	n	12.8137	3.69007	3.292	31.3055
1399572057.687	n	12.8143	3.69010	3.276	31.3054
1399572057.748	n	12.8157	3.69015	3.261	31.3046
1399572057.899	y	12.8175	3.69020	3.245	31.3036
1399572057.904	n	12.8191	3.69024	3.232	31.3027
1399572057.936	n	12.8198	3.69026	3.215	31.3023
1399572057.998	n	12.8201	3.69027	3.197	31.3022
1399572058.061	n	12.8205	3.69029	3.181	31.3021
1399572058.125	n	12.8212	3.69031	3.164	31.3016
1399572058.187	n	12.8221	3.69032	3.144	31.3010
1399572058.248	n	12.8226	3.69032	3.127	31.3006
1399572058.312	n	12.8223	3.69031	3.109	31.3007
1399572058.374	n	12.8213	3.69027	3.093	31.3012
1399572058.437	n	12.8198	3.69021	3.080	31.3019
1399572058.498	n	12.8179	3.69015	3.061	31.3028
1399572058.560	n	12.8163	3.69009	3.042	31.3037
1399572058.623	n	12.8149	3.69006	3.023	31.3046
1399572058.687	n	12.8138	3.69004	3.008	31.3053
1399572058.748	n	12.8133	3.69003	2.992	31.3057
1399572058.811	n	12.8130	3.69002	2.974	31.3058
1399572058.874	n	12.8128	3.69002	2.957	31.3059
1399572058.935	n	12.8129	3.69003	2.940	31.3059
1399572058.999	n	12.8133	3.69005	2.922	31.3058
1399572059.062	n	12.8139	3.69007	2.906	31.3056
1399572059.124	n	12.8144	3.69008	2.890	31.3052
1399572059.186	n	12.8150	3.69009	2.871	31.3049
1399572059.248	n	12.8152	3.69009	2.851	31.3046
1399572059.310	n	12.8152	3.69008	2.832	31.3045
1399572059.374	n	12.8150	3.69008	2.811	31.3048
1399572059.435	n	12.8143	3.69007	2.792	31.3052
1399572059.499	n	12.8134	3.69006	2.777	31.3059
1399572059.561	n	12.8128	3.69006	2.760	31.3064
1399572059.623	n	12.8130	3.69008	2.737	31.3064
1399572059.686	n	12.8140	3.69011	2.719	31.3059
1399572059.750	n	12.8154	3.69014	2.702	31.3050
1399572059.813	n	12.8165	3.69016	2.686	31.3043
1399572059.875	n	12.8167	3.69016	2.665	31.3041
1399572059.937	n	12.8163	3.69015	2.653	31.3044
1399572059.999	n	12.8155	3.69015	2.635	31.3051
1399572060.062	n	12.8150	3.69015	2.620	31.3055
1399572060.124	n	12.8151	3.69015	2.598	31.3054
1399572060.187	n	12.8154	3.69015	2.585	31.3052
1399572060.248	n	12.8156	3.69015	2.569	31.3050
1399572060.312	n	12.8155	3.69015	2.549	31.3050
1399572060.374	n	12.8152	3.69013	2.535	31.3052
1399572060.437	n	12.8149	3.69013	2.515	31.3054
1399572060.499	n	12.8149	3.69013	2.498	31.3054
1399572060.562	n	12.8151	3.69014	2.483	31.3054
1399572060.623	n	12.8153	3.69014	2.467	31.3052
1399572060.687	n	12.8156	3.69014	2.446	31.3050
1399572060.749	n	12.8158	3.69013	2.430	31.3047
1399572060.810	n	12.8160	3.69012	2.412	31.3045
1399572060.874	n	12.8161	3.69012	2.397	31.3043
1399572061.058	y	12.8162	3.69011	2.381	31.3042
1399572061.068	n	12.8162	3.69011	2.363	31.3042
1399572061.075	n	12.8161	3.69011	2.348	31.3043
1399572061.123	n	12.8160	3.69011	2.333	31.3044
1399572061.185	n	12.8159	3.69012	2.321	31.3045
1399572061.248	n	12.8159	3.69013	2.302	31.3046
1399572061.313	n	12.8161	3.69013	2.289	31.3046
1399572061.373	n	12.8162	3.69013	2.276	31.3044
1399572061.480	y	12.8165	3.69013	2.261	31.3042
1399572061.499	n	12.8169	3.69013	2.248	31.3039
1399572061.561	n	12.8172	3.69014	2.238	31.3037
1399572061.625	n	12.8176	3.69015	2.224	31.3035
1399572061.686	n	12.8179	3.69017	2.212	31.3034
1399572061.749	n	12.8182	3.69017	2.204	31.3032
1399572061.812	n	12.8185	3.69017	2.192	31.3030
1399572061.873	n	12.8187	3.69018	2.182	31.3029
1399572061.936	n	12.8187	3.69018	2.169	31.3028
1399572061.998	n	12.8186	3.69018	2.160	31.3029
1399572062.062	n	12.8185	3.69020	2.151	31.3032
1399572062.125	n	12.8184	3.69021	2.142	31.3035
1399572062.186	n	12.8182	3.69023	2.132	31.3037
1399572062.248	n	12.8182	3.69023	2.122	31.3038
1399572062.310	n	12.8181	3.69023	2.116	31.3039
1399572062.374	n	12.8181	3.69023	2.108	31.3039
1399572062.437	n	12.8180	3.69024	2.098	31.3040
1399572062.498	n	12.8181	3.69024	2.092	31.3040
1399572062.561	n	12.8182	3.69024	2.083	31.3039
1399572062.623	n	12.8184	3.69024	2.077	31.3038
1399572062.686	n	12.8185	3.69024	2.071	31.3036
1399572062.749	n	12.8187	3.69024	2.061	31.3035
1399572062.812	n	12.8188	3.69026	2.051	31.3036
1399572062.873	n	12.8190	3.69027	2.043	31.3035
1399572062.936	n	12.8192	3.69027	2.025	31.3034
1399572062.999	n	12.8194	3.69028	2.011	31.3033
1399572063.061	n	12.8197	3.69029	1.996	31.3032
1399572063.125	n	12.8198	3.69029	1.979	31.3031
1399572063.188	n	12.8199	3.69030	1.957	31.3031
1399572063.249	n	12.8199	3.69031	1.942	31.3032
1399572063.311	n	12.8199	3.69030	1.927	31.3031
1399572063.374	n	12.8201	3.69031	1.906	31.3030
1399572063.436	n	12.8202	3.69032	1.890	31.3031
1399572063.499	n	12.8204	3.69033	1.873	31.3030
1399572063.561	n	12.8206	3.69034	1.856	31.3029
1399572063.625	n	12.8207	3.69034	1.839	31.3029
1399572063.687	n	12.8209	3.69034	1.821	31.3027
1399572063.749	n	12.8213	3.69034	1.808	31.3024
1399572063.811	n	12.8220	3.69034	1.794	31.3018
1399572063.875	n	12.8227	3.69033	1.777	31.3011
1399572063.935	n	12.8234	3.69032	1.760	31.3005
1399572064.000	n	12.8237	3.69032	1.744	31.3002
1399572064.063	n	12.8237	3.69031	1.726	31.3002
1399572064.125	n	12.8235	3.69031	1.709	31.3004
1399572064.188	n	12.8233	3.69032	1.693	31.3006
1399572064.249	n	12.8231	3.69032	1.679	31.3007
1399572064.312	n	12.8231	3.69031	1.658	31.3007
1399572064.375	n	12.8231	3.69031	1.636	31.3007
1399572064.437	n	12.8230	3.69030	1.620	31.3007
1399572064.498	n	12.8230	3.69029	1.595	31.3006
1399572064.561	n	12.8231	3.69030	1.580	31.3006
1399572064.626	n	12.8233	3.69031	1.560	31.3005
1399572064.686	n	12.8235	3.69032	1.535	31.3005
1399572064.748	n	12.8234	3.69032	1.516	31.3005
1399572064.811	n	12.8226	3.69029	1.495	31.3010
1399572064.874	n	12.8212	3.69025	1.470	31.3018
1399572064.935	n	12.8195	3.69021	1.454	31.3027
1399572064.999	n	12.8179	3.69016	1.433	31.3037
1399572065.062	y	12.8168	3.69013	1.411	31.3043
1399572065.123	n	12.8162	3.69011	1.389	31.3046
1399572065.339	y	12.8159	3.69010	1.367	31.3048
1399572065.346	n	12.8159	3.69010	1.347	31.3048
1399572065.351	n	12.8162	3.69011	1.324	31.3046
1399572065.374	n	12.8168	3.69013	1.303	31.3043
1399572065.437	n	12.8177	3.69015	1.281	31.3038
1399572065.498	n	12.8186	3.69016	1.260	31.3031
1399572065.562	n	12.8194	3.69016	1.241	31.3025
1399572065.704	y	12.8198	3.69016	1.225	31.3021
1399572065.710	n	12.8198	3.69015	1.204	31.3021
1399572065.748	n	12.8194	3.69014	1.188	31.3023
1399572065.811	n	12.8190	3.69013	1.170	31.3026
1399572065.875	n	12.8188	3.69014	1.156	31.3028
1399572065.937	n	12.8190	3.69015	1.145	31.3028
1399572065.998	n	12.8192	3.69017	1.129	31.3028
1399572066.061	n	12.8194	3.69019	1.117	31.3028
1399572066.125	n	12.8195	3.69020	1.103	31.3029
1399572066.188	n	12.8195	3.69022	1.089	31.3030
1399572066.250	n	12.8195	3.69023	1.080	31.3031
1399572066.312	n	12.8194	3.69024	1.068	31.3033
1399572066.373	n	12.8193	3.69023	1.055	31.3033
1399572066.437	n	12.8191	3.69021	1.049	31.3033
1399572066.499	n	12.8189	3.69020	1.041	31.3033
1399572066.562	n	12.8189	3.69019	1.035	31.3033
1399572066.623	n	12.8190	3.69020	1.025	31.3032
1399572066.687	n	12.8192	3.69020	1.021	31.3032
1399572066.750	n	12.8193	3.69022	1.017	31.3031
1399572066.812	n	12.8196	3.69024	1.002	31.3031
1399572066.875	n	12.8199	3.69025	0.994	31.3030
1399572066.936	n	12.8203	3.69026	0.986	31.3028
1399572066.998	n	12.8206	3.69027	0.972	31.3026
1399572067.062	n	12.8208	3.69027	0.952	31.3024
1399572067.123	n	12.8209	3.69026	0.932	31.3023
1399572067.187	n	12.8210	3.69027	0.913	31.3024
1399572067.249	n	12.8213	3.69030	0.894	31.3024
1399572067.310	n	12.8218	3.69034	0.871	31.3023
1399572067.374	n	12.8224	3.69037	0.850	31.3022
1399572067.436	n	12.8227	3.69039	0.828	31.3020
1399572067.498	n	12.8228	3.69038	0.804	31.3019
1399572067.563	n	12.8224	3.69035	0.787	31.3019
1399572067.624	n	12.8219	3.69032	0.764	31.3021
1399572067.685	n	12.8216	3.69032	0.743	31.3024
1399572067.750	n	12.8215	3.69033	0.727	31.3025
1399572067.811	n	12.8215	3.69034	0.711	31.3026
1399572067.875	n	12.8216	3.69036	0.691	31.3027
1399572067.937	n	12.8217	3.69036	0.671	31.3027
1399572067.999	n	12.8219	3.69037	0.655	31.3026
1399572068.062	n	12.8223	3.69039	0.644	31.3025
1399572068.124	n	12.8228	3.69040	0.631	31.3022
1399572068.188	n	12.8233	3.69040	0.618	31.3018
1399572068.248	n	12.8237	3.69039	0.606	31.3013
1399572068.324	n	12.8239	3.69036	0.594	31.3009
1399572068.376	n	12.8237	3.69032	0.580	31.3007
1399572068.436	n	12.8235	3.69030	0.569	31.3007
1399572068.499	n	12.8231	3.69028	0.558	31.3008
1399572068.561	n	12.8229	3.69027	0.551	31.3009
1399572068.624	n	12.8228	3.69027	0.544	31.3010
1399572068.686	n	12.8226	3.69027	0.537	31.3012
1399572068.794	y	12.8224	3.69027	0.530	31.3014
1399572068.812	n	12.8222	3.69027	0.522	31.3015
1399572068.874	n	12.8220	3.69026	0.519	31.3016
1399572068.936	n	12.8219	3.69024	0.517	31.3014
1399572069.000	n	12.8217	3.69022	0.510	31.3014
1399572069.061	n	12.8216	3.69020	0.508	31.3014
1399572069.124	n	12.8213	3.69020	0.506	31.3016
1399572069.188	n	12.8207	3.69019	0.505	31.3020
1399572069.249	n	12.8197	3.69019	0.502	31.3028
1399572069.313	n	12.8180	3.69018	0.503	31.3041
1399572069.375	n	12.8158	3.69015	0.501	31.3057
1399572069.489	y	12.8134	3.69011	0.496	31.3073
1399572069.500	n	12.8116	3.69006	0.496	31.3082
1399572069.561	n	12.8112	3.69002	0.494	31.3082
1399572069.623	n	12.8119	3.69001	0.491	31.3076
1399572069.686	n	12.8130	3.69003	0.493	31.3068
1399572069.749	n	12.8139	3.69005	0.491	31.3063
