Source File: D:\Storage\Programs\OOI\Group 5\Correspondence\07_18_14 sample files\files\11292499.PPB
Processed: 07/18/2014 12:28:07
Using Version: 1.11
Device: CTD
Start Date: 05/09/2014
Timestamp (s)	Suspect Timestamp	Temperature	Conductivity	Pressure	Salinity
1399615182.684	y	12.6075	3.70244	22.226	31.5870
1399615182.746	n	12.6074	3.70244	22.226	31.5870
1399615182.808	n	12.6074	3.70242	22.230	31.5869
1399615182.870	n	12.6074	3.70244	22.226	31.5871
1399615182.935	n	12.6074	3.70244	22.226	31.5870
1399615182.995	n	12.6074	3.70242	22.228	31.5869
1399615183.059	n	12.6075	3.70242	22.231	31.5868
1399615183.121	n	12.6073	3.70243	22.230	31.5870
1399615183.185	n	12.6073	3.70243	22.226	31.5870
1399615183.246	n	12.6074	3.70243	22.227	31.5870
1399615183.310	n	12.6074	3.70243	22.228	31.5870
1399615183.372	n	12.6074	3.70244	22.231	31.5871
1399615183.435	n	12.6074	3.70244	22.229	31.5871
1399615183.497	n	12.6074	3.70244	22.232	31.5871
1399615183.559	n	12.6074	3.70244	22.230	31.5871
1399615183.622	n	12.6074	3.70243	22.231	31.5870
1399615183.685	n	12.6073	3.70243	22.230	31.5870
1399615183.749	n	12.6072	3.70243	22.232	31.5871
1399615183.808	n	12.6072	3.70242	22.231	31.5871
1399615183.871	n	12.6073	3.70244	22.230	31.5872
1399615183.936	n	12.6073	3.70245	22.230	31.5873
1399615183.996	n	12.6073	3.70244	22.228	31.5872
1399615184.060	n	12.6072	3.70245	22.226	31.5873
1399615184.122	n	12.6072	3.70244	22.224	31.5873
1399615184.184	n	12.6072	3.70243	22.226	31.5872
1399615185.418	n	12.6072	3.70243	22.225	31.5872
1399615185.446	n	12.6071	3.70243	22.225	31.5872
1399615185.468	n	12.6071	3.70242	22.222	31.5872
1399615185.479	n	12.6071	3.70242	22.223	31.5872
1399615185.485	n	12.6070	3.70242	22.221	31.5872
1399615185.492	n	12.6070	3.70241	22.220	31.5872
1399615185.499	n	12.6070	3.70241	22.217	31.5871
1399615185.505	n	12.6070	3.70241	22.220	31.5872
1399615185.512	n	12.6070	3.70241	22.219	31.5872
1399615185.519	n	12.6069	3.70241	22.218	31.5871
1399615185.525	n	12.6069	3.70240	22.213	31.5871
1399615185.531	n	12.6069	3.70239	22.214	31.5870
1399615185.537	n	12.6069	3.70239	22.216	31.5870
1399615185.542	n	12.6069	3.70239	22.212	31.5870
1399615185.547	n	12.6069	3.70240	22.211	31.5871
1399615185.552	n	12.6068	3.70240	22.210	31.5872
1399615185.557	n	12.6068	3.70241	22.209	31.5873
1399615185.562	n	12.6067	3.70240	22.207	31.5873
1399615185.567	n	12.6066	3.70239	22.204	31.5873
1399615185.572	n	12.6066	3.70239	22.203	31.5872
1399615185.577	n	12.6066	3.70239	22.202	31.5873
1399615185.583	n	12.6066	3.70240	22.197	31.5874
1399615185.623	n	12.6066	3.70240	22.197	31.5874
1399615185.686	n	12.6065	3.70239	22.197	31.5873
1399615185.747	n	12.6065	3.70237	22.196	31.5871
1399615185.811	n	12.6065	3.70236	22.195	31.5870
1399615185.873	n	12.6065	3.70236	22.189	31.5871
1399615185.934	n	12.6065	3.70237	22.185	31.5871
1399615185.999	n	12.6064	3.70237	22.186	31.5873
1399615186.059	n	12.6064	3.70237	22.182	31.5873
1399615186.122	n	12.6063	3.70236	22.183	31.5872
1399615186.184	n	12.6062	3.70234	22.177	31.5871
1399615186.247	n	12.6062	3.70233	22.174	31.5871
1399615186.310	n	12.6061	3.70233	22.177	31.5871
1399615186.372	n	12.6060	3.70234	22.175	31.5873
1399615186.437	n	12.6059	3.70236	22.173	31.5875
1399615186.496	n	12.6058	3.70236	22.171	31.5877
1399615186.560	n	12.6057	3.70235	22.168	31.5877
1399615186.623	n	12.6056	3.70234	22.170	31.5877
1399615186.685	n	12.6055	3.70233	22.166	31.5877
1399615186.748	n	12.6053	3.70233	22.164	31.5878
1399615186.811	n	12.6052	3.70233	22.162	31.5879
1399615186.872	n	12.6051	3.70233	22.159	31.5880
1399615186.934	n	12.6050	3.70233	22.162	31.5881
1399615186.999	n	12.6049	3.70232	22.158	31.5881
1399615187.060	n	12.6048	3.70233	22.158	31.5882
1399615187.122	n	12.6047	3.70233	22.159	31.5883
1399615187.186	n	12.6046	3.70234	22.157	31.5885
1399615187.247	n	12.6044	3.70235	22.156	31.5887
1399615187.308	n	12.6043	3.70235	22.158	31.5889
1399615187.373	n	12.6041	3.70234	22.153	31.5889
1399615187.439	n	12.6039	3.70234	22.154	31.5891
1399615187.498	n	12.6038	3.70233	22.156	31.5892
1399615187.560	n	12.6036	3.70233	22.156	31.5892
1399615187.623	n	12.6034	3.70233	22.153	31.5894
1399615187.686	n	12.6033	3.70232	22.155	31.5894
1399615187.749	n	12.6032	3.70232	22.155	31.5895
1399615187.810	n	12.6030	3.70232	22.156	31.5896
1399615187.872	n	12.6029	3.70232	22.156	31.5898
1399615187.935	n	12.6027	3.70233	22.155	31.5900
1399615187.996	n	12.6025	3.70232	22.154	31.5901
1399615188.060	n	12.6022	3.70232	22.158	31.5903
1399615188.123	n	12.6020	3.70232	22.160	31.5904
1399615188.184	n	12.6018	3.70231	22.157	31.5906
1399615188.246	n	12.6016	3.70232	22.157	31.5908
1399615188.347	y	12.6015	3.70232	22.159	31.5909
1399615188.371	n	12.6013	3.70231	22.159	31.5910
1399615188.434	n	12.6012	3.70231	22.161	31.5911
1399615188.496	n	12.6010	3.70232	22.163	31.5913
1399615188.561	n	12.6008	3.70232	22.164	31.5915
1399615188.623	n	12.6006	3.70232	22.169	31.5916
1399615188.686	n	12.6004	3.70231	22.169	31.5917
1399615188.746	n	12.6002	3.70230	22.167	31.5917
1399615188.885	y	12.6001	3.70229	22.166	31.5917
1399615188.891	n	12.6000	3.70229	22.170	31.5919
1399615188.935	n	12.5999	3.70229	22.173	31.5920
1399615188.999	n	12.5997	3.70229	22.174	31.5921
1399615189.060	n	12.5996	3.70229	22.179	31.5922
1399615189.123	n	12.5995	3.70229	22.177	31.5923
1399615189.185	n	12.5994	3.70229	22.180	31.5924
1399615189.246	n	12.5993	3.70229	22.180	31.5925
1399615189.310	n	12.5992	3.70229	22.183	31.5925
1399615189.372	n	12.5990	3.70228	22.188	31.5926
1399615189.434	n	12.5989	3.70228	22.185	31.5927
1399615189.498	n	12.5988	3.70228	22.187	31.5927
1399615189.558	n	12.5987	3.70228	22.192	31.5928
1399615189.623	n	12.5986	3.70227	22.191	31.5929
1399615189.686	n	12.5984	3.70227	22.194	31.5930
1399615189.746	n	12.5983	3.70226	22.197	31.5930
1399615189.811	n	12.5982	3.70226	22.197	31.5931
1399615189.872	n	12.5981	3.70227	22.199	31.5932
1399615189.933	n	12.5980	3.70227	22.199	31.5933
1399615189.997	n	12.5979	3.70227	22.198	31.5934
1399615190.058	n	12.5979	3.70227	22.205	31.5935
1399615190.123	n	12.5978	3.70227	22.209	31.5935
1399615190.186	n	12.5977	3.70227	22.206	31.5937
1399615190.247	n	12.5975	3.70227	22.207	31.5938
1399615190.310	n	12.5974	3.70227	22.210	31.5938
1399615190.373	n	12.5972	3.70226	22.208	31.5939
1399615190.437	n	12.5971	3.70226	22.211	31.5939
1399615190.499	n	12.5970	3.70225	22.214	31.5940
1399615190.558	n	12.5969	3.70226	22.214	31.5941
1399615190.623	n	12.5968	3.70226	22.216	31.5942
1399615190.687	n	12.5967	3.70226	22.218	31.5944
1399615190.746	n	12.5965	3.70226	22.220	31.5944
1399615190.810	n	12.5964	3.70226	22.223	31.5945
1399615190.872	n	12.5963	3.70226	22.222	31.5946
1399615190.936	n	12.5962	3.70225	22.223	31.5946
1399615190.999	n	12.5962	3.70224	22.224	31.5946
1399615191.059	n	12.5960	3.70224	22.224	31.5947
1399615191.121	n	12.5958	3.70224	22.224	31.5949
1399615191.185	n	12.5957	3.70224	22.226	31.5950
1399615191.246	n	12.5956	3.70224	22.226	31.5951
1399615191.309	n	12.5954	3.70223	22.226	31.5951
1399615191.372	n	12.5953	3.70222	22.226	31.5952
1399615191.434	n	12.5952	3.70222	22.228	31.5952
1399615191.497	n	12.5950	3.70222	22.228	31.5953
1399615191.558	n	12.5949	3.70221	22.225	31.5954
1399615191.622	n	12.5948	3.70220	22.223	31.5954
1399615191.683	n	12.5946	3.70221	22.223	31.5956
1399615191.747	n	12.5945	3.70221	22.224	31.5958
1399615191.810	n	12.5943	3.70222	22.223	31.5959
1399615191.872	n	12.5942	3.70222	22.222	31.5961
1399615191.935	n	12.5941	3.70222	22.218	31.5962
1399615191.998	n	12.5939	3.70221	22.219	31.5962
1399615192.059	y	12.5938	3.70221	22.214	31.5963
1399615192.122	n	12.5937	3.70220	22.211	31.5963
1399615192.184	n	12.5936	3.70221	22.211	31.5965
1399615192.248	n	12.5935	3.70221	22.208	31.5966
1399615192.310	n	12.5934	3.70222	22.206	31.5968
1399615192.373	n	12.5933	3.70223	22.202	31.5969
1399615192.434	n	12.5931	3.70222	22.197	31.5970
1399615192.498	n	12.5930	3.70221	22.193	31.5970
1399615192.560	n	12.5929	3.70221	22.190	31.5971
1399615192.622	n	12.5928	3.70220	22.184	31.5971
1399615192.684	n	12.5926	3.70220	22.178	31.5972
1399615192.748	n	12.5925	3.70220	22.172	31.5973
1399615192.808	n	12.5923	3.70220	22.167	31.5975
1399615192.873	n	12.5921	3.70220	22.162	31.5976
1399615192.935	n	12.5920	3.70219	22.158	31.5977
1399615192.997	n	12.5918	3.70219	22.151	31.5978
1399615193.197	y	12.5917	3.70218	22.140	31.5978
1399615193.205	y	12.5916	3.70217	22.133	31.5978
1399615193.210	n	12.5914	3.70216	22.126	31.5978
1399615193.247	n	12.5913	3.70216	22.118	31.5979
1399615193.309	n	12.5911	3.70216	22.107	31.5981
1399615193.373	n	12.5909	3.70216	22.101	31.5983
1399615193.435	n	12.5908	3.70216	22.093	31.5984
1399615193.496	n	12.5906	3.70217	22.085	31.5986
1399615193.559	n	12.5903	3.70217	22.073	31.5988
1399615193.621	n	12.5901	3.70216	22.064	31.5990
1399615193.696	n	12.5899	3.70217	22.051	31.5992
1399615193.748	n	12.5898	3.70217	22.040	31.5993
1399615193.810	n	12.5896	3.70216	22.034	31.5994
1399615193.872	n	12.5894	3.70216	22.022	31.5996
1399615193.935	n	12.5892	3.70215	22.012	31.5996
1399615193.997	n	12.5891	3.70214	22.002	31.5996
1399615194.059	n	12.5890	3.70213	21.989	31.5997
1399615194.123	n	12.5888	3.70213	21.978	31.5998
1399615194.201	n	12.5886	3.70213	21.966	31.6000
1399615194.247	n	12.5884	3.70213	21.953	31.6002
1399615194.310	n	12.5882	3.70213	21.943	31.6003
1399615194.372	n	12.5881	3.70213	21.931	31.6005
1399615194.437	n	12.5880	3.70213	21.919	31.6005
1399615194.519	n	12.5879	3.70211	21.904	31.6005
1399615194.559	n	12.5878	3.70210	21.893	31.6005
1399615194.622	n	12.5877	3.70210	21.883	31.6005
1399615194.700	n	12.5876	3.70211	21.870	31.6007
1399615194.748	n	12.5874	3.70212	21.859	31.6009
1399615194.809	n	12.5872	3.70212	21.844	31.6011
1399615194.872	n	12.5871	3.70212	21.833	31.6012
1399615194.935	n	12.5869	3.70212	21.823	31.6013
1399615194.997	n	12.5868	3.70211	21.811	31.6014
1399615195.060	n	12.5867	3.70210	21.798	31.6014
1399615195.122	n	12.5865	3.70210	21.787	31.6015
1399615195.183	n	12.5864	3.70209	21.774	31.6015
1399615195.247	n	12.5863	3.70208	21.762	31.6015
1399615195.310	n	12.5862	3.70208	21.749	31.6016
1399615195.371	n	12.5861	3.70208	21.734	31.6017
1399615195.434	n	12.5860	3.70207	21.722	31.6017
1399615195.496	n	12.5859	3.70208	21.708	31.6018
1399615195.560	n	12.5858	3.70208	21.696	31.6020
1399615195.622	y	12.5857	3.70208	21.685	31.6021
1399615195.684	n	12.5856	3.70208	21.670	31.6022
1399615195.749	n	12.5855	3.70208	21.658	31.6023
1399615195.809	n	12.5854	3.70208	21.644	31.6024
1399615195.872	n	12.5853	3.70209	21.630	31.6025
1399615195.935	n	12.5852	3.70209	21.620	31.6025
1399615195.996	n	12.5852	3.70208	21.607	31.6026
1399615196.059	n	12.5851	3.70207	21.594	31.6026
1399615196.122	n	12.5850	3.70206	21.586	31.6025
1399615196.186	n	12.5849	3.70206	21.571	31.6026
1399615196.566	y	12.5848	3.70207	21.557	31.6028
1399615196.573	n	12.5846	3.70207	21.541	31.6029
1399615196.578	n	12.5845	3.70207	21.529	31.6030
1399615196.583	n	12.5844	3.70206	21.518	31.6030
1399615196.593	n	12.5843	3.70206	21.506	31.6031
1399615196.598	n	12.5842	3.70206	21.491	31.6032
1399615196.621	n	12.5841	3.70206	21.479	31.6033
1399615196.686	n	12.5839	3.70206	21.468	31.6034
1399615196.746	n	12.5838	3.70205	21.455	31.6034
1399615196.811	n	12.5837	3.70204	21.444	31.6034
1399615196.873	n	12.5836	3.70204	21.427	31.6036
1399615196.935	n	12.5835	3.70205	21.415	31.6037
1399615196.998	n	12.5834	3.70205	21.405	31.6039
1399615197.059	n	12.5832	3.70205	21.390	31.6040
1399615197.122	n	12.5831	3.70205	21.376	31.6040
1399615197.183	n	12.5830	3.70205	21.366	31.6041
1399615197.247	n	12.5829	3.70204	21.350	31.6042
1399615197.455	y	12.5828	3.70204	21.336	31.6043
1399615197.463	n	12.5827	3.70205	21.325	31.6044
1399615197.468	n	12.5826	3.70205	21.314	31.6046
1399615197.496	n	12.5825	3.70205	21.300	31.6047
1399615197.560	n	12.5824	3.70205	21.290	31.6048
1399615197.621	n	12.5823	3.70205	21.281	31.6048
1399615197.686	n	12.5822	3.70205	21.268	31.6048
1399615197.746	n	12.5821	3.70204	21.254	31.6048
1399615197.809	n	12.5820	3.70203	21.244	31.6049
1399615197.872	n	12.5819	3.70203	21.230	31.6050
1399615197.935	n	12.5817	3.70202	21.221	31.6051
1399615197.998	n	12.5816	3.70203	21.205	31.6052
1399615198.060	n	12.5815	3.70204	21.189	31.6054
1399615198.122	n	12.5814	3.70203	21.178	31.6055
1399615198.183	n	12.5812	3.70204	21.166	31.6056
1399615198.246	n	12.5811	3.70203	21.152	31.6056
1399615198.310	n	12.5809	3.70202	21.140	31.6057
1399615198.371	n	12.5808	3.70202	21.126	31.6058
1399615198.435	n	12.5807	3.70201	21.114	31.6058
1399615198.497	n	12.5806	3.70200	21.099	31.6058
1399615198.560	n	12.5806	3.70200	21.087	31.6058
1399615198.622	n	12.5805	3.70200	21.074	31.6059
1399615198.685	n	12.5804	3.70200	21.060	31.6060
1399615198.748	n	12.5803	3.70201	21.049	31.6062
1399615198.808	n	12.5802	3.70201	21.037	31.6063
1399615198.871	n	12.5801	3.70201	21.020	31.6064
1399615198.936	n	12.5800	3.70200	21.006	31.6064
1399615198.997	n	12.5799	3.70200	20.990	31.6064
1399615199.060	n	12.5798	3.70200	20.976	31.6065
1399615199.122	n	12.5797	3.70199	20.960	31.6066
1399615199.184	n	12.5796	3.70198	20.947	31.6066
1399615199.261	y	12.5794	3.70198	20.931	31.6067
1399615199.310	n	12.5793	3.70198	20.915	31.6068
1399615199.372	n	12.5792	3.70199	20.901	31.6069
1399615199.434	n	12.5792	3.70199	20.883	31.6070
1399615199.497	n	12.5791	3.70198	20.867	31.6069
1399615199.560	n	12.5790	3.70197	20.852	31.6070
1399615199.621	n	12.5790	3.70197	20.839	31.6070
1399615199.685	n	12.5789	3.70197	20.823	31.6070
1399615199.747	n	12.5788	3.70198	20.804	31.6072
1399615199.810	n	12.5788	3.70198	20.788	31.6073
1399615199.872	n	12.5787	3.70198	20.770	31.6073
1399615199.936	n	12.5786	3.70198	20.755	31.6075
1399615199.997	n	12.5785	3.70198	20.738	31.6075
1399615200.059	n	12.5785	3.70198	20.720	31.6075
1399615200.123	n	12.5785	3.70198	20.704	31.6075
1399615200.184	n	12.5785	3.70197	20.685	31.6074
1399615200.246	n	12.5785	3.70196	20.666	31.6074
1399615200.310	n	12.5785	3.70196	20.650	31.6074
1399615200.372	n	12.5784	3.70197	20.632	31.6075
1399615200.433	n	12.5784	3.70197	20.612	31.6076
1399615200.498	n	12.5783	3.70198	20.593	31.6077
1399615200.559	n	12.5782	3.70197	20.573	31.6078
1399615200.623	n	12.5782	3.70197	20.554	31.6078
1399615200.685	n	12.5781	3.70196	20.534	31.6078
1399615200.748	n	12.5781	3.70196	20.514	31.6078
1399615200.810	n	12.5781	3.70195	20.495	31.6077
1399615200.872	n	12.5781	3.70196	20.477	31.6078
1399615200.934	n	12.5781	3.70197	20.458	31.6079
1399615200.997	n	12.5780	3.70197	20.437	31.6080
1399615201.059	n	12.5780	3.70198	20.418	31.6080
1399615201.121	n	12.5780	3.70196	20.398	31.6079
1399615201.184	n	12.5779	3.70195	20.375	31.6078
1399615201.247	n	12.5779	3.70194	20.353	31.6078
1399615201.309	n	12.5778	3.70194	20.330	31.6079
1399615201.371	n	12.5777	3.70194	20.310	31.6080
1399615201.435	n	12.5777	3.70195	20.289	31.6081
1399615201.497	n	12.5777	3.70195	20.270	31.6081
1399615201.701	y	12.5777	3.70195	20.246	31.6082
1399615201.708	n	12.5776	3.70195	20.224	31.6082
1399615201.718	n	12.5776	3.70195	20.205	31.6082
1399615201.747	n	12.5776	3.70195	20.181	31.6082
1399615201.809	n	12.5775	3.70195	20.158	31.6083
1399615201.872	n	12.5775	3.70194	20.136	31.6082
1399615201.935	n	12.5775	3.70193	20.113	31.6081
1399615201.998	n	12.5775	3.70192	20.091	31.6081
1399615202.059	n	12.5775	3.70191	20.069	31.6080
1399615202.122	n	12.5774	3.70190	20.047	31.6080
1399615202.184	n	12.5773	3.70190	20.026	31.6081
1399615202.247	n	12.5772	3.70191	19.998	31.6082
1399615202.308	n	12.5771	3.70191	19.974	31.6084
1399615202.371	n	12.5771	3.70191	19.953	31.6084
1399615202.436	n	12.5771	3.70191	19.929	31.6084
1399615202.497	n	12.5771	3.70190	19.909	31.6083
1399615202.561	n	12.5771	3.70189	19.886	31.6082
1399615202.621	n	12.5770	3.70188	19.865	31.6082
1399615202.684	n	12.5769	3.70187	19.840	31.6082
1399615202.747	n	12.5769	3.70188	19.818	31.6083
1399615202.810	n	12.5767	3.70188	19.795	31.6084
1399615202.873	n	12.5766	3.70187	19.770	31.6085
1399615202.935	n	12.5766	3.70187	19.746	31.6085
1399615203.033	y	12.5765	3.70187	19.725	31.6086
1399615203.060	n	12.5764	3.70187	19.703	31.6086
1399615203.121	n	12.5764	3.70187	19.683	31.6087
1399615203.185	n	12.5763	3.70187	19.659	31.6088
1399615203.248	n	12.5762	3.70186	19.635	31.6088
1399615203.309	n	12.5761	3.70186	19.612	31.6088
1399615203.372	n	12.5760	3.70186	19.591	31.6089
1399615203.434	n	12.5760	3.70186	19.572	31.6090
1399615203.498	n	12.5759	3.70186	19.551	31.6090
1399615203.560	n	12.5759	3.70186	19.527	31.6091
1399615203.622	n	12.5759	3.70186	19.507	31.6090
1399615203.685	n	12.5759	3.70185	19.487	31.6089
1399615203.748	n	12.5759	3.70184	19.465	31.6089
1399615203.808	n	12.5759	3.70184	19.441	31.6089
1399615203.872	n	12.5760	3.70184	19.423	31.6088
1399615203.935	n	12.5761	3.70184	19.402	31.6088
1399615203.998	n	12.5762	3.70184	19.385	31.6087
1399615204.060	n	12.5763	3.70184	19.364	31.6086
1399615204.122	n	12.5764	3.70184	19.344	31.6085
1399615204.184	n	12.5766	3.70185	19.321	31.6085
1399615204.248	n	12.5768	3.70185	19.300	31.6083
1399615204.308	n	12.5770	3.70185	19.282	31.6081
1399615204.371	n	12.5772	3.70184	19.261	31.6079
1399615204.436	n	12.5775	3.70183	19.244	31.6076
1399615204.497	n	12.5777	3.70183	19.225	31.6074
1399615204.560	n	12.5779	3.70183	19.205	31.6072
1399615204.621	n	12.5782	3.70182	19.185	31.6069
1399615204.685	n	12.5785	3.70183	19.164	31.6067
1399615204.747	n	12.5788	3.70183	19.149	31.6065
1399615204.810	n	12.5791	3.70184	19.132	31.6063
1399615204.872	n	12.5794	3.70184	19.115	31.6061
1399615204.934	n	12.5797	3.70184	19.095	31.6059
1399615205.076	y	12.5800	3.70184	19.077	31.6056
1399615205.083	n	12.5804	3.70184	19.061	31.6053
1399615205.122	n	12.5807	3.70184	19.044	31.6050
1399615205.185	n	12.5811	3.70184	19.030	31.6047
1399615205.247	n	12.5814	3.70183	19.010	31.6044
1399615205.309	n	12.5818	3.70183	18.993	31.6041
1399615205.373	n	12.5821	3.70182	18.978	31.6037
1399615205.435	n	12.5825	3.70181	18.962	31.6033
1399615205.496	n	12.5829	3.70181	18.943	31.6029
1399615205.559	n	12.5832	3.70180	18.924	31.6026
1399615205.622	n	12.5836	3.70179	18.911	31.6023
1399615205.685	n	12.5839	3.70180	18.897	31.6020
1399615205.746	n	12.5842	3.70180	18.879	31.6018
1399615205.904	y	12.5846	3.70180	18.864	31.6015
1399615205.910	n	12.5849	3.70180	18.844	31.6012
1399615205.935	n	12.5853	3.70180	18.831	31.6009
1399615205.998	n	12.5857	3.70180	18.814	31.6006
1399615206.059	n	12.5860	3.70180	18.800	31.6002
1399615206.123	n	12.5864	3.70181	18.785	31.6001
1399615206.185	n	12.5867	3.70182	18.771	31.5999
1399615206.248	n	12.5871	3.70182	18.754	31.5996
1399615206.309	n	12.5874	3.70182	18.738	31.5993
1399615206.371	n	12.5877	3.70181	18.723	31.5991
1399615206.435	n	12.5880	3.70181	18.709	31.5987
1399615206.498	n	12.5883	3.70180	18.691	31.5984
1399615206.559	n	12.5887	3.70181	18.675	31.5981
1399615206.621	n	12.5890	3.70181	18.659	31.5979
1399615206.686	y	12.5893	3.70181	18.643	31.5977
1399615206.747	n	12.5896	3.70182	18.631	31.5975
1399615206.809	n	12.5899	3.70182	18.612	31.5973
1399615206.872	n	12.5902	3.70181	18.593	31.5969
1399615206.935	n	12.5905	3.70180	18.582	31.5966
1399615206.998	n	12.5909	3.70180	18.565	31.5963
1399615207.059	n	12.5912	3.70180	18.547	31.5961
1399615207.122	n	12.5914	3.70181	18.532	31.5959
1399615207.184	n	12.5917	3.70182	18.517	31.5958
1399615207.247	n	12.5920	3.70181	18.504	31.5955
1399615207.310	n	12.5923	3.70181	18.486	31.5952
1399615207.373	n	12.5927	3.70180	18.468	31.5948
1399615207.435	n	12.5930	3.70180	18.451	31.5945
1399615207.497	n	12.5933	3.70180	18.437	31.5943
1399615207.560	n	12.5937	3.70180	18.417	31.5941
1399615207.623	n	12.5939	3.70180	18.401	31.5938
1399615207.685	n	12.5942	3.70179	18.386	31.5935
1399615207.746	n	12.5945	3.70178	18.366	31.5931
1399615207.810	n	12.5948	3.70178	18.350	31.5929
1399615207.872	n	12.5952	3.70179	18.330	31.5926
1399615207.936	n	12.5956	3.70179	18.314	31.5923
1399615207.999	n	12.5960	3.70179	18.296	31.5920
1399615208.059	n	12.5964	3.70178	18.277	31.5917
1399615208.122	n	12.5967	3.70178	18.260	31.5913
1399615208.184	n	12.5970	3.70179	18.241	31.5911
1399615208.247	n	12.5974	3.70179	18.224	31.5909
1399615208.309	n	12.5978	3.70179	18.205	31.5906
1399615208.372	n	12.5982	3.70179	18.186	31.5902
1399615208.435	n	12.5986	3.70178	18.166	31.5898
1399615208.497	n	12.5990	3.70177	18.148	31.5894
1399615208.559	n	12.5994	3.70177	18.129	31.5890
1399615208.622	n	12.5998	3.70176	18.109	31.5886
1399615208.685	n	12.6003	3.70175	18.087	31.5882
1399615208.747	n	12.6008	3.70174	18.069	31.5877
1399615208.810	n	12.6013	3.70174	18.049	31.5872
1399615208.872	n	12.6018	3.70175	18.025	31.5869
1399615208.937	n	12.6022	3.70176	18.004	31.5866
1399615208.996	n	12.6027	3.70177	17.984	31.5863
1399615209.060	n	12.6032	3.70177	17.960	31.5859
1399615209.122	n	12.6038	3.70176	17.942	31.5854
1399615209.184	n	12.6043	3.70175	17.920	31.5848
1399615209.247	n	12.6049	3.70175	17.901	31.5843
1399615209.310	n	12.6054	3.70175	17.880	31.5839
1399615209.372	n	12.6060	3.70175	17.857	31.5834
1399615209.436	n	12.6066	3.70174	17.836	31.5829
1399615209.497	n	12.6072	3.70173	17.816	31.5823
1399615209.560	n	12.6078	3.70172	17.794	31.5816
1399615209.622	n	12.6085	3.70172	17.775	31.5810
1399615209.684	n	12.6092	3.70172	17.752	31.5805
1399615209.746	n	12.6099	3.70174	17.728	31.5801
1399615209.809	n	12.6106	3.70174	17.703	31.5795
1399615209.872	n	12.6114	3.70174	17.679	31.5789
1399615209.934	n	12.6121	3.70173	17.658	31.5782
1399615209.996	n	12.6128	3.70172	17.635	31.5776
1399615210.156	y	12.6135	3.70171	17.610	31.5769
1399615210.162	n	12.6142	3.70172	17.585	31.5763
1399615210.185	n	12.6151	3.70172	17.563	31.5756
1399615210.316	y	12.6159	3.70172	17.540	31.5749
1399615210.322	n	12.6167	3.70172	17.517	31.5743
1399615210.373	n	12.6176	3.70172	17.494	31.5736
1399615210.434	n	12.6184	3.70172	17.469	31.5728
1399615210.498	n	12.6193	3.70171	17.444	31.5721
1399615210.560	n	12.6202	3.70171	17.422	31.5713
1399615210.622	n	12.6211	3.70170	17.399	31.5704
1399615210.686	n	12.6220	3.70170	17.375	31.5697
1399615210.747	n	12.6229	3.70171	17.353	31.5691
1399615210.809	n	12.6238	3.70171	17.328	31.5684
1399615210.873	n	12.6247	3.70171	17.304	31.5676
1399615210.933	n	12.6257	3.70171	17.280	31.5667
1399615210.998	n	12.6267	3.70170	17.256	31.5658
1399615211.061	n	12.6276	3.70169	17.231	31.5650
1399615211.122	n	12.6285	3.70168	17.208	31.5641
1399615211.184	n	12.6294	3.70168	17.186	31.5634
1399615211.247	n	12.6303	3.70168	17.159	31.5627
1399615211.309	n	12.6312	3.70169	17.136	31.5620
1399615211.372	n	12.6321	3.70170	17.109	31.5614
1399615211.435	n	12.6330	3.70170	17.085	31.5607
1399615211.498	n	12.6338	3.70170	17.067	31.5599
1399615211.560	n	12.6347	3.70170	17.039	31.5592
1399615211.623	n	12.6355	3.70169	17.013	31.5585
1399615211.686	n	12.6363	3.70168	16.990	31.5577
1399615211.748	n	12.6370	3.70167	16.968	31.5570
1399615211.809	n	12.6379	3.70167	16.943	31.5564
1399615211.872	n	12.6387	3.70168	16.922	31.5558
1399615211.934	n	12.6396	3.70168	16.898	31.5550
1399615211.997	n	12.6404	3.70168	16.874	31.5543
1399615212.060	n	12.6413	3.70166	16.848	31.5534
1399615212.122	n	12.6420	3.70165	16.827	31.5527
1399615212.185	n	12.6428	3.70165	16.805	31.5521
1399615212.246	n	12.6436	3.70165	16.783	31.5514
1399615212.311	n	12.6444	3.70165	16.756	31.5507
1399615212.372	n	12.6452	3.70165	16.735	31.5501
1399615212.435	n	12.6460	3.70165	16.712	31.5494
1399615212.496	n	12.6468	3.70165	16.687	31.5488
1399615212.561	n	12.6475	3.70166	16.663	31.5482
1399615212.622	n	12.6482	3.70165	16.640	31.5476
1399615212.685	n	12.6489	3.70164	16.622	31.5469
1399615212.748	n	12.6497	3.70164	16.598	31.5462
1399615212.810	n	12.6505	3.70164	16.570	31.5456
1399615212.872	n	12.6513	3.70165	16.550	31.5450
1399615212.935	n	12.6521	3.70165	16.526	31.5443
1399615212.997	n	12.6528	3.70164	16.502	31.5437
1399615213.059	n	12.6536	3.70164	16.483	31.5430
1399615213.122	n	12.6544	3.70164	16.461	31.5424
1399615213.185	n	12.6552	3.70164	16.440	31.5417
1399615213.248	n	12.6560	3.70164	16.419	31.5411
1399615213.308	n	12.6567	3.70163	16.393	31.5404
1399615213.372	n	12.6575	3.70162	16.372	31.5397
1399615213.435	n	12.6582	3.70162	16.352	31.5390
1399615213.498	n	12.6590	3.70162	16.332	31.5384
1399615213.559	n	12.6597	3.70161	16.308	31.5377
1399615213.621	n	12.6605	3.70161	16.288	31.5371
1399615213.685	n	12.6613	3.70162	16.268	31.5365
1399615213.748	n	12.6621	3.70162	16.249	31.5359
1399615213.809	n	12.6629	3.70163	16.230	31.5353
1399615213.873	n	12.6637	3.70164	16.212	31.5347
1399615213.934	y	12.6644	3.70163	16.192	31.5340
1399615213.998	n	12.6652	3.70163	16.171	31.5334
1399615214.060	n	12.6659	3.70162	16.152	31.5327
1399615214.123	n	12.6666	3.70160	16.133	31.5319
1399615214.184	n	12.6673	3.70160	16.114	31.5313
1399615214.247	n	12.6680	3.70160	16.094	31.5307
1399615214.446	y	12.6687	3.70159	16.077	31.5301
1399615214.454	n	12.6694	3.70158	16.058	31.5294
1399615214.459	n	12.6701	3.70157	16.040	31.5288
1399615214.497	n	12.6708	3.70157	16.022	31.5282
1399615214.559	n	12.6716	3.70158	16.005	31.5276
1399615214.621	n	12.6724	3.70158	15.986	31.5270
1399615214.684	n	12.6731	3.70158	15.966	31.5264
1399615214.746	n	12.6738	3.70158	15.946	31.5257
1399615214.809	n	12.6745	3.70158	15.930	31.5252
1399615214.872	n	12.6753	3.70158	15.912	31.5246
1399615214.936	n	12.6761	3.70159	15.894	31.5240
1399615214.997	n	12.6769	3.70158	15.878	31.5233
1399615215.059	n	12.6776	3.70158	15.860	31.5226
1399615215.121	n	12.6784	3.70156	15.843	31.5219
1399615215.185	n	12.6791	3.70156	15.822	31.5213
1399615215.248	n	12.6798	3.70157	15.803	31.5207
1399615215.310	n	12.6805	3.70157	15.790	31.5202
1399615215.372	n	12.6811	3.70157	15.770	31.5196
1399615215.435	n	12.6818	3.70157	15.752	31.5190
1399615215.498	n	12.6825	3.70156	15.731	31.5184
1399615215.559	n	12.6833	3.70156	15.714	31.5178
1399615215.622	n	12.6839	3.70156	15.700	31.5172
1399615215.685	n	12.6846	3.70155	15.681	31.5166
1399615215.748	n	12.6852	3.70154	15.664	31.5159
1399615215.809	n	12.6859	3.70153	15.645	31.5154
1399615215.872	n	12.6865	3.70154	15.627	31.5149
1399615215.935	n	12.6871	3.70154	15.609	31.5144
1399615215.998	n	12.6878	3.70155	15.592	31.5140
1399615216.060	n	12.6884	3.70156	15.575	31.5135
1399615216.121	n	12.6890	3.70155	15.560	31.5129
1399615216.184	n	12.6896	3.70153	15.542	31.5123
1399615216.247	n	12.6902	3.70153	15.525	31.5118
1399615216.309	n	12.6907	3.70152	15.506	31.5113
1399615216.371	n	12.6913	3.70153	15.492	31.5109
1399615216.436	n	12.6918	3.70153	15.471	31.5105
1399615216.497	n	12.6924	3.70153	15.453	31.5100
1399615216.559	n	12.6929	3.70153	15.438	31.5095
1399615216.621	n	12.6935	3.70152	15.418	31.5090
1399615216.686	n	12.6940	3.70151	15.401	31.5085
1399615216.749	n	12.6946	3.70151	15.384	31.5080
1399615216.809	n	12.6952	3.70151	15.368	31.5075
1399615216.871	n	12.6957	3.70150	15.351	31.5070
1399615216.934	n	12.6963	3.70150	15.333	31.5065
1399615216.997	n	12.6968	3.70151	15.313	31.5061
1399615217.060	n	12.6973	3.70151	15.299	31.5057
1399615217.122	n	12.6978	3.70151	15.279	31.5054
1399615217.185	n	12.6982	3.70151	15.259	31.5050
1399615217.248	n	12.6987	3.70149	15.241	31.5045
1399615217.310	n	12.6991	3.70148	15.223	31.5040
1399615217.372	n	12.6996	3.70147	15.203	31.5035
1399615217.434	n	12.7002	3.70146	15.180	31.5030
1399615217.497	n	12.7006	3.70147	15.162	31.5026
1399615217.559	n	12.7011	3.70147	15.143	31.5023
1399615217.622	n	12.7016	3.70147	15.123	31.5019
1399615217.685	y	12.7020	3.70147	15.104	31.5015
1399615217.749	n	12.7024	3.70147	15.084	31.5012
1399615217.809	n	12.7028	3.70146	15.061	31.5008
1399615217.872	n	12.7032	3.70146	15.038	31.5004
1399615217.935	n	12.7036	3.70145	15.015	31.5000
1399615217.997	n	12.7041	3.70144	14.998	31.4996
1399615218.060	n	12.7045	3.70145	14.978	31.4993
1399615218.121	n	12.7049	3.70146	14.956	31.4990
1399615218.185	n	12.7054	3.70146	14.939	31.4987
1399615218.247	n	12.7059	3.70147	14.911	31.4983
1399615218.310	n	12.7064	3.70146	14.887	31.4979
1399615218.372	n	12.7069	3.70146	14.867	31.4974
1399615218.435	n	12.7074	3.70147	14.845	31.4971
1399615218.497	n	12.7079	3.70145	14.825	31.4966
1399615218.711	y	12.7083	3.70144	14.806	31.4961
1399615218.719	n	12.7088	3.70143	14.785	31.4956
1399615218.726	n	12.7094	3.70142	14.764	31.4950
1399615218.752	n	12.7100	3.70141	14.742	31.4944
1399615218.809	n	12.7106	3.70141	14.722	31.4939
1399615218.871	n	12.7113	3.70141	14.701	31.4933
1399615218.935	n	12.7119	3.70141	14.678	31.4929
1399615218.997	n	12.7126	3.70143	14.658	31.4925
1399615219.060	n	12.7132	3.70142	14.639	31.4919
1399615219.122	n	12.7139	3.70141	14.616	31.4912
1399615219.186	n	12.7146	3.70141	14.596	31.4906
1399615219.247	n	12.7154	3.70139	14.576	31.4899
1399615219.309	n	12.7161	3.70138	14.554	31.4892
1399615219.372	n	12.7168	3.70138	14.531	31.4886
1399615219.434	n	12.7175	3.70138	14.509	31.4879
1399615219.498	n	12.7183	3.70138	14.491	31.4873
1399615219.560	n	12.7190	3.70139	14.470	31.4868
1399615219.622	n	12.7197	3.70138	14.448	31.4861
1399615219.685	n	12.7205	3.70138	14.428	31.4855
1399615219.753	n	12.7212	3.70138	14.406	31.4849
1399615219.810	n	12.7220	3.70139	14.385	31.4844
1399615219.872	n	12.7228	3.70140	14.362	31.4838
1399615219.936	n	12.7235	3.70140	14.345	31.4832
1399615219.997	n	12.7243	3.70139	14.322	31.4825
1399615220.059	n	12.7250	3.70137	14.301	31.4818
1399615220.121	n	12.7255	3.70137	14.277	31.4812
1399615220.185	n	12.7261	3.70136	14.259	31.4807
1399615220.248	n	12.7266	3.70137	14.238	31.4804
1399615220.310	n	12.7271	3.70138	14.216	31.4801
1399615220.372	n	12.7277	3.70139	14.196	31.4797
1399615220.524	y	12.7282	3.70139	14.176	31.4793
1399615220.530	n	12.7287	3.70138	14.157	31.4788
1399615220.560	n	12.7292	3.70137	14.140	31.4783
1399615220.622	n	12.7297	3.70137	14.115	31.4778
1399615220.685	n	12.7301	3.70136	14.093	31.4774
1399615220.754	n	12.7306	3.70136	14.075	31.4770
1399615220.809	n	12.7311	3.70136	14.053	31.4766
1399615220.872	n	12.7315	3.70135	14.035	31.4762
1399615220.935	n	12.7319	3.70133	14.015	31.4757
1399615220.998	n	12.7322	3.70132	13.998	31.4753
1399615221.060	n	12.7326	3.70131	13.978	31.4750
1399615221.122	n	12.7328	3.70132	13.958	31.4748
1399615221.184	n	12.7331	3.70132	13.933	31.4746
1399615221.289	y	12.7334	3.70132	13.913	31.4744
1399615221.309	n	12.7336	3.70132	13.895	31.4742
1399615221.372	n	12.7339	3.70132	13.878	31.4740
1399615221.436	n	12.7341	3.70133	13.857	31.4738
1399615221.499	n	12.7344	3.70132	13.836	31.4736
1399615221.559	n	12.7346	3.70132	13.815	31.4734
1399615221.623	n	12.7349	3.70131	13.795	31.4731
1399615221.684	n	12.7351	3.70129	13.780	31.4728
1399615221.748	n	12.7353	3.70129	13.757	31.4725
1399615221.810	n	12.7355	3.70129	13.737	31.4724
1399615221.872	n	12.7358	3.70129	13.723	31.4722
1399615221.934	n	12.7359	3.70130	13.701	31.4722
1399615221.997	n	12.7361	3.70131	13.681	31.4721
1399615222.059	n	12.7363	3.70130	13.662	31.4719
1399615222.122	n	12.7364	3.70130	13.642	31.4718
1399615222.184	n	12.7365	3.70129	13.625	31.4716
1399615222.247	n	12.7366	3.70128	13.606	31.4714
1399615222.309	n	12.7368	3.70127	13.586	31.4712
1399615222.373	n	12.7370	3.70126	13.567	31.4710
1399615222.436	n	12.7371	3.70125	13.545	31.4708
1399615222.496	n	12.7372	3.70125	13.523	31.4707
1399615222.561	n	12.7373	3.70125	13.503	31.4706
1399615222.623	n	12.7374	3.70125	13.488	31.4705
1399615222.684	n	12.7375	3.70125	13.469	31.4704
1399615222.746	n	12.7376	3.70125	13.443	31.4704
1399615222.917	y	12.7377	3.70125	13.425	31.4702
1399615222.923	n	12.7378	3.70124	13.410	31.4702
1399615222.934	n	12.7379	3.70125	13.386	31.4701
1399615222.998	n	12.7380	3.70125	13.366	31.4701
1399615223.059	n	12.7380	3.70125	13.344	31.4701
1399615223.122	n	12.7381	3.70125	13.326	31.4700
1399615223.186	n	12.7381	3.70124	13.305	31.4700
1399615223.247	n	12.7381	3.70123	13.286	31.4699
1399615223.310	n	12.7382	3.70123	13.269	31.4697
1399615223.373	n	12.7382	3.70122	13.244	31.4696
1399615223.434	n	12.7383	3.70122	13.227	31.4696
1399615223.498	n	12.7383	3.70121	13.208	31.4695
1399615223.560	n	12.7384	3.70121	13.187	31.4695
1399615223.622	n	12.7384	3.70120	13.168	31.4694
1399615223.684	n	12.7385	3.70120	13.148	31.4693
1399615223.748	n	12.7386	3.70120	13.130	31.4692
1399615223.810	n	12.7388	3.70120	13.111	31.4691
1399615223.873	n	12.7389	3.70121	13.089	31.4691
1399615223.935	n	12.7389	3.70121	13.071	31.4690
1399615223.997	n	12.7391	3.70121	13.055	31.4689
1399615224.059	n	12.7392	3.70121	13.031	31.4688
1399615224.121	n	12.7394	3.70120	13.012	31.4686
1399615224.186	n	12.7396	3.70119	12.996	31.4683
1399615224.246	n	12.7398	3.70119	12.974	31.4682
1399615224.310	n	12.7400	3.70119	12.957	31.4680
1399615224.373	n	12.7402	3.70120	12.937	31.4679
1399615224.435	n	12.7405	3.70120	12.917	31.4677
1399615224.497	n	12.7408	3.70118	12.900	31.4674
1399615224.560	n	12.7410	3.70117	12.879	31.4670
1399615224.622	n	12.7413	3.70117	12.859	31.4668
1399615224.685	n	12.7416	3.70116	12.838	31.4665
1399615224.746	n	12.7419	3.70116	12.820	31.4662
1399615224.809	n	12.7423	3.70117	12.801	31.4660
1399615224.873	n	12.7427	3.70117	12.779	31.4657
1399615224.935	y	12.7430	3.70117	12.761	31.4654
1399615224.997	n	12.7434	3.70118	12.740	31.4651
1399615225.060	n	12.7437	3.70117	12.718	31.4648
1399615225.122	n	12.7441	3.70116	12.698	31.4644
1399615225.184	n	12.7445	3.70116	12.679	31.4642
1399615225.247	n	12.7449	3.70116	12.661	31.4638
1399615225.310	n	12.7452	3.70117	12.640	31.4636
1399615225.373	n	12.7456	3.70117	12.617	31.4633
1399615225.436	n	12.7460	3.70117	12.599	31.4630
1399615225.497	n	12.7463	3.70116	12.581	31.4627
1399615225.560	n	12.7466	3.70116	12.562	31.4624
1399615225.622	n	12.7469	3.70116	12.541	31.4622
1399615225.685	n	12.7472	3.70117	12.525	31.4620
1399615225.747	n	12.7475	3.70117	12.505	31.4618
1399615225.810	n	12.7479	3.70117	12.485	31.4614
1399615225.873	n	12.7482	3.70116	12.464	31.4611
1399615225.936	n	12.7485	3.70116	12.447	31.4608
1399615225.997	n	12.7488	3.70115	12.428	31.4605
1399615226.060	n	12.7491	3.70116	12.409	31.4603
1399615226.123	n	12.7494	3.70117	12.391	31.4602
1399615226.184	n	12.7496	3.70117	12.373	31.4600
1399615226.247	n	12.7498	3.70116	12.353	31.4597
1399615226.310	n	12.7500	3.70114	12.336	31.4594
1399615226.372	n	12.7503	3.70112	12.314	31.4591
1399615226.435	n	12.7505	3.70111	12.296	31.4588
1399615226.497	n	12.7508	3.70111	12.276	31.4586
1399615226.560	n	12.7510	3.70111	12.251	31.4584
1399615226.623	n	12.7512	3.70111	12.233	31.4582
1399615226.684	n	12.7514	3.70111	12.208	31.4580
1399615226.747	n	12.7517	3.70110	12.186	31.4578
1399615226.810	n	12.7519	3.70109	12.168	31.4575
1399615226.871	n	12.7522	3.70109	12.147	31.4572
1399615226.934	n	12.7524	3.70108	12.126	31.4570
1399615226.997	n	12.7526	3.70107	12.106	31.4567
1399615227.161	y	12.7527	3.70106	12.083	31.4565
1399615227.167	n	12.7529	3.70105	12.061	31.4563
1399615227.184	n	12.7531	3.70104	12.042	31.4560
1399615227.247	n	12.7534	3.70104	12.025	31.4558
1399615227.310	n	12.7536	3.70104	12.003	31.4556
1399615227.372	n	12.7539	3.70104	11.982	31.4554
1399615227.434	n	12.7541	3.70105	11.959	31.4553
1399615227.497	n	12.7544	3.70105	11.938	31.4551
1399615227.560	n	12.7546	3.70105	11.915	31.4549
1399615227.623	n	12.7548	3.70104	11.896	31.4547
1399615227.685	n	12.7550	3.70103	11.871	31.4544
1399615227.750	n	12.7553	3.70102	11.852	31.4542
1399615227.809	n	12.7554	3.70102	11.832	31.4540
1399615227.873	n	12.7556	3.70103	11.812	31.4539
1399615227.934	n	12.7557	3.70102	11.789	31.4538
1399615227.997	n	12.7558	3.70101	11.765	31.4537
1399615228.060	n	12.7559	3.70101	11.746	31.4535
1399615228.122	n	12.7561	3.70101	11.725	31.4534
1399615228.185	n	12.7563	3.70101	11.705	31.4533
1399615228.248	n	12.7564	3.70102	11.683	31.4532
1399615228.311	n	12.7566	3.70101	11.663	31.4530
1399615228.371	n	12.7569	3.70100	11.643	31.4526
1399615228.434	n	12.7571	3.70099	11.623	31.4524
1399615228.497	n	12.7574	3.70097	11.602	31.4520
1399615228.560	n	12.7576	3.70097	11.583	31.4518
1399615228.645	y	12.7578	3.70097	11.564	31.4516
1399615228.684	n	12.7581	3.70097	11.543	31.4514
1399615228.752	n	12.7584	3.70098	11.523	31.4513
1399615228.811	n	12.7587	3.70098	11.500	31.4511
1399615228.873	n	12.7590	3.70099	11.483	31.4508
1399615228.934	n	12.7593	3.70098	11.460	31.4506
1399615228.999	n	12.7596	3.70099	11.441	31.4503
1399615229.059	n	12.7600	3.70098	11.422	31.4500
1399615229.121	n	12.7603	3.70099	11.405	31.4498
1399615229.184	n	12.7607	3.70099	11.386	31.4495
1399615229.247	n	12.7610	3.70099	11.363	31.4493
1399615229.310	n	12.7613	3.70099	11.344	31.4490
1399615229.372	n	12.7617	3.70099	11.327	31.4487
1399615229.436	n	12.7620	3.70099	11.311	31.4484
1399615229.497	n	12.7625	3.70099	11.286	31.4480
1399615229.560	n	12.7629	3.70098	11.268	31.4476
1399615229.623	n	12.7633	3.70098	11.246	31.4473
1399615229.685	n	12.7638	3.70097	11.231	31.4468
1399615229.747	n	12.7642	3.70097	11.213	31.4465
1399615229.809	n	12.7646	3.70098	11.193	31.4463
1399615229.872	n	12.7650	3.70099	11.172	31.4460
1399615229.934	n	12.7654	3.70099	11.153	31.4456
1399615229.997	n	12.7659	3.70098	11.138	31.4452
1399615230.059	n	12.7665	3.70097	11.117	31.4447
1399615230.122	n	12.7670	3.70097	11.098	31.4442
1399615230.185	n	12.7675	3.70097	11.079	31.4437
1399615230.246	n	12.7681	3.70097	11.062	31.4433
1399615230.309	n	12.7686	3.70097	11.044	31.4428
1399615230.372	n	12.7691	3.70097	11.029	31.4424
1399615230.434	n	12.7696	3.70098	11.012	31.4421
1399615230.498	n	12.7701	3.70098	10.992	31.4417
1399615230.559	n	12.7706	3.70097	10.978	31.4412
1399615230.623	n	12.7711	3.70097	10.960	31.4408
1399615230.684	n	12.7716	3.70097	10.940	31.4404
1399615230.746	n	12.7721	3.70097	10.921	31.4400
1399615230.809	n	12.7726	3.70098	10.905	31.4396
1399615230.871	n	12.7731	3.70097	10.891	31.4392
1399615230.935	n	12.7736	3.70097	10.874	31.4388
1399615230.998	n	12.7740	3.70096	10.856	31.4384
1399615231.060	n	12.7744	3.70096	10.841	31.4380
1399615231.123	n	12.7749	3.70097	10.819	31.4377
1399615231.185	n	12.7753	3.70097	10.802	31.4374
1399615231.247	y	12.7757	3.70098	10.786	31.4371
1399615231.410	n	12.7761	3.70099	10.771	31.4369
1399615231.415	n	12.7765	3.70099	10.754	31.4366
1399615231.435	n	12.7769	3.70098	10.736	31.4362
1399615231.497	n	12.7773	3.70098	10.720	31.4359
1399615231.559	n	12.7777	3.70098	10.703	31.4355
1399615231.622	n	12.7782	3.70097	10.685	31.4350
1399615231.685	n	12.7786	3.70097	10.666	31.4346
1399615231.747	n	12.7791	3.70097	10.647	31.4343
1399615231.810	n	12.7796	3.70098	10.631	31.4340
1399615231.873	n	12.7800	3.70099	10.613	31.4337
1399615231.934	n	12.7804	3.70100	10.599	31.4335
1399615231.998	n	12.7808	3.70099	10.579	31.4331
1399615232.060	n	12.7812	3.70099	10.560	31.4327
1399615232.123	n	12.7815	3.70098	10.543	31.4324
1399615232.184	n	12.7818	3.70098	10.528	31.4321
1399615232.257	y	12.7821	3.70098	10.508	31.4319
1399615232.310	n	12.7824	3.70098	10.488	31.4317
1399615232.372	n	12.7827	3.70098	10.468	31.4315
1399615232.436	n	12.7830	3.70099	10.452	31.4313
1399615232.497	n	12.7833	3.70099	10.431	31.4310
1399615232.559	n	12.7837	3.70098	10.412	31.4306
1399615232.622	n	12.7840	3.70097	10.398	31.4303
1399615232.685	n	12.7844	3.70097	10.380	31.4300
1399615232.748	n	12.7847	3.70098	10.360	31.4298
1399615232.810	n	12.7850	3.70098	10.339	31.4296
1399615232.872	n	12.7853	3.70098	10.322	31.4293
1399615232.936	n	12.7856	3.70096	10.304	31.4290
1399615232.998	n	12.7859	3.70095	10.284	31.4286
1399615233.061	n	12.7861	3.70096	10.265	31.4285
1399615233.121	n	12.7864	3.70097	10.247	31.4283
1399615233.184	n	12.7867	3.70098	10.228	31.4282
1399615233.248	n	12.7869	3.70098	10.207	31.4281
1399615233.309	n	12.7872	3.70099	10.190	31.4279
1399615233.371	n	12.7874	3.70098	10.172	31.4276
1399615233.434	n	12.7876	3.70098	10.152	31.4275
1399615233.497	n	12.7878	3.70098	10.132	31.4273
1399615233.560	n	12.7880	3.70098	10.118	31.4272
1399615233.622	n	12.7882	3.70098	10.094	31.4271
1399615233.686	n	12.7883	3.70099	10.076	31.4270
1399615233.748	n	12.7885	3.70099	10.059	31.4268
1399615233.809	n	12.7887	3.70098	10.037	31.4266
1399615233.873	n	12.7889	3.70098	10.020	31.4264
1399615233.935	n	12.7890	3.70097	10.001	31.4262
1399615233.997	n	12.7892	3.70096	9.981	31.4261
1399615234.060	n	12.7894	3.70097	9.963	31.4260
1399615234.123	n	12.7896	3.70098	9.945	31.4259
1399615234.185	n	12.7897	3.70098	9.926	31.4258
1399615234.248	n	12.7899	3.70099	9.907	31.4258
1399615234.310	n	12.7900	3.70099	9.887	31.4256
1399615234.373	n	12.7902	3.70099	9.871	31.4255
1399615234.434	n	12.7903	3.70099	9.853	31.4254
1399615234.498	n	12.7904	3.70098	9.835	31.4253
1399615234.560	n	12.7906	3.70098	9.816	31.4252
1399615234.621	n	12.7907	3.70098	9.801	31.4251
1399615234.684	n	12.7908	3.70098	9.779	31.4249
1399615234.747	n	12.7909	3.70098	9.760	31.4249
1399615234.809	n	12.7910	3.70098	9.743	31.4248
1399615234.871	n	12.7911	3.70098	9.727	31.4247
1399615234.934	n	12.7912	3.70098	9.708	31.4247
1399615234.998	n	12.7914	3.70098	9.690	31.4245
1399615235.060	n	12.7915	3.70098	9.671	31.4244
1399615235.123	n	12.7917	3.70097	9.652	31.4242
1399615235.184	n	12.7919	3.70096	9.634	31.4239
1399615235.247	n	12.7921	3.70095	9.615	31.4237
1399615235.310	n	12.7922	3.70094	9.598	31.4235
1399615235.373	n	12.7924	3.70095	9.583	31.4234
1399615235.434	n	12.7926	3.70096	9.568	31.4234
1399615235.497	y	12.7928	3.70097	9.551	31.4233
1399615235.666	n	12.7930	3.70098	9.533	31.4232
1399615235.671	n	12.7933	3.70098	9.515	31.4231
1399615235.684	n	12.7935	3.70099	9.495	31.4229
1399615235.747	n	12.7936	3.70099	9.479	31.4228
1399615235.810	n	12.7938	3.70099	9.463	31.4228
1399615235.972	y	12.7939	3.70099	9.443	31.4226
1399615235.979	n	12.7941	3.70099	9.424	31.4224
1399615235.998	n	12.7943	3.70099	9.411	31.4223
1399615236.060	n	12.7945	3.70099	9.392	31.4221
1399615236.122	n	12.7947	3.70099	9.376	31.4219
1399615236.186	n	12.7949	3.70099	9.359	31.4218
1399615236.246	n	12.7951	3.70100	9.340	31.4217
1399615236.309	n	12.7954	3.70100	9.325	31.4215
1399615236.373	n	12.7957	3.70102	9.305	31.4214
1399615236.436	n	12.7960	3.70102	9.289	31.4212
1399615236.498	n	12.7964	3.70101	9.275	31.4208
1399615236.560	n	12.7966	3.70101	9.258	31.4206
1399615236.622	n	12.7969	3.70101	9.238	31.4203
1399615236.684	n	12.7973	3.70101	9.224	31.4200
1399615236.746	n	12.7977	3.70102	9.207	31.4198
1399615236.810	n	12.7981	3.70102	9.189	31.4195
1399615236.871	n	12.7986	3.70103	9.174	31.4192
1399615236.935	n	12.7990	3.70104	9.160	31.4189
1399615236.998	n	12.7994	3.70104	9.143	31.4186
1399615237.060	n	12.7998	3.70103	9.126	31.4182
1399615237.123	n	12.8001	3.70102	9.110	31.4179
1399615237.184	n	12.8004	3.70102	9.093	31.4176
1399615237.247	n	12.8008	3.70102	9.077	31.4173
1399615237.309	n	12.8011	3.70102	9.059	31.4170
1399615237.372	n	12.8015	3.70103	9.043	31.4169
1399615237.435	n	12.8018	3.70104	9.028	31.4167
1399615237.499	n	12.8021	3.70104	9.014	31.4164
1399615237.561	n	12.8024	3.70104	8.996	31.4162
1399615237.622	n	12.8026	3.70103	8.977	31.4159
1399615237.684	n	12.8029	3.70103	8.963	31.4157
1399615237.746	n	12.8032	3.70104	8.949	31.4155
1399615237.809	n	12.8035	3.70104	8.937	31.4153
1399615237.873	n	12.8039	3.70105	8.922	31.4151
1399615237.935	n	12.8042	3.70106	8.903	31.4149
1399615237.998	n	12.8045	3.70106	8.885	31.4147
1399615238.061	n	12.8047	3.70106	8.871	31.4145
1399615238.123	n	12.8050	3.70106	8.855	31.4143
1399615238.187	n	12.8052	3.70106	8.843	31.4141
1399615238.248	n	12.8054	3.70106	8.828	31.4140
1399615238.309	n	12.8056	3.70106	8.810	31.4138
1399615238.372	n	12.8058	3.70107	8.793	31.4137
1399615238.436	n	12.8060	3.70108	8.777	31.4136
1399615238.498	n	12.8061	3.70109	8.762	31.4137
1399615238.559	n	12.8063	3.70109	8.748	31.4136
1399615238.622	n	12.8065	3.70109	8.729	31.4134
1399615238.685	n	12.8067	3.70108	8.716	31.4132
1399615238.748	n	12.8069	3.70108	8.701	31.4129
1399615238.809	n	12.8071	3.70108	8.685	31.4128
1399615238.874	n	12.8073	3.70108	8.668	31.4127
1399615238.935	n	12.8074	3.70108	8.653	31.4126
1399615238.997	n	12.8075	3.70109	8.636	31.4125
1399615239.059	n	12.8077	3.70109	8.619	31.4125
1399615239.121	n	12.8078	3.70109	8.605	31.4123
1399615239.185	n	12.8079	3.70109	8.589	31.4122
1399615239.248	n	12.8081	3.70109	8.571	31.4121
1399615239.310	n	12.8082	3.70109	8.553	31.4120
1399615239.372	n	12.8083	3.70110	8.537	31.4120
1399615239.435	n	12.8085	3.70111	8.520	31.4121
1399615239.499	n	12.8086	3.70111	8.502	31.4119
1399615239.609	y	12.8088	3.70110	8.489	31.4117
1399615239.621	n	12.8090	3.70111	8.472	31.4116
1399615239.686	n	12.8091	3.70111	8.454	31.4115
1399615239.748	y	12.8093	3.70112	8.438	31.4114
1399615239.873	n	12.8095	3.70113	8.424	31.4114
1399615239.878	n	12.8097	3.70113	8.403	31.4112
1399615239.935	n	12.8100	3.70113	8.385	31.4110
1399615239.997	n	12.8104	3.70115	8.371	31.4109
1399615240.060	n	12.8108	3.70115	8.353	31.4105
1399615240.121	n	12.8113	3.70114	8.339	31.4100
1399615240.185	n	12.8119	3.70114	8.323	31.4095
1399615240.248	n	12.8124	3.70113	8.305	31.4090
1399615240.310	n	12.8129	3.70113	8.286	31.4086
1399615240.373	n	12.8134	3.70114	8.269	31.4083
1399615240.434	n	12.8138	3.70114	8.254	31.4080
1399615240.499	n	12.8143	3.70114	8.234	31.4076
1399615240.560	n	12.8147	3.70114	8.215	31.4073
1399615240.622	n	12.8151	3.70115	8.200	31.4070
1399615240.684	n	12.8155	3.70116	8.184	31.4067
1399615240.747	n	12.8159	3.70116	8.168	31.4064
1399615240.810	n	12.8164	3.70117	8.149	31.4061
1399615240.873	n	12.8168	3.70117	8.131	31.4058
1399615240.934	n	12.8173	3.70117	8.118	31.4053
1399615240.996	n	12.8177	3.70117	8.101	31.4050
1399615241.060	n	12.8181	3.70117	8.084	31.4047
1399615241.123	n	12.8184	3.70118	8.065	31.4046
1399615241.184	n	12.8187	3.70119	8.048	31.4044
1399615241.248	n	12.8189	3.70119	8.033	31.4042
1399615241.309	n	12.8193	3.70118	8.018	31.4039
1399615241.372	n	12.8195	3.70118	8.000	31.4037
1399615241.436	n	12.8198	3.70118	7.986	31.4035
1399615241.498	n	12.8199	3.70119	7.968	31.4034
1399615241.559	n	12.8201	3.70120	7.948	31.4034
1399615241.622	n	12.8203	3.70120	7.930	31.4033
1399615241.686	n	12.8205	3.70120	7.914	31.4030
1399615241.748	n	12.8207	3.70119	7.899	31.4028
1399615241.810	n	12.8209	3.70118	7.879	31.4026
1399615241.876	n	12.8210	3.70117	7.866	31.4024
1399615241.935	n	12.8211	3.70117	7.850	31.4023
1399615241.999	n	12.8213	3.70117	7.832	31.4022
1399615242.061	n	12.8214	3.70118	7.815	31.4022
1399615242.122	y	12.8215	3.70119	7.801	31.4022
1399615242.184	n	12.8217	3.70121	7.783	31.4023
1399615242.247	n	12.8217	3.70122	7.764	31.4023
1399615242.309	n	12.8218	3.70121	7.748	31.4022
1399615242.373	n	12.8219	3.70121	7.733	31.4020
1399615242.435	n	12.8220	3.70121	7.718	31.4019
1399615242.497	n	12.8222	3.70122	7.702	31.4019
1399615242.561	n	12.8223	3.70122	7.684	31.4019
1399615242.623	n	12.8225	3.70123	7.667	31.4018
1399615242.685	n	12.8226	3.70123	7.651	31.4017
1399615242.749	n	12.8227	3.70122	7.635	31.4015
1399615242.810	n	12.8228	3.70122	7.614	31.4014
1399615242.872	n	12.8230	3.70122	7.598	31.4013
1399615242.936	n	12.8233	3.70121	7.579	31.4010
1399615242.999	n	12.8242	3.70104	7.561	31.3987
1399615243.059	n	12.8266	3.70075	7.546	31.3939
1399615243.122	n	12.8306	3.70029	7.531	31.3863
1399615243.185	n	12.8353	3.69979	7.513	31.3776
1399615243.304	y	12.8397	3.69936	7.497	31.3700
1399615243.310	n	12.8426	3.69913	7.480	31.3654
1399615243.372	n	12.8439	3.69901	7.458	31.3632
1399615243.434	n	12.8445	3.69902	7.442	31.3628
1399615243.499	n	12.8451	3.69906	7.426	31.3626
1399615243.560	n	12.8457	3.69909	7.405	31.3625
1399615243.622	n	12.8461	3.69912	7.389	31.3624
1399615243.684	n	12.8462	3.69914	7.368	31.3625
1399615243.747	n	12.8459	3.69915	7.349	31.3629
1399615243.809	n	12.8456	3.69918	7.334	31.3634
1399615243.872	n	12.8455	3.69922	7.316	31.3639
1399615243.936	n	12.8455	3.69925	7.298	31.3642
1399615243.999	y	12.8457	3.69929	7.277	31.3644
1399615244.122	n	12.8459	3.69930	7.262	31.3643
1399615244.126	n	12.8462	3.69930	7.246	31.3641
1399615244.186	n	12.8465	3.69930	7.228	31.3639
1399615244.247	n	12.8468	3.69930	7.212	31.3636
1399615244.310	n	12.8473	3.69929	7.189	31.3631
1399615244.373	n	12.8479	3.69929	7.172	31.3626
1399615244.436	n	12.8483	3.69930	7.154	31.3623
1399615244.498	n	12.8483	3.69929	7.135	31.3623
1399615244.560	n	12.8480	3.69930	7.117	31.3626
1399615244.622	n	12.8474	3.69929	7.100	31.3630
1399615244.685	n	12.8469	3.69928	7.085	31.3634
1399615244.749	n	12.8467	3.69927	7.069	31.3634
1399615244.810	n	12.8467	3.69927	7.049	31.3634
1399615244.873	n	12.8468	3.69927	7.033	31.3634
1399615244.936	n	12.8470	3.69928	7.015	31.3633
1399615244.997	n	12.8474	3.69930	6.997	31.3631
1399615245.059	n	12.8481	3.69933	6.978	31.3629
1399615245.121	n	12.8490	3.69937	6.961	31.3625
1399615245.185	n	12.8500	3.69939	6.946	31.3620
1399615245.249	n	12.8507	3.69941	6.929	31.3615
1399615245.309	n	12.8511	3.69941	6.910	31.3612
1399615245.372	n	12.8512	3.69940	6.890	31.3610
1399615245.436	n	12.8512	3.69939	6.875	31.3609
1399615245.499	n	12.8512	3.69938	6.861	31.3608
1399615245.561	n	12.8513	3.69936	6.841	31.3606
1399615245.622	n	12.8516	3.69934	6.823	31.3602
1399615245.686	n	12.8520	3.69933	6.810	31.3598
1399615245.746	n	12.8525	3.69933	6.791	31.3593
1399615245.811	n	12.8529	3.69933	6.775	31.3589
1399615245.872	n	12.8532	3.69932	6.760	31.3587
1399615245.935	n	12.8532	3.69932	6.744	31.3587
1399615245.999	n	12.8532	3.69932	6.730	31.3587
1399615246.060	n	12.8533	3.69933	6.713	31.3587
1399615246.123	n	12.8535	3.69933	6.696	31.3586
1399615246.185	n	12.8537	3.69933	6.679	31.3583
1399615246.247	n	12.8539	3.69929	6.666	31.3578
1399615246.309	n	12.8540	3.69924	6.647	31.3572
1399615246.373	n	12.8540	3.69917	6.630	31.3567
1399615246.436	n	12.8539	3.69912	6.612	31.3563
1399615246.497	n	12.8538	3.69910	6.597	31.3561
1399615246.559	n	12.8538	3.69909	6.580	31.3560
1399615246.623	n	12.8541	3.69907	6.564	31.3557
1399615246.684	n	12.8545	3.69905	6.553	31.3551
1399615246.749	n	12.8549	3.69901	6.541	31.3544
1399615246.810	n	12.8551	3.69898	6.522	31.3539
1399615246.884	y	12.8552	3.69895	6.505	31.3537
1399615246.935	n	12.8552	3.69894	6.488	31.3535
1399615246.999	n	12.8553	3.69893	6.472	31.3533
1399615247.060	n	12.8555	3.69891	6.459	31.3530
1399615247.123	n	12.8558	3.69888	6.445	31.3525
1399615247.185	n	12.8559	3.69885	6.431	31.3521
1399615247.249	n	12.8559	3.69882	6.414	31.3519
1399615247.309	n	12.8558	3.69881	6.400	31.3519
1399615247.372	n	12.8558	3.69882	6.386	31.3519
1399615247.434	n	12.8559	3.69881	6.372	31.3518
1399615247.499	n	12.8559	3.69880	6.361	31.3517
1399615247.559	n	12.8560	3.69878	6.348	31.3515
1399615247.623	n	12.8559	3.69878	6.330	31.3515
1399615247.686	n	12.8558	3.69877	6.315	31.3515
1399615247.749	n	12.8559	3.69876	6.302	31.3514
1399615247.809	n	12.8561	3.69871	6.290	31.3507
1399615247.873	n	12.8563	3.69863	6.271	31.3498
1399615247.935	n	12.8565	3.69855	6.257	31.3489
1399615247.999	n	12.8565	3.69852	6.247	31.3486
1399615248.060	n	12.8565	3.69853	6.231	31.3487
1399615248.122	n	12.8566	3.69856	6.217	31.3489
1399615248.186	n	12.8568	3.69856	6.205	31.3487
1399615248.248	y	12.8570	3.69852	6.190	31.3482
1399615248.389	n	12.8572	3.69847	6.178	31.3476
1399615248.394	n	12.8572	3.69842	6.161	31.3471
1399615248.434	n	12.8572	3.69841	6.148	31.3470
1399615248.498	n	12.8571	3.69841	6.134	31.3472
1399615248.559	n	12.8570	3.69842	6.117	31.3473
1399615248.621	n	12.8569	3.69845	6.103	31.3476
1399615248.685	n	12.8569	3.69846	6.087	31.3478
1399615248.749	n	12.8568	3.69848	6.075	31.3480
1399615248.810	n	12.8568	3.69849	6.061	31.3481
1399615248.872	n	12.8569	3.69849	6.046	31.3481
1399615248.934	n	12.8569	3.69848	6.030	31.3479
1399615249.000	n	12.8569	3.69846	6.015	31.3477
1399615249.059	n	12.8569	3.69843	6.001	31.3475
1399615249.123	n	12.8568	3.69840	5.986	31.3473
1399615249.185	n	12.8569	3.69835	5.973	31.3468
1399615249.249	n	12.8569	3.69825	5.957	31.3458
1399615249.310	n	12.8571	3.69811	5.940	31.3443
1399615249.372	n	12.8574	3.69796	5.924	31.3427
1399615249.435	n	12.8576	3.69783	5.909	31.3413
1399615249.499	n	12.8579	3.69776	5.897	31.3404
1399615249.560	n	12.8581	3.69773	5.877	31.3399
1399615249.622	n	12.8583	3.69771	5.863	31.3396
1399615249.687	n	12.8585	3.69769	5.848	31.3393
1399615249.747	n	12.8586	3.69766	5.836	31.3390
1399615249.810	n	12.8586	3.69765	5.820	31.3388
1399615249.873	n	12.8585	3.69760	5.807	31.3385
1399615249.934	n	12.8582	3.69751	5.792	31.3378
1399615249.999	n	12.8580	3.69739	5.777	31.3369
1399615250.059	n	12.8578	3.69728	5.763	31.3360
1399615250.122	n	12.8577	3.69720	5.755	31.3354
1399615250.186	n	12.8575	3.69717	5.741	31.3352
1399615250.247	n	12.8574	3.69714	5.728	31.3350
1399615250.310	n	12.8573	3.69712	5.712	31.3349
1399615250.373	n	12.8572	3.69712	5.700	31.3350
1399615250.435	n	12.8572	3.69713	5.690	31.3351
1399615250.499	n	12.8572	3.69714	5.674	31.3352
1399615250.560	y	12.8572	3.69714	5.661	31.3352
1399615250.622	n	12.8572	3.69712	5.650	31.3350
1399615250.685	n	12.8573	3.69710	5.635	31.3348
1399615250.747	n	12.8572	3.69708	5.626	31.3347
1399615250.809	n	12.8571	3.69705	5.614	31.3344
1399615250.873	n	12.8570	3.69700	5.596	31.3341
1399615250.935	n	12.8568	3.69698	5.585	31.3340
1399615250.999	n	12.8567	3.69701	5.575	31.3344
1399615251.060	n	12.8567	3.69709	5.561	31.3351
1399615251.122	n	12.8568	3.69715	5.548	31.3357
1399615251.186	n	12.8569	3.69717	5.537	31.3358
1399615251.249	n	12.8570	3.69714	5.520	31.3354
1399615251.310	n	12.8571	3.69708	5.506	31.3348
1399615251.465	y	12.8572	3.69703	5.497	31.3342
1399615251.474	n	12.8572	3.69698	5.485	31.3338
1399615251.498	n	12.8572	3.69692	5.469	31.3332
1399615251.560	n	12.8571	3.69687	5.457	31.3328
1399615251.623	n	12.8571	3.69684	5.444	31.3325
1399615251.685	n	12.8572	3.69684	5.433	31.3325
1399615251.746	n	12.8572	3.69688	5.417	31.3328
1399615251.809	n	12.8572	3.69694	5.404	31.3335
1399615251.871	n	12.8572	3.69699	5.392	31.3340
1399615251.936	n	12.8571	3.69701	5.376	31.3342
1399615251.999	n	12.8570	3.69696	5.362	31.3339
1399615252.060	n	12.8569	3.69689	5.352	31.3333
1399615252.122	n	12.8568	3.69682	5.341	31.3327
1399615252.185	n	12.8568	3.69679	5.328	31.3324
1399615252.248	n	12.8568	3.69678	5.313	31.3323
1399615252.310	n	12.8569	3.69677	5.297	31.3321
1399615252.372	n	12.8569	3.69673	5.285	31.3317
1399615252.437	n	12.8568	3.69664	5.272	31.3310
1399615252.499	y	12.8566	3.69655	5.257	31.3303
1399615252.714	n	12.8562	3.69649	5.241	31.3301
1399615252.720	n	12.8557	3.69648	5.225	31.3304
1399615252.726	n	12.8551	3.69649	5.210	31.3310
1399615252.747	n	12.8547	3.69650	5.195	31.3314
1399615252.810	n	12.8545	3.69652	5.181	31.3317
1399615252.873	n	12.8547	3.69655	5.165	31.3320
1399615252.934	n	12.8549	3.69660	5.147	31.3322
1399615252.998	n	12.8553	3.69664	5.135	31.3323
1399615253.059	n	12.8555	3.69664	5.117	31.3322
1399615253.123	n	12.8555	3.69661	5.104	31.3319
1399615253.184	n	12.8554	3.69656	5.086	31.3315
1399615253.248	n	12.8552	3.69653	5.069	31.3313
1399615253.310	n	12.8550	3.69649	5.054	31.3312
1399615253.372	n	12.8547	3.69644	5.035	31.3310
1399615253.435	n	12.8544	3.69638	5.020	31.3306
1399615253.498	n	12.8541	3.69632	5.003	31.3303
1399615253.559	n	12.8539	3.69628	4.989	31.3302
1399615253.621	n	12.8538	3.69629	4.973	31.3303
1399615253.684	n	12.8538	3.69633	4.955	31.3307
1399615253.746	n	12.8537	3.69634	4.941	31.3309
1399615253.809	n	12.8536	3.69631	4.922	31.3306
1399615253.873	n	12.8536	3.69625	4.903	31.3301
1399615253.935	n	12.8537	3.69619	4.885	31.3295
1399615253.999	n	12.8538	3.69615	4.870	31.3290
1399615254.059	n	12.8539	3.69615	4.851	31.3289
1399615254.122	n	12.8539	3.69617	4.834	31.3291
1399615254.184	n	12.8540	3.69622	4.819	31.3295
1399615254.274	y	12.8541	3.69628	4.805	31.3300
1399615254.310	n	12.8542	3.69636	4.790	31.3307
1399615254.372	n	12.8543	3.69642	4.774	31.3311
1399615254.435	n	12.8544	3.69645	4.754	31.3313
1399615254.499	n	12.8545	3.69644	4.740	31.3312
1399615254.560	n	12.8545	3.69640	4.723	31.3309
1399615254.622	n	12.8545	3.69636	4.709	31.3305
1399615254.685	n	12.8544	3.69635	4.692	31.3305
1399615254.749	n	12.8543	3.69637	4.679	31.3307
1399615254.810	n	12.8543	3.69640	4.667	31.3311
1399615254.872	n	12.8542	3.69644	4.650	31.3315
1399615254.936	n	12.8543	3.69647	4.635	31.3318
1399615254.997	n	12.8543	3.69647	4.620	31.3318
1399615255.059	n	12.8542	3.69645	4.606	31.3316
1399615255.123	n	12.8538	3.69639	4.593	31.3314
1399615255.184	n	12.8533	3.69631	4.579	31.3310
1399615255.247	n	12.8529	3.69621	4.569	31.3305
1399615255.309	n	12.8525	3.69609	4.554	31.3297
1399615255.372	n	12.8523	3.69598	4.536	31.3288
1399615255.434	n	12.8523	3.69589	4.522	31.3280
1399615255.499	n	12.8523	3.69586	4.506	31.3276
1399615255.560	n	12.8524	3.69586	4.497	31.3276
1399615255.622	n	12.8524	3.69584	4.485	31.3274
1399615255.684	n	12.8526	3.69577	4.469	31.3266
1399615255.749	n	12.8528	3.69565	4.458	31.3253
1399615255.810	n	12.8529	3.69553	4.448	31.3241
1399615255.873	n	12.8529	3.69548	4.432	31.3236
1399615255.934	n	12.8528	3.69552	4.419	31.3241
1399615255.997	n	12.8527	3.69565	4.406	31.3254
1399615256.059	n	12.8526	3.69576	4.390	31.3266
1399615256.121	n	12.8526	3.69569	4.378	31.3259
1399615256.186	n	12.8527	3.69542	4.364	31.3233
1399615256.249	n	12.8529	3.69499	4.356	31.3190
1399615256.309	n	12.8533	3.69455	4.341	31.3146
1399615256.371	n	12.8537	3.69422	4.327	31.3111
1399615256.436	n	12.8541	3.69406	4.317	31.3093
1399615256.498	n	12.8543	3.69398	4.303	31.3084
1399615256.561	n	12.8545	3.69394	4.291	31.3078
1399615256.623	n	12.8546	3.69392	4.281	31.3075
1399615256.685	n	12.8547	3.69391	4.268	31.3075
1399615256.749	y	12.8547	3.69392	4.252	31.3075
1399615256.858	n	12.8546	3.69392	4.240	31.3076
1399615256.873	n	12.8545	3.69387	4.225	31.3072
1399615256.935	n	12.8543	3.69376	4.212	31.3063
1399615256.997	n	12.8541	3.69364	4.198	31.3053
1399615257.060	n	12.8540	3.69356	4.182	31.3047
1399615257.123	n	12.8540	3.69353	4.168	31.3044
1399615257.185	n	12.8540	3.69353	4.152	31.3044
1399615257.249	n	12.8540	3.69352	4.141	31.3043
1399615257.309	n	12.8540	3.69349	4.131	31.3040
1399615257.372	n	12.8539	3.69346	4.114	31.3039
1399615257.434	n	12.8539	3.69350	4.102	31.3043
1399615257.498	n	12.8539	3.69360	4.089	31.3052
1399615257.560	n	12.8539	3.69377	4.080	31.3068
1399615257.622	n	12.8539	3.69393	4.067	31.3083
1399615257.684	n	12.8539	3.69405	4.055	31.3094
1399615257.748	n	12.8540	3.69413	4.041	31.3101
1399615257.846	y	12.8541	3.69417	4.027	31.3104
1399615257.872	n	12.8542	3.69418	4.013	31.3104
1399615257.936	n	12.8543	3.69418	4.006	31.3104
1399615257.997	n	12.8543	3.69418	3.993	31.3103
1399615258.059	n	12.8544	3.69416	3.978	31.3101
1399615258.122	n	12.8544	3.69414	3.964	31.3099
1399615258.185	n	12.8544	3.69414	3.949	31.3099
1399615258.248	n	12.8543	3.69415	3.932	31.3101
1399615258.310	n	12.8541	3.69416	3.920	31.3103
1399615258.373	n	12.8540	3.69414	3.906	31.3103
1399615258.435	n	12.8539	3.69407	3.890	31.3097
1399615258.498	n	12.8539	3.69394	3.876	31.3084
1399615258.560	n	12.8541	3.69376	3.864	31.3066
1399615258.623	n	12.8544	3.69354	3.852	31.3043
1399615258.685	n	12.8546	3.69335	3.833	31.3024
1399615258.747	n	12.8546	3.69325	3.818	31.3015
1399615258.809	n	12.8545	3.69327	3.802	31.3017
1399615258.873	n	12.8545	3.69338	3.787	31.3028
1399615258.936	n	12.8545	3.69346	3.771	31.3036
1399615258.997	n	12.8545	3.69343	3.755	31.3033
1399615259.060	n	12.8546	3.69334	3.737	31.3024
1399615259.122	n	12.8545	3.69331	3.721	31.3021
1399615259.184	n	12.8545	3.69338	3.702	31.3028
1399615259.248	n	12.8543	3.69350	3.687	31.3041
1399615259.309	n	12.8542	3.69364	3.675	31.3055
1399615259.373	n	12.8540	3.69370	3.661	31.3062
1399615259.434	n	12.8540	3.69362	3.644	31.3055
1399615259.498	n	12.8542	3.69344	3.626	31.3037
1399615259.560	n	12.8546	3.69319	3.613	31.3010
1399615259.623	n	12.8552	3.69293	3.598	31.2980
1399615259.686	n	12.8556	3.69275	3.580	31.2960
1399615259.747	n	12.8556	3.69272	3.566	31.2957
1399615259.810	n	12.8551	3.69275	3.552	31.2965
1399615259.872	n	12.8544	3.69276	3.537	31.2972
1399615259.936	n	12.8541	3.69271	3.523	31.2969
1399615259.998	n	12.8546	3.69262	3.511	31.2956
1399615260.060	n	12.8554	3.69255	3.497	31.2943
1399615260.123	n	12.8561	3.69257	3.483	31.2939
1399615260.185	n	12.8563	3.69262	3.470	31.2943
1399615260.249	n	12.8561	3.69266	3.457	31.2949
1399615260.310	n	12.8558	3.69266	3.442	31.2950
1399615260.373	n	12.8558	3.69261	3.427	31.2946
1399615260.435	n	12.8558	3.69257	3.416	31.2942
1399615260.497	n	12.8558	3.69256	3.403	31.2941
1399615260.560	n	12.8558	3.69255	3.389	31.2941
1399615260.622	n	12.8559	3.69252	3.377	31.2937
1399615260.685	n	12.8563	3.69241	3.366	31.2924
1399615260.748	n	12.8571	3.69226	3.349	31.2902
1399615260.809	n	12.8582	3.69209	3.341	31.2877
1399615260.872	n	12.8594	3.69194	3.327	31.2853
1399615260.936	n	12.8605	3.69181	3.314	31.2832
1399615260.998	y	12.8611	3.69168	3.298	31.2815
1399615261.130	n	12.8614	3.69154	3.285	31.2800
1399615261.134	n	12.8614	3.69141	3.272	31.2787
1399615261.185	n	12.8616	3.69130	3.264	31.2775
1399615261.249	n	12.8621	3.69124	3.251	31.2765
1399615261.309	n	12.8630	3.69118	3.241	31.2753
1399615261.372	n	12.8641	3.69112	3.228	31.2738
1399615261.436	n	12.8655	3.69109	3.219	31.2723
1399615261.549	y	12.8673	3.69108	3.212	31.2708
1399615261.560	n	12.8692	3.69111	3.202	31.2694
1399615261.622	n	12.8707	3.69112	3.190	31.2683
1399615261.684	n	12.8718	3.69107	3.179	31.2669
1399615261.749	n	12.8725	3.69097	3.170	31.2654
1399615261.811	n	12.8729	3.69084	3.159	31.2639
1399615261.873	n	12.8732	3.69072	3.146	31.2625
1399615261.935	n	12.8731	3.69067	3.137	31.2621
1399615261.999	n	12.8724	3.69067	3.129	31.2627
1399615262.060	n	12.8718	3.69072	3.115	31.2637
1399615262.121	n	12.8719	3.69068	3.103	31.2632
1399615262.185	n	12.8733	3.69043	3.091	31.2597
1399615262.248	n	12.8760	3.68997	3.080	31.2531
1399615262.309	n	12.8796	3.68937	3.069	31.2446
1399615262.372	n	12.8833	3.68875	3.059	31.2357
1399615262.436	n	12.8865	3.68833	3.049	31.2290
1399615262.498	n	12.8890	3.68807	3.040	31.2245
1399615262.560	n	12.8907	3.68795	3.030	31.2220
1399615262.622	n	12.8914	3.68795	3.018	31.2214
1399615262.684	n	12.8915	3.68799	3.009	31.2217
1399615262.748	n	12.8914	3.68799	2.996	31.2218
1399615262.809	n	12.8912	3.68808	2.984	31.2228
1399615262.872	n	12.8913	3.68837	2.974	31.2256
1399615262.935	n	12.8914	3.68875	2.960	31.2290
1399615262.997	n	12.8914	3.68905	2.952	31.2318
1399615263.060	n	12.8911	3.68912	2.940	31.2327
1399615263.122	n	12.8904	3.68896	2.928	31.2318
1399615263.185	n	12.8892	3.68873	2.915	31.2307
1399615263.248	n	12.8877	3.68865	2.902	31.2311
1399615263.310	n	12.8862	3.68869	2.889	31.2327
1399615263.372	n	12.8853	3.68872	2.879	31.2337
1399615263.435	n	12.8853	3.68862	2.864	31.2328
1399615263.497	n	12.8863	3.68845	2.849	31.2304
1399615263.560	n	12.8879	3.68828	2.836	31.2275
1399615263.622	n	12.8897	3.68807	2.825	31.2240
1399615263.685	n	12.8916	3.68793	2.812	31.2211
1399615263.747	n	12.8931	3.68783	2.796	31.2190
1399615263.811	n	12.8940	3.68781	2.782	31.2180
1399615263.873	n	12.8942	3.68786	2.763	31.2184
1399615263.935	n	12.8936	3.68800	2.746	31.2201
1399615263.998	n	12.8925	3.68819	2.727	31.2230
1399615264.061	n	12.8909	3.68843	2.709	31.2265
1399615264.122	n	12.8893	3.68867	2.690	31.2301
1399615264.186	n	12.8876	3.68890	2.676	31.2336
1399615264.248	n	12.8862	3.68908	2.660	31.2365
1399615264.310	n	12.8854	3.68916	2.640	31.2379
1399615264.373	n	12.8851	3.68913	2.621	31.2379
1399615264.435	n	12.8854	3.68904	2.605	31.2369
1399615264.499	n	12.8859	3.68892	2.585	31.2352
1399615264.561	n	12.8866	3.68879	2.562	31.2336
1399615264.622	n	12.8870	3.68872	2.545	31.2325
1399615264.686	n	12.8871	3.68867	2.525	31.2319
1399615264.747	n	12.8871	3.68866	2.504	31.2319
1399615264.811	n	12.8870	3.68870	2.488	31.2323
1399615264.872	n	12.8868	3.68876	2.470	31.2331
1399615264.936	n	12.8866	3.68884	2.450	31.2340
1399615264.998	n	12.8863	3.68890	2.434	31.2347
1399615265.060	n	12.8861	3.68893	2.411	31.2353
1399615265.123	n	12.8859	3.68895	2.391	31.2356
1399615265.201	y	12.8856	3.68898	2.372	31.2361
1399615265.249	y	12.8854	3.68903	2.353	31.2368
1399615265.489	n	12.8853	3.68908	2.338	31.2374
1399615265.495	n	12.8854	3.68912	2.319	31.2376
1399615265.501	n	12.8860	3.68910	2.300	31.2370
1399615265.505	n	12.8869	3.68901	2.278	31.2354
1399615265.560	n	12.8880	3.68888	2.258	31.2333
1399615265.622	n	12.8891	3.68875	2.244	31.2312
1399615265.685	n	12.8899	3.68863	2.226	31.2294
1399615265.750	n	12.8905	3.68855	2.204	31.2281
1399615265.810	n	12.8909	3.68849	2.187	31.2272
1399615265.930	y	12.8911	3.68846	2.172	31.2268
1399615265.943	n	12.8911	3.68845	2.155	31.2267
1399615266.000	n	12.8910	3.68844	2.137	31.2268
1399615266.061	n	12.8908	3.68844	2.119	31.2269
1399615266.123	n	12.8908	3.68844	2.104	31.2270
1399615266.185	n	12.8908	3.68843	2.082	31.2268
1399615266.249	n	12.8908	3.68844	2.061	31.2269
1399615266.310	n	12.8907	3.68846	2.042	31.2272
1399615266.372	n	12.8903	3.68855	2.024	31.2284
1399615266.435	n	12.8897	3.68865	2.006	31.2299
1399615266.499	n	12.8893	3.68874	1.989	31.2310
1399615266.560	n	12.8892	3.68883	1.973	31.2320
1399615266.622	n	12.8892	3.68894	1.954	31.2330
1399615266.686	n	12.8889	3.68904	1.936	31.2341
1399615266.747	n	12.8886	3.68908	1.913	31.2348
1399615266.811	n	12.8889	3.68889	1.896	31.2328
1399615266.873	n	12.8904	3.68847	1.878	31.2275
1399615266.937	n	12.8933	3.68793	1.862	31.2202
1399615266.997	n	12.8966	3.68745	1.846	31.2129
1399615267.060	n	12.8993	3.68716	1.830	31.2079
1399615267.123	n	12.9008	3.68706	1.812	31.2058
1399615267.185	n	12.9012	3.68705	1.796	31.2053
1399615267.249	n	12.9010	3.68708	1.779	31.2058
1399615267.309	n	12.9006	3.68708	1.765	31.2061
1399615267.372	n	12.9004	3.68706	1.754	31.2062
1399615267.434	n	12.9004	3.68706	1.740	31.2062
1399615267.500	n	12.9005	3.68709	1.726	31.2063
1399615267.560	n	12.9006	3.68715	1.716	31.2068
1399615267.622	n	12.9008	3.68724	1.706	31.2075
1399615267.684	n	12.9009	3.68729	1.698	31.2079
1399615267.748	n	12.9009	3.68730	1.687	31.2080
1399615267.809	n	12.9008	3.68729	1.674	31.2080
1399615267.873	n	12.9006	3.68727	1.665	31.2079
1399615267.935	n	12.9002	3.68726	1.659	31.2082
1399615267.999	n	12.8997	3.68727	1.651	31.2087
1399615268.060	n	12.8993	3.68729	1.641	31.2092
1399615268.122	n	12.8991	3.68731	1.634	31.2096
1399615268.186	n	12.8989	3.68735	1.627	31.2101
1399615268.247	n	12.8989	3.68739	1.623	31.2105
1399615268.310	n	12.8991	3.68742	1.614	31.2107
1399615268.372	n	12.8994	3.68744	1.602	31.2106
1399615268.434	n	12.8997	3.68747	1.597	31.2106
1399615268.497	n	12.9000	3.68751	1.591	31.2108
1399615268.559	n	12.8999	3.68754	1.590	31.2112
1399615268.622	n	12.8994	3.68758	1.583	31.2118
1399615268.684	n	12.8987	3.68761	1.572	31.2128
1399615268.748	n	12.8978	3.68765	1.564	31.2139
1399615268.810	n	12.8971	3.68774	1.562	31.2153
1399615268.880	y	12.8966	3.68781	1.550	31.2164
1399615268.936	n	12.8963	3.68784	1.540	31.2169
1399615268.998	n	12.8961	3.68787	1.535	31.2174
1399615269.061	n	12.8955	3.68797	1.525	31.2188
1399615269.123	n	12.8944	3.68814	1.517	31.2213
1399615269.186	n	12.8929	3.68838	1.505	31.2249
1399615269.247	n	12.8913	3.68861	1.501	31.2283
1399615269.310	n	12.8900	3.68872	1.498	31.2304
1399615269.373	n	12.8894	3.68873	1.490	31.2310
1399615269.434	n	12.8894	3.68866	1.484	31.2304
1399615269.498	y	12.8899	3.68857	1.479	31.2291
1399615269.627	n	12.8908	3.68850	1.469	31.2278
1399615269.631	n	12.8918	3.68843	1.464	31.2262
1399615269.686	n	12.8930	3.68832	1.456	31.2241
1399615269.749	n	12.8941	3.68819	1.454	31.2220
1399615269.809	n	12.8948	3.68808	1.445	31.2204
1399615269.872	n	12.8949	3.68802	1.435	31.2198
1399615269.935	n	12.8944	3.68803	1.429	31.2203
1399615269.998	n	12.8937	3.68806	1.420	31.2213
1399615270.060	n	12.8931	3.68811	1.411	31.2221
1399615270.123	n	12.8931	3.68812	1.401	31.2223
1399615270.185	n	12.8937	3.68807	1.394	31.2213
1399615270.248	n	12.8951	3.68793	1.383	31.2189
1399615270.311	n	12.8969	3.68774	1.372	31.2156
1399615270.373	n	12.8986	3.68753	1.367	31.2122
1399615270.436	n	12.8998	3.68738	1.358	31.2098
1399615270.497	n	12.9002	3.68733	1.350	31.2089
1399615270.560	n	12.9001	3.68735	1.345	31.2092
1399615270.622	n	12.8996	3.68742	1.341	31.2103
1399615270.685	n	12.8990	3.68751	1.331	31.2116
1399615270.747	n	12.8986	3.68759	1.324	31.2128
1399615270.810	n	12.8982	3.68764	1.319	31.2135
1399615270.872	n	12.8980	3.68765	1.314	31.2138
1399615270.936	n	12.8981	3.68762	1.307	31.2135
1399615270.998	n	12.8984	3.68759	1.304	31.2129
1399615271.059	n	12.8988	3.68754	1.297	31.2121
1399615271.122	n	12.8993	3.68747	1.292	31.2111
1399615271.186	n	12.8998	3.68742	1.287	31.2102
1399615271.248	n	12.9002	3.68740	1.283	31.2097
1399615271.310	n	12.9004	3.68739	1.274	31.2094
1399615271.373	n	12.9005	3.68739	1.266	31.2094
1399615271.435	n	12.9006	3.68739	1.263	31.2092
1399615271.497	n	12.9007	3.68736	1.259	31.2088
1399615271.560	n	12.9009	3.68733	1.253	31.2084
1399615271.622	n	12.9012	3.68729	1.246	31.2079
1399615271.686	n	12.9014	3.68726	1.241	31.2073
1399615271.746	n	12.9018	3.68721	1.236	31.2066
1399615271.810	n	12.9021	3.68716	1.225	31.2058
1399615271.872	n	12.9024	3.68712	1.221	31.2053
1399615271.934	n	12.9026	3.68711	1.213	31.2050
1399615271.998	n	12.9026	3.68712	1.209	31.2051
1399615272.059	n	12.9025	3.68715	1.203	31.2055
1399615272.122	n	12.9022	3.68718	1.197	31.2059
1399615272.184	n	12.9020	3.68721	1.192	31.2064
1399615272.247	n	12.9018	3.68724	1.187	31.2069
1399615272.310	n	12.9015	3.68726	1.181	31.2073
1399615272.372	n	12.9014	3.68725	1.174	31.2074
1399615272.437	y	12.9013	3.68723	1.170	31.2072
1399615272.518	n	12.9012	3.68720	1.163	31.2071
1399615272.560	n	12.9010	3.68715	1.155	31.2067
1399615272.622	n	12.9007	3.68706	1.147	31.2061
1399615272.684	n	12.9003	3.68694	1.137	31.2053
1399615272.749	n	12.8998	3.68682	1.126	31.2047
1399615272.810	n	12.8994	3.68675	1.113	31.2043
1399615272.873	n	12.8991	3.68674	1.101	31.2044
1399615272.936	n	12.8989	3.68679	1.088	31.2050
1399615272.998	n	12.8988	3.68685	1.074	31.2058
1399615273.060	n	12.8988	3.68692	1.061	31.2063
1399615273.124	n	12.8992	3.68698	1.049	31.2066
1399615273.185	n	12.9000	3.68701	1.032	31.2063
1399615273.248	n	12.9008	3.68701	1.020	31.2057
1399615273.310	n	12.9015	3.68701	1.003	31.2051
1399615273.373	n	12.9020	3.68702	0.989	31.2047
1399615273.436	n	12.9024	3.68704	0.976	31.2046
1399615273.497	n	12.9028	3.68708	0.962	31.2046
1399615273.560	n	12.9031	3.68710	0.949	31.2045
1399615273.622	n	12.9033	3.68710	0.937	31.2044
1399615273.685	n	12.9034	3.68707	0.924	31.2041
1399615273.858	y	12.9033	3.68704	0.912	31.2039
1399615273.863	n	12.9032	3.68701	0.903	31.2037
1399615273.873	n	12.9030	3.68700	0.896	31.2037
1399615273.936	n	12.9029	3.68699	0.889	31.2038
1399615273.998	n	12.9028	3.68699	0.878	31.2039
1399615274.060	n	12.9029	3.68702	0.877	31.2040
1399615274.123	n	12.9031	3.68705	0.874	31.2042
1399615274.185	n	12.9032	3.68708	0.870	31.2044
1399615274.247	n	12.9031	3.68709	0.859	31.2046
1399615274.309	n	12.9028	3.68708	0.848	31.2048
1399615274.372	n	12.9023	3.68708	0.845	31.2051
1399615274.435	n	12.9020	3.68710	0.839	31.2055
1399615274.497	n	12.9018	3.68712	0.826	31.2059
1399615274.560	n	12.9016	3.68715	0.816	31.2063
1399615274.622	n	12.9016	3.68715	0.809	31.2064
1399615274.686	n	12.9016	3.68714	0.801	31.2063
1399615274.747	n	12.9015	3.68711	0.788	31.2060
1399615274.810	n	12.9015	3.68707	0.779	31.2057
1399615274.872	n	12.9015	3.68704	0.769	31.2054
1399615274.936	n	12.9016	3.68703	0.758	31.2053
1399615274.998	n	12.9016	3.68702	0.748	31.2052
1399615275.060	n	12.9015	3.68700	0.738	31.2051
1399615275.122	n	12.9013	3.68699	0.727	31.2051
1399615275.185	n	12.9012	3.68697	0.715	31.2051
1399615275.248	n	12.9010	3.68696	0.705	31.2051
1399615275.310	n	12.9008	3.68695	0.698	31.2051
1399615275.373	n	12.9005	3.68694	0.689	31.2053
1399615275.436	n	12.9003	3.68691	0.674	31.2052
1399615275.498	n	12.9001	3.68691	0.662	31.2054
1399615275.560	n	12.9001	3.68693	0.654	31.2056
1399615275.624	n	12.9003	3.68696	0.641	31.2057
1399615275.693	n	12.9007	3.68700	0.628	31.2058
1399615275.748	n	12.9011	3.68705	0.624	31.2059
1399615275.809	n	12.9014	3.68708	0.614	31.2059
1399615275.872	n	12.9016	3.68711	0.605	31.2060
1399615275.935	n	12.9016	3.68711	0.592	31.2061
1399615275.998	n	12.9016	3.68710	0.581	31.2060
1399615276.060	n	12.9017	3.68709	0.570	31.2058
1399615276.122	n	12.9018	3.68708	0.560	31.2056
1399615276.220	y	12.9020	3.68707	0.551	31.2054
1399615276.249	n	12.9021	3.68707	0.541	31.2053
1399615276.309	n	12.9022	3.68709	0.530	31.2054
1399615276.372	n	12.9022	3.68711	0.522	31.2056
1399615276.434	n	12.9020	3.68713	0.515	31.2060
1399615276.499	n	12.9005	3.47222	0.505	29.1942
1399615276.559	n	12.8956	2.97633	0.499	24.6240
1399615276.622	n	12.8853	2.32576	0.495	18.7851
1399615276.686	n	12.8690	1.69126	0.486	13.2766
1399615276.747	n	12.8480	1.22254	0.475	9.3442
1399615276.810	n	12.8251	1.03020	0.470	7.7723
1399615276.872	n	12.8042	0.94189	0.466	7.0609
