Source File: D:\Storage\Programs\OOI\Group 5\Correspondence\07_18_14 sample files\files\11299999.PPB
Processed: 07/18/2014 12:28:08
Using Version: 1.11
Device: CTD
Start Date: 05/09/2014
Timestamp (s)	Suspect Timestamp	Temperature	Conductivity	Pressure	Salinity
1399679982.683	y	12.3946	3.69672	21.417	31.7121
1399679982.747	n	12.3946	3.69676	21.426	31.7124
1399679982.809	n	12.3945	3.69671	21.426	31.7121
1399679982.873	n	12.3946	3.69672	21.417	31.7120
1399679982.936	n	12.3945	3.69676	21.426	31.7125
1399679982.996	n	12.3946	3.69671	21.436	31.7120
1399679983.058	n	12.3943	3.69676	21.440	31.7127
1399679983.125	n	12.3945	3.69672	21.426	31.7121
1399679983.188	n	12.3945	3.69671	21.430	31.7121
1399679983.248	n	12.3944	3.69671	21.431	31.7121
1399679983.310	n	12.3944	3.69672	21.436	31.7122
1399679983.374	n	12.3943	3.69672	21.440	31.7123
1399679983.435	n	12.3943	3.69671	21.444	31.7123
1399679983.499	n	12.3942	3.69671	21.444	31.7123
1399679983.561	n	12.3942	3.69670	21.447	31.7122
1399679983.623	n	12.3942	3.69670	21.448	31.7123
1399679983.688	n	12.3941	3.69671	21.453	31.7123
1399679983.751	n	12.3941	3.69672	21.455	31.7125
1399679983.810	n	12.3941	3.69673	21.455	31.7126
1399679983.874	n	12.3940	3.69673	21.454	31.7126
1399679983.938	n	12.3940	3.69672	21.458	31.7126
1399679984.001	n	12.3940	3.69670	21.461	31.7124
1399679984.062	n	12.3940	3.69669	21.462	31.7123
1399679984.122	n	12.3939	3.69669	21.462	31.7123
1399679984.186	n	12.3939	3.69670	21.463	31.7124
1399679985.650	n	12.3939	3.69671	21.461	31.7126
1399679985.683	n	12.3939	3.69672	21.464	31.7127
1399679985.708	n	12.3939	3.69672	21.463	31.7126
1399679985.730	n	12.3938	3.69671	21.462	31.7126
1399679985.740	n	12.3938	3.69670	21.467	31.7126
1399679985.749	n	12.3937	3.69670	21.462	31.7126
1399679985.757	n	12.3937	3.69670	21.460	31.7127
1399679985.765	n	12.3936	3.69670	21.461	31.7127
1399679985.772	n	12.3936	3.69670	21.463	31.7128
1399679985.779	n	12.3935	3.69670	21.463	31.7127
1399679985.786	n	12.3935	3.69669	21.460	31.7127
1399679985.793	n	12.3935	3.69670	21.458	31.7129
1399679985.800	n	12.3935	3.69672	21.458	31.7130
1399679985.806	n	12.3935	3.69672	21.457	31.7130
1399679985.813	n	12.3935	3.69672	21.452	31.7130
1399679985.819	n	12.3935	3.69671	21.452	31.7129
1399679985.825	n	12.3935	3.69670	21.452	31.7128
1399679985.830	n	12.3934	3.69670	21.448	31.7129
1399679985.836	n	12.3934	3.69670	21.448	31.7129
1399679985.842	n	12.3934	3.69670	21.443	31.7129
1399679985.848	n	12.3935	3.69670	21.441	31.7128
1399679985.855	n	12.3935	3.69670	21.440	31.7128
1399679985.862	n	12.3935	3.69670	21.440	31.7128
1399679985.869	n	12.3935	3.69670	21.438	31.7128
1399679985.875	n	12.3935	3.69670	21.436	31.7128
1399679985.881	n	12.3936	3.69671	21.432	31.7129
1399679985.887	n	12.3936	3.69672	21.432	31.7129
1399679985.936	n	12.3936	3.69672	21.433	31.7129
1399679986.001	n	12.3936	3.69671	21.428	31.7128
1399679986.062	n	12.3936	3.69671	21.426	31.7128
1399679986.122	n	12.3936	3.69670	21.423	31.7127
1399679986.190	n	12.3936	3.69670	21.415	31.7127
1399679986.248	n	12.3936	3.69671	21.414	31.7128
1399679986.311	n	12.3936	3.69672	21.410	31.7129
1399679986.373	n	12.3935	3.69672	21.406	31.7129
1399679986.438	n	12.3935	3.69672	21.404	31.7130
1399679986.499	n	12.3935	3.69671	21.404	31.7129
1399679986.561	n	12.3935	3.69671	21.405	31.7129
1399679986.624	n	12.3936	3.69671	21.402	31.7129
1399679986.694	n	12.3936	3.69671	21.398	31.7128
1399679986.751	n	12.3937	3.69670	21.397	31.7127
1399679986.810	n	12.3937	3.69670	21.394	31.7126
1399679986.875	n	12.3937	3.69669	21.391	31.7126
1399679986.937	n	12.3937	3.69670	21.392	31.7127
1399679986.999	n	12.3936	3.69671	21.392	31.7128
1399679987.061	n	12.3936	3.69672	21.390	31.7129
1399679987.123	n	12.3936	3.69671	21.387	31.7128
1399679987.188	n	12.3936	3.69670	21.382	31.7127
1399679987.248	n	12.3936	3.69669	21.382	31.7126
1399679987.310	n	12.3936	3.69669	21.378	31.7126
1399679987.373	n	12.3936	3.69670	21.374	31.7127
1399679987.439	n	12.3936	3.69671	21.373	31.7128
1399679987.498	n	12.3937	3.69671	21.372	31.7128
1399679987.561	n	12.3937	3.69670	21.369	31.7127
1399679987.625	n	12.3937	3.69669	21.367	31.7126
1399679987.690	n	12.3937	3.69669	21.366	31.7126
1399679987.750	n	12.3936	3.69670	21.370	31.7127
1399679987.811	n	12.3936	3.69671	21.367	31.7129
1399679987.873	n	12.3936	3.69672	21.366	31.7129
1399679987.935	n	12.3936	3.69672	21.363	31.7129
1399679987.998	n	12.3936	3.69672	21.363	31.7129
1399679988.060	n	12.3936	3.69672	21.364	31.7129
1399679988.125	n	12.3936	3.69672	21.360	31.7129
1399679988.187	n	12.3937	3.69672	21.357	31.7129
1399679988.248	n	12.3937	3.69671	21.358	31.7128
1399679988.313	n	12.3936	3.69670	21.357	31.7127
1399679988.375	y	12.3936	3.69669	21.359	31.7127
1399679988.439	n	12.3936	3.69669	21.358	31.7127
1399679988.500	n	12.3936	3.69669	21.357	31.7127
1399679988.561	n	12.3936	3.69670	21.358	31.7127
1399679988.624	n	12.3936	3.69670	21.356	31.7128
1399679988.689	n	12.3936	3.69670	21.353	31.7128
1399679988.750	n	12.3935	3.69671	21.355	31.7129
1399679988.811	n	12.3935	3.69672	21.359	31.7130
1399679988.873	n	12.3934	3.69672	21.356	31.7131
1399679988.935	n	12.3934	3.69672	21.352	31.7131
1399679989.002	n	12.3934	3.69671	21.352	31.7130
1399679989.188	y	12.3935	3.69671	21.355	31.7129
1399679989.198	n	12.3936	3.69670	21.356	31.7128
1399679989.205	n	12.3936	3.69669	21.358	31.7126
1399679989.249	n	12.3936	3.69669	21.357	31.7126
1399679989.310	n	12.3935	3.69669	21.358	31.7127
1399679989.373	n	12.3935	3.69669	21.356	31.7128
1399679989.437	n	12.3935	3.69670	21.355	31.7128
1399679989.501	n	12.3935	3.69670	21.358	31.7129
1399679989.561	n	12.3935	3.69671	21.355	31.7129
1399679989.624	n	12.3935	3.69671	21.356	31.7129
1399679989.686	n	12.3935	3.69671	21.358	31.7129
1399679989.748	n	12.3935	3.69670	21.360	31.7129
1399679989.813	n	12.3935	3.69670	21.361	31.7129
1399679989.876	n	12.3935	3.69670	21.359	31.7129
1399679989.936	n	12.3935	3.69670	21.359	31.7128
1399679989.998	n	12.3935	3.69669	21.362	31.7128
1399679990.060	n	12.3935	3.69670	21.360	31.7128
1399679990.124	n	12.3935	3.69671	21.359	31.7130
1399679990.188	n	12.3935	3.69672	21.364	31.7130
1399679990.247	n	12.3935	3.69672	21.362	31.7130
1399679990.312	n	12.3935	3.69671	21.365	31.7129
1399679990.375	n	12.3934	3.69670	21.365	31.7128
1399679990.439	n	12.3934	3.69670	21.367	31.7129
1399679990.500	n	12.3933	3.69670	21.364	31.7130
1399679990.561	n	12.3933	3.69670	21.368	31.7130
1399679990.624	n	12.3933	3.69670	21.369	31.7130
1399679990.687	n	12.3933	3.69670	21.368	31.7129
1399679990.749	n	12.3934	3.69669	21.368	31.7128
1399679990.810	n	12.3934	3.69669	21.369	31.7128
1399679990.872	n	12.3934	3.69669	21.371	31.7129
1399679990.938	n	12.3933	3.69670	21.373	31.7130
1399679990.998	n	12.3933	3.69670	21.371	31.7130
1399679991.061	n	12.3932	3.69670	21.373	31.7131
1399679991.124	n	12.3932	3.69670	21.371	31.7131
1399679991.188	n	12.3932	3.69670	21.369	31.7131
1399679991.250	n	12.3932	3.69671	21.371	31.7132
1399679991.311	n	12.3932	3.69672	21.370	31.7133
1399679991.373	n	12.3932	3.69672	21.368	31.7133
1399679991.436	n	12.3932	3.69671	21.369	31.7132
1399679991.499	n	12.3932	3.69671	21.369	31.7132
1399679991.561	n	12.3931	3.69670	21.367	31.7132
1399679991.624	n	12.3931	3.69670	21.368	31.7132
1399679991.686	n	12.3931	3.69670	21.365	31.7132
1399679991.749	n	12.3931	3.69671	21.363	31.7133
1399679991.843	n	12.3930	3.69671	21.359	31.7133
1399679991.873	n	12.3930	3.69670	21.359	31.7133
1399679991.936	n	12.3929	3.69670	21.355	31.7133
1399679992.000	n	12.3929	3.69670	21.351	31.7133
1399679992.075	y	12.3929	3.69670	21.347	31.7134
1399679992.123	n	12.3928	3.69670	21.341	31.7134
1399679992.188	n	12.3928	3.69670	21.338	31.7135
1399679992.249	n	12.3928	3.69670	21.337	31.7134
1399679992.310	n	12.3927	3.69669	21.331	31.7133
1399679992.374	y	12.3927	3.69669	21.324	31.7134
1399679992.438	n	12.3927	3.69669	21.316	31.7134
1399679992.497	n	12.3927	3.69670	21.311	31.7135
1399679992.574	n	12.3927	3.69670	21.301	31.7136
1399679992.624	n	12.3927	3.69670	21.298	31.7136
1399679992.685	n	12.3927	3.69670	21.288	31.7135
1399679992.749	n	12.3927	3.69669	21.280	31.7134
1399679992.811	n	12.3927	3.69669	21.275	31.7134
1399679992.874	n	12.3927	3.69669	21.270	31.7135
1399679992.936	n	12.3926	3.69670	21.263	31.7136
1399679992.998	n	12.3926	3.69671	21.254	31.7137
1399679993.061	n	12.3926	3.69671	21.246	31.7137
1399679993.123	n	12.3926	3.69670	21.240	31.7137
1399679993.186	n	12.3925	3.69670	21.234	31.7137
1399679993.249	n	12.3925	3.69669	21.225	31.7137
1399679993.426	y	12.3924	3.69670	21.217	31.7138
1399679993.437	n	12.3924	3.69670	21.206	31.7139
1399679993.445	n	12.3924	3.69671	21.201	31.7139
1399679993.498	n	12.3923	3.69672	21.192	31.7140
1399679993.561	n	12.3923	3.69671	21.184	31.7140
1399679993.936	n	12.3923	3.69670	21.177	31.7139
1399679993.944	n	12.3923	3.69669	21.166	31.7138
1399679993.956	n	12.3924	3.69668	21.158	31.7137
1399679993.962	n	12.3924	3.69668	21.149	31.7137
1399679993.968	n	12.3924	3.69669	21.141	31.7138
1399679993.974	n	12.3923	3.69669	21.128	31.7138
1399679993.999	n	12.3923	3.69668	21.121	31.7138
1399679994.060	n	12.3923	3.69667	21.114	31.7137
1399679994.122	n	12.3922	3.69667	21.102	31.7137
1399679994.186	n	12.3922	3.69668	21.091	31.7139
1399679994.249	n	12.3922	3.69669	21.084	31.7140
1399679994.311	n	12.3922	3.69670	21.078	31.7141
1399679994.374	n	12.3921	3.69670	21.066	31.7141
1399679994.436	n	12.3921	3.69669	21.055	31.7140
1399679994.498	n	12.3921	3.69669	21.047	31.7141
1399679994.561	n	12.3921	3.69670	21.036	31.7142
1399679994.623	n	12.3921	3.69670	21.030	31.7141
1399679994.687	n	12.3921	3.69670	21.019	31.7141
1399679994.747	n	12.3920	3.69669	21.007	31.7141
1399679994.810	n	12.3920	3.69669	20.997	31.7142
1399679994.872	n	12.3920	3.69669	20.989	31.7142
1399679994.937	n	12.3920	3.69670	20.976	31.7142
1399679994.998	n	12.3920	3.69669	20.967	31.7142
1399679995.061	n	12.3921	3.69669	20.956	31.7141
1399679995.124	n	12.3920	3.69668	20.946	31.7140
1399679995.185	n	12.3920	3.69668	20.936	31.7140
1399679995.248	n	12.3920	3.69668	20.924	31.7141
1399679995.311	n	12.3920	3.69668	20.913	31.7141
1399679995.373	n	12.3919	3.69668	20.904	31.7142
1399679995.437	n	12.3919	3.69669	20.890	31.7143
1399679995.499	n	12.3919	3.69669	20.880	31.7143
1399679995.561	n	12.3919	3.69669	20.870	31.7143
1399679995.624	y	12.3919	3.69668	20.860	31.7142
1399679995.686	n	12.3919	3.69667	20.850	31.7142
1399679995.748	n	12.3918	3.69667	20.839	31.7141
1399679995.811	n	12.3918	3.69667	20.828	31.7142
1399679995.872	n	12.3917	3.69668	20.816	31.7143
1399679995.938	n	12.3917	3.69667	20.805	31.7143
1399679995.998	n	12.3916	3.69667	20.793	31.7143
1399679996.060	n	12.3916	3.69665	20.782	31.7142
1399679996.123	n	12.3917	3.69665	20.769	31.7141
1399679996.187	n	12.3917	3.69667	20.759	31.7143
1399679996.249	n	12.3917	3.69668	20.750	31.7144
1399679996.311	n	12.3918	3.69669	20.739	31.7144
1399679996.373	n	12.3918	3.69668	20.726	31.7144
1399679996.435	n	12.3917	3.69667	20.713	31.7143
1399679996.497	n	12.3917	3.69667	20.701	31.7143
1399679996.560	n	12.3917	3.69667	20.692	31.7143
1399679996.624	n	12.3917	3.69666	20.679	31.7143
1399679996.685	n	12.3917	3.69666	20.667	31.7142
1399679996.749	n	12.3917	3.69665	20.656	31.7142
1399679996.810	n	12.3917	3.69665	20.642	31.7142
1399679996.873	n	12.3917	3.69667	20.628	31.7144
1399679996.942	n	12.3916	3.69668	20.616	31.7145
1399679996.999	n	12.3916	3.69668	20.603	31.7145
1399679997.061	n	12.3916	3.69668	20.593	31.7145
1399679997.123	n	12.3915	3.69667	20.577	31.7145
1399679997.185	n	12.3914	3.69665	20.562	31.7144
1399679997.250	n	12.3914	3.69664	20.550	31.7144
1399679997.311	n	12.3914	3.69664	20.538	31.7144
1399679997.374	n	12.3914	3.69665	20.526	31.7145
1399679997.436	n	12.3914	3.69666	20.515	31.7146
1399679997.498	n	12.3914	3.69667	20.502	31.7147
1399679997.648	y	12.3913	3.69665	20.487	31.7146
1399679997.655	n	12.3913	3.69664	20.474	31.7145
1399679997.686	n	12.3912	3.69663	20.458	31.7144
1399679997.748	n	12.3912	3.69663	20.442	31.7144
1399679997.810	n	12.3913	3.69664	20.430	31.7145
1399679997.873	n	12.3913	3.69665	20.413	31.7147
1399679997.936	n	12.3912	3.69665	20.399	31.7147
1399679997.999	n	12.3912	3.69666	20.382	31.7148
1399679998.061	n	12.3912	3.69665	20.366	31.7148
1399679998.123	n	12.3911	3.69665	20.353	31.7148
1399679998.186	n	12.3910	3.69665	20.339	31.7148
1399679998.249	n	12.3910	3.69664	20.323	31.7148
1399679998.310	n	12.3909	3.69663	20.307	31.7148
1399679998.373	n	12.3909	3.69663	20.289	31.7148
1399679998.435	n	12.3909	3.69663	20.270	31.7148
1399679998.498	n	12.3909	3.69662	20.253	31.7147
1399679998.561	n	12.3908	3.69662	20.238	31.7148
1399679998.624	n	12.3908	3.69663	20.222	31.7149
1399679998.686	n	12.3907	3.69663	20.206	31.7150
1399679998.748	n	12.3907	3.69664	20.187	31.7151
1399679998.811	n	12.3906	3.69664	20.171	31.7152
1399679998.873	n	12.3905	3.69663	20.152	31.7152
1399679998.937	n	12.3905	3.69663	20.133	31.7153
1399679998.999	n	12.3904	3.69664	20.116	31.7153
1399679999.060	n	12.3904	3.69663	20.098	31.7154
1399679999.125	n	12.3904	3.69663	20.084	31.7153
1399679999.186	n	12.3904	3.69662	20.061	31.7152
1399679999.249	n	12.3904	3.69661	20.044	31.7152
1399679999.348	y	12.3903	3.69662	20.026	31.7153
1399679999.374	n	12.3902	3.69663	20.006	31.7154
1399679999.437	n	12.3902	3.69663	19.990	31.7155
1399679999.499	n	12.3902	3.69662	19.973	31.7155
1399679999.561	n	12.3901	3.69661	19.952	31.7154
1399679999.623	n	12.3901	3.69660	19.936	31.7153
1399679999.687	n	12.3901	3.69660	19.915	31.7153
1399679999.749	n	12.3900	3.69660	19.895	31.7154
1399679999.810	n	12.3900	3.69661	19.883	31.7155
1399679999.872	n	12.3900	3.69661	19.863	31.7156
1399679999.936	n	12.3900	3.69661	19.845	31.7156
1399679999.999	n	12.3900	3.69661	19.827	31.7156
1399680000.061	n	12.3900	3.69661	19.806	31.7155
1399680000.124	n	12.3900	3.69661	19.788	31.7156
1399680000.187	n	12.3900	3.69661	19.775	31.7156
1399680000.247	n	12.3900	3.69661	19.756	31.7156
1399680000.310	n	12.3900	3.69660	19.734	31.7155
1399680000.373	n	12.3900	3.69658	19.713	31.7153
1399680000.435	n	12.3901	3.69657	19.700	31.7151
1399680000.498	n	12.3902	3.69657	19.681	31.7151
1399680000.561	n	12.3903	3.69658	19.659	31.7150
1399680000.623	n	12.3904	3.69659	19.642	31.7151
1399680000.686	n	12.3904	3.69660	19.624	31.7152
1399680000.748	n	12.3904	3.69660	19.606	31.7152
1399680000.812	n	12.3904	3.69660	19.587	31.7152
1399680000.873	n	12.3905	3.69660	19.571	31.7152
1399680000.936	n	12.3906	3.69660	19.553	31.7150
1399680000.998	n	12.3907	3.69659	19.533	31.7149
1399680001.060	n	12.3908	3.69660	19.515	31.7149
1399680001.124	n	12.3908	3.69660	19.499	31.7149
1399680001.186	n	12.3909	3.69660	19.478	31.7149
1399680001.247	n	12.3909	3.69660	19.462	31.7149
1399680001.311	n	12.3910	3.69660	19.445	31.7147
1399680001.374	n	12.3910	3.69659	19.430	31.7147
1399680001.438	n	12.3911	3.69660	19.411	31.7147
1399680001.498	n	12.3912	3.69660	19.392	31.7146
1399680001.561	n	12.3913	3.69659	19.377	31.7145
1399680001.624	n	12.3914	3.69659	19.361	31.7144
1399680001.686	n	12.3914	3.69658	19.346	31.7142
1399680001.748	n	12.3914	3.69658	19.327	31.7142
1399680001.892	y	12.3915	3.69658	19.308	31.7142
1399680001.897	n	12.3916	3.69658	19.293	31.7142
1399680001.936	n	12.3917	3.69659	19.276	31.7141
1399680001.999	n	12.3918	3.69659	19.258	31.7141
1399680002.060	n	12.3919	3.69658	19.240	31.7139
1399680002.122	n	12.3920	3.69659	19.223	31.7139
1399680002.186	n	12.3922	3.69659	19.208	31.7138
1399680002.249	n	12.3922	3.69658	19.188	31.7137
1399680002.310	n	12.3923	3.69658	19.171	31.7136
1399680002.374	n	12.3924	3.69658	19.154	31.7135
1399680002.437	n	12.3925	3.69656	19.137	31.7133
1399680002.499	n	12.3926	3.69656	19.120	31.7132
1399680002.562	n	12.3928	3.69656	19.102	31.7130
1399680002.624	n	12.3929	3.69656	19.083	31.7129
1399680002.686	n	12.3930	3.69657	19.066	31.7129
1399680002.747	n	12.3932	3.69658	19.044	31.7129
1399680002.810	n	12.3933	3.69657	19.024	31.7127
1399680002.872	n	12.3934	3.69657	19.007	31.7126
1399680002.937	n	12.3935	3.69657	18.991	31.7126
1399680002.999	y	12.3936	3.69657	18.973	31.7125
1399680003.060	n	12.3937	3.69658	18.956	31.7125
1399680003.122	n	12.3938	3.69659	18.935	31.7124
1399680003.185	n	12.3940	3.69659	18.919	31.7123
1399680003.249	n	12.3941	3.69658	18.901	31.7122
1399680003.310	n	12.3943	3.69656	18.886	31.7119
1399680003.374	n	12.3944	3.69655	18.866	31.7116
1399680003.435	n	12.3946	3.69655	18.846	31.7115
1399680003.499	n	12.3947	3.69656	18.826	31.7114
1399680003.560	n	12.3949	3.69657	18.810	31.7115
1399680003.624	n	12.3949	3.69658	18.789	31.7115
1399680003.685	n	12.3950	3.69657	18.774	31.7114
1399680003.749	n	12.3951	3.69656	18.759	31.7112
1399680003.811	n	12.3953	3.69654	18.739	31.7109
1399680003.874	n	12.3954	3.69652	18.720	31.7106
1399680003.937	n	12.3956	3.69652	18.703	31.7104
1399680003.999	n	12.3958	3.69653	18.686	31.7103
1399680004.060	n	12.3959	3.69654	18.669	31.7103
1399680004.122	n	12.3961	3.69655	18.653	31.7103
1399680004.186	n	12.3962	3.69656	18.635	31.7103
1399680004.247	n	12.3964	3.69656	18.614	31.7102
1399680004.310	n	12.3966	3.69656	18.597	31.7099
1399680004.373	n	12.3968	3.69656	18.580	31.7098
1399680004.436	n	12.3970	3.69655	18.561	31.7096
1399680004.499	n	12.3972	3.69655	18.542	31.7095
1399680004.561	n	12.3974	3.69656	18.523	31.7094
1399680004.624	n	12.3976	3.69657	18.508	31.7093
1399680004.686	n	12.3978	3.69657	18.492	31.7091
1399680004.748	n	12.3980	3.69657	18.468	31.7090
1399680004.810	n	12.3982	3.69657	18.452	31.7088
1399680004.873	n	12.3984	3.69656	18.429	31.7085
1399680004.938	n	12.3987	3.69655	18.414	31.7082
1399680005.042	y	12.3989	3.69653	18.394	31.7079
1399680005.060	n	12.3991	3.69652	18.371	31.7076
1399680005.122	n	12.3995	3.69653	18.350	31.7074
1399680005.186	n	12.3998	3.69653	18.331	31.7071
1399680005.250	n	12.4002	3.69654	18.311	31.7069
1399680005.310	n	12.4005	3.69654	18.295	31.7066
1399680005.372	n	12.4008	3.69654	18.275	31.7063
1399680005.438	n	12.4011	3.69653	18.253	31.7060
1399680005.499	n	12.4015	3.69653	18.229	31.7058
1399680005.561	n	12.4018	3.69653	18.210	31.7055
1399680005.624	n	12.4021	3.69654	18.192	31.7053
1399680005.687	n	12.4025	3.69654	18.175	31.7050
1399680005.748	n	12.4029	3.69654	18.158	31.7046
1399680005.810	n	12.4033	3.69654	18.136	31.7043
1399680005.873	n	12.4037	3.69653	18.118	31.7039
1399680005.935	n	12.4041	3.69653	18.097	31.7035
1399680005.998	y	12.4045	3.69653	18.078	31.7032
1399680006.158	n	12.4050	3.69654	18.057	31.7029
1399680006.164	n	12.4055	3.69655	18.039	31.7026
1399680006.186	n	12.4060	3.69655	18.016	31.7022
1399680006.248	n	12.4065	3.69654	18.003	31.7017
1399680006.311	n	12.4071	3.69654	17.982	31.7012
1399680006.373	n	12.4076	3.69655	17.963	31.7008
1399680006.437	n	12.4081	3.69655	17.943	31.7004
1399680006.497	n	12.4087	3.69655	17.925	31.7000
1399680006.568	y	12.4092	3.69655	17.904	31.6995
1399680006.622	n	12.4097	3.69655	17.883	31.6991
1399680006.686	n	12.4103	3.69655	17.862	31.6985
1399680006.749	n	12.4110	3.69655	17.843	31.6980
1399680006.812	n	12.4115	3.69654	17.821	31.6975
1399680006.873	n	12.4121	3.69654	17.800	31.6970
1399680006.936	n	12.4128	3.69655	17.781	31.6965
1399680006.998	n	12.4135	3.69655	17.762	31.6960
1399680007.061	n	12.4142	3.69655	17.740	31.6953
1399680007.123	n	12.4150	3.69655	17.721	31.6947
1399680007.187	n	12.4157	3.69654	17.701	31.6940
1399680007.249	n	12.4164	3.69655	17.680	31.6935
1399680007.311	n	12.4172	3.69656	17.659	31.6930
1399680007.374	n	12.4179	3.69656	17.640	31.6924
1399680007.437	n	12.4187	3.69656	17.616	31.6917
1399680007.498	n	12.4196	3.69656	17.592	31.6910
1399680007.560	n	12.4204	3.69655	17.569	31.6903
1399680007.623	n	12.4212	3.69655	17.550	31.6896
1399680007.686	n	12.4219	3.69655	17.527	31.6890
1399680007.747	n	12.4227	3.69655	17.505	31.6883
1399680007.810	n	12.4235	3.69655	17.482	31.6876
1399680007.874	n	12.4244	3.69655	17.462	31.6869
1399680007.938	n	12.4253	3.69655	17.437	31.6861
1399680007.998	n	12.4262	3.69654	17.415	31.6853
1399680008.060	n	12.4270	3.69654	17.394	31.6846
1399680008.124	n	12.4279	3.69655	17.373	31.6840
1399680008.186	n	12.4288	3.69656	17.352	31.6833
1399680008.250	n	12.4296	3.69656	17.329	31.6826
1399680008.311	n	12.4305	3.69655	17.309	31.6818
1399680008.372	n	12.4314	3.69654	17.287	31.6810
1399680008.436	n	12.4322	3.69653	17.267	31.6802
1399680008.499	n	12.4331	3.69654	17.246	31.6796
1399680008.560	n	12.4339	3.69656	17.221	31.6790
1399680008.623	n	12.4347	3.69656	17.197	31.6783
1399680008.687	n	12.4356	3.69655	17.177	31.6775
1399680008.749	n	12.4364	3.69654	17.152	31.6767
1399680008.810	n	12.4372	3.69653	17.132	31.6759
1399680008.873	n	12.4381	3.69653	17.109	31.6753
1399680008.936	n	12.4389	3.69654	17.085	31.6746
1399680008.999	n	12.4398	3.69654	17.066	31.6740
1399680009.061	n	12.4407	3.69655	17.043	31.6734
1399680009.123	n	12.4415	3.69656	17.018	31.6727
1399680009.185	n	12.4423	3.69655	16.991	31.6720
1399680009.248	n	12.4431	3.69655	16.969	31.6713
1399680009.311	n	12.4439	3.69654	16.946	31.6706
1399680009.373	n	12.4447	3.69655	16.925	31.6700
1399680009.437	n	12.4456	3.69656	16.899	31.6693
1399680009.499	n	12.4464	3.69656	16.874	31.6687
1399680009.561	n	12.4472	3.69655	16.853	31.6679
1399680009.623	n	12.4480	3.69654	16.829	31.6672
1399680009.688	n	12.4488	3.69653	16.804	31.6664
1399680009.749	n	12.4497	3.69653	16.781	31.6656
1399680009.810	n	12.4505	3.69653	16.757	31.6649
1399680009.874	n	12.4513	3.69653	16.733	31.6643
1399680009.937	n	12.4522	3.69653	16.707	31.6636
1399680010.001	n	12.4530	3.69653	16.686	31.6629
1399680010.061	n	12.4538	3.69651	16.661	31.6621
1399680010.124	n	12.4546	3.69650	16.634	31.6613
1399680010.186	n	12.4555	3.69650	16.614	31.6605
1399680010.271	y	12.4563	3.69651	16.591	31.6599
1399680010.430	y	12.4572	3.69652	16.565	31.6593
1399680010.438	n	12.4581	3.69653	16.542	31.6586
1399680010.444	n	12.4590	3.69653	16.519	31.6579
1399680010.499	n	12.4599	3.69652	16.495	31.6571
1399680010.561	n	12.4608	3.69651	16.472	31.6562
1399680010.623	n	12.4618	3.69651	16.445	31.6554
1399680010.687	n	12.4628	3.69652	16.423	31.6546
1399680010.749	n	12.4638	3.69652	16.398	31.6539
1399680010.810	n	12.4648	3.69653	16.374	31.6530
1399680010.873	n	12.4659	3.69653	16.356	31.6521
1399680010.936	n	12.4670	3.69652	16.333	31.6511
1399680010.999	n	12.4682	3.69651	16.309	31.6500
1399680011.062	n	12.4694	3.69651	16.290	31.6490
1399680011.124	n	12.4707	3.69652	16.269	31.6481
1399680011.187	n	12.4721	3.69654	16.247	31.6471
1399680011.247	n	12.4735	3.69655	16.229	31.6460
1399680011.311	n	12.4749	3.69656	16.211	31.6448
1399680011.374	n	12.4764	3.69655	16.190	31.6436
1399680011.436	n	12.4780	3.69655	16.166	31.6423
1399680011.498	n	12.4796	3.69655	16.147	31.6409
1399680011.561	n	12.4814	3.69656	16.132	31.6395
1399680011.624	n	12.4833	3.69658	16.111	31.6380
1399680011.686	n	12.4853	3.69658	16.093	31.6365
1399680011.750	n	12.4872	3.69658	16.078	31.6349
1399680011.811	n	12.4890	3.69658	16.059	31.6332
1399680011.874	n	12.4909	3.69657	16.039	31.6316
1399680011.935	n	12.4928	3.69657	16.021	31.6300
1399680012.000	n	12.4946	3.69658	16.006	31.6285
1399680012.060	n	12.4965	3.69659	15.990	31.6271
1399680012.122	n	12.4984	3.69661	15.972	31.6257
1399680012.189	n	12.5003	3.69662	15.952	31.6242
1399680012.251	n	12.5024	3.69662	15.938	31.6225
1399680012.311	n	12.5045	3.69662	15.922	31.6206
1399680012.373	n	12.5068	3.69661	15.906	31.6187
1399680012.435	n	12.5091	3.69661	15.890	31.6167
1399680012.498	n	12.5115	3.69662	15.874	31.6148
1399680012.560	n	12.5138	3.69662	15.859	31.6129
1399680012.623	n	12.5161	3.69663	15.845	31.6110
1399680012.687	n	12.5183	3.69663	15.832	31.6092
1399680012.749	n	12.5205	3.69663	15.815	31.6073
1399680012.810	n	12.5228	3.69662	15.800	31.6054
1399680012.873	n	12.5250	3.69663	15.789	31.6036
1399680012.937	n	12.5272	3.69664	15.775	31.6018
1399680013.000	n	12.5294	3.69665	15.764	31.6001
1399680013.061	n	12.5317	3.69665	15.749	31.5982
1399680013.123	n	12.5339	3.69664	15.735	31.5963
1399680013.186	n	12.5360	3.69663	15.723	31.5944
1399680013.250	n	12.5381	3.69663	15.709	31.5926
1399680013.311	n	12.5401	3.69663	15.694	31.5910
1399680013.373	n	12.5420	3.69665	15.683	31.5896
1399680013.436	n	12.5440	3.69667	15.670	31.5880
1399680013.500	n	12.5460	3.69667	15.657	31.5865
1399680013.561	n	12.5478	3.69666	15.643	31.5848
1399680013.623	n	12.5497	3.69665	15.633	31.5832
1399680013.686	n	12.5514	3.69665	15.622	31.5817
1399680013.749	n	12.5531	3.69666	15.612	31.5803
1399680013.810	n	12.5548	3.69667	15.599	31.5791
1399680013.874	n	12.5564	3.69668	15.589	31.5778
1399680013.936	y	12.5580	3.69668	15.579	31.5764
1399680013.999	n	12.5595	3.69667	15.567	31.5751
1399680014.060	n	12.5609	3.69666	15.554	31.5738
1399680014.123	n	12.5623	3.69667	15.543	31.5727
1399680014.185	n	12.5636	3.69668	15.529	31.5717
1399680014.250	n	12.5649	3.69668	15.518	31.5706
1399680014.310	n	12.5662	3.69667	15.508	31.5694
1399680014.373	n	12.5675	3.69665	15.492	31.5683
1399680014.436	n	12.5686	3.69665	15.481	31.5672
1399680014.499	y	12.5698	3.69664	15.467	31.5662
1399680014.720	n	12.5709	3.69665	15.455	31.5654
1399680014.727	n	12.5720	3.69666	15.444	31.5645
1399680014.734	n	12.5731	3.69666	15.431	31.5637
1399680014.748	n	12.5741	3.69666	15.420	31.5629
1399680014.810	n	12.5751	3.69666	15.405	31.5620
1399680014.873	n	12.5761	3.69665	15.393	31.5610
1399680014.936	n	12.5771	3.69664	15.378	31.5601
1399680014.999	n	12.5780	3.69664	15.365	31.5593
1399680015.060	n	12.5789	3.69664	15.353	31.5586
1399680015.124	n	12.5798	3.69664	15.336	31.5579
1399680015.185	n	12.5806	3.69664	15.320	31.5572
1399680015.249	n	12.5815	3.69664	15.304	31.5565
1399680015.310	n	12.5823	3.69663	15.291	31.5557
1399680015.373	n	12.5831	3.69662	15.275	31.5549
1399680015.436	n	12.5840	3.69662	15.260	31.5542
1399680015.498	n	12.5848	3.69663	15.241	31.5536
1399680015.560	n	12.5856	3.69664	15.225	31.5531
1399680015.623	n	12.5864	3.69665	15.209	31.5525
1399680015.687	n	12.5872	3.69664	15.194	31.5518
1399680015.748	n	12.5880	3.69662	15.176	31.5509
1399680015.810	n	12.5887	3.69660	15.157	31.5502
1399680015.873	n	12.5895	3.69660	15.140	31.5495
1399680015.937	n	12.5902	3.69661	15.121	31.5490
1399680016.000	n	12.5909	3.69663	15.100	31.5485
1399680016.060	n	12.5917	3.69663	15.084	31.5480
1399680016.124	n	12.5924	3.69663	15.068	31.5474
1399680016.185	n	12.5931	3.69661	15.050	31.5466
1399680016.249	n	12.5938	3.69661	15.028	31.5459
1399680016.310	n	12.5945	3.69660	15.009	31.5453
1399680016.373	n	12.5953	3.69660	14.988	31.5447
1399680016.435	n	12.5960	3.69661	14.968	31.5442
1399680016.498	n	12.5967	3.69662	14.950	31.5437
1399680016.561	n	12.5975	3.69661	14.933	31.5430
1399680016.623	n	12.5982	3.69660	14.910	31.5423
1399680016.687	n	12.5989	3.69659	14.894	31.5416
1399680016.749	n	12.5997	3.69659	14.873	31.5409
1399680016.812	n	12.6004	3.69659	14.850	31.5403
1399680016.875	n	12.6011	3.69659	14.828	31.5398
1399680016.937	n	12.6018	3.69660	14.809	31.5392
1399680016.998	n	12.6026	3.69660	14.789	31.5386
1399680017.061	n	12.6033	3.69659	14.766	31.5380
1399680017.124	n	12.6042	3.69659	14.742	31.5372
1399680017.187	n	12.6050	3.69659	14.718	31.5365
1399680017.249	n	12.6059	3.69659	14.698	31.5358
1399680017.311	n	12.6067	3.69658	14.671	31.5351
1399680017.374	n	12.6074	3.69657	14.644	31.5344
1399680017.437	n	12.6082	3.69656	14.621	31.5337
1399680017.498	y	12.6090	3.69655	14.596	31.5328
1399680017.560	n	12.6099	3.69654	14.568	31.5321
1399680017.624	n	12.6108	3.69655	14.540	31.5313
1399680017.687	n	12.6118	3.69656	14.513	31.5307
1399680017.749	n	12.6127	3.69657	14.485	31.5300
1399680017.812	n	12.6137	3.69658	14.458	31.5293
1399680017.873	n	12.6148	3.69658	14.433	31.5284
1399680017.937	n	12.6158	3.69657	14.402	31.5274
1399680017.999	n	12.6169	3.69655	14.370	31.5263
1399680018.062	n	12.6181	3.69655	14.343	31.5253
1399680018.123	n	12.6192	3.69655	14.316	31.5244
1399680018.186	n	12.6204	3.69655	14.288	31.5235
1399680018.249	n	12.6216	3.69656	14.256	31.5225
1399680018.310	n	12.6229	3.69656	14.225	31.5215
1399680018.374	n	12.6242	3.69656	14.192	31.5204
1399680018.435	n	12.6256	3.69656	14.165	31.5192
1399680018.498	n	12.6270	3.69655	14.133	31.5180
1399680018.560	n	12.6284	3.69656	14.103	31.5169
1399680018.623	n	12.6299	3.69657	14.068	31.5157
1399680018.686	n	12.6315	3.69657	14.038	31.5145
1399680018.924	y	12.6330	3.69657	14.011	31.5132
1399680018.930	n	12.6346	3.69657	13.979	31.5118
1399680018.936	n	12.6362	3.69656	13.947	31.5104
1399680018.942	n	12.6379	3.69656	13.921	31.5090
1399680018.998	n	12.6396	3.69657	13.885	31.5077
1399680019.060	n	12.6414	3.69657	13.856	31.5062
1399680019.123	n	12.6433	3.69657	13.827	31.5046
1399680019.187	n	12.6452	3.69657	13.801	31.5030
1399680019.248	n	12.6471	3.69656	13.772	31.5014
1399680019.310	n	12.6490	3.69656	13.740	31.4999
1399680019.372	n	12.6509	3.69657	13.712	31.4984
1399680019.435	n	12.6527	3.69657	13.682	31.4968
1399680019.497	n	12.6545	3.69656	13.654	31.4953
1399680019.560	n	12.6562	3.69656	13.629	31.4939
1399680019.624	n	12.6578	3.69656	13.605	31.4926
1399680019.687	n	12.6592	3.69657	13.577	31.4914
1399680019.749	n	12.6605	3.69657	13.550	31.4903
1399680019.811	n	12.6617	3.69656	13.524	31.4893
1399680019.874	n	12.6628	3.69655	13.499	31.4883
1399680019.937	n	12.6638	3.69654	13.472	31.4873
1399680019.997	n	12.6648	3.69653	13.452	31.4865
1399680020.060	n	12.6657	3.69655	13.428	31.4859
1399680020.123	n	12.6665	3.69655	13.399	31.4852
1399680020.186	n	12.6674	3.69654	13.374	31.4844
1399680020.248	n	12.6683	3.69653	13.355	31.4836
1399680020.312	n	12.6691	3.69652	13.332	31.4828
1399680020.373	n	12.6699	3.69652	13.308	31.4821
1399680020.505	y	12.6708	3.69652	13.284	31.4815
1399680020.512	n	12.6716	3.69652	13.266	31.4807
1399680020.560	n	12.6725	3.69652	13.241	31.4800
1399680020.622	n	12.6734	3.69652	13.221	31.4793
1399680020.685	n	12.6742	3.69652	13.202	31.4786
1399680020.749	n	12.6751	3.69653	13.180	31.4780
1399680020.810	n	12.6759	3.69653	13.161	31.4773
1399680020.874	n	12.6767	3.69652	13.143	31.4766
1399680020.935	n	12.6776	3.69653	13.124	31.4759
1399680020.998	n	12.6784	3.69653	13.105	31.4752
1399680021.060	n	12.6792	3.69653	13.091	31.4746
1399680021.123	n	12.6801	3.69652	13.072	31.4738
1399680021.187	n	12.6809	3.69651	13.052	31.4730
1399680021.249	y	12.6817	3.69651	13.038	31.4723
1399680021.311	n	12.6826	3.69651	13.022	31.4716
1399680021.372	n	12.6834	3.69651	13.007	31.4710
1399680021.435	n	12.6843	3.69653	12.988	31.4704
1399680021.499	n	12.6851	3.69653	12.975	31.4697
1399680021.561	n	12.6860	3.69652	12.960	31.4689
1399680021.624	n	12.6869	3.69652	12.944	31.4681
1399680021.686	n	12.6878	3.69651	12.928	31.4673
1399680021.748	n	12.6886	3.69650	12.914	31.4665
1399680021.810	n	12.6896	3.69650	12.902	31.4658
1399680021.873	n	12.6905	3.69651	12.884	31.4650
1399680021.935	n	12.6915	3.69651	12.872	31.4642
1399680021.998	n	12.6925	3.69652	12.857	31.4635
1399680022.061	n	12.6935	3.69652	12.843	31.4626
1399680022.123	n	12.6946	3.69651	12.831	31.4617
1399680022.187	n	12.6956	3.69651	12.817	31.4608
1399680022.249	n	12.6967	3.69651	12.804	31.4599
1399680022.312	n	12.6978	3.69652	12.789	31.4591
1399680022.374	n	12.6989	3.69652	12.779	31.4583
1399680022.435	n	12.7000	3.69653	12.766	31.4574
1399680022.498	n	12.7011	3.69652	12.750	31.4564
1399680022.561	n	12.7021	3.69652	12.739	31.4555
1399680022.623	n	12.7032	3.69652	12.726	31.4546
1399680022.686	n	12.7043	3.69653	12.714	31.4538
1399680022.748	n	12.7053	3.69653	12.703	31.4529
1399680022.811	n	12.7064	3.69654	12.689	31.4521
1399680022.874	n	12.7074	3.69654	12.671	31.4513
1399680022.937	n	12.7085	3.69654	12.663	31.4504
1399680023.157	y	12.7095	3.69655	12.648	31.4496
1399680023.164	n	12.7106	3.69655	12.636	31.4488
1399680023.170	n	12.7116	3.69655	12.627	31.4479
1399680023.185	n	12.7126	3.69655	12.610	31.4471
1399680023.248	n	12.7136	3.69655	12.598	31.4463
1399680023.310	n	12.7146	3.69655	12.584	31.4454
1399680023.374	n	12.7156	3.69655	12.570	31.4446
1399680023.435	n	12.7166	3.69654	12.553	31.4437
1399680023.498	n	12.7175	3.69653	12.542	31.4429
1399680023.561	n	12.7184	3.69651	12.528	31.4420
1399680023.622	n	12.7194	3.69650	12.515	31.4411
1399680023.686	n	12.7203	3.69651	12.504	31.4404
1399680023.748	n	12.7211	3.69653	12.488	31.4398
1399680023.810	n	12.7220	3.69654	12.472	31.4392
1399680023.874	n	12.7229	3.69654	12.457	31.4385
1399680023.936	n	12.7237	3.69652	12.441	31.4376
1399680023.999	n	12.7246	3.69648	12.424	31.4366
1399680024.062	n	12.7253	3.69647	12.409	31.4358
1399680024.122	n	12.7261	3.69648	12.395	31.4352
1399680024.186	n	12.7269	3.69648	12.381	31.4346
1399680024.248	n	12.7277	3.69649	12.367	31.4341
1399680024.312	n	12.7284	3.69649	12.348	31.4335
1399680024.374	n	12.7291	3.69649	12.336	31.4329
1399680024.438	n	12.7299	3.69649	12.321	31.4322
1399680024.498	n	12.7307	3.69649	12.308	31.4316
1399680024.560	n	12.7314	3.69649	12.293	31.4310
1399680024.622	n	12.7321	3.69649	12.274	31.4304
1399680024.686	n	12.7328	3.69649	12.263	31.4299
1399680024.748	n	12.7335	3.69650	12.244	31.4294
1399680024.810	n	12.7341	3.69650	12.226	31.4288
1399680024.874	n	12.7348	3.69650	12.206	31.4283
1399680024.974	y	12.7354	3.69650	12.191	31.4278
1399680025.001	n	12.7360	3.69650	12.171	31.4273
1399680025.060	n	12.7367	3.69649	12.156	31.4267
1399680025.123	n	12.7373	3.69648	12.140	31.4261
1399680025.187	n	12.7379	3.69648	12.119	31.4256
1399680025.248	n	12.7384	3.69648	12.101	31.4251
1399680025.311	n	12.7390	3.69649	12.082	31.4247
1399680025.373	n	12.7396	3.69648	12.063	31.4242
1399680025.435	n	12.7402	3.69648	12.045	31.4236
1399680025.499	n	12.7408	3.69647	12.026	31.4231
1399680025.562	n	12.7414	3.69648	12.004	31.4226
1399680025.623	n	12.7420	3.69648	11.986	31.4223
1399680025.687	n	12.7426	3.69649	11.961	31.4219
1399680025.748	n	12.7432	3.69649	11.940	31.4214
1399680025.811	n	12.7438	3.69649	11.922	31.4209
1399680025.873	n	12.7444	3.69649	11.898	31.4204
1399680025.937	n	12.7450	3.69649	11.877	31.4198
1399680026.001	n	12.7456	3.69649	11.858	31.4194
1399680026.061	n	12.7462	3.69650	11.836	31.4189
1399680026.124	n	12.7469	3.69650	11.815	31.4184
1399680026.185	n	12.7476	3.69650	11.793	31.4179
1399680026.248	n	12.7482	3.69651	11.768	31.4174
1399680026.311	n	12.7489	3.69651	11.747	31.4168
1399680026.373	n	12.7497	3.69650	11.725	31.4161
1399680026.437	n	12.7504	3.69650	11.704	31.4155
1399680026.499	n	12.7512	3.69650	11.681	31.4149
1399680026.561	n	12.7520	3.69650	11.659	31.4143
1399680026.623	n	12.7527	3.69650	11.635	31.4137
1399680026.687	n	12.7534	3.69650	11.612	31.4130
1399680026.750	n	12.7541	3.69649	11.592	31.4124
1399680026.811	n	12.7548	3.69649	11.569	31.4118
1399680026.874	n	12.7555	3.69650	11.544	31.4113
1399680026.935	n	12.7562	3.69651	11.520	31.4108
1399680026.999	n	12.7569	3.69652	11.501	31.4103
1399680027.060	n	12.7576	3.69652	11.480	31.4098
1399680027.123	n	12.7584	3.69651	11.454	31.4091
1399680027.186	n	12.7591	3.69651	11.435	31.4084
1399680027.352	y	12.7599	3.69651	11.412	31.4078
1399680027.357	n	12.7607	3.69651	11.389	31.4072
1399680027.374	n	12.7614	3.69652	11.366	31.4067
1399680027.436	n	12.7622	3.69653	11.345	31.4061
1399680027.497	n	12.7629	3.69653	11.325	31.4055
1399680027.560	n	12.7636	3.69653	11.300	31.4050
1399680027.623	n	12.7644	3.69653	11.277	31.4044
1399680027.687	n	12.7651	3.69653	11.259	31.4038
1399680027.747	n	12.7658	3.69654	11.237	31.4032
1399680027.812	n	12.7666	3.69654	11.214	31.4026
1399680027.874	n	12.7673	3.69654	11.193	31.4020
1399680027.937	n	12.7680	3.69654	11.171	31.4014
1399680027.999	n	12.7687	3.69654	11.146	31.4008
1399680028.060	n	12.7694	3.69653	11.128	31.4002
1399680028.124	n	12.7700	3.69653	11.106	31.3997
1399680028.186	n	12.7707	3.69654	11.084	31.3993
1399680028.249	n	12.7714	3.69655	11.062	31.3987
1399680028.312	n	12.7722	3.69656	11.040	31.3983
1399680028.373	n	12.7728	3.69658	11.019	31.3978
1399680028.436	n	12.7735	3.69657	11.002	31.3972
1399680028.559	y	12.7742	3.69657	10.980	31.3967
1399680028.565	n	12.7748	3.69656	10.959	31.3961
1399680028.624	n	12.7755	3.69656	10.936	31.3955
1399680028.687	n	12.7761	3.69657	10.916	31.3951
1399680028.749	n	12.7768	3.69658	10.899	31.3946
1399680028.811	n	12.7774	3.69658	10.875	31.3941
1399680028.874	n	12.7781	3.69658	10.857	31.3936
1399680028.937	n	12.7787	3.69657	10.836	31.3930
1399680029.004	n	12.7793	3.69657	10.813	31.3924
1399680029.060	n	12.7799	3.69656	10.797	31.3919
1399680029.123	n	12.7805	3.69657	10.778	31.3915
1399680029.187	n	12.7811	3.69658	10.759	31.3911
1399680029.249	n	12.7818	3.69659	10.738	31.3907
1399680029.310	n	12.7824	3.69660	10.719	31.3902
1399680029.373	n	12.7831	3.69659	10.699	31.3896
1399680029.437	n	12.7837	3.69659	10.678	31.3891
1399680029.499	n	12.7843	3.69659	10.655	31.3886
1399680029.562	n	12.7850	3.69660	10.637	31.3881
1399680029.623	n	12.7856	3.69660	10.616	31.3876
1399680029.686	n	12.7862	3.69661	10.592	31.3872
1399680029.748	n	12.7867	3.69661	10.573	31.3868
1399680029.812	n	12.7873	3.69661	10.554	31.3863
1399680029.873	n	12.7878	3.69661	10.532	31.3859
1399680029.936	n	12.7885	3.69662	10.512	31.3854
1399680030.000	n	12.7891	3.69662	10.491	31.3850
1399680030.061	n	12.7897	3.69662	10.471	31.3844
1399680030.125	n	12.7903	3.69661	10.453	31.3839
1399680030.185	n	12.7908	3.69661	10.434	31.3834
1399680030.249	n	12.7915	3.69661	10.414	31.3829
1399680030.311	n	12.7922	3.69662	10.395	31.3825
1399680030.374	n	12.7929	3.69664	10.375	31.3820
1399680030.437	n	12.7936	3.69664	10.358	31.3815
1399680030.498	n	12.7942	3.69663	10.339	31.3809
1399680030.561	n	12.7948	3.69663	10.320	31.3804
1399680030.623	n	12.7954	3.69662	10.303	31.3798
1399680030.685	n	12.7961	3.69663	10.284	31.3793
1399680030.749	n	12.7968	3.69664	10.268	31.3788
1399680030.810	n	12.7975	3.69665	10.253	31.3783
1399680030.873	n	12.7982	3.69665	10.233	31.3778
1399680030.937	n	12.7987	3.69666	10.217	31.3774
1399680030.998	n	12.7993	3.69666	10.197	31.3769
1399680031.061	n	12.7998	3.69666	10.180	31.3765
1399680031.123	n	12.8004	3.69666	10.165	31.3761
1399680031.188	n	12.8010	3.69665	10.150	31.3755
1399680031.248	n	12.8016	3.69665	10.128	31.3750
1399680031.312	n	12.8022	3.69665	10.113	31.3745
1399680031.373	n	12.8029	3.69666	10.094	31.3740
1399680031.437	n	12.8035	3.69666	10.074	31.3736
1399680031.667	y	12.8041	3.69666	10.056	31.3730
1399680031.675	n	12.8046	3.69665	10.037	31.3725
1399680031.681	n	12.8051	3.69666	10.019	31.3722
1399680031.687	n	12.8056	3.69667	10.002	31.3719
1399680031.749	n	12.8060	3.69669	9.983	31.3717
1399680031.812	n	12.8064	3.69670	9.959	31.3715
1399680031.875	n	12.8069	3.69671	9.944	31.3712
1399680031.937	n	12.8074	3.69671	9.923	31.3708
1399680031.999	n	12.8079	3.69671	9.903	31.3704
1399680032.062	n	12.8084	3.69671	9.883	31.3700
1399680032.124	n	12.8089	3.69671	9.864	31.3696
1399680032.231	y	12.8093	3.69672	9.846	31.3693
1399680032.249	n	12.8097	3.69672	9.825	31.3690
1399680032.311	n	12.8102	3.69673	9.808	31.3688
1399680032.374	n	12.8106	3.69673	9.792	31.3685
1399680032.439	n	12.8110	3.69673	9.769	31.3681
1399680032.499	n	12.8114	3.69674	9.752	31.3678
1399680032.560	n	12.8118	3.69674	9.736	31.3675
1399680032.623	n	12.8122	3.69674	9.715	31.3672
1399680032.687	n	12.8127	3.69675	9.697	31.3668
1399680032.748	n	12.8131	3.69674	9.687	31.3665
1399680032.812	n	12.8136	3.69674	9.665	31.3661
1399680032.873	n	12.8140	3.69674	9.651	31.3657
1399680032.936	n	12.8145	3.69675	9.636	31.3654
1399680032.997	n	12.8150	3.69676	9.619	31.3651
1399680033.060	n	12.8154	3.69677	9.608	31.3648
1399680033.123	n	12.8159	3.69678	9.596	31.3646
1399680033.187	n	12.8164	3.69678	9.580	31.3642
1399680033.249	n	12.8169	3.69678	9.569	31.3637
1399680033.310	n	12.8174	3.69677	9.559	31.3633
1399680033.373	n	12.8179	3.69679	9.545	31.3630
1399680033.437	n	12.8183	3.69680	9.535	31.3628
1399680033.499	n	12.8188	3.69682	9.521	31.3626
1399680033.562	n	12.8192	3.69682	9.511	31.3622
1399680033.624	n	12.8195	3.69682	9.498	31.3619
1399680033.687	n	12.8199	3.69681	9.488	31.3616
1399680033.749	n	12.8203	3.69682	9.478	31.3613
1399680033.810	n	12.8207	3.69682	9.464	31.3611
1399680033.874	n	12.8210	3.69683	9.449	31.3608
1399680033.938	n	12.8214	3.69683	9.436	31.3605
1399680033.998	n	12.8217	3.69683	9.428	31.3602
1399680034.061	n	12.8220	3.69683	9.416	31.3600
1399680034.124	n	12.8224	3.69684	9.400	31.3599
1399680034.186	n	12.8227	3.69686	9.388	31.3597
1399680034.249	n	12.8230	3.69687	9.374	31.3596
1399680034.312	n	12.8233	3.69689	9.361	31.3595
1399680034.373	n	12.8236	3.69689	9.346	31.3593
1399680034.437	n	12.8239	3.69689	9.338	31.3591
1399680034.499	n	12.8242	3.69689	9.322	31.3588
1399680034.561	n	12.8246	3.69690	9.307	31.3586
1399680034.623	n	12.8249	3.69692	9.296	31.3585
1399680034.687	n	12.8252	3.69695	9.281	31.3585
1399680034.748	n	12.8255	3.69696	9.268	31.3584
1399680034.811	n	12.8259	3.69697	9.254	31.3582
1399680034.873	n	12.8263	3.69696	9.239	31.3578
1399680034.935	n	12.8266	3.69696	9.224	31.3575
1399680034.999	n	12.8270	3.69696	9.212	31.3572
1399680035.060	n	12.8273	3.69698	9.200	31.3571
1399680035.124	n	12.8276	3.69698	9.184	31.3569
1399680035.187	n	12.8279	3.69699	9.166	31.3567
1399680035.249	n	12.8283	3.69699	9.153	31.3565
1399680035.311	n	12.8285	3.69698	9.137	31.3562
1399680035.374	n	12.8288	3.69699	9.123	31.3560
1399680035.436	n	12.8291	3.69701	9.107	31.3559
1399680035.498	n	12.8294	3.69702	9.092	31.3558
1399680035.562	n	12.8298	3.69703	9.074	31.3555
1399680035.624	n	12.8301	3.69703	9.055	31.3553
1399680035.686	n	12.8305	3.69702	9.037	31.3549
1399680035.886	y	12.8309	3.69702	9.021	31.3546
1399680035.912	y	12.8312	3.69703	9.003	31.3544
1399680035.919	n	12.8315	3.69704	8.989	31.3543
1399680035.935	n	12.8318	3.69705	8.971	31.3542
1399680036.098	y	12.8320	3.69705	8.950	31.3540
1399680036.105	n	12.8322	3.69704	8.933	31.3537
1399680036.124	n	12.8325	3.69704	8.916	31.3535
1399680036.186	n	12.8328	3.69705	8.896	31.3533
1399680036.249	n	12.8330	3.69706	8.871	31.3533
1399680036.311	n	12.8333	3.69706	8.853	31.3531
1399680036.374	n	12.8336	3.69706	8.832	31.3528
1399680036.435	n	12.8339	3.69704	8.813	31.3524
1399680036.499	n	12.8342	3.69703	8.786	31.3520
1399680036.561	n	12.8345	3.69703	8.768	31.3518
1399680036.623	n	12.8348	3.69704	8.747	31.3517
1399680036.686	n	12.8351	3.69705	8.724	31.3515
1399680036.748	n	12.8354	3.69705	8.700	31.3513
1399680036.811	n	12.8357	3.69705	8.677	31.3510
1399680036.873	n	12.8360	3.69705	8.652	31.3507
1399680036.937	n	12.8364	3.69705	8.628	31.3505
1399680036.999	n	12.8367	3.69705	8.603	31.3502
1399680037.061	n	12.8371	3.69706	8.583	31.3500
1399680037.124	n	12.8375	3.69707	8.558	31.3497
1399680037.186	n	12.8380	3.69706	8.534	31.3493
1399680037.249	n	12.8384	3.69706	8.512	31.3490
1399680037.311	n	12.8388	3.69707	8.485	31.3487
1399680037.374	n	12.8392	3.69707	8.463	31.3484
1399680037.436	n	12.8396	3.69707	8.439	31.3480
1399680037.499	n	12.8401	3.69707	8.415	31.3477
1399680037.561	n	12.8405	3.69707	8.391	31.3473
1399680037.623	n	12.8409	3.69707	8.369	31.3470
1399680037.685	n	12.8413	3.69708	8.343	31.3467
1399680037.748	n	12.8417	3.69709	8.317	31.3466
1399680037.811	n	12.8421	3.69710	8.297	31.3463
1399680037.873	n	12.8425	3.69709	8.275	31.3459
1399680037.937	n	12.8429	3.69709	8.250	31.3455
1399680037.999	n	12.8433	3.69710	8.226	31.3453
1399680038.060	n	12.8438	3.69711	8.207	31.3451
1399680038.124	n	12.8441	3.69712	8.184	31.3449
1399680038.185	n	12.8445	3.69712	8.162	31.3446
1399680038.249	n	12.8449	3.69712	8.138	31.3442
1399680038.311	n	12.8453	3.69711	8.119	31.3438
1399680038.374	n	12.8457	3.69712	8.100	31.3436
1399680038.436	n	12.8461	3.69712	8.079	31.3433
1399680038.498	n	12.8465	3.69713	8.059	31.3430
1399680038.562	n	12.8469	3.69714	8.036	31.3428
1399680038.624	n	12.8474	3.69714	8.017	31.3425
1399680038.687	n	12.8478	3.69716	8.001	31.3422
1399680038.748	n	12.8483	3.69717	7.981	31.3419
1399680038.811	n	12.8488	3.69718	7.962	31.3416
1399680038.873	n	12.8493	3.69719	7.941	31.3413
1399680038.938	n	12.8499	3.69719	7.927	31.3409
1399680038.999	n	12.8504	3.69719	7.909	31.3405
1399680039.060	n	12.8510	3.69719	7.891	31.3400
1399680039.124	n	12.8516	3.69720	7.870	31.3396
1399680039.187	n	12.8522	3.69720	7.856	31.3391
1399680039.249	n	12.8528	3.69721	7.837	31.3387
1399680039.310	n	12.8534	3.69721	7.817	31.3382
1399680039.374	n	12.8541	3.69721	7.801	31.3376
1399680039.437	n	12.8548	3.69722	7.788	31.3371
1399680039.521	y	12.8555	3.69723	7.769	31.3366
1399680039.561	n	12.8562	3.69724	7.753	31.3362
1399680039.623	n	12.8569	3.69725	7.738	31.3358
1399680039.686	n	12.8575	3.69726	7.721	31.3353
1399680039.748	n	12.8582	3.69725	7.705	31.3347
1399680039.812	n	12.8589	3.69724	7.693	31.3340
1399680039.874	n	12.8596	3.69724	7.678	31.3333
1399680039.937	n	12.8603	3.69724	7.661	31.3328
1399680040.146	y	12.8610	3.69726	7.649	31.3324
1399680040.159	n	12.8617	3.69727	7.633	31.3319
1399680040.164	n	12.8624	3.69727	7.619	31.3314
1399680040.187	n	12.8632	3.69728	7.601	31.3308
1399680040.248	n	12.8639	3.69729	7.588	31.3303
1399680040.312	n	12.8646	3.69731	7.575	31.3300
1399680040.373	n	12.8652	3.69732	7.561	31.3296
1399680040.437	n	12.8659	3.69733	7.545	31.3291
1399680040.498	n	12.8665	3.69733	7.536	31.3286
1399680040.561	n	12.8672	3.69733	7.521	31.3281
1399680040.624	n	12.8678	3.69735	7.507	31.3277
1399680040.686	n	12.8685	3.69735	7.491	31.3272
1399680040.748	n	12.8692	3.69735	7.477	31.3265
1399680040.810	n	12.8699	3.69733	7.462	31.3258
1399680040.874	n	12.8705	3.69732	7.449	31.3252
1399680040.936	n	12.8711	3.69732	7.436	31.3247
1399680040.998	n	12.8717	3.69732	7.425	31.3242
1399680041.061	n	12.8724	3.69732	7.409	31.3237
1399680041.124	n	12.8730	3.69733	7.394	31.3232
1399680041.186	n	12.8736	3.69732	7.381	31.3227
1399680041.248	n	12.8741	3.69732	7.372	31.3222
1399680041.310	n	12.8747	3.69732	7.361	31.3217
1399680041.373	n	12.8752	3.69733	7.345	31.3214
1399680041.436	n	12.8758	3.69734	7.332	31.3211
1399680041.499	n	12.8763	3.69735	7.321	31.3208
1399680041.561	n	12.8768	3.69736	7.305	31.3204
1399680041.624	n	12.8773	3.69735	7.294	31.3200
1399680041.686	n	12.8777	3.69736	7.281	31.3197
1399680041.748	n	12.8782	3.69737	7.268	31.3194
1399680041.811	n	12.8787	3.69738	7.254	31.3191
1399680041.873	n	12.8792	3.69738	7.242	31.3186
1399680041.936	n	12.8797	3.69737	7.228	31.3182
1399680041.999	n	12.8802	3.69736	7.209	31.3177
1399680042.060	n	12.8806	3.69736	7.194	31.3174
1399680042.124	y	12.8810	3.69737	7.183	31.3171
1399680042.187	n	12.8815	3.69738	7.167	31.3167
1399680042.248	n	12.8819	3.69738	7.149	31.3164
1399680042.311	n	12.8824	3.69737	7.135	31.3160
1399680042.373	n	12.8828	3.69736	7.122	31.3156
1399680042.437	n	12.8832	3.69736	7.108	31.3152
1399680042.499	n	12.8837	3.69736	7.091	31.3148
1399680042.561	n	12.8841	3.69736	7.074	31.3144
1399680042.623	n	12.8846	3.69735	7.055	31.3140
1399680042.686	n	12.8850	3.69734	7.041	31.3136
1399680042.748	n	12.8853	3.69734	7.024	31.3133
1399680042.810	n	12.8856	3.69735	7.008	31.3131
1399680042.873	n	12.8860	3.69736	6.993	31.3129
1399680042.937	n	12.8864	3.69733	6.974	31.3122
1399680042.999	n	12.8875	3.69735	6.957	31.3116
1399680043.062	n	12.8902	3.69794	6.940	31.3149
1399680043.162	y	12.8949	3.69871	6.922	31.3183
1399680043.187	n	12.9009	3.69936	6.906	31.3194
1399680043.250	n	12.9071	3.69969	6.888	31.3175
1399680043.311	n	12.9120	3.69958	6.866	31.3124
1399680043.374	n	12.9151	3.69917	6.849	31.3059
1399680043.437	n	12.9170	3.69910	6.832	31.3038
1399680043.498	n	12.9180	3.69916	6.812	31.3035
1399680043.561	n	12.9184	3.69926	6.793	31.3041
1399680043.623	n	12.9185	3.69937	6.773	31.3051
1399680043.687	n	12.9182	3.69947	6.757	31.3062
1399680043.749	n	12.9179	3.69956	6.739	31.3073
1399680043.812	n	12.9175	3.69961	6.719	31.3081
1399680043.874	n	12.9174	3.69961	6.699	31.3083
1399680043.937	n	12.9175	3.69958	6.682	31.3079
1399680044.197	y	12.9178	3.69955	6.662	31.3074
1399680044.212	n	12.9183	3.69953	6.646	31.3068
1399680044.219	n	12.9186	3.69953	6.624	31.3065
1399680044.224	n	12.9189	3.69953	6.607	31.3063
1399680044.248	n	12.9191	3.69955	6.588	31.3063
1399680044.310	n	12.9193	3.69958	6.568	31.3065
1399680044.374	n	12.9193	3.69963	6.547	31.3069
1399680044.437	n	12.9191	3.69966	6.527	31.3074
1399680044.499	n	12.9187	3.69967	6.510	31.3078
1399680044.562	n	12.9183	3.69966	6.489	31.3081
1399680044.623	n	12.9181	3.69967	6.470	31.3083
1399680044.687	n	12.9180	3.69970	6.453	31.3087
1399680044.749	n	12.9181	3.69973	6.431	31.3089
1399680044.811	n	12.9179	3.69972	6.415	31.3089
1399680044.873	n	12.9176	3.69966	6.394	31.3087
1399680044.936	n	12.9171	3.69960	6.374	31.3086
1399680044.998	n	12.9167	3.69956	6.355	31.3085
1399680045.061	n	12.9166	3.69958	6.339	31.3088
1399680045.123	n	12.9167	3.69963	6.318	31.3092
1399680045.186	n	12.9169	3.69967	6.300	31.3094
1399680045.249	n	12.9172	3.69972	6.280	31.3096
1399680045.311	n	12.9173	3.69973	6.259	31.3097
1399680045.374	n	12.9170	3.69968	6.240	31.3095
1399680045.437	n	12.9165	3.69962	6.222	31.3093
1399680045.499	n	12.9159	3.69955	6.201	31.3092
1399680045.560	n	12.9153	3.69949	6.184	31.3091
1399680045.623	n	12.9151	3.69950	6.163	31.3093
1399680045.685	n	12.9151	3.69954	6.145	31.3098
1399680045.748	n	12.9152	3.69959	6.122	31.3101
1399680045.812	n	12.9155	3.69963	6.107	31.3103
1399680045.874	n	12.9158	3.69967	6.091	31.3104
1399680045.937	n	12.9159	3.69967	6.072	31.3103
1399680045.999	n	12.9158	3.69956	6.054	31.3093
1399680046.061	n	12.9155	3.69930	6.031	31.3072
1399680046.124	n	12.9151	3.69894	6.017	31.3041
1399680046.187	n	12.9148	3.69861	5.999	31.3013
1399680046.248	n	12.9147	3.69847	5.981	31.3000
1399680046.312	n	12.9148	3.69853	5.962	31.3005
1399680046.373	n	12.9148	3.69866	5.945	31.3018
1399680046.435	n	12.9146	3.69875	5.926	31.3027
1399680046.498	n	12.9143	3.69871	5.907	31.3027
1399680046.561	n	12.9139	3.69860	5.889	31.3020
1399680046.623	n	12.9136	3.69851	5.868	31.3014
1399680046.687	n	12.9134	3.69848	5.851	31.3012
1399680046.749	n	12.9134	3.69850	5.833	31.3014
1399680046.810	n	12.9134	3.69858	5.815	31.3021
1399680046.874	y	12.9135	3.69868	5.798	31.3031
1399680046.937	n	12.9134	3.69878	5.784	31.3041
1399680046.999	n	12.9134	3.69886	5.768	31.3049
1399680047.061	n	12.9133	3.69892	5.751	31.3055
1399680047.124	n	12.9132	3.69893	5.736	31.3057
1399680047.187	n	12.9131	3.69892	5.713	31.3057
1399680047.248	n	12.9131	3.69887	5.697	31.3052
1399680047.311	n	12.9131	3.69881	5.681	31.3047
1399680047.373	n	12.9131	3.69879	5.667	31.3044
1399680047.436	n	12.9132	3.69880	5.652	31.3045
1399680047.498	n	12.9134	3.69888	5.633	31.3051
1399680047.562	n	12.9135	3.69896	5.620	31.3058
1399680047.624	n	12.9135	3.69900	5.604	31.3062
1399680047.687	n	12.9136	3.69900	5.587	31.3061
1399680047.749	n	12.9136	3.69898	5.571	31.3059
1399680047.811	n	12.9136	3.69896	5.556	31.3057
1399680047.874	n	12.9136	3.69896	5.537	31.3057
1399680047.935	n	12.9136	3.69895	5.526	31.3057
1399680047.999	n	12.9135	3.69895	5.510	31.3057
1399680048.060	n	12.9135	3.69896	5.495	31.3058
1399680048.123	n	12.9134	3.69898	5.479	31.3060
1399680048.186	n	12.9135	3.69898	5.461	31.3060
1399680048.394	y	12.9136	3.69897	5.448	31.3058
1399680048.402	n	12.9138	3.69895	5.434	31.3055
1399680048.407	n	12.9140	3.69890	5.421	31.3049
1399680048.436	n	12.9141	3.69881	5.407	31.3040
1399680048.499	n	12.9142	3.69870	5.391	31.3028
1399680048.562	n	12.9144	3.69857	5.379	31.3015
1399680048.624	n	12.9145	3.69848	5.367	31.3005
1399680048.686	n	12.9147	3.69845	5.349	31.3001
1399680048.749	n	12.9147	3.69843	5.340	31.2998
1399680048.811	n	12.9148	3.69839	5.327	31.2994
1399680048.873	n	12.9149	3.69834	5.316	31.2989
1399680048.937	n	12.9151	3.69831	5.306	31.2985
1399680048.999	n	12.9153	3.69834	5.291	31.2986
1399680049.060	n	12.9154	3.69843	5.282	31.2994
1399680049.124	n	12.9154	3.69853	5.270	31.3003
1399680049.185	n	12.9152	3.69860	5.258	31.3012
1399680049.249	n	12.9150	3.69865	5.247	31.3018
1399680049.312	n	12.9147	3.69867	5.233	31.3021
1399680049.374	n	12.9146	3.69867	5.219	31.3023
1399680049.437	n	12.9146	3.69868	5.209	31.3024
1399680049.498	n	12.9147	3.69871	5.194	31.3026
1399680049.562	n	12.9147	3.69872	5.182	31.3027
1399680049.623	n	12.9148	3.69870	5.169	31.3025
1399680049.687	n	12.9148	3.69865	5.157	31.3020
1399680049.749	n	12.9149	3.69859	5.143	31.3013
1399680049.811	n	12.9150	3.69852	5.129	31.3006
1399680049.874	n	12.9151	3.69843	5.117	31.2997
1399680049.936	n	12.9151	3.69832	5.105	31.2986
1399680049.999	n	12.9151	3.69819	5.091	31.2974
1399680050.062	n	12.9152	3.69806	5.077	31.2961
1399680050.124	n	12.9154	3.69795	5.062	31.2949
1399680050.186	n	12.9157	3.69788	5.049	31.2940
1399680050.248	n	12.9159	3.69782	5.038	31.2932
1399680050.311	n	12.9161	3.69777	5.020	31.2927
1399680050.373	n	12.9162	3.69775	5.006	31.2924
1399680050.435	n	12.9160	3.69774	4.994	31.2924
1399680050.522	y	12.9157	3.69773	4.981	31.2925
1399680050.560	n	12.9154	3.69770	4.965	31.2926
1399680050.624	n	12.9150	3.69766	4.950	31.2925
1399680050.685	n	12.9148	3.69763	4.935	31.2924
1399680050.749	n	12.9150	3.69763	4.920	31.2923
1399680050.812	n	12.9154	3.69760	4.906	31.2917
1399680050.874	n	12.9160	3.69755	4.891	31.2907
1399680050.937	n	12.9167	3.69747	4.874	31.2894
1399680050.998	n	12.9173	3.69740	4.856	31.2882
1399680051.062	n	12.9176	3.69735	4.837	31.2875
1399680051.123	n	12.9176	3.69731	4.819	31.2872
1399680051.187	n	12.9177	3.69728	4.803	31.2868
1399680051.248	n	12.9178	3.69724	4.788	31.2863
1399680051.310	n	12.9181	3.69721	4.768	31.2858
1399680051.373	n	12.9185	3.69721	4.750	31.2855
1399680051.534	y	12.9188	3.69723	4.728	31.2854
1399680051.540	n	12.9189	3.69723	4.715	31.2853
1399680051.562	n	12.9192	3.69722	4.699	31.2851
1399680051.624	n	12.9196	3.69722	4.677	31.2847
1399680051.687	n	12.9201	3.69721	4.660	31.2842
1399680051.748	n	12.9206	3.69720	4.643	31.2837
1399680051.811	n	12.9210	3.69717	4.622	31.2831
1399680051.873	n	12.9213	3.69710	4.601	31.2822
1399680051.936	n	12.9215	3.69700	4.588	31.2811
1399680051.999	n	12.9215	3.69690	4.567	31.2802
1399680052.060	n	12.9213	3.69680	4.549	31.2794
1399680052.124	n	12.9212	3.69671	4.530	31.2787
1399680052.186	n	12.9210	3.69659	4.509	31.2777
1399680052.249	n	12.9210	3.69645	4.494	31.2764
1399680052.311	n	12.9210	3.69631	4.477	31.2751
1399680052.375	n	12.9210	3.69623	4.456	31.2744
1399680052.436	n	12.9210	3.69620	4.440	31.2741
1399680052.608	y	12.9210	3.69622	4.421	31.2743
1399680052.614	n	12.9210	3.69629	4.403	31.2750
1399680052.624	n	12.9210	3.69636	4.385	31.2756
1399680052.686	n	12.9210	3.69631	4.370	31.2751
1399680052.748	n	12.9209	3.69604	4.351	31.2728
1399680052.811	n	12.9207	3.69560	4.330	31.2687
1399680052.873	n	12.9207	3.69510	4.315	31.2640
1399680052.937	n	12.9210	3.69471	4.298	31.2601
1399680052.999	n	12.9217	3.69453	4.279	31.2578
1399680053.062	n	12.9224	3.69449	4.260	31.2569
1399680053.125	n	12.9230	3.69451	4.241	31.2566
1399680053.187	n	12.9234	3.69452	4.226	31.2564
1399680053.248	n	12.9238	3.69452	4.208	31.2560
1399680053.311	n	12.9244	3.69451	4.187	31.2554
1399680053.373	n	12.9250	3.69450	4.168	31.2548
1399680053.437	n	12.9258	3.69450	4.149	31.2543
1399680053.498	n	12.9264	3.69450	4.126	31.2538
1399680053.561	n	12.9269	3.69450	4.108	31.2533
1399680053.623	n	12.9272	3.69448	4.086	31.2529
1399680053.688	n	12.9275	3.69444	4.066	31.2523
1399680053.749	n	12.9277	3.69436	4.047	31.2514
1399680053.812	n	12.9279	3.69422	4.031	31.2499
1399680053.874	n	12.9281	3.69404	4.010	31.2480
1399680053.936	n	12.9284	3.69386	3.995	31.2460
1399680053.998	n	12.9288	3.69371	3.976	31.2444
1399680054.061	n	12.9291	3.69357	3.956	31.2428
1399680054.207	y	12.9294	3.69338	3.940	31.2408
1399680054.214	n	12.9300	3.69315	3.924	31.2382
1399680054.249	n	12.9308	3.69291	3.910	31.2353
1399680054.311	n	12.9317	3.69272	3.894	31.2327
1399680054.375	n	12.9326	3.69261	3.880	31.2309
1399680054.438	n	12.9330	3.69255	3.868	31.2300
1399680054.499	n	12.9331	3.69251	3.850	31.2296
1399680054.562	n	12.9329	3.69247	3.836	31.2293
1399680054.624	n	12.9327	3.69244	3.821	31.2293
1399680054.686	n	12.9324	3.69245	3.810	31.2296
1399680054.748	n	12.9323	3.69249	3.796	31.2301
1399680054.810	n	12.9321	3.69254	3.780	31.2307
1399680054.874	n	12.9321	3.69259	3.767	31.2312
1399680054.937	n	12.9321	3.69258	3.754	31.2311
1399680054.998	n	12.9322	3.69257	3.739	31.2310
1399680055.061	n	12.9323	3.69257	3.723	31.2309
1399680055.123	n	12.9324	3.69258	3.708	31.2308
1399680055.187	n	12.9326	3.69258	3.698	31.2307
1399680055.248	n	12.9328	3.69255	3.685	31.2303
1399680055.312	n	12.9330	3.69248	3.675	31.2295
1399680055.375	n	12.9330	3.69239	3.661	31.2286
1399680055.436	n	12.9332	3.69231	3.652	31.2277
1399680055.499	n	12.9337	3.69222	3.639	31.2265
1399680055.562	n	12.9344	3.69212	3.626	31.2249
1399680055.624	n	12.9353	3.69203	3.615	31.2234
1399680055.687	n	12.9360	3.69198	3.603	31.2223
1399680055.748	n	12.9366	3.69195	3.592	31.2216
1399680055.810	n	12.9370	3.69192	3.580	31.2209
1399680055.873	n	12.9374	3.69187	3.567	31.2202
1399680055.935	n	12.9377	3.69183	3.557	31.2195
1399680055.999	n	12.9380	3.69179	3.542	31.2189
1399680056.062	n	12.9381	3.69177	3.531	31.2187
1399680056.124	n	12.9379	3.69177	3.519	31.2188
1399680056.188	n	12.9378	3.69177	3.511	31.2189
1399680056.249	n	12.9378	3.69178	3.497	31.2190
1399680056.311	n	12.9378	3.69180	3.485	31.2192
1399680056.375	n	12.9378	3.69182	3.472	31.2194
1399680056.436	n	12.9378	3.69185	3.457	31.2197
1399680056.499	n	12.9377	3.69188	3.442	31.2201
1399680056.562	n	12.9375	3.69190	3.432	31.2204
1399680056.624	n	12.9373	3.69191	3.418	31.2207
1399680056.687	n	12.9371	3.69190	3.404	31.2207
1399680056.812	y	12.9371	3.69185	3.390	31.2203
1399680056.817	n	12.9371	3.69178	3.373	31.2196
1399680056.873	n	12.9372	3.69171	3.360	31.2189
1399680056.935	n	12.9373	3.69167	3.347	31.2184
1399680056.999	n	12.9374	3.69167	3.335	31.2183
1399680057.062	n	12.9375	3.69169	3.322	31.2184
1399680057.124	n	12.9377	3.69172	3.308	31.2186
1399680057.187	n	12.9379	3.69174	3.292	31.2186
1399680057.249	n	12.9383	3.69174	3.280	31.2183
1399680057.311	n	12.9390	3.69171	3.269	31.2175
1399680057.374	n	12.9400	3.69167	3.256	31.2163
1399680057.436	n	12.9413	3.69162	3.247	31.2147
1399680057.498	n	12.9427	3.69156	3.236	31.2130
1399680057.562	n	12.9438	3.69152	3.222	31.2116
1399680057.623	n	12.9447	3.69147	3.210	31.2105
1399680057.685	n	12.9452	3.69141	3.199	31.2095
1399680057.748	n	12.9452	3.69136	3.187	31.2091
1399680057.810	y	12.9445	3.69135	3.176	31.2095
1399680057.874	n	12.9434	3.69138	3.158	31.2107
1399680057.937	n	12.9422	3.69146	3.144	31.2125
1399680057.999	n	12.9413	3.69155	3.131	31.2141
1399680058.060	n	12.9407	3.69160	3.116	31.2150
1399680058.123	n	12.9405	3.69162	3.103	31.2155
1399680058.186	n	12.9404	3.69163	3.087	31.2156
1399680058.249	n	12.9402	3.69164	3.073	31.2158
1399680058.311	n	12.9401	3.69166	3.057	31.2161
1399680058.374	n	12.9400	3.69167	3.042	31.2163
1399680058.436	n	12.9403	3.69168	3.030	31.2161
1399680058.499	n	12.9415	3.69166	3.014	31.2150
1399680058.562	n	12.9437	3.69157	3.001	31.2123
1399680058.624	n	12.9470	3.69138	2.983	31.2078
1399680058.688	n	12.9505	3.69118	2.966	31.2031
1399680058.749	n	12.9541	3.69094	2.951	31.1978
1399680058.812	n	12.9577	3.69065	2.935	31.1923
1399680058.875	n	12.9606	3.69037	2.923	31.1872
1399680058.936	n	12.9628	3.69012	2.906	31.1830
1399680058.998	n	12.9642	3.68994	2.887	31.1802
1399680059.061	n	12.9647	3.68989	2.871	31.1794
1399680059.125	n	12.9650	3.68988	2.852	31.1789
1399680059.187	n	12.9664	3.68974	2.835	31.1765
1399680059.248	n	12.9696	3.68946	2.818	31.1713
1399680059.311	n	12.9740	3.68910	2.798	31.1642
1399680059.373	n	12.9787	3.68878	2.778	31.1574
1399680059.436	n	12.9825	3.68855	2.758	31.1521
1399680059.498	n	12.9844	3.68846	2.737	31.1497
1399680059.562	n	12.9842	3.68847	2.716	31.1500
1399680059.623	n	12.9826	3.68858	2.696	31.1524
1399680059.685	n	12.9804	3.68877	2.673	31.1560
1399680059.748	n	12.9784	3.68898	2.655	31.1595
1399680059.812	n	12.9773	3.68911	2.634	31.1617
1399680059.873	n	12.9770	3.68914	2.614	31.1622
1399680059.935	n	12.9777	3.68908	2.591	31.1611
1399680060.000	n	12.9791	3.68899	2.573	31.1591
1399680060.062	n	12.9808	3.68890	2.555	31.1570
1399680060.125	n	12.9820	3.68885	2.532	31.1555
1399680060.185	n	12.9827	3.68883	2.518	31.1547
1399680060.248	n	12.9828	3.68881	2.504	31.1544
1399680060.310	n	12.9828	3.68880	2.487	31.1544
1399680060.375	n	12.9830	3.68877	2.476	31.1538
1399680060.437	n	12.9835	3.68871	2.461	31.1529
1399680060.499	n	12.9836	3.68866	2.448	31.1523
1399680060.562	n	12.9836	3.68864	2.433	31.1521
1399680060.624	n	12.9833	3.68863	2.420	31.1523
1399680060.687	n	12.9824	3.68863	2.411	31.1531
1399680060.749	n	12.9809	3.68865	2.397	31.1545
1399680060.811	n	12.9790	3.68867	2.388	31.1563
1399680060.873	n	12.9768	3.68872	2.377	31.1586
1399680060.936	n	12.9749	3.68880	2.366	31.1609
1399680061.118	y	12.9737	3.68887	2.355	31.1626
1399680061.126	n	12.9731	3.68893	2.346	31.1636
1399680061.132	n	12.9731	3.68897	2.332	31.1640
1399680061.188	n	12.9730	3.68900	2.319	31.1643
1399680061.249	n	12.9724	3.68905	2.311	31.1653
1399680061.311	n	12.9712	3.68912	2.299	31.1670
1399680061.375	n	12.9699	3.68922	2.288	31.1690
1399680061.437	y	12.9691	3.68928	2.277	31.1702
1399680061.499	n	12.9693	3.68928	2.268	31.1700
1399680061.562	n	12.9703	3.68923	2.255	31.1687
1399680061.624	n	12.9715	3.68915	2.243	31.1670
1399680061.687	n	12.9725	3.68909	2.235	31.1656
1399680061.749	n	12.9732	3.68908	2.224	31.1650
1399680061.811	n	12.9738	3.68908	2.215	31.1645
1399680061.873	n	12.9746	3.68907	2.204	31.1637
1399680061.936	n	12.9758	3.68903	2.195	31.1624
1399680061.999	n	12.9771	3.68895	2.186	31.1605
1399680062.060	n	12.9784	3.68885	2.174	31.1586
1399680062.125	n	12.9795	3.68874	2.162	31.1567
1399680062.188	n	12.9806	3.68863	2.148	31.1547
1399680062.249	n	12.9818	3.68852	2.141	31.1527
1399680062.312	n	12.9831	3.68845	2.126	31.1509
1399680062.374	n	12.9840	3.68839	2.118	31.1497
1399680062.438	n	12.9844	3.68836	2.101	31.1490
1399680062.499	n	12.9848	3.68830	2.089	31.1482
1399680062.560	n	12.9855	3.68823	2.075	31.1469
1399680062.623	n	12.9866	3.68816	2.060	31.1454
1399680062.687	n	12.9876	3.68816	2.048	31.1445
1399680062.750	n	12.9881	3.68820	2.034	31.1446
1399680062.812	n	12.9878	3.68830	2.021	31.1457
1399680062.874	n	12.9873	3.68838	2.003	31.1469
1399680062.936	n	12.9874	3.68844	1.989	31.1474
1399680062.998	n	12.9883	3.68844	1.974	31.1466
1399680063.061	n	12.9897	3.68837	1.958	31.1449
1399680063.125	n	12.9910	3.68825	1.941	31.1427
1399680063.186	n	12.9919	3.68812	1.926	31.1407
1399680063.249	n	12.9924	3.68803	1.909	31.1395
1399680063.312	n	12.9923	3.68801	1.893	31.1393
1399680063.374	n	12.9920	3.68801	1.879	31.1396
1399680063.436	n	12.9915	3.68803	1.864	31.1402
1399680063.499	n	12.9911	3.68806	1.849	31.1409
1399680063.561	n	12.9910	3.68808	1.830	31.1411
1399680063.623	n	12.9913	3.68808	1.816	31.1409
1399680063.686	n	12.9916	3.68808	1.799	31.1406
1399680063.750	n	12.9919	3.68805	1.784	31.1401
1399680063.812	n	12.9922	3.68802	1.764	31.1396
1399680063.874	n	12.9926	3.68799	1.748	31.1389
1399680063.937	n	12.9930	3.68795	1.729	31.1383
1399680063.998	n	12.9932	3.68793	1.711	31.1378
1399680064.061	n	12.9932	3.68794	1.697	31.1380
1399680064.124	n	12.9930	3.68797	1.684	31.1385
1399680064.186	n	12.9927	3.68803	1.669	31.1393
1399680064.250	n	12.9925	3.68810	1.651	31.1402
1399680064.312	n	12.9923	3.68817	1.638	31.1409
1399680064.373	n	12.9922	3.68823	1.623	31.1416
1399680064.437	n	12.9920	3.68828	1.611	31.1422
1399680064.500	n	12.9918	3.68828	1.596	31.1424
1399680064.561	n	12.9917	3.68826	1.585	31.1423
1399680064.625	n	12.9917	3.68824	1.570	31.1421
1399680064.687	n	12.9918	3.68821	1.552	31.1418
1399680064.749	n	12.9918	3.68820	1.536	31.1417
1399680064.812	n	12.9916	3.68819	1.518	31.1417
1399680064.874	n	12.9914	3.68819	1.504	31.1419
1399680064.937	n	12.9912	3.68822	1.487	31.1424
1399680064.998	n	12.9911	3.68827	1.473	31.1429
1399680065.103	y	12.9911	3.68828	1.457	31.1430
1399680065.124	n	12.9912	3.68825	1.443	31.1427
1399680065.187	n	12.9912	3.68818	1.429	31.1420
1399680065.366	y	12.9910	3.68810	1.418	31.1414
1399680065.371	n	12.9909	3.68808	1.411	31.1413
1399680065.375	n	12.9908	3.68809	1.402	31.1415
1399680065.436	n	12.9908	3.68811	1.389	31.1417
1399680065.499	n	12.9908	3.68814	1.382	31.1420
1399680065.561	n	12.9907	3.68816	1.376	31.1423
1399680065.624	n	12.9905	3.68818	1.369	31.1426
1399680065.685	n	12.9904	3.68818	1.369	31.1426
1399680065.809	y	12.9904	3.68816	1.364	31.1425
1399680065.815	n	12.9901	3.68814	1.361	31.1425
1399680065.874	n	12.9896	3.68813	1.356	31.1429
1399680065.936	n	12.9889	3.68813	1.351	31.1435
1399680065.998	n	12.9882	3.68816	1.346	31.1443
1399680066.061	n	12.9878	3.68819	1.341	31.1450
1399680066.124	n	12.9874	3.68823	1.336	31.1456
1399680066.187	n	12.9867	3.68826	1.334	31.1465
1399680066.248	n	12.9854	3.68833	1.330	31.1482
1399680066.311	n	12.9836	3.68843	1.321	31.1507
1399680066.373	n	12.9814	3.68857	1.316	31.1538
1399680066.436	n	12.9795	3.68871	1.314	31.1566
1399680066.499	n	12.9783	3.68881	1.309	31.1585
1399680066.561	n	12.9781	3.68883	1.301	31.1590
1399680066.623	n	12.9787	3.68878	1.296	31.1580
1399680066.686	n	12.9801	3.68869	1.289	31.1560
1399680066.748	n	12.9818	3.68859	1.281	31.1537
1399680066.812	n	12.9835	3.68849	1.273	31.1513
1399680066.874	n	12.9853	3.68842	1.262	31.1492
1399680066.937	n	12.9870	3.68834	1.254	31.1470
1399680066.999	n	12.9885	3.68824	1.246	31.1449
1399680067.061	n	12.9897	3.68813	1.231	31.1428
1399680067.125	n	12.9906	3.68800	1.215	31.1409
1399680067.187	n	12.9912	3.68789	1.194	31.1394
1399680067.248	n	12.9916	3.68782	1.177	31.1384
1399680067.311	n	12.9919	3.68781	1.155	31.1381
1399680067.373	n	12.9920	3.68782	1.131	31.1380
1399680067.436	n	12.9921	3.68783	1.107	31.1381
1399680067.499	n	12.9922	3.68784	1.083	31.1381
1399680067.561	n	12.9921	3.68787	1.060	31.1384
1399680067.624	n	12.9918	3.68795	1.034	31.1395
1399680067.686	n	12.9913	3.68809	1.011	31.1413
1399680067.748	n	12.9905	3.68824	0.990	31.1433
1399680067.811	n	12.9898	3.68836	0.965	31.1450
1399680067.875	n	12.9892	3.68841	0.944	31.1460
1399680067.936	n	12.9888	3.68842	0.923	31.1465
1399680067.999	n	12.9887	3.68844	0.905	31.1467
1399680068.061	n	12.9889	3.68844	0.888	31.1465
1399680068.123	n	12.9894	3.68842	0.868	31.1460
1399680068.188	n	12.9898	3.68839	0.850	31.1454
1399680068.248	n	12.9901	3.68837	0.833	31.1450
1399680068.310	n	12.9902	3.68837	0.815	31.1448
1399680068.373	n	12.9902	3.68832	0.799	31.1444
1399680068.436	n	12.9901	3.68825	0.783	31.1438
1399680068.499	n	12.9900	3.68816	0.767	31.1431
1399680068.561	n	12.9900	3.68810	0.753	31.1425
1399680068.623	n	12.9900	3.68807	0.739	31.1423
1399680068.686	n	12.9899	3.68806	0.725	31.1422
1399680068.802	y	12.9898	3.68801	0.718	31.1418
1399680068.812	n	12.9897	3.68795	0.702	31.1415
1399680068.873	n	12.9895	3.68790	0.692	31.1411
1399680068.938	n	12.9893	3.68785	0.677	31.1407
1399680068.999	n	12.9892	3.68782	0.666	31.1406
1399680069.062	n	12.9891	3.68780	0.654	31.1404
1399680069.123	n	12.9891	3.68779	0.644	31.1404
1399680069.186	n	12.9890	3.68779	0.632	31.1405
1399680069.249	n	12.9889	3.68780	0.618	31.1406
1399680069.311	n	12.9888	3.68782	0.602	31.1409
1399680069.375	n	12.9887	3.68784	0.589	31.1412
1399680069.435	n	12.9886	3.68787	0.576	31.1416
1399680069.587	y	12.9885	3.68790	0.561	31.1419
1399680069.592	n	12.9883	3.55711	0.548	29.9177
1399680069.623	n	12.9880	3.17874	0.538	26.4145
1399680069.686	n	12.9874	2.57786	0.528	20.9721
1399680069.748	n	12.9870	1.95247	0.521	15.4756
1399680069.811	n	12.9866	1.52694	0.520	11.8449
1399680069.875	n	12.9864	1.53198	0.519	11.8875
1399680069.937	n	12.9864	1.89005	0.516	14.9373
1399680069.999	n	12.9866	2.39625	0.516	19.3579
1399680070.061	n	12.9860	2.85242	0.511	23.4410
1399680070.124	n	12.9828	3.14766	0.506	26.1328
1399680070.186	n	12.9742	3.27903	0.499	27.3473
