Source File: D:\Storage\Programs\OOI\Group 5\Correspondence\07_18_14 sample files\files\11297499.PPB
Processed: 07/18/2014 12:28:08
Using Version: 1.11
Device: CTD
Start Date: 05/09/2014
Timestamp (s)	Suspect Timestamp	Temperature	Conductivity	Pressure	Salinity
1399658382.683	y	12.3838	3.69579	22.267	31.7120
1399658382.747	n	12.3838	3.69585	22.266	31.7125
1399658382.808	n	12.3838	3.69575	22.262	31.7116
1399658382.872	n	12.3838	3.69579	22.267	31.7119
1399658382.934	n	12.3838	3.69585	22.266	31.7126
1399658382.996	n	12.3838	3.69575	22.253	31.7117
1399658383.059	n	12.3838	3.69575	22.250	31.7116
1399658383.123	n	12.3837	3.69580	22.262	31.7121
1399658383.186	n	12.3837	3.69580	22.259	31.7121
1399658383.250	n	12.3838	3.69579	22.255	31.7120
1399658383.310	n	12.3838	3.69579	22.253	31.7120
1399658383.373	n	12.3838	3.69579	22.250	31.7120
1399658383.436	n	12.3837	3.69579	22.244	31.7120
1399658383.498	n	12.3836	3.69580	22.238	31.7123
1399658383.562	n	12.3835	3.69580	22.237	31.7123
1399658383.623	n	12.3834	3.69580	22.236	31.7124
1399658383.686	n	12.3834	3.69579	22.231	31.7123
1399658383.748	n	12.3834	3.69579	22.225	31.7123
1399658383.809	n	12.3833	3.69578	22.223	31.7123
1399658383.873	n	12.3832	3.69578	22.220	31.7124
1399658383.936	n	12.3832	3.69579	22.213	31.7125
1399658383.998	n	12.3831	3.69579	22.212	31.7126
1399658384.062	n	12.3832	3.69579	22.204	31.7126
1399658384.122	n	12.3831	3.69578	22.202	31.7124
1399658384.185	n	12.3831	3.69577	22.197	31.7124
1399658385.384	n	12.3831	3.69576	22.191	31.7123
1399658385.407	n	12.3831	3.69576	22.185	31.7123
1399658385.422	n	12.3831	3.69576	22.180	31.7123
1399658385.434	n	12.3831	3.69576	22.176	31.7123
1399658385.440	n	12.3831	3.69576	22.175	31.7123
1399658385.447	n	12.3830	3.69576	22.166	31.7124
1399658385.454	n	12.3830	3.69576	22.159	31.7124
1399658385.462	n	12.3830	3.69575	22.156	31.7123
1399658385.468	n	12.3830	3.69574	22.147	31.7122
1399658385.474	n	12.3830	3.69574	22.143	31.7122
1399658385.481	n	12.3830	3.69573	22.135	31.7122
1399658385.488	n	12.3830	3.69574	22.129	31.7123
1399658385.494	n	12.3829	3.69574	22.124	31.7123
1399658385.501	n	12.3830	3.69573	22.118	31.7122
1399658385.507	n	12.3830	3.69573	22.110	31.7122
1399658385.513	n	12.3830	3.69574	22.101	31.7123
1399658385.520	n	12.3829	3.69575	22.094	31.7124
1399658385.526	n	12.3829	3.69575	22.088	31.7125
1399658385.532	n	12.3829	3.69574	22.082	31.7124
1399658385.538	n	12.3829	3.69574	22.078	31.7124
1399658385.545	n	12.3829	3.69573	22.069	31.7123
1399658385.560	n	12.3829	3.69574	22.061	31.7124
1399658385.623	n	12.3829	3.69575	22.055	31.7125
1399658385.685	n	12.3829	3.69576	22.046	31.7125
1399658385.748	n	12.3829	3.69576	22.038	31.7126
1399658385.812	n	12.3828	3.69575	22.034	31.7125
1399658385.874	n	12.3828	3.69574	22.026	31.7125
1399658385.935	n	12.3827	3.69574	22.019	31.7126
1399658386.000	n	12.3827	3.69574	22.013	31.7126
1399658386.060	n	12.3827	3.69575	22.007	31.7126
1399658386.123	n	12.3827	3.69575	22.001	31.7127
1399658386.186	n	12.3827	3.69576	21.994	31.7128
1399658386.251	n	12.3827	3.69576	21.988	31.7128
1399658386.311	n	12.3827	3.69576	21.980	31.7128
1399658386.373	n	12.3827	3.69575	21.979	31.7127
1399658386.450	n	12.3827	3.69574	21.973	31.7126
1399658386.497	n	12.3827	3.69574	21.966	31.7125
1399658386.561	n	12.3827	3.69573	21.962	31.7125
1399658386.624	n	12.3826	3.69573	21.958	31.7125
1399658386.686	n	12.3826	3.69573	21.953	31.7125
1399658386.747	n	12.3827	3.69573	21.950	31.7125
1399658386.810	n	12.3827	3.69573	21.945	31.7125
1399658386.874	n	12.3827	3.69573	21.943	31.7125
1399658386.936	n	12.3827	3.69573	21.937	31.7125
1399658386.997	n	12.3827	3.69573	21.934	31.7125
1399658387.062	n	12.3827	3.69574	21.932	31.7126
1399658387.124	n	12.3827	3.69574	21.928	31.7126
1399658387.186	n	12.3827	3.69574	21.926	31.7126
1399658387.252	n	12.3827	3.69574	21.926	31.7126
1399658387.310	n	12.3827	3.69574	21.922	31.7126
1399658387.374	n	12.3827	3.69574	21.917	31.7126
1399658387.436	n	12.3827	3.69574	21.915	31.7125
1399658387.500	n	12.3828	3.69573	21.912	31.7124
1399658387.559	n	12.3828	3.69572	21.913	31.7123
1399658387.622	n	12.3828	3.69573	21.914	31.7124
1399658387.687	n	12.3828	3.69574	21.911	31.7125
1399658387.749	n	12.3828	3.69575	21.908	31.7126
1399658387.810	n	12.3828	3.69576	21.909	31.7127
1399658387.872	n	12.3828	3.69576	21.908	31.7127
1399658387.934	n	12.3828	3.69576	21.909	31.7127
1399658387.999	n	12.3828	3.69576	21.911	31.7127
1399658388.060	n	12.3828	3.69576	21.909	31.7127
1399658388.122	n	12.3828	3.69576	21.909	31.7127
1399658388.187	n	12.3828	3.69576	21.912	31.7127
1399658388.251	n	12.3828	3.69576	21.913	31.7127
1399658388.319	y	12.3829	3.69577	21.915	31.7127
1399658388.372	n	12.3829	3.69577	21.917	31.7127
1399658388.437	n	12.3829	3.69577	21.918	31.7127
1399658388.498	n	12.3829	3.69577	21.923	31.7127
1399658388.560	n	12.3829	3.69576	21.929	31.7126
1399658388.622	n	12.3829	3.69576	21.934	31.7126
1399658388.687	n	12.3830	3.69576	21.935	31.7125
1399658388.750	n	12.3830	3.69576	21.938	31.7125
1399658388.931	y	12.3830	3.69576	21.942	31.7125
1399658388.937	n	12.3830	3.69577	21.951	31.7126
1399658388.942	n	12.3830	3.69577	21.955	31.7126
1399658388.997	n	12.3830	3.69577	21.961	31.7126
1399658389.060	n	12.3830	3.69577	21.965	31.7126
1399658389.123	n	12.3830	3.69576	21.969	31.7126
1399658389.185	n	12.3830	3.69576	21.977	31.7125
1399658389.251	n	12.3830	3.69577	21.984	31.7126
1399658389.311	n	12.3831	3.69578	21.986	31.7127
1399658389.373	n	12.3831	3.69579	21.994	31.7127
1399658389.436	n	12.3831	3.69579	22.002	31.7126
1399658389.500	n	12.3832	3.69578	22.011	31.7125
1399658389.560	n	12.3832	3.69577	22.015	31.7124
1399658389.623	n	12.3833	3.69576	22.022	31.7122
1399658389.687	n	12.3834	3.69576	22.034	31.7122
1399658389.747	n	12.3834	3.69576	22.038	31.7122
1399658389.811	n	12.3834	3.69576	22.044	31.7122
1399658389.873	n	12.3833	3.69576	22.053	31.7122
1399658389.936	n	12.3834	3.69577	22.062	31.7122
1399658389.998	n	12.3834	3.69577	22.068	31.7122
1399658390.062	n	12.3835	3.69577	22.076	31.7121
1399658390.124	n	12.3835	3.69576	22.080	31.7120
1399658390.186	n	12.3836	3.69575	22.087	31.7119
1399658390.250	n	12.3837	3.69575	22.097	31.7118
1399658390.310	n	12.3837	3.69575	22.102	31.7118
1399658390.373	n	12.3838	3.69577	22.111	31.7119
1399658390.437	n	12.3838	3.69578	22.118	31.7119
1399658390.500	n	12.3838	3.69578	22.123	31.7119
1399658390.561	n	12.3838	3.69578	22.129	31.7119
1399658390.623	n	12.3838	3.69576	22.139	31.7118
1399658390.685	n	12.3839	3.69576	22.146	31.7116
1399658390.748	n	12.3839	3.69575	22.154	31.7115
1399658390.811	n	12.3840	3.69576	22.161	31.7115
1399658390.873	n	12.3840	3.69576	22.167	31.7116
1399658390.935	n	12.3840	3.69577	22.174	31.7117
1399658390.999	n	12.3840	3.69577	22.181	31.7117
1399658391.063	n	12.3840	3.69578	22.191	31.7117
1399658391.124	n	12.3840	3.69578	22.197	31.7117
1399658391.186	n	12.3841	3.69578	22.202	31.7116
1399658391.248	n	12.3841	3.69577	22.210	31.7115
1399658391.311	n	12.3842	3.69577	22.219	31.7115
1399658391.374	n	12.3842	3.69577	22.221	31.7114
1399658391.435	n	12.3843	3.69577	22.229	31.7114
1399658391.498	n	12.3843	3.69578	22.237	31.7115
1399658391.560	n	12.3843	3.69578	22.241	31.7115
1399658391.623	n	12.3843	3.69578	22.246	31.7114
1399658391.685	n	12.3844	3.69578	22.251	31.7114
1399658391.748	n	12.3844	3.69577	22.254	31.7113
1399658391.816	n	12.3844	3.69576	22.256	31.7112
1399658391.873	n	12.3845	3.69576	22.263	31.7112
1399658391.935	n	12.3845	3.69577	22.266	31.7112
1399658391.999	y	12.3846	3.69578	22.269	31.7112
1399658392.059	n	12.3847	3.69578	22.271	31.7112
1399658392.123	n	12.3846	3.69579	22.271	31.7112
1399658392.185	n	12.3846	3.69578	22.272	31.7112
1399658392.251	n	12.3846	3.69578	22.276	31.7112
1399658392.325	n	12.3846	3.69577	22.278	31.7111
1399658392.372	y	12.3846	3.69577	22.278	31.7111
1399658392.436	n	12.3847	3.69577	22.274	31.7111
1399658392.498	n	12.3847	3.69578	22.274	31.7111
1399658392.560	n	12.3847	3.69578	22.273	31.7111
1399658392.623	n	12.3847	3.69578	22.273	31.7110
1399658392.686	n	12.3848	3.69578	22.271	31.7110
1399658392.748	n	12.3848	3.69578	22.267	31.7111
1399658392.810	n	12.3847	3.69578	22.262	31.7111
1399658392.873	n	12.3848	3.69578	22.258	31.7111
1399658392.935	n	12.3848	3.69577	22.258	31.7110
1399658392.999	n	12.3849	3.69578	22.251	31.7110
1399658393.189	y	12.3849	3.69577	22.246	31.7108
1399658393.194	n	12.3850	3.69576	22.244	31.7107
1399658393.202	n	12.3850	3.69575	22.237	31.7106
1399658393.252	n	12.3851	3.69575	22.231	31.7105
1399658393.311	n	12.3851	3.69574	22.226	31.7105
1399658393.374	n	12.3851	3.69575	22.219	31.7105
1399658393.436	n	12.3851	3.69575	22.211	31.7105
1399658393.499	n	12.3851	3.69575	22.204	31.7105
1399658393.889	n	12.3851	3.69574	22.195	31.7105
1399658393.896	n	12.3851	3.69574	22.183	31.7104
1399658393.902	n	12.3851	3.69574	22.174	31.7104
1399658393.907	n	12.3851	3.69574	22.164	31.7104
1399658393.912	n	12.3851	3.69574	22.153	31.7105
1399658393.916	n	12.3851	3.69575	22.145	31.7105
1399658393.935	n	12.3851	3.69575	22.129	31.7105
1399658393.997	n	12.3851	3.69575	22.117	31.7105
1399658394.061	n	12.3852	3.69575	22.106	31.7105
1399658394.123	n	12.3852	3.69575	22.092	31.7105
1399658394.186	n	12.3851	3.69574	22.076	31.7106
1399658394.251	n	12.3850	3.69573	22.060	31.7105
1399658394.310	n	12.3849	3.69573	22.048	31.7105
1399658394.373	n	12.3849	3.69573	22.036	31.7106
1399658394.435	n	12.3849	3.69573	22.019	31.7106
1399658394.499	n	12.3849	3.69574	22.002	31.7107
1399658394.560	n	12.3849	3.69574	21.982	31.7107
1399658394.623	n	12.3849	3.69574	21.968	31.7107
1399658394.685	n	12.3848	3.69573	21.951	31.7107
1399658394.749	n	12.3848	3.69572	21.934	31.7106
1399658394.810	n	12.3848	3.69571	21.917	31.7106
1399658394.874	n	12.3848	3.69571	21.901	31.7106
1399658394.936	n	12.3848	3.69571	21.885	31.7106
1399658394.998	n	12.3848	3.69571	21.867	31.7105
1399658395.061	n	12.3848	3.69570	21.848	31.7105
1399658395.122	n	12.3847	3.69570	21.832	31.7105
1399658395.186	n	12.3846	3.69570	21.810	31.7106
1399658395.248	n	12.3846	3.69571	21.794	31.7107
1399658395.310	n	12.3846	3.69571	21.777	31.7108
1399658395.372	n	12.3846	3.69571	21.753	31.7108
1399658395.436	n	12.3846	3.69571	21.733	31.7108
1399658395.499	n	12.3846	3.69571	21.719	31.7108
1399658395.560	y	12.3845	3.69572	21.698	31.7109
1399658395.623	n	12.3845	3.69573	21.677	31.7111
1399658395.685	n	12.3845	3.69574	21.653	31.7112
1399658395.748	n	12.3845	3.69573	21.634	31.7111
1399658395.810	n	12.3844	3.69572	21.613	31.7110
1399658395.873	n	12.3844	3.69570	21.594	31.7109
1399658395.935	n	12.3844	3.69569	21.574	31.7108
1399658395.997	n	12.3844	3.69569	21.552	31.7109
1399658396.060	n	12.3843	3.69571	21.531	31.7111
1399658396.122	n	12.3842	3.69572	21.510	31.7112
1399658396.185	n	12.3842	3.69573	21.486	31.7113
1399658396.251	n	12.3842	3.69572	21.461	31.7112
1399658396.310	n	12.3843	3.69570	21.443	31.7111
1399658396.373	n	12.3843	3.69568	21.421	31.7108
1399658396.435	n	12.3843	3.69567	21.398	31.7108
1399658396.497	n	12.3843	3.69568	21.376	31.7108
1399658396.560	n	12.3843	3.69569	21.355	31.7110
1399658396.622	n	12.3844	3.69571	21.332	31.7111
1399658396.685	n	12.3844	3.69571	21.308	31.7111
1399658396.750	n	12.3844	3.69571	21.288	31.7111
1399658396.810	n	12.3844	3.69571	21.267	31.7111
1399658396.873	n	12.3845	3.69569	21.243	31.7109
1399658396.936	n	12.3845	3.69569	21.220	31.7108
1399658396.997	n	12.3845	3.69569	21.199	31.7108
1399658397.060	n	12.3845	3.69569	21.176	31.7109
1399658397.123	n	12.3845	3.69571	21.155	31.7110
1399658397.185	n	12.3846	3.69571	21.129	31.7110
1399658397.251	n	12.3847	3.69571	21.111	31.7110
1399658397.483	y	12.3848	3.69571	21.087	31.7109
1399658397.499	n	12.3849	3.69571	21.064	31.7108
1399658397.505	n	12.3849	3.69571	21.043	31.7107
1399658397.511	n	12.3849	3.69569	21.023	31.7106
1399658397.560	n	12.3850	3.69569	21.005	31.7105
1399658397.624	n	12.3851	3.69568	20.981	31.7104
1399658397.685	n	12.3852	3.69568	20.959	31.7103
1399658397.748	n	12.3853	3.69569	20.942	31.7103
1399658397.810	n	12.3854	3.69570	20.920	31.7103
1399658397.873	n	12.3856	3.69570	20.904	31.7102
1399658397.936	n	12.3856	3.69570	20.883	31.7101
1399658397.999	n	12.3857	3.69569	20.867	31.7099
1399658398.060	n	12.3859	3.69567	20.847	31.7097
1399658398.124	n	12.3860	3.69567	20.831	31.7095
1399658398.185	n	12.3861	3.69567	20.812	31.7094
1399658398.251	n	12.3862	3.69567	20.795	31.7094
1399658398.310	n	12.3863	3.69568	20.777	31.7094
1399658398.373	n	12.3864	3.69568	20.762	31.7094
1399658398.435	n	12.3865	3.69568	20.743	31.7092
1399658398.500	n	12.3867	3.69567	20.728	31.7091
1399658398.561	n	12.3869	3.69567	20.711	31.7088
1399658398.624	n	12.3871	3.69567	20.696	31.7087
1399658398.686	n	12.3872	3.69567	20.683	31.7086
1399658398.749	n	12.3873	3.69569	20.669	31.7087
1399658398.810	n	12.3874	3.69569	20.653	31.7087
1399658398.873	n	12.3875	3.69569	20.640	31.7086
1399658398.936	n	12.3876	3.69569	20.626	31.7084
1399658398.999	n	12.3878	3.69568	20.608	31.7082
1399658399.061	n	12.3880	3.69567	20.594	31.7080
1399658399.124	n	12.3881	3.69568	20.583	31.7079
1399658399.185	n	12.3883	3.69569	20.571	31.7079
1399658399.251	n	12.3884	3.69570	20.556	31.7080
1399658399.311	y	12.3885	3.69571	20.547	31.7079
1399658399.373	n	12.3886	3.69570	20.534	31.7078
1399658399.436	n	12.3888	3.69570	20.524	31.7076
1399658399.498	n	12.3889	3.69569	20.512	31.7074
1399658399.560	n	12.3891	3.69569	20.501	31.7073
1399658399.622	n	12.3892	3.69570	20.492	31.7073
1399658399.685	n	12.3893	3.69571	20.479	31.7073
1399658399.748	n	12.3894	3.69571	20.466	31.7072
1399658399.812	n	12.3895	3.69570	20.460	31.7070
1399658399.873	n	12.3897	3.69570	20.447	31.7069
1399658399.935	n	12.3898	3.69569	20.438	31.7067
1399658399.999	n	12.3899	3.69569	20.427	31.7067
1399658400.061	n	12.3901	3.69571	20.417	31.7066
1399658400.122	n	12.3902	3.69571	20.408	31.7066
1399658400.185	n	12.3903	3.69571	20.397	31.7065
1399658400.251	n	12.3904	3.69571	20.386	31.7064
1399658400.311	n	12.3905	3.69569	20.379	31.7061
1399658400.372	n	12.3907	3.69569	20.373	31.7060
1399658400.435	n	12.3908	3.69569	20.361	31.7058
1399658400.500	n	12.3909	3.69570	20.349	31.7058
1399658400.560	n	12.3910	3.69571	20.342	31.7058
1399658400.623	n	12.3912	3.69571	20.333	31.7058
1399658400.685	n	12.3913	3.69570	20.326	31.7056
1399658400.748	n	12.3914	3.69569	20.317	31.7054
1399658400.811	n	12.3915	3.69568	20.303	31.7052
1399658400.874	n	12.3916	3.69568	20.297	31.7051
1399658400.936	n	12.3918	3.69568	20.285	31.7050
1399658400.999	n	12.3919	3.69569	20.277	31.7049
1399658401.061	n	12.3921	3.69570	20.269	31.7049
1399658401.123	n	12.3922	3.69571	20.262	31.7049
1399658401.185	n	12.3923	3.69572	20.251	31.7049
1399658401.250	n	12.3924	3.69572	20.242	31.7048
1399658401.311	n	12.3925	3.69571	20.234	31.7047
1399658401.374	n	12.3926	3.69570	20.223	31.7045
1399658401.436	n	12.3928	3.69569	20.212	31.7042
1399658401.499	n	12.3930	3.69569	20.205	31.7041
1399658401.695	y	12.3931	3.69570	20.193	31.7040
1399658401.701	n	12.3933	3.69571	20.181	31.7040
1399658401.706	n	12.3935	3.69572	20.171	31.7040
1399658401.749	n	12.3937	3.69573	20.163	31.7039
1399658401.810	n	12.3938	3.69572	20.148	31.7037
1399658401.873	n	12.3939	3.69571	20.139	31.7035
1399658401.936	n	12.3941	3.69571	20.130	31.7034
1399658401.999	n	12.3943	3.69571	20.118	31.7032
1399658402.061	n	12.3944	3.69572	20.104	31.7032
1399658402.123	n	12.3946	3.69573	20.091	31.7031
1399658402.186	n	12.3948	3.69573	20.081	31.7030
1399658402.250	n	12.3950	3.69573	20.065	31.7028
1399658402.311	n	12.3951	3.69571	20.051	31.7026
1399658402.373	n	12.3953	3.69570	20.035	31.7023
1399658402.435	n	12.3954	3.69569	20.023	31.7021
1399658402.502	n	12.3956	3.69569	20.010	31.7020
1399658402.561	n	12.3957	3.69569	19.992	31.7019
1399658402.624	n	12.3958	3.69570	19.974	31.7019
1399658402.686	n	12.3960	3.69571	19.960	31.7019
1399658402.748	n	12.3961	3.69571	19.942	31.7017
1399658402.811	n	12.3963	3.69570	19.925	31.7015
1399658402.874	n	12.3966	3.69569	19.908	31.7012
1399658402.935	n	12.3968	3.69569	19.889	31.7010
1399658402.998	y	12.3969	3.69569	19.867	31.7009
1399658403.061	n	12.3971	3.69569	19.848	31.7007
1399658403.124	n	12.3972	3.69569	19.830	31.7007
1399658403.186	n	12.3974	3.69570	19.808	31.7006
1399658403.251	n	12.3975	3.69570	19.791	31.7005
1399658403.310	n	12.3977	3.69570	19.775	31.7004
1399658403.372	n	12.3978	3.69569	19.754	31.7002
1399658403.435	n	12.3980	3.69569	19.731	31.7001
1399658403.504	n	12.3982	3.69569	19.714	31.6999
1399658403.560	n	12.3983	3.69569	19.694	31.6998
1399658403.622	n	12.3985	3.69569	19.670	31.6996
1399658403.685	n	12.3987	3.69569	19.646	31.6995
1399658403.749	n	12.3988	3.69569	19.624	31.6994
1399658403.810	n	12.3990	3.69569	19.602	31.6993
1399658403.874	n	12.3992	3.69569	19.583	31.6991
1399658403.936	n	12.3994	3.69569	19.560	31.6990
1399658403.997	n	12.3995	3.69569	19.539	31.6988
1399658404.061	n	12.3997	3.69569	19.514	31.6987
1399658404.123	n	12.3998	3.69569	19.488	31.6986
1399658404.186	n	12.3999	3.69569	19.462	31.6985
1399658404.251	n	12.4001	3.69568	19.437	31.6984
1399658404.311	n	12.4002	3.69568	19.413	31.6982
1399658404.372	n	12.4004	3.69568	19.387	31.6980
1399658404.437	n	12.4005	3.69568	19.362	31.6979
1399658404.497	n	12.4007	3.69568	19.336	31.6978
1399658404.560	n	12.4008	3.69568	19.314	31.6977
1399658404.623	n	12.4009	3.69568	19.289	31.6976
1399658404.687	n	12.4011	3.69568	19.265	31.6976
1399658404.749	n	12.4012	3.69569	19.236	31.6975
1399658404.811	n	12.4013	3.69569	19.212	31.6975
1399658404.874	n	12.4014	3.69569	19.187	31.6974
1399658404.936	n	12.4015	3.69568	19.161	31.6972
1399658405.067	y	12.4017	3.69568	19.137	31.6970
1399658405.073	n	12.4019	3.69567	19.109	31.6968
1399658405.123	n	12.4021	3.69566	19.081	31.6966
1399658405.186	n	12.4022	3.69566	19.057	31.6965
1399658405.250	n	12.4023	3.69567	19.028	31.6965
1399658405.310	n	12.4024	3.69567	19.004	31.6965
1399658405.374	n	12.4025	3.69568	18.979	31.6964
1399658405.436	n	12.4026	3.69567	18.956	31.6963
1399658405.504	n	12.4027	3.69567	18.930	31.6962
1399658405.560	n	12.4029	3.69566	18.904	31.6960
1399658405.622	n	12.4030	3.69566	18.878	31.6958
1399658405.685	n	12.4031	3.69565	18.854	31.6957
1399658405.749	n	12.4032	3.69565	18.830	31.6956
1399658405.974	y	12.4033	3.69564	18.805	31.6955
1399658405.982	n	12.4034	3.69565	18.781	31.6955
1399658405.989	n	12.4036	3.69565	18.756	31.6954
1399658405.999	n	12.4038	3.69566	18.734	31.6953
1399658406.061	n	12.4040	3.69567	18.709	31.6952
1399658406.123	n	12.4041	3.69566	18.684	31.6950
1399658406.186	n	12.4042	3.69565	18.663	31.6948
1399658406.247	n	12.4044	3.69563	18.637	31.6945
1399658406.310	n	12.4045	3.69562	18.612	31.6943
1399658406.372	n	12.4047	3.69562	18.593	31.6942
1399658406.435	n	12.4048	3.69563	18.571	31.6942
1399658406.499	n	12.4049	3.69565	18.545	31.6942
1399658406.561	y	12.4051	3.69566	18.519	31.6943
1399658406.623	n	12.4052	3.69566	18.500	31.6942
1399658406.686	n	12.4053	3.69566	18.479	31.6940
1399658406.747	n	12.4055	3.69565	18.457	31.6939
1399658406.811	n	12.4057	3.69565	18.432	31.6936
1399658406.873	n	12.4059	3.69565	18.413	31.6935
1399658406.936	n	12.4061	3.69565	18.388	31.6934
1399658406.999	n	12.4062	3.69565	18.368	31.6933
1399658407.060	n	12.4063	3.69565	18.347	31.6932
1399658407.123	n	12.4064	3.69565	18.327	31.6931
1399658407.185	n	12.4065	3.69565	18.304	31.6930
1399658407.250	n	12.4067	3.69564	18.287	31.6928
1399658407.310	n	12.4068	3.69563	18.269	31.6926
1399658407.373	n	12.4070	3.69562	18.248	31.6923
1399658407.436	n	12.4071	3.69560	18.228	31.6921
1399658407.499	n	12.4073	3.69560	18.209	31.6919
1399658407.561	n	12.4074	3.69560	18.189	31.6919
1399658407.622	n	12.4075	3.69561	18.170	31.6918
1399658407.687	n	12.4077	3.69561	18.153	31.6917
1399658407.748	n	12.4079	3.69561	18.129	31.6916
1399658407.811	n	12.4080	3.69561	18.108	31.6915
1399658407.873	n	12.4081	3.69561	18.090	31.6914
1399658407.936	n	12.4082	3.69561	18.070	31.6913
1399658407.999	n	12.4084	3.69561	18.052	31.6912
1399658408.060	n	12.4085	3.69561	18.035	31.6911
1399658408.122	n	12.4086	3.69562	18.013	31.6911
1399658408.186	n	12.4087	3.69562	17.993	31.6911
1399658408.251	n	12.4088	3.69563	17.976	31.6911
1399658408.310	n	12.4089	3.69563	17.959	31.6910
1399658408.373	n	12.4090	3.69562	17.937	31.6908
1399658408.437	n	12.4091	3.69561	17.921	31.6906
1399658408.499	n	12.4092	3.69560	17.902	31.6905
1399658408.560	n	12.4093	3.69560	17.882	31.6904
1399658408.622	n	12.4094	3.69561	17.862	31.6904
1399658408.685	n	12.4094	3.69561	17.843	31.6904
1399658408.747	n	12.4095	3.69561	17.827	31.6904
1399658408.811	n	12.4095	3.69560	17.808	31.6902
1399658408.873	n	12.4096	3.69559	17.788	31.6901
1399658408.938	n	12.4097	3.69559	17.769	31.6900
1399658408.998	n	12.4098	3.69559	17.750	31.6899
1399658409.061	n	12.4099	3.69559	17.734	31.6898
1399658409.124	n	12.4100	3.69559	17.714	31.6897
1399658409.186	n	12.4101	3.69559	17.697	31.6897
1399658409.250	n	12.4102	3.69559	17.678	31.6896
1399658409.310	n	12.4103	3.69560	17.660	31.6896
1399658409.373	n	12.4103	3.69559	17.640	31.6895
1399658409.436	n	12.4103	3.69558	17.626	31.6894
1399658409.498	n	12.4104	3.69556	17.607	31.6892
1399658409.561	n	12.4105	3.69556	17.590	31.6891
1399658409.623	n	12.4106	3.69556	17.571	31.6891
1399658409.686	n	12.4106	3.69558	17.553	31.6892
1399658409.748	n	12.4107	3.69559	17.534	31.6893
1399658409.810	n	12.4108	3.69560	17.516	31.6893
1399658409.872	n	12.4108	3.69560	17.500	31.6892
1399658409.935	n	12.4109	3.69559	17.483	31.6891
1399658409.997	n	12.4110	3.69558	17.462	31.6889
1399658410.180	y	12.4110	3.69556	17.445	31.6888
1399658410.186	n	12.4111	3.69555	17.429	31.6886
1399658410.192	n	12.4112	3.69555	17.410	31.6885
1399658410.308	y	12.4113	3.69555	17.391	31.6885
1399658410.315	n	12.4114	3.69556	17.370	31.6885
1399658410.373	n	12.4114	3.69558	17.351	31.6886
1399658410.436	n	12.4115	3.69559	17.332	31.6886
1399658410.502	n	12.4115	3.69559	17.315	31.6886
1399658410.560	n	12.4116	3.69558	17.299	31.6885
1399658410.623	n	12.4116	3.69556	17.278	31.6883
1399658410.686	n	12.4117	3.69555	17.257	31.6881
1399658410.747	n	12.4118	3.69554	17.238	31.6880
1399658410.810	n	12.4119	3.69555	17.217	31.6880
1399658410.874	n	12.4120	3.69556	17.197	31.6880
1399658410.935	n	12.4121	3.69557	17.178	31.6880
1399658410.999	n	12.4122	3.69558	17.159	31.6880
1399658411.062	n	12.4124	3.69557	17.139	31.6879
1399658411.124	n	12.4125	3.69557	17.119	31.6877
1399658411.186	n	12.4127	3.69556	17.099	31.6875
1399658411.250	n	12.4128	3.69556	17.084	31.6874
1399658411.310	n	12.4129	3.69555	17.062	31.6872
1399658411.372	n	12.4130	3.69555	17.045	31.6871
1399658411.435	n	12.4132	3.69555	17.029	31.6870
1399658411.502	n	12.4133	3.69556	17.008	31.6870
1399658411.560	n	12.4134	3.69556	16.994	31.6869
1399658411.622	n	12.4136	3.69556	16.973	31.6868
1399658411.685	n	12.4137	3.69555	16.955	31.6865
1399658411.749	n	12.4139	3.69553	16.936	31.6862
1399658411.811	n	12.4140	3.69552	16.916	31.6861
1399658411.874	n	12.4141	3.69552	16.898	31.6860
1399658411.936	n	12.4142	3.69553	16.883	31.6859
1399658411.997	n	12.4144	3.69554	16.861	31.6859
1399658412.060	n	12.4146	3.69555	16.841	31.6859
1399658412.122	n	12.4148	3.69556	16.828	31.6858
1399658412.187	n	12.4149	3.69556	16.809	31.6857
1399658412.251	n	12.4151	3.69556	16.791	31.6856
1399658412.310	n	12.4152	3.69555	16.774	31.6854
1399658412.373	n	12.4153	3.69555	16.755	31.6852
1399658412.437	n	12.4155	3.69554	16.738	31.6850
1399658412.498	n	12.4158	3.69553	16.724	31.6848
1399658412.561	n	12.4160	3.69553	16.703	31.6846
1399658412.623	n	12.4162	3.69553	16.685	31.6844
1399658412.686	n	12.4163	3.69554	16.662	31.6844
1399658412.748	n	12.4164	3.69555	16.649	31.6844
1399658412.811	n	12.4165	3.69554	16.633	31.6842
1399658412.874	n	12.4167	3.69553	16.613	31.6840
1399658412.935	n	12.4169	3.69552	16.597	31.6837
1399658412.999	n	12.4170	3.69550	16.583	31.6835
1399658413.060	n	12.4171	3.69550	16.566	31.6833
1399658413.123	n	12.4173	3.69550	16.550	31.6833
1399658413.185	n	12.4174	3.69552	16.530	31.6833
1399658413.249	n	12.4175	3.69553	16.515	31.6833
1399658413.310	n	12.4177	3.69553	16.498	31.6833
1399658413.373	n	12.4179	3.69553	16.482	31.6831
1399658413.437	n	12.4180	3.69552	16.465	31.6828
1399658413.498	n	12.4182	3.69551	16.451	31.6826
1399658413.561	n	12.4184	3.69551	16.438	31.6825
1399658413.623	n	12.4185	3.69551	16.421	31.6824
1399658413.685	n	12.4187	3.69551	16.404	31.6822
1399658413.748	n	12.4188	3.69551	16.386	31.6821
1399658413.813	y	12.4189	3.69551	16.373	31.6820
1399658413.873	n	12.4190	3.69551	16.359	31.6820
1399658413.937	n	12.4191	3.69551	16.343	31.6819
1399658413.998	n	12.4192	3.69551	16.327	31.6817
1399658414.062	n	12.4194	3.69550	16.311	31.6816
1399658414.122	n	12.4195	3.69550	16.293	31.6814
1399658414.186	n	12.4197	3.69549	16.275	31.6812
1399658414.249	n	12.4198	3.69549	16.263	31.6811
1399658414.470	y	12.4199	3.69549	16.248	31.6810
1399658414.481	n	12.4200	3.69549	16.227	31.6810
1399658414.487	n	12.4201	3.69550	16.219	31.6810
1399658414.498	n	12.4202	3.69551	16.199	31.6810
1399658414.560	n	12.4204	3.69551	16.181	31.6808
1399658414.623	n	12.4206	3.69551	16.165	31.6807
1399658414.685	n	12.4207	3.69551	16.149	31.6805
1399658414.750	n	12.4209	3.69550	16.138	31.6803
1399658414.810	n	12.4211	3.69550	16.122	31.6802
1399658414.873	n	12.4213	3.69550	16.105	31.6800
1399658414.936	n	12.4216	3.69550	16.093	31.6798
1399658414.999	n	12.4218	3.69550	16.081	31.6796
1399658415.061	n	12.4220	3.69550	16.066	31.6794
1399658415.123	n	12.4223	3.69550	16.052	31.6792
1399658415.186	n	12.4226	3.69548	16.034	31.6788
1399658415.250	n	12.4229	3.69548	16.019	31.6785
1399658415.310	n	12.4232	3.69547	16.004	31.6782
1399658415.374	n	12.4235	3.69547	15.990	31.6779
1399658415.435	n	12.4239	3.69547	15.975	31.6777
1399658415.498	n	12.4242	3.69548	15.959	31.6774
1399658415.560	n	12.4247	3.69549	15.943	31.6771
1399658415.622	n	12.4251	3.69550	15.925	31.6769
1399658415.687	n	12.4255	3.69551	15.910	31.6766
1399658415.750	n	12.4260	3.69551	15.897	31.6762
1399658415.811	n	12.4264	3.69550	15.886	31.6758
1399658415.874	n	12.4269	3.69549	15.867	31.6753
1399658415.936	n	12.4274	3.69549	15.850	31.6749
1399658415.999	n	12.4278	3.69548	15.833	31.6744
1399658416.060	n	12.4283	3.69548	15.810	31.6741
1399658416.124	n	12.4288	3.69549	15.799	31.6738
1399658416.187	n	12.4293	3.69550	15.783	31.6734
1399658416.249	n	12.4298	3.69550	15.769	31.6730
1399658416.310	n	12.4303	3.69550	15.751	31.6725
1399658416.373	n	12.4309	3.69549	15.733	31.6719
1399658416.435	n	12.4315	3.69548	15.715	31.6714
1399658416.499	n	12.4321	3.69548	15.698	31.6709
1399658416.561	n	12.4327	3.69549	15.678	31.6705
1399658416.623	n	12.4333	3.69550	15.664	31.6701
1399658416.686	n	12.4339	3.69551	15.647	31.6697
1399658416.748	n	12.4344	3.69551	15.628	31.6693
1399658416.810	n	12.4351	3.69551	15.611	31.6687
1399658416.873	n	12.4357	3.69551	15.592	31.6682
1399658416.936	n	12.4363	3.69551	15.572	31.6677
1399658417.000	n	12.4369	3.69551	15.558	31.6672
1399658417.061	n	12.4376	3.69550	15.542	31.6665
1399658417.124	n	12.4383	3.69548	15.527	31.6657
1399658417.187	n	12.4391	3.69547	15.503	31.6650
1399658417.249	n	12.4398	3.69547	15.486	31.6644
1399658417.310	n	12.4404	3.69549	15.470	31.6640
1399658417.373	n	12.4411	3.69550	15.452	31.6636
1399658417.435	n	12.4417	3.69550	15.434	31.6631
1399658417.499	y	12.4424	3.69550	15.413	31.6626
1399658417.561	n	12.4430	3.69550	15.395	31.6620
1399658417.624	n	12.4437	3.69549	15.376	31.6614
1399658417.686	n	12.4444	3.69549	15.354	31.6608
1399658417.749	n	12.4450	3.69548	15.336	31.6602
1399658417.811	n	12.4457	3.69548	15.317	31.6596
1399658417.874	n	12.4464	3.69549	15.296	31.6590
1399658417.935	n	12.4471	3.69549	15.276	31.6585
1399658418.000	n	12.4477	3.69550	15.255	31.6581
1399658418.061	n	12.4484	3.69551	15.234	31.6576
1399658418.123	n	12.4491	3.69551	15.214	31.6571
1399658418.185	n	12.4498	3.69551	15.196	31.6565
1399658418.249	n	12.4505	3.69551	15.172	31.6559
1399658418.311	n	12.4511	3.69549	15.148	31.6552
1399658418.373	n	12.4518	3.69548	15.130	31.6545
1399658418.437	n	12.4525	3.69548	15.108	31.6540
1399658418.498	n	12.4532	3.69548	15.086	31.6534
1399658418.693	y	12.4539	3.69549	15.068	31.6529
1399658418.699	n	12.4546	3.69550	15.042	31.6524
1399658418.704	n	12.4552	3.69550	15.020	31.6519
1399658418.750	n	12.4558	3.69550	14.999	31.6514
1399658418.810	n	12.4564	3.69550	14.976	31.6509
1399658418.873	n	12.4570	3.69548	14.953	31.6502
1399658418.937	n	12.4576	3.69548	14.933	31.6497
1399658418.999	n	12.4583	3.69548	14.913	31.6491
1399658419.061	n	12.4589	3.69549	14.888	31.6487
1399658419.124	n	12.4595	3.69549	14.860	31.6482
1399658419.186	n	12.4601	3.69549	14.841	31.6477
1399658419.247	n	12.4607	3.69548	14.814	31.6471
1399658419.311	n	12.4613	3.69548	14.792	31.6467
1399658419.374	n	12.4619	3.69548	14.768	31.6462
1399658419.437	n	12.4625	3.69548	14.745	31.6457
1399658419.498	n	12.4630	3.69548	14.726	31.6453
1399658419.560	n	12.4635	3.69548	14.701	31.6448
1399658419.622	n	12.4641	3.69547	14.675	31.6443
1399658419.686	n	12.4646	3.69547	14.652	31.6439
1399658419.748	n	12.4651	3.69547	14.629	31.6434
1399658419.811	n	12.4657	3.69547	14.610	31.6429
1399658419.874	n	12.4662	3.69547	14.584	31.6425
1399658419.936	n	12.4668	3.69548	14.562	31.6421
1399658419.997	n	12.4672	3.69547	14.539	31.6416
1399658420.060	n	12.4677	3.69547	14.517	31.6412
1399658420.123	n	12.4682	3.69546	14.492	31.6408
1399658420.186	n	12.4687	3.69547	14.468	31.6404
1399658420.251	n	12.4692	3.69547	14.441	31.6400
1399658420.311	n	12.4698	3.69548	14.416	31.6396
1399658420.372	n	12.4703	3.69548	14.394	31.6392
1399658420.496	y	12.4707	3.69548	14.371	31.6388
1399658420.504	n	12.4712	3.69548	14.345	31.6385
1399658420.561	n	12.4716	3.69547	14.324	31.6381
1399658420.623	n	12.4720	3.69546	14.300	31.6377
1399658420.687	n	12.4725	3.69545	14.279	31.6371
1399658420.748	n	12.4729	3.69544	14.258	31.6367
1399658420.811	n	12.4734	3.69544	14.232	31.6363
1399658420.873	n	12.4737	3.69545	14.209	31.6361
1399658420.936	n	12.4740	3.69545	14.185	31.6359
1399658420.999	n	12.4744	3.69546	14.166	31.6356
1399658421.062	n	12.4748	3.69545	14.145	31.6353
1399658421.122	n	12.4752	3.69544	14.124	31.6349
1399658421.186	n	12.4756	3.69544	14.101	31.6345
1399658421.249	y	12.4760	3.69543	14.078	31.6341
1399658421.310	n	12.4763	3.69542	14.058	31.6337
1399658421.373	n	12.4767	3.69542	14.036	31.6334
1399658421.435	n	12.4770	3.69543	14.016	31.6332
1399658421.500	n	12.4773	3.69544	13.994	31.6332
1399658421.560	n	12.4776	3.69545	13.976	31.6330
1399658421.624	n	12.4779	3.69545	13.956	31.6327
1399658421.685	n	12.4781	3.69544	13.936	31.6324
1399658421.749	n	12.4784	3.69544	13.919	31.6322
1399658421.810	n	12.4787	3.69543	13.897	31.6319
1399658421.872	n	12.4789	3.69543	13.880	31.6317
1399658421.937	n	12.4792	3.69542	13.863	31.6314
1399658421.998	n	12.4794	3.69541	13.840	31.6312
1399658422.061	n	12.4797	3.69541	13.823	31.6309
1399658422.123	n	12.4799	3.69542	13.806	31.6308
1399658422.187	n	12.4802	3.69543	13.786	31.6307
1399658422.249	n	12.4804	3.69544	13.769	31.6306
1399658422.310	n	12.4807	3.69545	13.754	31.6304
1399658422.373	n	12.4809	3.69544	13.733	31.6302
1399658422.436	n	12.4811	3.69543	13.719	31.6299
1399658422.499	n	12.4814	3.69541	13.705	31.6295
1399658422.562	n	12.4816	3.69541	13.687	31.6293
1399658422.623	n	12.4818	3.69541	13.667	31.6292
1399658422.686	n	12.4820	3.69541	13.652	31.6290
1399658422.748	n	12.4822	3.69541	13.632	31.6289
1399658422.978	y	12.4824	3.69542	13.619	31.6287
1399658422.986	n	12.4826	3.69542	13.602	31.6286
1399658422.992	n	12.4828	3.69542	13.587	31.6285
1399658423.000	n	12.4830	3.69542	13.571	31.6283
1399658423.060	n	12.4832	3.69541	13.555	31.6281
1399658423.123	n	12.4834	3.69541	13.539	31.6278
1399658423.186	n	12.4836	3.69540	13.523	31.6275
1399658423.249	n	12.4838	3.69539	13.506	31.6274
1399658423.311	n	12.4840	3.69540	13.492	31.6273
1399658423.373	n	12.4841	3.69541	13.475	31.6273
1399658423.436	n	12.4843	3.69542	13.462	31.6273
1399658423.498	n	12.4844	3.69542	13.447	31.6271
1399658423.561	n	12.4846	3.69541	13.431	31.6269
1399658423.622	n	12.4848	3.69541	13.418	31.6267
1399658423.685	n	12.4850	3.69540	13.400	31.6265
1399658423.749	n	12.4852	3.69540	13.391	31.6263
1399658423.810	n	12.4854	3.69541	13.374	31.6262
1399658423.874	n	12.4857	3.69540	13.356	31.6260
1399658423.937	n	12.4859	3.69539	13.346	31.6257
1399658423.999	n	12.4860	3.69539	13.329	31.6256
1399658424.061	n	12.4862	3.69540	13.310	31.6255
1399658424.124	n	12.4864	3.69540	13.297	31.6254
1399658424.185	n	12.4866	3.69541	13.285	31.6253
1399658424.250	n	12.4869	3.69540	13.272	31.6250
1399658424.310	n	12.4871	3.69539	13.257	31.6247
1399658424.374	n	12.4873	3.69538	13.242	31.6244
1399658424.437	n	12.4875	3.69537	13.225	31.6242
1399658424.498	n	12.4878	3.69537	13.211	31.6240
1399658424.560	n	12.4880	3.69538	13.195	31.6238
1399658424.622	n	12.4882	3.69538	13.182	31.6236
1399658424.686	n	12.4885	3.69538	13.168	31.6234
1399658424.750	n	12.4888	3.69538	13.152	31.6232
1399658424.810	y	12.4891	3.69538	13.135	31.6229
1399658424.874	n	12.4893	3.69538	13.121	31.6227
1399658424.935	n	12.4895	3.69537	13.106	31.6225
1399658424.998	n	12.4898	3.69537	13.093	31.6223
1399658425.060	n	12.4900	3.69537	13.080	31.6221
1399658425.124	n	12.4902	3.69538	13.064	31.6220
1399658425.186	n	12.4905	3.69539	13.047	31.6219
1399658425.249	n	12.4908	3.69540	13.035	31.6218
1399658425.310	n	12.4910	3.69539	13.019	31.6215
1399658425.374	n	12.4913	3.69538	13.003	31.6211
1399658425.437	n	12.4915	3.69537	12.987	31.6208
1399658425.497	n	12.4918	3.69536	12.969	31.6206
1399658425.561	n	12.4920	3.69536	12.953	31.6204
1399658425.624	n	12.4922	3.69535	12.934	31.6201
1399658425.687	n	12.4924	3.69535	12.919	31.6199
1399658425.749	n	12.4927	3.69534	12.903	31.6197
1399658425.811	n	12.4929	3.69534	12.883	31.6195
1399658425.873	n	12.4931	3.69535	12.865	31.6194
1399658425.936	n	12.4933	3.69536	12.847	31.6194
1399658425.997	n	12.4934	3.69537	12.830	31.6194
1399658426.060	n	12.4935	3.69538	12.812	31.6194
1399658426.123	n	12.4937	3.69537	12.796	31.6191
1399658426.185	n	12.4938	3.69536	12.776	31.6189
1399658426.249	n	12.4940	3.69535	12.759	31.6187
1399658426.310	n	12.4942	3.69534	12.738	31.6185
1399658426.374	n	12.4943	3.69535	12.716	31.6185
1399658426.436	n	12.4943	3.69536	12.694	31.6185
1399658426.499	n	12.4944	3.69535	12.676	31.6184
1399658426.561	n	12.4945	3.69535	12.660	31.6183
1399658426.624	n	12.4946	3.69535	12.641	31.6183
1399658426.687	n	12.4947	3.69535	12.616	31.6181
1399658426.748	n	12.4948	3.69534	12.595	31.6180
1399658426.812	n	12.4949	3.69534	12.577	31.6179
1399658426.873	n	12.4950	3.69534	12.557	31.6179
1399658426.936	n	12.4951	3.69534	12.538	31.6178
1399658426.999	n	12.4951	3.69534	12.517	31.6178
1399658427.181	y	12.4952	3.69533	12.496	31.6176
1399658427.187	n	12.4952	3.69533	12.476	31.6175
1399658427.192	n	12.4953	3.69532	12.452	31.6174
1399658427.250	n	12.4955	3.69533	12.431	31.6174
1399658427.311	n	12.4956	3.69534	12.411	31.6174
1399658427.374	n	12.4956	3.69535	12.388	31.6175
1399658427.437	n	12.4956	3.69534	12.368	31.6174
1399658427.498	n	12.4957	3.69533	12.344	31.6172
1399658427.560	n	12.4958	3.69532	12.325	31.6171
1399658427.624	n	12.4959	3.69532	12.301	31.6170
1399658427.687	n	12.4960	3.69534	12.284	31.6171
1399658427.750	n	12.4961	3.69534	12.263	31.6171
1399658427.812	n	12.4962	3.69534	12.242	31.6170
1399658427.874	n	12.4962	3.69533	12.219	31.6169
1399658427.937	n	12.4963	3.69533	12.195	31.6168
1399658427.998	n	12.4963	3.69531	12.173	31.6166
1399658428.061	n	12.4964	3.69531	12.155	31.6165
1399658428.123	n	12.4965	3.69530	12.133	31.6164
1399658428.187	n	12.4966	3.69529	12.109	31.6162
1399658428.248	n	12.4967	3.69530	12.091	31.6162
1399658428.311	n	12.4969	3.69530	12.071	31.6161
1399658428.373	n	12.4971	3.69531	12.047	31.6160
1399658428.437	n	12.4974	3.69532	12.023	31.6159
1399658428.523	y	12.4976	3.69533	12.004	31.6157
1399658428.561	n	12.4980	3.69533	11.982	31.6154
1399658428.624	n	12.4984	3.69532	11.961	31.6150
1399658428.687	n	12.4990	3.69532	11.938	31.6145
1399658428.749	n	12.4997	3.69532	11.923	31.6140
1399658428.811	n	12.5004	3.69532	11.901	31.6133
1399658428.873	n	12.5012	3.69531	11.880	31.6126
1399658428.936	n	12.5021	3.69531	11.859	31.6118
1399658429.000	n	12.5031	3.69530	11.840	31.6110
1399658429.061	n	12.5041	3.69532	11.818	31.6103
1399658429.124	n	12.5051	3.69534	11.793	31.6096
1399658429.186	n	12.5063	3.69535	11.773	31.6087
1399658429.249	n	12.5075	3.69535	11.753	31.6077
1399658429.310	n	12.5087	3.69534	11.735	31.6067
1399658429.372	n	12.5099	3.69533	11.715	31.6055
1399658429.436	n	12.5111	3.69531	11.695	31.6044
1399658429.499	n	12.5123	3.69531	11.674	31.6033
1399658429.561	n	12.5135	3.69531	11.655	31.6024
1399658429.622	n	12.5147	3.69533	11.636	31.6015
1399658429.687	n	12.5159	3.69534	11.615	31.6006
1399658429.749	n	12.5171	3.69535	11.594	31.5997
1399658429.811	n	12.5184	3.69535	11.576	31.5987
1399658429.873	n	12.5196	3.69536	11.557	31.5977
1399658429.937	n	12.5209	3.69536	11.543	31.5967
1399658429.999	n	12.5221	3.69536	11.526	31.5956
1399658430.060	n	12.5233	3.69536	11.504	31.5946
1399658430.124	n	12.5246	3.69535	11.484	31.5935
1399658430.185	n	12.5257	3.69535	11.466	31.5925
1399658430.248	n	12.5269	3.69535	11.449	31.5916
1399658430.310	n	12.5280	3.69535	11.429	31.5907
1399658430.374	n	12.5292	3.69537	11.412	31.5898
1399658430.436	n	12.5303	3.69538	11.395	31.5890
1399658430.500	n	12.5314	3.69538	11.375	31.5881
1399658430.561	n	12.5326	3.69538	11.358	31.5871
1399658430.623	n	12.5336	3.69536	11.338	31.5860
1399658430.685	n	12.5347	3.69535	11.319	31.5850
1399658430.748	n	12.5358	3.69535	11.303	31.5842
1399658430.810	n	12.5368	3.69537	11.284	31.5835
1399658430.874	n	12.5379	3.69539	11.271	31.5828
1399658430.936	n	12.5389	3.69540	11.254	31.5820
1399658430.999	n	12.5400	3.69540	11.236	31.5811
1399658431.061	n	12.5411	3.69539	11.220	31.5801
1399658431.123	n	12.5422	3.69538	11.204	31.5791
1399658431.186	n	12.5433	3.69538	11.189	31.5782
1399658431.250	n	12.5443	3.69537	11.171	31.5773
1399658431.429	y	12.5454	3.69537	11.155	31.5763
1399658431.436	n	12.5464	3.69537	11.135	31.5755
1399658431.441	n	12.5475	3.69536	11.119	31.5746
1399658431.498	n	12.5485	3.69537	11.100	31.5737
1399658431.561	n	12.5496	3.69538	11.081	31.5730
1399658431.624	n	12.5506	3.69538	11.064	31.5721
1399658431.687	n	12.5516	3.69538	11.051	31.5713
1399658431.748	n	12.5526	3.69539	11.035	31.5705
1399658431.810	n	12.5535	3.69539	11.015	31.5697
1399658431.874	n	12.5545	3.69538	10.998	31.5688
1399658431.935	n	12.5555	3.69537	10.980	31.5679
1399658431.999	n	12.5566	3.69536	10.960	31.5670
1399658432.061	n	12.5576	3.69536	10.940	31.5661
1399658432.123	n	12.5586	3.69537	10.925	31.5653
1399658432.187	y	12.5596	3.69538	10.907	31.5646
1399658432.249	n	12.5604	3.69539	10.888	31.5641
1399658432.311	n	12.5612	3.69541	10.869	31.5636
1399658432.373	n	12.5620	3.69542	10.849	31.5631
1399658432.436	n	12.5628	3.69542	10.834	31.5624
1399658432.497	n	12.5635	3.69542	10.813	31.5617
1399658432.561	n	12.5643	3.69540	10.794	31.5609
1399658432.623	n	12.5651	3.69538	10.777	31.5601
1399658432.687	n	12.5658	3.69538	10.758	31.5595
1399658432.749	n	12.5664	3.69538	10.738	31.5589
1399658432.810	n	12.5671	3.69538	10.718	31.5584
1399658432.873	n	12.5677	3.69538	10.698	31.5580
1399658432.936	n	12.5682	3.69539	10.680	31.5576
1399658432.998	n	12.5688	3.69540	10.661	31.5572
1399658433.061	n	12.5693	3.69540	10.640	31.5568
1399658433.123	n	12.5698	3.69540	10.619	31.5564
1399658433.185	n	12.5704	3.69540	10.602	31.5559
1399658433.250	n	12.5709	3.69540	10.584	31.5555
1399658433.311	n	12.5713	3.69539	10.568	31.5550
1399658433.373	n	12.5717	3.69539	10.547	31.5547
1399658433.436	n	12.5721	3.69539	10.524	31.5543
1399658433.499	n	12.5726	3.69539	10.505	31.5540
1399658433.561	n	12.5730	3.69539	10.487	31.5537
1399658433.623	n	12.5733	3.69540	10.469	31.5534
1399658433.685	n	12.5737	3.69539	10.445	31.5531
1399658433.749	n	12.5740	3.69539	10.425	31.5528
1399658433.810	n	12.5744	3.69539	10.409	31.5525
1399658433.874	n	12.5747	3.69538	10.391	31.5522
1399658433.938	n	12.5751	3.69538	10.373	31.5519
1399658433.999	n	12.5754	3.69538	10.357	31.5516
1399658434.061	n	12.5756	3.69537	10.336	31.5513
1399658434.124	n	12.5759	3.69537	10.316	31.5511
1399658434.186	n	12.5761	3.69537	10.297	31.5510
1399658434.248	n	12.5763	3.69539	10.276	31.5509
1399658434.310	n	12.5766	3.69540	10.256	31.5508
1399658434.373	n	12.5768	3.69540	10.237	31.5506
1399658434.436	n	12.5771	3.69538	10.218	31.5502
1399658434.498	n	12.5774	3.69537	10.202	31.5499
1399658434.561	n	12.5777	3.69536	10.179	31.5496
1399658434.624	n	12.5779	3.69536	10.157	31.5493
1399658434.685	n	12.5782	3.69536	10.141	31.5491
1399658434.749	n	12.5784	3.69536	10.122	31.5490
1399658434.811	n	12.5787	3.69537	10.103	31.5488
1399658434.873	n	12.5790	3.69538	10.082	31.5487
1399658434.937	n	12.5792	3.69538	10.062	31.5485
1399658434.998	n	12.5795	3.69538	10.045	31.5482
1399658435.060	n	12.5797	3.69536	10.027	31.5479
1399658435.123	n	12.5800	3.69535	10.006	31.5476
1399658435.185	n	12.5802	3.69534	9.990	31.5473
1399658435.249	n	12.5805	3.69534	9.971	31.5471
1399658435.312	n	12.5807	3.69533	9.955	31.5468
1399658435.372	n	12.5809	3.69533	9.937	31.5466
1399658435.437	n	12.5812	3.69533	9.919	31.5465
1399658435.498	n	12.5814	3.69535	9.899	31.5464
1399658435.699	y	12.5817	3.69537	9.883	31.5464
1399658435.706	n	12.5820	3.69538	9.867	31.5462
1399658435.717	n	12.5823	3.69539	9.849	31.5461
1399658435.758	y	12.5826	3.69538	9.832	31.5458
1399658435.811	n	12.5828	3.69536	9.818	31.5454
1399658435.930	y	12.5831	3.69536	9.802	31.5452
1399658435.936	n	12.5833	3.69536	9.783	31.5450
1399658435.997	n	12.5835	3.69537	9.767	31.5449
1399658436.060	n	12.5837	3.69538	9.750	31.5448
1399658436.124	n	12.5839	3.69538	9.733	31.5447
1399658436.186	n	12.5842	3.69538	9.715	31.5445
1399658436.250	n	12.5844	3.69538	9.701	31.5443
1399658436.312	n	12.5846	3.69538	9.679	31.5442
1399658436.374	n	12.5848	3.69538	9.663	31.5440
1399658436.435	n	12.5850	3.69537	9.645	31.5438
1399658436.499	n	12.5851	3.69536	9.628	31.5436
1399658436.561	n	12.5854	3.69536	9.607	31.5434
1399658436.623	n	12.5856	3.69536	9.588	31.5432
1399658436.685	n	12.5857	3.69537	9.571	31.5431
1399658436.748	n	12.5859	3.69537	9.554	31.5430
1399658436.810	n	12.5860	3.69536	9.535	31.5428
1399658436.874	n	12.5862	3.69535	9.515	31.5426
1399658436.935	n	12.5864	3.69534	9.495	31.5424
1399658436.998	n	12.5865	3.69534	9.480	31.5423
1399658437.061	n	12.5866	3.69535	9.463	31.5423
1399658437.123	n	12.5867	3.69536	9.440	31.5423
1399658437.185	n	12.5868	3.69537	9.424	31.5423
1399658437.250	n	12.5869	3.69538	9.407	31.5423
1399658437.311	n	12.5870	3.69538	9.388	31.5423
1399658437.374	n	12.5870	3.69538	9.371	31.5422
1399658437.436	n	12.5870	3.69538	9.354	31.5422
1399658437.500	n	12.5870	3.69538	9.333	31.5422
1399658437.561	n	12.5871	3.69538	9.320	31.5422
1399658437.623	n	12.5872	3.69539	9.301	31.5422
1399658437.687	n	12.5873	3.69539	9.283	31.5422
1399658437.750	n	12.5875	3.69540	9.267	31.5420
1399658437.811	n	12.5878	3.69541	9.247	31.5419
1399658437.873	n	12.5882	3.69540	9.231	31.5415
1399658437.935	n	12.5889	3.69539	9.215	31.5409
1399658437.998	n	12.5898	3.69540	9.196	31.5401
1399658438.060	n	12.5910	3.69540	9.178	31.5392
1399658438.123	n	12.5923	3.69541	9.161	31.5381
1399658438.187	n	12.5938	3.69543	9.148	31.5371
1399658438.250	n	12.5954	3.69543	9.128	31.5358
1399658438.311	n	12.5971	3.69544	9.112	31.5345
1399658438.374	n	12.5988	3.69545	9.093	31.5331
1399658438.435	n	12.6006	3.69545	9.075	31.5317
1399658438.497	n	12.6024	3.69544	9.060	31.5301
1399658438.561	n	12.6042	3.69545	9.044	31.5287
1399658438.623	n	12.6059	3.69545	9.025	31.5273
1399658438.687	n	12.6076	3.69547	9.009	31.5260
1399658438.748	n	12.6093	3.69549	8.987	31.5248
1399658438.810	n	12.6110	3.69552	8.969	31.5236
1399658438.875	n	12.6126	3.69552	8.955	31.5224
1399658438.937	n	12.6143	3.69552	8.941	31.5210
1399658438.999	n	12.6159	3.69551	8.920	31.5195
1399658439.060	n	12.6176	3.69551	8.901	31.5181
1399658439.124	n	12.6192	3.69552	8.889	31.5168
1399658439.187	n	12.6209	3.69553	8.871	31.5156
1399658439.249	n	12.6225	3.69554	8.853	31.5143
1399658439.311	n	12.6242	3.69555	8.836	31.5129
1399658439.373	n	12.6258	3.69555	8.819	31.5116
1399658439.500	y	12.6275	3.69555	8.804	31.5102
1399658439.508	n	12.6291	3.69556	8.786	31.5090
1399658439.560	n	12.6307	3.69558	8.770	31.5078
1399658439.623	n	12.6323	3.69558	8.754	31.5065
1399658439.685	n	12.6339	3.69558	8.735	31.5051
1399658439.748	n	12.6356	3.69558	8.716	31.5037
1399658439.951	y	12.6373	3.69558	8.697	31.5024
1399658439.958	n	12.6389	3.69559	8.678	31.5011
1399658439.966	n	12.6406	3.69561	8.662	31.4999
1399658439.997	n	12.6423	3.69561	8.648	31.4985
1399658440.061	n	12.6440	3.69561	8.632	31.4971
1399658440.124	n	12.6456	3.69560	8.612	31.4956
1399658440.186	n	12.6471	3.69560	8.594	31.4943
1399658440.248	n	12.6487	3.69561	8.575	31.4931
1399658440.312	n	12.6502	3.69561	8.554	31.4919
1399658440.373	n	12.6518	3.69562	8.538	31.4907
1399658440.437	n	12.6535	3.69564	8.519	31.4895
1399658440.498	n	12.6551	3.69566	8.504	31.4882
1399658440.562	n	12.6568	3.69567	8.488	31.4870
1399658440.623	n	12.6584	3.69567	8.469	31.4857
1399658440.686	n	12.6599	3.69567	8.451	31.4844
1399658440.751	n	12.6615	3.69567	8.432	31.4830
1399658440.810	n	12.6631	3.69567	8.409	31.4818
1399658440.874	n	12.6645	3.69567	8.392	31.4805
1399658440.936	n	12.6660	3.69567	8.374	31.4793
1399658440.998	n	12.6675	3.69567	8.357	31.4781
1399658441.061	n	12.6689	3.69568	8.339	31.4770
1399658441.124	n	12.6704	3.69570	8.313	31.4759
1399658441.187	n	12.6718	3.69571	8.293	31.4749
1399658441.249	n	12.6733	3.69573	8.273	31.4739
1399658441.310	n	12.6747	3.69574	8.253	31.4728
1399658441.373	n	12.6762	3.69575	8.233	31.4717
1399658441.437	n	12.6777	3.69576	8.208	31.4705
1399658441.499	n	12.6793	3.69576	8.188	31.4692
1399658441.560	n	12.6808	3.69575	8.168	31.4678
1399658441.623	n	12.6824	3.69575	8.146	31.4666
1399658441.687	n	12.6840	3.69576	8.122	31.4653
1399658441.748	y	12.6857	3.69578	8.099	31.4640
1399658441.811	n	12.6875	3.69579	8.079	31.4627
1399658441.873	n	12.6893	3.69580	8.057	31.4613
1399658441.936	n	12.6911	3.69581	8.031	31.4598
1399658441.999	n	12.6929	3.69582	8.009	31.4584
1399658442.061	n	12.6948	3.69582	7.989	31.4569
1399658442.124	n	12.6967	3.69582	7.967	31.4553
1399658442.187	n	12.6985	3.69583	7.945	31.4539
1399658442.249	n	12.7003	3.69583	7.921	31.4524
1399658442.310	n	12.7020	3.69586	7.896	31.4512
1399658442.372	n	12.7037	3.69588	7.877	31.4500
1399658442.437	n	12.7054	3.69590	7.855	31.4488
1399658442.498	n	12.7070	3.69590	7.834	31.4474
1399658442.561	n	12.7087	3.69589	7.808	31.4461
1399658442.624	n	12.7103	3.69588	7.785	31.4447
1399658442.686	n	12.7118	3.69588	7.763	31.4433
1399658442.749	n	12.7133	3.69589	7.740	31.4421
1399658442.812	n	12.7149	3.69590	7.720	31.4410
1399658442.874	n	12.7165	3.69593	7.697	31.4399
1399658442.936	n	12.7183	3.69598	7.676	31.4389
1399658442.997	n	12.7228	3.69598	7.653	31.4352
1399658443.061	n	12.7348	3.69544	7.634	31.4201
1399658443.201	y	12.7559	3.69398	7.614	31.3888
1399658443.208	n	12.7832	3.69174	7.595	31.3449
1399658443.251	n	12.8110	3.68906	7.573	31.2966
1399658443.311	n	12.8330	3.68659	7.555	31.2551
1399658443.373	n	12.8465	3.68492	7.534	31.2282
1399658443.436	n	12.8541	3.68398	7.512	31.2131
1399658443.500	n	12.8584	3.68345	7.491	31.2046
1399658443.561	n	12.8612	3.68308	7.470	31.1987
1399658443.623	n	12.8638	3.68249	7.452	31.1911
1399658443.686	n	12.8669	3.68139	7.429	31.1782
1399658443.748	n	12.8709	3.67986	7.407	31.1604
1399658443.811	n	12.8754	3.67827	7.386	31.1418
1399658443.873	n	12.8794	3.67697	7.364	31.1263
1399658443.936	n	12.8827	3.67609	7.346	31.1153
1399658443.999	n	12.8850	3.67555	7.324	31.1084
1399658444.161	y	12.8866	3.67517	7.301	31.1035
1399658444.167	n	12.8877	3.67485	7.285	31.0996
1399658444.185	n	12.8884	3.67461	7.263	31.0967
1399658444.250	n	12.8892	3.67441	7.245	31.0942
1399658444.311	n	12.8901	3.67413	7.226	31.0908
1399658444.373	n	12.8917	3.67357	7.209	31.0843
1399658444.436	n	12.8938	3.67275	7.189	31.0749
1399658444.500	n	12.8965	3.67180	7.173	31.0637
1399658444.561	n	12.8994	3.67090	7.157	31.0528
1399658444.624	n	12.9021	3.67028	7.141	31.0448
1399658444.685	n	12.9044	3.66998	7.121	31.0401
1399658444.748	n	12.9068	3.66962	7.103	31.0347
1399658444.811	n	12.9094	3.66904	7.088	31.0272
1399658444.873	n	12.9122	3.66828	7.070	31.0178
1399658444.936	n	12.9150	3.66747	7.056	31.0079
1399658444.999	n	12.9172	3.66689	7.035	31.0006
1399658445.060	n	12.9186	3.66657	7.018	30.9964
1399658445.123	n	12.9196	3.66635	7.002	30.9936
1399658445.186	n	12.9198	3.66631	6.983	30.9930
1399658445.250	n	12.9193	3.66643	6.966	30.9946
1399658445.310	n	12.9184	3.66664	6.949	30.9973
1399658445.373	n	12.9178	3.66683	6.931	30.9996
1399658445.435	n	12.9178	3.66686	6.912	30.9999
1399658445.500	n	12.9186	3.66663	6.895	30.9970
1399658445.560	n	12.9200	3.66624	6.874	30.9923
1399658445.623	n	12.9214	3.66582	6.856	30.9872
1399658445.687	n	12.9228	3.66544	6.840	30.9824
1399658445.750	n	12.9240	3.66511	6.820	30.9784
1399658445.811	n	12.9251	3.66484	6.805	30.9750
1399658445.873	n	12.9260	3.66460	6.789	30.9719
1399658445.937	n	12.9269	3.66438	6.769	30.9693
1399658445.998	n	12.9276	3.66425	6.749	30.9675
1399658446.062	n	12.9281	3.66420	6.734	30.9665
1399658446.125	n	12.9284	3.66419	6.716	30.9662
1399658446.187	n	12.9285	3.66419	6.705	30.9662
1399658446.249	n	12.9282	3.66424	6.690	30.9668
1399658446.310	n	12.9278	3.66435	6.672	30.9682
1399658446.373	n	12.9274	3.66446	6.658	30.9696
1399658446.436	n	12.9271	3.66452	6.645	30.9704
1399658446.499	n	12.9272	3.66449	6.631	30.9701
1399658446.561	n	12.9276	3.66439	6.617	30.9688
1399658446.623	n	12.9280	3.66425	6.603	30.9671
1399658446.764	y	12.9285	3.66415	6.590	30.9659
1399658446.770	n	12.9289	3.66410	6.578	30.9650
1399658446.811	n	12.9293	3.66407	6.565	30.9645
1399658446.873	n	12.9295	3.66405	6.554	30.9640
1399658446.937	n	12.9296	3.66402	6.542	30.9637
1399658446.998	n	12.9296	3.66399	6.528	30.9634
1399658447.061	n	12.9295	3.66395	6.513	30.9632
1399658447.122	n	12.9294	3.66393	6.504	30.9631
1399658447.187	n	12.9293	3.66392	6.492	30.9630
1399658447.249	n	12.9292	3.66391	6.478	30.9630
1399658447.310	n	12.9291	3.66391	6.468	30.9631
1399658447.373	n	12.9290	3.66388	6.456	30.9630
1399658447.436	n	12.9289	3.66384	6.442	30.9627
1399658447.498	n	12.9289	3.66378	6.432	30.9621
1399658447.561	n	12.9289	3.66373	6.422	30.9615
1399658447.623	n	12.9290	3.66366	6.410	30.9609
1399658447.686	n	12.9291	3.66358	6.398	30.9600
1399658447.749	n	12.9294	3.66351	6.387	30.9591
1399658447.812	n	12.9299	3.66343	6.379	30.9580
1399658447.873	n	12.9305	3.66336	6.370	30.9569
1399658447.936	n	12.9311	3.66331	6.360	30.9559
1399658447.999	n	12.9310	3.66329	6.351	30.9558
1399658448.061	n	12.9298	3.66339	6.345	30.9577
1399658448.123	n	12.9282	3.66359	6.337	30.9608
1399658448.187	n	12.9266	3.66378	6.328	30.9639
1399658448.250	n	12.9256	3.66400	6.320	30.9668
1399658448.431	y	12.9252	3.66429	6.311	30.9699
1399658448.438	n	12.9244	3.66465	6.303	30.9740
1399658448.443	n	12.9224	3.66510	6.296	30.9798
1399658448.500	n	12.9199	3.66551	6.283	30.9858
1399658448.561	n	12.9177	3.66568	6.272	30.9891
1399658448.623	n	12.9166	3.66561	6.263	30.9893
1399658448.685	n	12.9167	3.66544	6.252	30.9877
1399658448.749	n	12.9176	3.66528	6.241	30.9854
1399658448.811	n	12.9187	3.66515	6.229	30.9833
1399658448.873	n	12.9198	3.66509	6.218	30.9818
1399658448.936	n	12.9210	3.66507	6.207	30.9807
1399658448.998	n	12.9220	3.66506	6.196	30.9798
1399658449.060	n	12.9226	3.66510	6.182	30.9796
1399658449.123	n	12.9229	3.66507	6.170	30.9792
1399658449.186	n	12.9230	3.66484	6.160	30.9769
1399658449.248	n	12.9233	3.66444	6.143	30.9729
1399658449.312	n	12.9244	3.66397	6.128	30.9676
1399658449.374	n	12.9263	3.66354	6.113	30.9620
1399658449.437	n	12.9288	3.66322	6.097	30.9570
1399658449.498	n	12.9313	3.66300	6.081	30.9529
1399658449.562	n	12.9335	3.66280	6.065	30.9493
1399658449.624	n	12.9350	3.66265	6.044	30.9465
1399658449.687	n	12.9364	3.66255	6.029	30.9445
1399658449.748	n	12.9381	3.66243	6.013	30.9420
1399658449.812	n	12.9405	3.66219	5.996	30.9378
1399658449.872	n	12.9437	3.66177	5.976	30.9313
1399658449.937	n	12.9467	3.66126	5.957	30.9240
1399658449.998	n	12.9486	3.66085	5.936	30.9186
1399658450.062	n	12.9490	3.66067	5.918	30.9166
1399658450.123	n	12.9481	3.66071	5.896	30.9177
1399658450.185	n	12.9468	3.66085	5.878	30.9202
1399658450.251	n	12.9457	3.66096	5.858	30.9221
1399658450.311	y	12.9451	3.66098	5.834	30.9227
1399658450.373	n	12.9448	3.66096	5.810	30.9228
1399658450.436	n	12.9445	3.66096	5.791	30.9231
1399658450.499	n	12.9439	3.66103	5.768	30.9242
1399658450.560	n	12.9429	3.66115	5.739	30.9262
1399658450.623	n	12.9418	3.66127	5.718	30.9282
1399658450.685	n	12.9411	3.66130	5.693	30.9291
1399658450.749	n	12.9409	3.66119	5.667	30.9282
1399658450.811	n	12.9413	3.66098	5.645	30.9260
1399658450.873	n	12.9417	3.66080	5.620	30.9239
1399658450.936	n	12.9420	3.66077	5.592	30.9235
1399658450.999	n	12.9418	3.66090	5.565	30.9248
1399658451.061	n	12.9416	3.66111	5.543	30.9270
1399658451.123	n	12.9413	3.66126	5.517	30.9287
1399658451.186	n	12.9409	3.66126	5.488	30.9290
1399658451.249	n	12.9405	3.66113	5.459	30.9281
1399658451.310	n	12.9403	3.66094	5.433	30.9264
1399658451.373	n	12.9407	3.66074	5.410	30.9243
1399658451.437	n	12.9417	3.66059	5.379	30.9220
1399658451.605	y	12.9430	3.66048	5.358	30.9200
1399658451.612	n	12.9442	3.66041	5.329	30.9183
1399658451.623	n	12.9450	3.66034	5.301	30.9170
1399658451.685	n	12.9454	3.66028	5.277	30.9161
1399658451.748	n	12.9456	3.66022	5.251	30.9155
1399658451.811	n	12.9457	3.66019	5.226	30.9150
1399658451.873	n	12.9458	3.66015	5.201	30.9147
1399658451.936	n	12.9462	3.66011	5.175	30.9140
1399658451.998	n	12.9467	3.66005	5.148	30.9130
1399658452.061	n	12.9471	3.65999	5.122	30.9121
1399658452.123	n	12.9475	3.65994	5.096	30.9113
1399658452.187	n	12.9477	3.65990	5.074	30.9108
1399658452.248	n	12.9477	3.65986	5.048	30.9104
1399658452.310	n	12.9477	3.65981	5.025	30.9099
1399658452.373	n	12.9479	3.65973	4.997	30.9090
1399658452.437	n	12.9483	3.65964	4.973	30.9080
1399658452.499	n	12.9486	3.65956	4.948	30.9069
1399658452.648	y	12.9490	3.65951	4.928	30.9061
1399658452.653	n	12.9496	3.65949	4.903	30.9055
1399658452.685	n	12.9503	3.65945	4.886	30.9045
1399658452.749	n	12.9515	3.65931	4.862	30.9022
1399658452.811	n	12.9539	3.65904	4.843	30.8977
1399658452.873	n	12.9569	3.65863	4.822	30.8914
1399658452.935	n	12.9597	3.65820	4.803	30.8851
1399658452.999	n	12.9614	3.65787	4.785	30.8807
1399658453.062	n	12.9617	3.65768	4.769	30.8786
1399658453.125	n	12.9613	3.65759	4.752	30.8782
1399658453.185	n	12.9617	3.65755	4.736	30.8774
1399658453.250	n	12.9632	3.65750	4.719	30.8757
1399658453.312	n	12.9651	3.65746	4.703	30.8738
1399658453.374	n	12.9668	3.65744	4.687	30.8723
1399658453.438	n	12.9677	3.65744	4.675	30.8715
1399658453.498	n	12.9679	3.65745	4.663	30.8715
1399658453.561	n	12.9679	3.65747	4.645	30.8717
1399658453.623	n	12.9675	3.65748	4.630	30.8721
1399658453.686	n	12.9664	3.65749	4.617	30.8731
1399658453.749	n	12.9650	3.65750	4.598	30.8743
1399658453.811	n	12.9637	3.65746	4.585	30.8750
1399658453.873	n	12.9633	3.65743	4.571	30.8751
1399658453.936	n	12.9638	3.65735	4.558	30.8739
1399658453.999	n	12.9650	3.65725	4.547	30.8720
1399658454.062	n	12.9664	3.65714	4.533	30.8699
1399658454.135	y	12.9677	3.65706	4.520	30.8680
1399658454.186	n	12.9692	3.65702	4.506	30.8665
1399658454.251	n	12.9709	3.65703	4.491	30.8652
1399658454.310	n	12.9723	3.65707	4.481	30.8643
1399658454.374	n	12.9728	3.65711	4.470	30.8644
1399658454.436	n	12.9722	3.65717	4.459	30.8654
1399658454.498	n	12.9709	3.65723	4.448	30.8671
1399658454.561	n	12.9694	3.65732	4.434	30.8692
1399658454.623	n	12.9680	3.65743	4.428	30.8713
1399658454.687	n	12.9670	3.65754	4.415	30.8731
1399658454.749	n	12.9660	3.65761	4.403	30.8746
1399658454.811	n	12.9652	3.65763	4.393	30.8755
1399658454.873	n	12.9642	3.65762	4.384	30.8762
1399658454.935	n	12.9633	3.65762	4.372	30.8769
1399658454.999	n	12.9628	3.65762	4.360	30.8774
1399658455.060	n	12.9626	3.65764	4.353	30.8777
1399658455.123	n	12.9629	3.65766	4.343	30.8777
1399658455.186	n	12.9638	3.65762	4.333	30.8766
1399658455.250	n	12.9650	3.65750	4.322	30.8745
1399658455.311	n	12.9663	3.65734	4.312	30.8719
1399658455.372	n	12.9678	3.65717	4.300	30.8690
1399658455.437	n	12.9689	3.65706	4.291	30.8672
1399658455.499	n	12.9694	3.65705	4.277	30.8666
1399658455.561	n	12.9695	3.65708	4.267	30.8669
1399658455.624	n	12.9693	3.65713	4.253	30.8675
1399658455.687	n	12.9690	3.65714	4.243	30.8678
1399658455.750	n	12.9689	3.65710	4.235	30.8676
1399658455.811	n	12.9685	3.65702	4.222	30.8671
1399658455.874	n	12.9678	3.65691	4.207	30.8667
1399658455.936	n	12.9672	3.65683	4.195	30.8664
1399658455.999	n	12.9667	3.65680	4.181	30.8666
1399658456.061	n	12.9662	3.65681	4.167	30.8671
1399658456.123	n	12.9658	3.65685	4.155	30.8678
1399658456.186	n	12.9654	3.65688	4.141	30.8683
1399658456.248	n	12.9652	3.65689	4.128	30.8686
1399658456.312	n	12.9654	3.65691	4.113	30.8686
1399658456.374	n	12.9658	3.65692	4.102	30.8684
1399658456.436	n	12.9659	3.65696	4.091	30.8687
1399658456.499	n	12.9657	3.65701	4.079	30.8694
1399658456.561	n	12.9655	3.65707	4.067	30.8701
1399658456.624	n	12.9654	3.65711	4.056	30.8706
1399658456.688	n	12.9657	3.65715	4.047	30.8706
1399658456.749	n	12.9663	3.65715	4.036	30.8702
1399658456.885	y	12.9671	3.65717	4.027	30.8697
1399658456.890	n	12.9676	3.65719	4.018	30.8695
1399658456.937	n	12.9676	3.65723	4.009	30.8698
1399658456.998	n	12.9672	3.65729	3.998	30.8708
1399658457.061	n	12.9662	3.65737	3.987	30.8724
1399658457.124	n	12.9647	3.65745	3.976	30.8743
1399658457.187	n	12.9632	3.65754	3.969	30.8763
1399658457.248	n	12.9622	3.65760	3.958	30.8778
1399658457.311	n	12.9618	3.65765	3.946	30.8786
1399658457.374	n	12.9618	3.65772	3.940	30.8793
1399658457.437	n	12.9612	3.65780	3.934	30.8805
1399658457.498	n	12.9599	3.65792	3.922	30.8827
1399658457.560	n	12.9579	3.65802	3.912	30.8853
1399658457.624	n	12.9561	3.65810	3.901	30.8875
1399658457.709	y	12.9551	3.65812	3.893	30.8885
1399658457.750	n	12.9548	3.65815	3.887	30.8890
1399658457.810	n	12.9548	3.65822	3.877	30.8897
1399658457.874	n	12.9548	3.65832	3.869	30.8907
1399658457.937	n	12.9550	3.65843	3.860	30.8915
1399658457.998	n	12.9553	3.65848	3.856	30.8917
1399658458.061	n	12.9559	3.65849	3.844	30.8913
1399658458.123	n	12.9569	3.65846	3.838	30.8903
1399658458.187	n	12.9581	3.65840	3.826	30.8887
1399658458.250	n	12.9594	3.65830	3.815	30.8867
1399658458.310	n	12.9607	3.65812	3.808	30.8840
1399658458.373	n	12.9616	3.65791	3.797	30.8813
1399658458.435	n	12.9621	3.65770	3.790	30.8789
1399658458.499	n	12.9627	3.65750	3.778	30.8765
1399658458.561	n	12.9636	3.65730	3.768	30.8740
1399658458.624	n	12.9646	3.65711	3.763	30.8713
1399658458.687	n	12.9660	3.65694	3.753	30.8686
1399658458.748	n	12.9678	3.65679	3.741	30.8657
1399658458.811	n	12.9703	3.65664	3.731	30.8624
1399658458.874	n	12.9730	3.65644	3.726	30.8582
1399658458.937	n	12.9757	3.65620	3.717	30.8537
1399658458.998	n	12.9779	3.65596	3.708	30.8498
1399658459.061	n	12.9794	3.65577	3.699	30.8468
1399658459.123	n	12.9805	3.65564	3.694	30.8446
1399658459.186	n	12.9813	3.65555	3.683	30.8431
1399658459.248	n	12.9819	3.65547	3.672	30.8418
1399658459.311	n	12.9820	3.65537	3.664	30.8409
1399658459.374	n	12.9817	3.65528	3.647	30.8403
1399658459.437	n	12.9812	3.65520	3.635	30.8399
1399658459.500	n	12.9810	3.65511	3.624	30.8392
1399658459.560	n	12.9813	3.65504	3.608	30.8383
1399658459.623	n	12.9818	3.65501	3.595	30.8377
1399658459.685	n	12.9822	3.65503	3.581	30.8375
1399658459.749	n	12.9821	3.65507	3.569	30.8380
1399658459.811	n	12.9815	3.65513	3.560	30.8391
1399658459.875	n	12.9806	3.65519	3.545	30.8404
1399658459.936	n	12.9797	3.65523	3.530	30.8415
1399658459.998	n	12.9789	3.65526	3.515	30.8424
1399658460.061	n	12.9783	3.65530	3.502	30.8432
1399658460.124	n	12.9782	3.65534	3.489	30.8438
1399658460.187	n	12.9784	3.65539	3.472	30.8441
1399658460.249	n	12.9788	3.65544	3.456	30.8443
1399658460.311	n	12.9793	3.65548	3.441	30.8442
1399658460.373	n	12.9796	3.65548	3.426	30.8440
1399658460.435	n	12.9797	3.65547	3.409	30.8438
1399658460.499	n	12.9795	3.65545	3.392	30.8437
1399658460.560	n	12.9792	3.65543	3.378	30.8439
1399658460.624	n	12.9789	3.65543	3.362	30.8441
1399658460.685	n	12.9787	3.65544	3.341	30.8443
1399658460.749	n	12.9785	3.65544	3.325	30.8445
1399658460.811	n	12.9783	3.65546	3.310	30.8448
1399658460.873	n	12.9779	3.65547	3.286	30.8453
1399658460.936	n	12.9774	3.65550	3.272	30.8460
1399658460.999	n	12.9769	3.65552	3.255	30.8466
1399658461.155	y	12.9764	3.65554	3.238	30.8471
1399658461.162	n	12.9762	3.65554	3.218	30.8474
1399658461.186	n	12.9761	3.65554	3.200	30.8474
1399658461.248	n	12.9762	3.65549	3.185	30.8469
1399658461.334	y	12.9766	3.65540	3.166	30.8458
1399658461.374	n	12.9772	3.65530	3.149	30.8444
1399658461.437	n	12.9781	3.65522	3.132	30.8429
1399658461.499	n	12.9792	3.65517	3.110	30.8414
1399658461.561	n	12.9805	3.65513	3.088	30.8401
1399658461.624	n	12.9816	3.65508	3.070	30.8387
1399658461.687	n	12.9825	3.65503	3.051	30.8375
1399658461.750	n	12.9831	3.65497	3.025	30.8364
1399658461.811	n	12.9834	3.65492	3.005	30.8357
1399658461.873	n	12.9835	3.65490	2.983	30.8356
1399658461.935	n	12.9833	3.65490	2.960	30.8357
1399658461.998	n	12.9831	3.65492	2.936	30.8361
1399658462.061	n	12.9829	3.65496	2.916	30.8366
1399658462.124	n	12.9827	3.65499	2.892	30.8370
1399658462.187	n	12.9828	3.65499	2.870	30.8370
1399658462.249	n	12.9829	3.65496	2.847	30.8366
1399658462.310	n	12.9833	3.65491	2.825	30.8358
1399658462.373	n	12.9838	3.65487	2.802	30.8351
1399658462.437	n	12.9841	3.65484	2.779	30.8345
1399658462.499	n	12.9843	3.65483	2.757	30.8343
1399658462.560	n	12.9844	3.65485	2.730	30.8345
1399658462.623	n	12.9844	3.65486	2.708	30.8345
1399658462.685	n	12.9844	3.65484	2.684	30.8343
1399658462.750	n	12.9847	3.65482	2.665	30.8339
1399658462.811	n	12.9851	3.65479	2.639	30.8333
1399658462.874	n	12.9854	3.65476	2.619	30.8328
1399658462.937	n	12.9856	3.65473	2.597	30.8324
1399658462.998	n	12.9858	3.65472	2.574	30.8320
1399658463.061	n	12.9860	3.65470	2.557	30.8317
1399658463.123	n	12.9861	3.65471	2.539	30.8318
1399658463.187	n	12.9859	3.65475	2.518	30.8323
1399658463.248	n	12.9855	3.65481	2.497	30.8332
1399658463.311	n	12.9850	3.65488	2.479	30.8343
1399658463.374	n	12.9845	3.65494	2.457	30.8353
1399658463.436	n	12.9842	3.65497	2.439	30.8358
1399658463.499	n	12.9841	3.65498	2.418	30.8359
1399658463.562	n	12.9843	3.65496	2.401	30.8357
1399658463.624	n	12.9845	3.65494	2.384	30.8352
1399658463.686	n	12.9848	3.65491	2.368	30.8348
1399658463.748	n	12.9850	3.65489	2.352	30.8345
1399658463.812	n	12.9850	3.65489	2.335	30.8344
1399658463.874	n	12.9851	3.65491	2.319	30.8345
1399658463.937	n	12.9851	3.65492	2.303	30.8346
1399658463.998	n	12.9851	3.65492	2.288	30.8346
1399658464.061	n	12.9851	3.65492	2.274	30.8346
1399658464.124	n	12.9852	3.65491	2.257	30.8345
1399658464.187	n	12.9851	3.65491	2.246	30.8345
1399658464.250	n	12.9851	3.65491	2.227	30.8347
1399658464.310	n	12.9850	3.65491	2.214	30.8348
1399658464.373	n	12.9849	3.65491	2.200	30.8348
1399658464.436	n	12.9847	3.65490	2.186	30.8348
1399658464.498	n	12.9846	3.65488	2.167	30.8347
1399658464.562	n	12.9845	3.65487	2.155	30.8347
1399658464.625	n	12.9844	3.65486	2.140	30.8347
1399658464.687	n	12.9843	3.65485	2.123	30.8347
1399658464.749	n	12.9844	3.65485	2.108	30.8347
1399658464.811	n	12.9844	3.65486	2.093	30.8347
1399658464.874	n	12.9844	3.65487	2.079	30.8349
1399658464.937	n	12.9843	3.65488	2.066	30.8350
1399658464.998	n	12.9843	3.65488	2.052	30.8350
1399658465.061	y	12.9843	3.65487	2.036	30.8350
1399658465.123	n	12.9843	3.65485	2.019	30.8348
1399658465.187	n	12.9844	3.65485	2.007	30.8347
1399658465.249	n	12.9845	3.65485	1.993	30.8346
1399658465.501	y	12.9845	3.65485	1.976	30.8347
1399658465.509	n	12.9845	3.65486	1.959	30.8347
1399658465.514	n	12.9845	3.65486	1.942	30.8348
1399658465.520	n	12.9845	3.65486	1.932	30.8347
1399658465.561	n	12.9846	3.65487	1.912	30.8347
1399658465.624	n	12.9846	3.65487	1.896	30.8347
1399658465.685	n	12.9845	3.65487	1.885	30.8348
1399658465.749	n	12.9844	3.65488	1.872	30.8350
1399658465.845	y	12.9844	3.65488	1.861	30.8350
1399658465.874	n	12.9843	3.65488	1.846	30.8352
1399658465.935	n	12.9842	3.65489	1.835	30.8353
1399658465.998	n	12.9841	3.65490	1.822	30.8355
1399658466.061	n	12.9840	3.65491	1.810	30.8356
1399658466.124	n	12.9840	3.65492	1.799	30.8358
1399658466.187	n	12.9840	3.65493	1.785	30.8359
1399658466.250	n	12.9840	3.65494	1.768	30.8359
1399658466.310	n	12.9841	3.65495	1.759	30.8360
1399658466.373	n	12.9840	3.65495	1.747	30.8360
1399658466.436	n	12.9840	3.65494	1.734	30.8360
1399658466.500	n	12.9840	3.65494	1.724	30.8360
1399658466.560	n	12.9840	3.65495	1.715	30.8360
1399658466.623	n	12.9841	3.65496	1.703	30.8361
1399658466.687	n	12.9841	3.65498	1.692	30.8362
1399658466.750	n	12.9841	3.65499	1.685	30.8364
1399658466.811	n	12.9840	3.65500	1.675	30.8365
1399658466.875	n	12.9840	3.65501	1.669	30.8366
1399658466.938	n	12.9839	3.65501	1.663	30.8367
1399658466.999	n	12.9839	3.65500	1.654	30.8367
1399658467.060	n	12.9839	3.65501	1.649	30.8367
1399658467.123	n	12.9839	3.65500	1.643	30.8366
1399658467.186	n	12.9840	3.65501	1.638	30.8367
1399658467.249	n	12.9840	3.65502	1.633	30.8368
1399658467.312	n	12.9839	3.65502	1.624	30.8368
1399658467.374	n	12.9836	3.65501	1.622	30.8369
1399658467.437	n	12.9831	3.65498	1.614	30.8370
1399658467.499	n	12.9825	3.65492	1.604	30.8370
1399658467.561	n	12.9820	3.65486	1.597	30.8369
1399658467.623	n	12.9816	3.65481	1.589	30.8368
1399658467.686	n	12.9815	3.65478	1.581	30.8366
1399658467.750	n	12.9816	3.65478	1.573	30.8365
1399658467.810	n	12.9817	3.65479	1.568	30.8365
1399658467.874	n	12.9818	3.65480	1.562	30.8365
1399658467.936	n	12.9820	3.65481	1.559	30.8364
1399658467.998	n	12.9822	3.65480	1.555	30.8362
1399658468.061	n	12.9825	3.65480	1.552	30.8360
1399658468.124	n	12.9828	3.65481	1.547	30.8358
1399658468.188	n	12.9832	3.65484	1.541	30.8358
1399658468.248	n	12.9834	3.65489	1.537	30.8360
1399658468.311	n	12.9836	3.65493	1.531	30.8363
1399658468.374	n	12.9836	3.65496	1.526	30.8365
1399658468.437	n	12.9836	3.65498	1.519	30.8367
1399658468.498	n	12.9836	3.65498	1.509	30.8367
1399658468.561	n	12.9837	3.65499	1.501	30.8368
1399658468.661	y	12.9837	3.65499	1.488	30.8368
1399658468.687	n	12.9837	3.65500	1.480	30.8369
1399658468.751	n	12.9837	3.65500	1.467	30.8369
1399658468.811	n	12.9837	3.65501	1.458	30.8369
1399658468.874	n	12.9838	3.65500	1.446	30.8368
1399658468.935	n	12.9838	3.65500	1.437	30.8368
1399658468.999	n	12.9838	3.65501	1.427	30.8369
1399658469.060	n	12.9838	3.65503	1.422	30.8371
1399658469.123	n	12.9838	3.65505	1.414	30.8373
1399658469.186	n	12.9838	3.65506	1.405	30.8374
1399658469.250	n	12.9838	3.65506	1.393	30.8374
1399658469.311	n	12.9839	3.65504	1.388	30.8371
1399658469.374	n	12.9840	3.65502	1.378	30.8369
1399658469.437	n	12.9841	3.65501	1.369	30.8367
1399658469.499	n	12.9841	3.65501	1.360	30.8367
1399658469.652	y	12.9841	3.65501	1.350	30.8367
1399658469.658	n	12.9841	3.65502	1.344	30.8368
1399658469.687	n	12.9840	3.65502	1.332	30.8369
1399658469.749	n	12.9839	3.65502	1.325	30.8369
1399658469.812	n	12.9838	3.65502	1.314	30.8370
1399658469.874	n	12.9838	3.65501	1.305	30.8369
1399658469.937	n	12.9838	3.65499	1.296	30.8368
1399658470.000	n	12.9839	3.65499	1.285	30.8367
1399658470.061	n	12.9840	3.65499	1.275	30.8366
1399658470.123	n	12.9841	3.65499	1.263	30.8365
1399658470.186	n	12.9840	3.65499	1.252	30.8366
1399658470.248	n	12.9838	3.65499	1.241	30.8368
1399658470.312	n	12.9838	3.65499	1.232	30.8368
1399658470.374	n	12.9839	3.65499	1.221	30.8367
1399658470.437	n	12.9842	3.65500	1.208	30.8366
1399658470.500	n	12.9845	3.65502	1.198	30.8365
1399658470.560	n	12.9848	3.65504	1.182	30.8365
1399658470.623	n	12.9850	3.65506	1.168	30.8365
1399658470.687	n	12.9851	3.65505	1.155	30.8364
1399658470.750	n	12.9851	3.65504	1.141	30.8362
1399658470.811	n	12.9852	3.65503	1.127	30.8361
1399658470.874	n	12.9853	3.65503	1.110	30.8360
1399658470.937	n	12.9853	3.65503	1.093	30.8359
1399658470.998	n	12.9855	3.65503	1.074	30.8358
1399658471.061	n	12.9856	3.65503	1.060	30.8357
1399658471.124	n	12.9856	3.65503	1.040	30.8358
1399658471.187	n	12.9854	3.65503	1.019	30.8360
1399658471.248	n	12.9851	3.65503	0.997	30.8362
1399658471.311	n	12.9850	3.65502	0.978	30.8361
1399658471.374	n	12.9852	3.65503	0.961	30.8361
1399658471.437	n	12.9855	3.65507	0.942	30.8362
1399658471.499	n	12.9858	3.65513	0.920	30.8366
1399658471.561	n	12.9861	3.65520	0.898	30.8371
1399658471.624	n	12.9863	3.65528	0.880	30.8376
1399658471.686	n	12.9864	3.65536	0.856	30.8383
1399658471.748	n	12.9864	3.65543	0.834	30.8389
1399658471.810	n	12.9863	3.65547	0.815	30.8394
1399658471.873	n	12.9860	3.65548	0.795	30.8397
1399658471.936	n	12.9859	3.65548	0.776	30.8398
1399658471.998	n	12.9858	3.65548	0.754	30.8399
1399658472.061	n	12.9858	3.65548	0.737	30.8399
1399658472.124	n	12.9860	3.65549	0.712	30.8399
1399658472.187	n	12.9863	3.65550	0.694	30.8397
1399658472.249	n	12.9865	3.65504	0.677	30.8352
1399658472.337	y	12.9852	3.38112	0.656	28.2832
1399658472.376	n	12.9795	2.84515	0.638	23.3793
1399658472.438	n	12.9669	2.16810	0.621	17.3594
1399658472.498	n	12.9464	1.52984	0.602	11.8818
1399658472.561	n	12.9194	1.08327	0.589	8.1847
1399658472.624	n	12.8903	0.93464	0.569	6.9865
1399658472.686	n	12.8650	0.84173	0.548	6.2466
1399658472.748	n	12.8472	0.75993	0.531	5.5997
1399658472.810	n	12.8370	0.68236	0.519	4.9904
1399658472.874	n	12.8309	0.62268	0.497	4.5253
1399658472.936	n	12.8250	0.57537	0.478	4.1593
1399658473.001	n	12.8180	0.53730	0.460	3.8667
1399658473.062	n	12.8111	0.50754	0.446	3.6392
1399658473.125	n	12.8057	0.48513	0.433	3.4685
1399658473.187	n	12.8012	0.46948	0.419	3.3498
1399658473.248	n	12.7967	0.45956	0.402	3.2748
1399658473.311	n	12.7926	0.45560	0.389	3.2451
1399658473.374	n	12.7901	0.45662	0.373	3.2531
1399658473.437	n	12.7904	0.45973	0.363	3.2767
1399658473.498	n	12.7934	0.46202	0.353	3.2938
1399658473.561	n	12.7974	0.46224	0.347	3.2951
1399658473.624	n	12.8013	0.45963	0.342	3.2750
1399658473.687	n	12.8048	0.45351	0.340	3.2283
1399658473.748	n	12.8082	0.44390	0.343	3.1551
1399658473.886	y	12.8118	0.43084	0.342	3.0561
1399658473.892	n	12.8158	0.41516	0.351	2.9376
