Source File: D:\Storage\Programs\OOI\Group 5\Correspondence\07_18_14 sample files\files\11307499.PPB
Processed: 07/18/2014 12:28:10
Using Version: 1.11
Device: CTD
Start Date: 05/10/2014
Timestamp (s)	Suspect Timestamp	Temperature	Conductivity	Pressure	Salinity
1399744782.685	y	12.2709	3.69618	22.152	31.8114
1399744782.748	n	12.2709	3.69614	22.152	31.8110
1399744782.812	n	12.2709	3.69614	22.149	31.8110
1399744782.873	n	12.2709	3.69618	22.152	31.8114
1399744782.938	n	12.2709	3.69614	22.152	31.8110
1399744782.998	n	12.2708	3.69619	22.144	31.8115
1399744783.061	n	12.2709	3.69619	22.138	31.8115
1399744783.125	n	12.2710	3.69617	22.149	31.8112
1399744783.186	n	12.2710	3.69617	22.146	31.8113
1399744783.250	n	12.2709	3.69618	22.144	31.8114
1399744783.312	n	12.2709	3.69618	22.144	31.8114
1399744783.374	n	12.2710	3.69617	22.138	31.8113
1399744783.436	n	12.2710	3.69616	22.137	31.8111
1399744783.499	n	12.2710	3.69615	22.137	31.8110
1399744783.561	n	12.2710	3.69614	22.133	31.8109
1399744783.624	n	12.2709	3.69615	22.131	31.8111
1399744783.687	n	12.2709	3.69616	22.125	31.8112
1399744783.750	n	12.2709	3.69617	22.123	31.8113
1399744783.812	n	12.2709	3.69617	22.117	31.8113
1399744783.876	n	12.2709	3.69616	22.115	31.8112
1399744783.938	n	12.2710	3.69615	22.112	31.8111
1399744784.001	n	12.2709	3.69614	22.111	31.8110
1399744784.063	n	12.2709	3.69614	22.107	31.8110
1399744784.124	n	12.2709	3.69614	22.100	31.8110
1399744784.190	n	12.2709	3.69614	22.096	31.8110
1399744785.745	n	12.2710	3.69615	22.094	31.8111
1399744785.780	n	12.2710	3.69615	22.090	31.8111
1399744785.803	n	12.2710	3.69615	22.084	31.8111
1399744785.821	n	12.2710	3.69615	22.081	31.8110
1399744785.828	n	12.2710	3.69615	22.079	31.8111
1399744785.835	n	12.2710	3.69616	22.074	31.8111
1399744785.841	n	12.2710	3.69617	22.068	31.8113
1399744785.848	n	12.2710	3.69617	22.062	31.8113
1399744785.856	n	12.2710	3.69616	22.058	31.8112
1399744785.864	n	12.2710	3.69615	22.053	31.8110
1399744785.871	n	12.2710	3.69614	22.047	31.8109
1399744785.879	n	12.2710	3.69614	22.040	31.8109
1399744785.894	n	12.2710	3.69615	22.037	31.8110
1399744785.900	n	12.2710	3.69615	22.031	31.8111
1399744785.925	n	12.2709	3.69615	22.028	31.8112
1399744785.932	n	12.2709	3.69615	22.023	31.8112
1399744785.940	n	12.2709	3.69614	22.018	31.8111
1399744785.947	n	12.2709	3.69613	22.016	31.8110
1399744785.955	n	12.2710	3.69613	22.013	31.8109
1399744785.962	n	12.2710	3.69613	22.004	31.8109
1399744785.970	n	12.2710	3.69614	22.000	31.8109
1399744785.978	n	12.2710	3.69614	21.996	31.8110
1399744785.986	n	12.2710	3.69614	21.992	31.8110
1399744785.994	n	12.2710	3.69614	21.987	31.8110
1399744786.003	n	12.2710	3.69614	21.983	31.8110
1399744786.012	n	12.2709	3.69614	21.978	31.8111
1399744786.020	n	12.2709	3.69614	21.974	31.8111
1399744786.028	n	12.2709	3.69614	21.972	31.8111
1399744786.037	n	12.2709	3.69614	21.968	31.8111
1399744786.061	n	12.2709	3.69615	21.962	31.8112
1399744786.125	n	12.2709	3.69615	21.957	31.8112
1399744786.186	n	12.2709	3.69615	21.953	31.8112
1399744786.249	n	12.2709	3.69614	21.950	31.8111
1399744786.313	n	12.2709	3.69613	21.946	31.8109
1399744786.374	n	12.2710	3.69612	21.943	31.8108
1399744786.438	n	12.2710	3.69612	21.940	31.8108
1399744786.502	n	12.2710	3.69613	21.936	31.8109
1399744786.561	n	12.2710	3.69614	21.933	31.8110
1399744786.625	n	12.2710	3.69614	21.931	31.8110
1399744786.686	n	12.2710	3.69613	21.925	31.8109
1399744786.751	n	12.2710	3.69613	21.922	31.8109
1399744786.812	n	12.2710	3.69613	21.919	31.8110
1399744786.874	n	12.2709	3.69614	21.918	31.8110
1399744786.938	n	12.2709	3.69614	21.916	31.8111
1399744787.002	n	12.2710	3.69615	21.912	31.8111
1399744787.061	n	12.2710	3.69615	21.910	31.8112
1399744787.123	n	12.2709	3.69615	21.909	31.8112
1399744787.186	n	12.2709	3.69614	21.905	31.8111
1399744787.250	n	12.2709	3.69613	21.904	31.8111
1399744787.313	n	12.2709	3.69613	21.903	31.8110
1399744787.375	n	12.2709	3.69613	21.904	31.8110
1399744787.437	n	12.2709	3.69613	21.905	31.8110
1399744787.499	n	12.2709	3.69613	21.901	31.8110
1399744787.563	n	12.2709	3.69612	21.900	31.8109
1399744787.625	n	12.2709	3.69612	21.902	31.8109
1399744787.686	n	12.2709	3.69611	21.902	31.8108
1399744787.750	n	12.2710	3.69611	21.901	31.8107
1399744787.813	n	12.2710	3.69611	21.902	31.8108
1399744787.873	n	12.2710	3.69613	21.901	31.8109
1399744787.938	n	12.2710	3.69613	21.900	31.8109
1399744788.001	n	12.2710	3.69612	21.903	31.8109
1399744788.063	n	12.2710	3.69611	21.901	31.8108
1399744788.126	n	12.2710	3.69611	21.900	31.8107
1399744788.190	n	12.2709	3.69611	21.901	31.8108
1399744788.250	n	12.2709	3.69612	21.906	31.8109
1399744788.311	n	12.2709	3.69614	21.906	31.8111
1399744788.404	y	12.2709	3.69615	21.904	31.8112
1399744788.438	n	12.2709	3.69615	21.911	31.8113
1399744788.501	n	12.2709	3.69615	21.913	31.8112
1399744788.563	n	12.2709	3.69615	21.912	31.8112
1399744788.624	n	12.2710	3.69614	21.916	31.8111
1399744788.689	n	12.2710	3.69614	21.920	31.8110
1399744788.749	n	12.2710	3.69614	21.924	31.8110
1399744788.813	n	12.2710	3.69615	21.927	31.8111
1399744788.875	n	12.2710	3.69615	21.929	31.8112
1399744788.937	n	12.2710	3.69616	21.933	31.8112
1399744788.998	n	12.2710	3.69615	21.937	31.8111
1399744789.062	n	12.2710	3.69614	21.937	31.8110
1399744789.125	n	12.2711	3.69613	21.939	31.8109
1399744789.190	n	12.2711	3.69613	21.944	31.8108
1399744789.250	n	12.2710	3.69614	21.948	31.8109
1399744789.439	y	12.2710	3.69615	21.949	31.8111
1399744789.450	n	12.2710	3.69617	21.956	31.8113
1399744789.458	n	12.2710	3.69617	21.961	31.8113
1399744789.498	n	12.2710	3.69616	21.965	31.8112
1399744789.561	n	12.2710	3.69615	21.964	31.8111
1399744789.625	n	12.2710	3.69615	21.973	31.8111
1399744789.686	n	12.2710	3.69615	21.976	31.8111
1399744789.750	n	12.2710	3.69615	21.976	31.8112
1399744789.812	n	12.2709	3.69615	21.982	31.8111
1399744789.874	n	12.2709	3.69613	21.987	31.8110
1399744789.936	n	12.2710	3.69612	21.993	31.8109
1399744789.999	n	12.2710	3.69611	21.994	31.8107
1399744790.061	n	12.2710	3.69611	21.999	31.8107
1399744790.124	n	12.2710	3.69611	22.005	31.8107
1399744790.189	n	12.2710	3.69611	22.008	31.8107
1399744790.252	n	12.2710	3.69612	22.014	31.8108
1399744790.314	n	12.2710	3.69612	22.018	31.8108
1399744790.373	n	12.2711	3.69612	22.023	31.8108
1399744790.439	n	12.2711	3.69613	22.027	31.8108
1399744790.505	n	12.2711	3.69614	22.029	31.8108
1399744790.562	n	12.2711	3.69615	22.031	31.8110
1399744790.625	n	12.2710	3.69616	22.036	31.8112
1399744790.687	n	12.2710	3.69617	22.041	31.8113
1399744790.751	n	12.2710	3.69617	22.046	31.8113
1399744790.811	n	12.2710	3.69617	22.052	31.8112
1399744790.873	n	12.2710	3.69615	22.054	31.8111
1399744790.939	n	12.2710	3.69614	22.059	31.8109
1399744791.027	n	12.2710	3.69612	22.061	31.8108
1399744791.061	n	12.2710	3.69612	22.066	31.8107
1399744791.125	n	12.2711	3.69613	22.069	31.8108
1399744791.189	n	12.2711	3.69614	22.069	31.8109
1399744791.251	n	12.2711	3.69615	22.076	31.8110
1399744791.311	n	12.2711	3.69615	22.077	31.8110
1399744791.373	n	12.2710	3.69614	22.082	31.8109
1399744791.437	n	12.2710	3.69612	22.085	31.8108
1399744791.498	n	12.2710	3.69612	22.089	31.8107
1399744791.561	n	12.2710	3.69612	22.091	31.8107
1399744791.623	n	12.2711	3.69613	22.094	31.8108
1399744791.688	n	12.2711	3.69613	22.099	31.8108
1399744791.751	n	12.2710	3.69613	22.102	31.8108
1399744791.812	n	12.2711	3.69613	22.103	31.8108
1399744791.874	n	12.2711	3.69613	22.105	31.8108
1399744791.938	n	12.2711	3.69614	22.108	31.8108
1399744791.999	n	12.2711	3.69614	22.110	31.8109
1399744792.062	y	12.2711	3.69615	22.112	31.8109
1399744792.123	n	12.2711	3.69615	22.114	31.8110
1399744792.186	n	12.2710	3.69615	22.113	31.8110
1399744792.250	n	12.2710	3.69615	22.111	31.8110
1399744792.312	n	12.2710	3.69614	22.111	31.8109
1399744792.374	n	12.2710	3.69613	22.111	31.8108
1399744792.437	n	12.2710	3.69613	22.113	31.8108
1399744792.499	n	12.2711	3.69613	22.110	31.8108
1399744792.561	y	12.2711	3.69614	22.109	31.8108
1399744792.625	n	12.2711	3.69614	22.106	31.8109
1399744792.688	n	12.2710	3.69614	22.107	31.8109
1399744792.751	n	12.2710	3.69614	22.106	31.8109
1399744792.812	n	12.2710	3.69613	22.101	31.8109
1399744792.874	n	12.2710	3.69613	22.097	31.8108
1399744792.936	n	12.2710	3.69613	22.094	31.8108
1399744792.999	n	12.2710	3.69613	22.088	31.8108
1399744793.061	n	12.2711	3.69614	22.083	31.8109
1399744793.124	n	12.2711	3.69615	22.079	31.8109
1399744793.186	n	12.2711	3.69614	22.074	31.8109
1399744793.250	n	12.2711	3.69614	22.071	31.8109
1399744793.344	n	12.2711	3.69614	22.066	31.8109
1399744793.376	n	12.2710	3.69614	22.056	31.8109
1399744793.438	n	12.2710	3.69614	22.052	31.8109
1399744793.499	n	12.2711	3.69614	22.045	31.8109
1399744793.688	y	12.2711	3.69614	22.039	31.8109
1399744793.694	n	12.2711	3.69614	22.034	31.8109
1399744793.700	n	12.2711	3.69614	22.022	31.8108
1399744793.750	n	12.2711	3.69613	22.016	31.8108
1399744793.812	n	12.2710	3.69613	22.005	31.8108
1399744793.874	n	12.2710	3.69613	21.997	31.8109
1399744793.977	n	12.2710	3.69613	21.991	31.8109
1399744794.000	n	12.2711	3.69614	21.979	31.8109
1399744794.061	n	12.2711	3.69612	21.964	31.8108
1399744794.123	n	12.2711	3.69611	21.956	31.8106
1399744794.187	n	12.2711	3.69610	21.943	31.8105
1399744794.249	n	12.2711	3.69609	21.930	31.8105
1399744794.311	n	12.2710	3.69610	21.918	31.8106
1399744794.374	n	12.2710	3.69610	21.907	31.8106
1399744794.438	n	12.2711	3.69612	21.895	31.8107
1399744794.499	n	12.2712	3.69613	21.884	31.8108
1399744794.561	n	12.2712	3.69614	21.871	31.8108
1399744794.625	n	12.2712	3.69614	21.854	31.8108
1399744794.686	n	12.2712	3.69613	21.843	31.8108
1399744794.750	n	12.2711	3.69611	21.827	31.8107
1399744794.811	n	12.2711	3.69610	21.810	31.8106
1399744794.874	n	12.2711	3.69611	21.797	31.8106
1399744794.938	n	12.2711	3.69611	21.785	31.8107
1399744794.998	n	12.2712	3.69612	21.767	31.8108
1399744795.061	n	12.2712	3.69614	21.751	31.8109
1399744795.124	n	12.2712	3.69614	21.735	31.8109
1399744795.561	n	12.2712	3.69613	21.725	31.8108
1399744795.573	y	12.2712	3.69611	21.705	31.8107
1399744795.579	n	12.2712	3.69611	21.689	31.8106
1399744795.586	n	12.2712	3.69611	21.675	31.8107
1399744795.592	n	12.2712	3.69612	21.658	31.8108
1399744795.598	n	12.2711	3.69612	21.643	31.8108
1399744795.605	n	12.2712	3.69612	21.625	31.8108
1399744795.651	y	12.2712	3.69611	21.609	31.8107
1399744795.686	n	12.2712	3.69611	21.591	31.8107
1399744795.750	n	12.2712	3.69612	21.573	31.8108
1399744795.812	n	12.2712	3.69613	21.555	31.8109
1399744795.874	n	12.2712	3.69613	21.539	31.8109
1399744795.937	n	12.2712	3.69613	21.519	31.8109
1399744795.999	n	12.2712	3.69612	21.503	31.8108
1399744796.062	n	12.2712	3.69611	21.484	31.8108
1399744796.125	n	12.2711	3.69611	21.468	31.8107
1399744796.187	n	12.2711	3.69610	21.450	31.8107
1399744796.249	n	12.2711	3.69610	21.433	31.8107
1399744796.312	n	12.2711	3.69610	21.418	31.8108
1399744796.375	n	12.2711	3.69611	21.400	31.8109
1399744796.437	n	12.2711	3.69612	21.379	31.8109
1399744796.500	n	12.2711	3.69611	21.361	31.8108
1399744796.562	n	12.2712	3.69611	21.346	31.8108
1399744796.623	n	12.2711	3.69610	21.328	31.8107
1399744796.687	n	12.2711	3.69610	21.309	31.8108
1399744796.751	n	12.2711	3.69610	21.291	31.8108
1399744796.812	n	12.2710	3.69611	21.275	31.8109
1399744796.874	n	12.2710	3.69610	21.257	31.8109
1399744796.937	n	12.2710	3.69610	21.241	31.8109
1399744796.999	n	12.2710	3.69609	21.224	31.8108
1399744797.061	n	12.2710	3.69609	21.206	31.8107
1399744797.124	n	12.2711	3.69608	21.188	31.8107
1399744797.186	n	12.2710	3.69608	21.168	31.8107
1399744797.250	n	12.2710	3.69608	21.153	31.8107
1399744797.311	n	12.2710	3.69608	21.136	31.8108
1399744797.374	n	12.2709	3.69607	21.118	31.8107
1399744797.436	n	12.2709	3.69607	21.101	31.8107
1399744797.500	n	12.2709	3.69606	21.084	31.8106
1399744797.561	n	12.2710	3.69606	21.066	31.8106
1399744797.624	n	12.2710	3.69607	21.050	31.8107
1399744797.687	n	12.2709	3.69607	21.031	31.8108
1399744797.749	n	12.2709	3.69607	21.013	31.8109
1399744797.906	y	12.2708	3.69608	20.998	31.8109
1399744797.912	n	12.2709	3.69607	20.982	31.8109
1399744797.936	n	12.2709	3.69607	20.967	31.8109
1399744797.998	n	12.2709	3.69607	20.952	31.8109
1399744798.061	n	12.2708	3.69607	20.937	31.8109
1399744798.124	n	12.2708	3.69608	20.918	31.8110
1399744798.186	n	12.2708	3.69609	20.901	31.8112
1399744798.250	n	12.2708	3.69610	20.887	31.8112
1399744798.311	n	12.2708	3.69610	20.873	31.8112
1399744798.374	n	12.2708	3.69609	20.855	31.8111
1399744798.436	n	12.2709	3.69608	20.841	31.8110
1399744798.500	n	12.2709	3.69607	20.828	31.8109
1399744798.561	n	12.2709	3.69607	20.808	31.8109
1399744798.625	n	12.2708	3.69607	20.794	31.8109
1399744798.687	n	12.2708	3.69607	20.781	31.8110
1399744798.749	n	12.2707	3.69607	20.768	31.8111
1399744798.812	n	12.2707	3.69607	20.753	31.8111
1399744798.874	n	12.2707	3.69607	20.739	31.8110
1399744798.938	n	12.2707	3.69607	20.724	31.8110
1399744798.998	n	12.2708	3.69606	20.713	31.8109
1399744799.062	n	12.2708	3.69606	20.700	31.8109
1399744799.123	n	12.2707	3.69607	20.687	31.8111
1399744799.188	n	12.2707	3.69608	20.674	31.8112
1399744799.249	n	12.2707	3.69609	20.660	31.8113
1399744799.350	y	12.2707	3.69609	20.646	31.8113
1399744799.373	n	12.2706	3.69607	20.634	31.8111
1399744799.436	n	12.2707	3.69605	20.618	31.8110
1399744799.500	n	12.2707	3.69604	20.603	31.8109
1399744799.561	n	12.2707	3.69605	20.591	31.8110
1399744799.624	n	12.2706	3.69607	20.578	31.8112
1399744799.686	n	12.2706	3.69609	20.569	31.8114
1399744799.748	n	12.2706	3.69609	20.553	31.8114
1399744799.812	n	12.2706	3.69607	20.543	31.8112
1399744799.874	n	12.2706	3.69606	20.530	31.8111
1399744799.937	n	12.2706	3.69605	20.513	31.8111
1399744799.999	n	12.2705	3.69605	20.505	31.8111
1399744800.061	n	12.2705	3.69606	20.494	31.8112
1399744800.124	n	12.2706	3.69607	20.480	31.8113
1399744800.186	n	12.2706	3.69607	20.469	31.8113
1399744800.251	n	12.2706	3.69607	20.455	31.8113
1399744800.313	n	12.2706	3.69606	20.443	31.8112
1399744800.375	n	12.2705	3.69605	20.432	31.8112
1399744800.437	n	12.2705	3.69605	20.421	31.8111
1399744800.500	n	12.2705	3.69605	20.409	31.8111
1399744800.561	n	12.2706	3.69605	20.397	31.8112
1399744800.625	n	12.2706	3.69606	20.384	31.8112
1399744800.686	n	12.2706	3.69605	20.370	31.8112
1399744800.750	n	12.2706	3.69604	20.361	31.8111
1399744800.811	n	12.2706	3.69603	20.350	31.8109
1399744800.875	n	12.2706	3.69603	20.338	31.8109
1399744800.937	n	12.2706	3.69603	20.328	31.8109
1399744801.000	n	12.2706	3.69604	20.316	31.8110
1399744801.061	n	12.2706	3.69604	20.302	31.8111
1399744801.124	n	12.2706	3.69605	20.289	31.8112
1399744801.188	n	12.2706	3.69605	20.280	31.8112
1399744801.249	n	12.2705	3.69606	20.269	31.8113
1399744801.312	n	12.2705	3.69605	20.260	31.8113
1399744801.375	n	12.2705	3.69605	20.247	31.8113
1399744801.436	n	12.2704	3.69604	20.233	31.8112
1399744801.499	n	12.2704	3.69604	20.220	31.8113
1399744801.562	n	12.2704	3.69604	20.209	31.8113
1399744801.624	n	12.2704	3.69604	20.197	31.8113
1399744801.686	n	12.2704	3.69604	20.187	31.8113
1399744801.751	n	12.2704	3.69604	20.172	31.8113
1399744801.811	n	12.2704	3.69604	20.157	31.8113
1399744801.874	n	12.2703	3.69604	20.146	31.8114
1399744801.937	n	12.2703	3.69604	20.135	31.8114
1399744801.998	n	12.2703	3.69605	20.120	31.8115
1399744802.206	y	12.2703	3.69605	20.109	31.8115
1399744802.212	n	12.2702	3.69605	20.095	31.8116
1399744802.217	n	12.2702	3.69606	20.080	31.8116
1399744802.249	n	12.2702	3.69605	20.064	31.8116
1399744802.312	n	12.2703	3.69604	20.049	31.8114
1399744802.373	n	12.2703	3.69604	20.039	31.8114
1399744802.437	n	12.2704	3.69604	20.025	31.8113
1399744802.500	n	12.2703	3.69603	20.010	31.8113
1399744802.562	n	12.2703	3.69604	19.997	31.8114
1399744802.623	n	12.2703	3.69605	19.982	31.8115
1399744802.686	n	12.2704	3.69605	19.967	31.8115
1399744802.750	n	12.2703	3.69605	19.949	31.8115
1399744802.812	n	12.2703	3.69604	19.932	31.8115
1399744802.875	n	12.2702	3.69603	19.918	31.8115
1399744802.937	n	12.2702	3.69603	19.902	31.8114
1399744802.999	y	12.2703	3.69603	19.886	31.8115
1399744803.061	n	12.2703	3.69604	19.870	31.8115
1399744803.124	n	12.2703	3.69603	19.852	31.8115
1399744803.187	n	12.2703	3.69602	19.834	31.8113
1399744803.248	n	12.2703	3.69601	19.819	31.8112
1399744803.311	n	12.2703	3.69601	19.801	31.8112
1399744803.374	n	12.2703	3.69600	19.783	31.8112
1399744803.437	n	12.2703	3.69601	19.763	31.8113
1399744803.499	n	12.2702	3.69601	19.746	31.8113
1399744803.562	n	12.2703	3.69602	19.726	31.8113
1399744803.624	n	12.2703	3.69601	19.708	31.8113
1399744803.687	n	12.2703	3.69602	19.689	31.8113
1399744803.749	n	12.2703	3.69602	19.673	31.8114
1399744803.811	n	12.2703	3.69602	19.653	31.8114
1399744803.873	n	12.2703	3.69602	19.633	31.8114
1399744803.938	n	12.2703	3.69602	19.611	31.8114
1399744803.999	n	12.2703	3.69601	19.590	31.8113
1399744804.062	n	12.2703	3.69601	19.574	31.8113
1399744804.124	n	12.2704	3.69601	19.554	31.8112
1399744804.187	n	12.2704	3.69600	19.530	31.8111
1399744804.250	n	12.2703	3.69599	19.508	31.8111
1399744804.312	n	12.2703	3.69599	19.487	31.8112
1399744804.375	n	12.2702	3.69599	19.466	31.8113
1399744804.438	n	12.2702	3.69601	19.446	31.8115
1399744804.500	n	12.2702	3.69602	19.422	31.8116
1399744804.562	n	12.2702	3.69603	19.402	31.8117
1399744804.624	n	12.2702	3.69603	19.378	31.8117
1399744804.686	n	12.2702	3.69602	19.355	31.8115
1399744804.748	n	12.2702	3.69600	19.330	31.8114
1399744804.812	n	12.2702	3.69599	19.311	31.8112
1399744804.874	n	12.2702	3.69597	19.286	31.8111
1399744804.937	n	12.2702	3.69597	19.260	31.8111
1399744805.090	y	12.2702	3.69598	19.239	31.8112
1399744805.096	n	12.2702	3.69598	19.213	31.8112
1399744805.124	n	12.2702	3.69599	19.183	31.8113
1399744805.187	n	12.2701	3.69599	19.160	31.8114
1399744805.249	n	12.2701	3.69599	19.133	31.8115
1399744805.312	n	12.2701	3.69599	19.108	31.8114
1399744805.374	n	12.2701	3.69598	19.081	31.8114
1399744805.437	n	12.2701	3.69597	19.057	31.8113
1399744805.500	n	12.2701	3.69597	19.030	31.8113
1399744805.562	n	12.2702	3.69597	19.006	31.8112
1399744805.624	n	12.2702	3.69596	18.978	31.8112
1399744805.687	n	12.2702	3.69595	18.950	31.8111
1399744805.750	n	12.2702	3.69595	18.922	31.8111
1399744805.812	n	12.2702	3.69595	18.896	31.8111
1399744805.875	n	12.2702	3.69596	18.870	31.8112
1399744805.937	n	12.2702	3.69597	18.843	31.8113
1399744805.999	n	12.2702	3.69597	18.816	31.8113
1399744806.061	n	12.2702	3.69596	18.785	31.8112
1399744806.125	n	12.2702	3.69595	18.754	31.8112
1399744806.186	n	12.2701	3.69594	18.727	31.8111
1399744806.249	n	12.2701	3.69593	18.701	31.8110
1399744806.479	y	12.2702	3.69593	18.673	31.8110
1399744806.486	n	12.2702	3.69593	18.646	31.8110
1399744806.491	n	12.2702	3.69594	18.616	31.8111
1399744806.500	n	12.2702	3.69594	18.590	31.8111
1399744806.562	n	12.2702	3.69593	18.561	31.8110
1399744806.625	y	12.2702	3.69591	18.532	31.8109
1399744806.686	n	12.2702	3.69591	18.504	31.8108
1399744806.750	n	12.2702	3.69591	18.475	31.8109
1399744806.813	n	12.2702	3.69593	18.444	31.8111
1399744806.873	n	12.2702	3.69595	18.416	31.8113
1399744806.937	n	12.2702	3.69595	18.386	31.8113
1399744806.999	n	12.2701	3.69594	18.360	31.8113
1399744807.062	n	12.2701	3.69594	18.332	31.8113
1399744807.124	n	12.2701	3.69593	18.303	31.8112
1399744807.188	n	12.2701	3.69593	18.273	31.8112
1399744807.250	n	12.2702	3.69593	18.245	31.8112
1399744807.312	n	12.2702	3.69592	18.214	31.8111
1399744807.374	n	12.2702	3.69591	18.188	31.8111
1399744807.436	n	12.2702	3.69590	18.161	31.8110
1399744807.500	n	12.2701	3.69590	18.132	31.8110
1399744807.561	n	12.2701	3.69589	18.103	31.8109
1399744807.623	n	12.2702	3.69588	18.074	31.8107
1399744807.687	n	12.2702	3.69587	18.046	31.8107
1399744807.750	n	12.2702	3.69587	18.020	31.8106
1399744807.812	n	12.2702	3.69588	17.990	31.8107
1399744807.875	n	12.2702	3.69589	17.965	31.8108
1399744807.938	n	12.2702	3.69588	17.938	31.8108
1399744808.000	n	12.2702	3.69588	17.911	31.8108
1399744808.061	n	12.2703	3.69588	17.884	31.8107
1399744808.123	n	12.2703	3.69587	17.855	31.8107
1399744808.187	n	12.2703	3.69588	17.829	31.8107
1399744808.249	n	12.2703	3.69588	17.805	31.8108
1399744808.312	n	12.2702	3.69588	17.779	31.8108
1399744808.374	n	12.2702	3.69588	17.757	31.8109
1399744808.437	n	12.2702	3.69588	17.731	31.8109
1399744808.499	n	12.2702	3.69588	17.707	31.8109
1399744808.561	n	12.2702	3.69588	17.682	31.8109
1399744808.625	n	12.2702	3.69587	17.656	31.8108
1399744808.686	n	12.2703	3.69587	17.633	31.8107
1399744808.750	n	12.2703	3.69586	17.610	31.8106
1399744808.812	n	12.2703	3.69586	17.593	31.8106
1399744808.874	n	12.2703	3.69586	17.571	31.8107
1399744808.939	n	12.2702	3.69586	17.549	31.8107
1399744809.000	n	12.2702	3.69586	17.528	31.8108
1399744809.062	n	12.2702	3.69586	17.506	31.8108
1399744809.124	n	12.2702	3.69586	17.487	31.8107
1399744809.187	n	12.2703	3.69586	17.468	31.8107
1399744809.249	n	12.2703	3.69585	17.451	31.8107
1399744809.311	n	12.2703	3.69584	17.431	31.8106
1399744809.373	n	12.2703	3.69584	17.411	31.8106
1399744809.437	n	12.2703	3.69585	17.397	31.8107
1399744809.499	n	12.2703	3.69586	17.378	31.8108
1399744809.561	n	12.2702	3.69588	17.360	31.8110
1399744809.624	n	12.2702	3.69589	17.346	31.8111
1399744809.687	n	12.2702	3.69589	17.329	31.8111
1399744809.749	n	12.2703	3.69588	17.315	31.8110
1399744809.811	n	12.2703	3.69588	17.299	31.8110
1399744809.874	n	12.2703	3.69588	17.284	31.8110
1399744809.939	n	12.2703	3.69588	17.267	31.8110
1399744810.000	n	12.2704	3.69588	17.252	31.8110
1399744810.062	n	12.2704	3.69587	17.239	31.8108
1399744810.125	n	12.2704	3.69585	17.224	31.8106
1399744810.186	n	12.2705	3.69583	17.211	31.8104
1399744810.321	y	12.2705	3.69582	17.197	31.8103
1399744810.326	n	12.2705	3.69583	17.185	31.8104
1399744810.373	n	12.2704	3.69583	17.169	31.8105
1399744810.437	n	12.2704	3.69584	17.154	31.8106
1399744810.499	n	12.2704	3.69584	17.139	31.8107
1399744810.628	y	12.2704	3.69584	17.128	31.8106
1399744810.633	n	12.2704	3.69584	17.116	31.8105
1399744810.687	n	12.2704	3.69583	17.105	31.8105
1399744810.750	n	12.2704	3.69582	17.094	31.8104
1399744810.812	n	12.2704	3.69581	17.082	31.8103
1399744810.873	n	12.2704	3.69582	17.069	31.8104
1399744810.940	n	12.2704	3.69583	17.059	31.8105
1399744811.001	n	12.2705	3.69585	17.049	31.8107
1399744811.062	n	12.2704	3.69586	17.038	31.8107
1399744811.125	n	12.2704	3.69585	17.025	31.8106
1399744811.188	n	12.2704	3.69583	17.016	31.8105
1399744811.248	n	12.2705	3.69582	17.003	31.8104
1399744811.312	n	12.2705	3.69581	16.991	31.8103
1399744811.373	n	12.2705	3.69581	16.982	31.8102
1399744811.437	n	12.2705	3.69581	16.969	31.8103
1399744811.500	n	12.2705	3.69582	16.957	31.8104
1399744811.562	n	12.2705	3.69583	16.952	31.8105
1399744811.623	n	12.2705	3.69583	16.941	31.8105
1399744811.687	n	12.2705	3.69582	16.933	31.8104
1399744811.749	n	12.2704	3.69581	16.920	31.8103
1399744811.812	n	12.2704	3.69581	16.908	31.8104
1399744811.873	n	12.2705	3.69581	16.900	31.8104
1399744811.940	n	12.2705	3.69583	16.886	31.8105
1399744811.999	n	12.2705	3.69584	16.875	31.8106
1399744812.061	n	12.2705	3.69584	16.864	31.8106
1399744812.124	n	12.2704	3.69584	16.854	31.8107
1399744812.187	n	12.2704	3.69584	16.845	31.8107
1399744812.249	n	12.2703	3.69583	16.833	31.8106
1399744812.311	n	12.2703	3.69583	16.824	31.8106
1399744812.375	n	12.2703	3.69583	16.812	31.8107
1399744812.438	n	12.2704	3.69583	16.797	31.8106
1399744812.499	n	12.2704	3.69584	16.783	31.8107
1399744812.561	n	12.2704	3.69585	16.772	31.8107
1399744812.623	n	12.2704	3.69584	16.764	31.8108
1399744812.687	n	12.2703	3.69584	16.751	31.8108
1399744812.749	n	12.2703	3.69583	16.740	31.8107
1399744812.812	n	12.2703	3.69581	16.728	31.8106
1399744812.875	n	12.2703	3.69581	16.714	31.8105
1399744812.940	n	12.2703	3.69581	16.699	31.8105
1399744812.999	n	12.2702	3.69581	16.691	31.8106
1399744813.061	n	12.2702	3.69581	16.675	31.8107
1399744813.124	n	12.2701	3.69581	16.663	31.8107
1399744813.187	n	12.2701	3.69580	16.654	31.8106
1399744813.248	n	12.2702	3.69579	16.641	31.8105
1399744813.311	n	12.2702	3.69577	16.627	31.8103
1399744813.374	n	12.2703	3.69576	16.612	31.8102
1399744813.436	n	12.2702	3.69576	16.598	31.8102
1399744813.500	n	12.2702	3.69576	16.585	31.8102
1399744813.561	n	12.2702	3.69576	16.575	31.8103
1399744813.625	n	12.2702	3.69576	16.561	31.8103
1399744813.688	n	12.2701	3.69576	16.545	31.8102
1399744813.750	n	12.2701	3.69576	16.532	31.8103
1399744813.812	n	12.2701	3.69576	16.518	31.8103
1399744813.874	n	12.2700	3.69576	16.502	31.8104
1399744813.939	y	12.2700	3.69576	16.489	31.8104
1399744814.027	n	12.2700	3.69576	16.473	31.8104
1399744814.062	n	12.2700	3.69576	16.456	31.8104
1399744814.124	n	12.2700	3.69576	16.442	31.8104
1399744814.187	n	12.2700	3.69576	16.426	31.8104
1399744814.248	n	12.2700	3.69577	16.407	31.8105
1399744814.312	n	12.2699	3.69577	16.393	31.8106
1399744814.374	n	12.2699	3.69577	16.372	31.8106
1399744814.437	n	12.2699	3.69577	16.359	31.8106
1399744814.500	n	12.2699	3.69577	16.343	31.8107
1399744814.561	n	12.2699	3.69578	16.323	31.8108
1399744814.625	n	12.2698	3.69580	16.302	31.8110
1399744814.687	n	12.2698	3.69580	16.287	31.8110
1399744814.749	n	12.2698	3.69579	16.269	31.8109
1399744814.895	y	12.2698	3.69577	16.246	31.8108
1399744814.900	n	12.2698	3.69575	16.225	31.8106
1399744814.940	n	12.2698	3.69574	16.206	31.8106
1399744814.998	n	12.2698	3.69574	16.184	31.8105
1399744815.062	n	12.2698	3.69573	16.160	31.8105
1399744815.125	n	12.2698	3.69573	16.142	31.8104
1399744815.187	n	12.2698	3.69573	16.121	31.8104
1399744815.248	n	12.2698	3.69574	16.098	31.8105
1399744815.312	n	12.2698	3.69575	16.075	31.8106
1399744815.375	n	12.2698	3.69575	16.052	31.8106
1399744815.438	n	12.2698	3.69574	16.025	31.8106
1399744815.498	n	12.2698	3.69573	16.003	31.8105
1399744815.561	n	12.2698	3.69573	15.986	31.8105
1399744815.624	n	12.2698	3.69573	15.959	31.8105
1399744815.688	n	12.2699	3.69574	15.937	31.8105
1399744815.750	n	12.2699	3.69574	15.913	31.8105
1399744815.811	n	12.2700	3.69573	15.890	31.8104
1399744815.874	n	12.2700	3.69573	15.868	31.8104
1399744815.941	n	12.2701	3.69573	15.847	31.8103
1399744816.000	n	12.2701	3.69572	15.822	31.8102
1399744816.061	n	12.2702	3.69573	15.796	31.8102
1399744816.125	n	12.2702	3.69573	15.773	31.8102
1399744816.188	n	12.2703	3.69573	15.750	31.8102
1399744816.249	n	12.2704	3.69573	15.728	31.8101
1399744816.311	n	12.2705	3.69573	15.700	31.8100
1399744816.373	n	12.2707	3.69572	15.678	31.8098
1399744816.438	n	12.2708	3.69571	15.653	31.8096
1399744816.499	n	12.2710	3.69570	15.628	31.8094
1399744816.561	n	12.2711	3.69570	15.605	31.8092
1399744816.624	n	12.2713	3.69571	15.578	31.8091
1399744816.689	n	12.2715	3.69572	15.552	31.8091
1399744816.751	n	12.2717	3.69573	15.525	31.8090
1399744816.812	n	12.2720	3.69573	15.498	31.8088
1399744816.875	n	12.2724	3.69574	15.468	31.8085
1399744816.943	n	12.2729	3.69573	15.441	31.8081
1399744816.998	n	12.2736	3.69573	15.414	31.8075
1399744817.062	n	12.2744	3.69572	15.387	31.8067
1399744817.125	n	12.2752	3.69571	15.357	31.8060
1399744817.187	n	12.2761	3.69572	15.333	31.8053
1399744817.249	n	12.2769	3.69573	15.308	31.8048
1399744817.311	n	12.2776	3.69575	15.273	31.8043
1399744817.373	n	12.2783	3.69575	15.245	31.8038
1399744817.437	n	12.2787	3.69574	15.216	31.8033
1399744817.499	n	12.2792	3.69573	15.185	31.8028
1399744817.562	n	12.2795	3.69572	15.155	31.8024
1399744817.653	y	12.2799	3.69571	15.126	31.8021
1399744817.686	n	12.2802	3.69571	15.095	31.8018
1399744817.750	n	12.2805	3.69571	15.067	31.8016
1399744817.812	n	12.2808	3.69571	15.036	31.8014
1399744817.873	n	12.2810	3.69571	15.007	31.8012
1399744817.936	n	12.2812	3.69571	14.978	31.8010
1399744817.999	n	12.2814	3.69569	14.946	31.8007
1399744818.061	n	12.2815	3.69567	14.917	31.8004
1399744818.123	n	12.2816	3.69566	14.887	31.8003
1399744818.186	n	12.2817	3.69566	14.854	31.8002
1399744818.250	n	12.2818	3.69567	14.822	31.8002
1399744818.313	n	12.2819	3.69568	14.791	31.8002
1399744818.375	n	12.2821	3.69569	14.761	31.8002
1399744818.437	n	12.2822	3.69569	14.732	31.8001
1399744818.499	n	12.2823	3.69568	14.701	31.7999
1399744818.562	n	12.2824	3.69567	14.671	31.7997
1399744818.623	n	12.2825	3.69565	14.639	31.7995
1399744818.688	n	12.2826	3.69565	14.607	31.7994
1399744818.749	n	12.2827	3.69566	14.574	31.7994
1399744818.812	n	12.2828	3.69567	14.548	31.7994
1399744818.875	n	12.2829	3.69567	14.518	31.7994
1399744818.936	n	12.2830	3.69567	14.487	31.7993
1399744819.000	n	12.2831	3.69566	14.458	31.7992
1399744819.153	y	12.2832	3.69565	14.429	31.7990
1399744819.159	n	12.2833	3.69565	14.396	31.7989
1399744819.187	n	12.2834	3.69564	14.370	31.7987
1399744819.248	n	12.2835	3.69565	14.342	31.7987
1399744819.312	n	12.2836	3.69566	14.312	31.7988
1399744819.374	n	12.2837	3.69566	14.286	31.7988
1399744819.436	n	12.2837	3.69567	14.258	31.7988
1399744819.500	n	12.2837	3.69567	14.229	31.7989
1399744819.561	n	12.2837	3.69567	14.207	31.7988
1399744819.624	n	12.2837	3.69566	14.178	31.7988
1399744819.688	n	12.2838	3.69566	14.150	31.7987
1399744819.750	n	12.2838	3.69565	14.127	31.7985
1399744819.811	n	12.2838	3.69564	14.098	31.7985
1399744819.874	n	12.2838	3.69564	14.075	31.7985
1399744819.936	n	12.2837	3.69564	14.054	31.7986
1399744819.998	n	12.2836	3.69564	14.030	31.7987
1399744820.062	n	12.2836	3.69565	14.007	31.7988
1399744820.124	n	12.2835	3.69565	13.983	31.7989
1399744820.186	n	12.2835	3.69565	13.961	31.7989
1399744820.250	y	12.2834	3.69564	13.942	31.7989
1399744820.375	n	12.2833	3.69562	13.921	31.7988
1399744820.380	n	12.2832	3.69560	13.900	31.7987
1399744820.437	n	12.2831	3.69559	13.880	31.7987
1399744820.499	n	12.2830	3.69559	13.862	31.7988
1399744820.561	n	12.2829	3.69560	13.845	31.7990
1399744820.624	n	12.2828	3.69562	13.825	31.7992
1399744820.687	n	12.2827	3.69563	13.808	31.7995
1399744820.748	n	12.2826	3.69564	13.787	31.7997
1399744820.812	n	12.2825	3.69564	13.768	31.7998
1399744820.874	n	12.2824	3.69564	13.753	31.7998
1399744820.938	n	12.2823	3.69563	13.737	31.7999
1399744820.999	n	12.2822	3.69562	13.717	31.7999
1399744821.063	n	12.2820	3.69562	13.701	31.8000
1399744821.125	n	12.2819	3.69562	13.686	31.8000
1399744821.188	n	12.2818	3.69561	13.668	31.8000
1399744821.250	y	12.2817	3.69559	13.656	31.8000
1399744821.311	n	12.2816	3.69558	13.640	31.8000
1399744821.373	n	12.2815	3.69558	13.622	31.8001
1399744821.437	n	12.2814	3.69558	13.606	31.8002
1399744821.499	n	12.2813	3.69558	13.596	31.8003
1399744821.562	n	12.2812	3.69559	13.580	31.8004
1399744821.624	n	12.2812	3.69560	13.566	31.8005
1399744821.687	n	12.2812	3.69560	13.550	31.8006
1399744821.748	n	12.2811	3.69559	13.539	31.8006
1399744821.812	n	12.2810	3.69558	13.529	31.8005
1399744821.874	n	12.2810	3.69558	13.516	31.8005
1399744821.938	n	12.2809	3.69557	13.501	31.8006
1399744821.999	n	12.2809	3.69557	13.489	31.8006
1399744822.062	n	12.2808	3.69558	13.476	31.8007
1399744822.125	n	12.2808	3.69559	13.466	31.8008
1399744822.186	n	12.2808	3.69559	13.455	31.8008
1399744822.250	n	12.2807	3.69559	13.443	31.8009
1399744822.311	n	12.2806	3.69558	13.429	31.8009
1399744822.373	n	12.2804	3.69557	13.417	31.8010
1399744822.438	n	12.2803	3.69557	13.405	31.8010
1399744822.500	n	12.2802	3.69556	13.391	31.8011
1399744822.563	n	12.2802	3.69556	13.380	31.8011
1399744822.625	n	12.2802	3.69556	13.372	31.8011
1399744822.688	n	12.2802	3.69557	13.362	31.8011
1399744822.750	n	12.2802	3.69556	13.348	31.8011
1399744822.811	n	12.2802	3.69556	13.340	31.8011
1399744822.874	n	12.2802	3.69556	13.326	31.8011
1399744822.937	n	12.2801	3.69556	13.318	31.8012
1399744822.999	n	12.2800	3.69555	13.304	31.8013
1399744823.062	n	12.2799	3.69556	13.293	31.8013
1399744823.125	n	12.2799	3.69555	13.286	31.8013
1399744823.188	n	12.2799	3.69555	13.278	31.8013
1399744823.250	n	12.2799	3.69555	13.263	31.8013
1399744823.391	y	12.2798	3.69556	13.250	31.8015
1399744823.396	n	12.2798	3.69556	13.241	31.8015
1399744823.436	n	12.2798	3.69557	13.230	31.8016
1399744823.500	n	12.2798	3.69556	13.218	31.8015
1399744823.561	n	12.2798	3.69555	13.206	31.8014
1399744823.624	n	12.2798	3.69555	13.195	31.8014
1399744823.687	n	12.2798	3.69554	13.183	31.8013
1399744823.750	n	12.2797	3.69553	13.170	31.8014
1399744823.811	n	12.2796	3.69554	13.158	31.8015
1399744823.874	n	12.2795	3.69554	13.148	31.8015
1399744823.937	n	12.2795	3.69554	13.137	31.8016
1399744824.000	n	12.2795	3.69555	13.124	31.8017
1399744824.061	n	12.2795	3.69555	13.109	31.8017
1399744824.124	n	12.2795	3.69554	13.099	31.8017
1399744824.186	n	12.2794	3.69554	13.084	31.8016
1399744824.250	n	12.2794	3.69552	13.069	31.8016
1399744824.311	n	12.2793	3.69552	13.057	31.8016
1399744824.374	n	12.2793	3.69554	13.041	31.8018
1399744824.436	n	12.2793	3.69555	13.028	31.8019
1399744824.500	n	12.2794	3.69556	13.011	31.8019
1399744824.562	n	12.2795	3.69556	12.998	31.8018
1399744824.623	n	12.2797	3.69555	12.986	31.8016
1399744824.687	n	12.2799	3.69554	12.970	31.8013
1399744824.751	n	12.2802	3.69553	12.952	31.8009
1399744824.811	n	12.2806	3.69552	12.937	31.8006
1399744824.875	n	12.2811	3.69552	12.923	31.8002
1399744824.961	y	12.2819	3.69553	12.907	31.7995
1399744824.999	n	12.2836	3.69553	12.890	31.7982
1399744825.062	n	12.2862	3.69554	12.872	31.7959
1399744825.123	n	12.2901	3.69554	12.856	31.7927
1399744825.186	n	12.2950	3.69555	12.837	31.7886
1399744825.250	n	12.3005	3.69556	12.820	31.7841
1399744825.313	n	12.3060	3.69557	12.805	31.7795
1399744825.374	n	12.3113	3.69558	12.787	31.7752
1399744825.438	n	12.3161	3.69560	12.768	31.7712
1399744825.501	n	12.3203	3.69561	12.747	31.7678
1399744825.561	n	12.3239	3.69561	12.729	31.7648
1399744825.625	n	12.3266	3.69562	12.709	31.7626
1399744825.687	n	12.3286	3.69562	12.688	31.7610
1399744825.749	n	12.3298	3.69563	12.666	31.7599
1399744825.812	n	12.3306	3.69564	12.645	31.7594
1399744825.874	n	12.3313	3.69563	12.621	31.7587
1399744825.937	n	12.3323	3.69562	12.598	31.7578
1399744826.000	n	12.3336	3.69562	12.578	31.7568
1399744826.062	n	12.3352	3.69563	12.557	31.7555
1399744826.125	n	12.3368	3.69563	12.534	31.7541
1399744826.186	n	12.3385	3.69565	12.510	31.7529
1399744826.251	n	12.3400	3.69565	12.489	31.7516
1399744826.311	n	12.3413	3.69566	12.464	31.7506
1399744826.375	n	12.3424	3.69565	12.440	31.7496
1399744826.438	n	12.3434	3.69565	12.418	31.7487
1399744826.499	n	12.3442	3.69564	12.396	31.7480
1399744826.562	n	12.3450	3.69563	12.371	31.7473
1399744826.623	n	12.3456	3.69563	12.346	31.7467
1399744826.686	n	12.3463	3.69564	12.324	31.7463
1399744826.750	n	12.3468	3.69564	12.300	31.7458
1399744826.812	n	12.3474	3.69564	12.275	31.7453
1399744826.875	n	12.3479	3.69563	12.247	31.7448
1399744826.936	n	12.3485	3.69561	12.224	31.7442
1399744826.999	n	12.3490	3.69560	12.197	31.7437
1399744827.061	n	12.3496	3.69560	12.168	31.7431
1399744827.124	n	12.3501	3.69559	12.144	31.7427
1399744827.187	n	12.3506	3.69559	12.117	31.7422
1399744827.249	n	12.3511	3.69559	12.094	31.7418
1399744827.311	n	12.3516	3.69560	12.068	31.7414
1399744827.375	n	12.3522	3.69561	12.042	31.7411
1399744827.436	n	12.3527	3.69562	12.014	31.7408
1399744827.499	n	12.3532	3.69563	11.986	31.7404
1399744827.615	y	12.3538	3.69562	11.963	31.7399
1399744827.625	n	12.3543	3.69561	11.937	31.7393
1399744827.687	n	12.3549	3.69560	11.911	31.7387
1399744827.751	n	12.3555	3.69559	11.888	31.7382
1399744827.811	n	12.3560	3.69559	11.858	31.7377
1399744827.875	n	12.3566	3.69559	11.833	31.7373
1399744827.937	n	12.3573	3.69560	11.806	31.7368
1399744827.999	n	12.3580	3.69559	11.784	31.7361
1399744828.062	n	12.3588	3.69558	11.756	31.7354
1399744828.123	n	12.3596	3.69558	11.732	31.7347
1399744828.188	n	12.3605	3.69558	11.704	31.7339
1399744828.249	n	12.3615	3.69558	11.680	31.7330
1399744828.312	n	12.3626	3.69558	11.656	31.7321
1399744828.374	n	12.3638	3.69558	11.629	31.7311
1399744828.438	n	12.3650	3.69558	11.607	31.7301
1399744828.498	n	12.3663	3.69558	11.580	31.7291
1399744828.561	n	12.3677	3.69559	11.555	31.7280
1399744828.638	y	12.3693	3.69560	11.534	31.7267
1399744828.688	n	12.3710	3.69559	11.509	31.7253
1399744828.751	n	12.3727	3.69559	11.484	31.7238
1399744828.811	n	12.3745	3.69559	11.460	31.7222
1399744828.874	n	12.3763	3.69558	11.439	31.7206
1399744828.936	n	12.3782	3.69558	11.413	31.7190
1399744829.000	n	12.3801	3.69558	11.388	31.7175
1399744829.062	n	12.3821	3.69559	11.364	31.7159
1399744829.124	n	12.3841	3.69561	11.341	31.7143
1399744829.188	n	12.3863	3.69562	11.318	31.7126
1399744829.249	n	12.3887	3.69563	11.298	31.7107
1399744829.312	n	12.3913	3.69563	11.276	31.7085
1399744829.374	n	12.3939	3.69562	11.252	31.7062
1399744829.436	n	12.3965	3.69562	11.230	31.7040
1399744829.499	n	12.3990	3.69561	11.211	31.7018
1399744829.562	n	12.4014	3.69560	11.189	31.6997
1399744829.624	n	12.4037	3.69561	11.165	31.6979
1399744829.686	n	12.4059	3.69564	11.143	31.6963
1399744829.749	n	12.4081	3.69565	11.125	31.6945
1399744829.811	n	12.4104	3.69565	11.102	31.6926
1399744829.876	n	12.4127	3.69564	11.078	31.6906
1399744829.938	n	12.4151	3.69563	11.060	31.6885
1399744829.998	n	12.4174	3.69562	11.041	31.6864
1399744830.061	n	12.4197	3.69562	11.020	31.6846
1399744830.124	n	12.4219	3.69564	11.000	31.6829
1399744830.187	n	12.4240	3.69564	10.982	31.6811
1399744830.249	n	12.4261	3.69565	10.964	31.6794
1399744830.311	n	12.4282	3.69566	10.942	31.6778
1399744830.375	n	12.4302	3.69567	10.921	31.6762
1399744830.438	n	12.4321	3.69567	10.904	31.6746
1399744830.499	n	12.4340	3.69568	10.885	31.6731
1399744830.562	n	12.4359	3.69568	10.866	31.6715
1399744830.625	n	12.4378	3.69568	10.849	31.6699
1399744830.686	n	12.4397	3.69567	10.829	31.6683
1399744830.751	n	12.4415	3.69567	10.809	31.6667
1399744830.812	n	12.4433	3.69567	10.793	31.6652
1399744830.874	n	12.4450	3.69567	10.769	31.6637
1399744830.938	n	12.4468	3.69567	10.752	31.6623
1399744830.999	n	12.4485	3.69567	10.737	31.6608
1399744831.063	n	12.4501	3.69567	10.718	31.6595
1399744831.125	n	12.4518	3.69567	10.699	31.6581
1399744831.186	n	12.4534	3.69567	10.682	31.6568
1399744831.250	n	12.4549	3.69567	10.668	31.6555
1399744831.312	n	12.4563	3.69565	10.652	31.6542
1399744831.375	n	12.4575	3.69565	10.634	31.6531
1399744831.437	n	12.4586	3.69566	10.618	31.6522
1399744831.501	n	12.4596	3.69567	10.601	31.6516
1399744831.562	n	12.4606	3.69569	10.584	31.6509
1399744831.624	n	12.4615	3.69569	10.569	31.6501
1399744831.687	n	12.4624	3.69567	10.556	31.6492
1399744831.749	n	12.4633	3.69566	10.539	31.6484
1399744831.872	y	12.4642	3.69565	10.519	31.6476
1399744831.878	n	12.4651	3.69566	10.504	31.6468
1399744831.937	n	12.4660	3.69565	10.493	31.6461
1399744831.999	n	12.4668	3.69565	10.478	31.6453
1399744832.062	n	12.4677	3.69564	10.460	31.6445
1399744832.124	n	12.4686	3.69564	10.450	31.6437
1399744832.253	y	12.4695	3.69564	10.430	31.6430
1399744832.259	n	12.4705	3.69565	10.409	31.6423
1399744832.312	n	12.4715	3.69565	10.397	31.6415
1399744832.374	n	12.4725	3.69565	10.382	31.6405
1399744832.438	n	12.4737	3.69564	10.368	31.6395
1399744832.500	n	12.4749	3.69563	10.354	31.6384
1399744832.562	n	12.4762	3.69562	10.340	31.6373
1399744832.623	n	12.4776	3.69563	10.324	31.6361
1399744832.686	n	12.4791	3.69563	10.311	31.6349
1399744832.749	n	12.4807	3.69564	10.296	31.6336
1399744832.812	n	12.4823	3.69564	10.281	31.6323
1399744832.875	n	12.4839	3.69565	10.264	31.6310
1399744832.936	n	12.4855	3.69566	10.252	31.6297
1399744833.001	n	12.4872	3.69567	10.241	31.6284
1399744833.062	n	12.4889	3.69566	10.227	31.6269
1399744833.125	n	12.4908	3.69565	10.214	31.6253
1399744833.186	n	12.4927	3.69565	10.201	31.6236
1399744833.251	n	12.4947	3.69565	10.186	31.6220
1399744833.312	n	12.4968	3.69566	10.175	31.6204
1399744833.374	n	12.4990	3.69567	10.163	31.6187
1399744833.438	n	12.5013	3.69568	10.149	31.6168
1399744833.499	n	12.5038	3.69569	10.135	31.6147
1399744833.562	n	12.5065	3.69568	10.122	31.6124
1399744833.625	n	12.5092	3.69568	10.110	31.6101
1399744833.687	n	12.5119	3.69567	10.101	31.6078
1399744833.751	n	12.5145	3.69567	10.087	31.6056
1399744833.812	n	12.5172	3.69568	10.073	31.6034
1399744833.875	n	12.5197	3.69569	10.059	31.6014
1399744833.938	n	12.5222	3.69570	10.045	31.5995
1399744833.999	n	12.5244	3.69571	10.029	31.5976
1399744834.061	n	12.5264	3.69570	10.020	31.5959
1399744834.124	n	12.5282	3.69570	10.008	31.5944
1399744834.186	n	12.5298	3.69569	10.000	31.5929
1399744834.250	n	12.5314	3.69569	9.985	31.5915
1399744834.312	n	12.5331	3.69569	9.968	31.5902
1399744834.374	n	12.5347	3.69568	9.959	31.5888
1399744834.436	n	12.5365	3.69567	9.945	31.5872
1399744834.499	n	12.5385	3.69567	9.936	31.5855
1399744834.562	n	12.5408	3.69566	9.921	31.5835
1399744834.625	n	12.5432	3.69567	9.905	31.5815
1399744834.687	n	12.5453	3.69568	9.895	31.5799
1399744834.750	n	12.5468	3.69569	9.884	31.5788
1399744834.812	n	12.5473	3.69569	9.867	31.5783
1399744834.874	n	12.5472	3.69569	9.852	31.5783
1399744834.936	n	12.5471	3.69567	9.840	31.5783
1399744834.999	n	12.5475	3.69566	9.828	31.5778
1399744835.061	n	12.5487	3.69565	9.817	31.5768
1399744835.124	n	12.5507	3.69565	9.801	31.5751
1399744835.188	n	12.5534	3.69566	9.788	31.5729
1399744835.249	n	12.5563	3.69567	9.777	31.5705
1399744835.312	n	12.5593	3.69568	9.763	31.5682
1399744835.374	n	12.5619	3.69569	9.749	31.5661
1399744835.436	n	12.5638	3.69570	9.734	31.5646
1399744835.500	n	12.5648	3.69570	9.720	31.5637
1399744835.562	n	12.5649	3.69570	9.702	31.5637
1399744835.624	n	12.5641	3.69569	9.690	31.5643
1399744835.688	n	12.5626	3.69567	9.676	31.5654
1399744835.837	y	12.5607	3.69566	9.657	31.5668
1399744835.843	n	12.5587	3.69565	9.643	31.5684
1399744835.986	y	12.5567	3.69564	9.626	31.5700
1399744836.019	y	12.5549	3.69564	9.610	31.5715
1399744836.024	n	12.5533	3.69564	9.597	31.5729
1399744836.063	n	12.5516	3.69563	9.579	31.5743
1399744836.124	n	12.5497	3.69562	9.561	31.5758
1399744836.187	n	12.5475	3.69561	9.546	31.5775
1399744836.248	n	12.5452	3.69560	9.533	31.5794
1399744836.313	n	12.5428	3.69559	9.514	31.5813
1399744836.375	n	12.5404	3.69559	9.496	31.5833
1399744836.437	n	12.5382	3.69559	9.480	31.5851
1399744836.500	n	12.5361	3.69559	9.463	31.5869
1399744836.562	n	12.5341	3.69559	9.444	31.5885
1399744836.623	n	12.5323	3.69557	9.422	31.5899
1399744836.688	n	12.5306	3.69554	9.406	31.5911
1399744836.749	n	12.5292	3.69553	9.385	31.5922
1399744836.812	n	12.5278	3.69552	9.364	31.5933
1399744836.875	n	12.5264	3.69552	9.340	31.5944
1399744836.938	n	12.5251	3.69551	9.322	31.5954
1399744837.001	n	12.5239	3.69548	9.304	31.5963
1399744837.062	n	12.5226	3.69546	9.281	31.5971
1399744837.125	n	12.5214	3.69545	9.259	31.5980
1399744837.187	n	12.5202	3.69545	9.235	31.5991
1399744837.249	n	12.5189	3.69545	9.218	31.6002
1399744837.312	n	12.5175	3.69545	9.196	31.6012
1399744837.375	n	12.5162	3.69544	9.172	31.6023
1399744837.437	n	12.5148	3.69543	9.150	31.6035
1399744837.501	n	12.5134	3.69543	9.128	31.6046
1399744837.561	n	12.5121	3.69542	9.105	31.6056
1399744837.625	n	12.5109	3.69541	9.082	31.6065
1399744837.687	n	12.5098	3.69540	9.057	31.6074
1399744837.749	n	12.5089	3.69541	9.035	31.6082
1399744837.813	n	12.5081	3.69542	9.014	31.6090
1399744837.875	n	12.5075	3.69542	8.990	31.6095
1399744837.936	n	12.5070	3.69541	8.963	31.6098
1399744838.006	n	12.5066	3.69540	8.942	31.6100
1399744838.062	n	12.5061	3.69539	8.917	31.6104
1399744838.124	n	12.5054	3.69538	8.895	31.6109
1399744838.188	n	12.5042	3.69537	8.873	31.6119
1399744838.250	n	12.5028	3.69537	8.850	31.6130
1399744838.311	n	12.5012	3.69537	8.830	31.6143
1399744838.374	n	12.4998	3.69537	8.805	31.6156
1399744838.436	n	12.4984	3.69538	8.783	31.6168
1399744838.500	n	12.4971	3.69537	8.762	31.6179
1399744838.562	n	12.4957	3.69536	8.741	31.6189
1399744838.624	n	12.4943	3.69535	8.721	31.6201
1399744838.687	n	12.4928	3.69534	8.698	31.6212
1399744838.751	n	12.4913	3.69533	8.677	31.6224
1399744838.812	n	12.4900	3.69532	8.655	31.6234
1399744838.874	n	12.4889	3.69531	8.634	31.6242
1399744838.936	n	12.4879	3.69531	8.613	31.6250
1399744839.004	n	12.4870	3.69531	8.594	31.6259
1399744839.062	n	12.4861	3.69531	8.572	31.6266
1399744839.125	n	12.4851	3.69531	8.550	31.6275
1399744839.187	n	12.4835	3.69531	8.530	31.6288
1399744839.251	n	12.4811	3.69531	8.511	31.6308
1399744839.313	n	12.4783	3.69531	8.492	31.6332
1399744839.375	n	12.4764	3.69530	8.470	31.6348
1399744839.437	n	12.4766	3.69529	8.448	31.6344
1399744839.500	n	12.4798	3.69530	8.426	31.6318
1399744839.584	y	12.4857	3.69531	8.405	31.6270
1399744839.625	n	12.4933	3.69534	8.382	31.6210
1399744839.688	n	12.5014	3.69537	8.362	31.6144
1399744839.749	n	12.5097	3.69539	8.343	31.6076
1399744839.812	n	12.5177	3.69541	8.322	31.6012
1399744839.874	n	12.5250	3.69545	8.302	31.5953
1399744839.937	n	12.5313	3.69548	8.282	31.5903
1399744840.000	n	12.5363	3.69549	8.264	31.5863
1399744840.122	y	12.5401	3.69549	8.241	31.5831
1399744840.128	n	12.5428	3.69548	8.223	31.5808
1399744840.188	n	12.5448	3.69547	8.206	31.5790
1399744840.250	n	12.5467	3.69548	8.188	31.5775
1399744840.311	n	12.5485	3.69548	8.170	31.5760
1399744840.375	n	12.5505	3.69548	8.150	31.5744
1399744840.438	n	12.5527	3.69548	8.130	31.5725
1399744840.500	n	12.5553	3.69548	8.111	31.5703
1399744840.562	n	12.5583	3.69548	8.093	31.5678
1399744840.625	n	12.5619	3.69549	8.073	31.5648
1399744840.687	n	12.5660	3.69550	8.056	31.5615
1399744840.751	n	12.5705	3.69551	8.038	31.5578
1399744840.812	n	12.5753	3.69552	8.019	31.5539
1399744840.876	n	12.5801	3.69552	8.001	31.5499
1399744840.938	n	12.5847	3.69552	7.983	31.5461
1399744841.000	n	12.5888	3.69553	7.965	31.5427
1399744841.063	n	12.5923	3.69552	7.944	31.5397
1399744841.124	n	12.5955	3.69553	7.929	31.5371
1399744841.188	n	12.5982	3.69553	7.910	31.5349
1399744841.250	n	12.6007	3.69553	7.893	31.5328
1399744841.311	n	12.6031	3.69553	7.873	31.5308
1399744841.374	n	12.6054	3.69553	7.857	31.5289
1399744841.438	n	12.6078	3.69554	7.841	31.5270
1399744841.500	n	12.6101	3.69555	7.827	31.5252
1399744841.561	n	12.6123	3.69557	7.806	31.5235
1399744841.625	n	12.6144	3.69558	7.786	31.5219
1399744841.687	n	12.6164	3.69559	7.769	31.5203
1399744841.750	n	12.6183	3.69559	7.753	31.5187
1399744841.813	n	12.6201	3.69558	7.735	31.5171
1399744841.875	n	12.6219	3.69557	7.720	31.5155
1399744841.938	n	12.6235	3.69556	7.701	31.5140
1399744842.000	n	12.6251	3.69555	7.686	31.5127
1399744842.062	n	12.6266	3.69555	7.669	31.5115
1399744842.124	y	12.6280	3.69556	7.652	31.5103
1399744842.188	n	12.6295	3.69557	7.634	31.5092
1399744842.249	n	12.6309	3.69557	7.616	31.5080
1399744842.311	n	12.6323	3.69557	7.601	31.5069
1399744842.375	n	12.6336	3.69558	7.584	31.5059
1399744842.438	n	12.6348	3.69559	7.566	31.5049
1399744842.499	n	12.6360	3.69559	7.550	31.5040
1399744842.563	n	12.6371	3.69559	7.536	31.5030
1399744842.624	n	12.6384	3.69558	7.518	31.5019
1399744842.688	n	12.6397	3.69557	7.502	31.5007
1399744842.750	n	12.6411	3.69556	7.483	31.4995
1399744842.811	n	12.6425	3.69556	7.466	31.4983
1399744842.874	n	12.6440	3.69558	7.450	31.4972
1399744842.938	n	12.6460	3.69564	7.435	31.4960
1399744843.000	n	12.6536	3.69574	7.419	31.4908
1399744843.062	n	12.6721	3.69538	7.405	31.4718
1399744843.124	n	12.7015	3.69407	7.387	31.4349
1399744843.246	y	12.7361	3.69198	7.369	31.3863
1399744843.254	n	12.7680	3.68965	7.352	31.3379
1399744843.312	n	12.7897	3.68775	7.339	31.3020
1399744843.374	n	12.8009	3.68680	7.324	31.2837
1399744843.437	n	12.8062	3.68658	7.307	31.2773
1399744843.501	n	12.8088	3.68660	7.287	31.2754
1399744843.562	n	12.8101	3.68666	7.275	31.2748
1399744843.625	n	12.8106	3.68673	7.260	31.2751
1399744843.688	n	12.8105	3.68681	7.242	31.2759
1399744843.749	n	12.8100	3.68687	7.228	31.2769
1399744843.812	n	12.8093	3.68692	7.211	31.2780
1399744843.875	n	12.8086	3.68697	7.194	31.2790
1399744843.938	n	12.8081	3.68700	7.176	31.2797
1399744843.999	n	12.8080	3.68702	7.161	31.2800
1399744844.063	n	12.8080	3.68703	7.141	31.2801
1399744844.124	n	12.8080	3.68704	7.126	31.2801
1399744844.187	n	12.8079	3.68704	7.112	31.2803
1399744844.250	n	12.8078	3.68706	7.095	31.2805
1399744844.359	y	12.8077	3.68708	7.079	31.2808
1399744844.373	n	12.8080	3.68710	7.062	31.2808
1399744844.437	n	12.8086	3.68711	7.050	31.2804
1399744844.501	n	12.8092	3.68711	7.031	31.2799
1399744844.561	n	12.8096	3.68712	7.016	31.2796
1399744844.624	n	12.8097	3.68712	7.000	31.2796
1399744844.687	n	12.8094	3.68713	6.983	31.2799
1399744844.748	n	12.8094	3.68715	6.970	31.2801
1399744844.812	n	12.8099	3.68718	6.954	31.2801
1399744844.874	n	12.8106	3.68721	6.939	31.2797
1399744844.937	n	12.8118	3.68725	6.924	31.2791
1399744845.001	n	12.8133	3.68727	6.908	31.2781
1399744845.063	n	12.8149	3.68729	6.894	31.2770
1399744845.123	n	12.8166	3.68731	6.877	31.2757
1399744845.187	n	12.8179	3.68732	6.862	31.2747
1399744845.250	n	12.8185	3.68734	6.849	31.2744
1399744845.314	n	12.8187	3.68736	6.834	31.2744
1399744845.374	n	12.8187	3.68736	6.821	31.2745
1399744845.437	n	12.8186	3.68737	6.807	31.2747
1399744845.501	n	12.8188	3.68737	6.791	31.2745
1399744845.562	n	12.8195	3.68737	6.778	31.2739
1399744845.625	n	12.8205	3.68737	6.766	31.2731
1399744845.688	n	12.8223	3.68738	6.755	31.2717
1399744845.749	n	12.8244	3.68738	6.739	31.2700
1399744845.812	n	12.8262	3.68736	6.722	31.2683
1399744845.875	n	12.8274	3.68732	6.709	31.2670
1399744845.937	n	12.8280	3.68727	6.695	31.2660
1399744846.001	n	12.8280	3.68720	6.678	31.2653
1399744846.063	n	12.8278	3.68715	6.661	31.2651
1399744846.126	n	12.8273	3.68713	6.645	31.2653
1399744846.188	n	12.8266	3.68713	6.633	31.2658
1399744846.249	n	12.8263	3.68714	6.616	31.2662
1399744846.313	n	12.8264	3.68716	6.601	31.2663
1399744846.375	n	12.8271	3.68716	6.586	31.2657
1399744846.436	n	12.8285	3.68712	6.571	31.2642
1399744846.499	n	12.8302	3.68706	6.556	31.2623
1399744846.561	n	12.8315	3.68701	6.539	31.2606
1399744846.625	n	12.8325	3.68695	6.526	31.2593
1399744846.687	n	12.8327	3.68692	6.507	31.2589
1399744846.750	n	12.8321	3.68692	6.491	31.2593
1399744846.831	y	12.8313	3.68692	6.477	31.2600
1399744846.874	n	12.8305	3.68691	6.458	31.2606
1399744846.936	n	12.8295	3.68689	6.442	31.2612
1399744847.001	n	12.8281	3.68685	6.427	31.2620
1399744847.062	n	12.8263	3.68678	6.411	31.2628
1399744847.125	n	12.8247	3.68669	6.395	31.2633
1399744847.188	n	12.8240	3.68658	6.381	31.2629
1399744847.250	n	12.8247	3.68641	6.365	31.2607
1399744847.313	n	12.8271	3.68617	6.346	31.2565
1399744847.374	n	12.8299	3.68589	6.329	31.2515
1399744847.436	n	12.8319	3.68562	6.312	31.2474
1399744847.501	n	12.8328	3.68544	6.293	31.2449
1399744847.561	n	12.8336	3.68535	6.279	31.2434
1399744847.625	n	12.8353	3.68524	6.262	31.2410
1399744847.687	n	12.8387	3.68494	6.241	31.2353
1399744847.749	n	12.8435	3.68434	6.222	31.2258
1399744847.811	n	12.8483	3.68352	6.208	31.2141
1399744847.874	n	12.8520	3.68271	6.193	31.2033
1399744847.936	n	12.8545	3.68210	6.177	31.1955
1399744848.003	n	12.8555	3.68175	6.157	31.1915
1399744848.062	n	12.8551	3.68158	6.143	31.1902
1399744848.125	n	12.8542	3.68149	6.123	31.1901
1399744848.186	n	12.8532	3.68141	6.108	31.1902
1399744848.249	n	12.8522	3.68136	6.092	31.1906
1399744848.312	n	12.8514	3.68135	6.078	31.1910
1399744848.375	n	12.8509	3.68134	6.060	31.1914
1399744848.438	n	12.8504	3.68131	6.041	31.1916
1399744848.499	n	12.8502	3.68127	6.027	31.1914
1399744848.691	y	12.8505	3.68122	6.009	31.1906
1399744848.699	n	12.8511	3.68116	5.993	31.1896
1399744848.705	n	12.8519	3.68103	5.975	31.1878
1399744848.751	n	12.8527	3.68086	5.958	31.1855
1399744848.812	n	12.8535	3.68066	5.940	31.1829
1399744848.875	n	12.8543	3.68046	5.923	31.1804
1399744848.937	n	12.8548	3.68027	5.907	31.1782
1399744849.004	n	12.8552	3.68010	5.887	31.1763
1399744849.062	n	12.8556	3.67990	5.872	31.1741
1399744849.125	n	12.8561	3.67968	5.856	31.1716
1399744849.188	n	12.8569	3.67945	5.838	31.1688
1399744849.249	n	12.8578	3.67924	5.820	31.1660
1399744849.312	n	12.8588	3.67904	5.803	31.1633
1399744849.375	n	12.8598	3.67876	5.789	31.1599
1399744849.438	n	12.8607	3.67837	5.771	31.1554
1399744849.499	n	12.8615	3.67796	5.754	31.1509
1399744849.563	n	12.8620	3.67765	5.737	31.1477
1399744849.624	n	12.8620	3.67753	5.720	31.1465
1399744849.687	n	12.8616	3.67762	5.704	31.1477
1399744849.749	n	12.8609	3.67781	5.686	31.1501
1399744849.811	n	12.8600	3.67800	5.669	31.1526
1399744849.874	n	12.8589	3.67817	5.652	31.1551
1399744849.937	n	12.8579	3.67831	5.637	31.1573
1399744850.000	n	12.8573	3.67838	5.619	31.1585
1399744850.062	n	12.8575	3.67830	5.605	31.1575
1399744850.125	n	12.8584	3.67808	5.590	31.1547
1399744850.188	n	12.8595	3.67785	5.571	31.1516
1399744850.250	n	12.8605	3.67769	5.556	31.1494
1399744850.312	n	12.8610	3.67764	5.540	31.1485
1399744850.375	n	12.8613	3.67763	5.522	31.1482
1399744850.438	n	12.8615	3.67759	5.508	31.1476
1399744850.499	n	12.8618	3.67748	5.490	31.1464
1399744850.588	y	12.8619	3.67734	5.471	31.1449
1399744850.624	n	12.8620	3.67715	5.454	31.1431
1399744850.686	n	12.8620	3.67692	5.437	31.1409
1399744850.750	n	12.8619	3.67671	5.417	31.1390
1399744850.813	n	12.8618	3.67662	5.398	31.1383
1399744850.875	n	12.8617	3.67667	5.383	31.1388
1399744850.938	n	12.8617	3.67682	5.368	31.1403
1399744850.999	n	12.8617	3.67701	5.349	31.1420
1399744851.062	n	12.8616	3.67716	5.330	31.1435
1399744851.125	n	12.8615	3.67728	5.310	31.1448
1399744851.263	y	12.8613	3.67739	5.292	31.1460
1399744851.268	n	12.8611	3.67747	5.276	31.1469
1399744851.311	n	12.8609	3.67755	5.256	31.1478
1399744851.374	n	12.8609	3.67762	5.241	31.1485
1399744851.436	n	12.8608	3.67763	5.220	31.1486
1399744851.500	n	12.8608	3.67754	5.200	31.1478
1399744851.562	n	12.8608	3.67741	5.182	31.1466
1399744851.624	n	12.8609	3.67726	5.161	31.1451
1399744851.687	n	12.8610	3.67710	5.145	31.1435
1399744851.749	n	12.8612	3.67692	5.122	31.1416
1399744851.813	n	12.8615	3.67672	5.103	31.1395
1399744851.875	n	12.8618	3.67649	5.081	31.1372
1399744851.938	n	12.8620	3.67629	5.060	31.1351
1399744851.999	n	12.8621	3.67617	5.038	31.1339
1399744852.061	n	12.8621	3.67612	5.017	31.1335
1399744852.124	n	12.8620	3.67611	4.998	31.1334
1399744852.187	n	12.8619	3.67613	4.976	31.1337
1399744852.249	n	12.8618	3.67615	4.950	31.1340
1399744852.313	n	12.8618	3.67615	4.929	31.1340
1399744852.374	n	12.8617	3.67611	4.904	31.1337
1399744852.439	n	12.8620	3.67571	4.882	31.1297
1399744852.501	n	12.8629	3.67271	4.863	31.1008
1399744852.563	n	12.8640	3.66586	4.839	31.0354
1399744852.624	n	12.8651	3.65544	4.815	30.9365
1399744852.687	n	12.8658	3.64401	4.794	30.8284
1399744852.749	y	12.8661	3.63569	4.773	30.7500
1399744852.855	n	12.8660	3.63217	4.749	30.7170
1399744852.875	n	12.8659	3.63164	4.730	30.7121
1399744852.938	n	12.8656	3.63324	4.705	30.7274
1399744852.999	n	12.8652	3.63560	4.681	30.7499
1399744853.061	n	12.8648	3.64000	4.658	30.7916
1399744853.124	n	12.8646	3.64802	4.636	30.8671
1399744853.187	n	12.8648	3.65710	4.613	30.9524
1399744853.251	n	12.8653	3.66423	4.592	31.0190
1399744853.313	n	12.8660	3.66843	4.572	31.0580
1399744853.375	n	12.8667	3.66890	4.546	31.0619
1399744853.437	n	12.8671	3.66730	4.525	31.0465
1399744853.499	n	12.8671	3.66558	4.503	31.0303
1399744853.562	n	12.8668	3.66387	4.481	31.0146
1399744853.625	n	12.8662	3.66226	4.457	30.9999
1399744853.686	n	12.8654	3.66101	4.437	30.9887
1399744853.750	n	12.8647	3.66019	4.417	30.9816
1399744853.812	n	12.8641	3.65961	4.401	30.9767
1399744853.875	n	12.8637	3.65925	4.381	30.9736
1399744853.938	n	12.8634	3.65907	4.360	30.9722
1399744853.999	n	12.8631	3.65893	4.341	30.9711
1399744854.063	n	12.8629	3.65881	4.327	30.9702
1399744854.165	y	12.8627	3.65869	4.310	30.9692
1399744854.187	n	12.8624	3.65848	4.291	30.9675
1399744854.250	n	12.8621	3.65811	4.273	30.9643
1399744854.311	n	12.8616	3.65760	4.256	30.9599
1399744854.375	n	12.8610	3.65707	4.237	30.9554
1399744854.438	n	12.8603	3.65658	4.221	30.9513
1399744854.500	n	12.8596	3.65613	4.205	30.9478
1399744854.562	n	12.8589	3.65577	4.191	30.9449
1399744854.625	n	12.8583	3.65551	4.174	30.9429
1399744854.687	n	12.8579	3.65531	4.161	30.9414
1399744854.751	n	12.8576	3.65518	4.146	30.9404
1399744854.811	n	12.8574	3.65508	4.132	30.9396
1399744854.875	n	12.8572	3.65496	4.116	30.9387
1399744854.936	n	12.8571	3.65479	4.101	30.9372
1399744855.000	n	12.8569	3.65461	4.090	30.9356
1399744855.062	n	12.8567	3.65442	4.078	30.9340
1399744855.124	n	12.8565	3.65421	4.064	30.9322
1399744855.189	n	12.8563	3.65399	4.050	30.9303
1399744855.250	n	12.8561	3.65377	4.036	30.9284
1399744855.312	n	12.8560	3.65354	4.024	30.9263
1399744855.375	n	12.8559	3.65334	4.013	30.9246
1399744855.437	n	12.8558	3.65319	4.002	30.9232
1399744855.500	n	12.8559	3.65306	3.992	30.9220
1399744855.563	n	12.8560	3.65297	3.978	30.9210
1399744855.624	n	12.8562	3.65293	3.969	30.9204
1399744855.687	n	12.8563	3.65291	3.958	30.9202
1399744855.750	n	12.8562	3.65289	3.951	30.9200
1399744855.812	n	12.8562	3.65273	3.943	30.9186
1399744855.875	n	12.8562	3.65237	3.930	30.9152
1399744855.938	n	12.8563	3.65181	3.920	30.9099
1399744856.001	n	12.8566	3.65120	3.911	30.9039
1399744856.061	n	12.8569	3.65065	3.905	30.8984
1399744856.124	n	12.8573	3.65016	3.899	30.8936
1399744856.189	n	12.8576	3.64968	3.893	30.8888
1399744856.251	n	12.8578	3.64916	3.884	30.8837
1399744856.311	n	12.8580	3.64858	3.877	30.8781
1399744856.374	n	12.8583	3.64801	3.870	30.8725
1399744856.437	n	12.8587	3.64753	3.861	30.8677
1399744856.501	n	12.8590	3.64712	3.855	30.8635
1399744856.561	n	12.8593	3.64674	3.850	30.8598
1399744856.625	n	12.8594	3.64639	3.846	30.8563
1399744856.687	n	12.8595	3.64603	3.836	30.8529
1399744856.749	n	12.8597	3.64563	3.832	30.8491
1399744856.811	n	12.8598	3.64525	3.824	30.8454
1399744856.874	n	12.8600	3.64490	3.815	30.8419
1399744856.938	n	12.8603	3.64459	3.815	30.8388
1399744857.000	y	12.8605	3.64432	3.809	30.8360
1399744857.151	n	12.8608	3.64408	3.804	30.8335
1399744857.162	n	12.8611	3.64386	3.798	30.8312
1399744857.188	n	12.8614	3.64365	3.795	30.8290
1399744857.250	n	12.8617	3.64342	3.788	30.8266
1399744857.313	n	12.8619	3.64317	3.782	30.8241
1399744857.374	n	12.8620	3.64288	3.782	30.8213
1399744857.437	n	12.8620	3.64257	3.772	30.8184
1399744857.502	n	12.8620	3.64227	3.770	30.8155
1399744857.561	n	12.8620	3.64194	3.764	30.8124
1399744857.624	n	12.8620	3.64157	3.759	30.8090
1399744857.688	n	12.8621	3.64122	3.757	30.8057
1399744857.749	n	12.8622	3.64087	3.753	30.8022
1399744857.812	y	12.8625	3.64053	3.746	30.7988
1399744857.874	n	12.8628	3.64020	3.739	30.7955
1399744857.937	n	12.8631	3.63985	3.739	30.7920
1399744858.000	n	12.8633	3.63947	3.729	30.7882
1399744858.062	n	12.8635	3.63908	3.728	30.7843
1399744858.124	n	12.8636	3.63863	3.720	30.7801
1399744858.187	n	12.8635	3.63812	3.710	30.7753
1399744858.250	n	12.8635	3.63761	3.704	30.7706
1399744858.312	n	12.8634	3.63710	3.698	30.7658
1399744858.375	n	12.8632	3.63659	3.695	30.7612
1399744858.436	n	12.8629	3.63611	3.689	30.7570
1399744858.501	n	12.8622	3.63562	3.682	30.7529
1399744858.562	n	12.8610	3.63503	3.674	30.7483
1399744858.625	n	12.8594	3.63441	3.666	30.7439
1399744858.686	n	12.8574	3.63378	3.658	30.7395
1399744858.750	n	12.8553	3.63312	3.650	30.7350
1399744858.812	n	12.8534	3.63247	3.638	30.7305
1399744858.874	n	12.8518	3.63189	3.629	30.7263
1399744858.938	n	12.8507	3.63136	3.618	30.7222
1399744859.001	n	12.8499	3.63094	3.611	30.7190
1399744859.062	n	12.8493	3.63069	3.601	30.7170
1399744859.125	n	12.8489	3.63052	3.588	30.7159
1399744859.187	n	12.8485	3.63042	3.577	30.7152
1399744859.251	n	12.8482	3.63034	3.562	30.7147
1399744859.311	n	12.8478	3.63029	3.557	30.7146
1399744859.374	n	12.8475	3.63024	3.543	30.7144
1399744859.437	n	12.8472	3.63016	3.529	30.7138
1399744859.500	n	12.8468	3.63000	3.515	30.7126
1399744859.563	n	12.8462	3.62976	3.505	30.7109
1399744859.624	n	12.8454	3.62946	3.488	30.7087
1399744859.690	n	12.8445	3.62915	3.470	30.7066
1399744859.749	n	12.8436	3.62887	3.459	30.7046
1399744859.812	n	12.8429	3.62862	3.446	30.7028
1399744859.874	n	12.8425	3.62842	3.431	30.7013
1399744859.937	n	12.8425	3.62824	3.419	30.6997
1399744860.000	n	12.8427	3.62801	3.401	30.6973
1399744860.061	n	12.8433	3.62772	3.389	30.6941
1399744860.124	n	12.8441	3.62735	3.375	30.6900
1399744860.188	n	12.8449	3.62688	3.360	30.6849
1399744860.250	n	12.8456	3.62631	3.345	30.6790
1399744860.311	n	12.8460	3.62564	3.334	30.6724
1399744860.374	n	12.8463	3.62490	3.317	30.6652
1399744860.437	n	12.8465	3.62416	3.302	30.6581
1399744860.501	n	12.8468	3.62357	3.288	30.6524
1399744860.561	n	12.8471	3.62318	3.269	30.6485
1399744860.624	n	12.8473	3.62295	3.258	30.6461
1399744860.688	n	12.8474	3.62280	3.241	30.6446
1399744860.751	n	12.8475	3.62257	3.226	30.6424
1399744860.812	n	12.8475	3.62210	3.209	30.6380
1399744860.875	n	12.8474	3.62135	3.193	30.6310
1399744860.938	n	12.8473	3.62032	3.176	30.6214
1399744860.999	n	12.8472	3.61909	3.160	30.6099
1399744861.062	n	12.8472	3.61781	3.143	30.5980
1399744861.125	n	12.8473	3.61662	3.129	30.5867
1399744861.186	n	12.8475	3.61555	3.114	30.5765
1399744861.250	n	12.8476	3.61466	3.102	30.5680
1399744861.416	y	12.8478	3.61398	3.087	30.5615
1399744861.423	n	12.8479	3.61342	3.069	30.5561
1399744861.448	y	12.8481	3.61264	3.051	30.5487
1399744861.500	n	12.8487	3.61139	3.038	30.5365
1399744861.562	n	12.8498	3.60973	3.028	30.5199
1399744861.624	n	12.8515	3.60794	3.012	30.5018
1399744861.687	n	12.8534	3.60646	2.997	30.4864
1399744861.749	n	12.8553	3.60560	2.984	30.4768
1399744861.812	n	12.8567	3.60534	2.970	30.4733
1399744861.875	n	12.8576	3.60543	2.951	30.4734
1399744861.937	n	12.8582	3.60562	2.934	30.4746
1399744861.999	n	12.8588	3.60552	2.918	30.4732
1399744862.063	n	12.8596	3.60508	2.908	30.4685
1399744862.125	n	12.8603	3.60440	2.890	30.4616
1399744862.188	n	12.8609	3.60368	2.872	30.4543
1399744862.249	n	12.8616	3.60309	2.852	30.4482
1399744862.311	n	12.8626	3.60247	2.838	30.4416
1399744862.374	n	12.8643	3.60159	2.822	30.4319
1399744862.439	n	12.8665	3.60058	2.804	30.4208
1399744862.498	n	12.8686	3.59967	2.783	30.4105
1399744862.562	n	12.8703	3.59901	2.768	30.4029
1399744862.625	n	12.8715	3.59870	2.750	30.3991
1399744862.686	n	12.8721	3.59857	2.731	30.3974
1399744862.750	n	12.8725	3.59848	2.711	30.3962
1399744862.812	n	12.8729	3.59842	2.696	30.3954
1399744862.875	n	12.8734	3.59840	2.680	30.3948
1399744862.938	n	12.8737	3.59843	2.660	30.3948
1399744862.999	n	12.8739	3.59849	2.642	30.3952
1399744863.062	n	12.8739	3.59853	2.628	30.3957
1399744863.127	n	12.8739	3.59848	2.608	30.3952
1399744863.187	n	12.8742	3.59835	2.591	30.3937
1399744863.250	n	12.8750	3.59817	2.576	30.3914
1399744863.313	n	12.8760	3.59804	2.561	30.3893
1399744863.375	n	12.8768	3.59799	2.547	30.3882
1399744863.437	n	12.8773	3.59800	2.528	30.3880
1399744863.500	n	12.8776	3.59805	2.511	30.3881
1399744863.563	n	12.8777	3.59806	2.495	30.3882
1399744863.624	n	12.8779	3.59802	2.478	30.3876
1399744863.686	n	12.8787	3.59790	2.461	30.3859
1399744863.751	n	12.8802	3.59771	2.445	30.3830
1399744863.813	n	12.8823	3.59750	2.430	30.3793
1399744863.875	n	12.8844	3.59729	2.415	30.3756
1399744863.939	n	12.8859	3.59710	2.398	30.3727
1399744864.000	n	12.8867	3.59701	2.385	30.3711
1399744864.062	n	12.8870	3.59698	2.372	30.3706
1399744864.125	n	12.8873	3.59701	2.358	30.3707
1399744864.187	n	12.8876	3.59703	2.347	30.3707
1399744864.250	n	12.8880	3.59699	2.334	30.3700
1399744864.312	n	12.8883	3.59687	2.320	30.3686
1399744864.375	n	12.8888	3.59674	2.312	30.3670
1399744864.438	n	12.8893	3.59664	2.300	30.3657
1399744864.500	n	12.8897	3.59657	2.289	30.3647
1399744864.562	n	12.8902	3.59654	2.275	30.3640
1399744864.624	n	12.8905	3.59651	2.267	30.3635
1399744864.687	n	12.8907	3.59650	2.254	30.3633
1399744864.750	n	12.8906	3.59651	2.242	30.3634
1399744864.812	n	12.8901	3.59654	2.230	30.3641
1399744864.874	n	12.8894	3.59661	2.214	30.3653
1399744864.937	n	12.8889	3.59668	2.203	30.3664
1399744865.001	n	12.8892	3.59667	2.192	30.3661
1399744865.119	y	12.8905	3.59651	2.176	30.3635
1399744865.125	n	12.8927	3.59617	2.163	30.3586
1399744865.188	n	12.8951	3.59575	2.145	30.3527
1399744865.249	n	12.8969	3.59538	2.130	30.3478
1399744865.312	n	12.8976	3.59518	2.115	30.3453
1399744865.374	n	12.8976	3.59515	2.097	30.3451
1399744865.438	n	12.8972	3.59523	2.079	30.3462
1399744865.641	y	12.8969	3.59529	2.065	30.3470
1399744865.774	y	12.8972	3.59524	2.050	30.3463
1399744865.781	n	12.8984	3.59509	2.034	30.3440
1399744865.786	n	12.9001	3.59488	2.018	30.3406
1399744865.791	n	12.9023	3.59468	1.998	30.3370
1399744865.811	n	12.9046	3.59455	1.987	30.3339
1399744865.874	n	12.9069	3.59449	1.972	30.3316
1399744865.938	n	12.9089	3.59444	1.960	30.3294
1399744866.001	n	12.9108	3.59438	1.945	30.3273
1399744866.062	n	12.9124	3.59430	1.932	30.3253
1399744866.124	n	12.9137	3.59420	1.917	30.3234
1399744866.186	n	12.9138	3.59419	1.902	30.3233
1399744866.250	n	12.9121	3.59433	1.890	30.3259
1399744866.313	n	12.9090	3.59463	1.879	30.3312
1399744866.375	n	12.9053	3.59505	1.868	30.3380
1399744866.436	n	12.9022	3.59544	1.855	30.3442
1399744866.500	n	12.9006	3.59570	1.845	30.3479
1399744866.563	n	12.9005	3.59579	1.830	30.3489
1399744866.624	n	12.9012	3.59573	1.820	30.3478
1399744866.687	n	12.9025	3.59555	1.811	30.3450
1399744866.749	n	12.9045	3.59529	1.797	30.3410
1399744866.811	n	12.9067	3.59496	1.788	30.3361
1399744866.874	n	12.9089	3.59461	1.778	30.3311
1399744866.937	n	12.9109	3.59428	1.769	30.3264
1399744867.001	n	12.9126	3.59402	1.759	30.3226
1399744867.063	n	12.9138	3.59382	1.752	30.3197
1399744867.125	n	12.9149	3.59367	1.745	30.3175
1399744867.187	n	12.9157	3.59353	1.736	30.3156
1399744867.251	n	12.9165	3.59342	1.726	30.3139
1399744867.313	n	12.9171	3.59332	1.716	30.3124
1399744867.375	n	12.9177	3.59324	1.708	30.3113
1399744867.437	n	12.9182	3.59319	1.697	30.3104
1399744867.500	n	12.9186	3.59315	1.690	30.3097
1399744867.562	n	12.9187	3.59312	1.680	30.3094
1399744867.626	n	12.9184	3.59312	1.670	30.3095
1399744867.687	n	12.9180	3.59312	1.663	30.3099
1399744867.749	n	12.9175	3.59318	1.656	30.3109
1399744867.813	n	12.9169	3.59333	1.649	30.3128
1399744867.876	n	12.9160	3.59360	1.642	30.3159
1399744867.938	n	12.9150	3.59392	1.633	30.3198
1399744867.999	n	12.9137	3.59422	1.624	30.3237
1399744868.061	n	12.9127	3.59441	1.616	30.3263
1399744868.124	n	12.9122	3.59445	1.610	30.3270
1399744868.187	n	12.9122	3.59438	1.601	30.3264
1399744868.249	n	12.9123	3.59429	1.591	30.3255
1399744868.313	n	12.9124	3.59422	1.584	30.3248
1399744868.375	n	12.9126	3.59414	1.572	30.3239
1399744868.437	n	12.9133	3.59405	1.562	30.3223
1399744868.501	n	12.9147	3.59389	1.551	30.3197
1399744868.563	n	12.9165	3.59369	1.545	30.3165
1399744868.624	n	12.9182	3.59354	1.536	30.3137
1399744868.688	n	12.9197	3.59347	1.526	30.3118
1399744868.780	y	12.9212	3.59342	1.520	30.3102
1399744868.812	n	12.9227	3.59340	1.513	30.3088
1399744868.875	n	12.9244	3.59336	1.504	30.3071
1399744868.938	n	12.9261	3.59331	1.498	30.3053
1399744868.999	n	12.9278	3.59325	1.491	30.3033
1399744869.061	n	12.9298	3.59318	1.481	30.3011
1399744869.124	n	12.9321	3.59312	1.475	30.2986
1399744869.186	n	12.9344	3.59307	1.466	30.2963
1399744869.250	n	12.9365	3.59302	1.460	30.2943
1399744869.312	n	12.9377	3.59300	1.450	30.2931
1399744869.375	n	12.9379	3.59298	1.441	30.2928
1399744869.437	n	12.9373	3.59296	1.431	30.2931
1399744869.501	n	12.9362	3.59294	1.422	30.2938
1399744869.562	n	12.9347	3.59292	1.416	30.2948
1399744869.626	n	12.9333	3.59291	1.409	30.2958
1399744869.686	n	12.9320	3.59292	1.397	30.2970
1399744869.750	y	12.9309	3.59294	1.387	30.2980
1399744869.858	n	12.9302	3.59296	1.375	30.2988
1399744869.874	n	12.9300	3.59297	1.363	30.2990
1399744869.938	n	12.9306	3.59295	1.351	30.2984
1399744869.999	n	12.9317	3.59291	1.338	30.2971
1399744870.061	n	12.9329	3.59287	1.326	30.2958
1399744870.124	n	12.9339	3.59283	1.315	30.2946
1399744870.186	n	12.9344	3.59280	1.300	30.2939
1399744870.250	n	12.9346	3.59278	1.284	30.2936
1399744870.312	n	12.9347	3.59277	1.268	30.2934
1399744870.375	n	12.9352	3.59276	1.250	30.2929
1399744870.436	n	12.9358	3.59276	1.239	30.2924
1399744870.500	n	12.9366	3.59276	1.220	30.2919
1399744870.562	n	12.9372	3.59276	1.206	30.2914
1399744870.625	n	12.9375	3.59274	1.192	30.2909
1399744870.688	n	12.9375	3.59271	1.179	30.2906
1399744870.751	n	12.9374	3.59268	1.167	30.2904
1399744870.811	n	12.9375	3.59266	1.151	30.2902
1399744870.875	n	12.9376	3.59266	1.135	30.2901
1399744870.936	n	12.9377	3.59266	1.119	30.2901
1399744871.000	n	12.9377	3.59267	1.101	30.2901
1399744871.063	n	12.9378	3.59268	1.086	30.2902
1399744871.125	n	12.9379	3.59270	1.069	30.2903
1399744871.187	n	12.9381	3.59273	1.053	30.2904
1399744871.249	n	12.9384	3.59276	1.037	30.2904
1399744871.311	n	12.9389	3.59279	1.019	30.2904
1399744871.375	n	12.9393	3.59281	1.002	30.2902
1399744871.437	n	12.9397	3.59283	0.986	30.2901
1399744871.499	n	12.9398	3.59284	0.968	30.2901
1399744871.562	n	12.9398	3.59284	0.951	30.2901
1399744871.624	n	12.9398	3.59284	0.930	30.2901
1399744871.688	n	12.9399	3.59283	0.918	30.2900
1399744871.750	n	12.9400	3.59283	0.900	30.2899
1399744871.812	n	12.9402	3.59284	0.879	30.2899
1399744871.874	n	12.9403	3.59285	0.865	30.2898
1399744871.937	n	12.9405	3.59287	0.851	30.2898
1399744872.001	n	12.9407	3.59289	0.835	30.2899
1399744872.061	n	12.9407	3.59289	0.821	30.2899
1399744872.124	n	12.9407	3.59290	0.807	30.2900
1399744872.188	n	12.9407	3.59291	0.798	30.2901
1399744872.250	n	12.9406	3.59293	0.784	30.2904
1399744872.312	n	12.9406	3.59298	0.768	30.2909
1399744872.375	n	12.9406	3.59301	0.758	30.2911
1399744872.467	y	12.9408	3.59303	0.748	30.2912
1399744872.501	n	12.9410	3.59305	0.742	30.2913
1399744872.562	n	12.9412	3.59307	0.726	30.2912
1399744872.624	n	12.9413	3.59308	0.719	30.2912
1399744872.687	n	12.9414	3.59309	0.707	30.2913
1399744872.750	n	12.9414	3.59308	0.701	30.2912
1399744872.812	n	12.9414	3.59308	0.691	30.2912
1399744872.878	n	12.9413	3.59308	0.676	30.2913
1399744872.939	n	12.9411	3.59309	0.670	30.2915
1399744873.000	n	12.9408	3.59309	0.659	30.2917
1399744873.062	n	12.9405	3.59308	0.647	30.2919
1399744873.126	n	12.9401	3.59306	0.641	30.2920
1399744873.187	n	12.9397	3.59304	0.633	30.2922
1399744873.251	n	12.9394	3.59302	0.620	30.2923
1399744873.313	n	12.9392	3.59304	0.607	30.2925
1399744873.375	n	12.9392	3.59307	0.595	30.2929
1399744873.437	n	12.9392	3.59312	0.589	30.2933
1399744873.499	n	12.9385	3.53210	0.582	29.7234
1399744873.561	n	12.9341	3.15796	0.569	26.2609
1399744873.626	n	12.9219	2.54589	0.556	20.7225
1399744873.687	n	12.8985	1.84728	0.543	14.6032
1399744873.751	n	12.8633	1.26048	0.532	9.6542
1399744873.812	n	12.8203	0.92650	0.518	6.9338
1399744873.875	n	12.7774	0.86068	0.512	6.4127
1399744873.937	n	12.7427	0.80042	0.503	5.9369
1399744873.999	y	12.7201	0.74656	0.492	5.5124
1399744874.093	n	12.7091	0.69294	0.482	5.0906
1399744874.124	n	12.7052	0.68602	0.471	5.0366
