Source File: D:\Storage\Programs\OOI\Group 5\Correspondence\07_18_14 sample files\files\11302499.PPB
Processed: 07/18/2014 12:28:09
Using Version: 1.11
Device: CTD
Start Date: 05/10/2014
Timestamp (s)	Suspect Timestamp	Temperature	Conductivity	Pressure	Salinity
1399701582.684	y	12.4155	3.69855	22.670	31.7114
1399701582.745	n	12.4156	3.69858	22.661	31.7116
1399701582.809	n	12.4156	3.69858	22.657	31.7116
1399701582.871	n	12.4156	3.69855	22.670	31.7113
1399701582.935	n	12.4156	3.69858	22.661	31.7116
1399701582.996	n	12.4155	3.69854	22.648	31.7113
1399701583.057	n	12.4156	3.69858	22.640	31.7116
1399701583.123	n	12.4156	3.69857	22.657	31.7115
1399701583.185	n	12.4156	3.69857	22.652	31.7115
1399701583.247	n	12.4155	3.69856	22.650	31.7115
1399701583.309	n	12.4155	3.69856	22.648	31.7115
1399701583.374	n	12.4155	3.69856	22.640	31.7115
1399701583.435	n	12.4155	3.69856	22.632	31.7115
1399701583.498	n	12.4155	3.69856	22.627	31.7115
1399701583.560	n	12.4155	3.69856	22.628	31.7115
1399701583.621	n	12.4154	3.69857	22.619	31.7116
1399701583.684	n	12.4154	3.69857	22.608	31.7117
1399701583.747	n	12.4154	3.69856	22.602	31.7117
1399701583.810	n	12.4154	3.69856	22.598	31.7117
1399701583.873	n	12.4154	3.69856	22.586	31.7116
1399701583.937	n	12.4154	3.69856	22.580	31.7116
1399701583.997	n	12.4154	3.69857	22.571	31.7117
1399701584.059	n	12.4153	3.69857	22.564	31.7117
1399701584.122	n	12.4153	3.69857	22.558	31.7118
1399701584.186	n	12.4152	3.69856	22.549	31.7118
1399701585.645	n	12.4151	3.69856	22.542	31.7119
1399701585.676	n	12.4150	3.69857	22.533	31.7120
1399701585.697	n	12.4150	3.69857	22.520	31.7121
1399701585.717	n	12.4150	3.69856	22.512	31.7120
1399701585.725	n	12.4149	3.69855	22.504	31.7120
1399701585.732	n	12.4149	3.69855	22.499	31.7119
1399701585.739	n	12.4149	3.69855	22.490	31.7120
1399701585.745	n	12.4149	3.69856	22.482	31.7121
1399701585.753	n	12.4149	3.69856	22.475	31.7121
1399701585.760	n	12.4149	3.69855	22.465	31.7120
1399701585.766	n	12.4149	3.69854	22.455	31.7119
1399701585.772	n	12.4148	3.69853	22.447	31.7118
1399701585.778	n	12.4147	3.69852	22.441	31.7119
1399701585.784	n	12.4146	3.69852	22.434	31.7119
1399701585.790	n	12.4146	3.69852	22.424	31.7120
1399701585.796	n	12.4146	3.69853	22.417	31.7121
1399701585.802	n	12.4146	3.69854	22.412	31.7121
1399701585.808	n	12.4147	3.69854	22.407	31.7121
1399701585.816	n	12.4147	3.69855	22.401	31.7121
1399701585.823	n	12.4147	3.69854	22.393	31.7121
1399701585.831	n	12.4146	3.69852	22.388	31.7119
1399701585.838	n	12.4146	3.69851	22.380	31.7118
1399701585.845	n	12.4146	3.69850	22.373	31.7117
1399701585.854	n	12.4146	3.69849	22.369	31.7116
1399701585.863	n	12.4146	3.69849	22.364	31.7117
1399701585.871	n	12.4146	3.69850	22.359	31.7117
1399701585.879	n	12.4146	3.69850	22.350	31.7118
1399701585.935	n	12.4146	3.69850	22.344	31.7118
1399701585.998	n	12.4146	3.69851	22.340	31.7119
1399701586.060	n	12.4146	3.69852	22.338	31.7119
1399701586.123	n	12.4146	3.69853	22.333	31.7121
1399701586.184	n	12.4146	3.69853	22.326	31.7121
1399701586.247	n	12.4145	3.69853	22.326	31.7121
1399701586.312	n	12.4145	3.69852	22.324	31.7121
1399701586.373	n	12.4145	3.69852	22.323	31.7121
1399701586.437	n	12.4145	3.69853	22.318	31.7121
1399701586.499	n	12.4145	3.69853	22.316	31.7121
1399701586.562	n	12.4145	3.69852	22.316	31.7121
1399701586.622	n	12.4145	3.69852	22.314	31.7121
1399701586.694	n	12.4145	3.69852	22.316	31.7121
1399701586.747	n	12.4145	3.69852	22.315	31.7121
1399701586.812	n	12.4145	3.69852	22.313	31.7121
1399701586.873	n	12.4145	3.69852	22.311	31.7121
1399701586.934	n	12.4144	3.69852	22.312	31.7122
1399701586.997	n	12.4144	3.69854	22.313	31.7123
1399701587.060	n	12.4144	3.69855	22.314	31.7125
1399701587.123	n	12.4145	3.69857	22.317	31.7125
1399701587.187	n	12.4145	3.69857	22.319	31.7126
1399701587.247	n	12.4145	3.69856	22.320	31.7125
1399701587.311	n	12.4144	3.69854	22.320	31.7124
1399701587.373	n	12.4144	3.69853	22.321	31.7122
1399701587.437	n	12.4144	3.69852	22.325	31.7122
1399701587.498	n	12.4144	3.69853	22.326	31.7122
1399701587.559	n	12.4144	3.69853	22.330	31.7123
1399701587.624	n	12.4144	3.69854	22.335	31.7124
1399701587.688	n	12.4144	3.69856	22.337	31.7125
1399701587.748	n	12.4144	3.69856	22.341	31.7125
1399701587.811	n	12.4145	3.69856	22.346	31.7125
1399701587.875	n	12.4145	3.69855	22.349	31.7124
1399701587.935	n	12.4145	3.69854	22.350	31.7123
1399701587.997	n	12.4144	3.69854	22.354	31.7123
1399701588.061	n	12.4144	3.69854	22.360	31.7123
1399701588.125	n	12.4144	3.69854	22.364	31.7123
1399701588.185	n	12.4145	3.69854	22.367	31.7122
1399701588.249	n	12.4145	3.69854	22.372	31.7123
1399701588.315	n	12.4145	3.69855	22.375	31.7123
1399701588.390	y	12.4145	3.69855	22.379	31.7123
1399701588.436	n	12.4145	3.69855	22.385	31.7123
1399701588.499	n	12.4145	3.69854	22.385	31.7123
1399701588.563	n	12.4146	3.69854	22.388	31.7122
1399701588.622	n	12.4146	3.69854	22.392	31.7121
1399701588.688	n	12.4146	3.69854	22.399	31.7121
1399701588.748	n	12.4147	3.69855	22.405	31.7121
1399701588.813	n	12.4147	3.69855	22.408	31.7122
1399701588.872	n	12.4147	3.69855	22.413	31.7122
1399701588.935	n	12.4148	3.69856	22.418	31.7122
1399701589.000	n	12.4148	3.69856	22.420	31.7122
1399701589.062	n	12.4149	3.69856	22.424	31.7121
1399701589.122	n	12.4149	3.69856	22.428	31.7121
1399701589.282	y	12.4149	3.69856	22.431	31.7121
1399701589.289	n	12.4149	3.69856	22.433	31.7121
1399701589.312	n	12.4150	3.69857	22.439	31.7121
1399701589.374	n	12.4150	3.69858	22.444	31.7121
1399701589.435	n	12.4151	3.69857	22.444	31.7120
1399701589.499	n	12.4151	3.69856	22.448	31.7120
1399701589.563	n	12.4152	3.69856	22.450	31.7118
1399701589.623	n	12.4152	3.69855	22.454	31.7117
1399701589.686	n	12.4152	3.69855	22.456	31.7117
1399701589.748	n	12.4152	3.69855	22.462	31.7117
1399701589.813	n	12.4152	3.69854	22.463	31.7116
1399701589.872	n	12.4152	3.69855	22.468	31.7116
1399701589.936	n	12.4153	3.69855	22.472	31.7117
1399701589.998	n	12.4153	3.69856	22.476	31.7117
1399701590.063	n	12.4153	3.69856	22.477	31.7117
1399701590.121	n	12.4153	3.69856	22.482	31.7117
1399701590.186	n	12.4154	3.69855	22.482	31.7116
1399701590.249	n	12.4154	3.69855	22.482	31.7115
1399701590.312	n	12.4155	3.69856	22.486	31.7116
1399701590.373	n	12.4155	3.69857	22.490	31.7117
1399701590.436	n	12.4155	3.69858	22.494	31.7118
1399701590.498	n	12.4155	3.69858	22.497	31.7118
1399701590.561	n	12.4155	3.69857	22.501	31.7116
1399701590.623	n	12.4155	3.69856	22.503	31.7115
1399701590.691	n	12.4155	3.69855	22.504	31.7115
1399701590.748	n	12.4155	3.69856	22.506	31.7115
1399701590.812	n	12.4155	3.69857	22.507	31.7116
1399701590.875	n	12.4156	3.69857	22.509	31.7116
1399701590.934	n	12.4156	3.69857	22.508	31.7115
1399701590.997	n	12.4157	3.69857	22.511	31.7114
1399701591.067	n	12.4157	3.69856	22.511	31.7114
1399701591.122	n	12.4157	3.69857	22.512	31.7114
1399701591.184	n	12.4157	3.69856	22.508	31.7114
1399701591.247	n	12.4156	3.69856	22.512	31.7114
1399701591.312	n	12.4156	3.69856	22.514	31.7114
1399701591.372	n	12.4156	3.69857	22.514	31.7115
1399701591.436	n	12.4157	3.69857	22.515	31.7115
1399701591.498	n	12.4157	3.69858	22.521	31.7115
1399701591.560	n	12.4157	3.69858	22.520	31.7115
1399701591.621	n	12.4157	3.69857	22.522	31.7114
1399701591.684	n	12.4157	3.69857	22.521	31.7114
1399701591.746	n	12.4157	3.69856	22.525	31.7114
1399701591.811	n	12.4156	3.69857	22.526	31.7115
1399701591.875	n	12.4156	3.69857	22.528	31.7115
1399701591.935	n	12.4156	3.69857	22.527	31.7115
1399701591.997	n	12.4156	3.69856	22.527	31.7115
1399701592.072	y	12.4155	3.69856	22.528	31.7115
1399701592.122	n	12.4155	3.69855	22.527	31.7115
1399701592.185	n	12.4155	3.69856	22.526	31.7115
1399701592.248	n	12.4155	3.69857	22.526	31.7116
1399701592.311	n	12.4156	3.69858	22.525	31.7116
1399701592.372	y	12.4156	3.69857	22.521	31.7116
1399701592.435	n	12.4156	3.69856	22.522	31.7115
1399701592.497	n	12.4155	3.69855	22.517	31.7115
1399701592.575	n	12.4154	3.69856	22.513	31.7116
1399701592.623	n	12.4155	3.69856	22.510	31.7116
1399701592.684	n	12.4155	3.69857	22.508	31.7116
1399701592.747	n	12.4155	3.69857	22.506	31.7116
1399701592.811	n	12.4155	3.69858	22.500	31.7117
1399701592.872	n	12.4155	3.69857	22.496	31.7117
1399701592.936	n	12.4155	3.69857	22.490	31.7116
1399701592.996	n	12.4155	3.69856	22.485	31.7115
1399701593.075	n	12.4155	3.69855	22.477	31.7114
1399701593.123	n	12.4156	3.69856	22.471	31.7115
1399701593.184	n	12.4156	3.69856	22.465	31.7115
1399701593.247	n	12.4156	3.69857	22.460	31.7115
1399701593.310	n	12.4155	3.69856	22.450	31.7115
1399701593.374	n	12.4155	3.69855	22.444	31.7115
1399701593.559	y	12.4155	3.69856	22.438	31.7116
1399701593.944	n	12.4154	3.69856	22.429	31.7116
1399701593.955	n	12.4154	3.69857	22.420	31.7117
1399701593.961	n	12.4154	3.69858	22.414	31.7118
1399701593.972	n	12.4154	3.69857	22.403	31.7118
1399701593.978	n	12.4154	3.69856	22.396	31.7117
1399701593.984	n	12.4154	3.69856	22.385	31.7117
1399701593.990	n	12.4153	3.69855	22.377	31.7116
1399701593.994	n	12.4153	3.69855	22.367	31.7117
1399701593.999	n	12.4153	3.69855	22.358	31.7117
1399701594.061	n	12.4152	3.69855	22.350	31.7117
1399701594.123	n	12.4152	3.69855	22.337	31.7118
1399701594.185	n	12.4152	3.69855	22.325	31.7118
1399701594.247	n	12.4152	3.69854	22.312	31.7117
1399701594.311	n	12.4152	3.69854	22.300	31.7117
1399701594.372	n	12.4152	3.69854	22.291	31.7117
1399701594.436	n	12.4152	3.69854	22.278	31.7116
1399701594.498	n	12.4152	3.69854	22.263	31.7117
1399701594.559	n	12.4152	3.69855	22.253	31.7118
1399701594.624	n	12.4152	3.69854	22.237	31.7118
1399701594.684	n	12.4151	3.69854	22.226	31.7118
1399701594.748	n	12.4151	3.69855	22.213	31.7119
1399701594.811	n	12.4151	3.69854	22.195	31.7119
1399701594.872	n	12.4151	3.69853	22.184	31.7118
1399701594.936	n	12.4151	3.69853	22.165	31.7117
1399701594.997	n	12.4151	3.69852	22.151	31.7117
1399701595.060	n	12.4151	3.69851	22.134	31.7116
1399701595.121	n	12.4151	3.69851	22.120	31.7116
1399701595.185	n	12.4152	3.69851	22.101	31.7116
1399701595.248	n	12.4152	3.69851	22.083	31.7115
1399701595.310	n	12.4151	3.69851	22.068	31.7116
1399701595.373	n	12.4151	3.69852	22.052	31.7117
1399701595.435	n	12.4151	3.69853	22.035	31.7118
1399701595.498	n	12.4151	3.69853	22.016	31.7118
1399701595.559	n	12.4151	3.69853	22.000	31.7118
1399701595.623	y	12.4151	3.69853	21.984	31.7118
1399701595.686	n	12.4151	3.69852	21.969	31.7117
1399701595.748	n	12.4152	3.69851	21.951	31.7115
1399701595.811	n	12.4153	3.69850	21.932	31.7113
1399701595.872	n	12.4153	3.69849	21.915	31.7113
1399701595.935	n	12.4154	3.69850	21.894	31.7113
1399701595.997	n	12.4154	3.69850	21.878	31.7113
1399701596.059	n	12.4154	3.69850	21.862	31.7114
1399701596.124	n	12.4154	3.69850	21.844	31.7113
1399701596.184	n	12.4155	3.69850	21.827	31.7113
1399701596.247	n	12.4155	3.69850	21.809	31.7113
1399701596.310	n	12.4155	3.69850	21.791	31.7112
1399701596.373	n	12.4156	3.69850	21.770	31.7112
1399701596.435	n	12.4157	3.69850	21.753	31.7111
1399701596.497	n	12.4157	3.69848	21.735	31.7109
1399701596.561	n	12.4158	3.69848	21.715	31.7109
1399701596.622	n	12.4158	3.69848	21.696	31.7108
1399701596.684	n	12.4159	3.69848	21.682	31.7107
1399701596.749	n	12.4160	3.69848	21.662	31.7107
1399701596.811	n	12.4161	3.69849	21.641	31.7107
1399701596.873	n	12.4161	3.69849	21.624	31.7107
1399701596.935	n	12.4162	3.69849	21.606	31.7106
1399701596.998	n	12.4162	3.69848	21.588	31.7105
1399701597.060	n	12.4163	3.69847	21.572	31.7104
1399701597.122	n	12.4164	3.69847	21.553	31.7103
1399701597.185	n	12.4165	3.69847	21.537	31.7103
1399701597.247	n	12.4166	3.69848	21.517	31.7102
1399701597.311	n	12.4167	3.69848	21.499	31.7101
1399701597.373	n	12.4168	3.69847	21.482	31.7100
1399701597.435	n	12.4169	3.69846	21.463	31.7098
1399701597.497	n	12.4170	3.69846	21.445	31.7097
1399701597.560	n	12.4171	3.69846	21.429	31.7096
1399701597.622	n	12.4172	3.69846	21.409	31.7095
1399701597.845	y	12.4174	3.69846	21.393	31.7094
1399701597.852	n	12.4176	3.69846	21.374	31.7093
1399701597.857	n	12.4178	3.69847	21.359	31.7092
1399701597.873	n	12.4180	3.69846	21.341	31.7090
1399701597.935	n	12.4181	3.69846	21.322	31.7088
1399701597.996	n	12.4182	3.69845	21.309	31.7087
1399701598.059	n	12.4184	3.69845	21.290	31.7085
1399701598.122	n	12.4185	3.69845	21.273	31.7084
1399701598.185	n	12.4186	3.69845	21.258	31.7083
1399701598.246	n	12.4188	3.69845	21.241	31.7083
1399701598.310	n	12.4189	3.69846	21.229	31.7082
1399701598.372	n	12.4191	3.69846	21.210	31.7081
1399701598.434	n	12.4193	3.69846	21.195	31.7079
1399701598.497	n	12.4195	3.69846	21.180	31.7077
1399701598.559	n	12.4197	3.69845	21.163	31.7075
1399701598.623	n	12.4199	3.69845	21.151	31.7073
1399701598.685	n	12.4201	3.69845	21.138	31.7072
1399701598.748	n	12.4203	3.69845	21.123	31.7070
1399701598.811	n	12.4204	3.69845	21.110	31.7069
1399701598.873	n	12.4206	3.69845	21.094	31.7067
1399701598.934	n	12.4208	3.69844	21.081	31.7065
1399701598.997	n	12.4211	3.69845	21.066	31.7063
1399701599.061	n	12.4213	3.69845	21.052	31.7062
1399701599.122	n	12.4216	3.69846	21.039	31.7060
1399701599.185	n	12.4218	3.69846	21.022	31.7058
1399701599.248	n	12.4221	3.69845	21.009	31.7055
1399701599.311	y	12.4224	3.69844	20.992	31.7052
1399701599.373	n	12.4227	3.69844	20.977	31.7049
1399701599.435	n	12.4229	3.69844	20.967	31.7047
1399701599.497	n	12.4231	3.69844	20.953	31.7045
1399701599.561	n	12.4233	3.69843	20.937	31.7043
1399701599.622	n	12.4236	3.69844	20.924	31.7042
1399701599.685	n	12.4238	3.69844	20.913	31.7040
1399701599.747	n	12.4241	3.69843	20.898	31.7038
1399701599.810	n	12.4242	3.69844	20.882	31.7036
1399701599.874	n	12.4244	3.69844	20.868	31.7035
1399701599.935	n	12.4246	3.69844	20.857	31.7034
1399701599.997	n	12.4248	3.69845	20.842	31.7033
1399701600.060	n	12.4250	3.69844	20.830	31.7030
1399701600.122	n	12.4253	3.69844	20.814	31.7028
1399701600.184	n	12.4255	3.69844	20.803	31.7026
1399701600.248	n	12.4257	3.69844	20.786	31.7025
1399701600.310	n	12.4258	3.69845	20.776	31.7024
1399701600.374	n	12.4260	3.69844	20.760	31.7023
1399701600.434	n	12.4261	3.69844	20.744	31.7021
1399701600.497	n	12.4263	3.69844	20.731	31.7019
1399701600.560	n	12.4265	3.69844	20.714	31.7018
1399701600.622	n	12.4266	3.69844	20.698	31.7017
1399701600.684	n	12.4268	3.69844	20.684	31.7016
1399701600.747	n	12.4269	3.69844	20.670	31.7015
1399701600.810	n	12.4271	3.69844	20.651	31.7013
1399701600.873	n	12.4272	3.69843	20.637	31.7011
1399701600.935	n	12.4273	3.69843	20.620	31.7010
1399701600.997	n	12.4274	3.69843	20.604	31.7010
1399701601.061	n	12.4275	3.69844	20.590	31.7010
1399701601.122	n	12.4276	3.69843	20.573	31.7009
1399701601.187	n	12.4277	3.69843	20.554	31.7008
1399701601.247	n	12.4278	3.69843	20.538	31.7007
1399701601.309	n	12.4278	3.69844	20.516	31.7007
1399701601.373	n	12.4279	3.69843	20.502	31.7007
1399701601.434	n	12.4280	3.69843	20.485	31.7006
1399701601.497	n	12.4280	3.69842	20.468	31.7005
1399701601.560	n	12.4281	3.69842	20.446	31.7004
1399701601.622	n	12.4281	3.69843	20.430	31.7005
1399701601.684	n	12.4282	3.69842	20.412	31.7004
1399701601.747	n	12.4283	3.69842	20.390	31.7002
1399701601.810	n	12.4284	3.69842	20.372	31.7001
1399701601.873	n	12.4285	3.69842	20.354	31.7000
1399701602.123	y	12.4286	3.69842	20.333	31.7000
1399701602.136	n	12.4287	3.69842	20.314	31.7000
1399701602.144	n	12.4287	3.69842	20.294	31.6999
1399701602.150	n	12.4288	3.69842	20.271	31.6998
1399701602.186	n	12.4289	3.69843	20.251	31.6998
1399701602.246	n	12.4290	3.69843	20.231	31.6999
1399701602.309	n	12.4290	3.69843	20.212	31.6998
1399701602.372	n	12.4291	3.69843	20.192	31.6997
1399701602.435	n	12.4292	3.69842	20.173	31.6996
1399701602.498	n	12.4293	3.69841	20.151	31.6995
1399701602.561	n	12.4294	3.69841	20.129	31.6993
1399701602.623	n	12.4295	3.69840	20.105	31.6992
1399701602.684	n	12.4295	3.69840	20.084	31.6991
1399701602.747	n	12.4296	3.69840	20.066	31.6991
1399701602.810	n	12.4297	3.69841	20.043	31.6991
1399701602.873	n	12.4298	3.69841	20.021	31.6990
1399701602.934	n	12.4299	3.69840	19.999	31.6989
1399701603.010	y	12.4300	3.69840	19.982	31.6987
1399701603.059	n	12.4301	3.69839	19.958	31.6986
1399701603.125	n	12.4302	3.69838	19.938	31.6984
1399701603.185	n	12.4303	3.69838	19.915	31.6984
1399701603.248	n	12.4304	3.69838	19.891	31.6983
1399701603.311	n	12.4304	3.69840	19.869	31.6984
1399701603.372	n	12.4305	3.69841	19.848	31.6985
1399701603.435	n	12.4307	3.69841	19.828	31.6984
1399701603.498	n	12.4308	3.69840	19.804	31.6982
1399701603.560	n	12.4309	3.69840	19.782	31.6981
1399701603.623	n	12.4309	3.69839	19.761	31.6979
1399701603.685	n	12.4310	3.69838	19.741	31.6978
1399701603.747	n	12.4311	3.69837	19.717	31.6977
1399701603.809	n	12.4313	3.69837	19.695	31.6976
1399701603.872	n	12.4314	3.69838	19.673	31.6975
1399701603.934	n	12.4315	3.69838	19.649	31.6974
1399701603.998	n	12.4316	3.69838	19.630	31.6973
1399701604.060	n	12.4318	3.69838	19.611	31.6973
1399701604.127	n	12.4319	3.69839	19.587	31.6972
1399701604.184	n	12.4320	3.69839	19.562	31.6971
1399701604.247	n	12.4322	3.69838	19.545	31.6969
1399701604.311	n	12.4323	3.69837	19.524	31.6967
1399701604.372	n	12.4324	3.69836	19.504	31.6965
1399701604.434	n	12.4325	3.69836	19.482	31.6965
1399701604.497	n	12.4326	3.69837	19.459	31.6965
1399701604.561	n	12.4327	3.69837	19.438	31.6964
1399701604.623	n	12.4328	3.69838	19.420	31.6964
1399701604.685	n	12.4330	3.69838	19.398	31.6963
1399701604.748	n	12.4331	3.69839	19.375	31.6963
1399701604.809	n	12.4332	3.69839	19.355	31.6962
1399701604.873	n	12.4334	3.69838	19.334	31.6960
1399701604.934	n	12.4335	3.69837	19.311	31.6958
1399701604.998	n	12.4336	3.69836	19.290	31.6957
1399701605.062	n	12.4336	3.69836	19.271	31.6956
1399701605.122	n	12.4338	3.69837	19.251	31.6956
1399701605.228	y	12.4339	3.69837	19.230	31.6955
1399701605.248	n	12.4340	3.69837	19.211	31.6954
1399701605.310	n	12.4342	3.69836	19.191	31.6952
1399701605.374	n	12.4344	3.69836	19.172	31.6950
1399701605.435	n	12.4346	3.69836	19.151	31.6948
1399701605.498	n	12.4347	3.69836	19.130	31.6948
1399701605.560	n	12.4348	3.69836	19.108	31.6947
1399701605.622	n	12.4350	3.69837	19.090	31.6946
1399701605.685	n	12.4351	3.69836	19.070	31.6945
1399701605.747	n	12.4353	3.69835	19.048	31.6942
1399701605.811	n	12.4355	3.69834	19.031	31.6940
1399701605.872	n	12.4356	3.69833	19.007	31.6937
1399701605.935	n	12.4358	3.69832	18.987	31.6935
1399701605.998	n	12.4361	3.69833	18.968	31.6934
1399701606.060	n	12.4363	3.69834	18.947	31.6933
1399701606.123	n	12.4365	3.69835	18.930	31.6932
1399701606.265	y	12.4367	3.69835	18.908	31.6931
1399701606.270	n	12.4369	3.69835	18.886	31.6929
1399701606.310	n	12.4371	3.69834	18.869	31.6926
1399701606.372	n	12.4373	3.69834	18.848	31.6925
1399701606.435	n	12.4375	3.69834	18.829	31.6924
1399701606.497	n	12.4377	3.69834	18.810	31.6922
1399701606.615	y	12.4379	3.69834	18.790	31.6920
1399701606.624	n	12.4381	3.69834	18.768	31.6919
1399701606.685	n	12.4383	3.69834	18.745	31.6917
1399701606.747	n	12.4385	3.69834	18.724	31.6915
1399701606.810	n	12.4387	3.69833	18.708	31.6913
1399701606.872	n	12.4389	3.69833	18.684	31.6911
1399701606.936	n	12.4391	3.69832	18.667	31.6909
1399701606.998	n	12.4393	3.69832	18.643	31.6908
1399701607.062	n	12.4395	3.69832	18.625	31.6906
1399701607.123	n	12.4398	3.69833	18.602	31.6904
1399701607.185	n	12.4400	3.69833	18.581	31.6902
1399701607.248	n	12.4402	3.69833	18.562	31.6901
1399701607.310	n	12.4404	3.69833	18.543	31.6899
1399701607.374	n	12.4407	3.69832	18.520	31.6896
1399701607.436	n	12.4409	3.69832	18.497	31.6894
1399701607.497	n	12.4412	3.69832	18.480	31.6892
1399701607.561	n	12.4415	3.69832	18.459	31.6889
1399701607.623	n	12.4417	3.69832	18.437	31.6887
1399701607.685	n	12.4421	3.69832	18.416	31.6884
1399701607.747	n	12.4426	3.69831	18.397	31.6880
1399701607.811	n	12.4431	3.69831	18.377	31.6876
1399701607.874	n	12.4437	3.69833	18.354	31.6872
1399701607.934	n	12.4443	3.69834	18.335	31.6867
1399701607.998	n	12.4450	3.69834	18.313	31.6862
1399701608.060	n	12.4457	3.69834	18.293	31.6856
1399701608.124	n	12.4465	3.69834	18.274	31.6850
1399701608.186	n	12.4474	3.69835	18.253	31.6843
1399701608.247	n	12.4484	3.69835	18.230	31.6835
1399701608.310	n	12.4493	3.69835	18.209	31.6826
1399701608.372	n	12.4504	3.69835	18.190	31.6818
1399701608.434	n	12.4515	3.69835	18.169	31.6809
1399701608.497	n	12.4526	3.69835	18.147	31.6799
1399701608.560	n	12.4538	3.69834	18.125	31.6789
1399701608.624	n	12.4550	3.69834	18.107	31.6779
1399701608.686	n	12.4561	3.69834	18.085	31.6769
1399701608.746	n	12.4574	3.69835	18.064	31.6759
1399701608.811	n	12.4587	3.69835	18.041	31.6748
1399701608.874	n	12.4600	3.69834	18.020	31.6737
1399701608.935	n	12.4613	3.69834	18.001	31.6726
1399701608.997	n	12.4626	3.69835	17.982	31.6716
1399701609.061	n	12.4639	3.69835	17.963	31.6706
1399701609.122	n	12.4652	3.69835	17.943	31.6695
1399701609.185	n	12.4665	3.69835	17.919	31.6683
1399701609.248	n	12.4678	3.69834	17.898	31.6672
1399701609.311	n	12.4691	3.69835	17.877	31.6662
1399701609.374	n	12.4704	3.69836	17.857	31.6652
1399701609.436	n	12.4717	3.69837	17.841	31.6642
1399701609.498	n	12.4730	3.69837	17.821	31.6631
1399701609.561	n	12.4743	3.69837	17.798	31.6620
1399701609.622	n	12.4756	3.69837	17.779	31.6609
1399701609.684	n	12.4770	3.69836	17.762	31.6597
1399701609.747	n	12.4783	3.69836	17.741	31.6586
1399701609.810	n	12.4796	3.69837	17.721	31.6576
1399701609.873	n	12.4809	3.69838	17.701	31.6566
1399701609.935	n	12.4822	3.69838	17.684	31.6555
1399701609.998	n	12.4835	3.69839	17.664	31.6545
1399701610.060	n	12.4847	3.69838	17.645	31.6534
1399701610.122	n	12.4860	3.69838	17.627	31.6523
1399701610.184	n	12.4873	3.69838	17.603	31.6512
1399701610.247	n	12.4885	3.69837	17.588	31.6501
1399701610.318	y	12.4897	3.69835	17.570	31.6490
1399701610.374	n	12.4909	3.69834	17.552	31.6479
1399701610.525	y	12.4920	3.69834	17.531	31.6469
1399701610.530	n	12.4932	3.69835	17.515	31.6460
1399701610.561	n	12.4944	3.69836	17.498	31.6451
1399701610.622	n	12.4956	3.69837	17.481	31.6442
1399701610.685	n	12.4968	3.69838	17.461	31.6434
1399701610.747	n	12.4979	3.69838	17.445	31.6424
1399701610.810	n	12.4991	3.69838	17.428	31.6414
1399701610.874	n	12.5002	3.69837	17.413	31.6403
1399701610.934	n	12.5013	3.69836	17.394	31.6393
1399701610.997	n	12.5025	3.69836	17.377	31.6384
1399701611.061	n	12.5036	3.69837	17.362	31.6375
1399701611.124	n	12.5047	3.69838	17.348	31.6367
1399701611.185	n	12.5058	3.69839	17.332	31.6358
1399701611.247	n	12.5070	3.69839	17.315	31.6349
1399701611.310	n	12.5083	3.69839	17.298	31.6338
1399701611.374	n	12.5096	3.69838	17.282	31.6326
1399701611.435	n	12.5109	3.69837	17.266	31.6314
1399701611.497	n	12.5123	3.69838	17.248	31.6303
1399701611.560	n	12.5136	3.69838	17.234	31.6293
1399701611.623	n	12.5150	3.69838	17.217	31.6281
1399701611.685	n	12.5165	3.69838	17.199	31.6268
1399701611.748	n	12.5180	3.69838	17.184	31.6256
1399701611.811	n	12.5195	3.69839	17.164	31.6244
1399701611.873	n	12.5210	3.69841	17.151	31.6233
1399701611.935	n	12.5226	3.69841	17.132	31.6220
1399701611.997	n	12.5241	3.69841	17.114	31.6207
1399701612.060	n	12.5257	3.69842	17.097	31.6195
1399701612.124	n	12.5273	3.69842	17.087	31.6181
1399701612.185	n	12.5290	3.69843	17.066	31.6168
1399701612.247	n	12.5307	3.69842	17.050	31.6153
1399701612.311	n	12.5323	3.69841	17.035	31.6139
1399701612.373	n	12.5339	3.69841	17.018	31.6125
1399701612.435	n	12.5354	3.69841	17.003	31.6113
1399701612.497	n	12.5370	3.69841	16.986	31.6100
1399701612.562	n	12.5385	3.69842	16.971	31.6088
1399701612.624	n	12.5400	3.69842	16.954	31.6075
1399701612.685	n	12.5415	3.69842	16.934	31.6063
1399701612.748	n	12.5430	3.69842	16.919	31.6051
1399701612.811	n	12.5444	3.69842	16.905	31.6038
1399701612.873	n	12.5459	3.69842	16.887	31.6027
1399701612.934	n	12.5473	3.69843	16.872	31.6016
1399701612.997	n	12.5487	3.69844	16.856	31.6005
1399701613.060	n	12.5502	3.69845	16.839	31.5993
1399701613.122	n	12.5516	3.69845	16.822	31.5981
1399701613.186	n	12.5530	3.69843	16.807	31.5968
1399701613.249	n	12.5543	3.69843	16.788	31.5956
1399701613.309	n	12.5556	3.69843	16.773	31.5946
1399701613.374	n	12.5569	3.69843	16.756	31.5936
1399701613.436	n	12.5581	3.69844	16.737	31.5926
1399701613.496	n	12.5593	3.69844	16.721	31.5916
1399701613.560	n	12.5605	3.69843	16.704	31.5905
1399701613.624	n	12.5617	3.69843	16.687	31.5896
1399701613.685	n	12.5628	3.69843	16.666	31.5886
1399701613.747	n	12.5639	3.69843	16.651	31.5877
1399701613.811	n	12.5650	3.69843	16.635	31.5867
1399701613.872	n	12.5662	3.69843	16.616	31.5858
1399701613.998	y	12.5673	3.69844	16.595	31.5850
1399701614.002	n	12.5683	3.69843	16.578	31.5841
1399701614.060	n	12.5693	3.69842	16.560	31.5831
1399701614.122	n	12.5703	3.69842	16.541	31.5823
1399701614.185	n	12.5713	3.69842	16.522	31.5815
1399701614.248	n	12.5722	3.69843	16.508	31.5807
1399701614.312	n	12.5732	3.69843	16.487	31.5800
1399701614.373	n	12.5742	3.69844	16.466	31.5792
1399701614.434	n	12.5751	3.69843	16.444	31.5784
1399701614.497	n	12.5761	3.69843	16.426	31.5776
1399701614.559	n	12.5770	3.69844	16.406	31.5768
1399701614.626	n	12.5780	3.69844	16.385	31.5760
1399701614.772	y	12.5791	3.69844	16.364	31.5751
1399701614.778	n	12.5802	3.69845	16.340	31.5743
1399701614.810	n	12.5814	3.69845	16.324	31.5734
1399701614.873	n	12.5825	3.69845	16.301	31.5725
1399701614.935	n	12.5835	3.69845	16.283	31.5716
1399701614.997	n	12.5846	3.69844	16.259	31.5706
1399701615.061	n	12.5857	3.69844	16.238	31.5696
1399701615.122	n	12.5869	3.69845	16.217	31.5688
1399701615.186	n	12.5880	3.69845	16.194	31.5679
1399701615.248	n	12.5891	3.69846	16.175	31.5670
1399701615.310	n	12.5902	3.69846	16.152	31.5661
1399701615.373	n	12.5913	3.69845	16.130	31.5650
1399701615.435	n	12.5925	3.69844	16.107	31.5640
1399701615.497	n	12.5936	3.69843	16.082	31.5631
1399701615.560	n	12.5947	3.69844	16.060	31.5622
1399701615.624	n	12.5957	3.69844	16.039	31.5613
1399701615.685	n	12.5968	3.69844	16.012	31.5604
1399701615.747	n	12.5980	3.69843	15.991	31.5594
1399701615.810	n	12.5991	3.69842	15.970	31.5584
1399701615.872	n	12.6003	3.69842	15.940	31.5574
1399701615.936	n	12.6015	3.69843	15.921	31.5564
1399701615.997	n	12.6028	3.69843	15.897	31.5555
1399701616.061	n	12.6040	3.69844	15.870	31.5545
1399701616.124	n	12.6053	3.69845	15.843	31.5535
1399701616.186	n	12.6065	3.69846	15.820	31.5526
1399701616.248	n	12.6078	3.69846	15.797	31.5516
1399701616.310	n	12.6090	3.69845	15.770	31.5504
1399701616.373	n	12.6102	3.69843	15.744	31.5492
1399701616.435	n	12.6115	3.69843	15.717	31.5481
1399701616.497	n	12.6128	3.69843	15.693	31.5471
1399701616.561	n	12.6141	3.69843	15.664	31.5461
1399701616.622	n	12.6153	3.69843	15.639	31.5450
1399701616.684	n	12.6166	3.69843	15.613	31.5439
1399701616.748	n	12.6178	3.69842	15.588	31.5428
1399701616.809	n	12.6191	3.69843	15.562	31.5419
1399701616.873	n	12.6204	3.69844	15.534	31.5408
1399701616.936	n	12.6217	3.69844	15.509	31.5398
1399701616.998	n	12.6230	3.69844	15.485	31.5387
1399701617.060	n	12.6244	3.69843	15.458	31.5375
1399701617.123	n	12.6256	3.69843	15.435	31.5365
1399701617.186	n	12.6270	3.69843	15.410	31.5354
1399701617.247	n	12.6284	3.69843	15.380	31.5342
1399701617.310	n	12.6297	3.69842	15.355	31.5330
1399701617.372	n	12.6310	3.69841	15.332	31.5319
1399701617.435	n	12.6322	3.69841	15.308	31.5308
1399701617.497	y	12.6335	3.69841	15.283	31.5297
1399701617.560	n	12.6348	3.69841	15.259	31.5287
1399701617.624	n	12.6360	3.69841	15.234	31.5277
1399701617.685	n	12.6372	3.69841	15.212	31.5267
1399701617.748	n	12.6384	3.69841	15.188	31.5256
1399701617.811	n	12.6395	3.69841	15.162	31.5247
1399701617.873	n	12.6406	3.69842	15.140	31.5240
1399701617.935	n	12.6416	3.69843	15.120	31.5232
1399701617.999	n	12.6426	3.69843	15.098	31.5224
1399701618.060	n	12.6436	3.69842	15.077	31.5215
1399701618.123	n	12.6445	3.69841	15.054	31.5206
1399701618.184	n	12.6454	3.69840	15.032	31.5198
1399701618.247	n	12.6462	3.69840	15.013	31.5191
1399701618.309	n	12.6470	3.69840	14.993	31.5184
1399701618.372	n	12.6478	3.69839	14.974	31.5176
1399701618.435	n	12.6486	3.69838	14.954	31.5169
1399701618.498	n	12.6494	3.69838	14.936	31.5163
1399701618.559	n	12.6501	3.69839	14.917	31.5158
1399701618.623	n	12.6507	3.69840	14.897	31.5154
1399701618.684	n	12.6514	3.69841	14.880	31.5149
1399701618.747	n	12.6521	3.69840	14.864	31.5143
1399701618.811	n	12.6527	3.69839	14.846	31.5137
1399701618.872	n	12.6534	3.69839	14.831	31.5131
1399701619.029	y	12.6540	3.69839	14.813	31.5125
1399701619.035	n	12.6546	3.69837	14.796	31.5119
1399701619.061	n	12.6553	3.69837	14.780	31.5113
1399701619.122	n	12.6559	3.69837	14.763	31.5108
1399701619.184	n	12.6566	3.69838	14.748	31.5103
1399701619.247	n	12.6572	3.69838	14.734	31.5098
1399701619.311	n	12.6578	3.69837	14.717	31.5093
1399701619.374	n	12.6583	3.69836	14.706	31.5087
1399701619.435	n	12.6590	3.69837	14.690	31.5083
1399701619.497	n	12.6596	3.69838	14.673	31.5078
1399701619.561	n	12.6602	3.69838	14.661	31.5074
1399701619.622	n	12.6608	3.69838	14.652	31.5069
1399701619.685	n	12.6615	3.69838	14.637	31.5063
1399701619.748	n	12.6621	3.69838	14.625	31.5058
1399701619.810	n	12.6627	3.69837	14.612	31.5052
1399701619.874	n	12.6633	3.69837	14.601	31.5046
1399701619.934	n	12.6640	3.69836	14.590	31.5040
1399701619.997	n	12.6647	3.69836	14.578	31.5035
1399701620.062	n	12.6654	3.69837	14.568	31.5029
1399701620.123	n	12.6661	3.69837	14.554	31.5024
1399701620.186	n	12.6668	3.69837	14.541	31.5018
1399701620.247	n	12.6675	3.69837	14.531	31.5013
1399701620.311	n	12.6681	3.69838	14.518	31.5008
1399701620.376	n	12.6688	3.69837	14.508	31.5002
1399701620.537	y	12.6695	3.69837	14.496	31.4996
1399701620.543	n	12.6702	3.69836	14.486	31.4989
1399701620.560	n	12.6709	3.69835	14.475	31.4983
1399701620.624	n	12.6716	3.69835	14.466	31.4976
1399701620.685	n	12.6724	3.69836	14.453	31.4970
1399701620.747	n	12.6732	3.69836	14.443	31.4964
1399701620.810	n	12.6739	3.69836	14.431	31.4958
1399701620.873	n	12.6746	3.69836	14.418	31.4952
1399701620.934	n	12.6754	3.69836	14.408	31.4946
1399701620.998	n	12.6762	3.69836	14.398	31.4939
1399701621.061	n	12.6770	3.69836	14.389	31.4932
1399701621.123	n	12.6778	3.69836	14.374	31.4926
1399701621.186	n	12.6785	3.69836	14.367	31.4920
1399701621.248	n	12.6793	3.69837	14.358	31.4914
1399701621.310	y	12.6801	3.69837	14.347	31.4908
1399701621.373	n	12.6808	3.69837	14.335	31.4902
1399701621.436	n	12.6815	3.69839	14.322	31.4897
1399701621.497	n	12.6822	3.69839	14.310	31.4892
1399701621.561	n	12.6828	3.69839	14.301	31.4887
1399701621.624	n	12.6835	3.69838	14.288	31.4881
1399701621.685	n	12.6840	3.69838	14.276	31.4876
1399701621.748	n	12.6847	3.69838	14.265	31.4870
1399701621.810	n	12.6853	3.69838	14.251	31.4866
1399701621.872	n	12.6859	3.69839	14.239	31.4861
1399701621.935	n	12.6866	3.69839	14.225	31.4855
1399701621.997	n	12.6872	3.69839	14.211	31.4851
1399701622.060	n	12.6879	3.69841	14.199	31.4847
1399701622.123	n	12.6885	3.69841	14.190	31.4842
1399701622.184	n	12.6891	3.69840	14.174	31.4836
1399701622.247	n	12.6897	3.69838	14.160	31.4829
1399701622.312	n	12.6903	3.69837	14.147	31.4823
1399701622.372	n	12.6910	3.69837	14.132	31.4817
1399701622.435	n	12.6917	3.69838	14.116	31.4813
1399701622.498	n	12.6924	3.69839	14.102	31.4808
1399701622.561	n	12.6931	3.69839	14.089	31.4803
1399701622.623	n	12.6937	3.69840	14.072	31.4798
1399701622.684	n	12.6944	3.69840	14.060	31.4793
1399701622.747	n	12.6950	3.69840	14.045	31.4788
1399701622.811	n	12.6956	3.69840	14.028	31.4782
1399701622.872	n	12.6963	3.69840	14.014	31.4776
1399701622.935	n	12.6971	3.69841	14.000	31.4770
1399701622.998	n	12.6979	3.69842	13.983	31.4765
1399701623.060	n	12.6988	3.69843	13.970	31.4759
1399701623.124	n	12.6995	3.69843	13.952	31.4753
1399701623.315	y	12.7003	3.69843	13.934	31.4746
1399701623.322	n	12.7010	3.69843	13.920	31.4740
1399701623.333	n	12.7017	3.69843	13.900	31.4734
1399701623.372	n	12.7025	3.69843	13.884	31.4729
1399701623.436	n	12.7032	3.69843	13.867	31.4722
1399701623.498	n	12.7039	3.69843	13.847	31.4716
1399701623.559	n	12.7047	3.69843	13.828	31.4710
1399701623.623	n	12.7055	3.69844	13.811	31.4704
1399701623.686	n	12.7064	3.69845	13.791	31.4698
1399701623.748	n	12.7072	3.69845	13.776	31.4691
1399701623.811	n	12.7080	3.69845	13.751	31.4685
1399701623.872	n	12.7087	3.69846	13.732	31.4679
1399701623.936	n	12.7095	3.69846	13.713	31.4673
1399701623.998	n	12.7102	3.69845	13.693	31.4667
1399701624.061	n	12.7109	3.69846	13.672	31.4662
1399701624.123	n	12.7117	3.69847	13.651	31.4657
1399701624.186	n	12.7125	3.69848	13.632	31.4651
1399701624.247	n	12.7133	3.69849	13.611	31.4645
1399701624.315	n	12.7140	3.69848	13.588	31.4638
1399701624.373	n	12.7148	3.69847	13.566	31.4631
1399701624.436	n	12.7155	3.69846	13.542	31.4624
1399701624.499	n	12.7161	3.69846	13.523	31.4619
1399701624.561	n	12.7167	3.69845	13.501	31.4614
1399701624.623	n	12.7172	3.69845	13.479	31.4610
1399701624.685	n	12.7176	3.69846	13.457	31.4606
1399701624.748	n	12.7181	3.69846	13.433	31.4603
1399701624.810	n	12.7186	3.69846	13.413	31.4598
1399701624.874	n	12.7191	3.69846	13.390	31.4595
1399701624.934	y	12.7195	3.69845	13.367	31.4590
1399701624.998	n	12.7200	3.69846	13.347	31.4587
1399701625.060	n	12.7205	3.69846	13.326	31.4583
1399701625.122	n	12.7209	3.69845	13.299	31.4579
1399701625.185	n	12.7214	3.69844	13.276	31.4574
1399701625.248	n	12.7217	3.69844	13.255	31.4571
1399701625.311	n	12.7220	3.69844	13.234	31.4568
1399701625.373	n	12.7224	3.69844	13.210	31.4566
1399701625.435	n	12.7227	3.69844	13.189	31.4563
1399701625.498	n	12.7231	3.69844	13.166	31.4560
1399701625.561	n	12.7234	3.69843	13.141	31.4557
1399701625.622	n	12.7237	3.69843	13.121	31.4554
1399701625.685	n	12.7240	3.69843	13.101	31.4552
1399701625.748	n	12.7243	3.69843	13.078	31.4550
1399701625.810	n	12.7246	3.69843	13.059	31.4547
1399701625.874	n	12.7249	3.69843	13.037	31.4545
1399701625.936	n	12.7252	3.69843	13.016	31.4543
1399701625.998	n	12.7255	3.69843	12.999	31.4541
1399701626.061	n	12.7258	3.69844	12.978	31.4538
1399701626.124	n	12.7261	3.69844	12.955	31.4536
1399701626.185	n	12.7263	3.69844	12.935	31.4534
1399701626.248	n	12.7266	3.69843	12.915	31.4531
1399701626.310	n	12.7269	3.69843	12.893	31.4529
1399701626.374	n	12.7272	3.69842	12.875	31.4525
1399701626.435	n	12.7275	3.69841	12.855	31.4522
1399701626.497	n	12.7278	3.69842	12.834	31.4521
1399701626.561	n	12.7280	3.69843	12.812	31.4520
1399701626.624	n	12.7282	3.69843	12.790	31.4518
1399701626.685	n	12.7284	3.69844	12.771	31.4517
1399701626.747	n	12.7287	3.69844	12.751	31.4516
1399701626.811	n	12.7289	3.69845	12.732	31.4514
1399701626.873	n	12.7292	3.69846	12.714	31.4513
1399701626.935	n	12.7294	3.69845	12.694	31.4511
1399701626.998	n	12.7297	3.69846	12.676	31.4509
1399701627.061	n	12.7299	3.69846	12.657	31.4508
1399701627.122	n	12.7301	3.69847	12.638	31.4506
1399701627.185	n	12.7304	3.69848	12.621	31.4505
1399701627.248	n	12.7305	3.69848	12.605	31.4504
1399701627.312	n	12.7307	3.69848	12.582	31.4503
1399701627.373	n	12.7309	3.69848	12.566	31.4501
1399701627.526	y	12.7311	3.69847	12.550	31.4499
1399701627.531	n	12.7313	3.69846	12.533	31.4496
1399701627.561	n	12.7316	3.69846	12.515	31.4494
1399701627.622	n	12.7318	3.69847	12.498	31.4493
1399701627.685	n	12.7320	3.69848	12.481	31.4492
1399701627.749	n	12.7323	3.69848	12.466	31.4491
1399701627.811	n	12.7325	3.69849	12.450	31.4489
1399701627.873	n	12.7327	3.69849	12.432	31.4488
1399701627.935	n	12.7329	3.69849	12.414	31.4487
1399701627.997	n	12.7330	3.69849	12.400	31.4485
1399701628.060	n	12.7333	3.69849	12.384	31.4483
1399701628.124	n	12.7335	3.69848	12.369	31.4480
1399701628.184	n	12.7338	3.69848	12.353	31.4479
1399701628.248	n	12.7340	3.69848	12.336	31.4476
1399701628.310	n	12.7343	3.69848	12.323	31.4474
1399701628.373	n	12.7345	3.69848	12.308	31.4472
1399701628.434	n	12.7347	3.69848	12.295	31.4471
1399701628.552	y	12.7349	3.69848	12.279	31.4470
1399701628.560	n	12.7351	3.69849	12.265	31.4469
1399701628.624	n	12.7352	3.69849	12.249	31.4468
1399701628.686	n	12.7354	3.69850	12.236	31.4466
1399701628.748	n	12.7357	3.69850	12.220	31.4465
1399701628.812	n	12.7359	3.69849	12.207	31.4462
1399701628.875	n	12.7361	3.69849	12.194	31.4460
1399701628.935	n	12.7363	3.69849	12.183	31.4458
1399701628.998	n	12.7365	3.69849	12.170	31.4457
1399701629.061	n	12.7367	3.69850	12.153	31.4457
1399701629.122	n	12.7368	3.69851	12.140	31.4456
1399701629.185	n	12.7370	3.69851	12.126	31.4456
1399701629.248	n	12.7371	3.69852	12.115	31.4455
1399701629.310	n	12.7373	3.69852	12.104	31.4454
1399701629.373	n	12.7374	3.69853	12.093	31.4453
1399701629.435	n	12.7375	3.69852	12.082	31.4452
1399701629.497	n	12.7377	3.69851	12.070	31.4450
1399701629.560	n	12.7378	3.69852	12.058	31.4449
1399701629.623	n	12.7379	3.69851	12.047	31.4448
1399701629.684	n	12.7380	3.69852	12.034	31.4448
1399701629.748	n	12.7381	3.69853	12.023	31.4448
1399701629.811	n	12.7382	3.69854	12.012	31.4448
1399701629.872	n	12.7384	3.69856	12.000	31.4449
1399701629.935	n	12.7385	3.69858	11.987	31.4449
1399701629.998	n	12.7386	3.69858	11.975	31.4449
1399701630.061	n	12.7387	3.69858	11.963	31.4448
1399701630.123	n	12.7388	3.69858	11.954	31.4447
1399701630.185	n	12.7389	3.69858	11.941	31.4446
1399701630.247	n	12.7391	3.69857	11.928	31.4444
1399701630.311	n	12.7392	3.69857	11.919	31.4443
1399701630.372	n	12.7392	3.69858	11.906	31.4444
1399701630.435	n	12.7393	3.69858	11.897	31.4444
1399701630.497	n	12.7394	3.69860	11.883	31.4444
1399701630.561	n	12.7395	3.69860	11.874	31.4444
1399701630.622	n	12.7396	3.69861	11.864	31.4444
1399701630.685	n	12.7396	3.69861	11.854	31.4444
1399701630.747	n	12.7397	3.69861	11.846	31.4443
1399701630.811	n	12.7398	3.69861	11.833	31.4442
1399701630.872	n	12.7399	3.69862	11.821	31.4442
1399701630.935	n	12.7401	3.69863	11.813	31.4442
1399701630.997	n	12.7402	3.69863	11.801	31.4441
1399701631.060	n	12.7403	3.69863	11.789	31.4441
1399701631.123	n	12.7403	3.69864	11.777	31.4441
1399701631.185	n	12.7404	3.69865	11.764	31.4441
1399701631.248	n	12.7405	3.69866	11.755	31.4442
1399701631.311	n	12.7405	3.69866	11.745	31.4442
1399701631.373	n	12.7406	3.69867	11.729	31.4441
1399701631.436	n	12.7407	3.69867	11.717	31.4441
1399701631.497	n	12.7407	3.69869	11.704	31.4442
1399701631.560	n	12.7408	3.69870	11.694	31.4443
1399701631.624	n	12.7408	3.69870	11.681	31.4442
1399701631.772	y	12.7409	3.69869	11.669	31.4441
1399701631.777	n	12.7410	3.69867	11.658	31.4439
1399701631.811	n	12.7412	3.69868	11.643	31.4438
1399701631.872	n	12.7413	3.69869	11.632	31.4439
1399701631.936	n	12.7415	3.69870	11.618	31.4438
1399701631.998	n	12.7416	3.69870	11.604	31.4437
1399701632.059	n	12.7417	3.69869	11.591	31.4435
1399701632.123	n	12.7418	3.69867	11.577	31.4432
1399701632.186	n	12.7419	3.69865	11.561	31.4429
1399701632.249	n	12.7421	3.69862	11.547	31.4426
1399701632.312	y	12.7422	3.69861	11.529	31.4424
1399701632.372	n	12.7423	3.69860	11.513	31.4421
1399701632.435	n	12.7425	3.69859	11.500	31.4419
1399701632.497	n	12.7426	3.69856	11.483	31.4416
1399701632.561	n	12.7427	3.69854	11.468	31.4413
1399701632.624	n	12.7428	3.69851	11.451	31.4409
1399701632.686	n	12.7430	3.69849	11.435	31.4406
1399701632.748	n	12.7431	3.69846	11.419	31.4402
1399701632.811	n	12.7433	3.69843	11.405	31.4398
1399701632.873	n	12.7435	3.69840	11.389	31.4393
1399701632.935	n	12.7437	3.69838	11.372	31.4389
1399701632.997	n	12.7440	3.69835	11.359	31.4385
1399701633.059	n	12.7442	3.69833	11.343	31.4381
1399701633.124	n	12.7443	3.69831	11.325	31.4378
1399701633.184	n	12.7445	3.69828	11.311	31.4374
1399701633.248	n	12.7447	3.69826	11.294	31.4370
1399701633.310	n	12.7450	3.69824	11.273	31.4367
1399701633.372	n	12.7453	3.69823	11.257	31.4363
1399701633.436	n	12.7456	3.69821	11.240	31.4358
1399701633.497	n	12.7459	3.69820	11.220	31.4355
1399701633.561	n	12.7462	3.69818	11.201	31.4350
1399701633.622	n	12.7465	3.69816	11.186	31.4347
1399701633.685	n	12.7468	3.69814	11.166	31.4343
1399701633.747	n	12.7471	3.69813	11.146	31.4339
1399701633.810	n	12.7476	3.69813	11.130	31.4335
1399701633.873	n	12.7480	3.69813	11.115	31.4332
1399701633.935	n	12.7485	3.69813	11.097	31.4327
1399701633.998	n	12.7490	3.69813	11.078	31.4324
1399701634.061	n	12.7494	3.69814	11.059	31.4321
1399701634.124	n	12.7498	3.69814	11.041	31.4318
1399701634.185	n	12.7502	3.69814	11.026	31.4314
1399701634.248	n	12.7507	3.69813	11.004	31.4310
1399701634.310	n	12.7511	3.69812	10.988	31.4306
1399701634.372	n	12.7514	3.69811	10.971	31.4301
1399701634.434	n	12.7518	3.69810	10.950	31.4297
1399701634.497	n	12.7522	3.69809	10.933	31.4293
1399701634.560	n	12.7525	3.69808	10.917	31.4290
1399701634.625	n	12.7528	3.69807	10.898	31.4286
1399701634.684	n	12.7531	3.69807	10.878	31.4284
1399701634.749	n	12.7534	3.69806	10.856	31.4281
1399701634.810	n	12.7536	3.69804	10.839	31.4278
1399701634.873	n	12.7538	3.69802	10.821	31.4274
1399701634.936	n	12.7541	3.69802	10.804	31.4271
1399701634.998	n	12.7543	3.69801	10.787	31.4269
1399701635.061	n	12.7546	3.69801	10.769	31.4267
1399701635.123	n	12.7549	3.69801	10.748	31.4264
1399701635.186	n	12.7551	3.69799	10.731	31.4261
1399701635.248	n	12.7553	3.69797	10.714	31.4258
1399701635.309	n	12.7555	3.69796	10.699	31.4255
1399701635.372	n	12.7557	3.69794	10.680	31.4252
1399701635.434	n	12.7559	3.69792	10.664	31.4248
1399701635.497	n	12.7561	3.69790	10.646	31.4244
1399701635.559	n	12.7564	3.69788	10.629	31.4240
1399701635.623	n	12.7565	3.69787	10.610	31.4238
1399701635.685	n	12.7568	3.69785	10.593	31.4235
1399701635.747	n	12.7569	3.69783	10.577	31.4231
1399701635.812	n	12.7571	3.69781	10.558	31.4228
1399701635.933	y	12.7573	3.69781	10.542	31.4226
1399701636.007	y	12.7575	3.69780	10.525	31.4223
1399701636.178	y	12.7577	3.69778	10.507	31.4220
1399701636.184	n	12.7579	3.69777	10.491	31.4217
1399701636.189	n	12.7581	3.69775	10.473	31.4214
1399701636.194	n	12.7583	3.69774	10.456	31.4211
1399701636.248	n	12.7585	3.69774	10.438	31.4210
1399701636.311	n	12.7587	3.69774	10.424	31.4209
1399701636.373	n	12.7588	3.69773	10.406	31.4206
1399701636.434	n	12.7590	3.69771	10.386	31.4203
1399701636.498	n	12.7592	3.69770	10.372	31.4201
1399701636.559	n	12.7594	3.69769	10.355	31.4198
1399701636.623	n	12.7597	3.69769	10.336	31.4196
1399701636.686	n	12.7600	3.69770	10.320	31.4194
1399701636.748	n	12.7602	3.69770	10.304	31.4192
1399701636.812	n	12.7605	3.69771	10.285	31.4191
1399701636.872	n	12.7608	3.69771	10.266	31.4189
1399701636.935	n	12.7610	3.69771	10.250	31.4187
1399701636.998	n	12.7612	3.69769	10.236	31.4183
1399701637.061	n	12.7615	3.69768	10.218	31.4180
1399701637.123	n	12.7617	3.69767	10.201	31.4178
1399701637.185	n	12.7619	3.69767	10.187	31.4176
1399701637.247	n	12.7622	3.69767	10.167	31.4173
1399701637.311	n	12.7625	3.69767	10.150	31.4171
1399701637.374	n	12.7628	3.69766	10.135	31.4168
1399701637.436	n	12.7631	3.69765	10.119	31.4165
1399701637.497	n	12.7633	3.69765	10.106	31.4162
1399701637.560	n	12.7636	3.69764	10.086	31.4159
1399701637.624	n	12.7639	3.69764	10.070	31.4157
1399701637.684	n	12.7642	3.69765	10.054	31.4156
1399701637.748	n	12.7645	3.69766	10.035	31.4154
1399701637.810	n	12.7648	3.69767	10.022	31.4153
1399701637.873	n	12.7650	3.69768	10.011	31.4152
1399701637.935	n	12.7652	3.69769	9.997	31.4151
1399701637.998	n	12.7654	3.69770	9.982	31.4150
1399701638.061	n	12.7656	3.69771	9.965	31.4150
1399701638.123	n	12.7659	3.69773	9.948	31.4149
1399701638.185	n	12.7662	3.69775	9.933	31.4149
1399701638.248	n	12.7664	3.69778	9.920	31.4150
1399701638.311	n	12.7666	3.69780	9.902	31.4150
1399701638.374	n	12.7668	3.69783	9.887	31.4152
1399701638.435	n	12.7670	3.69787	9.873	31.4154
1399701638.498	n	12.7672	3.69790	9.855	31.4155
1399701638.561	n	12.7675	3.69793	9.841	31.4156
1399701638.623	n	12.7677	3.69798	9.824	31.4158
1399701638.685	n	12.7679	3.69802	9.806	31.4161
1399701638.747	n	12.7680	3.69806	9.786	31.4164
1399701638.812	n	12.7681	3.69811	9.769	31.4167
1399701638.875	n	12.7683	3.69815	9.753	31.4170
1399701638.936	n	12.7685	3.69818	9.734	31.4171
1399701638.998	n	12.7687	3.69821	9.718	31.4173
1399701639.059	n	12.7689	3.69825	9.699	31.4174
1399701639.123	n	12.7691	3.69829	9.679	31.4176
1399701639.186	n	12.7693	3.69832	9.666	31.4178
1399701639.247	n	12.7694	3.69834	9.652	31.4179
1399701639.310	n	12.7695	3.69836	9.634	31.4180
1399701639.372	n	12.7696	3.69838	9.622	31.4181
1399701639.434	n	12.7698	3.69840	9.608	31.4182
1399701639.497	n	12.7700	3.69843	9.589	31.4183
1399701639.611	y	12.7701	3.69846	9.576	31.4185
1399701639.623	n	12.7702	3.69849	9.561	31.4186
1399701639.686	n	12.7704	3.69852	9.541	31.4187
1399701639.748	n	12.7706	3.69853	9.529	31.4187
1399701639.811	n	12.7708	3.69853	9.516	31.4186
1399701639.872	n	12.7710	3.69854	9.497	31.4185
1399701639.936	n	12.7711	3.69854	9.484	31.4185
1399701639.999	n	12.7712	3.69855	9.468	31.4185
1399701640.060	n	12.7713	3.69856	9.452	31.4185
1399701640.124	n	12.7714	3.69858	9.436	31.4185
1399701640.234	y	12.7716	3.69858	9.421	31.4184
1399701640.249	n	12.7717	3.69857	9.408	31.4183
1399701640.311	n	12.7718	3.69857	9.394	31.4182
1399701640.372	n	12.7719	3.69857	9.379	31.4181
1399701640.435	n	12.7720	3.69857	9.358	31.4180
1399701640.498	n	12.7722	3.69857	9.344	31.4179
1399701640.561	n	12.7723	3.69857	9.332	31.4177
1399701640.622	n	12.7724	3.69855	9.314	31.4175
1399701640.685	n	12.7725	3.69854	9.294	31.4173
1399701640.747	n	12.7727	3.69855	9.278	31.4173
1399701640.811	n	12.7728	3.69856	9.261	31.4173
1399701640.873	n	12.7729	3.69857	9.247	31.4173
1399701640.935	n	12.7730	3.69857	9.225	31.4173
1399701640.997	n	12.7731	3.69858	9.211	31.4172
1399701641.060	n	12.7732	3.69858	9.196	31.4172
1399701641.122	n	12.7733	3.69859	9.181	31.4172
1399701641.184	n	12.7735	3.69862	9.163	31.4173
1399701641.248	n	12.7736	3.69865	9.149	31.4175
1399701641.310	n	12.7738	3.69867	9.134	31.4176
1399701641.373	n	12.7740	3.69870	9.118	31.4176
1399701641.435	n	12.7743	3.69871	9.103	31.4175
1399701641.497	n	12.7746	3.69872	9.092	31.4174
1399701641.561	n	12.7749	3.69875	9.076	31.4174
1399701641.622	n	12.7752	3.69879	9.061	31.4175
1399701641.686	n	12.7755	3.69883	9.045	31.4176
1399701641.749	y	12.7758	3.69887	9.033	31.4178
1399701641.810	n	12.7760	3.69891	9.019	31.4180
1399701641.874	n	12.7763	3.69895	9.004	31.4182
1399701641.936	n	12.7766	3.69900	8.992	31.4184
1399701641.998	n	12.7768	3.69906	8.976	31.4188
1399701642.061	n	12.7770	3.69912	8.963	31.4192
1399701642.124	n	12.7772	3.69919	8.953	31.4198
1399701642.186	n	12.7773	3.69926	8.935	31.4203
1399701642.247	n	12.7775	3.69933	8.923	31.4208
1399701642.310	n	12.7777	3.69939	8.910	31.4212
1399701642.375	n	12.7779	3.69945	8.897	31.4217
1399701642.435	n	12.7780	3.69951	8.881	31.4221
1399701642.498	n	12.7782	3.69958	8.868	31.4226
1399701642.559	n	12.7784	3.69964	8.855	31.4230
1399701642.623	n	12.7786	3.69971	8.841	31.4235
1399701642.685	n	12.7787	3.69976	8.831	31.4239
1399701642.748	n	12.7789	3.69980	8.819	31.4241
1399701642.811	n	12.7791	3.69983	8.805	31.4242
1399701642.872	n	12.7793	3.69985	8.796	31.4243
1399701642.936	n	12.7794	3.69999	8.783	31.4255
1399701642.997	n	12.7797	3.70061	8.771	31.4311
1399701643.060	n	12.7807	3.70156	8.758	31.4393
1399701643.125	n	12.7826	3.70242	8.746	31.4458
1399701643.186	n	12.7853	3.70291	8.734	31.4482
1399701643.315	y	12.7883	3.70288	8.726	31.4454
1399701643.321	n	12.7908	3.70245	8.712	31.4393
1399701643.373	n	12.7925	3.70209	8.698	31.4345
1399701643.435	n	12.7935	3.70190	8.691	31.4318
1399701643.497	n	12.7941	3.70178	8.682	31.4302
1399701643.561	n	12.7942	3.70175	8.671	31.4299
1399701643.624	n	12.7938	3.70187	8.658	31.4314
1399701643.686	n	12.7931	3.70210	8.648	31.4341
1399701643.748	n	12.7925	3.70236	8.635	31.4370
1399701643.810	n	12.7922	3.70254	8.623	31.4390
1399701643.873	n	12.7920	3.70262	8.611	31.4399
1399701643.936	n	12.7917	3.70261	8.600	31.4401
1399701643.997	n	12.7914	3.70258	8.592	31.4400
1399701644.061	n	12.7911	3.70252	8.579	31.4397
1399701644.122	n	12.7910	3.70245	8.573	31.4392
1399701644.185	n	12.7909	3.70240	8.563	31.4387
1399701644.248	n	12.7909	3.70238	8.550	31.4386
1399701644.311	n	12.7908	3.70238	8.542	31.4386
1399701644.373	n	12.7907	3.70238	8.533	31.4387
1399701644.507	y	12.7908	3.70233	8.521	31.4382
1399701644.512	n	12.7914	3.70222	8.513	31.4367
1399701644.560	n	12.7925	3.70208	8.503	31.4344
1399701644.625	n	12.7940	3.70194	8.493	31.4319
1399701644.685	n	12.7953	3.70184	8.481	31.4299
1399701644.747	n	12.7961	3.70180	8.469	31.4288
1399701644.811	n	12.7964	3.70181	8.458	31.4286
1399701644.874	n	12.7965	3.70184	8.449	31.4289
1399701644.936	n	12.7965	3.70190	8.435	31.4295
1399701644.998	n	12.7964	3.70196	8.424	31.4301
1399701645.062	n	12.7963	3.70200	8.411	31.4306
1399701645.123	n	12.7962	3.70202	8.394	31.4308
1399701645.186	n	12.7962	3.70203	8.382	31.4310
1399701645.249	n	12.7961	3.70205	8.373	31.4313
1399701645.311	n	12.7959	3.70212	8.360	31.4321
1399701645.374	n	12.7955	3.70220	8.344	31.4331
1399701645.435	n	12.7951	3.70226	8.330	31.4341
1399701645.497	n	12.7948	3.70229	8.315	31.4346
1399701645.562	n	12.7947	3.70228	8.305	31.4346
1399701645.623	n	12.7947	3.70226	8.289	31.4344
1399701645.685	n	12.7948	3.70222	8.276	31.4339
1399701645.747	n	12.7950	3.70217	8.261	31.4333
1399701645.810	n	12.7952	3.70210	8.246	31.4325
1399701645.874	n	12.7953	3.70205	8.229	31.4320
1399701645.935	n	12.7953	3.70205	8.217	31.4320
1399701645.997	n	12.7952	3.70210	8.201	31.4326
1399701646.062	n	12.7950	3.70217	8.188	31.4334
1399701646.124	n	12.7947	3.70222	8.173	31.4341
1399701646.186	n	12.7944	3.70224	8.155	31.4345
1399701646.248	n	12.7943	3.70223	8.137	31.4345
1399701646.312	n	12.7943	3.70222	8.123	31.4344
1399701646.374	n	12.7944	3.70222	8.107	31.4343
1399701646.435	n	12.7945	3.70223	8.087	31.4344
1399701646.498	n	12.7945	3.70223	8.072	31.4344
1399701646.559	n	12.7944	3.70224	8.056	31.4346
1399701646.623	n	12.7943	3.70226	8.042	31.4348
1399701646.685	n	12.7941	3.70228	8.024	31.4351
1399701646.747	n	12.7940	3.70231	8.007	31.4356
1399701646.810	n	12.7939	3.70234	7.993	31.4359
1399701646.897	y	12.7938	3.70235	7.971	31.4361
1399701646.936	n	12.7938	3.70236	7.951	31.4362
1399701646.998	n	12.7936	3.70237	7.935	31.4365
1399701647.060	n	12.7934	3.70239	7.922	31.4369
1399701647.124	n	12.7931	3.70243	7.900	31.4375
1399701647.186	n	12.7929	3.70247	7.881	31.4381
1399701647.247	n	12.7928	3.70248	7.864	31.4382
1399701647.310	n	12.7933	3.70244	7.843	31.4375
1399701647.372	n	12.7944	3.70229	7.829	31.4351
1399701647.436	n	12.7961	3.70200	7.809	31.4310
1399701647.499	n	12.7981	3.70160	7.790	31.4256
1399701647.560	n	12.7997	3.70119	7.769	31.4203
1399701647.623	n	12.8006	3.70096	7.754	31.4175
1399701647.685	n	12.8004	3.70103	7.732	31.4183
1399701647.748	n	12.7994	3.70125	7.714	31.4212
1399701647.812	n	12.7984	3.70139	7.698	31.4233
1399701647.873	n	12.7980	3.70132	7.679	31.4230
1399701647.935	n	12.7982	3.70106	7.661	31.4204
1399701647.999	n	12.7989	3.70076	7.641	31.4170
1399701648.061	n	12.7995	3.70056	7.625	31.4146
1399701648.122	n	12.7998	3.70051	7.607	31.4139
1399701648.186	n	12.7999	3.70053	7.590	31.4140
1399701648.248	n	12.8002	3.70056	7.572	31.4141
1399701648.311	n	12.8007	3.70059	7.557	31.4140
1399701648.373	n	12.8014	3.70061	7.539	31.4135
1399701648.436	n	12.8021	3.70059	7.519	31.4128
1399701648.499	n	12.8028	3.70056	7.501	31.4119
1399701648.560	n	12.8033	3.70052	7.483	31.4111
1399701648.624	n	12.8035	3.70048	7.466	31.4106
1399701648.774	y	12.8037	3.70044	7.449	31.4101
1399701648.779	n	12.8037	3.70041	7.428	31.4098
1399701648.812	n	12.8037	3.70039	7.409	31.4095
1399701648.873	n	12.8037	3.70033	7.390	31.4090
1399701648.936	n	12.8037	3.70026	7.372	31.4084
1399701648.999	n	12.8037	3.70023	7.353	31.4082
1399701649.061	n	12.8036	3.70024	7.335	31.4083
1399701649.122	n	12.8036	3.70027	7.317	31.4086
1399701649.185	n	12.8036	3.70030	7.296	31.4089
1399701649.247	n	12.8037	3.70030	7.279	31.4088
1399701649.311	n	12.8039	3.70031	7.264	31.4087
1399701649.375	n	12.8040	3.70031	7.246	31.4086
1399701649.434	n	12.8041	3.70029	7.226	31.4084
1399701649.499	n	12.8042	3.70027	7.208	31.4081
1399701649.560	n	12.8043	3.70023	7.189	31.4077
1399701649.624	n	12.8043	3.70019	7.173	31.4073
1399701649.686	n	12.8043	3.70019	7.157	31.4073
1399701649.748	n	12.8041	3.70022	7.137	31.4077
1399701649.811	n	12.8038	3.70027	7.117	31.4085
1399701649.873	n	12.8033	3.70032	7.098	31.4094
1399701649.936	n	12.8029	3.70036	7.082	31.4100
1399701649.999	n	12.8026	3.70037	7.066	31.4105
1399701650.062	n	12.8023	3.70037	7.056	31.4107
1399701650.124	n	12.8022	3.70037	7.044	31.4108
1399701650.185	n	12.8023	3.70037	7.025	31.4107
1399701650.249	n	12.8026	3.70036	7.015	31.4104
1399701650.309	n	12.8030	3.70034	7.004	31.4099
1399701650.375	n	12.8034	3.70034	6.994	31.4095
1399701650.435	n	12.8036	3.70034	6.987	31.4094
1399701650.497	n	12.8037	3.70035	6.973	31.4094
1399701650.561	y	12.8037	3.70037	6.966	31.4096
1399701650.624	n	12.8037	3.70038	6.956	31.4096
1399701650.686	n	12.8037	3.70037	6.947	31.4096
1399701650.748	n	12.8037	3.70037	6.940	31.4096
1399701650.809	n	12.8036	3.70037	6.930	31.4097
1399701650.873	n	12.8036	3.70038	6.922	31.4098
1399701650.935	n	12.8036	3.70038	6.911	31.4098
1399701650.999	n	12.8036	3.70038	6.903	31.4098
1399701651.062	n	12.8036	3.70036	6.891	31.4096
1399701651.122	n	12.8036	3.70034	6.884	31.4094
1399701651.186	n	12.8036	3.70032	6.872	31.4092
1399701651.248	n	12.8036	3.70029	6.863	31.4090
1399701651.410	y	12.8037	3.70028	6.856	31.4088
1399701651.421	n	12.8037	3.70029	6.848	31.4089
1399701651.436	n	12.8037	3.70031	6.842	31.4091
1399701651.498	n	12.8037	3.70033	6.829	31.4092
1399701651.560	n	12.8037	3.70033	6.822	31.4093
1399701651.624	n	12.8037	3.70033	6.814	31.4093
1399701651.685	n	12.8036	3.70032	6.808	31.4093
1399701651.748	n	12.8036	3.70032	6.804	31.4092
1399701651.811	n	12.8037	3.70031	6.798	31.4091
1399701651.874	n	12.8038	3.70030	6.792	31.4090
1399701651.936	n	12.8039	3.70029	6.785	31.4087
1399701651.998	n	12.8041	3.70026	6.782	31.4083
1399701652.060	n	12.8043	3.70022	6.778	31.4078
1399701652.124	n	12.8044	3.70019	6.773	31.4074
1399701652.185	n	12.8045	3.70015	6.767	31.4069
1399701652.248	n	12.8046	3.70014	6.764	31.4067
1399701652.312	n	12.8046	3.70013	6.761	31.4066
1399701652.372	n	12.8046	3.70015	6.757	31.4068
1399701652.437	n	12.8046	3.70020	6.752	31.4073
1399701652.497	n	12.8046	3.70024	6.750	31.4077
1399701652.561	n	12.8045	3.70028	6.748	31.4082
1399701652.622	n	12.8043	3.70033	6.745	31.4088
1399701652.686	n	12.8041	3.70037	6.742	31.4094
1399701652.748	n	12.8039	3.70041	6.736	31.4099
1399701652.810	n	12.8038	3.70045	6.731	31.4104
1399701652.874	n	12.8037	3.70048	6.727	31.4107
1399701653.095	y	12.8038	3.70048	6.724	31.4106
1399701653.106	n	12.8039	3.70048	6.720	31.4105
1399701653.113	n	12.8041	3.70047	6.715	31.4103
1399701653.126	n	12.8041	3.70043	6.706	31.4099
1399701653.185	n	12.8042	3.70041	6.699	31.4096
1399701653.249	n	12.8043	3.70038	6.688	31.4093
1399701653.312	n	12.8044	3.70034	6.684	31.4088
1399701653.373	n	12.8046	3.70028	6.674	31.4081
1399701653.435	n	12.8048	3.70021	6.667	31.4073
1399701653.499	n	12.8051	3.70013	6.657	31.4064
1399701653.561	n	12.8052	3.70007	6.646	31.4057
1399701653.622	n	12.8053	3.70002	6.639	31.4051
1399701653.686	n	12.8053	3.70002	6.631	31.4051
1399701653.748	n	12.8052	3.70008	6.621	31.4058
1399701653.810	n	12.8051	3.70018	6.611	31.4068
1399701653.873	n	12.8050	3.70026	6.600	31.4076
1399701653.935	n	12.8049	3.70029	6.590	31.4080
1399701653.999	n	12.8049	3.70022	6.581	31.4073
1399701654.062	n	12.8050	3.70013	6.573	31.4064
1399701654.122	n	12.8051	3.70010	6.560	31.4061
1399701654.186	n	12.8053	3.70016	6.552	31.4065
1399701654.299	y	12.8053	3.70027	6.543	31.4075
1399701654.312	n	12.8052	3.70038	6.536	31.4085
1399701654.373	n	12.8052	3.70042	6.529	31.4090
1399701654.436	n	12.8051	3.70039	6.519	31.4089
1399701654.498	n	12.8050	3.70034	6.513	31.4084
1399701654.560	n	12.8050	3.70029	6.501	31.4080
1399701654.624	n	12.8050	3.70028	6.492	31.4078
1399701654.686	n	12.8050	3.70029	6.487	31.4080
1399701654.748	n	12.8049	3.70032	6.480	31.4083
1399701654.810	n	12.8049	3.70031	6.470	31.4082
1399701654.874	n	12.8049	3.70028	6.463	31.4080
1399701654.935	n	12.8050	3.70024	6.452	31.4075
1399701654.997	n	12.8052	3.70020	6.442	31.4070
1399701655.061	n	12.8053	3.70017	6.428	31.4065
1399701655.122	n	12.8054	3.70016	6.420	31.4064
1399701655.186	n	12.8055	3.70016	6.406	31.4064
1399701655.249	n	12.8054	3.70016	6.391	31.4064
1399701655.311	n	12.8053	3.70017	6.381	31.4065
1399701655.373	n	12.8052	3.70017	6.365	31.4066
1399701655.435	n	12.8051	3.70015	6.350	31.4066
1399701655.498	n	12.8049	3.70013	6.335	31.4065
1399701655.559	n	12.8047	3.70009	6.321	31.4064
1399701655.623	n	12.8046	3.70006	6.301	31.4062
1399701655.685	n	12.8044	3.70003	6.287	31.4061
1399701655.749	n	12.8043	3.70000	6.272	31.4058
1399701655.810	n	12.8044	3.69996	6.256	31.4054
1399701655.873	n	12.8045	3.69994	6.238	31.4051
1399701655.935	n	12.8047	3.69993	6.221	31.4049
1399701655.999	n	12.8049	3.69995	6.205	31.4049
1399701656.061	n	12.8051	3.69996	6.189	31.4049
1399701656.123	n	12.8052	3.69996	6.173	31.4048
1399701656.185	n	12.8053	3.69993	6.158	31.4044
1399701656.247	n	12.8053	3.69989	6.142	31.4040
1399701656.310	n	12.8054	3.69987	6.124	31.4038
1399701656.373	n	12.8054	3.69987	6.107	31.4038
1399701656.436	n	12.8055	3.69987	6.092	31.4037
1399701656.498	n	12.8057	3.69983	6.074	31.4032
1399701656.560	n	12.8059	3.69976	6.055	31.4023
1399701656.623	n	12.8061	3.69966	6.036	31.4012
1399701656.685	n	12.8064	3.69957	6.018	31.4001
1399701656.747	n	12.8066	3.69956	5.997	31.3999
1399701656.811	n	12.8068	3.69960	5.978	31.4002
1399701656.874	n	12.8070	3.69966	5.957	31.4006
1399701656.935	n	12.8072	3.69971	5.936	31.4009
1399701656.997	n	12.8074	3.69973	5.917	31.4009
1399701657.061	n	12.8077	3.69972	5.898	31.4005
1399701657.124	n	12.8080	3.69970	5.875	31.4001
1399701657.241	y	12.8082	3.69967	5.855	31.3997
1399701657.248	n	12.8084	3.69964	5.838	31.3992
1399701657.311	n	12.8086	3.69962	5.815	31.3989
1399701657.373	n	12.8088	3.69961	5.794	31.3987
1399701657.436	n	12.8088	3.69961	5.774	31.3986
1399701657.499	n	12.8088	3.69960	5.756	31.3986
1399701657.560	n	12.8085	3.69959	5.743	31.3987
1399701657.624	n	12.8082	3.69958	5.725	31.3989
1399701657.686	n	12.8079	3.69957	5.708	31.3991
1399701657.748	n	12.8077	3.69956	5.690	31.3991
1399701657.812	n	12.8075	3.69955	5.676	31.3992
1399701657.873	n	12.8074	3.69954	5.664	31.3992
1399701657.963	y	12.8074	3.69953	5.647	31.3991
1399701657.997	n	12.8073	3.69952	5.631	31.3990
1399701658.060	n	12.8073	3.69950	5.620	31.3989
1399701658.124	n	12.8072	3.69949	5.607	31.3989
1399701658.184	n	12.8072	3.69949	5.591	31.3989
1399701658.249	n	12.8072	3.69949	5.581	31.3989
1399701658.310	n	12.8072	3.69949	5.570	31.3989
1399701658.373	n	12.8072	3.69948	5.557	31.3989
1399701658.436	n	12.8071	3.69947	5.547	31.3988
1399701658.498	n	12.8071	3.69948	5.535	31.3989
1399701658.562	n	12.8071	3.69948	5.523	31.3989
1399701658.625	n	12.8071	3.69949	5.514	31.3990
1399701658.685	n	12.8071	3.69949	5.502	31.3990
1399701658.747	n	12.8071	3.69949	5.492	31.3990
1399701658.811	n	12.8071	3.69949	5.481	31.3990
1399701658.874	n	12.8071	3.69949	5.473	31.3990
1399701658.936	n	12.8071	3.69949	5.460	31.3991
1399701658.998	n	12.8071	3.69951	5.447	31.3992
1399701659.060	n	12.8071	3.69954	5.436	31.3996
1399701659.124	n	12.8070	3.69960	5.428	31.4002
1399701659.185	n	12.8069	3.69966	5.416	31.4008
1399701659.248	n	12.8069	3.69970	5.403	31.4012
1399701659.311	n	12.8069	3.69972	5.392	31.4014
1399701659.372	n	12.8069	3.69972	5.383	31.4014
1399701659.435	n	12.8070	3.69971	5.374	31.4012
1399701659.498	n	12.8071	3.69969	5.365	31.4010
1399701659.561	n	12.8072	3.69968	5.360	31.4007
1399701659.623	n	12.8073	3.69967	5.349	31.4006
1399701659.686	n	12.8073	3.69968	5.343	31.4007
1399701659.748	n	12.8072	3.69970	5.335	31.4010
1399701659.811	n	12.8071	3.69971	5.327	31.4012
1399701659.873	n	12.8070	3.69972	5.319	31.4013
1399701659.936	n	12.8069	3.69972	5.313	31.4014
1399701659.998	n	12.8069	3.69973	5.304	31.4015
1399701660.060	n	12.8069	3.69975	5.293	31.4018
1399701660.122	n	12.8068	3.69978	5.284	31.4020
1399701660.186	n	12.8068	3.69980	5.275	31.4022
1399701660.249	n	12.8069	3.69979	5.267	31.4021
1399701660.312	n	12.8072	3.69978	5.259	31.4018
1399701660.373	n	12.8075	3.69976	5.251	31.4014
1399701660.435	n	12.8078	3.69977	5.237	31.4011
1399701660.498	n	12.8082	3.69978	5.228	31.4010
1399701660.562	n	12.8084	3.69980	5.217	31.4010
1399701660.623	n	12.8086	3.69982	5.206	31.4010
1399701660.685	n	12.8088	3.69983	5.197	31.4010
1399701660.749	n	12.8088	3.69982	5.188	31.4009
1399701660.811	n	12.8088	3.69981	5.178	31.4007
1399701660.874	n	12.8089	3.69979	5.169	31.4005
1399701660.935	n	12.8089	3.69977	5.159	31.4004
1399701660.998	n	12.8088	3.69977	5.151	31.4003
1399701661.061	n	12.8088	3.69977	5.140	31.4004
1399701661.124	n	12.8087	3.69977	5.132	31.4005
1399701661.186	n	12.8086	3.69979	5.125	31.4007
1399701661.247	n	12.8086	3.69980	5.115	31.4009
1399701661.310	n	12.8085	3.69981	5.103	31.4011
1399701661.372	n	12.8083	3.69982	5.091	31.4013
1399701661.543	y	12.8082	3.69983	5.085	31.4015
1399701661.574	y	12.8081	3.69984	5.074	31.4016
1399701661.580	n	12.8080	3.69984	5.062	31.4017
1399701661.624	n	12.8079	3.69983	5.053	31.4017
1399701661.685	n	12.8079	3.69981	5.046	31.4016
1399701661.749	n	12.8078	3.69980	5.031	31.4015
1399701661.810	n	12.8078	3.69979	5.024	31.4015
1399701661.873	n	12.8077	3.69977	5.018	31.4013
1399701661.936	n	12.8076	3.69976	5.007	31.4013
1399701661.998	n	12.8076	3.69975	4.995	31.4013
1399701662.060	n	12.8078	3.69975	4.986	31.4011
1399701662.123	n	12.8081	3.69973	4.977	31.4007
1399701662.185	n	12.8085	3.69972	4.967	31.4003
1399701662.247	n	12.8088	3.69971	4.955	31.3999
1399701662.311	n	12.8090	3.69970	4.948	31.3996
1399701662.374	n	12.8091	3.69970	4.939	31.3996
1399701662.435	n	12.8091	3.69970	4.926	31.3996
1399701662.498	n	12.8092	3.69971	4.918	31.3995
1399701662.560	n	12.8093	3.69972	4.908	31.3996
1399701662.624	n	12.8094	3.69973	4.897	31.3996
1399701662.685	n	12.8095	3.69972	4.887	31.3994
1399701662.748	n	12.8094	3.69969	4.877	31.3992
1399701662.812	n	12.8094	3.69965	4.869	31.3989
1399701662.873	n	12.8093	3.69962	4.860	31.3987
1399701662.936	n	12.8092	3.69961	4.849	31.3987
1399701662.999	n	12.8091	3.69961	4.836	31.3988
1399701663.060	n	12.8091	3.69963	4.825	31.3990
1399701663.125	n	12.8091	3.69966	4.816	31.3993
1399701663.186	n	12.8091	3.69966	4.805	31.3993
1399701663.248	n	12.8089	3.69964	4.797	31.3992
1399701663.312	n	12.8086	3.69961	4.785	31.3991
1399701663.372	n	12.8081	3.69957	4.773	31.3992
1399701663.435	n	12.8075	3.69954	4.761	31.3995
1399701663.498	n	12.8070	3.69954	4.749	31.3999
1399701663.561	n	12.8066	3.69954	4.740	31.4002
1399701663.623	n	12.8064	3.69953	4.730	31.4003
1399701663.685	n	12.8063	3.69951	4.720	31.4002
1399701663.747	n	12.8062	3.69949	4.709	31.4001
1399701663.812	n	12.8062	3.69952	4.699	31.4003
1399701663.873	n	12.8063	3.69957	4.686	31.4007
1399701663.936	n	12.8066	3.69962	4.672	31.4011
1399701663.998	n	12.8068	3.69967	4.662	31.4013
1399701664.060	n	12.8071	3.69970	4.648	31.4013
1399701664.122	n	12.8072	3.69969	4.638	31.4012
1399701664.186	n	12.8072	3.69969	4.625	31.4011
1399701664.248	n	12.8071	3.69967	4.613	31.4011
1399701664.311	n	12.8070	3.69966	4.601	31.4011
1399701664.374	n	12.8071	3.69965	4.589	31.4009
1399701664.436	n	12.8071	3.69964	4.577	31.4008
1399701664.498	n	12.8072	3.69964	4.567	31.4008
1399701664.561	n	12.8071	3.69964	4.554	31.4008
1399701664.624	n	12.8069	3.69964	4.545	31.4009
1399701664.686	n	12.8067	3.69964	4.532	31.4011
1399701664.748	n	12.8066	3.69964	4.517	31.4012
1399701664.812	n	12.8066	3.69963	4.503	31.4012
1399701664.873	n	12.8066	3.69960	4.494	31.4008
1399701664.936	n	12.8066	3.69953	4.482	31.4003
1399701664.998	n	12.8065	3.69947	4.468	31.3998
1399701665.061	n	12.8063	3.69940	4.455	31.3993
1399701665.124	n	12.8060	3.69938	4.441	31.3993
1399701665.260	y	12.8059	3.69940	4.426	31.3996
1399701665.264	n	12.8058	3.69943	4.417	31.4000
1399701665.310	n	12.8059	3.69949	4.406	31.4005
1399701665.373	n	12.8059	3.69954	4.395	31.4010
1399701665.436	n	12.8058	3.69956	4.383	31.4012
1399701665.497	n	12.8056	3.69955	4.369	31.4012
1399701665.562	n	12.8054	3.69953	4.356	31.4013
1399701665.688	y	12.8051	3.69951	4.341	31.4014
1399701665.694	n	12.8048	3.69952	4.329	31.4017
1399701665.819	y	12.8046	3.69954	4.316	31.4020
1399701665.826	n	12.8045	3.69957	4.306	31.4024
1399701665.873	n	12.8047	3.69960	4.290	31.4026
1399701665.936	n	12.8048	3.69963	4.277	31.4027
1399701665.999	n	12.8050	3.69964	4.265	31.4026
1399701666.061	n	12.8052	3.69964	4.248	31.4025
1399701666.123	n	12.8054	3.69963	4.238	31.4023
1399701666.185	n	12.8055	3.69962	4.220	31.4021
1399701666.248	n	12.8056	3.69962	4.208	31.4020
1399701666.311	n	12.8056	3.69961	4.195	31.4019
1399701666.374	n	12.8055	3.69961	4.180	31.4019
1399701666.436	n	12.8054	3.69960	4.167	31.4020
1399701666.498	n	12.8053	3.69960	4.152	31.4021
1399701666.561	n	12.8053	3.69960	4.136	31.4021
1399701666.623	n	12.8051	3.69959	4.123	31.4021
1399701666.686	n	12.8049	3.69955	4.106	31.4020
1399701666.747	n	12.8047	3.69949	4.093	31.4016
1399701666.811	n	12.8045	3.69943	4.080	31.4012
1399701666.874	n	12.8044	3.69938	4.066	31.4008
1399701666.935	n	12.8044	3.69935	4.051	31.4006
1399701666.998	n	12.8043	3.69934	4.040	31.4005
1399701667.062	n	12.8042	3.69933	4.024	31.4005
1399701667.123	n	12.8043	3.69933	4.015	31.4004
1399701667.186	n	12.8043	3.69933	4.000	31.4004
1399701667.248	n	12.8044	3.69933	3.985	31.4003
1399701667.312	n	12.8044	3.69933	3.972	31.4003
1399701667.372	n	12.8044	3.69933	3.960	31.4004
1399701667.436	n	12.8042	3.69933	3.949	31.4005
1399701667.498	n	12.8040	3.69932	3.936	31.4007
1399701667.562	n	12.8036	3.69931	3.921	31.4008
1399701667.623	n	12.8031	3.69929	3.909	31.4011
1399701667.685	n	12.8027	3.69928	3.896	31.4014
1399701667.749	n	12.8024	3.69928	3.888	31.4016
1399701667.811	n	12.8022	3.69929	3.875	31.4018
1399701667.874	n	12.8022	3.69930	3.858	31.4019
1399701667.935	n	12.8022	3.69930	3.847	31.4019
1399701667.997	n	12.8023	3.69930	3.836	31.4019
1399701668.060	n	12.8022	3.69929	3.829	31.4019
1399701668.123	n	12.8021	3.69928	3.816	31.4019
1399701668.187	n	12.8020	3.69929	3.806	31.4020
1399701668.247	n	12.8019	3.69931	3.792	31.4023
1399701668.311	n	12.8018	3.69933	3.779	31.4026
1399701668.374	n	12.8017	3.69935	3.764	31.4029
1399701668.437	n	12.8016	3.69935	3.756	31.4030
1399701668.497	n	12.8015	3.69934	3.743	31.4029
1399701668.562	n	12.8014	3.69933	3.731	31.4029
1399701668.624	n	12.8015	3.69934	3.718	31.4030
1399701668.685	n	12.8016	3.69935	3.706	31.4031
1399701668.747	n	12.8016	3.69937	3.693	31.4032
1399701668.812	n	12.8016	3.69939	3.683	31.4033
1399701668.874	y	12.8016	3.69939	3.668	31.4034
1399701668.936	n	12.8016	3.69939	3.654	31.4034
1399701668.998	n	12.8016	3.69939	3.644	31.4034
1399701669.061	n	12.8017	3.69938	3.633	31.4033
1399701669.122	n	12.8018	3.69936	3.617	31.4029
1399701669.186	n	12.8020	3.69934	3.608	31.4026
1399701669.249	n	12.8023	3.69932	3.594	31.4021
1399701669.311	n	12.8027	3.69930	3.578	31.4016
1399701669.374	n	12.8029	3.69927	3.566	31.4012
1399701669.436	n	12.8031	3.69925	3.550	31.4009
1399701669.497	n	12.8031	3.69926	3.536	31.4009
1399701669.564	n	12.8031	3.69928	3.519	31.4011
1399701669.623	n	12.8031	3.69932	3.504	31.4015
1399701669.686	n	12.8032	3.69936	3.486	31.4019
1399701669.749	n	12.8032	3.69937	3.476	31.4019
1399701669.811	n	12.8032	3.69938	3.456	31.4019
1399701669.873	n	12.8034	3.69940	3.437	31.4021
1399701670.011	y	12.8035	3.69943	3.418	31.4023
1399701670.016	n	12.8037	3.69947	3.399	31.4025
1399701670.061	n	12.8038	3.69951	3.383	31.4027
1399701670.122	n	12.8040	3.69953	3.361	31.4028
1399701670.185	n	12.8043	3.69954	3.345	31.4027
1399701670.249	n	12.8047	3.69956	3.327	31.4026
1399701670.311	n	12.8050	3.69958	3.309	31.4025
1399701670.374	n	12.8049	3.69957	3.290	31.4025
1399701670.436	n	12.8046	3.69955	3.275	31.4025
1399701670.498	n	12.8042	3.69953	3.253	31.4026
1399701670.563	n	12.8038	3.69950	3.234	31.4028
1399701670.626	n	12.8035	3.69948	3.218	31.4028
1399701670.686	n	12.8033	3.69946	3.200	31.4028
1399701670.748	n	12.8031	3.69943	3.183	31.4027
1399701670.811	n	12.8027	3.69938	3.167	31.4026
1399701670.874	n	12.8021	3.69935	3.151	31.4027
1399701670.935	n	12.8014	3.69930	3.133	31.4030
1399701670.997	n	12.8007	3.69928	3.117	31.4033
1399701671.060	n	12.8003	3.69924	3.103	31.4032
1399701671.124	n	12.7999	3.69919	3.086	31.4032
1399701671.186	n	12.7992	3.69913	3.070	31.4031
1399701671.248	n	12.7981	3.69907	3.057	31.4035
1399701671.312	n	12.7969	3.69902	3.040	31.4040
1399701671.373	n	12.7960	3.69900	3.026	31.4046
1399701671.435	n	12.7955	3.69897	3.012	31.4047
1399701671.498	n	12.7955	3.69895	2.996	31.4045
1399701671.562	n	12.7958	3.69892	2.982	31.4040
1399701671.624	n	12.7961	3.69888	2.969	31.4034
1399701671.687	n	12.7962	3.69883	2.957	31.4029
1399701671.750	n	12.7960	3.69879	2.946	31.4027
1399701671.811	n	12.7957	3.69876	2.934	31.4026
1399701671.872	n	12.7954	3.69871	2.922	31.4024
1399701671.936	n	12.7954	3.69870	2.913	31.4022
1399701671.998	n	12.7955	3.69871	2.903	31.4023
1399701672.060	n	12.7954	3.69873	2.891	31.4027
1399701672.124	n	12.7952	3.69877	2.883	31.4032
1399701672.185	n	12.7949	3.69880	2.869	31.4037
1399701672.249	n	12.7947	3.69880	2.860	31.4039
1399701672.311	n	12.7947	3.69880	2.851	31.4039
1399701672.374	n	12.7949	3.69881	2.844	31.4037
1399701672.435	y	12.7951	3.69882	2.835	31.4037
1399701672.498	n	12.7952	3.69883	2.826	31.4038
1399701672.564	n	12.7950	3.69884	2.821	31.4040
1399701672.624	n	12.7948	3.69883	2.811	31.4041
1399701672.686	n	12.7945	3.69881	2.805	31.4042
1399701672.749	n	12.7943	3.69879	2.801	31.4041
1399701672.810	n	12.7943	3.69879	2.795	31.4041
1399701672.874	n	12.7944	3.69880	2.791	31.4042
1399701672.935	n	12.7945	3.69882	2.785	31.4042
1399701672.999	n	12.7947	3.69884	2.782	31.4042
1399701673.060	n	12.7948	3.69884	2.777	31.4042
1399701673.123	n	12.7949	3.69885	2.771	31.4042
1399701673.185	n	12.7950	3.69884	2.765	31.4041
1399701673.248	n	12.7951	3.69884	2.758	31.4040
1399701673.310	n	12.7952	3.69884	2.754	31.4039
1399701673.373	n	12.7955	3.69886	2.749	31.4038
1399701673.435	n	12.7960	3.69889	2.744	31.4037
1399701673.498	n	12.7968	3.69894	2.737	31.4035
1399701673.562	n	12.7975	3.69899	2.732	31.4033
1399701673.623	n	12.7980	3.69902	2.730	31.4032
1399701673.686	n	12.7981	3.69903	2.728	31.4032
1399701673.749	n	12.7979	3.69901	2.725	31.4032
1399701673.811	n	12.7976	3.69900	2.723	31.4034
1399701673.874	n	12.7974	3.69899	2.724	31.4035
1399701673.937	n	12.7973	3.69899	2.724	31.4036
1399701673.999	n	12.7973	3.69900	2.724	31.4036
1399701674.061	n	12.7974	3.69902	2.721	31.4037
1399701674.123	n	12.7976	3.69903	2.721	31.4037
1399701674.254	y	12.7977	3.69903	2.721	31.4036
1399701674.261	n	12.7978	3.69904	2.720	31.4036
1399701674.311	n	12.7980	3.69903	2.719	31.4034
1399701674.374	n	12.7981	3.69903	2.720	31.4033
1399701674.435	n	12.7981	3.69904	2.720	31.4033
1399701674.497	n	12.7982	3.69905	2.719	31.4034
1399701674.561	n	12.7981	3.69904	2.722	31.4034
1399701674.623	n	12.7981	3.69904	2.726	31.4034
1399701674.685	n	12.7980	3.69904	2.723	31.4034
1399701674.748	n	12.7979	3.69905	2.723	31.4036
1399701674.810	n	12.7977	3.69905	2.727	31.4038
1399701674.874	n	12.7975	3.69904	2.727	31.4039
1399701674.935	n	12.7972	3.69902	2.727	31.4039
1399701674.997	n	12.7969	3.69898	2.729	31.4038
1399701675.061	n	12.7967	3.69895	2.724	31.4037
1399701675.124	n	12.7966	3.69893	2.726	31.4035
1399701675.185	n	12.7966	3.69892	2.722	31.4034
1399701675.248	n	12.7965	3.69891	2.724	31.4034
1399701675.312	n	12.7963	3.69890	2.722	31.4035
1399701675.374	n	12.7962	3.69890	2.723	31.4036
1399701675.435	n	12.7961	3.69891	2.722	31.4037
1399701675.497	n	12.7961	3.69891	2.716	31.4038
1399701675.566	n	12.7961	3.69891	2.717	31.4038
1399701675.625	n	12.7961	3.69891	2.717	31.4038
1399701675.685	n	12.7960	3.69891	2.718	31.4038
1399701675.748	n	12.7960	3.69892	2.717	31.4039
1399701675.810	n	12.7961	3.69893	2.716	31.4040
1399701675.874	n	12.7962	3.69894	2.717	31.4040
1399701675.936	n	12.7964	3.69896	2.715	31.4040
1399701675.997	n	12.7966	3.69898	2.710	31.4040
1399701676.062	n	12.7968	3.69899	2.707	31.4040
1399701676.123	n	12.7969	3.69899	2.703	31.4039
1399701676.185	y	12.7970	3.69898	2.696	31.4037
1399701676.248	n	12.7970	3.69898	2.690	31.4037
1399701676.311	n	12.7971	3.69898	2.684	31.4036
1399701676.374	n	12.7973	3.69898	2.674	31.4034
1399701676.436	n	12.7977	3.69898	2.672	31.4032
1399701676.497	n	12.7980	3.69900	2.662	31.4030
1399701676.569	n	12.7983	3.69899	2.647	31.4028
1399701676.624	n	12.7983	3.69895	2.637	31.4024
1399701676.686	n	12.7983	3.69890	2.625	31.4019
1399701676.749	n	12.7982	3.69883	2.612	31.4014
1399701676.812	n	12.7981	3.69876	2.595	31.4008
1399701676.873	n	12.7980	3.69872	2.581	31.4005
1399701676.935	n	12.7980	3.69872	2.565	31.4005
1399701676.998	n	12.7979	3.69872	2.547	31.4005
1399701677.061	n	12.7979	3.69872	2.527	31.4006
1399701677.122	n	12.7978	3.69872	2.508	31.4007
1399701677.185	n	12.7977	3.69870	2.486	31.4006
1399701677.249	n	12.7976	3.69868	2.468	31.4004
1399701677.310	n	12.7976	3.69865	2.449	31.4003
1399701677.373	n	12.7975	3.69864	2.429	31.4002
1399701677.435	n	12.7974	3.69864	2.405	31.4003
1399701677.498	n	12.7972	3.69864	2.388	31.4005
1399701677.562	n	12.7971	3.69863	2.369	31.4005
1399701677.623	n	12.7971	3.69863	2.345	31.4005
1399701677.685	n	12.7973	3.69863	2.324	31.4003
1399701677.749	n	12.7975	3.69864	2.303	31.4002
1399701677.810	n	12.7978	3.69866	2.282	31.4002
1399701677.873	n	12.7980	3.69868	2.261	31.4002
1399701677.936	n	12.7982	3.69869	2.236	31.4001
1399701677.998	n	12.7984	3.69869	2.216	31.4000
1399701678.061	n	12.7985	3.69870	2.197	31.4000
1399701678.124	n	12.7984	3.69870	2.179	31.4001
1399701678.186	n	12.7984	3.69871	2.158	31.4002
1399701678.248	n	12.7983	3.69871	2.139	31.4003
1399701678.310	n	12.7983	3.69870	2.120	31.4003
1399701678.374	n	12.7984	3.69870	2.102	31.4002
1399701678.518	y	12.7984	3.69870	2.081	31.4001
1399701678.523	n	12.7984	3.69870	2.062	31.4001
1399701678.561	n	12.7984	3.69869	2.049	31.4001
1399701678.624	n	12.7983	3.69868	2.033	31.4001
1399701678.686	n	12.7982	3.69867	2.020	31.4001
1399701678.749	n	12.7982	3.69866	2.005	31.4000
1399701678.812	n	12.7982	3.69866	1.993	31.4000
1399701678.873	n	12.7982	3.69867	1.975	31.4001
1399701678.936	n	12.7981	3.69867	1.964	31.4001
1399701678.998	n	12.7982	3.69867	1.953	31.4001
1399701679.061	n	12.7982	3.69867	1.939	31.4000
1399701679.124	n	12.7983	3.69867	1.928	31.4000
1399701679.186	n	12.7984	3.69868	1.917	31.4000
1399701679.248	n	12.7984	3.69869	1.908	31.4001
1399701679.311	n	12.7983	3.69869	1.899	31.4002
1399701679.374	n	12.7981	3.69869	1.892	31.4004
1399701679.435	n	12.7979	3.69869	1.888	31.4005
1399701679.499	n	12.7978	3.69868	1.883	31.4005
1399701679.562	n	12.7977	3.69867	1.879	31.4005
1399701679.623	n	12.7977	3.69868	1.870	31.4006
1399701679.686	n	12.7977	3.69869	1.867	31.4007
1399701679.749	n	12.7977	3.69870	1.867	31.4008
1399701679.812	n	12.7978	3.69871	1.857	31.4008
1399701679.942	y	12.7982	3.69874	1.847	31.4008
1399701679.949	n	12.7989	3.69879	1.841	31.4007
1399701679.999	n	12.7998	3.69884	1.831	31.4005
1399701680.060	n	12.8005	3.69888	1.824	31.4002
1399701680.123	n	12.8009	3.69890	1.815	31.4000
1399701680.186	n	12.8010	3.69889	1.809	31.3999
1399701680.248	n	12.8010	3.69889	1.800	31.3998
1399701680.312	n	12.8010	3.69888	1.795	31.3998
1399701680.373	n	12.8010	3.69888	1.790	31.3997
1399701680.435	n	12.8012	3.69888	1.784	31.3997
1399701680.498	n	12.8013	3.69889	1.777	31.3996
1399701680.562	n	12.8014	3.69889	1.775	31.3995
1399701680.623	n	12.8016	3.69890	1.772	31.3995
1399701680.685	n	12.8016	3.69890	1.769	31.3995
1399701680.747	n	12.8017	3.69891	1.763	31.3994
1399701680.811	n	12.8018	3.69890	1.763	31.3994
1399701680.874	n	12.8019	3.69891	1.760	31.3993
1399701680.936	n	12.8019	3.69890	1.759	31.3993
1399701680.998	n	12.8018	3.69891	1.761	31.3994
1399701681.063	n	12.8017	3.69892	1.762	31.3996
1399701681.124	n	12.8017	3.69892	1.763	31.3996
1399701681.187	n	12.8018	3.69891	1.764	31.3995
1399701681.308	y	12.8018	3.69891	1.765	31.3994
1399701681.314	n	12.8018	3.69891	1.770	31.3994
1399701681.373	n	12.8016	3.69889	1.769	31.3994
1399701681.435	n	12.8014	3.69889	1.779	31.3996
1399701681.498	n	12.8011	3.69888	1.785	31.3997
1399701681.564	n	12.8010	3.69887	1.795	31.3998
1399701681.623	n	12.8010	3.69887	1.801	31.3998
1399701681.686	n	12.8010	3.69887	1.811	31.3997
1399701681.748	n	12.8009	3.69886	1.816	31.3997
1399701681.810	n	12.8008	3.69886	1.827	31.3997
1399701681.874	n	12.8008	3.69886	1.837	31.3998
1399701681.935	n	12.8007	3.69886	1.842	31.3998
1399701681.999	n	12.8008	3.69886	1.848	31.3998
1399701682.062	n	12.8008	3.69886	1.849	31.3998
1399701682.124	n	12.8007	3.69886	1.859	31.3998
1399701682.186	n	12.8007	3.69886	1.859	31.3998
1399701682.247	n	12.8007	3.69886	1.861	31.3999
1399701682.311	n	12.8007	3.69886	1.861	31.3998
1399701682.373	n	12.8007	3.69885	1.858	31.3998
1399701682.435	n	12.8006	3.69885	1.857	31.3998
1399701682.498	n	12.8006	3.69886	1.857	31.3999
1399701682.560	n	12.8005	3.69886	1.850	31.4001
1399701682.623	n	12.8003	3.69885	1.844	31.4001
1399701682.794	y	12.8000	3.69881	1.844	31.4000
1399701682.801	n	12.7994	3.69876	1.837	31.4000
1399701682.811	n	12.7987	3.69870	1.834	31.4000
1399701682.873	n	12.7980	3.69868	1.831	31.4004
1399701682.935	n	12.7975	3.69873	1.827	31.4013
1399701682.997	n	12.7973	3.69880	1.825	31.4021
1399701683.062	n	12.7972	3.69888	1.817	31.4029
1399701683.125	n	12.7971	3.69892	1.817	31.4034
1399701683.186	n	12.7968	3.69889	1.810	31.4034
1399701683.249	n	12.7963	3.69881	1.800	31.4030
1399701683.311	n	12.7957	3.69872	1.793	31.4027
1399701683.375	n	12.7952	3.69862	1.786	31.4022
1399701683.459	y	12.7947	3.69855	1.774	31.4020
1399701683.499	n	12.7941	3.69852	1.766	31.4021
1399701683.562	n	12.7936	3.69851	1.754	31.4025
1399701683.624	n	12.7935	3.69852	1.744	31.4027
1399701683.685	n	12.7937	3.69854	1.732	31.4026
1399701683.749	n	12.7943	3.69855	1.717	31.4023
1399701683.812	n	12.7949	3.69854	1.702	31.4017
1399701683.873	n	12.7953	3.69851	1.690	31.4011
1399701683.936	n	12.7954	3.69848	1.675	31.4007
1399701683.998	n	12.7954	3.69846	1.658	31.4006
1399701684.060	n	12.7952	3.69845	1.644	31.4006
1399701684.123	n	12.7949	3.69847	1.626	31.4010
1399701684.185	n	12.7945	3.69849	1.611	31.4015
1399701684.249	n	12.7943	3.69849	1.597	31.4018
1399701684.311	n	12.7942	3.69849	1.585	31.4018
1399701684.374	n	12.7943	3.69848	1.575	31.4017
1399701684.437	n	12.7945	3.69847	1.564	31.4015
1399701684.499	n	12.7945	3.69846	1.551	31.4013
1399701684.560	n	12.7944	3.69845	1.542	31.4013
1399701684.622	n	12.7942	3.69843	1.535	31.4012
1399701684.685	n	12.7941	3.69841	1.525	31.4012
1399701684.748	n	12.7939	3.69839	1.513	31.4012
1399701684.811	n	12.7938	3.69839	1.503	31.4013
1399701684.875	n	12.7938	3.69839	1.492	31.4013
1399701684.935	n	12.7938	3.69840	1.489	31.4014
1399701684.999	n	12.7938	3.69841	1.480	31.4015
1399701685.063	n	12.7938	3.69841	1.475	31.4015
1399701685.123	n	12.7938	3.69840	1.468	31.4014
1399701685.186	n	12.7937	3.69839	1.455	31.4014
1399701685.248	n	12.7937	3.69839	1.448	31.4014
1399701685.310	n	12.7938	3.69840	1.441	31.4015
1399701685.374	n	12.7940	3.69844	1.431	31.4016
1399701685.436	n	12.7945	3.69848	1.422	31.4016
1399701685.498	n	12.7950	3.69853	1.415	31.4017
1399701685.561	n	12.7954	3.69858	1.402	31.4018
1399701685.624	n	12.7956	3.69861	1.386	31.4019
1399701685.686	n	12.7958	3.69863	1.373	31.4020
1399701685.750	n	12.7959	3.69864	1.358	31.4020
1399701685.812	n	12.7960	3.69863	1.342	31.4018
1399701685.873	n	12.7960	3.69859	1.330	31.4014
1399701685.936	n	12.7960	3.69857	1.316	31.4012
1399701685.998	n	12.7959	3.69854	1.302	31.4011
1399701686.061	n	12.7957	3.69853	1.287	31.4011
1399701686.125	n	12.7956	3.69853	1.279	31.4012
1399701686.187	n	12.7954	3.69851	1.266	31.4012
1399701686.250	n	12.7951	3.69848	1.257	31.4011
1399701686.312	n	12.7948	3.69845	1.244	31.4011
1399701686.373	n	12.7944	3.69842	1.229	31.4012
1399701686.435	n	12.7940	3.69840	1.214	31.4013
1399701686.497	n	12.7936	3.69838	1.199	31.4015
1399701686.562	n	12.7931	3.69836	1.181	31.4017
1399701686.622	n	12.7927	3.69834	1.166	31.4019
1399701686.685	n	12.7924	3.69833	1.150	31.4020
1399701686.748	n	12.7923	3.69832	1.130	31.4020
1399701686.810	n	12.7923	3.69832	1.116	31.4020
1399701686.874	y	12.7922	3.69831	1.095	31.4020
1399701687.029	n	12.7919	3.69826	1.082	31.4018
1399701687.034	n	12.7915	3.69822	1.066	31.4017
1399701687.061	n	12.7911	3.69818	1.047	31.4017
1399701687.123	n	12.7908	3.69816	1.029	31.4017
1399701687.185	y	12.7907	3.69817	1.016	31.4020
1399701687.248	n	12.7906	3.69819	1.000	31.4022
1399701687.312	n	12.7905	3.69819	0.986	31.4023
1399701687.374	n	12.7903	3.69818	0.977	31.4024
1399701687.436	n	12.7898	3.69814	0.971	31.4025
1399701687.498	n	12.7893	3.69808	0.965	31.4023
1399701687.562	n	12.7888	3.69801	0.963	31.4021
1399701687.624	n	12.7883	3.69793	0.957	31.4017
1399701687.686	n	12.7880	3.69787	0.959	31.4014
1399701687.748	n	12.7879	3.69784	0.958	31.4012
1399701687.812	n	12.7882	3.69787	0.956	31.4012
1399701687.873	n	12.7889	3.69795	0.959	31.4014
1399701687.935	n	12.7897	3.69806	0.965	31.4018
1399701687.998	n	12.7906	3.69818	0.970	31.4021
1399701688.061	n	12.7914	3.69829	0.981	31.4026
1399701688.123	n	12.7921	3.69838	0.991	31.4028
1399701688.186	n	12.7928	3.69846	1.003	31.4030
1399701688.248	n	12.7934	3.69853	1.017	31.4032
1399701688.311	n	12.7939	3.69858	1.033	31.4032
1399701688.374	n	12.7942	3.69861	1.045	31.4032
1399701688.436	n	12.7944	3.69862	1.053	31.4032
1399701688.498	n	12.7945	3.69864	1.064	31.4032
1399701688.560	n	12.7946	3.69865	1.076	31.4032
1399701688.624	n	12.7947	3.69867	1.085	31.4033
1399701688.685	n	12.7946	3.69868	1.090	31.4035
1399701688.749	n	12.7945	3.69867	1.091	31.4035
1399701688.810	n	12.7945	3.69867	1.097	31.4035
1399701688.874	n	12.7945	3.69868	1.102	31.4036
1399701688.936	n	12.7945	3.69870	1.104	31.4037
1399701688.998	n	12.7946	3.69872	1.097	31.4039
1399701689.061	n	12.7946	3.69875	1.100	31.4042
1399701689.123	n	12.7946	3.69876	1.100	31.4043
1399701689.186	n	12.7946	3.69876	1.093	31.4043
1399701689.247	n	12.7947	3.69875	1.088	31.4041
1399701689.312	n	12.7948	3.69873	1.084	31.4038
1399701689.373	n	12.7951	3.69870	1.085	31.4033
1399701689.435	n	12.7954	3.69866	1.082	31.4027
1399701689.498	n	12.7957	3.69861	1.080	31.4019
1399701689.561	n	12.7961	3.69857	1.082	31.4012
1399701689.623	n	12.7965	3.69855	1.084	31.4007
1399701689.685	n	12.7971	3.69856	1.089	31.4003
1399701689.748	n	12.7979	3.69860	1.092	31.4000
1399701689.811	n	12.7989	3.69865	1.097	31.3996
1399701689.873	n	12.7998	3.69869	1.104	31.3993
1399701689.935	n	12.8006	3.69874	1.109	31.3991
1399701689.997	n	12.8013	3.69879	1.113	31.3990
1399701690.061	n	12.8018	3.69882	1.118	31.3988
1399701690.124	n	12.8019	3.69883	1.122	31.3988
1399701690.185	n	12.8020	3.69884	1.129	31.3988
1399701690.248	n	12.8019	3.69883	1.135	31.3989
1399701690.311	n	12.8018	3.69882	1.138	31.3988
1399701690.374	n	12.8016	3.69881	1.142	31.3988
1399701690.437	n	12.8014	3.69880	1.148	31.3989
1399701690.498	n	12.8013	3.69880	1.155	31.3991
1399701690.562	n	12.8011	3.69881	1.156	31.3993
1399701690.624	n	12.8008	3.69880	1.166	31.3994
1399701690.686	n	12.8007	3.69878	1.164	31.3994
1399701690.748	n	12.8007	3.69876	1.167	31.3991
1399701690.812	n	12.8009	3.69875	1.168	31.3988
1399701690.878	y	12.8013	3.69876	1.176	31.3986
1399701690.935	n	12.8016	3.69876	1.181	31.3984
1399701690.997	n	12.8019	3.69877	1.184	31.3983
1399701691.061	n	12.8023	3.69879	1.191	31.3982
1399701691.122	n	12.8027	3.69883	1.197	31.3981
1399701691.227	y	12.8033	3.69889	1.205	31.3982
1399701691.248	n	12.8037	3.69896	1.209	31.3985
1399701691.310	n	12.8037	3.69899	1.218	31.3988
1399701691.374	n	12.8036	3.69900	1.221	31.3990
1399701691.436	n	12.8035	3.69899	1.227	31.3990
1399701691.498	n	12.8034	3.69896	1.226	31.3987
1399701691.562	n	12.8035	3.69893	1.227	31.3984
1399701691.624	n	12.8036	3.69891	1.224	31.3981
1399701691.685	n	12.8038	3.69890	1.220	31.3979
1399701691.749	n	12.8038	3.69890	1.218	31.3979
1399701691.812	n	12.8038	3.69889	1.214	31.3978
1399701691.873	n	12.8037	3.69888	1.209	31.3978
1399701691.936	n	12.8036	3.69887	1.202	31.3977
1399701691.998	n	12.8035	3.69885	1.197	31.3977
1399701692.060	n	12.8033	3.69885	1.196	31.3979
1399701692.122	n	12.8031	3.69885	1.194	31.3980
1399701692.185	n	12.8028	3.69883	1.189	31.3980
1399701692.249	n	12.8025	3.69880	1.189	31.3980
1399701692.311	n	12.8024	3.69879	1.184	31.3980
1399701692.374	n	12.8023	3.69877	1.177	31.3979
1399701692.436	n	12.8022	3.69878	1.170	31.3981
1399701692.499	n	12.8022	3.69879	1.164	31.3982
1399701692.562	n	12.8021	3.69879	1.157	31.3982
1399701692.625	n	12.8021	3.69878	1.151	31.3982
1399701692.685	n	12.8020	3.69877	1.139	31.3982
1399701692.749	n	12.8019	3.69876	1.129	31.3982
1399701692.810	n	12.8017	3.69876	1.120	31.3983
1399701692.874	n	12.8015	3.69876	1.107	31.3985
1399701692.936	n	12.8014	3.69876	1.093	31.3986
1399701692.998	n	12.8015	3.69877	1.081	31.3986
1399701693.062	n	12.8018	3.69880	1.066	31.3986
1399701693.125	n	12.8022	3.69883	1.052	31.3986
1399701693.187	n	12.8026	3.69885	1.035	31.3984
1399701693.249	n	12.8028	3.69885	1.019	31.3983
1399701693.311	n	12.8028	3.69883	1.001	31.3981
1399701693.375	n	12.8027	3.69881	0.984	31.3980
1399701693.436	n	12.8027	3.69877	0.965	31.3977
1399701693.499	n	12.8026	3.69872	0.947	31.3973
1399701693.560	n	12.8022	3.69865	0.929	31.3970
1399701693.623	n	12.8017	3.69858	0.915	31.3967
1399701693.685	n	12.8013	3.69855	0.898	31.3968
1399701693.749	n	12.8011	3.69857	0.881	31.3971
1399701693.810	n	12.8012	3.69860	0.869	31.3974
1399701693.874	n	12.8010	3.69864	0.852	31.3979
1399701693.936	n	12.8003	3.69864	0.836	31.3985
1399701693.998	n	12.7994	3.69861	0.823	31.3989
1399701694.062	n	12.7990	3.69859	0.809	31.3991
1399701694.123	n	12.7995	3.69862	0.796	31.3990
1399701694.186	n	12.8007	3.69870	0.784	31.3988
1399701694.249	n	12.8021	3.69880	0.770	31.3986
1399701694.313	n	12.8032	3.69891	0.755	31.3986
1399701694.375	n	12.8038	3.69896	0.737	31.3987
1399701694.496	y	12.8041	3.69898	0.726	31.3986
1399701694.502	n	12.8041	3.69896	0.711	31.3984
1399701694.561	n	12.8041	3.69891	0.693	31.3980
1399701694.624	n	12.8040	3.69886	0.680	31.3976
1399701694.685	n	12.8039	3.69883	0.670	31.3974
1399701694.749	n	12.8039	3.69884	0.657	31.3975
1399701694.810	n	12.8038	3.69886	0.641	31.3977
1399701694.874	n	12.8037	3.69888	0.634	31.3980
1399701694.936	n	12.8036	3.69891	0.619	31.3983
1399701694.997	n	12.8033	3.69891	0.605	31.3986
1399701695.061	n	12.8028	3.69888	0.596	31.3987
1399701695.122	n	12.8023	3.69882	0.590	31.3987
1399701695.186	n	12.8017	3.69876	0.579	31.3985
1399701695.249	n	12.8013	3.69871	0.575	31.3984
1399701695.311	n	12.8010	3.69869	0.567	31.3985
1399701695.375	n	12.8007	3.69868	0.562	31.3987
1399701695.566	y	12.8002	3.69866	0.558	31.3988
1399701695.574	n	12.7989	3.52833	0.554	29.7979
1399701695.583	n	12.7936	3.05460	0.550	25.4076
