Source File: D:\Storage\Programs\OOI\Group 5\Correspondence\07_18_14 sample files\files\11309982.PPB
Processed: 07/18/2014 12:28:10
Using Version: 1.11
Device: CTD
Start Date: 05/10/2014
Timestamp (s)	Suspect Timestamp	Temperature	Conductivity	Pressure	Salinity
1399766236.683	y	12.3232	3.69514	21.072	31.7575
1399766236.747	n	12.3231	3.69513	21.083	31.7575
1399766236.810	n	12.3233	3.69513	21.084	31.7574
1399766236.874	n	12.3231	3.69514	21.072	31.7576
1399766236.934	n	12.3233	3.69513	21.083	31.7574
1399766236.996	n	12.3232	3.69513	21.097	31.7574
1399766237.059	n	12.3234	3.69518	21.105	31.7578
1399766237.124	n	12.3232	3.69515	21.084	31.7576
1399766237.185	n	12.3232	3.69515	21.093	31.7576
1399766237.247	n	12.3232	3.69515	21.096	31.7576
1399766237.310	n	12.3232	3.69515	21.097	31.7576
1399766237.372	n	12.3232	3.69514	21.105	31.7575
1399766237.436	n	12.3232	3.69513	21.112	31.7574
1399766237.497	n	12.3232	3.69513	21.114	31.7574
1399766237.561	n	12.3232	3.69512	21.121	31.7573
1399766237.623	n	12.3233	3.69513	21.125	31.7573
1399766237.686	n	12.3233	3.69514	21.130	31.7574
1399766237.750	n	12.3233	3.69515	21.139	31.7576
1399766237.812	n	12.3233	3.69517	21.140	31.7577
1399766237.872	n	12.3233	3.69518	21.145	31.7578
1399766237.935	n	12.3233	3.69518	21.151	31.7578
1399766237.997	n	12.3233	3.69518	21.154	31.7578
1399766238.060	n	12.3233	3.69516	21.158	31.7576
1399766238.122	n	12.3233	3.69515	21.165	31.7575
1399766238.186	n	12.3234	3.69514	21.171	31.7574
1399766239.468	n	12.3234	3.69513	21.174	31.7573
1399766239.491	n	12.3234	3.69513	21.176	31.7573
1399766239.508	n	12.3234	3.69513	21.180	31.7572
1399766239.520	n	12.3234	3.69514	21.184	31.7573
1399766239.527	n	12.3234	3.69515	21.190	31.7574
1399766239.533	n	12.3234	3.69517	21.191	31.7576
1399766239.540	n	12.3234	3.69517	21.196	31.7576
1399766239.546	n	12.3234	3.69517	21.201	31.7576
1399766239.553	n	12.3234	3.69516	21.209	31.7575
1399766239.560	n	12.3234	3.69515	21.211	31.7574
1399766239.566	n	12.3233	3.69514	21.212	31.7573
1399766239.573	n	12.3233	3.69513	21.215	31.7573
1399766239.579	n	12.3232	3.69512	21.219	31.7573
1399766239.586	n	12.3232	3.69513	21.222	31.7574
1399766239.594	n	12.3231	3.69515	21.222	31.7576
1399766239.600	n	12.3231	3.69515	21.225	31.7576
1399766239.606	n	12.3231	3.69515	21.225	31.7576
1399766239.613	n	12.3231	3.69514	21.228	31.7575
1399766239.619	n	12.3232	3.69513	21.236	31.7574
1399766239.624	n	12.3232	3.69513	21.234	31.7574
1399766239.629	n	12.3232	3.69513	21.234	31.7574
1399766239.634	n	12.3232	3.69513	21.236	31.7574
1399766239.639	n	12.3232	3.69514	21.235	31.7575
1399766239.685	n	12.3231	3.69515	21.237	31.7576
1399766239.747	n	12.3231	3.69516	21.235	31.7577
1399766239.811	n	12.3231	3.69516	21.238	31.7577
1399766239.873	n	12.3231	3.69516	21.236	31.7577
1399766239.936	n	12.3231	3.69516	21.237	31.7577
1399766239.998	n	12.3232	3.69515	21.238	31.7576
1399766240.062	n	12.3232	3.69514	21.236	31.7575
1399766240.123	n	12.3232	3.69513	21.234	31.7573
1399766240.187	n	12.3233	3.69511	21.234	31.7572
1399766240.249	n	12.3233	3.69512	21.232	31.7572
1399766240.310	n	12.3233	3.69513	21.232	31.7573
1399766240.374	n	12.3234	3.69515	21.227	31.7574
1399766240.436	n	12.3234	3.69515	21.224	31.7574
1399766240.503	n	12.3234	3.69515	21.222	31.7574
1399766240.561	n	12.3233	3.69515	21.221	31.7575
1399766240.622	n	12.3232	3.69515	21.218	31.7575
1399766240.687	n	12.3232	3.69514	21.218	31.7574
1399766240.749	n	12.3232	3.69513	21.212	31.7573
1399766240.813	n	12.3232	3.69512	21.208	31.7573
1399766240.872	n	12.3232	3.69512	21.207	31.7573
1399766240.937	n	12.3232	3.69513	21.200	31.7574
1399766240.999	n	12.3232	3.69513	21.194	31.7574
1399766241.062	n	12.3232	3.69513	21.192	31.7574
1399766241.124	n	12.3232	3.69513	21.188	31.7574
1399766241.186	n	12.3232	3.69513	21.183	31.7573
1399766241.248	n	12.3233	3.69513	21.181	31.7573
1399766241.311	n	12.3233	3.69513	21.177	31.7573
1399766241.372	n	12.3233	3.69513	21.174	31.7573
1399766241.436	n	12.3233	3.69513	21.166	31.7572
1399766241.501	n	12.3233	3.69513	21.163	31.7573
1399766241.562	n	12.3233	3.69512	21.158	31.7572
1399766241.624	n	12.3233	3.69513	21.152	31.7573
1399766241.686	n	12.3233	3.69513	21.146	31.7574
1399766241.748	n	12.3232	3.69513	21.143	31.7574
1399766241.810	n	12.3233	3.69513	21.138	31.7573
1399766241.874	n	12.3233	3.69512	21.133	31.7573
1399766241.936	n	12.3232	3.69512	21.128	31.7573
1399766241.998	n	12.3232	3.69512	21.122	31.7573
1399766242.060	n	12.3232	3.69513	21.119	31.7574
1399766242.122	n	12.3233	3.69513	21.111	31.7574
1399766242.185	n	12.3233	3.69513	21.100	31.7574
1399766242.248	n	12.3233	3.69513	21.098	31.7573
1399766242.314	n	12.3234	3.69512	21.093	31.7572
1399766242.394	y	12.3234	3.69512	21.089	31.7572
1399766242.437	n	12.3234	3.69513	21.083	31.7573
1399766242.501	n	12.3234	3.69514	21.076	31.7574
1399766242.561	n	12.3233	3.69514	21.071	31.7574
1399766242.624	n	12.3233	3.69513	21.067	31.7573
1399766242.686	n	12.3233	3.69512	21.061	31.7572
1399766242.749	n	12.3233	3.69510	21.052	31.7571
1399766242.812	n	12.3233	3.69510	21.048	31.7570
1399766243.021	y	12.3233	3.69510	21.044	31.7570
1399766243.028	n	12.3233	3.69510	21.041	31.7570
1399766243.034	n	12.3233	3.69511	21.034	31.7572
1399766243.060	n	12.3233	3.69513	21.029	31.7574
1399766243.122	n	12.3233	3.69515	21.027	31.7575
1399766243.185	n	12.3233	3.69516	21.023	31.7576
1399766243.248	n	12.3233	3.69515	21.019	31.7576
1399766243.310	n	12.3234	3.69515	21.015	31.7575
1399766243.374	n	12.3234	3.69514	21.014	31.7574
1399766243.435	n	12.3234	3.69513	21.009	31.7573
1399766243.501	n	12.3234	3.69512	21.002	31.7571
1399766243.561	n	12.3234	3.69511	21.001	31.7571
1399766243.624	n	12.3234	3.69510	20.996	31.7570
1399766243.686	n	12.3234	3.69510	20.994	31.7570
1399766243.748	n	12.3234	3.69510	20.992	31.7571
1399766243.811	n	12.3234	3.69511	20.988	31.7571
1399766243.874	n	12.3233	3.69512	20.985	31.7572
1399766243.937	n	12.3234	3.69513	20.985	31.7573
1399766243.999	n	12.3234	3.69513	20.982	31.7574
1399766244.062	n	12.3234	3.69513	20.980	31.7573
1399766244.123	n	12.3234	3.69512	20.979	31.7572
1399766244.186	n	12.3234	3.69512	20.976	31.7572
1399766244.248	n	12.3234	3.69512	20.972	31.7572
1399766244.312	n	12.3234	3.69512	20.971	31.7572
1399766244.372	n	12.3234	3.69512	20.970	31.7573
1399766244.436	n	12.3234	3.69512	20.969	31.7573
1399766244.498	n	12.3234	3.69513	20.974	31.7573
1399766244.562	n	12.3234	3.69513	20.973	31.7573
1399766244.623	n	12.3234	3.69512	20.970	31.7573
1399766244.685	n	12.3234	3.69511	20.972	31.7572
1399766244.747	n	12.3234	3.69511	20.972	31.7572
1399766244.810	n	12.3234	3.69511	20.973	31.7571
1399766244.873	n	12.3233	3.69511	20.976	31.7572
1399766244.935	n	12.3233	3.69511	20.974	31.7572
1399766244.999	n	12.3233	3.69511	20.973	31.7572
1399766245.064	n	12.3233	3.69511	20.976	31.7572
1399766245.123	n	12.3233	3.69512	20.975	31.7573
1399766245.186	n	12.3234	3.69513	20.977	31.7573
1399766245.249	n	12.3234	3.69513	20.980	31.7573
1399766245.311	n	12.3234	3.69513	20.982	31.7573
1399766245.374	n	12.3234	3.69513	20.983	31.7573
1399766245.435	n	12.3234	3.69513	20.990	31.7573
1399766245.505	n	12.3234	3.69512	20.991	31.7572
1399766245.562	n	12.3234	3.69511	20.994	31.7571
1399766245.622	n	12.3233	3.69511	20.996	31.7572
1399766245.686	n	12.3233	3.69511	20.997	31.7572
1399766245.748	n	12.3233	3.69512	21.004	31.7573
1399766245.842	n	12.3233	3.69513	21.005	31.7573
1399766245.873	n	12.3233	3.69513	21.009	31.7573
1399766245.936	n	12.3234	3.69512	21.014	31.7572
1399766245.999	n	12.3234	3.69511	21.016	31.7571
1399766246.061	y	12.3234	3.69511	21.015	31.7571
1399766246.122	n	12.3234	3.69511	21.019	31.7571
1399766246.185	n	12.3234	3.69511	21.023	31.7571
1399766246.249	n	12.3234	3.69511	21.023	31.7571
1399766246.311	n	12.3234	3.69512	21.027	31.7572
1399766246.373	n	12.3234	3.69512	21.031	31.7571
1399766246.435	n	12.3234	3.69512	21.036	31.7572
1399766246.497	n	12.3234	3.69512	21.033	31.7572
1399766246.560	y	12.3235	3.69512	21.037	31.7571
1399766246.622	n	12.3235	3.69512	21.035	31.7571
1399766246.685	n	12.3235	3.69512	21.038	31.7571
1399766246.748	n	12.3235	3.69512	21.037	31.7572
1399766246.810	n	12.3234	3.69513	21.035	31.7572
1399766246.872	n	12.3234	3.69513	21.039	31.7572
1399766246.935	n	12.3234	3.69512	21.035	31.7572
1399766246.997	n	12.3234	3.69513	21.036	31.7572
1399766247.062	n	12.3235	3.69513	21.030	31.7573
1399766247.270	y	12.3235	3.69513	21.031	31.7573
1399766247.276	n	12.3234	3.69514	21.027	31.7573
1399766247.283	n	12.3234	3.69513	21.027	31.7572
1399766247.311	n	12.3235	3.69512	21.024	31.7572
1399766247.373	n	12.3235	3.69513	21.020	31.7572
1399766247.435	n	12.3235	3.69513	21.015	31.7572
1399766247.499	n	12.3235	3.69513	21.015	31.7572
1399766247.913	n	12.3235	3.69513	21.012	31.7572
1399766247.920	n	12.3235	3.69512	21.003	31.7571
1399766247.928	n	12.3235	3.69511	21.000	31.7570
1399766247.934	n	12.3235	3.69511	20.994	31.7570
1399766247.939	n	12.3235	3.69512	20.990	31.7570
1399766247.945	n	12.3235	3.69513	20.984	31.7572
1399766247.949	n	12.3235	3.69513	20.976	31.7573
1399766247.999	n	12.3235	3.69513	20.973	31.7573
1399766248.063	n	12.3234	3.69513	20.966	31.7572
1399766248.124	n	12.3234	3.69512	20.960	31.7571
1399766248.185	n	12.3234	3.69511	20.952	31.7571
1399766248.249	n	12.3234	3.69511	20.941	31.7571
1399766248.312	n	12.3234	3.69512	20.935	31.7572
1399766248.374	n	12.3234	3.69513	20.920	31.7573
1399766248.436	n	12.3234	3.69513	20.915	31.7573
1399766248.499	n	12.3234	3.69513	20.904	31.7573
1399766248.561	n	12.3234	3.69513	20.893	31.7573
1399766248.623	n	12.3235	3.69513	20.880	31.7573
1399766248.687	n	12.3235	3.69513	20.871	31.7573
1399766248.748	n	12.3235	3.69512	20.858	31.7572
1399766248.812	n	12.3235	3.69510	20.846	31.7570
1399766248.873	n	12.3235	3.69509	20.831	31.7569
1399766248.936	n	12.3235	3.69508	20.820	31.7568
1399766248.998	n	12.3235	3.69509	20.806	31.7569
1399766249.061	n	12.3235	3.69510	20.791	31.7570
1399766249.124	n	12.3235	3.69511	20.780	31.7571
1399766249.185	n	12.3235	3.69513	20.765	31.7573
1399766249.248	n	12.3235	3.69513	20.750	31.7573
1399766249.312	n	12.3236	3.69512	20.735	31.7572
1399766249.373	n	12.3236	3.69511	20.719	31.7571
1399766249.436	n	12.3236	3.69509	20.707	31.7569
1399766249.498	n	12.3235	3.69508	20.694	31.7568
1399766249.561	n	12.3235	3.69508	20.677	31.7569
1399766249.624	y	12.3235	3.69508	20.660	31.7569
1399766249.686	n	12.3235	3.69508	20.644	31.7569
1399766249.748	n	12.3235	3.69508	20.629	31.7569
1399766249.811	n	12.3235	3.69508	20.612	31.7569
1399766249.873	n	12.3235	3.69508	20.597	31.7570
1399766249.937	n	12.3235	3.69508	20.579	31.7570
1399766249.997	n	12.3235	3.69508	20.563	31.7570
1399766250.061	n	12.3235	3.69508	20.545	31.7569
1399766250.124	n	12.3235	3.69508	20.527	31.7570
1399766250.185	n	12.3235	3.69508	20.508	31.7569
1399766250.248	n	12.3235	3.69507	20.490	31.7569
1399766250.311	n	12.3235	3.69507	20.474	31.7569
1399766250.374	n	12.3235	3.69507	20.454	31.7568
1399766250.436	n	12.3236	3.69508	20.437	31.7569
1399766250.499	n	12.3236	3.69508	20.418	31.7569
1399766250.561	n	12.3236	3.69508	20.396	31.7569
1399766250.622	n	12.3235	3.69508	20.377	31.7570
1399766250.685	n	12.3235	3.69508	20.360	31.7570
1399766250.748	n	12.3235	3.69508	20.338	31.7571
1399766250.812	n	12.3235	3.69508	20.322	31.7570
1399766250.872	n	12.3235	3.69507	20.302	31.7569
1399766250.935	n	12.3235	3.69508	20.284	31.7569
1399766250.999	n	12.3236	3.69509	20.259	31.7571
1399766251.060	n	12.3236	3.69510	20.240	31.7572
1399766251.123	n	12.3236	3.69511	20.224	31.7573
1399766251.186	n	12.3236	3.69510	20.203	31.7572
1399766251.247	n	12.3236	3.69509	20.186	31.7571
1399766251.311	n	12.3236	3.69508	20.167	31.7570
1399766251.503	y	12.3236	3.69508	20.149	31.7569
1399766251.517	n	12.3236	3.69507	20.131	31.7568
1399766251.522	n	12.3236	3.69505	20.110	31.7567
1399766251.562	n	12.3236	3.69504	20.091	31.7566
1399766251.624	n	12.3236	3.69504	20.075	31.7566
1399766251.685	n	12.3237	3.69504	20.056	31.7565
1399766251.748	n	12.3237	3.69504	20.037	31.7565
1399766251.811	n	12.3237	3.69504	20.021	31.7566
1399766251.873	n	12.3237	3.69505	20.007	31.7566
1399766251.935	n	12.3237	3.69506	19.984	31.7567
1399766251.999	n	12.3237	3.69506	19.967	31.7569
1399766252.061	n	12.3236	3.69507	19.952	31.7569
1399766252.123	n	12.3236	3.69505	19.936	31.7568
1399766252.186	n	12.3237	3.69504	19.918	31.7566
1399766252.249	n	12.3238	3.69503	19.895	31.7565
1399766252.313	n	12.3238	3.69502	19.881	31.7564
1399766252.374	n	12.3238	3.69503	19.865	31.7564
1399766252.435	n	12.3238	3.69504	19.848	31.7565
1399766252.501	n	12.3238	3.69504	19.832	31.7565
1399766252.560	n	12.3238	3.69503	19.815	31.7565
1399766252.624	n	12.3238	3.69504	19.802	31.7566
1399766252.686	n	12.3239	3.69505	19.783	31.7566
1399766252.748	n	12.3239	3.69505	19.768	31.7566
1399766252.812	n	12.3239	3.69505	19.752	31.7566
1399766252.873	n	12.3239	3.69504	19.736	31.7565
1399766252.935	n	12.3239	3.69504	19.721	31.7565
1399766252.998	n	12.3239	3.69504	19.705	31.7565
1399766253.062	n	12.3240	3.69504	19.687	31.7564
1399766253.123	n	12.3240	3.69504	19.671	31.7565
1399766253.186	n	12.3240	3.69505	19.657	31.7565
1399766253.248	n	12.3240	3.69505	19.643	31.7566
1399766253.337	y	12.3240	3.69505	19.629	31.7566
1399766253.372	n	12.3241	3.69505	19.616	31.7565
1399766253.436	n	12.3242	3.69504	19.603	31.7563
1399766253.502	n	12.3242	3.69504	19.588	31.7562
1399766253.562	n	12.3242	3.69503	19.569	31.7562
1399766253.624	n	12.3242	3.69502	19.559	31.7561
1399766253.686	n	12.3242	3.69502	19.543	31.7561
1399766253.749	n	12.3243	3.69501	19.527	31.7560
1399766253.811	n	12.3243	3.69501	19.512	31.7559
1399766253.873	n	12.3243	3.69501	19.500	31.7560
1399766253.935	n	12.3243	3.69502	19.485	31.7560
1399766253.998	n	12.3243	3.69503	19.469	31.7562
1399766254.062	n	12.3243	3.69504	19.455	31.7563
1399766254.123	n	12.3243	3.69503	19.442	31.7562
1399766254.186	n	12.3244	3.69503	19.427	31.7561
1399766254.248	n	12.3245	3.69501	19.411	31.7559
1399766254.310	n	12.3245	3.69500	19.397	31.7557
1399766254.374	n	12.3246	3.69500	19.385	31.7557
1399766254.435	n	12.3246	3.69501	19.369	31.7558
1399766254.503	n	12.3245	3.69501	19.349	31.7559
1399766254.561	n	12.3245	3.69502	19.337	31.7559
1399766254.623	n	12.3245	3.69501	19.322	31.7558
1399766254.686	n	12.3246	3.69501	19.310	31.7558
1399766254.748	n	12.3246	3.69501	19.296	31.7558
1399766254.810	n	12.3247	3.69502	19.279	31.7558
1399766254.873	n	12.3248	3.69503	19.266	31.7559
1399766254.935	n	12.3248	3.69503	19.249	31.7558
1399766255.000	n	12.3248	3.69502	19.236	31.7557
1399766255.062	n	12.3249	3.69501	19.220	31.7556
1399766255.123	n	12.3250	3.69499	19.204	31.7554
1399766255.185	n	12.3250	3.69499	19.188	31.7553
1399766255.248	n	12.3250	3.69499	19.174	31.7553
1399766255.312	n	12.3251	3.69500	19.159	31.7553
1399766255.373	n	12.3252	3.69501	19.143	31.7554
1399766255.436	n	12.3252	3.69501	19.127	31.7554
1399766255.499	n	12.3253	3.69501	19.113	31.7553
1399766255.560	n	12.3254	3.69501	19.093	31.7552
1399766255.741	y	12.3254	3.69500	19.080	31.7551
1399766255.746	n	12.3254	3.69500	19.060	31.7551
1399766255.752	n	12.3254	3.69500	19.044	31.7551
1399766255.811	n	12.3255	3.69500	19.027	31.7550
1399766255.874	n	12.3255	3.69499	19.012	31.7549
1399766255.935	n	12.3256	3.69498	18.996	31.7548
1399766256.000	n	12.3257	3.69498	18.980	31.7547
1399766256.062	n	12.3259	3.69498	18.959	31.7546
1399766256.123	n	12.3259	3.69499	18.940	31.7546
1399766256.187	n	12.3259	3.69499	18.923	31.7546
1399766256.250	n	12.3260	3.69499	18.907	31.7546
1399766256.312	n	12.3260	3.69498	18.890	31.7545
1399766256.372	n	12.3261	3.69497	18.873	31.7544
1399766256.437	n	12.3261	3.69496	18.851	31.7542
1399766256.500	n	12.3262	3.69495	18.831	31.7540
1399766256.563	n	12.3263	3.69495	18.815	31.7540
1399766256.624	n	12.3264	3.69496	18.797	31.7540
1399766256.686	n	12.3264	3.69497	18.777	31.7541
1399766256.749	n	12.3264	3.69497	18.757	31.7541
1399766256.812	n	12.3265	3.69498	18.736	31.7541
1399766256.873	n	12.3265	3.69499	18.723	31.7542
1399766256.936	n	12.3266	3.69499	18.702	31.7542
1399766257.000	y	12.3267	3.69499	18.683	31.7542
1399766257.061	n	12.3267	3.69499	18.660	31.7541
1399766257.123	n	12.3268	3.69498	18.639	31.7539
1399766257.186	n	12.3269	3.69497	18.620	31.7537
1399766257.250	n	12.3270	3.69496	18.597	31.7536
1399766257.311	n	12.3271	3.69496	18.574	31.7535
1399766257.374	n	12.3272	3.69496	18.557	31.7534
1399766257.435	n	12.3273	3.69496	18.536	31.7534
1399766257.498	n	12.3273	3.69496	18.515	31.7534
1399766257.563	n	12.3274	3.69497	18.490	31.7534
1399766257.624	n	12.3275	3.69498	18.471	31.7534
1399766257.687	n	12.3275	3.69498	18.449	31.7534
1399766257.750	n	12.3276	3.69497	18.426	31.7532
1399766257.810	n	12.3277	3.69496	18.404	31.7531
1399766257.873	n	12.3278	3.69495	18.381	31.7529
1399766257.936	n	12.3279	3.69495	18.358	31.7528
1399766257.999	n	12.3280	3.69495	18.335	31.7527
1399766258.061	n	12.3281	3.69495	18.313	31.7527
1399766258.124	n	12.3282	3.69494	18.292	31.7525
1399766258.185	n	12.3283	3.69495	18.268	31.7525
1399766258.249	n	12.3284	3.69496	18.247	31.7525
1399766258.310	n	12.3285	3.69495	18.224	31.7524
1399766258.373	n	12.3285	3.69495	18.202	31.7523
1399766258.436	n	12.3286	3.69494	18.180	31.7522
1399766258.498	n	12.3287	3.69494	18.151	31.7521
1399766258.560	n	12.3287	3.69493	18.132	31.7520
1399766258.623	n	12.3289	3.69493	18.109	31.7519
1399766258.686	n	12.3290	3.69491	18.083	31.7516
1399766258.748	n	12.3292	3.69490	18.060	31.7514
1399766258.811	n	12.3293	3.69490	18.035	31.7513
1399766258.873	n	12.3294	3.69490	18.013	31.7512
1399766258.935	n	12.3294	3.69491	17.990	31.7512
1399766259.083	y	12.3295	3.69492	17.965	31.7513
1399766259.089	n	12.3296	3.69492	17.943	31.7513
1399766259.124	n	12.3297	3.69493	17.920	31.7513
1399766259.186	n	12.3298	3.69493	17.895	31.7512
1399766259.249	n	12.3299	3.69492	17.872	31.7510
1399766259.311	n	12.3300	3.69492	17.846	31.7509
1399766259.374	n	12.3301	3.69492	17.821	31.7508
1399766259.436	n	12.3302	3.69491	17.798	31.7507
1399766259.498	n	12.3302	3.69490	17.774	31.7506
1399766259.560	n	12.3303	3.69489	17.750	31.7505
1399766259.623	n	12.3303	3.69490	17.727	31.7505
1399766259.685	n	12.3304	3.69490	17.704	31.7505
1399766259.750	n	12.3305	3.69491	17.684	31.7505
1399766259.812	n	12.3306	3.69491	17.660	31.7504
1399766259.989	y	12.3307	3.69490	17.634	31.7502
1399766259.994	n	12.3309	3.69488	17.607	31.7500
1399766260.001	n	12.3310	3.69488	17.587	31.7498
1399766260.062	n	12.3311	3.69488	17.568	31.7498
1399766260.124	n	12.3311	3.69488	17.547	31.7497
1399766260.187	n	12.3312	3.69488	17.525	31.7497
1399766260.248	n	12.3313	3.69488	17.499	31.7496
1399766260.310	n	12.3314	3.69488	17.475	31.7495
1399766260.374	n	12.3315	3.69488	17.454	31.7494
1399766260.436	n	12.3316	3.69488	17.431	31.7494
1399766260.500	n	12.3317	3.69488	17.410	31.7493
1399766260.572	y	12.3318	3.69488	17.386	31.7492
1399766260.623	n	12.3319	3.69488	17.364	31.7491
1399766260.686	n	12.3320	3.69487	17.344	31.7490
1399766260.750	n	12.3322	3.69487	17.323	31.7489
1399766260.810	n	12.3323	3.69487	17.302	31.7488
1399766260.873	n	12.3324	3.69486	17.281	31.7486
1399766260.936	n	12.3326	3.69486	17.261	31.7485
1399766260.999	n	12.3327	3.69486	17.239	31.7484
1399766261.062	n	12.3328	3.69486	17.216	31.7483
1399766261.124	n	12.3329	3.69488	17.199	31.7484
1399766261.185	n	12.3330	3.69489	17.180	31.7484
1399766261.249	n	12.3331	3.69489	17.159	31.7483
1399766261.310	n	12.3333	3.69489	17.141	31.7482
1399766261.373	n	12.3334	3.69488	17.121	31.7479
1399766261.436	n	12.3336	3.69487	17.104	31.7477
1399766261.498	n	12.3337	3.69487	17.083	31.7476
1399766261.560	n	12.3339	3.69486	17.058	31.7474
1399766261.623	n	12.3340	3.69486	17.043	31.7473
1399766261.686	n	12.3340	3.69485	17.026	31.7473
1399766261.748	n	12.3341	3.69486	17.010	31.7472
1399766261.811	n	12.3343	3.69486	16.993	31.7471
1399766261.873	n	12.3344	3.69487	16.975	31.7471
1399766261.937	n	12.3346	3.69488	16.957	31.7470
1399766262.000	n	12.3347	3.69488	16.939	31.7469
1399766262.061	n	12.3348	3.69487	16.920	31.7467
1399766262.124	n	12.3350	3.69486	16.905	31.7465
1399766262.185	n	12.3351	3.69485	16.887	31.7463
1399766262.249	n	12.3352	3.69483	16.871	31.7461
1399766262.312	n	12.3354	3.69483	16.857	31.7460
1399766262.373	n	12.3355	3.69483	16.841	31.7459
1399766262.436	n	12.3356	3.69482	16.823	31.7457
1399766262.498	n	12.3357	3.69482	16.805	31.7456
1399766262.562	n	12.3359	3.69482	16.790	31.7455
1399766262.622	n	12.3360	3.69483	16.776	31.7454
1399766262.686	n	12.3362	3.69483	16.757	31.7453
1399766262.748	n	12.3364	3.69484	16.742	31.7452
1399766262.812	n	12.3365	3.69484	16.728	31.7451
1399766262.874	n	12.3366	3.69484	16.712	31.7450
1399766262.935	n	12.3368	3.69484	16.697	31.7449
1399766262.998	n	12.3369	3.69483	16.680	31.7447
1399766263.062	n	12.3371	3.69483	16.663	31.7446
1399766263.123	n	12.3373	3.69483	16.646	31.7444
1399766263.185	n	12.3375	3.69483	16.629	31.7442
1399766263.249	n	12.3376	3.69483	16.613	31.7441
1399766263.311	n	12.3378	3.69483	16.598	31.7440
1399766263.373	n	12.3379	3.69483	16.583	31.7439
1399766263.436	n	12.3381	3.69483	16.569	31.7437
1399766263.498	n	12.3382	3.69483	16.551	31.7437
1399766263.560	n	12.3384	3.69483	16.533	31.7436
1399766263.624	n	12.3386	3.69483	16.518	31.7434
1399766263.686	n	12.3388	3.69484	16.500	31.7433
1399766263.748	n	12.3390	3.69483	16.485	31.7431
1399766263.812	n	12.3392	3.69482	16.468	31.7428
1399766263.873	n	12.3393	3.69482	16.450	31.7426
1399766263.936	n	12.3395	3.69482	16.434	31.7425
1399766263.998	n	12.3396	3.69483	16.417	31.7425
1399766264.061	n	12.3398	3.69484	16.400	31.7425
1399766264.204	y	12.3399	3.69484	16.384	31.7424
1399766264.208	n	12.3400	3.69483	16.369	31.7422
1399766264.302	y	12.3402	3.69482	16.351	31.7420
1399766264.311	n	12.3403	3.69482	16.334	31.7418
1399766264.375	n	12.3404	3.69482	16.315	31.7418
1399766264.436	n	12.3406	3.69482	16.296	31.7416
1399766264.500	n	12.3407	3.69481	16.281	31.7415
1399766264.560	n	12.3408	3.69480	16.262	31.7413
1399766264.624	n	12.3411	3.69480	16.246	31.7411
1399766264.686	n	12.3413	3.69481	16.229	31.7410
1399766264.747	n	12.3415	3.69483	16.213	31.7410
1399766264.811	n	12.3417	3.69482	16.195	31.7408
1399766264.873	n	12.3418	3.69481	16.176	31.7406
1399766264.935	n	12.3420	3.69480	16.156	31.7403
1399766265.000	n	12.3422	3.69479	16.139	31.7401
1399766265.060	n	12.3424	3.69480	16.118	31.7400
1399766265.124	n	12.3425	3.69482	16.099	31.7401
1399766265.186	n	12.3426	3.69482	16.082	31.7400
1399766265.250	n	12.3428	3.69482	16.060	31.7399
1399766265.311	n	12.3430	3.69482	16.042	31.7397
1399766265.373	n	12.3432	3.69481	16.023	31.7395
1399766265.435	n	12.3435	3.69481	16.002	31.7392
1399766265.499	n	12.3437	3.69480	15.981	31.7389
1399766265.562	n	12.3439	3.69478	15.958	31.7386
1399766265.623	n	12.3440	3.69477	15.936	31.7384
1399766265.685	n	12.3442	3.69477	15.916	31.7383
1399766265.750	n	12.3443	3.69478	15.895	31.7383
1399766265.811	n	12.3445	3.69479	15.876	31.7383
1399766265.873	n	12.3447	3.69480	15.855	31.7382
1399766265.936	n	12.3449	3.69481	15.830	31.7381
1399766265.998	n	12.3451	3.69482	15.810	31.7380
1399766266.063	n	12.3453	3.69482	15.789	31.7378
1399766266.124	n	12.3456	3.69480	15.763	31.7375
1399766266.185	n	12.3457	3.69480	15.743	31.7373
1399766266.249	n	12.3459	3.69479	15.719	31.7371
1399766266.311	n	12.3462	3.69478	15.696	31.7368
1399766266.374	n	12.3464	3.69478	15.672	31.7366
1399766266.436	n	12.3466	3.69477	15.649	31.7364
1399766266.498	n	12.3468	3.69477	15.623	31.7362
1399766266.563	n	12.3470	3.69476	15.602	31.7360
1399766266.623	n	12.3472	3.69476	15.574	31.7358
1399766266.685	n	12.3474	3.69476	15.551	31.7356
1399766266.750	n	12.3477	3.69477	15.526	31.7355
1399766266.810	n	12.3479	3.69478	15.501	31.7354
1399766266.874	n	12.3481	3.69478	15.476	31.7352
1399766266.936	n	12.3484	3.69477	15.450	31.7349
1399766266.998	n	12.3487	3.69477	15.426	31.7346
1399766267.062	n	12.3490	3.69476	15.398	31.7343
1399766267.123	n	12.3493	3.69476	15.375	31.7341
1399766267.186	n	12.3495	3.69476	15.350	31.7339
1399766267.250	n	12.3498	3.69476	15.325	31.7337
1399766267.312	n	12.3501	3.69475	15.296	31.7334
1399766267.373	n	12.3504	3.69475	15.273	31.7331
1399766267.435	n	12.3508	3.69475	15.244	31.7328
1399766267.499	n	12.3511	3.69475	15.219	31.7325
1399766267.562	n	12.3515	3.69475	15.194	31.7322
1399766267.623	n	12.3518	3.69476	15.166	31.7320
1399766267.686	n	12.3521	3.69476	15.140	31.7318
1399766267.749	n	12.3525	3.69475	15.114	31.7314
1399766267.810	n	12.3528	3.69474	15.089	31.7310
1399766267.874	n	12.3531	3.69472	15.068	31.7306
1399766267.936	y	12.3535	3.69471	15.042	31.7302
1399766268.008	n	12.3539	3.69472	15.017	31.7299
1399766268.062	n	12.3544	3.69473	14.986	31.7297
1399766268.123	n	12.3548	3.69475	14.966	31.7294
1399766268.186	n	12.3553	3.69475	14.940	31.7291
1399766268.249	n	12.3557	3.69475	14.916	31.7288
1399766268.314	n	12.3561	3.69475	14.894	31.7284
1399766268.527	y	12.3564	3.69474	14.871	31.7281
1399766268.543	n	12.3569	3.69474	14.844	31.7277
1399766268.550	n	12.3573	3.69474	14.819	31.7273
1399766268.560	n	12.3578	3.69474	14.796	31.7270
1399766268.624	n	12.3582	3.69474	14.776	31.7266
1399766268.685	n	12.3586	3.69473	14.751	31.7261
1399766268.748	n	12.3591	3.69472	14.729	31.7257
1399766268.811	n	12.3595	3.69471	14.705	31.7252
1399766268.873	n	12.3601	3.69471	14.687	31.7248
1399766268.936	n	12.3605	3.69471	14.664	31.7244
1399766269.000	n	12.3610	3.69471	14.641	31.7240
1399766269.062	n	12.3615	3.69471	14.617	31.7236
1399766269.124	n	12.3620	3.69471	14.596	31.7232
1399766269.185	n	12.3625	3.69472	14.577	31.7228
1399766269.248	n	12.3630	3.69472	14.556	31.7224
1399766269.312	n	12.3635	3.69472	14.533	31.7220
1399766269.374	n	12.3640	3.69472	14.515	31.7216
1399766269.437	n	12.3645	3.69472	14.502	31.7212
1399766269.499	n	12.3650	3.69471	14.479	31.7207
1399766269.561	n	12.3654	3.69471	14.460	31.7203
1399766269.624	n	12.3659	3.69471	14.442	31.7199
1399766269.686	n	12.3664	3.69471	14.421	31.7195
1399766269.749	n	12.3670	3.69472	14.403	31.7191
1399766269.811	n	12.3675	3.69472	14.384	31.7187
1399766269.874	n	12.3681	3.69472	14.364	31.7183
1399766269.936	n	12.3686	3.69472	14.347	31.7178
1399766270.000	n	12.3691	3.69473	14.329	31.7174
1399766270.061	n	12.3695	3.69473	14.313	31.7171
1399766270.122	n	12.3700	3.69473	14.296	31.7167
1399766270.187	n	12.3705	3.69472	14.278	31.7162
1399766270.250	n	12.3710	3.69471	14.261	31.7157
1399766270.312	n	12.3716	3.69470	14.242	31.7151
1399766270.374	n	12.3721	3.69469	14.226	31.7145
1399766270.436	n	12.3726	3.69469	14.210	31.7141
1399766270.498	n	12.3731	3.69469	14.194	31.7138
1399766270.561	n	12.3736	3.69470	14.178	31.7134
1399766270.624	n	12.3741	3.69470	14.159	31.7131
1399766270.687	n	12.3746	3.69471	14.142	31.7127
1399766270.748	n	12.3751	3.69472	14.126	31.7124
1399766270.813	n	12.3756	3.69473	14.114	31.7121
1399766270.874	n	12.3761	3.69474	14.097	31.7117
1399766270.936	n	12.3767	3.69473	14.082	31.7112
1399766270.999	n	12.3772	3.69471	14.067	31.7105
1399766271.061	n	12.3777	3.69470	14.050	31.7100
1399766271.123	n	12.3783	3.69469	14.033	31.7095
1399766271.185	n	12.3788	3.69469	14.019	31.7090
1399766271.248	n	12.3794	3.69470	14.003	31.7086
1399766271.312	n	12.3800	3.69470	13.988	31.7081
1399766271.373	n	12.3805	3.69469	13.974	31.7075
1399766271.436	n	12.3810	3.69469	13.959	31.7072
1399766271.498	y	12.3815	3.69469	13.942	31.7068
1399766271.574	n	12.3820	3.69470	13.926	31.7064
1399766271.623	n	12.3826	3.69471	13.913	31.7060
1399766271.685	n	12.3831	3.69472	13.898	31.7057
1399766271.750	n	12.3836	3.69471	13.884	31.7052
1399766271.811	n	12.3840	3.69471	13.869	31.7048
1399766271.874	n	12.3845	3.69470	13.854	31.7044
1399766271.936	n	12.3850	3.69470	13.836	31.7040
1399766271.999	n	12.3855	3.69471	13.823	31.7036
1399766272.062	n	12.3860	3.69471	13.810	31.7032
1399766272.124	n	12.3865	3.69471	13.795	31.7028
1399766272.186	n	12.3869	3.69471	13.778	31.7024
1399766272.247	n	12.3874	3.69470	13.763	31.7019
1399766272.313	n	12.3879	3.69470	13.748	31.7016
1399766272.374	n	12.3884	3.69471	13.732	31.7012
1399766272.435	n	12.3889	3.69471	13.718	31.7008
1399766272.498	n	12.3894	3.69472	13.706	31.7005
1399766272.561	n	12.3899	3.69473	13.687	31.7001
1399766272.738	y	12.3904	3.69472	13.673	31.6996
1399766272.744	n	12.3910	3.69471	13.657	31.6991
1399766272.750	n	12.3915	3.69470	13.638	31.6986
1399766272.811	n	12.3920	3.69469	13.623	31.6980
1399766272.874	n	12.3926	3.69468	13.609	31.6974
1399766272.936	n	12.3933	3.69468	13.592	31.6968
1399766272.999	n	12.3940	3.69468	13.574	31.6962
1399766273.062	n	12.3948	3.69468	13.559	31.6956
1399766273.124	n	12.3956	3.69468	13.541	31.6950
1399766273.186	n	12.3964	3.69469	13.521	31.6943
1399766273.248	n	12.3974	3.69470	13.500	31.6937
1399766273.310	n	12.3984	3.69471	13.484	31.6929
1399766273.373	n	12.3995	3.69472	13.468	31.6921
1399766273.436	n	12.4006	3.69473	13.453	31.6912
1399766273.499	n	12.4018	3.69473	13.430	31.6902
1399766273.560	n	12.4031	3.69473	13.411	31.6892
1399766273.624	n	12.4044	3.69473	13.387	31.6880
1399766273.686	n	12.4058	3.69472	13.370	31.6868
1399766273.749	n	12.4071	3.69472	13.352	31.6857
1399766273.811	n	12.4084	3.69471	13.332	31.6846
1399766273.873	n	12.4096	3.69471	13.310	31.6835
1399766273.935	n	12.4107	3.69471	13.288	31.6825
1399766273.998	n	12.4119	3.69471	13.268	31.6815
1399766274.062	n	12.4132	3.69472	13.246	31.6806
1399766274.124	n	12.4144	3.69473	13.226	31.6797
1399766274.185	n	12.4155	3.69474	13.202	31.6788
1399766274.248	n	12.4167	3.69475	13.178	31.6780
1399766274.315	n	12.4179	3.69476	13.157	31.6770
1399766274.373	n	12.4190	3.69475	13.132	31.6760
1399766274.553	y	12.4201	3.69476	13.113	31.6751
1399766274.561	n	12.4212	3.69475	13.088	31.6741
1399766274.566	n	12.4223	3.69474	13.064	31.6731
1399766274.623	n	12.4234	3.69473	13.042	31.6722
1399766274.685	n	12.4245	3.69473	13.015	31.6713
1399766274.748	n	12.4255	3.69473	12.986	31.6703
1399766274.812	n	12.4266	3.69473	12.963	31.6694
1399766274.874	n	12.4277	3.69472	12.936	31.6685
1399766274.936	n	12.4288	3.69472	12.912	31.6675
1399766274.999	n	12.4299	3.69473	12.889	31.6667
1399766275.063	n	12.4310	3.69473	12.864	31.6659
1399766275.122	n	12.4320	3.69474	12.837	31.6651
1399766275.186	n	12.4330	3.69475	12.813	31.6643
1399766275.249	y	12.4340	3.69475	12.790	31.6635
1399766275.310	n	12.4350	3.69475	12.761	31.6627
1399766275.373	n	12.4359	3.69475	12.734	31.6619
1399766275.437	n	12.4369	3.69474	12.710	31.6610
1399766275.500	n	12.4377	3.69474	12.685	31.6603
1399766275.563	n	12.4387	3.69473	12.657	31.6594
1399766275.623	n	12.4396	3.69473	12.633	31.6587
1399766275.687	n	12.4405	3.69473	12.608	31.6579
1399766275.750	n	12.4414	3.69473	12.582	31.6572
1399766275.811	n	12.4423	3.69473	12.556	31.6565
1399766275.874	n	12.4431	3.69474	12.533	31.6558
1399766275.936	n	12.4438	3.69474	12.508	31.6552
1399766275.998	n	12.4446	3.69474	12.483	31.6546
1399766276.062	n	12.4453	3.69474	12.457	31.6539
1399766276.124	n	12.4461	3.69474	12.431	31.6533
1399766276.186	n	12.4469	3.69474	12.408	31.6527
1399766276.249	n	12.4476	3.69473	12.384	31.6520
1399766276.311	n	12.4484	3.69472	12.361	31.6513
1399766276.374	n	12.4491	3.69472	12.340	31.6506
1399766276.437	n	12.4497	3.69472	12.312	31.6501
1399766276.498	n	12.4504	3.69472	12.291	31.6496
1399766276.562	n	12.4510	3.69471	12.268	31.6490
1399766276.623	n	12.4516	3.69471	12.246	31.6484
1399766276.687	n	12.4523	3.69470	12.225	31.6479
1399766276.750	n	12.4529	3.69471	12.202	31.6474
1399766276.811	n	12.4536	3.69472	12.181	31.6470
1399766277.005	y	12.4542	3.69473	12.161	31.6465
1399766277.011	n	12.4549	3.69473	12.137	31.6460
1399766277.017	n	12.4554	3.69472	12.117	31.6454
1399766277.061	n	12.4560	3.69472	12.101	31.6449
1399766277.123	n	12.4566	3.69471	12.081	31.6444
1399766277.186	n	12.4572	3.69471	12.060	31.6439
1399766277.248	n	12.4578	3.69470	12.040	31.6433
1399766277.311	n	12.4583	3.69470	12.017	31.6428
1399766277.374	n	12.4589	3.69469	11.999	31.6423
1399766277.435	n	12.4595	3.69469	11.982	31.6418
1399766277.498	n	12.4600	3.69469	11.962	31.6413
1399766277.563	n	12.4606	3.69469	11.945	31.6409
1399766277.624	n	12.4611	3.69469	11.924	31.6404
1399766277.686	n	12.4616	3.69469	11.907	31.6400
1399766277.749	n	12.4621	3.69470	11.889	31.6396
1399766277.810	n	12.4627	3.69470	11.872	31.6392
1399766277.873	n	12.4633	3.69470	11.855	31.6387
1399766277.936	n	12.4639	3.69470	11.844	31.6382
1399766277.999	n	12.4644	3.69470	11.823	31.6377
1399766278.060	n	12.4649	3.69469	11.804	31.6373
1399766278.122	n	12.4655	3.69469	11.790	31.6368
1399766278.186	n	12.4660	3.69468	11.773	31.6363
1399766278.249	n	12.4665	3.69468	11.757	31.6358
1399766278.311	n	12.4670	3.69467	11.744	31.6353
1399766278.374	n	12.4676	3.69467	11.724	31.6349
1399766278.437	n	12.4681	3.69467	11.709	31.6345
1399766278.498	n	12.4686	3.69468	11.695	31.6341
1399766278.561	n	12.4691	3.69468	11.681	31.6337
1399766278.623	n	12.4696	3.69469	11.665	31.6333
1399766278.686	n	12.4701	3.69469	11.652	31.6329
1399766278.749	n	12.4706	3.69469	11.636	31.6325
1399766278.810	n	12.4711	3.69469	11.620	31.6321
1399766278.874	n	12.4716	3.69469	11.606	31.6317
1399766278.968	y	12.4721	3.69469	11.595	31.6312
1399766278.999	n	12.4727	3.69469	11.580	31.6308
1399766279.062	n	12.4732	3.69469	11.566	31.6304
1399766279.123	n	12.4736	3.69469	11.549	31.6300
1399766279.187	n	12.4742	3.69469	11.537	31.6296
1399766279.248	n	12.4747	3.69468	11.524	31.6291
1399766279.314	n	12.4752	3.69468	11.511	31.6286
1399766279.375	n	12.4757	3.69468	11.496	31.6281
1399766279.436	n	12.4763	3.69467	11.478	31.6277
1399766279.498	n	12.4768	3.69467	11.465	31.6273
1399766279.561	n	12.4772	3.69468	11.452	31.6270
1399766279.624	n	12.4776	3.69468	11.442	31.6266
1399766279.686	n	12.4781	3.69468	11.428	31.6262
1399766279.750	n	12.4786	3.69468	11.416	31.6258
1399766279.811	n	12.4792	3.69468	11.401	31.6254
1399766279.873	n	12.4797	3.69468	11.387	31.6249
1399766279.935	n	12.4802	3.69468	11.378	31.6244
1399766279.998	n	12.4808	3.69467	11.364	31.6239
1399766280.062	n	12.4813	3.69467	11.351	31.6234
1399766280.124	n	12.4819	3.69467	11.339	31.6230
1399766280.186	n	12.4825	3.69467	11.322	31.6224
1399766280.249	n	12.4832	3.69466	11.311	31.6219
1399766280.311	n	12.4838	3.69466	11.292	31.6213
1399766280.373	n	12.4844	3.69466	11.283	31.6207
1399766280.436	n	12.4851	3.69466	11.270	31.6202
1399766280.497	n	12.4858	3.69468	11.259	31.6198
1399766280.562	n	12.4864	3.69468	11.243	31.6193
1399766280.624	n	12.4871	3.69467	11.228	31.6187
1399766280.687	n	12.4877	3.69467	11.211	31.6181
1399766280.748	n	12.4883	3.69467	11.192	31.6177
1399766280.811	n	12.4889	3.69468	11.180	31.6172
1399766280.874	n	12.4895	3.69468	11.166	31.6168
1399766280.936	n	12.4900	3.69468	11.154	31.6163
1399766280.999	n	12.4906	3.69467	11.139	31.6158
1399766281.060	n	12.4912	3.69467	11.120	31.6153
1399766281.199	y	12.4918	3.69467	11.105	31.6148
1399766281.204	n	12.4924	3.69468	11.092	31.6143
1399766281.248	n	12.4930	3.69468	11.075	31.6139
1399766281.314	n	12.4935	3.69468	11.058	31.6134
1399766281.374	n	12.4941	3.69468	11.042	31.6129
1399766281.435	n	12.4947	3.69468	11.026	31.6125
1399766281.498	n	12.4952	3.69468	11.010	31.6120
1399766281.562	n	12.4958	3.69468	10.994	31.6116
1399766281.623	n	12.4963	3.69468	10.971	31.6111
1399766281.687	n	12.4969	3.69468	10.952	31.6106
1399766281.750	n	12.4975	3.69468	10.940	31.6102
1399766281.811	n	12.4981	3.69468	10.917	31.6097
1399766281.873	n	12.4986	3.69468	10.899	31.6092
1399766281.936	n	12.4991	3.69468	10.875	31.6088
1399766281.998	n	12.4997	3.69469	10.857	31.6084
1399766282.063	n	12.5002	3.69469	10.834	31.6079
1399766282.123	n	12.5008	3.69469	10.811	31.6075
1399766282.187	n	12.5013	3.69469	10.787	31.6071
1399766282.248	n	12.5017	3.69469	10.769	31.6067
1399766282.315	n	12.5021	3.69469	10.745	31.6064
1399766282.375	n	12.5026	3.69470	10.721	31.6061
1399766282.436	n	12.5030	3.69469	10.699	31.6057
1399766282.558	y	12.5034	3.69470	10.679	31.6054
1399766282.564	n	12.5038	3.69469	10.651	31.6050
1399766282.623	n	12.5042	3.69469	10.626	31.6047
1399766282.687	n	12.5046	3.69468	10.603	31.6042
1399766282.748	n	12.5050	3.69467	10.583	31.6038
1399766282.812	n	12.5054	3.69466	10.561	31.6034
1399766282.873	n	12.5058	3.69466	10.537	31.6030
1399766282.937	n	12.5062	3.69466	10.514	31.6027
1399766282.998	n	12.5066	3.69467	10.490	31.6025
1399766283.062	n	12.5069	3.69467	10.468	31.6023
1399766283.123	n	12.5072	3.69468	10.442	31.6021
1399766283.187	n	12.5076	3.69468	10.417	31.6018
1399766283.248	n	12.5079	3.69468	10.393	31.6016
1399766283.314	n	12.5083	3.69469	10.371	31.6013
1399766283.375	n	12.5087	3.69469	10.345	31.6011
1399766283.436	n	12.5090	3.69469	10.322	31.6008
1399766283.500	n	12.5093	3.69468	10.303	31.6004
1399766283.561	n	12.5096	3.69467	10.278	31.6001
1399766283.623	n	12.5100	3.69467	10.252	31.5997
1399766283.687	n	12.5104	3.69466	10.228	31.5994
1399766283.748	n	12.5108	3.69466	10.205	31.5991
1399766283.811	n	12.5111	3.69466	10.180	31.5988
1399766283.873	n	12.5114	3.69466	10.159	31.5985
1399766283.935	n	12.5117	3.69466	10.131	31.5983
1399766284.000	n	12.5119	3.69467	10.107	31.5982
1399766284.060	n	12.5123	3.69468	10.086	31.5980
1399766284.124	n	12.5126	3.69469	10.064	31.5978
1399766284.185	n	12.5129	3.69469	10.041	31.5976
1399766284.250	n	12.5132	3.69468	10.014	31.5974
1399766284.312	n	12.5135	3.69468	9.993	31.5971
1399766284.376	n	12.5137	3.69468	9.972	31.5969
1399766284.436	n	12.5140	3.69467	9.948	31.5965
1399766284.498	n	12.5142	3.69466	9.926	31.5962
1399766284.562	n	12.5145	3.69464	9.903	31.5959
1399766284.623	n	12.5147	3.69463	9.878	31.5956
1399766284.685	n	12.5149	3.69463	9.859	31.5954
1399766284.749	n	12.5152	3.69464	9.840	31.5953
1399766284.811	n	12.5154	3.69465	9.819	31.5952
1399766284.874	n	12.5157	3.69466	9.797	31.5951
1399766284.936	n	12.5159	3.69465	9.778	31.5948
1399766285.000	n	12.5162	3.69465	9.756	31.5945
1399766285.061	n	12.5165	3.69464	9.735	31.5943
1399766285.124	n	12.5167	3.69464	9.718	31.5940
1399766285.187	n	12.5170	3.69464	9.696	31.5938
1399766285.249	n	12.5172	3.69464	9.678	31.5937
1399766285.315	n	12.5174	3.69464	9.658	31.5935
1399766285.521	y	12.5176	3.69465	9.637	31.5934
1399766285.528	n	12.5178	3.69465	9.616	31.5933
1399766285.533	n	12.5180	3.69465	9.601	31.5931
1399766285.560	n	12.5182	3.69464	9.582	31.5929
1399766285.623	n	12.5184	3.69464	9.563	31.5927
1399766285.686	n	12.5187	3.69465	9.544	31.5926
1399766285.749	n	12.5189	3.69465	9.526	31.5924
1399766285.811	n	12.5191	3.69466	9.504	31.5923
1399766285.873	n	12.5194	3.69465	9.486	31.5920
1399766285.936	n	12.5196	3.69465	9.470	31.5918
1399766285.999	n	12.5199	3.69466	9.451	31.5917
1399766286.062	n	12.5202	3.69466	9.430	31.5915
1399766286.124	n	12.5205	3.69466	9.413	31.5912
1399766286.229	y	12.5208	3.69465	9.394	31.5909
1399766286.249	n	12.5211	3.69464	9.380	31.5906
1399766286.311	n	12.5214	3.69464	9.362	31.5903
1399766286.373	n	12.5216	3.69464	9.341	31.5901
1399766286.437	n	12.5217	3.69462	9.329	31.5898
1399766286.498	n	12.5219	3.69462	9.311	31.5896
1399766286.563	n	12.5222	3.69462	9.293	31.5894
1399766286.623	n	12.5224	3.69462	9.279	31.5893
1399766286.687	n	12.5226	3.69462	9.261	31.5891
1399766286.750	n	12.5228	3.69462	9.248	31.5889
1399766286.811	n	12.5231	3.69462	9.230	31.5887
1399766286.873	n	12.5234	3.69462	9.213	31.5885
1399766286.937	n	12.5236	3.69463	9.198	31.5883
1399766286.999	n	12.5239	3.69463	9.181	31.5882
1399766287.062	n	12.5241	3.69464	9.164	31.5880
1399766287.123	n	12.5243	3.69464	9.153	31.5879
1399766287.186	n	12.5245	3.69463	9.141	31.5876
1399766287.249	n	12.5248	3.69462	9.124	31.5873
1399766287.314	n	12.5251	3.69461	9.111	31.5870
1399766287.373	n	12.5254	3.69461	9.094	31.5867
1399766287.437	n	12.5257	3.69462	9.079	31.5865
1399766287.499	n	12.5259	3.69463	9.065	31.5864
1399766287.562	n	12.5262	3.69463	9.052	31.5863
1399766287.624	n	12.5264	3.69464	9.039	31.5862
1399766287.685	n	12.5267	3.69464	9.024	31.5860
1399766287.749	n	12.5271	3.69465	9.009	31.5858
1399766287.811	n	12.5274	3.69466	8.995	31.5856
1399766287.874	n	12.5277	3.69466	8.980	31.5853
1399766287.937	n	12.5280	3.69466	8.966	31.5850
1399766287.998	n	12.5283	3.69465	8.954	31.5847
1399766288.061	n	12.5286	3.69464	8.940	31.5843
1399766288.124	n	12.5289	3.69462	8.927	31.5840
1399766288.186	n	12.5292	3.69462	8.913	31.5837
1399766288.249	n	12.5296	3.69462	8.900	31.5834
1399766288.310	n	12.5299	3.69462	8.890	31.5831
1399766288.375	n	12.5301	3.69463	8.875	31.5830
1399766288.435	n	12.5304	3.69464	8.860	31.5829
1399766288.498	n	12.5307	3.69464	8.850	31.5826
1399766288.561	n	12.5310	3.69465	8.837	31.5824
1399766288.624	n	12.5314	3.69465	8.825	31.5822
1399766288.686	n	12.5317	3.69466	8.813	31.5820
1399766288.749	n	12.5319	3.69467	8.802	31.5819
1399766288.810	n	12.5322	3.69468	8.789	31.5818
1399766288.874	n	12.5325	3.69469	8.776	31.5816
1399766288.936	n	12.5328	3.69468	8.761	31.5813
1399766289.000	n	12.5331	3.69468	8.751	31.5810
1399766289.062	n	12.5334	3.69467	8.738	31.5807
1399766289.124	n	12.5338	3.69466	8.727	31.5804
1399766289.186	n	12.5341	3.69467	8.715	31.5802
1399766289.250	n	12.5344	3.69467	8.702	31.5800
1399766289.310	n	12.5347	3.69467	8.689	31.5797
1399766289.374	n	12.5350	3.69467	8.675	31.5795
1399766289.435	n	12.5353	3.69467	8.663	31.5792
1399766289.500	n	12.5356	3.69467	8.647	31.5790
1399766289.561	n	12.5359	3.69468	8.635	31.5788
1399766289.741	y	12.5362	3.69469	8.623	31.5786
1399766289.749	n	12.5366	3.69470	8.610	31.5783
1399766289.762	n	12.5370	3.69470	8.597	31.5781
1399766289.812	n	12.5374	3.69470	8.583	31.5777
1399766289.944	y	12.5378	3.69470	8.568	31.5774
1399766289.966	y	12.5383	3.69470	8.553	31.5770
1399766290.000	n	12.5387	3.69470	8.536	31.5766
1399766290.061	n	12.5392	3.69470	8.524	31.5762
1399766290.124	n	12.5397	3.69471	8.511	31.5759
1399766290.185	n	12.5403	3.69472	8.500	31.5755
1399766290.249	n	12.5408	3.69473	8.484	31.5752
1399766290.312	n	12.5414	3.69474	8.470	31.5748
1399766290.375	n	12.5420	3.69475	8.457	31.5743
1399766290.436	n	12.5426	3.69475	8.442	31.5739
1399766290.499	n	12.5432	3.69475	8.428	31.5733
1399766290.561	n	12.5439	3.69475	8.413	31.5728
1399766290.624	n	12.5445	3.69475	8.398	31.5723
1399766290.687	n	12.5451	3.69475	8.381	31.5718
1399766290.755	n	12.5456	3.69475	8.366	31.5713
1399766290.810	n	12.5463	3.69475	8.353	31.5708
1399766290.873	n	12.5469	3.69475	8.341	31.5703
1399766290.935	n	12.5475	3.69476	8.324	31.5699
1399766290.999	n	12.5481	3.69477	8.310	31.5695
1399766291.061	n	12.5487	3.69477	8.294	31.5690
1399766291.124	n	12.5493	3.69478	8.279	31.5686
1399766291.187	n	12.5499	3.69479	8.264	31.5681
1399766291.250	n	12.5505	3.69480	8.248	31.5678
1399766291.314	n	12.5511	3.69481	8.231	31.5674
1399766291.373	n	12.5517	3.69481	8.215	31.5669
1399766291.436	n	12.5523	3.69480	8.199	31.5663
1399766291.498	n	12.5529	3.69479	8.182	31.5657
1399766291.563	n	12.5535	3.69479	8.168	31.5652
1399766291.623	n	12.5541	3.69479	8.149	31.5647
1399766291.685	n	12.5548	3.69479	8.127	31.5641
1399766291.749	n	12.5554	3.69479	8.110	31.5637
1399766291.811	n	12.5561	3.69480	8.090	31.5632
1399766291.873	n	12.5568	3.69481	8.070	31.5627
1399766291.936	n	12.5574	3.69482	8.051	31.5623
1399766291.998	n	12.5581	3.69484	8.035	31.5619
1399766292.062	n	12.5588	3.69485	8.017	31.5614
1399766292.123	n	12.5594	3.69486	7.997	31.5609
1399766292.186	n	12.5602	3.69486	7.974	31.5604
1399766292.249	n	12.5609	3.69485	7.955	31.5597
1399766292.311	n	12.5617	3.69485	7.938	31.5590
1399766292.374	n	12.5626	3.69485	7.918	31.5583
1399766292.435	n	12.5634	3.69484	7.897	31.5576
1399766292.498	n	12.5642	3.69485	7.878	31.5569
1399766292.562	n	12.5650	3.69485	7.857	31.5562
1399766292.623	n	12.5659	3.69485	7.836	31.5556
1399766292.686	n	12.5668	3.69486	7.815	31.5549
1399766292.750	n	12.5677	3.69487	7.794	31.5542
1399766292.812	n	12.5687	3.69488	7.769	31.5535
1399766292.873	n	12.5698	3.69489	7.745	31.5527
1399766292.937	n	12.5709	3.69490	7.726	31.5519
1399766293.000	n	12.5720	3.69491	7.705	31.5510
1399766293.061	n	12.5733	3.69490	7.683	31.5499
1399766293.123	n	12.5746	3.69490	7.657	31.5488
1399766293.187	n	12.5759	3.69490	7.639	31.5477
1399766293.249	n	12.5774	3.69490	7.617	31.5465
1399766293.313	n	12.5788	3.69492	7.593	31.5454
1399766293.376	n	12.5803	3.69493	7.572	31.5443
1399766293.493	y	12.5818	3.69494	7.550	31.5431
1399766293.499	n	12.5833	3.69494	7.527	31.5419
1399766293.560	n	12.5848	3.69494	7.506	31.5407
1399766293.624	n	12.5862	3.69494	7.481	31.5394
1399766293.687	n	12.5877	3.69494	7.458	31.5383
1399766293.750	n	12.5891	3.69494	7.439	31.5371
1399766293.812	n	12.5906	3.69495	7.416	31.5360
1399766293.972	y	12.5921	3.69496	7.394	31.5348
1399766293.979	n	12.5937	3.69496	7.370	31.5335
1399766293.998	n	12.5953	3.69496	7.349	31.5321
1399766294.062	n	12.5970	3.69496	7.326	31.5306
1399766294.124	n	12.5989	3.69496	7.303	31.5291
1399766294.186	n	12.6010	3.69497	7.279	31.5275
1399766294.248	n	12.6031	3.69498	7.259	31.5258
1399766294.314	n	12.6054	3.69500	7.236	31.5241
1399766294.375	n	12.6076	3.69501	7.212	31.5224
1399766294.437	n	12.6099	3.69503	7.191	31.5207
1399766294.499	n	12.6120	3.69504	7.173	31.5189
1399766294.561	n	12.6142	3.69504	7.152	31.5172
1399766294.624	n	12.6162	3.69504	7.133	31.5154
1399766294.686	n	12.6182	3.69503	7.115	31.5137
1399766294.750	n	12.6200	3.69502	7.096	31.5121
1399766294.812	n	12.6217	3.69502	7.077	31.5107
1399766294.874	n	12.6232	3.69503	7.060	31.5095
1399766294.935	n	12.6247	3.69504	7.041	31.5084
1399766294.998	n	12.6261	3.69505	7.023	31.5073
1399766295.062	n	12.6275	3.69505	7.005	31.5062
1399766295.123	n	12.6288	3.69506	6.990	31.5052
1399766295.186	n	12.6300	3.69507	6.974	31.5042
1399766295.249	n	12.6312	3.69507	6.956	31.5034
1399766295.314	n	12.6322	3.69508	6.938	31.5025
1399766295.375	n	12.6333	3.69508	6.921	31.5017
1399766295.437	n	12.6342	3.69508	6.899	31.5009
1399766295.498	n	12.6351	3.69508	6.882	31.5001
1399766295.561	n	12.6360	3.69507	6.865	31.4993
1399766295.624	n	12.6368	3.69507	6.848	31.4987
1399766295.687	n	12.6375	3.69506	6.830	31.4980
1399766295.753	n	12.6382	3.69506	6.812	31.4974
1399766295.810	n	12.6390	3.69507	6.796	31.4968
1399766295.873	n	12.6397	3.69507	6.780	31.4963
1399766295.935	n	12.6404	3.69507	6.764	31.4957
1399766295.999	n	12.6411	3.69508	6.749	31.4952
1399766296.061	n	12.6417	3.69508	6.730	31.4947
1399766296.123	n	12.6423	3.69509	6.718	31.4943
1399766296.186	y	12.6428	3.69509	6.703	31.4938
1399766296.249	n	12.6434	3.69508	6.692	31.4933
1399766296.311	n	12.6440	3.69508	6.677	31.4928
1399766296.373	n	12.6445	3.69507	6.666	31.4923
1399766296.436	n	12.6450	3.69506	6.655	31.4917
1399766296.500	n	12.6456	3.69506	6.640	31.4913
1399766296.561	n	12.6461	3.69506	6.626	31.4909
1399766296.624	n	12.6466	3.69507	6.614	31.4906
1399766296.686	n	12.6471	3.69508	6.602	31.4902
1399766296.749	n	12.6477	3.69510	6.590	31.4899
1399766296.812	n	12.6483	3.69511	6.578	31.4895
1399766296.874	n	12.6489	3.69513	6.563	31.4892
1399766296.935	n	12.6497	3.69518	6.547	31.4890
1399766297.000	n	12.6520	3.69540	6.534	31.4892
1399766297.061	n	12.6582	3.69625	6.522	31.4920
1399766297.123	y	12.6689	3.69749	6.511	31.4949
1399766297.203	n	12.6824	3.69881	6.497	31.4961
1399766297.248	n	12.6957	3.69987	6.486	31.4951
1399766297.313	n	12.7055	3.70043	6.467	31.4922
1399766297.375	n	12.7109	3.70051	6.458	31.4884
1399766297.436	n	12.7136	3.70060	6.442	31.4870
1399766297.498	n	12.7151	3.70067	6.432	31.4865
1399766297.562	n	12.7163	3.70073	6.416	31.4861
1399766297.624	n	12.7173	3.70078	6.404	31.4857
1399766297.685	n	12.7180	3.70082	6.394	31.4855
1399766297.750	n	12.7182	3.70085	6.380	31.4856
1399766297.812	n	12.7182	3.70089	6.367	31.4860
1399766297.873	n	12.7182	3.70090	6.359	31.4861
1399766297.937	n	12.7186	3.70092	6.349	31.4859
1399766297.999	n	12.7194	3.70094	6.338	31.4854
1399766298.061	n	12.7203	3.70095	6.327	31.4847
1399766298.247	y	12.7212	3.70096	6.315	31.4841
1399766298.254	n	12.7218	3.70097	6.308	31.4838
1399766298.260	n	12.7220	3.70099	6.297	31.4838
1399766298.312	n	12.7219	3.70101	6.288	31.4840
1399766298.374	n	12.7217	3.70102	6.277	31.4843
1399766298.436	n	12.7216	3.70104	6.266	31.4846
1399766298.500	n	12.7214	3.70105	6.256	31.4848
1399766298.561	n	12.7212	3.70105	6.246	31.4850
1399766298.625	n	12.7212	3.70105	6.237	31.4850
1399766298.686	n	12.7213	3.70104	6.231	31.4849
1399766298.749	n	12.7218	3.70105	6.220	31.4845
1399766298.812	n	12.7225	3.70105	6.210	31.4840
1399766298.874	n	12.7232	3.70105	6.202	31.4834
1399766298.936	n	12.7237	3.70104	6.192	31.4829
1399766298.999	n	12.7241	3.70103	6.180	31.4824
1399766299.062	n	12.7244	3.70100	6.170	31.4819
1399766299.123	n	12.7248	3.70097	6.162	31.4813
1399766299.187	n	12.7252	3.70095	6.158	31.4808
1399766299.250	n	12.7255	3.70093	6.146	31.4803
1399766299.311	n	12.7259	3.70090	6.137	31.4798
1399766299.375	n	12.7261	3.70088	6.131	31.4793
1399766299.436	n	12.7263	3.70085	6.121	31.4789
1399766299.500	n	12.7264	3.70083	6.112	31.4786
1399766299.562	n	12.7264	3.70081	6.103	31.4784
1399766299.624	n	12.7264	3.70078	6.094	31.4781
1399766299.687	n	12.7264	3.70076	6.085	31.4780
1399766299.750	n	12.7265	3.70076	6.073	31.4779
1399766299.813	n	12.7265	3.70077	6.064	31.4781
1399766299.873	n	12.7265	3.70079	6.054	31.4782
1399766299.935	n	12.7266	3.70080	6.041	31.4783
1399766300.000	n	12.7267	3.70081	6.032	31.4783
1399766300.062	n	12.7268	3.70081	6.020	31.4781
1399766300.123	n	12.7271	3.70081	6.011	31.4779
1399766300.187	n	12.7275	3.70081	5.997	31.4776
1399766300.249	n	12.7280	3.70081	5.985	31.4772
1399766300.311	n	12.7285	3.70080	5.971	31.4767
1399766300.373	n	12.7289	3.70081	5.962	31.4764
1399766300.437	n	12.7293	3.70081	5.953	31.4761
1399766300.498	n	12.7296	3.70082	5.940	31.4760
1399766300.562	n	12.7300	3.70086	5.926	31.4760
1399766300.624	n	12.7305	3.70090	5.912	31.4760
1399766300.686	n	12.7311	3.70092	5.899	31.4757
1399766300.749	n	12.7317	3.70093	5.885	31.4753
1399766300.886	y	12.7324	3.70086	5.874	31.4740
1399766300.891	n	12.7331	3.70079	5.859	31.4728
1399766300.935	n	12.7337	3.70076	5.848	31.4720
1399766300.998	n	12.7341	3.70078	5.831	31.4718
1399766301.062	n	12.7345	3.70081	5.816	31.4718
1399766301.124	n	12.7347	3.70086	5.798	31.4721
1399766301.185	n	12.7349	3.70086	5.782	31.4720
1399766301.250	n	12.7350	3.70087	5.761	31.4720
1399766301.315	n	12.7351	3.70086	5.747	31.4719
1399766301.373	n	12.7352	3.70085	5.730	31.4717
1399766301.437	n	12.7353	3.70084	5.709	31.4715
1399766301.499	n	12.7355	3.70083	5.691	31.4713
1399766301.561	n	12.7358	3.70085	5.674	31.4711
1399766301.624	n	12.7363	3.70086	5.653	31.4708
1399766301.686	n	12.7369	3.70085	5.631	31.4702
1399766301.749	n	12.7376	3.70083	5.610	31.4695
1399766301.812	n	12.7383	3.70082	5.588	31.4689
1399766301.874	n	12.7389	3.70082	5.565	31.4683
1399766301.936	n	12.7395	3.70083	5.544	31.4680
1399766301.999	n	12.7399	3.70085	5.522	31.4679
1399766302.061	n	12.7402	3.70087	5.501	31.4678
1399766302.124	n	12.7404	3.70089	5.483	31.4677
1399766302.187	n	12.7407	3.70090	5.457	31.4677
1399766302.249	n	12.7410	3.70091	5.440	31.4675
1399766302.311	n	12.7413	3.70093	5.420	31.4674
1399766302.477	y	12.7415	3.70093	5.399	31.4673
1399766302.485	n	12.7419	3.70094	5.373	31.4670
1399766302.500	n	12.7425	3.70094	5.354	31.4666
1399766302.561	n	12.7432	3.70094	5.331	31.4660
1399766302.624	n	12.7440	3.70093	5.310	31.4652
1399766302.686	n	12.7451	3.70093	5.287	31.4643
1399766302.749	n	12.7471	3.70092	5.265	31.4625
1399766302.812	n	12.7500	3.70090	5.248	31.4600
1399766302.874	n	12.7536	3.70089	5.223	31.4569
1399766302.936	n	12.7572	3.70088	5.200	31.4538
1399766302.998	n	12.7603	3.70089	5.182	31.4513
1399766303.062	n	12.7627	3.70093	5.160	31.4497
1399766303.124	n	12.7647	3.70095	5.136	31.4482
1399766303.187	n	12.7665	3.70087	5.116	31.4460
1399766303.248	n	12.7684	3.70071	5.095	31.4430
1399766303.314	n	12.7702	3.70049	5.069	31.4393
1399766303.375	n	12.7722	3.70028	5.047	31.4357
1399766303.436	n	12.7739	3.70012	5.027	31.4328
1399766303.499	n	12.7754	3.70002	5.003	31.4305
1399766303.563	n	12.7768	3.69991	4.985	31.4284
1399766303.624	n	12.7782	3.69978	4.968	31.4260
1399766303.686	n	12.7798	3.69958	4.947	31.4228
1399766303.751	n	12.7820	3.69930	4.924	31.4183
1399766303.812	n	12.7845	3.69889	4.903	31.4124
1399766303.873	n	12.7870	3.69841	4.885	31.4058
1399766303.937	n	12.7895	3.69785	4.863	31.3985
1399766304.000	n	12.7923	3.69713	4.846	31.3893
1399766304.061	n	12.7957	3.69616	4.832	31.3773
1399766304.125	n	12.7996	3.69502	4.813	31.3634
1399766304.186	n	12.8030	3.69384	4.791	31.3494
1399766304.249	n	12.8053	3.69279	4.774	31.3375
1399766304.315	n	12.8068	3.69186	4.756	31.3276
1399766304.374	y	12.8083	3.69093	4.739	31.3175
1399766304.457	n	12.8112	3.68977	4.722	31.3043
1399766304.499	n	12.8152	3.68842	4.700	31.2882
1399766304.561	n	12.8198	3.68712	4.681	31.2722
1399766304.623	n	12.8245	3.68601	4.661	31.2578
1399766304.686	n	12.8294	3.68506	4.643	31.2448
1399766304.749	n	12.8351	3.68429	4.627	31.2329
1399766304.901	y	12.8417	3.68361	4.607	31.2210
1399766304.908	n	12.8483	3.68303	4.590	31.2101
1399766304.936	n	12.8538	3.68266	4.573	31.2021
1399766304.999	n	12.8579	3.68251	4.559	31.1973
1399766305.061	n	12.8611	3.68250	4.547	31.1946
1399766305.124	n	12.8641	3.68257	4.530	31.1927
1399766305.186	n	12.8673	3.68264	4.517	31.1907
1399766305.250	n	12.8707	3.68267	4.497	31.1882
1399766305.313	n	12.8737	3.68262	4.484	31.1854
1399766305.375	n	12.8759	3.68250	4.474	31.1823
1399766305.435	n	12.8770	3.68234	4.465	31.1800
1399766305.499	n	12.8769	3.68219	4.451	31.1787
1399766305.562	n	12.8757	3.68211	4.437	31.1789
1399766305.625	n	12.8737	3.68211	4.426	31.1805
1399766305.687	n	12.8720	3.68214	4.412	31.1822
1399766305.749	n	12.8708	3.68216	4.401	31.1834
1399766305.813	n	12.8701	3.68219	4.391	31.1842
1399766305.875	n	12.8702	3.68222	4.378	31.1845
1399766305.937	n	12.8706	3.68223	4.361	31.1842
1399766305.999	n	12.8713	3.68223	4.345	31.1837
1399766306.061	n	12.8723	3.68219	4.334	31.1824
1399766306.123	n	12.8732	3.68211	4.324	31.1810
1399766306.186	n	12.8738	3.68207	4.311	31.1801
1399766306.249	n	12.8743	3.68208	4.298	31.1798
1399766306.314	n	12.8749	3.68211	4.288	31.1796
1399766306.373	n	12.8755	3.68216	4.278	31.1795
1399766306.436	n	12.8761	3.68218	4.267	31.1793
1399766306.500	n	12.8766	3.68214	4.259	31.1785
1399766306.561	n	12.8775	3.68209	4.253	31.1773
1399766306.740	y	12.8795	3.68206	4.245	31.1753
1399766306.746	n	12.8830	3.68203	4.238	31.1722
1399766306.752	n	12.8877	3.68198	4.233	31.1678
1399766306.812	n	12.8927	3.68189	4.225	31.1629
1399766306.875	n	12.8965	3.68177	4.217	31.1586
1399766306.937	n	12.8978	3.68166	4.210	31.1565
1399766306.998	n	12.8970	3.68161	4.205	31.1567
1399766307.063	n	12.8953	3.68159	4.200	31.1578
1399766307.123	n	12.8947	3.68159	4.193	31.1584
1399766307.187	n	12.8960	3.68159	4.186	31.1574
1399766307.250	n	12.8986	3.68161	4.176	31.1554
1399766307.314	n	12.9003	3.68163	4.168	31.1542
1399766307.375	n	12.9000	3.68165	4.162	31.1546
1399766307.436	n	12.8985	3.68163	4.155	31.1557
1399766307.500	n	12.8976	3.68160	4.145	31.1561
1399766307.562	n	12.8986	3.68155	4.138	31.1548
1399766307.624	n	12.9017	3.68148	4.131	31.1517
1399766307.686	n	12.9053	3.68142	4.121	31.1481
1399766307.750	n	12.9082	3.68137	4.116	31.1452
1399766307.813	n	12.9100	3.68133	4.107	31.1434
1399766307.873	n	12.9111	3.68131	4.096	31.1424
1399766307.935	n	12.9117	3.68131	4.089	31.1418
1399766307.998	n	12.9121	3.68129	4.083	31.1413
1399766308.062	n	12.9126	3.68128	4.077	31.1408
1399766308.143	y	12.9131	3.68127	4.072	31.1403
1399766308.186	n	12.9138	3.68127	4.067	31.1398
1399766308.249	n	12.9144	3.68129	4.056	31.1394
1399766308.314	n	12.9150	3.68131	4.047	31.1392
1399766308.373	n	12.9150	3.68134	4.036	31.1393
1399766308.436	n	12.9148	3.68135	4.027	31.1396
1399766308.500	n	12.9145	3.68134	4.021	31.1399
1399766308.561	n	12.9144	3.68134	4.007	31.1399
1399766308.623	n	12.9148	3.68134	3.994	31.1396
1399766308.687	n	12.9154	3.68135	3.983	31.1391
1399766308.748	n	12.9161	3.68137	3.973	31.1388
1399766308.811	n	12.9167	3.68140	3.959	31.1386
1399766308.873	n	12.9174	3.68143	3.949	31.1383
1399766308.936	n	12.9180	3.68147	3.937	31.1382
1399766308.998	n	12.9186	3.68150	3.922	31.1380
1399766309.062	n	12.9190	3.68150	3.910	31.1377
1399766309.124	n	12.9191	3.68151	3.899	31.1376
1399766309.185	n	12.9195	3.68154	3.886	31.1376
1399766309.249	n	12.9205	3.68160	3.875	31.1374
1399766309.314	n	12.9219	3.68166	3.865	31.1368
1399766309.373	n	12.9234	3.68171	3.849	31.1361
1399766309.437	n	12.9244	3.68171	3.833	31.1353
1399766309.498	n	12.9247	3.68170	3.821	31.1349
1399766309.561	n	12.9246	3.68172	3.812	31.1351
1399766309.624	n	12.9248	3.68179	3.797	31.1357
1399766309.686	n	12.9254	3.68189	3.787	31.1361
1399766309.748	n	12.9264	3.68198	3.776	31.1361
1399766309.812	n	12.9276	3.68205	3.763	31.1358
1399766309.874	n	12.9287	3.68207	3.751	31.1351
1399766309.936	n	12.9296	3.68208	3.736	31.1344
1399766309.998	n	12.9303	3.68208	3.721	31.1339
1399766310.061	n	12.9307	3.68208	3.710	31.1336
1399766310.124	n	12.9310	3.68208	3.700	31.1334
1399766310.186	n	12.9311	3.68208	3.688	31.1333
1399766310.249	n	12.9313	3.68209	3.677	31.1331
1399766310.313	n	12.9316	3.68210	3.664	31.1330
1399766310.375	n	12.9316	3.68210	3.651	31.1330
1399766310.435	n	12.9313	3.68210	3.639	31.1333
1399766310.498	n	12.9309	3.68212	3.626	31.1338
1399766310.562	n	12.9309	3.68216	3.617	31.1342
1399766310.624	n	12.9314	3.68223	3.606	31.1345
1399766310.687	n	12.9321	3.68232	3.595	31.1347
1399766310.748	n	12.9327	3.68237	3.582	31.1347
1399766310.813	n	12.9332	3.68237	3.573	31.1343
1399766310.939	y	12.9333	3.68232	3.563	31.1338
1399766310.943	n	12.9333	3.68227	3.550	31.1332
1399766310.998	n	12.9333	3.68223	3.537	31.1329
1399766311.064	n	12.9331	3.68221	3.523	31.1329
1399766311.125	n	12.9327	3.68220	3.509	31.1332
1399766311.186	n	12.9322	3.68220	3.496	31.1336
1399766311.249	n	12.9319	3.68220	3.487	31.1339
1399766311.311	n	12.9317	3.68221	3.471	31.1340
1399766311.375	n	12.9319	3.68223	3.454	31.1341
1399766311.437	n	12.9324	3.68226	3.443	31.1340
1399766311.498	n	12.9330	3.68232	3.427	31.1340
1399766311.562	n	12.9340	3.68241	3.413	31.1341
1399766311.624	n	12.9351	3.68250	3.395	31.1340
1399766311.686	n	12.9362	3.68256	3.381	31.1336
1399766311.749	n	12.9369	3.68256	3.367	31.1331
1399766311.814	y	12.9370	3.68252	3.354	31.1327
1399766311.874	n	12.9366	3.68246	3.339	31.1324
1399766311.936	n	12.9361	3.68241	3.323	31.1325
1399766311.998	n	12.9356	3.68240	3.306	31.1327
1399766312.062	n	12.9353	3.68239	3.292	31.1329
1399766312.125	n	12.9353	3.68240	3.277	31.1330
1399766312.186	n	12.9357	3.68245	3.264	31.1331
1399766312.249	n	12.9367	3.68256	3.246	31.1333
1399766312.314	n	12.9380	3.68270	3.227	31.1335
1399766312.376	n	12.9395	3.68282	3.210	31.1335
1399766312.436	n	12.9408	3.68290	3.195	31.1332
1399766312.499	n	12.9415	3.68289	3.178	31.1325
1399766312.561	n	12.9419	3.68285	3.159	31.1318
1399766312.623	n	12.9424	3.68284	3.142	31.1313
1399766312.685	n	12.9429	3.68285	3.123	31.1310
1399766312.749	n	12.9434	3.68287	3.104	31.1308
1399766312.816	n	12.9439	3.68287	3.080	31.1304
1399766312.875	n	12.9442	3.68286	3.066	31.1300
1399766312.935	n	12.9443	3.68284	3.047	31.1298
1399766312.998	n	12.9447	3.68285	3.025	31.1295
1399766313.063	n	12.9454	3.68286	3.005	31.1292
1399766313.124	n	12.9468	3.68285	2.985	31.1278
1399766313.186	n	12.9501	3.68257	2.970	31.1225
1399766313.250	n	12.9553	3.68196	2.952	31.1125
1399766313.314	n	12.9619	3.68111	2.931	31.0992
1399766313.375	n	12.9684	3.68022	2.914	31.0855
1399766313.435	n	12.9734	3.67953	2.893	31.0748
1399766313.499	n	12.9763	3.67916	2.876	31.0690
1399766313.562	n	12.9777	3.67902	2.859	31.0666
1399766313.624	n	12.9782	3.67899	2.843	31.0660
1399766313.687	n	12.9783	3.67892	2.826	31.0652
1399766313.748	n	12.9788	3.67852	2.808	31.0609
1399766313.815	n	12.9808	3.67746	2.788	31.0494
1399766313.875	n	12.9851	3.67535	2.769	31.0261
1399766313.937	n	12.9922	3.67215	2.753	30.9902
1399766314.000	n	13.0016	3.66841	2.734	30.9475
1399766314.062	n	13.0117	3.66484	2.718	30.9058
1399766314.123	n	13.0205	3.66191	2.699	30.8713
1399766314.186	n	13.0269	3.65988	2.679	30.8470
1399766314.250	n	13.0307	3.65853	2.662	30.8312
1399766314.311	n	13.0327	3.65754	2.644	30.8204
1399766314.373	n	13.0335	3.65683	2.625	30.8130
1399766314.436	n	13.0333	3.65639	2.609	30.8091
1399766314.498	n	13.0321	3.65616	2.593	30.8080
1399766314.562	n	13.0300	3.65611	2.575	30.8092
1399766314.624	n	13.0282	3.65611	2.558	30.8107
1399766314.687	n	13.0272	3.65607	2.543	30.8111
1399766314.750	n	13.0270	3.65614	2.524	30.8120
1399766314.818	n	13.0271	3.65625	2.511	30.8129
1399766314.875	n	13.0274	3.65637	2.493	30.8138
1399766314.937	n	13.0275	3.65645	2.480	30.8144
1399766315.000	n	13.0282	3.65637	2.468	30.8131
1399766315.063	n	13.0292	3.65611	2.453	30.8098
1399766315.213	y	13.0306	3.65589	2.438	30.8068
1399766315.220	n	13.0325	3.65570	2.423	30.8034
1399766315.248	n	13.0349	3.65552	2.415	30.7997
1399766315.314	n	13.0372	3.65537	2.403	30.7964
1399766315.375	y	13.0394	3.65527	2.387	30.7938
1399766315.436	n	13.0406	3.65520	2.377	30.7922
1399766315.500	n	13.0410	3.65517	2.366	30.7915
1399766315.561	n	13.0410	3.65513	2.355	30.7911
1399766315.625	n	13.0409	3.65506	2.347	30.7906
1399766315.687	n	13.0406	3.65499	2.341	30.7901
1399766315.749	n	13.0405	3.65494	2.331	30.7898
1399766315.812	n	13.0404	3.65493	2.321	30.7898
1399766315.874	n	13.0404	3.65494	2.314	30.7899
1399766315.937	n	13.0405	3.65496	2.305	30.7900
1399766316.000	n	13.0405	3.65497	2.295	30.7901
1399766316.062	n	13.0405	3.65499	2.286	30.7903
1399766316.123	n	13.0404	3.65503	2.275	30.7907
1399766316.187	n	13.0403	3.65507	2.264	30.7912
1399766316.248	n	13.0402	3.65511	2.254	30.7916
1399766316.314	n	13.0403	3.65512	2.244	30.7917
1399766316.375	n	13.0404	3.65510	2.233	30.7914
1399766316.437	n	13.0405	3.65505	2.224	30.7909
1399766316.499	n	13.0406	3.65501	2.216	30.7905
1399766316.561	n	13.0406	3.65499	2.207	30.7903
1399766316.624	n	13.0406	3.65498	2.200	30.7901
1399766316.686	n	13.0406	3.65497	2.192	30.7900
1399766316.749	n	13.0405	3.65496	2.187	30.7900
1399766316.812	n	13.0403	3.65496	2.179	30.7902
1399766316.875	n	13.0401	3.65497	2.172	30.7905
1399766316.937	n	13.0398	3.65500	2.164	30.7910
1399766316.998	n	13.0397	3.65503	2.160	30.7914
1399766317.062	n	13.0397	3.65504	2.150	30.7915
1399766317.125	n	13.0399	3.65503	2.144	30.7912
1399766317.187	n	13.0400	3.65498	2.140	30.7907
1399766317.248	n	13.0400	3.65493	2.132	30.7901
1399766317.314	n	13.0400	3.65489	2.125	30.7898
1399766317.375	n	13.0400	3.65486	2.118	30.7896
1399766317.436	n	13.0400	3.65484	2.110	30.7893
1399766317.499	n	13.0401	3.65482	2.106	30.7891
1399766317.561	n	13.0402	3.65477	2.100	30.7886
1399766317.623	n	13.0403	3.65472	2.088	30.7880
1399766317.687	n	13.0402	3.65469	2.083	30.7878
1399766317.748	n	13.0400	3.65469	2.075	30.7880
1399766317.812	n	13.0398	3.65472	2.068	30.7884
1399766317.874	n	13.0397	3.65474	2.063	30.7887
1399766317.936	n	13.0398	3.65476	2.056	30.7887
1399766317.999	n	13.0401	3.65476	2.051	30.7886
1399766318.061	n	13.0403	3.65476	2.045	30.7884
1399766318.125	n	13.0403	3.65477	2.040	30.7885
1399766318.186	n	13.0402	3.65479	2.031	30.7888
1399766318.250	n	13.0401	3.65480	2.024	30.7889
1399766318.313	n	13.0403	3.65480	2.020	30.7888
1399766318.375	n	13.0407	3.65478	2.014	30.7882
1399766318.437	n	13.0414	3.65472	2.008	30.7871
1399766318.498	n	13.0421	3.65459	2.000	30.7853
1399766318.562	n	13.0427	3.65434	1.989	30.7826
1399766318.625	n	13.0431	3.65393	1.980	30.7784
1399766318.687	n	13.0434	3.65340	1.972	30.7732
1399766318.748	n	13.0438	3.65288	1.962	30.7680
1399766318.811	n	13.0444	3.65243	1.948	30.7633
1399766318.874	n	13.0459	3.65210	1.938	30.7590
1399766318.937	n	13.0504	3.65178	1.927	30.7524
1399766318.998	n	13.0596	3.65134	1.910	30.7409
1399766319.110	y	13.0724	3.65080	1.901	30.7254
1399766319.237	y	13.0857	3.65030	1.890	30.7099
1399766319.244	n	13.0971	3.64996	1.877	30.6976
1399766319.250	n	13.1063	3.64998	1.863	30.6903
1399766319.315	n	13.1178	3.65043	1.846	30.6852
1399766319.468	y	13.1366	3.65127	1.831	30.6779
1399766319.473	n	13.1620	3.65239	1.816	30.6678
1399766319.500	n	13.1908	3.65359	1.800	30.6557
1399766319.561	n	13.2184	3.65465	1.788	30.6435
1399766319.624	n	13.2358	3.65547	1.771	30.6371
1399766319.687	n	13.2412	3.65596	1.756	30.6373
1399766319.750	n	13.2404	3.65628	1.745	30.6409
1399766319.812	n	13.2460	3.65666	1.732	30.6400
1399766319.874	n	13.2679	3.65737	1.717	30.6290
1399766319.936	n	13.3083	3.65837	1.706	30.6058
1399766320.000	n	13.3557	3.65951	1.693	30.5782
1399766320.062	n	13.3952	3.66049	1.680	30.5557
1399766320.124	n	13.4202	3.66121	1.668	30.5423
1399766320.186	n	13.4364	3.66176	1.655	30.5345
1399766320.249	n	13.4485	3.66231	1.643	30.5299
1399766320.313	n	13.4620	3.66282	1.630	30.5239
1399766320.374	n	13.4810	3.66327	1.618	30.5129
1399766320.437	n	13.5025	3.66364	1.607	30.4991
1399766320.500	n	13.5246	3.66396	1.596	30.4845
1399766320.562	n	13.5452	3.66438	1.583	30.4720
1399766320.624	n	13.5596	3.66490	1.568	30.4652
1399766320.686	n	13.5667	3.66545	1.556	30.4647
1399766320.750	n	13.5717	3.66598	1.546	30.4656
1399766320.812	n	13.5750	3.66632	1.533	30.4662
1399766320.873	n	13.5728	3.66638	1.519	30.4684
1399766320.937	n	13.5646	3.66617	1.506	30.4730
1399766320.998	n	13.5531	3.66581	1.493	30.4789
1399766321.062	n	13.5441	3.66562	1.482	30.4844
1399766321.123	n	13.5446	3.66580	1.467	30.4856
1399766321.186	n	13.5529	3.66612	1.456	30.4819
1399766321.249	n	13.5624	3.66641	1.444	30.4770
1399766321.315	n	13.5680	3.66652	1.429	30.4735
1399766321.376	n	13.5694	3.66653	1.418	30.4726
1399766321.437	n	13.5715	3.66687	1.411	30.4740
1399766321.499	n	13.5831	3.66776	1.398	30.4730
1399766321.562	n	13.6095	3.66905	1.381	30.4639
1399766321.624	n	13.6508	3.67050	1.366	30.4444
1399766321.687	n	13.6978	3.67180	1.357	30.4191
1399766321.750	n	13.7329	3.67280	1.347	30.4004
1399766321.813	n	13.7487	3.67352	1.340	30.3946
1399766321.875	n	13.7514	3.67410	1.326	30.3977
1399766321.937	n	13.7513	3.67459	1.315	30.4024
1399766322.000	n	13.7582	3.67493	1.302	30.4000
1399766322.062	n	13.7708	3.67502	1.290	30.3908
1399766322.123	n	13.7733	3.67482	1.277	30.3871
1399766322.187	n	13.7624	3.67443	1.265	30.3921
1399766322.249	n	13.7466	3.67396	1.255	30.4003
1399766322.312	n	13.7336	3.67358	1.244	30.4071
1399766322.374	n	13.7318	3.67333	1.231	30.4062
1399766322.436	n	13.7402	3.67317	1.224	30.3981
1399766322.499	n	13.7500	3.67313	1.209	30.3900
1399766322.562	n	13.7594	3.67329	1.198	30.3841
1399766322.624	n	13.7689	3.67354	1.191	30.3788
1399766322.686	n	13.7797	3.67386	1.180	30.3732
1399766322.758	y	13.7971	3.67425	1.171	30.3631
1399766322.814	n	13.8254	3.67468	1.162	30.3446
1399766322.875	n	13.8650	3.67523	1.150	30.3184
1399766322.936	n	13.9114	3.67612	1.139	30.2900
1399766322.999	n	13.9542	3.67724	1.128	30.2665
1399766323.061	n	13.9822	3.67833	1.116	30.2544
1399766323.124	n	13.9943	3.67936	1.103	30.2543
1399766323.186	n	13.9957	3.68056	1.095	30.2642
1399766323.249	n	13.9912	3.68196	1.080	30.2805
1399766323.313	n	13.9842	3.68334	1.066	30.2987
1399766323.374	n	13.9758	3.68437	1.053	30.3147
1399766323.436	n	13.9660	3.68471	1.045	30.3255
1399766323.499	n	13.9601	3.68471	1.031	30.3302
1399766323.562	n	13.9640	3.68508	1.018	30.3305
1399766323.801	y	13.9781	3.68605	1.001	30.3283
1399766323.809	n	14.0010	3.68742	0.989	30.3228
1399766323.819	n	14.0273	3.68877	0.973	30.3144
1399766323.826	n	14.0500	3.68968	0.953	30.3048
1399766323.874	n	14.0661	3.69018	0.937	30.2968
1399766323.936	n	14.0751	3.69040	0.917	30.2917
1399766323.999	n	14.0780	3.69039	0.901	30.2894
1399766324.061	n	14.0776	3.69031	0.887	30.2890
1399766324.125	n	14.0767	3.69026	0.871	30.2892
1399766324.186	n	14.0766	3.69029	0.852	30.2895
1399766324.248	n	14.0770	3.69036	0.833	30.2900
1399766324.313	n	14.0777	3.69046	0.820	30.2902
1399766324.375	n	14.0785	3.69051	0.807	30.2901
1399766324.437	n	14.0784	3.69048	0.791	30.2900
1399766324.500	n	14.0783	3.69043	0.777	30.2895
1399766324.561	n	14.0790	3.69041	0.764	30.2889
1399766324.623	n	14.0803	3.69042	0.750	30.2879
1399766324.686	n	14.0816	3.69046	0.736	30.2873
1399766324.749	n	14.0822	3.69049	0.723	30.2870
1399766324.811	n	14.0808	3.69043	0.718	30.2876
1399766324.874	n	14.0772	3.69026	0.707	30.2889
1399766324.936	n	14.0709	3.68997	0.698	30.2912
1399766324.999	n	14.0612	3.68957	0.689	30.2952
1399766325.061	n	14.0495	3.68909	0.684	30.3000
1399766325.124	n	14.0382	3.68859	0.675	30.3043
1399766325.187	n	14.0321	3.68819	0.665	30.3055
1399766325.250	n	14.0352	3.68805	0.660	30.3017
1399766325.313	n	14.0458	3.68828	0.654	30.2955
1399766325.375	n	14.0585	3.68875	0.645	30.2899
1399766325.438	n	14.0689	3.68931	0.638	30.2867
1399766325.499	n	14.0739	3.68973	0.630	30.2867
1399766325.561	n	14.0744	3.68991	0.626	30.2879
1399766325.624	n	14.0734	3.68989	0.617	30.2885
1399766325.686	n	14.0715	3.67789	0.613	30.1806
1399766325.751	n	14.0660	3.36411	0.612	27.3425
1399766325.811	n	14.0531	2.78561	0.605	22.2105
1399766325.874	n	14.0310	2.07941	0.597	16.1317
1399766325.937	n	14.0017	1.44899	0.593	10.8987
1399766326.000	n	13.9707	1.03970	0.591	7.6188
1399766326.062	n	13.9435	0.93784	0.585	6.8226
1399766326.123	n	13.9237	0.86922	0.583	6.2904
1399766326.187	n	13.9115	0.79961	0.579	5.7525
1399766326.250	n	13.9041	0.72296	0.576	5.1640
1399766326.314	n	13.8978	0.66921	0.571	4.7545
1399766326.375	y	13.8914	0.62412	0.568	4.4131
1399766326.437	n	13.8852	0.58460	0.566	4.1156
1399766326.499	n	13.8807	0.55049	0.566	3.8600
1399766326.561	n	13.8791	0.52303	0.564	3.6549
1399766326.623	n	13.8790	0.50072	0.565	3.4889
1399766326.686	n	13.8790	0.48276	0.564	3.3556
1399766326.750	n	13.8789	0.46705	0.564	3.2394
1399766326.812	n	13.8799	0.45223	0.564	3.1299
