Source File: D:\Storage\Programs\OOI\Group 5\Correspondence\07_18_14 sample files\files\11319982.PPB
Processed: 07/18/2014 12:28:13
Using Version: 1.11
Device: CTD
Start Date: 05/11/2014
Timestamp (s)	Suspect Timestamp	Temperature	Conductivity	Pressure	Salinity
1399852636.713	y	11.7079	3.67258	21.106	32.0665
1399852636.778	n	11.7077	3.67260	21.111	32.0667
1399852636.839	n	11.7076	3.67256	21.110	32.0664
1399852636.903	n	11.7077	3.67258	21.106	32.0666
1399852636.964	n	11.7076	3.67260	21.111	32.0668
1399852637.028	n	11.7074	3.67256	21.120	32.0666
1399852637.091	n	11.7074	3.67256	21.121	32.0666
1399852637.155	n	11.7075	3.67258	21.110	32.0667
1399852637.216	n	11.7075	3.67257	21.113	32.0667
1399852637.281	n	11.7075	3.67257	21.119	32.0667
1399852637.341	n	11.7075	3.67257	21.120	32.0666
1399852637.404	n	11.7075	3.67256	21.121	32.0665
1399852637.466	n	11.7075	3.67255	21.126	32.0665
1399852637.531	n	11.7075	3.67255	21.127	32.0664
1399852637.594	n	11.7075	3.67254	21.128	32.0663
1399852637.654	n	11.7075	3.67254	21.128	32.0663
1399852637.717	n	11.7075	3.67254	21.134	32.0663
1399852637.779	n	11.7075	3.67254	21.134	32.0663
1399852637.842	n	11.7075	3.67254	21.133	32.0664
1399852637.902	n	11.7074	3.67254	21.137	32.0664
1399852637.966	n	11.7075	3.67254	21.140	32.0663
1399852638.028	n	11.7075	3.67254	21.141	32.0664
1399852638.091	n	11.7075	3.67254	21.140	32.0663
1399852638.154	n	11.7075	3.67254	21.142	32.0663
1399852638.215	n	11.7075	3.67254	21.141	32.0663
1399852639.838	n	11.7075	3.67254	21.142	32.0663
1399852639.868	n	11.7075	3.67253	21.144	32.0662
1399852639.889	n	11.7075	3.67253	21.142	32.0662
1399852639.910	n	11.7075	3.67252	21.141	32.0662
1399852639.917	n	11.7075	3.67252	21.141	32.0661
1399852639.923	n	11.7075	3.67251	21.140	32.0661
1399852639.930	n	11.7075	3.67251	21.140	32.0660
1399852639.937	n	11.7075	3.67251	21.136	32.0661
1399852639.944	n	11.7075	3.67252	21.138	32.0662
1399852639.951	n	11.7074	3.67254	21.137	32.0664
1399852639.957	n	11.7074	3.67254	21.138	32.0664
1399852639.963	n	11.7074	3.67254	21.134	32.0664
1399852639.970	n	11.7075	3.67254	21.131	32.0664
1399852639.975	n	11.7075	3.67254	21.131	32.0663
1399852639.981	n	11.7076	3.67254	21.128	32.0663
1399852639.989	n	11.7076	3.67253	21.130	32.0662
1399852639.996	n	11.7076	3.67251	21.130	32.0660
1399852640.003	n	11.7076	3.67250	21.124	32.0659
1399852640.011	n	11.7076	3.67249	21.124	32.0658
1399852640.018	n	11.7076	3.67249	21.123	32.0658
1399852640.028	n	11.7076	3.67250	21.119	32.0659
1399852640.037	n	11.7076	3.67251	21.117	32.0659
1399852640.044	n	11.7077	3.67251	21.111	32.0659
1399852640.052	n	11.7077	3.67251	21.113	32.0659
1399852640.061	n	11.7076	3.67251	21.113	32.0659
1399852640.069	n	11.7076	3.67251	21.112	32.0660
1399852640.077	n	11.7076	3.67251	21.108	32.0659
1399852640.084	n	11.7077	3.67250	21.105	32.0658
1399852640.092	n	11.7077	3.67249	21.101	32.0657
1399852640.099	n	11.7077	3.67247	21.101	32.0656
1399852640.155	n	11.7076	3.67247	21.094	32.0656
1399852640.216	n	11.7076	3.67247	21.095	32.0657
1399852640.278	n	11.7075	3.67248	21.093	32.0657
1399852640.341	n	11.7075	3.67249	21.086	32.0659
1399852640.412	n	11.7076	3.67251	21.088	32.0660
1399852640.465	n	11.7076	3.67252	21.089	32.0660
1399852640.528	n	11.7076	3.67252	21.086	32.0660
1399852640.591	n	11.7077	3.67251	21.085	32.0659
1399852640.653	n	11.7076	3.67250	21.081	32.0659
1399852640.715	n	11.7076	3.67250	21.079	32.0659
1399852640.780	n	11.7076	3.67250	21.077	32.0659
1399852640.844	n	11.7076	3.67249	21.075	32.0658
1399852640.904	n	11.7077	3.67248	21.072	32.0657
1399852640.966	n	11.7077	3.67248	21.070	32.0656
1399852641.029	n	11.7077	3.67247	21.068	32.0655
1399852641.094	n	11.7077	3.67246	21.067	32.0654
1399852641.153	n	11.7077	3.67245	21.065	32.0653
1399852641.216	n	11.7077	3.67244	21.063	32.0652
1399852641.279	n	11.7077	3.67244	21.062	32.0652
1399852641.344	n	11.7077	3.67245	21.064	32.0653
1399852641.403	n	11.7077	3.67246	21.062	32.0654
1399852641.466	n	11.7078	3.67247	21.057	32.0655
1399852641.527	n	11.7078	3.67248	21.060	32.0655
1399852641.595	n	11.7078	3.67247	21.058	32.0655
1399852641.652	n	11.7077	3.67247	21.056	32.0655
1399852641.715	n	11.7077	3.67247	21.057	32.0655
1399852641.779	n	11.7077	3.67246	21.054	32.0655
1399852641.840	n	11.7077	3.67245	21.052	32.0654
1399852641.904	n	11.7077	3.67245	21.054	32.0653
1399852641.966	n	11.7077	3.67244	21.054	32.0653
1399852642.029	n	11.7078	3.67244	21.055	32.0652
1399852642.093	n	11.7078	3.67245	21.054	32.0653
1399852642.153	n	11.7078	3.67246	21.054	32.0654
1399852642.215	n	11.7078	3.67247	21.056	32.0655
1399852642.279	n	11.7078	3.67247	21.051	32.0654
1399852642.344	n	11.7078	3.67246	21.051	32.0654
1399852642.425	y	11.7078	3.67246	21.051	32.0653
1399852642.466	n	11.7078	3.67246	21.052	32.0653
1399852642.532	n	11.7078	3.67246	21.052	32.0653
1399852642.590	n	11.7079	3.67246	21.051	32.0653
1399852642.655	n	11.7079	3.67246	21.053	32.0653
1399852642.715	n	11.7079	3.67247	21.052	32.0653
1399852642.781	n	11.7079	3.67247	21.048	32.0653
1399852642.843	n	11.7079	3.67245	21.052	32.0651
1399852642.904	n	11.7079	3.67244	21.051	32.0650
1399852642.967	n	11.7079	3.67243	21.052	32.0649
1399852643.028	n	11.7079	3.67242	21.052	32.0649
1399852643.091	n	11.7079	3.67242	21.051	32.0648
1399852643.154	n	11.7079	3.67241	21.051	32.0648
1399852643.217	n	11.7079	3.67241	21.053	32.0647
1399852643.281	n	11.7079	3.67241	21.052	32.0648
1399852643.342	y	11.7079	3.67242	21.054	32.0649
1399852643.513	n	11.7079	3.67243	21.054	32.0650
1399852643.521	n	11.7079	3.67243	21.054	32.0650
1399852643.531	n	11.7078	3.67243	21.052	32.0650
1399852643.595	n	11.7078	3.67243	21.053	32.0650
1399852643.654	n	11.7078	3.67243	21.056	32.0650
1399852643.716	n	11.7078	3.67244	21.054	32.0651
1399852643.779	n	11.7078	3.67244	21.059	32.0651
1399852643.841	n	11.7079	3.67243	21.060	32.0650
1399852643.903	n	11.7080	3.67242	21.060	32.0649
1399852643.966	n	11.7080	3.67242	21.056	32.0647
1399852644.030	n	11.7080	3.67242	21.060	32.0648
1399852644.091	n	11.7080	3.67242	21.061	32.0648
1399852644.153	n	11.7079	3.67242	21.064	32.0648
1399852644.216	n	11.7079	3.67242	21.065	32.0648
1399852644.280	n	11.7079	3.67240	21.062	32.0647
1399852644.341	n	11.7079	3.67240	21.060	32.0647
1399852644.404	n	11.7079	3.67240	21.061	32.0646
1399852644.467	n	11.7080	3.67240	21.064	32.0646
1399852644.533	n	11.7080	3.67239	21.067	32.0645
1399852644.590	n	11.7080	3.67238	21.067	32.0644
1399852644.654	n	11.7079	3.67237	21.065	32.0644
1399852644.716	n	11.7079	3.67238	21.066	32.0645
1399852644.778	n	11.7079	3.67238	21.068	32.0645
1399852644.843	n	11.7079	3.67239	21.066	32.0646
1399852644.905	n	11.7079	3.67240	21.066	32.0646
1399852644.967	n	11.7079	3.67241	21.070	32.0647
1399852645.032	n	11.7080	3.67242	21.069	32.0648
1399852645.090	n	11.7080	3.67241	21.068	32.0647
1399852645.153	n	11.7079	3.67239	21.068	32.0645
1399852645.217	n	11.7079	3.67238	21.070	32.0644
1399852645.279	n	11.7079	3.67237	21.070	32.0643
1399852645.341	n	11.7079	3.67237	21.068	32.0643
1399852645.403	n	11.7079	3.67238	21.071	32.0644
1399852645.466	n	11.7080	3.67238	21.071	32.0645
1399852645.528	n	11.7080	3.67239	21.071	32.0645
1399852645.590	n	11.7080	3.67238	21.070	32.0644
1399852645.653	n	11.7080	3.67237	21.070	32.0643
1399852645.715	n	11.7080	3.67236	21.068	32.0642
1399852645.779	n	11.7080	3.67236	21.069	32.0642
1399852645.841	n	11.7080	3.67236	21.064	32.0642
1399852645.902	n	11.7079	3.67236	21.066	32.0642
1399852645.965	n	11.7079	3.67236	21.069	32.0642
1399852646.028	n	11.7079	3.67235	21.066	32.0642
1399852646.090	y	11.7079	3.67235	21.067	32.0642
1399852646.152	n	11.7079	3.67235	21.065	32.0642
1399852646.216	n	11.7080	3.67234	21.062	32.0641
1399852646.279	n	11.7080	3.67234	21.059	32.0641
1399852646.341	n	11.7080	3.67235	21.060	32.0641
1399852646.404	n	11.7080	3.67235	21.057	32.0641
1399852646.465	n	11.7080	3.67233	21.055	32.0640
1399852646.532	n	11.7079	3.67233	21.052	32.0640
1399852646.590	y	11.7079	3.67233	21.045	32.0640
1399852646.652	n	11.7079	3.67233	21.043	32.0640
1399852646.716	n	11.7080	3.67234	21.043	32.0640
1399852646.777	n	11.7080	3.67233	21.038	32.0640
1399852646.841	n	11.7079	3.67233	21.033	32.0640
1399852646.903	n	11.7079	3.67232	21.027	32.0640
1399852646.966	n	11.7079	3.67233	21.025	32.0641
1399852647.029	n	11.7079	3.67234	21.020	32.0641
1399852647.090	n	11.7079	3.67235	21.013	32.0642
1399852647.154	n	11.7079	3.67236	21.010	32.0643
1399852647.215	n	11.7079	3.67236	21.004	32.0643
1399852647.279	n	11.7079	3.67236	21.000	32.0643
1399852647.341	n	11.7079	3.67235	20.994	32.0642
1399852647.402	n	11.7078	3.67233	20.989	32.0641
1399852647.467	n	11.7078	3.67232	20.981	32.0640
1399852647.528	n	11.7078	3.67230	20.974	32.0639
1399852647.740	y	11.7077	3.67230	20.968	32.0639
1399852647.746	n	11.7076	3.67231	20.960	32.0640
1399852647.753	n	11.7076	3.67230	20.954	32.0641
1399852647.780	n	11.7075	3.67229	20.944	32.0641
1399852647.840	n	11.7073	3.67228	20.941	32.0641
1399852647.903	n	11.7072	3.67227	20.932	32.0641
1399852647.966	n	11.7070	3.67227	20.922	32.0642
1399852648.030	n	11.7069	3.67227	20.913	32.0643
1399852648.092	n	11.7068	3.67227	20.904	32.0644
1399852648.153	n	11.7067	3.67227	20.894	32.0645
1399852648.215	n	11.7067	3.67226	20.884	32.0645
1399852648.278	n	11.7066	3.67226	20.878	32.0645
1399852648.372	n	11.7065	3.67225	20.869	32.0645
1399852648.403	n	11.7064	3.67224	20.860	32.0645
1399852648.465	n	11.7063	3.67224	20.850	32.0645
1399852648.532	n	11.7063	3.67225	20.838	32.0647
1399852648.591	n	11.7062	3.67225	20.828	32.0647
1399852648.652	n	11.7062	3.67225	20.818	32.0647
1399852648.716	n	11.7061	3.67224	20.805	32.0647
1399852648.780	n	11.7061	3.67223	20.795	32.0647
1399852648.862	n	11.7060	3.67222	20.786	32.0647
1399852648.904	n	11.7060	3.67222	20.773	32.0647
1399852648.965	n	11.7059	3.67222	20.761	32.0648
1399852649.028	n	11.7059	3.67222	20.748	32.0648
1399852649.090	n	11.7059	3.67223	20.733	32.0648
1399852649.152	n	11.7059	3.67223	20.724	32.0649
1399852649.216	n	11.7060	3.67223	20.709	32.0648
1399852649.278	n	11.7060	3.67222	20.696	32.0647
1399852649.341	n	11.7060	3.67221	20.683	32.0646
1399852649.402	n	11.7060	3.67221	20.667	32.0646
1399852649.465	n	11.7060	3.67222	20.654	32.0647
1399852649.531	n	11.7060	3.67223	20.642	32.0648
1399852649.590	n	11.7060	3.67223	20.627	32.0649
1399852649.654	y	11.7060	3.67223	20.611	32.0649
1399852649.716	n	11.7060	3.67223	20.596	32.0648
1399852649.779	n	11.7060	3.67222	20.581	32.0648
1399852649.840	n	11.7059	3.67222	20.563	32.0648
1399852649.904	n	11.7059	3.67222	20.551	32.0649
1399852649.966	n	11.7058	3.67222	20.533	32.0649
1399852650.028	n	11.7059	3.67222	20.518	32.0649
1399852650.442	n	11.7059	3.67222	20.500	32.0649
1399852650.453	n	11.7059	3.67222	20.485	32.0649
1399852650.458	n	11.7059	3.67221	20.467	32.0648
1399852650.463	n	11.7059	3.67220	20.451	32.0647
1399852650.469	n	11.7059	3.67220	20.435	32.0647
1399852650.473	n	11.7058	3.67220	20.414	32.0647
1399852650.479	n	11.7058	3.67220	20.402	32.0648
1399852650.527	n	11.7058	3.67220	20.384	32.0648
1399852650.590	n	11.7058	3.67219	20.364	32.0647
1399852650.654	n	11.7059	3.67218	20.344	32.0646
1399852650.715	n	11.7058	3.67218	20.328	32.0646
1399852650.777	n	11.7058	3.67218	20.309	32.0647
1399852650.840	n	11.7058	3.67218	20.289	32.0647
1399852650.903	n	11.7057	3.67218	20.272	32.0647
1399852650.966	n	11.7057	3.67218	20.253	32.0647
1399852651.027	n	11.7058	3.67217	20.232	32.0646
1399852651.090	n	11.7058	3.67216	20.218	32.0645
1399852651.153	n	11.7058	3.67216	20.196	32.0645
1399852651.216	n	11.7058	3.67216	20.176	32.0645
1399852651.278	n	11.7058	3.67216	20.159	32.0645
1399852651.341	n	11.7058	3.67216	20.138	32.0646
1399852651.404	n	11.7058	3.67217	20.121	32.0647
1399852651.466	n	11.7058	3.67217	20.101	32.0647
1399852651.530	n	11.7058	3.67216	20.080	32.0646
1399852651.592	n	11.7058	3.67216	20.061	32.0646
1399852651.653	n	11.7058	3.67215	20.041	32.0645
1399852651.715	n	11.7057	3.67214	20.021	32.0644
1399852651.778	n	11.7057	3.67212	20.000	32.0643
1399852651.970	y	11.7058	3.67212	19.985	32.0642
1399852651.983	n	11.7058	3.67211	19.963	32.0641
1399852651.991	n	11.7058	3.67212	19.945	32.0642
1399852652.028	n	11.7058	3.67212	19.927	32.0643
1399852652.091	n	11.7058	3.67212	19.906	32.0642
1399852652.153	n	11.7058	3.67211	19.883	32.0641
1399852652.216	n	11.7059	3.67209	19.865	32.0639
1399852652.278	n	11.7060	3.67209	19.843	32.0638
1399852652.340	n	11.7060	3.67209	19.825	32.0638
1399852652.403	n	11.7059	3.67209	19.808	32.0639
1399852652.466	n	11.7060	3.67209	19.787	32.0638
1399852652.530	n	11.7060	3.67208	19.768	32.0637
1399852652.592	n	11.7060	3.67207	19.745	32.0636
1399852652.652	n	11.7061	3.67206	19.727	32.0635
1399852652.716	n	11.7061	3.67206	19.708	32.0634
1399852652.778	n	11.7061	3.67206	19.691	32.0634
1399852652.841	n	11.7062	3.67206	19.672	32.0635
1399852652.903	n	11.7062	3.67206	19.653	32.0635
1399852652.965	n	11.7062	3.67208	19.636	32.0636
1399852653.028	n	11.7062	3.67209	19.617	32.0637
1399852653.090	n	11.7062	3.67209	19.593	32.0637
1399852653.155	n	11.7062	3.67208	19.576	32.0637
1399852653.215	n	11.7063	3.67207	19.557	32.0635
1399852653.279	n	11.7063	3.67205	19.543	32.0632
1399852653.381	y	11.7064	3.67203	19.521	32.0630
1399852653.403	n	11.7065	3.67203	19.505	32.0629
1399852653.466	n	11.7065	3.67203	19.487	32.0629
1399852653.531	n	11.7065	3.67202	19.470	32.0628
1399852653.592	n	11.7065	3.67202	19.450	32.0628
1399852653.652	n	11.7066	3.67202	19.433	32.0628
1399852653.717	n	11.7066	3.67203	19.415	32.0628
1399852653.778	n	11.7067	3.67204	19.400	32.0629
1399852653.841	n	11.7067	3.67204	19.383	32.0629
1399852653.903	n	11.7068	3.67204	19.367	32.0628
1399852653.965	n	11.7069	3.67202	19.348	32.0626
1399852654.029	n	11.7070	3.67201	19.330	32.0624
1399852654.090	n	11.7071	3.67200	19.312	32.0622
1399852654.153	n	11.7072	3.67200	19.296	32.0621
1399852654.215	n	11.7074	3.67200	19.280	32.0619
1399852654.277	n	11.7075	3.67199	19.265	32.0618
1399852654.341	n	11.7076	3.67198	19.246	32.0616
1399852654.404	n	11.7077	3.67198	19.229	32.0615
1399852654.466	n	11.7078	3.67198	19.215	32.0615
1399852654.528	n	11.7079	3.67199	19.197	32.0614
1399852654.592	n	11.7081	3.67199	19.183	32.0613
1399852654.652	n	11.7083	3.67199	19.168	32.0611
1399852654.715	n	11.7084	3.67198	19.153	32.0609
1399852654.778	n	11.7086	3.67198	19.137	32.0608
1399852654.842	n	11.7087	3.67198	19.116	32.0607
1399852654.904	n	11.7089	3.67198	19.104	32.0605
1399852654.966	n	11.7091	3.67198	19.091	32.0604
1399852655.028	n	11.7092	3.67197	19.067	32.0602
1399852655.090	n	11.7094	3.67197	19.053	32.0600
1399852655.153	n	11.7096	3.67198	19.035	32.0599
1399852655.217	n	11.7098	3.67199	19.020	32.0598
1399852655.277	n	11.7101	3.67198	19.006	32.0596
1399852655.341	n	11.7103	3.67198	18.994	32.0594
1399852655.404	n	11.7105	3.67197	18.975	32.0591
1399852655.465	n	11.7108	3.67196	18.961	32.0588
1399852655.528	n	11.7110	3.67195	18.944	32.0585
1399852655.592	n	11.7112	3.67195	18.928	32.0583
1399852655.653	n	11.7114	3.67194	18.914	32.0581
1399852655.715	n	11.7116	3.67195	18.894	32.0580
1399852655.779	n	11.7119	3.67195	18.878	32.0577
1399852655.841	n	11.7122	3.67195	18.861	32.0575
1399852655.903	n	11.7124	3.67194	18.844	32.0572
1399852655.966	n	11.7127	3.67194	18.831	32.0570
1399852656.028	n	11.7130	3.67194	18.813	32.0568
1399852656.281	y	11.7132	3.67195	18.796	32.0567
1399852656.287	n	11.7134	3.67195	18.779	32.0565
1399852656.293	n	11.7137	3.67194	18.761	32.0562
1399852656.298	n	11.7139	3.67194	18.746	32.0559
1399852656.341	n	11.7143	3.67193	18.729	32.0556
1399852656.402	n	11.7146	3.67193	18.713	32.0553
1399852656.465	n	11.7149	3.67193	18.694	32.0550
1399852656.528	n	11.7151	3.67192	18.682	32.0548
1399852656.590	n	11.7154	3.67192	18.661	32.0545
1399852656.654	n	11.7157	3.67192	18.644	32.0543
1399852656.716	n	11.7160	3.67192	18.625	32.0541
1399852656.778	n	11.7163	3.67192	18.610	32.0538
1399852656.840	n	11.7166	3.67192	18.593	32.0534
1399852656.903	n	11.7170	3.67191	18.578	32.0531
1399852656.965	n	11.7173	3.67190	18.561	32.0527
1399852657.029	y	11.7176	3.67190	18.536	32.0524
1399852657.091	n	11.7180	3.67189	18.514	32.0520
1399852657.154	n	11.7183	3.67189	18.499	32.0518
1399852657.216	n	11.7187	3.67189	18.486	32.0515
1399852657.280	n	11.7190	3.67188	18.465	32.0511
1399852657.341	n	11.7193	3.67188	18.446	32.0508
1399852657.404	n	11.7197	3.67188	18.429	32.0505
1399852657.466	n	11.7201	3.67188	18.409	32.0502
1399852657.528	n	11.7205	3.67187	18.393	32.0498
1399852657.590	n	11.7208	3.67186	18.376	32.0494
1399852657.653	n	11.7212	3.67185	18.354	32.0490
1399852657.716	n	11.7216	3.67186	18.336	32.0487
1399852657.778	n	11.7220	3.67186	18.315	32.0484
1399852657.841	n	11.7223	3.67188	18.298	32.0483
1399852657.903	n	11.7227	3.67188	18.279	32.0480
1399852657.965	n	11.7231	3.67188	18.261	32.0477
1399852658.028	n	11.7234	3.67189	18.242	32.0474
1399852658.090	n	11.7238	3.67188	18.219	32.0471
1399852658.152	n	11.7243	3.67189	18.200	32.0467
1399852658.215	n	11.7247	3.67188	18.183	32.0464
1399852658.279	n	11.7251	3.67187	18.162	32.0459
1399852658.340	n	11.7255	3.67186	18.144	32.0454
1399852658.403	n	11.7259	3.67185	18.128	32.0449
1399852658.465	n	11.7264	3.67184	18.103	32.0445
1399852658.530	n	11.7268	3.67185	18.085	32.0442
1399852658.590	n	11.7272	3.67185	18.066	32.0439
1399852658.654	n	11.7277	3.67185	18.043	32.0435
1399852658.715	n	11.7281	3.67184	18.024	32.0430
1399852658.778	n	11.7286	3.67182	18.007	32.0425
1399852658.841	n	11.7291	3.67180	17.986	32.0419
1399852658.904	n	11.7296	3.67180	17.964	32.0414
1399852658.966	n	11.7300	3.67180	17.945	32.0410
1399852659.077	y	11.7305	3.67181	17.924	32.0407
1399852659.090	n	11.7310	3.67181	17.906	32.0403
1399852659.153	n	11.7316	3.67181	17.885	32.0398
1399852659.216	n	11.7322	3.67180	17.865	32.0392
1399852659.279	n	11.7327	3.67180	17.845	32.0387
1399852659.341	n	11.7333	3.67179	17.825	32.0382
1399852659.402	n	11.7338	3.67180	17.803	32.0378
1399852659.465	n	11.7343	3.67181	17.781	32.0374
1399852659.532	n	11.7349	3.67180	17.763	32.0369
1399852659.592	n	11.7355	3.67179	17.744	32.0363
1399852659.652	n	11.7362	3.67179	17.724	32.0357
1399852659.717	n	11.7368	3.67179	17.700	32.0351
1399852659.779	n	11.7375	3.67179	17.683	32.0345
1399852659.840	n	11.7382	3.67180	17.661	32.0340
1399852659.903	n	11.7389	3.67180	17.642	32.0334
1399852659.965	n	11.7396	3.67178	17.621	32.0327
1399852660.028	n	11.7404	3.67177	17.598	32.0319
1399852660.090	n	11.7412	3.67177	17.577	32.0313
1399852660.154	n	11.7420	3.67177	17.556	32.0306
1399852660.215	n	11.7429	3.67178	17.537	32.0299
1399852660.279	n	11.7438	3.67179	17.514	32.0292
1399852660.497	y	11.7448	3.67179	17.494	32.0283
1399852660.503	n	11.7458	3.67178	17.476	32.0274
1399852660.509	n	11.7469	3.67178	17.454	32.0265
1399852660.531	n	11.7480	3.67178	17.435	32.0255
1399852660.590	y	11.7491	3.67178	17.414	32.0245
1399852660.653	n	11.7503	3.67177	17.391	32.0235
1399852660.716	n	11.7516	3.67177	17.371	32.0224
1399852660.779	n	11.7529	3.67176	17.350	32.0212
1399852660.840	n	11.7542	3.67176	17.331	32.0201
1399852660.903	n	11.7555	3.67176	17.308	32.0189
1399852660.966	n	11.7569	3.67177	17.288	32.0178
1399852661.029	n	11.7583	3.67177	17.266	32.0166
1399852661.090	n	11.7597	3.67177	17.245	32.0154
1399852661.153	n	11.7612	3.67176	17.223	32.0141
1399852661.215	n	11.7626	3.67176	17.205	32.0128
1399852661.279	n	11.7641	3.67176	17.180	32.0115
1399852661.340	n	11.7657	3.67176	17.162	32.0102
1399852661.403	n	11.7673	3.67175	17.141	32.0088
1399852661.465	n	11.7688	3.67174	17.121	32.0074
1399852661.532	n	11.7704	3.67173	17.100	32.0059
1399852661.591	n	11.7719	3.67173	17.078	32.0046
1399852661.654	n	11.7735	3.67173	17.058	32.0033
1399852661.716	n	11.7751	3.67174	17.036	32.0020
1399852661.779	n	11.7767	3.67175	17.013	32.0007
1399852661.840	n	11.7784	3.67176	16.994	31.9993
1399852661.902	n	11.7800	3.67177	16.971	31.9980
1399852661.965	n	11.7817	3.67177	16.952	31.9966
1399852662.029	n	11.7834	3.67176	16.929	31.9951
1399852662.091	n	11.7852	3.67176	16.908	31.9935
1399852662.153	n	11.7869	3.67175	16.885	31.9919
1399852662.216	n	11.7887	3.67175	16.862	31.9905
1399852662.278	n	11.7905	3.67176	16.840	31.9890
1399852662.340	n	11.7922	3.67177	16.824	31.9876
1399852662.403	n	11.7939	3.67178	16.800	31.9862
1399852662.466	n	11.7956	3.67179	16.776	31.9849
1399852662.528	n	11.7973	3.67178	16.755	31.9834
1399852662.592	n	11.7990	3.67178	16.736	31.9819
1399852662.653	n	11.8008	3.67178	16.715	31.9804
1399852662.715	n	11.8025	3.67177	16.690	31.9788
1399852662.778	n	11.8043	3.67176	16.666	31.9773
1399852662.841	n	11.8060	3.67176	16.644	31.9758
1399852662.903	n	11.8076	3.67176	16.623	31.9743
1399852662.967	n	11.8093	3.67176	16.601	31.9728
1399852663.029	n	11.8110	3.67175	16.577	31.9714
1399852663.090	n	11.8127	3.67175	16.556	31.9699
1399852663.153	n	11.8144	3.67174	16.531	31.9684
1399852663.217	n	11.8161	3.67174	16.508	31.9669
1399852663.278	n	11.8178	3.67174	16.484	31.9654
1399852663.341	n	11.8195	3.67173	16.466	31.9639
1399852663.403	n	11.8212	3.67173	16.443	31.9625
1399852663.467	n	11.8229	3.67174	16.417	31.9611
1399852663.529	n	11.8246	3.67174	16.394	31.9597
1399852663.592	n	11.8262	3.67176	16.377	31.9584
1399852663.654	n	11.8279	3.67175	16.352	31.9569
1399852663.717	n	11.8296	3.67175	16.329	31.9555
1399852663.777	n	11.8313	3.67175	16.305	31.9540
1399852663.841	n	11.8329	3.67175	16.282	31.9526
1399852663.903	n	11.8346	3.67174	16.258	31.9512
1399852663.966	n	11.8362	3.67174	16.234	31.9497
1399852664.030	n	11.8378	3.67173	16.210	31.9483
1399852664.091	n	11.8395	3.67173	16.189	31.9468
1399852664.154	n	11.8411	3.67173	16.166	31.9455
1399852664.217	n	11.8427	3.67174	16.142	31.9442
1399852664.279	n	11.8443	3.67174	16.119	31.9428
1399852664.342	n	11.8459	3.67173	16.095	31.9414
1399852664.428	y	11.8474	3.67173	16.072	31.9401
1399852664.467	n	11.8490	3.67173	16.051	31.9387
1399852664.528	n	11.8505	3.67172	16.027	31.9374
1399852664.690	y	11.8520	3.67173	16.004	31.9361
1399852664.695	n	11.8536	3.67172	15.982	31.9348
1399852664.715	n	11.8551	3.67172	15.958	31.9334
1399852664.778	n	11.8567	3.67172	15.934	31.9321
1399852664.841	n	11.8581	3.67172	15.914	31.9309
1399852664.903	n	11.8596	3.67173	15.889	31.9297
1399852664.967	n	11.8610	3.67174	15.866	31.9286
1399852665.029	n	11.8625	3.67173	15.842	31.9273
1399852665.090	n	11.8640	3.67173	15.823	31.9260
1399852665.153	n	11.8654	3.67173	15.803	31.9247
1399852665.218	n	11.8668	3.67172	15.780	31.9235
1399852665.278	n	11.8682	3.67171	15.757	31.9222
1399852665.341	n	11.8696	3.67170	15.733	31.9209
1399852665.403	n	11.8710	3.67169	15.709	31.9196
1399852665.466	n	11.8725	3.67169	15.688	31.9183
1399852665.528	n	11.8739	3.67168	15.666	31.9171
1399852665.593	n	11.8753	3.67167	15.645	31.9159
1399852665.653	n	11.8766	3.67167	15.621	31.9146
1399852665.717	n	11.8780	3.67167	15.598	31.9135
1399852665.780	n	11.8794	3.67167	15.579	31.9123
1399852665.840	n	11.8808	3.67168	15.553	31.9112
1399852665.903	n	11.8821	3.67169	15.533	31.9101
1399852665.965	n	11.8835	3.67169	15.512	31.9090
1399852666.028	n	11.8848	3.67169	15.492	31.9079
1399852666.090	n	11.8861	3.67168	15.465	31.9067
1399852666.153	n	11.8875	3.67168	15.444	31.9055
1399852666.218	n	11.8888	3.67168	15.425	31.9044
1399852666.277	n	11.8900	3.67168	15.406	31.9033
1399852666.341	n	11.8913	3.67168	15.383	31.9023
1399852666.404	n	11.8926	3.67167	15.360	31.9011
1399852666.466	n	11.8939	3.67167	15.338	31.8999
1399852666.531	n	11.8952	3.67165	15.313	31.8987
1399852666.593	n	11.8966	3.67165	15.295	31.8975
1399852666.654	n	11.8979	3.67165	15.275	31.8964
1399852666.715	n	11.8992	3.67167	15.254	31.8955
1399852666.778	n	11.9005	3.67167	15.239	31.8944
1399852666.840	n	11.9018	3.67166	15.217	31.8932
1399852666.903	n	11.9031	3.67165	15.195	31.8920
1399852666.966	n	11.9044	3.67164	15.174	31.8907
1399852667.029	n	11.9057	3.67163	15.153	31.8895
1399852667.091	n	11.9071	3.67164	15.132	31.8884
1399852667.154	n	11.9084	3.67164	15.110	31.8874
1399852667.215	n	11.9097	3.67164	15.091	31.8862
1399852667.279	n	11.9110	3.67164	15.072	31.8851
1399852667.341	n	11.9123	3.67163	15.052	31.8840
1399852667.404	n	11.9135	3.67163	15.032	31.8829
1399852667.465	n	11.9148	3.67163	15.014	31.8818
1399852667.528	n	11.9161	3.67163	14.994	31.8807
1399852667.590	n	11.9174	3.67164	14.975	31.8797
1399852667.653	n	11.9187	3.67164	14.952	31.8786
1399852667.718	n	11.9199	3.67163	14.932	31.8775
1399852667.779	n	11.9211	3.67162	14.916	31.8763
1399852667.840	n	11.9224	3.67161	14.898	31.8752
1399852667.904	n	11.9235	3.67161	14.878	31.8742
1399852667.997	y	11.9248	3.67161	14.857	31.8732
1399852668.028	n	11.9259	3.67161	14.839	31.8722
1399852668.090	n	11.9271	3.67160	14.820	31.8711
1399852668.153	n	11.9282	3.67160	14.801	31.8701
1399852668.217	n	11.9294	3.67160	14.783	31.8692
1399852668.279	n	11.9305	3.67160	14.763	31.8682
1399852668.341	n	11.9316	3.67161	14.743	31.8673
1399852668.404	n	11.9328	3.67160	14.725	31.8663
1399852668.465	n	11.9339	3.67159	14.705	31.8652
1399852668.531	n	11.9350	3.67158	14.683	31.8642
1399852668.592	n	11.9360	3.67158	14.667	31.8633
1399852668.653	n	11.9370	3.67158	14.645	31.8624
1399852668.717	n	11.9380	3.67158	14.628	31.8616
1399852668.778	n	11.9390	3.67158	14.607	31.8607
1399852668.960	y	11.9400	3.67157	14.587	31.8599
1399852668.967	n	11.9410	3.67157	14.566	31.8590
1399852668.973	n	11.9419	3.67157	14.548	31.8582
1399852669.028	n	11.9429	3.67157	14.530	31.8574
1399852669.090	n	11.9438	3.67156	14.510	31.8565
1399852669.153	n	11.9448	3.67155	14.492	31.8557
1399852669.215	n	11.9457	3.67155	14.474	31.8549
1399852669.278	n	11.9465	3.67155	14.454	31.8541
1399852669.341	n	11.9474	3.67154	14.433	31.8533
1399852669.403	n	11.9482	3.67153	14.413	31.8525
1399852669.465	n	11.9490	3.67152	14.395	31.8518
1399852669.531	n	11.9498	3.67151	14.379	31.8510
1399852669.591	n	11.9506	3.67151	14.361	31.8503
1399852669.654	n	11.9513	3.67151	14.336	31.8497
1399852669.715	n	11.9520	3.67151	14.317	31.8491
1399852669.780	n	11.9528	3.67151	14.299	31.8485
1399852669.841	n	11.9534	3.67151	14.281	31.8480
1399852669.903	n	11.9540	3.67151	14.258	31.8475
1399852669.967	n	11.9546	3.67151	14.238	31.8469
1399852670.029	n	11.9553	3.67150	14.222	31.8463
1399852670.090	n	11.9559	3.67149	14.199	31.8456
1399852670.154	n	11.9565	3.67148	14.179	31.8450
1399852670.215	n	11.9572	3.67147	14.161	31.8444
1399852670.279	n	11.9577	3.67148	14.141	31.8440
1399852670.341	n	11.9583	3.67148	14.120	31.8436
1399852670.403	n	11.9588	3.67149	14.100	31.8432
1399852670.465	n	11.9593	3.67149	14.080	31.8428
1399852670.531	n	11.9598	3.67148	14.058	31.8423
1399852670.592	n	11.9603	3.67147	14.039	31.8418
1399852670.654	n	11.9608	3.67147	14.021	31.8413
1399852670.717	n	11.9613	3.67146	13.998	31.8408
1399852670.778	n	11.9618	3.67146	13.980	31.8404
1399852670.841	n	11.9624	3.67146	13.959	31.8400
1399852670.903	n	11.9629	3.67147	13.939	31.8395
1399852670.967	n	11.9635	3.67146	13.917	31.8390
1399852671.027	n	11.9640	3.67146	13.897	31.8385
1399852671.091	n	11.9647	3.67146	13.877	31.8380
1399852671.154	n	11.9653	3.67145	13.857	31.8374
1399852671.217	n	11.9659	3.67145	13.833	31.8369
1399852671.279	n	11.9664	3.67145	13.811	31.8365
1399852671.340	n	11.9669	3.67144	13.792	31.8359
1399852671.403	n	11.9675	3.67143	13.773	31.8354
1399852671.467	n	11.9681	3.67142	13.751	31.8348
1399852671.530	n	11.9687	3.67142	13.727	31.8343
1399852671.590	y	11.9693	3.67143	13.708	31.8338
1399852671.653	n	11.9700	3.67143	13.686	31.8332
1399852671.715	n	11.9706	3.67143	13.665	31.8327
1399852671.779	n	11.9712	3.67142	13.644	31.8321
1399852671.840	n	11.9718	3.67141	13.625	31.8315
1399852671.902	n	11.9724	3.67139	13.607	31.8309
1399852671.966	n	11.9730	3.67139	13.583	31.8303
1399852672.030	n	11.9735	3.67138	13.561	31.8298
1399852672.091	n	11.9741	3.67139	13.542	31.8294
1399852672.153	n	11.9747	3.67140	13.519	31.8290
1399852672.215	n	11.9752	3.67140	13.497	31.8285
1399852672.278	n	11.9758	3.67139	13.474	31.8280
1399852672.340	n	11.9764	3.67138	13.452	31.8275
1399852672.402	n	11.9769	3.67137	13.429	31.8269
1399852672.466	n	11.9775	3.67136	13.410	31.8263
1399852672.530	n	11.9780	3.67135	13.389	31.8258
1399852672.592	n	11.9786	3.67135	13.366	31.8252
1399852672.653	n	11.9791	3.67135	13.343	31.8248
1399852672.715	n	11.9796	3.67135	13.323	31.8244
1399852672.778	n	11.9801	3.67135	13.300	31.8239
1399852672.840	n	11.9807	3.67134	13.279	31.8235
1399852672.903	n	11.9811	3.67133	13.258	31.8230
1399852672.966	n	11.9816	3.67133	13.235	31.8225
1399852673.027	n	11.9821	3.67134	13.216	31.8222
1399852673.202	y	11.9825	3.67134	13.192	31.8219
1399852673.208	n	11.9829	3.67134	13.171	31.8215
1399852673.216	n	11.9833	3.67133	13.153	31.8212
1399852673.278	n	11.9836	3.67132	13.131	31.8208
1399852673.341	n	11.9840	3.67131	13.104	31.8204
1399852673.404	n	11.9843	3.67130	13.080	31.8201
1399852673.467	n	11.9845	3.67130	13.064	31.8198
1399852673.530	n	11.9847	3.67130	13.043	31.8197
1399852673.590	n	11.9849	3.67130	13.021	31.8196
1399852673.653	n	11.9850	3.67130	12.996	31.8194
1399852673.717	n	11.9852	3.67129	12.975	31.8192
1399852673.777	n	11.9853	3.67128	12.954	31.8190
1399852673.841	n	11.9854	3.67127	12.934	31.8189
1399852673.904	n	11.9854	3.67127	12.911	31.8189
1399852673.966	n	11.9854	3.67127	12.892	31.8190
1399852674.029	n	11.9852	3.67128	12.868	31.8191
1399852674.090	n	11.9851	3.67128	12.847	31.8193
1399852674.153	n	11.9848	3.67127	12.825	31.8194
1399852674.217	n	11.9846	3.67127	12.803	31.8196
1399852674.279	n	11.9843	3.67125	12.786	31.8197
1399852674.340	n	11.9840	3.67124	12.762	31.8199
1399852674.404	n	11.9837	3.67124	12.740	31.8201
1399852674.551	y	11.9833	3.67123	12.718	31.8204
1399852674.558	n	11.9829	3.67123	12.698	31.8207
1399852674.590	n	11.9826	3.67123	12.678	31.8209
1399852674.653	n	11.9823	3.67122	12.656	31.8211
1399852674.716	n	11.9820	3.67121	12.635	31.8212
1399852674.778	n	11.9818	3.67120	12.613	31.8214
1399852674.840	n	11.9815	3.67120	12.596	31.8216
1399852674.902	n	11.9814	3.67119	12.573	31.8217
1399852674.967	n	11.9813	3.67119	12.550	31.8218
1399852675.029	n	11.9812	3.67119	12.528	31.8218
1399852675.091	n	11.9813	3.67119	12.508	31.8218
1399852675.153	n	11.9813	3.67120	12.489	31.8218
1399852675.216	n	11.9814	3.67119	12.469	31.8217
1399852675.294	y	11.9816	3.67119	12.447	31.8215
1399852675.341	n	11.9818	3.67119	12.429	31.8213
1399852675.403	n	11.9821	3.67118	12.408	31.8210
1399852675.465	n	11.9824	3.67118	12.386	31.8207
1399852675.531	n	11.9828	3.67117	12.368	31.8203
1399852675.592	n	11.9832	3.67116	12.346	31.8199
1399852675.653	n	11.9836	3.67116	12.327	31.8196
1399852675.716	n	11.9841	3.67116	12.308	31.8192
1399852675.779	n	11.9846	3.67116	12.281	31.8187
1399852675.840	n	11.9851	3.67115	12.261	31.8183
1399852675.903	n	11.9856	3.67115	12.242	31.8178
1399852675.966	n	11.9861	3.67115	12.220	31.8173
1399852676.031	n	11.9866	3.67114	12.203	31.8169
1399852676.091	n	11.9872	3.67115	12.181	31.8164
1399852676.153	n	11.9878	3.67115	12.161	31.8160
1399852676.215	n	11.9883	3.67115	12.140	31.8156
1399852676.279	n	11.9888	3.67116	12.119	31.8152
1399852676.341	n	11.9893	3.67115	12.096	31.8148
1399852676.403	n	11.9899	3.67115	12.078	31.8143
1399852676.465	n	11.9905	3.67115	12.055	31.8138
1399852676.531	n	11.9911	3.67115	12.038	31.8133
1399852676.592	n	11.9917	3.67114	12.017	31.8127
1399852676.654	n	11.9922	3.67114	11.997	31.8122
1399852676.716	n	11.9927	3.67112	11.975	31.8116
1399852676.779	n	11.9933	3.67112	11.953	31.8111
1399852676.840	n	11.9938	3.67112	11.932	31.8107
1399852676.902	n	11.9944	3.67113	11.911	31.8102
1399852676.966	n	11.9950	3.67113	11.890	31.8097
1399852677.031	n	11.9956	3.67113	11.869	31.8092
1399852677.090	n	11.9962	3.67113	11.850	31.8087
1399852677.153	n	11.9968	3.67113	11.828	31.8082
1399852677.217	n	11.9975	3.67114	11.808	31.8077
1399852677.277	n	11.9982	3.67115	11.785	31.8072
1399852677.445	y	11.9989	3.67115	11.765	31.8066
1399852677.451	n	11.9997	3.67115	11.745	31.8060
1399852677.466	n	12.0005	3.67113	11.727	31.8052
1399852677.531	n	12.0012	3.67112	11.704	31.8044
1399852677.592	n	12.0021	3.67110	11.680	31.8035
1399852677.654	n	12.0030	3.67111	11.660	31.8028
1399852677.716	n	12.0039	3.67111	11.640	31.8020
1399852677.779	n	12.0050	3.67112	11.620	31.8012
1399852677.841	n	12.0060	3.67112	11.600	31.8004
1399852677.903	n	12.0071	3.67112	11.578	31.7994
1399852677.967	n	12.0083	3.67111	11.558	31.7984
1399852678.031	n	12.0095	3.67111	11.537	31.7973
1399852678.090	n	12.0107	3.67110	11.519	31.7962
1399852678.153	n	12.0121	3.67109	11.494	31.7950
1399852678.217	n	12.0134	3.67110	11.472	31.7939
1399852678.279	n	12.0149	3.67110	11.451	31.7926
1399852678.340	n	12.0164	3.67110	11.431	31.7914
1399852678.402	n	12.0178	3.67111	11.409	31.7903
1399852678.466	n	12.0193	3.67112	11.386	31.7891
1399852678.531	n	12.0208	3.67113	11.370	31.7880
1399852678.590	n	12.0223	3.67113	11.351	31.7867
1399852678.653	n	12.0238	3.67113	11.327	31.7854
1399852678.716	n	12.0254	3.67111	11.309	31.7839
1399852678.779	n	12.0270	3.67112	11.287	31.7826
1399852678.840	n	12.0286	3.67112	11.265	31.7812
1399852678.902	n	12.0303	3.67113	11.245	31.7799
1399852678.990	y	12.0319	3.67113	11.223	31.7786
1399852679.034	n	12.0336	3.67113	11.206	31.7771
1399852679.090	n	12.0352	3.67112	11.186	31.7756
1399852679.153	n	12.0368	3.67112	11.165	31.7743
1399852679.216	n	12.0384	3.67112	11.143	31.7729
1399852679.277	n	12.0401	3.67113	11.120	31.7717
1399852679.341	n	12.0417	3.67114	11.100	31.7704
1399852679.404	n	12.0433	3.67113	11.082	31.7690
1399852679.466	n	12.0449	3.67113	11.058	31.7676
1399852679.531	n	12.0465	3.67113	11.037	31.7662
1399852679.590	n	12.0481	3.67114	11.018	31.7649
1399852679.654	n	12.0496	3.67114	10.996	31.7636
1399852679.716	n	12.0512	3.67114	10.977	31.7624
1399852679.778	n	12.0527	3.67114	10.957	31.7610
1399852679.840	n	12.0543	3.67115	10.937	31.7598
1399852679.902	n	12.0557	3.67115	10.917	31.7586
1399852679.966	n	12.0572	3.67116	10.897	31.7574
1399852680.031	n	12.0587	3.67116	10.876	31.7562
1399852680.090	n	12.0601	3.67116	10.854	31.7550
1399852680.153	n	12.0616	3.67115	10.838	31.7537
1399852680.216	n	12.0630	3.67115	10.813	31.7525
1399852680.278	n	12.0644	3.67115	10.791	31.7513
1399852680.341	n	12.0657	3.67115	10.775	31.7502
1399852680.403	n	12.0671	3.67116	10.752	31.7491
1399852680.466	n	12.0684	3.67115	10.733	31.7480
1399852680.527	n	12.0697	3.67115	10.714	31.7468
1399852680.593	n	12.0711	3.67115	10.695	31.7456
1399852680.654	n	12.0724	3.67115	10.674	31.7446
1399852680.717	n	12.0737	3.67116	10.652	31.7435
1399852680.779	n	12.0750	3.67117	10.632	31.7426
1399852680.842	n	12.0762	3.67118	10.613	31.7416
1399852680.903	n	12.0773	3.67118	10.594	31.7406
1399852680.967	n	12.0785	3.67118	10.570	31.7397
1399852681.030	n	12.0797	3.67118	10.550	31.7387
1399852681.091	n	12.0808	3.67118	10.528	31.7377
1399852681.154	n	12.0820	3.67117	10.505	31.7367
1399852681.216	n	12.0831	3.67117	10.486	31.7357
1399852681.278	n	12.0841	3.67117	10.468	31.7349
1399852681.341	n	12.0851	3.67118	10.442	31.7341
1399852681.403	n	12.0860	3.67118	10.422	31.7334
1399852681.467	n	12.0869	3.67118	10.402	31.7326
1399852681.530	n	12.0878	3.67118	10.382	31.7318
1399852681.668	y	12.0887	3.67117	10.358	31.7310
1399852681.673	n	12.0896	3.67117	10.340	31.7302
1399852681.716	n	12.0905	3.67116	10.318	31.7294
1399852681.780	n	12.0913	3.67116	10.296	31.7287
1399852681.841	n	12.0921	3.67116	10.276	31.7280
1399852681.903	n	12.0929	3.67115	10.257	31.7273
1399852681.966	n	12.0937	3.67115	10.235	31.7266
1399852682.030	n	12.0945	3.67116	10.215	31.7261
1399852682.091	n	12.0953	3.67117	10.193	31.7255
1399852682.153	n	12.0960	3.67117	10.170	31.7249
1399852682.216	n	12.0967	3.67118	10.148	31.7244
1399852682.278	n	12.0974	3.67118	10.130	31.7238
1399852682.341	n	12.0981	3.67118	10.107	31.7232
1399852682.404	n	12.0987	3.67118	10.085	31.7226
1399852682.466	n	12.0995	3.67117	10.061	31.7219
1399852682.529	n	12.1002	3.67117	10.040	31.7213
1399852682.591	y	12.1010	3.67116	10.017	31.7206
1399852682.664	n	12.1017	3.67115	9.994	31.7199
1399852682.717	n	12.1024	3.67116	9.974	31.7194
1399852682.777	n	12.1032	3.67117	9.950	31.7188
1399852682.841	n	12.1040	3.67116	9.931	31.7181
1399852682.903	n	12.1048	3.67116	9.912	31.7175
1399852682.965	n	12.1055	3.67116	9.890	31.7168
1399852683.028	n	12.1063	3.67116	9.868	31.7162
1399852683.091	n	12.1070	3.67116	9.847	31.7155
1399852683.153	n	12.1079	3.67116	9.823	31.7149
1399852683.217	n	12.1087	3.67116	9.804	31.7142
1399852683.279	n	12.1095	3.67117	9.782	31.7135
1399852683.341	n	12.1103	3.67118	9.759	31.7130
1399852683.404	n	12.1110	3.67118	9.738	31.7124
1399852683.467	n	12.1118	3.67118	9.719	31.7118
1399852683.530	n	12.1125	3.67118	9.698	31.7112
1399852683.592	n	12.1132	3.67117	9.675	31.7104
1399852683.653	n	12.1139	3.67116	9.653	31.7097
1399852683.718	n	12.1147	3.67116	9.634	31.7091
1399852683.779	n	12.1154	3.67117	9.617	31.7086
1399852683.840	n	12.1162	3.67117	9.592	31.7080
1399852683.903	n	12.1169	3.67118	9.571	31.7075
1399852683.967	n	12.1177	3.67118	9.547	31.7068
1399852684.037	n	12.1184	3.67118	9.528	31.7062
1399852684.092	n	12.1192	3.67118	9.506	31.7056
1399852684.153	n	12.1199	3.67118	9.487	31.7049
1399852684.216	n	12.1207	3.67118	9.464	31.7043
1399852684.278	n	12.1214	3.67118	9.444	31.7037
1399852684.341	n	12.1222	3.67118	9.423	31.7030
1399852684.403	n	12.1229	3.67118	9.400	31.7024
1399852684.466	n	12.1236	3.67118	9.380	31.7018
1399852684.529	n	12.1243	3.67119	9.359	31.7014
1399852684.592	n	12.1249	3.67120	9.340	31.7009
1399852684.654	n	12.1255	3.67120	9.317	31.7005
1399852684.717	n	12.1261	3.67120	9.298	31.7000
1399852684.780	n	12.1267	3.67119	9.273	31.6994
1399852684.840	n	12.1273	3.67118	9.252	31.6988
1399852684.902	n	12.1279	3.67118	9.234	31.6983
1399852684.965	n	12.1285	3.67118	9.215	31.6977
1399852685.035	n	12.1292	3.67119	9.195	31.6973
1399852685.090	n	12.1298	3.67119	9.169	31.6968
1399852685.153	n	12.1302	3.67119	9.151	31.6964
1399852685.217	n	12.1307	3.67119	9.129	31.6961
1399852685.278	n	12.1311	3.67119	9.109	31.6957
1399852685.341	n	12.1315	3.67119	9.087	31.6954
1399852685.403	n	12.1319	3.67120	9.065	31.6951
1399852685.466	n	12.1323	3.67120	9.047	31.6948
1399852685.530	n	12.1326	3.67120	9.025	31.6945
1399852685.592	n	12.1330	3.67120	9.001	31.6943
1399852685.654	n	12.1332	3.67120	8.982	31.6940
1399852685.717	n	12.1334	3.67121	8.961	31.6939
1399852685.779	n	12.1336	3.67120	8.939	31.6938
1399852685.994	y	12.1337	3.67121	8.921	31.6937
1399852686.000	n	12.1338	3.67121	8.900	31.6937
1399852686.005	n	12.1338	3.67120	8.880	31.6936
1399852686.029	n	12.1339	3.67119	8.856	31.6935
1399852686.090	n	12.1339	3.67118	8.838	31.6934
1399852686.152	n	12.1340	3.67118	8.815	31.6932
1399852686.259	y	12.1342	3.67118	8.793	31.6931
1399852686.279	n	12.1344	3.67119	8.774	31.6930
1399852686.341	n	12.1348	3.67119	8.752	31.6927
1399852686.403	n	12.1351	3.67119	8.733	31.6925
1399852686.466	n	12.1356	3.67119	8.712	31.6920
1399852686.529	n	12.1362	3.67119	8.691	31.6916
1399852686.592	n	12.1369	3.67120	8.673	31.6911
1399852686.654	n	12.1378	3.67120	8.654	31.6903
1399852686.716	n	12.1389	3.67120	8.630	31.6895
1399852686.780	n	12.1401	3.67120	8.605	31.6884
1399852686.841	n	12.1414	3.67120	8.588	31.6873
1399852686.903	n	12.1428	3.67121	8.567	31.6862
1399852686.965	n	12.1443	3.67122	8.547	31.6850
1399852687.029	n	12.1459	3.67123	8.529	31.6838
1399852687.090	n	12.1476	3.67124	8.508	31.6825
1399852687.153	n	12.1493	3.67125	8.486	31.6811
1399852687.216	n	12.1512	3.67126	8.466	31.6796
1399852687.278	n	12.1531	3.67125	8.444	31.6780
1399852687.340	n	12.1550	3.67125	8.424	31.6763
1399852687.403	n	12.1570	3.67125	8.402	31.6746
1399852687.466	n	12.1589	3.67126	8.382	31.6730
1399852687.528	n	12.1610	3.67127	8.363	31.6715
1399852687.591	n	12.1630	3.67129	8.342	31.6699
1399852687.654	n	12.1650	3.67130	8.322	31.6683
1399852687.717	n	12.1670	3.67130	8.302	31.6667
1399852687.780	n	12.1690	3.67129	8.282	31.6650
1399852687.840	n	12.1709	3.67129	8.259	31.6633
1399852687.903	n	12.1727	3.67128	8.239	31.6617
1399852687.968	n	12.1745	3.67130	8.221	31.6603
1399852688.028	n	12.1764	3.67133	8.198	31.6590
1399852688.091	n	12.1782	3.67136	8.180	31.6578
1399852688.154	n	12.1800	3.67137	8.160	31.6564
1399852688.215	n	12.1819	3.67137	8.136	31.6548
1399852688.279	n	12.1836	3.67136	8.119	31.6532
1399852688.341	n	12.1854	3.67135	8.099	31.6517
1399852688.404	n	12.1872	3.67136	8.076	31.6502
1399852688.467	n	12.1891	3.67136	8.055	31.6487
1399852688.531	n	12.1909	3.67138	8.034	31.6472
1399852688.592	n	12.1927	3.67138	8.014	31.6458
1399852688.654	n	12.1945	3.67139	7.994	31.6443
1399852688.717	n	12.1963	3.67138	7.969	31.6428
1399852688.778	n	12.1981	3.67138	7.946	31.6412
1399852688.842	n	12.2000	3.67137	7.927	31.6396
1399852688.904	n	12.2020	3.67138	7.907	31.6380
1399852688.967	n	12.2041	3.67140	7.886	31.6364
1399852689.029	n	12.2063	3.67142	7.865	31.6348
1399852689.090	n	12.2086	3.67144	7.845	31.6330
1399852689.154	n	12.2110	3.67144	7.825	31.6310
1399852689.215	n	12.2136	3.67143	7.804	31.6287
1399852689.279	n	12.2164	3.67143	7.783	31.6263
1399852689.341	n	12.2194	3.67143	7.763	31.6239
1399852689.403	n	12.2225	3.67145	7.743	31.6214
1399852689.466	n	12.2258	3.67147	7.723	31.6188
1399852689.530	n	12.2292	3.67149	7.703	31.6161
1399852689.591	n	12.2328	3.67150	7.682	31.6132
1399852689.654	n	12.2363	3.67151	7.662	31.6103
1399852689.716	n	12.2398	3.67151	7.643	31.6074
1399852689.779	n	12.2433	3.67152	7.627	31.6045
1399852689.841	n	12.2469	3.67152	7.605	31.6016
1399852689.980	y	12.2505	3.67153	7.582	31.5986
1399852689.985	n	12.2542	3.67155	7.563	31.5956
1399852690.028	n	12.2580	3.67156	7.543	31.5925
1399852690.242	y	12.2618	3.67157	7.526	31.5894
1399852690.251	n	12.2656	3.67158	7.508	31.5863
1399852690.256	n	12.2695	3.67158	7.489	31.5831
1399852690.279	n	12.2735	3.67159	7.470	31.5799
1399852690.342	n	12.2774	3.67161	7.452	31.5767
1399852690.404	n	12.2813	3.67162	7.433	31.5735
1399852690.466	n	12.2852	3.67162	7.417	31.5702
1399852690.528	n	12.2891	3.67162	7.396	31.5670
1399852690.591	n	12.2931	3.67163	7.379	31.5637
1399852690.653	n	12.2971	3.67165	7.355	31.5605
1399852690.717	n	12.3011	3.67167	7.341	31.5573
1399852690.779	n	12.3050	3.67168	7.323	31.5542
1399852690.841	n	12.3088	3.67170	7.303	31.5512
1399852690.903	n	12.3124	3.67172	7.283	31.5483
1399852690.966	n	12.3158	3.67173	7.265	31.5456
1399852691.029	n	12.3191	3.67175	7.247	31.5430
1399852691.090	n	12.3222	3.67175	7.231	31.5404
1399852691.153	n	12.3252	3.67177	7.210	31.5381
1399852691.216	n	12.3280	3.67178	7.194	31.5359
1399852691.280	n	12.3305	3.67179	7.178	31.5338
1399852691.340	n	12.3328	3.67179	7.156	31.5319
1399852691.403	n	12.3348	3.67179	7.139	31.5302
1399852691.466	n	12.3367	3.67179	7.120	31.5286
1399852691.531	n	12.3385	3.67180	7.099	31.5272
1399852691.590	n	12.3402	3.67181	7.082	31.5260
1399852691.654	n	12.3418	3.67183	7.064	31.5247
1399852691.717	n	12.3434	3.67183	7.047	31.5235
1399852691.780	n	12.3449	3.67184	7.027	31.5223
1399852691.841	n	12.3463	3.67185	7.006	31.5212
1399852691.903	n	12.3474	3.67185	6.987	31.5202
1399852691.966	n	12.3484	3.67185	6.969	31.5194
1399852692.031	n	12.3492	3.67184	6.950	31.5187
1399852692.092	n	12.3497	3.67185	6.937	31.5183
1399852692.154	n	12.3501	3.67185	6.915	31.5181
1399852692.217	n	12.3502	3.67185	6.894	31.5179
1399852692.279	n	12.3500	3.67184	6.873	31.5180
1399852692.341	n	12.3495	3.67182	6.852	31.5183
1399852692.404	n	12.3486	3.67181	6.832	31.5190
1399852692.467	n	12.3475	3.67182	6.814	31.5200
1399852692.531	n	12.3461	3.67182	6.793	31.5212
1399852692.592	n	12.3445	3.67183	6.771	31.5226
1399852692.653	n	12.3429	3.67183	6.752	31.5240
1399852692.717	n	12.3414	3.67183	6.733	31.5252
1399852692.780	n	12.3405	3.67182	6.711	31.5259
1399852692.841	n	12.3405	3.67182	6.692	31.5260
1399852692.905	n	12.3415	3.67183	6.671	31.5252
1399852692.965	n	12.3435	3.67183	6.651	31.5235
1399852693.033	n	12.3463	3.67184	6.631	31.5212
1399852693.090	n	12.3497	3.67184	6.607	31.5184
1399852693.153	n	12.3532	3.67185	6.589	31.5155
1399852693.216	n	12.3569	3.67185	6.569	31.5125
1399852693.280	n	12.3604	3.67187	6.548	31.5097
1399852693.340	n	12.3639	3.67189	6.527	31.5070
1399852693.403	n	12.3672	3.67190	6.507	31.5043
1399852693.466	n	12.3706	3.67192	6.483	31.5017
1399852693.528	n	12.3740	3.67195	6.461	31.4991
1399852693.591	y	12.3774	3.67196	6.445	31.4964
1399852693.653	n	12.3809	3.67196	6.425	31.4935
1399852693.716	n	12.3843	3.67197	6.403	31.4907
1399852693.778	n	12.3878	3.67197	6.380	31.4877
1399852693.843	n	12.3914	3.67196	6.361	31.4847
1399852693.903	n	12.3949	3.67197	6.338	31.4818
1399852693.967	n	12.3984	3.67198	6.316	31.4789
1399852694.032	n	12.4019	3.67199	6.296	31.4762
1399852694.090	n	12.4054	3.67201	6.272	31.4734
1399852694.153	n	12.4089	3.67202	6.252	31.4707
1399852694.215	n	12.4123	3.67204	6.226	31.4679
1399852694.280	n	12.4157	3.67205	6.208	31.4652
1399852694.472	y	12.4189	3.67205	6.189	31.4625
1399852694.479	n	12.4221	3.67206	6.165	31.4600
1399852694.484	n	12.4250	3.67207	6.141	31.4576
1399852694.530	n	12.4277	3.67208	6.119	31.4555
1399852694.592	n	12.4300	3.67209	6.099	31.4536
1399852694.654	n	12.4322	3.67210	6.077	31.4520
1399852694.717	n	12.4340	3.67210	6.055	31.4504
1399852694.777	n	12.4358	3.67212	6.033	31.4490
1399852694.842	n	12.4376	3.67212	6.010	31.4476
1399852694.903	n	12.4392	3.67212	5.986	31.4463
1399852694.966	n	12.4409	3.67213	5.966	31.4449
1399852695.028	n	12.4426	3.67214	5.943	31.4436
1399852695.091	n	12.4443	3.67214	5.922	31.4423
1399852695.154	n	12.4460	3.67215	5.900	31.4409
1399852695.215	n	12.4477	3.67216	5.879	31.4396
1399852695.279	n	12.4493	3.67216	5.854	31.4383
1399852695.341	n	12.4508	3.67217	5.831	31.4371
1399852695.404	n	12.4522	3.67218	5.807	31.4361
1399852695.465	n	12.4534	3.67218	5.788	31.4351
1399852695.529	n	12.4546	3.67217	5.766	31.4340
1399852695.590	n	12.4557	3.67217	5.746	31.4331
1399852695.653	n	12.4567	3.67218	5.725	31.4323
1399852695.716	n	12.4578	3.67218	5.702	31.4314
1399852695.778	n	12.4588	3.67220	5.682	31.4308
1399852695.841	n	12.4599	3.67222	5.664	31.4300
1399852695.904	n	12.4611	3.67223	5.643	31.4291
1399852695.967	n	12.4623	3.67223	5.621	31.4281
1399852696.030	n	12.4635	3.67224	5.601	31.4272
1399852696.092	n	12.4646	3.67223	5.585	31.4263
1399852696.153	y	12.4655	3.67224	5.565	31.4256
1399852696.217	n	12.4663	3.67225	5.544	31.4249
1399852696.278	n	12.4672	3.67226	5.527	31.4244
1399852696.341	n	12.4681	3.67227	5.508	31.4237
1399852696.403	n	12.4691	3.67227	5.487	31.4229
1399852696.466	n	12.4701	3.67227	5.472	31.4221
1399852696.530	n	12.4711	3.67227	5.454	31.4212
1399852696.591	n	12.4721	3.67226	5.433	31.4203
1399852696.653	n	12.4732	3.67227	5.416	31.4195
1399852696.716	n	12.4745	3.67228	5.396	31.4185
1399852696.779	n	12.4760	3.67230	5.380	31.4175
1399852696.840	n	12.4779	3.67232	5.365	31.4160
1399852696.903	n	12.4799	3.67233	5.344	31.4145
1399852696.967	n	12.4829	3.67244	5.325	31.4130
1399852697.029	n	12.4938	3.67295	5.308	31.4087
1399852697.090	n	12.5235	3.67591	5.291	31.4120
1399852697.191	y	12.5733	3.68130	5.273	31.4217
1399852697.217	n	12.6350	3.68797	5.260	31.4335
1399852697.279	n	12.6945	3.69426	5.242	31.4435
1399852697.341	n	12.7383	3.69864	5.225	31.4484
1399852697.404	n	12.7633	3.70032	5.205	31.4434
1399852697.467	n	12.7768	3.70107	5.191	31.4393
1399852697.530	n	12.7845	3.70145	5.174	31.4364
1399852697.592	n	12.7893	3.70163	5.152	31.4341
1399852697.654	n	12.7925	3.70167	5.140	31.4318
1399852697.717	n	12.7946	3.70161	5.122	31.4296
1399852697.780	n	12.7960	3.70154	5.106	31.4278
1399852697.841	n	12.7968	3.70149	5.093	31.4266
1399852697.903	n	12.7972	3.70146	5.073	31.4260
1399852697.967	n	12.7975	3.70143	5.054	31.4255
1399852698.030	n	12.7979	3.70141	5.034	31.4250
1399852698.092	n	12.7990	3.70137	5.018	31.4237
1399852698.154	n	12.8015	3.70126	5.003	31.4206
1399852698.217	n	12.8062	3.70106	4.988	31.4148
1399852698.279	n	12.8126	3.70081	4.967	31.4071
1399852698.340	n	12.8197	3.70050	4.950	31.3983
1399852698.403	n	12.8265	3.70015	4.933	31.3893
1399852698.467	n	12.8327	3.69988	4.917	31.3817
1399852698.530	n	12.8405	3.69975	4.896	31.3740
1399852698.757	y	12.8569	3.69955	4.880	31.3585
1399852698.763	n	12.8812	3.69934	4.864	31.3364
1399852698.770	n	12.9031	3.69924	4.848	31.3173
1399852698.778	n	12.9137	3.69924	4.826	31.3086
1399852698.841	n	12.9092	3.69941	4.808	31.3139
1399852698.903	n	12.8962	3.69971	4.793	31.3275
1399852698.967	n	12.8890	3.69983	4.777	31.3346
1399852699.030	n	12.8947	3.69968	4.754	31.3284
1399852699.091	n	12.9146	3.69913	4.739	31.3069
1399852699.154	n	12.9441	3.69826	4.724	31.2742
1399852699.216	n	12.9762	3.69724	4.707	31.2381
1399852699.279	n	13.0064	3.69633	4.694	31.2047
1399852699.341	n	13.0295	3.69572	4.678	31.1800
1399852699.404	n	13.0419	3.69547	4.660	31.1675
1399852699.465	n	13.0480	3.69535	4.645	31.1614
1399852699.532	n	13.0522	3.69528	4.628	31.1573
1399852699.591	n	13.0557	3.69523	4.615	31.1539
1399852699.653	n	13.0581	3.69529	4.600	31.1525
1399852699.716	n	13.0581	3.69547	4.583	31.1542
1399852699.779	n	13.0540	3.69566	4.568	31.1594
1399852699.841	n	13.0483	3.69576	4.552	31.1650
1399852699.904	n	13.0436	3.69569	4.534	31.1682
1399852699.967	n	13.0412	3.69550	4.517	31.1684
1399852700.028	n	13.0415	3.69527	4.499	31.1660
1399852700.092	n	13.0462	3.69504	4.483	31.1600
1399852700.154	n	13.0546	3.69483	4.466	31.1511
1399852700.215	n	13.0661	3.69459	4.453	31.1395
1399852700.279	n	13.0782	3.69437	4.434	31.1274
1399852700.342	n	13.0883	3.69425	4.416	31.1181
1399852700.404	n	13.0944	3.69426	4.401	31.1132
1399852700.467	n	13.0986	3.69432	4.383	31.1103
1399852700.530	n	13.1068	3.69416	4.367	31.1021
1399852700.592	n	13.1234	3.69362	4.347	31.0834
1399852700.655	n	13.1474	3.69288	4.330	31.0569
1399852700.719	n	13.1729	3.69219	4.312	31.0296
1399852700.779	n	13.1914	3.69172	4.294	31.0101
1399852700.842	y	13.1993	3.69154	4.274	31.0020
1399852700.904	n	13.1999	3.69151	4.259	31.0013
1399852700.966	n	13.1971	3.69155	4.238	31.0040
1399852701.028	n	13.1927	3.69164	4.221	31.0083
1399852701.091	n	13.1879	3.69175	4.202	31.0133
1399852701.154	n	13.1834	3.69187	4.181	31.0182
1399852701.215	n	13.1818	3.69189	4.164	31.0197
1399852701.280	n	13.1862	3.69172	4.149	31.0144
1399852701.342	n	13.1956	3.69147	4.130	31.0045
1399852701.403	n	13.2062	3.69119	4.109	30.9933
1399852701.466	n	13.2151	3.69097	4.090	30.9839
1399852701.530	n	13.2218	3.69090	4.073	30.9779
1399852701.591	n	13.2261	3.69095	4.051	30.9747
1399852701.653	n	13.2290	3.69099	4.034	30.9728
1399852701.716	n	13.2307	3.69104	4.018	30.9718
1399852701.779	n	13.2307	3.69110	3.995	30.9724
1399852701.841	n	13.2291	3.69118	3.974	30.9745
1399852701.903	n	13.2274	3.69125	3.961	30.9765
1399852701.966	n	13.2262	3.69127	3.939	30.9778
1399852702.029	n	13.2243	3.69125	3.919	30.9791
1399852702.091	n	13.2223	3.69119	3.900	30.9802
1399852702.153	n	13.2215	3.69110	3.881	30.9800
1399852702.215	n	13.2229	3.69098	3.860	30.9777
1399852702.278	n	13.2267	3.69086	3.843	30.9735
1399852702.340	n	13.2316	3.69076	3.826	30.9686
1399852702.403	n	13.2362	3.69066	3.810	30.9639
1399852702.466	n	13.2404	3.69054	3.787	30.9594
1399852702.530	n	13.2448	3.69043	3.768	30.9548
1399852702.591	n	13.2486	3.69038	3.751	30.9513
1399852702.654	n	13.2501	3.69042	3.732	30.9503
1399852702.717	n	13.2499	3.69049	3.716	30.9512
1399852702.780	n	13.2497	3.69049	3.698	30.9514
1399852702.957	y	13.2510	3.69041	3.678	30.9497
1399852702.966	n	13.2538	3.69033	3.661	30.9466
1399852702.973	n	13.2556	3.69035	3.645	30.9453
1399852703.029	n	13.2547	3.69045	3.626	30.9470
1399852703.090	n	13.2520	3.69057	3.607	30.9503
1399852703.153	n	13.2485	3.69065	3.589	30.9539
1399852703.217	n	13.2458	3.69070	3.571	30.9566
1399852703.278	n	13.2448	3.69069	3.555	30.9573
1399852703.340	n	13.2443	3.69068	3.530	30.9576
1399852703.404	n	13.2425	3.69073	3.510	30.9596
1399852703.466	n	13.2390	3.69086	3.489	30.9636
1399852703.529	n	13.2349	3.69095	3.470	30.9679
1399852703.590	n	13.2317	3.69096	3.450	30.9705
1399852703.653	n	13.2313	3.69085	3.428	30.9698
1399852703.717	n	13.2344	3.69065	3.403	30.9655
1399852703.778	n	13.2391	3.69048	3.380	30.9600
1399852703.842	n	13.2439	3.69042	3.354	30.9556
1399852703.904	n	13.2482	3.69039	3.332	30.9519
1399852703.965	n	13.2517	3.69036	3.309	30.9487
1399852704.029	n	13.2543	3.69030	3.283	30.9461
1399852704.091	n	13.2559	3.69025	3.259	30.9443
1399852704.153	n	13.2562	3.69024	3.235	30.9439
1399852704.216	n	13.2556	3.69023	3.212	30.9444
1399852704.278	n	13.2545	3.69024	3.191	30.9454
1399852704.340	n	13.2535	3.69028	3.165	30.9466
1399852704.403	n	13.2530	3.69029	3.141	30.9470
1399852704.466	n	13.2531	3.69028	3.118	30.9469
1399852704.529	n	13.2541	3.69026	3.096	30.9459
1399852704.619	y	13.2566	3.69016	3.076	30.9430
1399852704.653	n	13.2605	3.69004	3.053	30.9387
1399852704.717	n	13.2643	3.68997	3.031	30.9350
1399852704.779	n	13.2669	3.68993	3.009	30.9324
1399852704.840	n	13.2674	3.68992	2.988	30.9320
1399852704.904	n	13.2659	3.68995	2.973	30.9334
1399852704.966	n	13.2638	3.68998	2.950	30.9355
1399852705.029	n	13.2618	3.69001	2.933	30.9374
1399852705.092	n	13.2603	3.69004	2.915	30.9389
1399852705.153	n	13.2590	3.69002	2.900	30.9397
1399852705.217	n	13.2575	3.68993	2.881	30.9401
1399852705.279	n	13.2557	3.68982	2.865	30.9406
1399852705.342	n	13.2539	3.68970	2.849	30.9409
1399852705.450	y	13.2523	3.68958	2.834	30.9411
1399852705.465	n	13.2510	3.68949	2.822	30.9414
1399852705.531	n	13.2499	3.68942	2.810	30.9416
1399852705.592	n	13.2488	3.68938	2.796	30.9422
1399852705.654	n	13.2476	3.68938	2.783	30.9431
1399852705.715	n	13.2469	3.68937	2.772	30.9436
1399852705.780	n	13.2468	3.68937	2.760	30.9436
1399852705.841	n	13.2472	3.68936	2.747	30.9433
1399852705.903	n	13.2479	3.68935	2.735	30.9426
1399852705.967	n	13.2486	3.68935	2.722	30.9420
1399852706.028	n	13.2491	3.68938	2.710	30.9419
1399852706.092	n	13.2495	3.68942	2.697	30.9419
1399852706.154	n	13.2502	3.68947	2.681	30.9419
1399852706.216	n	13.2517	3.68954	2.670	30.9414
1399852706.279	n	13.2543	3.68960	2.661	30.9398
1399852706.341	n	13.2578	3.68958	2.647	30.9368
1399852706.403	n	13.2622	3.68948	2.633	30.9322
1399852706.468	n	13.2673	3.68931	2.620	30.9265
1399852706.531	n	13.2725	3.68912	2.603	30.9205
1399852706.591	n	13.2769	3.68899	2.589	30.9158
1399852706.653	n	13.2796	3.68898	2.575	30.9135
1399852706.717	n	13.2796	3.68910	2.554	30.9145
1399852706.779	n	13.2774	3.68930	2.537	30.9183
1399852706.842	n	13.2739	3.68954	2.519	30.9233
1399852706.904	n	13.2700	3.68975	2.502	30.9284
1399852706.965	n	13.2672	3.68987	2.483	30.9318
1399852707.030	n	13.2683	3.68975	2.463	30.9298
1399852707.173	y	13.2745	3.68944	2.444	30.9220
1399852707.178	n	13.2846	3.68905	2.426	30.9101
1399852707.216	n	13.2958	3.68870	2.407	30.8977
1399852707.280	n	13.3045	3.68850	2.388	30.8888
1399852707.342	n	13.3098	3.68848	2.369	30.8843
1399852707.404	n	13.3131	3.68848	2.355	30.8817
1399852707.465	n	13.3153	3.68845	2.336	30.8797
1399852707.531	n	13.3169	3.68842	2.318	30.8781
1399852707.592	n	13.3177	3.68841	2.298	30.8773
1399852707.654	n	13.3176	3.68842	2.284	30.8775
1399852707.715	n	13.3176	3.68844	2.272	30.8777
1399852707.778	n	13.3181	3.68846	2.254	30.8775
1399852707.841	n	13.3190	3.68846	2.238	30.8768
1399852707.903	n	13.3201	3.68845	2.224	30.8758
1399852707.967	n	13.3212	3.68841	2.210	30.8746
1399852708.028	n	13.3221	3.68838	2.196	30.8735
1399852708.091	n	13.3227	3.68835	2.182	30.8728
1399852708.202	y	13.3232	3.68834	2.168	30.8723
1399852708.215	n	13.3240	3.68834	2.156	30.8717
1399852708.280	n	13.3252	3.68835	2.142	30.8708
1399852708.340	n	13.3265	3.68835	2.127	30.8697
1399852708.403	n	13.3269	3.68834	2.111	30.8693
1399852708.467	n	13.3261	3.68831	2.101	30.8697
1399852708.530	n	13.3240	3.68826	2.089	30.8709
1399852708.591	n	13.3213	3.68820	2.076	30.8726
1399852708.653	n	13.3184	3.68816	2.060	30.8745
1399852708.716	n	13.3157	3.68813	2.052	30.8764
1399852708.778	n	13.3133	3.68811	2.040	30.8782
1399852708.841	n	13.3112	3.68810	2.026	30.8799
1399852708.903	n	13.3095	3.68808	2.016	30.8810
1399852708.967	n	13.3083	3.68807	2.002	30.8820
1399852709.028	n	13.3078	3.68807	1.992	30.8824
1399852709.092	n	13.3081	3.68809	1.979	30.8823
1399852709.154	n	13.3091	3.68813	1.965	30.8818
1399852709.217	n	13.3106	3.68817	1.957	30.8809
1399852709.280	n	13.3125	3.68820	1.942	30.8797
1399852709.342	n	13.3144	3.68825	1.926	30.8786
1399852709.403	n	13.3163	3.68829	1.915	30.8775
1399852709.466	n	13.3184	3.68833	1.903	30.8761
1399852709.529	n	13.3208	3.68835	1.891	30.8744
1399852709.592	n	13.3231	3.68835	1.876	30.8726
1399852709.653	n	13.3254	3.68834	1.863	30.8707
1399852709.716	n	13.3272	3.68831	1.850	30.8689
1399852709.778	n	13.3282	3.68828	1.835	30.8677
1399852709.840	n	13.3289	3.68826	1.821	30.8671
1399852709.903	n	13.3291	3.68827	1.808	30.8670
1399852709.966	n	13.3288	3.68829	1.793	30.8675
1399852710.030	n	13.3282	3.68832	1.779	30.8682
1399852710.091	n	13.3282	3.68832	1.767	30.8682
1399852710.154	n	13.3291	3.68831	1.754	30.8674
1399852710.215	n	13.3309	3.68831	1.739	30.8659
1399852710.279	n	13.3333	3.68831	1.725	30.8640
1399852710.341	n	13.3355	3.68831	1.711	30.8622
1399852710.403	n	13.3370	3.68831	1.696	30.8611
1399852710.466	n	13.3379	3.68832	1.684	30.8604
1399852710.529	n	13.3385	3.68833	1.671	30.8600
1399852710.590	n	13.3387	3.68833	1.659	30.8599
1399852710.652	n	13.3387	3.68834	1.647	30.8600
1399852710.716	n	13.3386	3.68834	1.634	30.8601
1399852710.778	n	13.3384	3.68834	1.622	30.8601
1399852710.841	n	13.3383	3.68832	1.607	30.8601
1399852710.904	n	13.3381	3.68829	1.591	30.8599
1399852710.965	n	13.3380	3.68826	1.576	30.8598
1399852711.030	n	13.3379	3.68824	1.561	30.8597
1399852711.091	n	13.3377	3.68822	1.547	30.8597
1399852711.154	n	13.3375	3.68821	1.530	30.8598
1399852711.215	n	13.3374	3.68821	1.512	30.8598
1399852711.278	n	13.3375	3.68821	1.499	30.8597
1399852711.459	y	13.3378	3.68822	1.482	30.8596
1399852711.466	n	13.3382	3.68809	1.462	30.8581
1399852711.471	n	13.3387	3.68801	1.447	30.8569
1399852711.531	n	13.3391	3.68800	1.429	30.8565
1399852711.591	n	13.3392	3.68806	1.410	30.8570
1399852711.653	n	13.3392	3.68819	1.394	30.8583
1399852711.717	n	13.3391	3.68835	1.376	30.8599
1399852711.779	n	13.3390	3.68836	1.363	30.8599
1399852711.841	y	13.3390	3.68834	1.347	30.8598
1399852711.903	n	13.3389	3.68832	1.329	30.8597
1399852711.967	n	13.3389	3.68829	1.314	30.8594
1399852712.028	n	13.3388	3.68827	1.299	30.8593
1399852712.092	n	13.3388	3.68826	1.281	30.8592
1399852712.154	n	13.3387	3.68825	1.267	30.8593
1399852712.216	n	13.3385	3.68826	1.254	30.8595
1399852712.279	n	13.3382	3.68827	1.238	30.8598
1399852712.342	n	13.3378	3.68827	1.227	30.8601
1399852712.405	n	13.3374	3.68827	1.213	30.8605
1399852712.466	n	13.3371	3.68826	1.197	30.8607
1399852712.530	n	13.3368	3.68824	1.184	30.8607
1399852712.591	n	13.3368	3.68823	1.175	30.8606
1399852712.653	n	13.3373	3.68822	1.160	30.8601
1399852712.717	n	13.3382	3.68823	1.146	30.8594
1399852712.780	n	13.3392	3.68824	1.134	30.8588
1399852712.841	n	13.3397	3.68824	1.124	30.8583
1399852712.903	n	13.3396	3.68823	1.109	30.8583
1399852712.965	n	13.3391	3.68823	1.097	30.8588
1399852713.029	n	13.3385	3.68825	1.087	30.8595
1399852713.090	n	13.3382	3.68829	1.074	30.8601
1399852713.154	n	13.3381	3.68831	1.057	30.8604
1399852713.216	n	13.3378	3.68832	1.042	30.8606
1399852713.280	n	13.3375	3.68832	1.025	30.8610
1399852713.341	n	13.3372	3.68833	1.007	30.8614
1399852713.404	n	13.3368	3.68835	0.989	30.8618
1399852713.466	n	13.3367	3.68837	0.976	30.8622
1399852713.529	n	13.3368	3.68840	0.960	30.8623
1399852713.593	n	13.3371	3.68841	0.941	30.8621
1399852713.654	n	13.3376	3.68842	0.921	30.8618
1399852713.716	n	13.3381	3.68841	0.903	30.8613
1399852713.779	n	13.3386	3.68838	0.883	30.8607
1399852713.841	n	13.3389	3.68835	0.863	30.8601
1399852713.904	n	13.3392	3.68833	0.846	30.8597
1399852713.967	n	13.3394	3.68833	0.830	30.8596
1399852714.028	n	13.3396	3.68835	0.813	30.8596
1399852714.092	n	13.3397	3.68837	0.794	30.8597
1399852714.153	n	13.3394	3.68837	0.781	30.8600
1399852714.217	n	13.3386	3.68835	0.769	30.8605
1399852714.281	n	13.3375	3.68831	0.755	30.8610
1399852714.341	n	13.3365	3.68826	0.742	30.8613
1399852714.404	n	13.3358	3.68821	0.735	30.8614
1399852714.465	n	13.3354	3.68817	0.726	30.8614
1399852714.529	n	13.3349	3.68816	0.716	30.8616
1399852714.592	n	13.3322	3.68816	0.713	30.8639
1399852714.654	n	13.3256	3.68820	0.711	30.8695
1399852714.718	n	13.3169	3.68828	0.707	30.8774
1399852714.778	n	13.3095	3.68839	0.706	30.8845
1399852714.841	n	13.3055	3.68850	0.706	30.8887
1399852714.903	n	13.3054	3.68856	0.707	30.8893
1399852714.967	n	13.3075	3.68856	0.709	30.8876
1399852715.034	n	13.3092	3.68851	0.711	30.8858
1399852715.093	n	13.3100	3.68848	0.711	30.8848
1399852715.153	n	13.3111	3.68845	0.705	30.8837
1399852715.216	n	13.3134	3.68844	0.699	30.8817
1399852715.278	n	13.3170	3.68841	0.694	30.8785
1399852715.342	n	13.3220	3.68836	0.685	30.8740
1399852715.403	n	13.3278	3.68833	0.671	30.8690
1399852715.515	y	13.3325	3.58773	0.655	29.9315
1399852715.529	n	13.3334	3.19670	0.641	26.3393
1399852715.725	y	13.3283	2.57895	0.622	20.7950
1399852715.731	n	13.3172	1.88603	0.604	14.7741
1399852715.736	n	13.3008	1.30337	0.579	9.8960
1399852715.780	n	13.2825	0.96734	0.561	7.1760
1399852715.842	n	13.2663	0.85987	0.542	6.3246
1399852715.904	n	13.2549	0.78955	0.526	5.7724
1399852715.966	n	13.2490	0.73048	0.514	5.3111
1399852716.028	n	13.2474	0.68302	0.503	4.9423
