Source File: D:\Storage\Programs\OOI\Group 5\Correspondence\07_18_14 sample files\files\11314982.PPB
Processed: 07/18/2014 12:28:12
Using Version: 1.11
Device: CTD
Start Date: 05/11/2014
Timestamp (s)	Suspect Timestamp	Temperature	Conductivity	Pressure	Salinity
1399809436.685	y	12.1909	3.69927	20.774	31.9096
1399809436.747	n	12.1910	3.69921	20.771	31.9090
1399809436.811	n	12.1911	3.69931	20.771	31.9098
1399809436.873	n	12.1910	3.69927	20.774	31.9096
1399809436.936	n	12.1911	3.69921	20.771	31.9089
1399809436.996	n	12.1911	3.69931	20.760	31.9098
1399809437.059	n	12.1913	3.69931	20.761	31.9096
1399809437.124	n	12.1910	3.69928	20.771	31.9096
1399809437.186	n	12.1911	3.69929	20.767	31.9097
1399809437.249	n	12.1911	3.69930	20.765	31.9098
1399809437.312	n	12.1912	3.69930	20.760	31.9097
1399809437.374	n	12.1912	3.69930	20.761	31.9096
1399809437.435	n	12.1912	3.69930	20.752	31.9097
1399809437.500	n	12.1912	3.69930	20.748	31.9097
1399809437.560	n	12.1911	3.69930	20.746	31.9098
1399809437.625	n	12.1911	3.69931	20.744	31.9098
1399809437.687	n	12.1911	3.69931	20.735	31.9098
1399809437.752	n	12.1911	3.69931	20.732	31.9099
1399809437.810	n	12.1911	3.69932	20.730	31.9100
1399809437.875	n	12.1911	3.69933	20.722	31.9101
1399809437.936	n	12.1911	3.69933	20.719	31.9101
1399809437.999	n	12.1910	3.69933	20.712	31.9101
1399809438.062	n	12.1910	3.69933	20.703	31.9101
1399809438.124	n	12.1910	3.69933	20.701	31.9101
1399809438.185	n	12.1911	3.69933	20.696	31.9101
1399809439.780	n	12.1911	3.69934	20.686	31.9102
1399809439.815	n	12.1910	3.69933	20.683	31.9102
1399809439.838	n	12.1910	3.69933	20.677	31.9102
1399809439.860	n	12.1909	3.69934	20.668	31.9103
1399809439.868	n	12.1909	3.69934	20.662	31.9104
1399809439.875	n	12.1909	3.69935	20.657	31.9104
1399809439.882	n	12.1909	3.69935	20.653	31.9104
1399809439.889	n	12.1909	3.69934	20.644	31.9104
1399809439.896	n	12.1909	3.69934	20.635	31.9104
1399809439.903	n	12.1908	3.69933	20.628	31.9104
1399809439.909	n	12.1908	3.69933	20.624	31.9104
1399809439.916	n	12.1907	3.69934	20.613	31.9105
1399809439.923	n	12.1907	3.69935	20.606	31.9106
1399809439.929	n	12.1908	3.69935	20.599	31.9106
1399809439.934	n	12.1908	3.69935	20.592	31.9106
1399809439.941	n	12.1908	3.69935	20.584	31.9106
1399809439.947	n	12.1908	3.69935	20.578	31.9106
1399809439.953	n	12.1908	3.69936	20.572	31.9106
1399809439.959	n	12.1908	3.69936	20.565	31.9107
1399809439.965	n	12.1908	3.69936	20.559	31.9107
1399809439.970	n	12.1908	3.69936	20.552	31.9107
1399809439.976	n	12.1908	3.69936	20.546	31.9107
1399809439.982	n	12.1908	3.69936	20.541	31.9107
1399809439.988	n	12.1908	3.69936	20.533	31.9107
1399809439.999	n	12.1908	3.69936	20.531	31.9107
1399809440.007	n	12.1908	3.69936	20.525	31.9107
1399809440.014	n	12.1908	3.69936	20.515	31.9107
1399809440.023	n	12.1907	3.69936	20.512	31.9108
1399809440.032	n	12.1907	3.69936	20.510	31.9108
1399809440.062	n	12.1907	3.69936	20.505	31.9108
1399809440.123	n	12.1907	3.69937	20.499	31.9109
1399809440.187	n	12.1906	3.69938	20.491	31.9110
1399809440.248	n	12.1906	3.69937	20.491	31.9110
1399809440.313	n	12.1906	3.69937	20.490	31.9110
1399809440.375	n	12.1905	3.69937	20.489	31.9111
1399809440.437	n	12.1905	3.69937	20.483	31.9111
1399809440.499	n	12.1905	3.69937	20.480	31.9111
1399809440.562	n	12.1905	3.69938	20.479	31.9111
1399809440.624	n	12.1905	3.69939	20.478	31.9112
1399809440.686	n	12.1906	3.69938	20.479	31.9111
1399809440.748	n	12.1905	3.69938	20.479	31.9111
1399809440.825	n	12.1905	3.69939	20.477	31.9112
1399809440.875	n	12.1905	3.69939	20.477	31.9112
1399809440.937	n	12.1905	3.69939	20.476	31.9112
1399809441.000	n	12.1905	3.69939	20.480	31.9112
1399809441.063	n	12.1905	3.69939	20.482	31.9112
1399809441.124	n	12.1904	3.69938	20.482	31.9112
1399809441.187	n	12.1904	3.69938	20.483	31.9112
1399809441.249	n	12.1904	3.69938	20.486	31.9112
1399809441.313	n	12.1904	3.69938	20.492	31.9112
1399809441.374	n	12.1905	3.69937	20.492	31.9111
1399809441.437	n	12.1905	3.69938	20.498	31.9111
1399809441.498	n	12.1905	3.69938	20.506	31.9111
1399809441.563	n	12.1905	3.69939	20.512	31.9112
1399809441.623	n	12.1905	3.69939	20.513	31.9112
1399809441.686	n	12.1905	3.69939	20.518	31.9112
1399809441.748	n	12.1905	3.69938	20.526	31.9111
1399809441.812	n	12.1906	3.69937	20.530	31.9110
1399809441.875	n	12.1906	3.69937	20.536	31.9109
1399809441.937	n	12.1906	3.69936	20.543	31.9109
1399809441.999	n	12.1906	3.69937	20.552	31.9109
1399809442.063	n	12.1906	3.69937	20.563	31.9109
1399809442.124	n	12.1906	3.69937	20.571	31.9109
1399809442.186	n	12.1906	3.69937	20.577	31.9108
1399809442.250	n	12.1907	3.69938	20.583	31.9109
1399809442.313	n	12.1908	3.69938	20.589	31.9109
1399809442.374	y	12.1908	3.69938	20.600	31.9108
1399809442.437	n	12.1909	3.69937	20.607	31.9107
1399809442.499	n	12.1909	3.69937	20.618	31.9107
1399809442.563	n	12.1910	3.69937	20.627	31.9106
1399809442.624	n	12.1911	3.69938	20.634	31.9106
1399809442.687	n	12.1912	3.69938	20.645	31.9105
1399809442.751	n	12.1913	3.69938	20.653	31.9104
1399809442.811	n	12.1913	3.69938	20.661	31.9103
1399809442.874	n	12.1914	3.69939	20.671	31.9103
1399809442.936	n	12.1916	3.69939	20.680	31.9103
1399809443.001	n	12.1917	3.69939	20.689	31.9102
1399809443.062	n	12.1918	3.69938	20.698	31.9100
1399809443.124	n	12.1919	3.69938	20.708	31.9098
1399809443.186	n	12.1920	3.69937	20.718	31.9097
1399809443.249	n	12.1921	3.69937	20.723	31.9096
1399809443.312	n	12.1922	3.69937	20.733	31.9095
1399809443.512	y	12.1923	3.69937	20.738	31.9094
1399809443.526	n	12.1924	3.69937	20.745	31.9093
1399809443.533	n	12.1925	3.69937	20.757	31.9092
1399809443.562	n	12.1926	3.69937	20.768	31.9092
1399809443.623	n	12.1928	3.69937	20.770	31.9091
1399809443.685	n	12.1929	3.69938	20.778	31.9090
1399809443.748	n	12.1930	3.69938	20.783	31.9089
1399809443.813	n	12.1931	3.69938	20.791	31.9088
1399809443.876	n	12.1933	3.69939	20.798	31.9087
1399809443.935	n	12.1934	3.69940	20.807	31.9087
1399809444.001	n	12.1935	3.69939	20.814	31.9085
1399809444.061	n	12.1937	3.69939	20.816	31.9084
1399809444.125	n	12.1938	3.69938	20.821	31.9082
1399809444.188	n	12.1939	3.69939	20.825	31.9082
1399809444.251	n	12.1940	3.69938	20.833	31.9081
1399809444.312	n	12.1941	3.69939	20.839	31.9080
1399809444.375	n	12.1941	3.69939	20.841	31.9080
1399809444.435	n	12.1942	3.69939	20.851	31.9080
1399809444.504	n	12.1942	3.69939	20.853	31.9079
1399809444.562	n	12.1943	3.69939	20.853	31.9078
1399809444.625	n	12.1944	3.69939	20.858	31.9077
1399809444.687	n	12.1945	3.69939	20.863	31.9077
1399809444.750	n	12.1946	3.69940	20.867	31.9077
1399809444.814	n	12.1947	3.69940	20.871	31.9076
1399809444.873	n	12.1948	3.69941	20.873	31.9076
1399809444.935	n	12.1948	3.69940	20.875	31.9075
1399809445.027	n	12.1949	3.69940	20.879	31.9074
1399809445.070	n	12.1950	3.69940	20.881	31.9073
1399809445.123	n	12.1951	3.69941	20.883	31.9073
1399809445.187	n	12.1952	3.69942	20.884	31.9073
1399809445.251	n	12.1952	3.69942	20.883	31.9074
1399809445.312	n	12.1953	3.69942	20.885	31.9073
1399809445.374	n	12.1954	3.69942	20.885	31.9072
1399809445.436	n	12.1955	3.69942	20.884	31.9072
1399809445.499	n	12.1955	3.69943	20.883	31.9072
1399809445.561	n	12.1956	3.69944	20.879	31.9073
1399809445.623	n	12.1956	3.69945	20.875	31.9073
1399809445.685	n	12.1956	3.69946	20.878	31.9073
1399809445.748	n	12.1956	3.69945	20.876	31.9073
1399809445.816	n	12.1957	3.69946	20.869	31.9073
1399809445.873	n	12.1957	3.69946	20.867	31.9073
1399809445.935	n	12.1957	3.69946	20.863	31.9073
1399809446.000	n	12.1958	3.69945	20.859	31.9072
1399809446.098	y	12.1958	3.69946	20.852	31.9072
1399809446.124	n	12.1958	3.69947	20.846	31.9073
1399809446.187	n	12.1959	3.69949	20.838	31.9075
1399809446.250	n	12.1959	3.69950	20.834	31.9076
1399809446.311	n	12.1959	3.69950	20.824	31.9075
1399809446.379	n	12.1960	3.69950	20.817	31.9075
1399809446.436	n	12.1960	3.69950	20.806	31.9075
1399809446.499	n	12.1960	3.69950	20.799	31.9075
1399809446.562	n	12.1959	3.69951	20.790	31.9076
1399809446.624	y	12.1959	3.69950	20.779	31.9076
1399809446.687	n	12.1960	3.69950	20.768	31.9075
1399809446.750	n	12.1961	3.69951	20.755	31.9075
1399809446.815	n	12.1961	3.69951	20.744	31.9075
1399809446.874	n	12.1961	3.69951	20.735	31.9075
1399809446.936	n	12.1961	3.69952	20.724	31.9076
1399809446.998	n	12.1960	3.69953	20.710	31.9077
1399809447.062	n	12.1960	3.69954	20.693	31.9079
1399809447.124	n	12.1960	3.69954	20.679	31.9080
1399809447.185	n	12.1960	3.69955	20.669	31.9080
1399809447.248	n	12.1960	3.69954	20.652	31.9080
1399809447.313	n	12.1960	3.69954	20.636	31.9079
1399809447.375	n	12.1960	3.69953	20.622	31.9079
1399809447.436	n	12.1960	3.69953	20.607	31.9079
1399809447.500	n	12.1961	3.69953	20.588	31.9078
1399809447.563	n	12.1960	3.69953	20.576	31.9079
1399809447.721	y	12.1960	3.69954	20.557	31.9079
1399809447.726	n	12.1960	3.69954	20.538	31.9080
1399809447.749	n	12.1960	3.69954	20.522	31.9081
1399809447.816	n	12.1960	3.69955	20.503	31.9081
1399809447.874	n	12.1960	3.69956	20.489	31.9082
1399809447.935	n	12.1960	3.69956	20.474	31.9082
1399809447.999	n	12.1959	3.69956	20.456	31.9082
1399809448.062	n	12.1959	3.69955	20.438	31.9082
1399809448.488	n	12.1959	3.69954	20.421	31.9082
1399809448.501	n	12.1959	3.69954	20.405	31.9081
1399809448.508	n	12.1960	3.69955	20.390	31.9081
1399809448.515	n	12.1960	3.69955	20.372	31.9082
1399809448.524	n	12.1960	3.69956	20.358	31.9082
1399809448.530	n	12.1960	3.69956	20.340	31.9082
1399809448.535	n	12.1960	3.69956	20.326	31.9082
1399809448.563	n	12.1960	3.69955	20.309	31.9082
1399809448.624	n	12.1960	3.69955	20.298	31.9081
1399809448.686	n	12.1959	3.69954	20.280	31.9081
1399809448.748	n	12.1959	3.69954	20.268	31.9081
1399809448.816	n	12.1959	3.69954	20.252	31.9082
1399809448.874	n	12.1959	3.69955	20.238	31.9083
1399809448.937	n	12.1960	3.69955	20.223	31.9082
1399809448.999	n	12.1960	3.69954	20.211	31.9081
1399809449.061	n	12.1960	3.69954	20.199	31.9081
1399809449.123	n	12.1960	3.69953	20.187	31.9080
1399809449.186	n	12.1960	3.69954	20.171	31.9081
1399809449.249	n	12.1961	3.69955	20.160	31.9081
1399809449.310	n	12.1962	3.69956	20.147	31.9081
1399809449.373	n	12.1963	3.69955	20.134	31.9080
1399809449.436	n	12.1964	3.69954	20.122	31.9078
1399809449.499	n	12.1965	3.69953	20.110	31.9076
1399809449.564	n	12.1965	3.69952	20.100	31.9075
1399809449.629	y	12.1965	3.69953	20.088	31.9077
1399809449.687	n	12.1965	3.69955	20.077	31.9078
1399809449.748	n	12.1965	3.69956	20.069	31.9080
1399809449.811	n	12.1965	3.69958	20.058	31.9080
1399809449.873	n	12.1966	3.69957	20.050	31.9079
1399809449.935	n	12.1967	3.69956	20.041	31.9078
1399809449.998	n	12.1968	3.69957	20.033	31.9078
1399809450.062	n	12.1968	3.69958	20.024	31.9078
1399809450.123	n	12.1969	3.69959	20.013	31.9079
1399809450.186	n	12.1969	3.69959	20.005	31.9079
1399809450.250	n	12.1969	3.69959	19.995	31.9079
1399809450.312	n	12.1969	3.69959	19.987	31.9079
1399809450.373	n	12.1970	3.69959	19.981	31.9078
1399809450.435	n	12.1971	3.69959	19.973	31.9078
1399809450.498	n	12.1972	3.69959	19.965	31.9077
1399809450.561	n	12.1973	3.69959	19.955	31.9076
1399809450.623	n	12.1974	3.69959	19.947	31.9076
1399809450.687	n	12.1974	3.69959	19.940	31.9075
1399809450.748	n	12.1975	3.69959	19.932	31.9075
1399809450.811	n	12.1975	3.69960	19.925	31.9075
1399809450.874	n	12.1976	3.69961	19.918	31.9076
1399809450.935	n	12.1976	3.69962	19.912	31.9076
1399809451.000	n	12.1977	3.69962	19.903	31.9076
1399809451.061	n	12.1978	3.69962	19.897	31.9075
1399809451.124	n	12.1979	3.69961	19.888	31.9073
1399809451.187	n	12.1979	3.69961	19.882	31.9073
1399809451.248	n	12.1980	3.69962	19.873	31.9073
1399809451.311	n	12.1981	3.69963	19.867	31.9073
1399809451.373	n	12.1982	3.69964	19.859	31.9073
1399809451.437	n	12.1983	3.69964	19.853	31.9073
1399809451.498	n	12.1984	3.69963	19.846	31.9071
1399809451.560	n	12.1984	3.69963	19.832	31.9071
1399809451.624	n	12.1985	3.69963	19.825	31.9070
1399809451.685	n	12.1986	3.69964	19.818	31.9070
1399809451.748	n	12.1987	3.69964	19.811	31.9069
1399809451.812	n	12.1988	3.69963	19.802	31.9068
1399809451.965	y	12.1989	3.69963	19.795	31.9067
1399809451.971	n	12.1990	3.69963	19.785	31.9066
1399809452.000	n	12.1991	3.69964	19.778	31.9066
1399809452.062	n	12.1992	3.69965	19.769	31.9066
1399809452.124	n	12.1992	3.69965	19.758	31.9065
1399809452.187	n	12.1993	3.69965	19.745	31.9065
1399809452.250	n	12.1994	3.69965	19.738	31.9064
1399809452.311	n	12.1995	3.69965	19.729	31.9063
1399809452.374	n	12.1996	3.69965	19.718	31.9063
1399809452.437	n	12.1998	3.69966	19.709	31.9062
1399809452.498	n	12.1999	3.69966	19.698	31.9061
1399809452.561	n	12.2001	3.69967	19.690	31.9061
1399809452.624	n	12.2001	3.69967	19.679	31.9061
1399809452.687	n	12.2002	3.69967	19.667	31.9060
1399809452.748	n	12.2002	3.69968	19.656	31.9061
1399809452.811	n	12.2003	3.69968	19.641	31.9060
1399809452.873	n	12.2004	3.69968	19.630	31.9059
1399809452.937	n	12.2005	3.69968	19.617	31.9058
1399809452.998	n	12.2007	3.69968	19.605	31.9057
1399809453.063	n	12.2009	3.69968	19.591	31.9055
1399809453.125	n	12.2010	3.69968	19.575	31.9054
1399809453.186	n	12.2011	3.69968	19.564	31.9053
1399809453.249	n	12.2012	3.69967	19.549	31.9052
1399809453.311	y	12.2013	3.69967	19.535	31.9051
1399809453.374	n	12.2014	3.69966	19.523	31.9050
1399809453.436	n	12.2015	3.69966	19.507	31.9048
1399809453.500	n	12.2017	3.69966	19.491	31.9047
1399809453.561	n	12.2019	3.69966	19.477	31.9045
1399809453.624	n	12.2022	3.69967	19.458	31.9043
1399809453.687	n	12.2025	3.69966	19.442	31.9040
1399809453.748	n	12.2028	3.69966	19.427	31.9037
1399809453.812	n	12.2032	3.69964	19.411	31.9033
1399809453.874	n	12.2036	3.69964	19.393	31.9029
1399809453.936	n	12.2040	3.69963	19.375	31.9025
1399809453.998	n	12.2046	3.69963	19.357	31.9020
1399809454.060	n	12.2051	3.69964	19.340	31.9016
1399809454.123	n	12.2056	3.69964	19.322	31.9012
1399809454.187	n	12.2062	3.69965	19.302	31.9008
1399809454.248	n	12.2069	3.69965	19.286	31.9002
1399809454.312	n	12.2077	3.69965	19.265	31.8996
1399809454.374	n	12.2084	3.69966	19.245	31.8990
1399809454.437	n	12.2092	3.69965	19.225	31.8983
1399809454.499	n	12.2100	3.69965	19.205	31.8976
1399809454.562	n	12.2108	3.69965	19.183	31.8969
1399809454.623	n	12.2117	3.69964	19.163	31.8961
1399809454.686	n	12.2126	3.69963	19.143	31.8953
1399809454.749	n	12.2135	3.69962	19.123	31.8944
1399809454.810	n	12.2144	3.69962	19.102	31.8937
1399809454.873	n	12.2152	3.69961	19.083	31.8928
1399809454.936	n	12.2160	3.69961	19.061	31.8922
1399809454.999	n	12.2168	3.69962	19.037	31.8916
1399809455.061	n	12.2176	3.69963	19.018	31.8910
1399809455.123	n	12.2183	3.69964	18.996	31.8905
1399809455.187	n	12.2191	3.69966	18.973	31.8901
1399809455.248	n	12.2197	3.69966	18.952	31.8896
1399809455.312	n	12.2202	3.69967	18.926	31.8893
1399809455.374	n	12.2207	3.69968	18.903	31.8890
1399809455.436	n	12.2211	3.69968	18.881	31.8886
1399809455.499	n	12.2214	3.69968	18.860	31.8883
1399809455.562	n	12.2217	3.69968	18.842	31.8881
1399809455.623	n	12.2220	3.69969	18.817	31.8880
1399809455.685	n	12.2222	3.69971	18.792	31.8879
1399809455.749	n	12.2225	3.69973	18.770	31.8880
1399809455.813	n	12.2227	3.69975	18.749	31.8880
1399809455.875	n	12.2228	3.69975	18.726	31.8879
1399809455.935	n	12.2229	3.69977	18.702	31.8880
1399809455.999	n	12.2229	3.69978	18.681	31.8880
1399809456.063	n	12.2229	3.69979	18.657	31.8882
1399809456.258	y	12.2229	3.69980	18.637	31.8883
1399809456.264	n	12.2229	3.69981	18.616	31.8884
1399809456.269	n	12.2229	3.69983	18.592	31.8886
1399809456.311	n	12.2228	3.69983	18.567	31.8888
1399809456.374	n	12.2227	3.69983	18.544	31.8888
1399809456.437	n	12.2225	3.69984	18.520	31.8890
1399809456.498	n	12.2224	3.69983	18.499	31.8891
1399809456.564	n	12.2222	3.69983	18.480	31.8892
1399809456.624	n	12.2221	3.69984	18.458	31.8894
1399809456.687	n	12.2219	3.69984	18.436	31.8896
1399809456.749	n	12.2217	3.69984	18.413	31.8898
1399809456.810	n	12.2216	3.69985	18.392	31.8900
1399809456.873	n	12.2215	3.69986	18.373	31.8902
1399809456.935	n	12.2213	3.69987	18.351	31.8905
1399809456.998	y	12.2212	3.69988	18.331	31.8907
1399809457.061	n	12.2211	3.69990	18.308	31.8909
1399809457.123	n	12.2209	3.69991	18.289	31.8911
1399809457.186	n	12.2208	3.69991	18.267	31.8912
1399809457.250	n	12.2207	3.69991	18.243	31.8913
1399809457.312	n	12.2206	3.69991	18.223	31.8915
1399809457.374	n	12.2205	3.69991	18.201	31.8916
1399809457.436	n	12.2204	3.69992	18.180	31.8917
1399809457.499	n	12.2203	3.69993	18.160	31.8920
1399809457.560	n	12.2202	3.69995	18.141	31.8922
1399809457.623	n	12.2200	3.69997	18.120	31.8926
1399809457.686	n	12.2199	3.69999	18.096	31.8929
1399809457.750	n	12.2198	3.70001	18.079	31.8931
1399809457.812	n	12.2197	3.70002	18.061	31.8934
1399809457.873	n	12.2196	3.70003	18.037	31.8935
1399809457.937	n	12.2195	3.70004	18.016	31.8938
1399809457.999	n	12.2194	3.70005	17.999	31.8940
1399809458.060	n	12.2192	3.70005	17.983	31.8941
1399809458.124	n	12.2191	3.70006	17.961	31.8942
1399809458.185	n	12.2191	3.70008	17.939	31.8945
1399809458.249	n	12.2190	3.70009	17.918	31.8946
1399809458.310	n	12.2189	3.70010	17.899	31.8949
1399809458.374	n	12.2188	3.70011	17.883	31.8951
1399809458.437	n	12.2187	3.70012	17.864	31.8952
1399809458.499	n	12.2186	3.70012	17.847	31.8954
1399809458.562	n	12.2185	3.70013	17.825	31.8955
1399809458.623	n	12.2185	3.70013	17.806	31.8956
1399809458.686	n	12.2184	3.70014	17.788	31.8957
1399809458.750	n	12.2183	3.70015	17.767	31.8959
1399809458.812	n	12.2183	3.70015	17.749	31.8960
1399809458.875	n	12.2182	3.70016	17.734	31.8960
1399809458.937	y	12.2182	3.70016	17.717	31.8961
1399809459.028	n	12.2182	3.70016	17.695	31.8962
1399809459.061	n	12.2182	3.70017	17.676	31.8962
1399809459.124	n	12.2181	3.70017	17.660	31.8963
1399809459.185	n	12.2181	3.70019	17.640	31.8965
1399809459.250	n	12.2181	3.70019	17.622	31.8965
1399809459.312	n	12.2181	3.70019	17.604	31.8966
1399809459.373	n	12.2181	3.70019	17.586	31.8966
1399809459.437	n	12.2181	3.70019	17.566	31.8966
1399809459.498	n	12.2181	3.70020	17.546	31.8966
1399809459.561	n	12.2182	3.70020	17.526	31.8966
1399809459.623	n	12.2183	3.70021	17.510	31.8966
1399809459.685	n	12.2183	3.70021	17.489	31.8966
1399809459.750	n	12.2184	3.70022	17.470	31.8966
1399809459.811	n	12.2185	3.70021	17.457	31.8965
1399809459.874	n	12.2187	3.70022	17.437	31.8964
1399809459.936	n	12.2189	3.70022	17.420	31.8962
1399809459.998	n	12.2191	3.70022	17.398	31.8960
1399809460.061	n	12.2195	3.70022	17.382	31.8958
1399809460.123	n	12.2198	3.70023	17.365	31.8955
1399809460.186	n	12.2203	3.70022	17.345	31.8951
1399809460.249	n	12.2210	3.70023	17.328	31.8945
1399809460.310	n	12.2218	3.70024	17.308	31.8940
1399809460.476	y	12.2226	3.70025	17.286	31.8934
1399809460.484	n	12.2236	3.70026	17.269	31.8927
1399809460.499	n	12.2246	3.70028	17.250	31.8920
1399809460.561	n	12.2258	3.70028	17.231	31.8910
1399809460.624	y	12.2272	3.70028	17.212	31.8898
1399809460.685	n	12.2286	3.70029	17.196	31.8887
1399809460.750	n	12.2301	3.70030	17.179	31.8875
1399809460.811	n	12.2317	3.70031	17.160	31.8863
1399809460.874	n	12.2333	3.70032	17.137	31.8851
1399809460.937	n	12.2349	3.70033	17.117	31.8838
1399809460.999	n	12.2365	3.70033	17.096	31.8824
1399809461.061	n	12.2382	3.70034	17.078	31.8810
1399809461.124	n	12.2399	3.70034	17.059	31.8797
1399809461.186	n	12.2416	3.70034	17.038	31.8783
1399809461.250	n	12.2432	3.70035	17.018	31.8769
1399809461.311	n	12.2448	3.70035	16.997	31.8755
1399809461.374	n	12.2465	3.70035	16.981	31.8742
1399809461.437	n	12.2480	3.70036	16.957	31.8729
1399809461.500	n	12.2496	3.70037	16.939	31.8717
1399809461.560	n	12.2512	3.70037	16.922	31.8704
1399809461.623	n	12.2527	3.70038	16.900	31.8692
1399809461.685	n	12.2541	3.70037	16.883	31.8679
1399809461.750	n	12.2555	3.70036	16.863	31.8666
1399809461.811	n	12.2570	3.70037	16.840	31.8655
1399809461.873	n	12.2584	3.70038	16.819	31.8644
1399809461.937	n	12.2598	3.70039	16.804	31.8633
1399809461.999	n	12.2611	3.70041	16.784	31.8623
1399809462.060	n	12.2625	3.70041	16.765	31.8612
1399809462.123	n	12.2637	3.70041	16.743	31.8602
1399809462.186	n	12.2650	3.70042	16.723	31.8592
1399809462.249	n	12.2662	3.70044	16.703	31.8584
1399809462.312	n	12.2673	3.70045	16.682	31.8575
1399809462.374	n	12.2685	3.70045	16.664	31.8565
1399809462.436	n	12.2696	3.70044	16.645	31.8555
1399809462.499	n	12.2707	3.70044	16.625	31.8545
1399809462.562	n	12.2718	3.70044	16.606	31.8537
1399809462.624	n	12.2728	3.70045	16.583	31.8529
1399809462.687	n	12.2738	3.70046	16.564	31.8522
1399809462.750	n	12.2747	3.70046	16.545	31.8514
1399809462.811	n	12.2756	3.70046	16.525	31.8507
1399809462.875	n	12.2764	3.70046	16.504	31.8500
1399809462.936	n	12.2771	3.70047	16.485	31.8494
1399809463.001	n	12.2779	3.70048	16.465	31.8489
1399809463.062	n	12.2786	3.70049	16.444	31.8484
1399809463.123	n	12.2793	3.70049	16.426	31.8479
1399809463.187	n	12.2799	3.70048	16.409	31.8472
1399809463.249	n	12.2805	3.70048	16.386	31.8467
1399809463.311	n	12.2810	3.70048	16.369	31.8463
1399809463.374	n	12.2816	3.70049	16.347	31.8459
1399809463.437	n	12.2821	3.70050	16.324	31.8456
1399809463.499	n	12.2825	3.70051	16.303	31.8453
1399809463.562	n	12.2829	3.70052	16.286	31.8451
1399809463.624	n	12.2833	3.70052	16.266	31.8448
1399809463.686	n	12.2837	3.70053	16.246	31.8445
1399809463.750	n	12.2841	3.70052	16.227	31.8441
1399809463.811	n	12.2844	3.70051	16.205	31.8438
1399809463.874	n	12.2848	3.70051	16.185	31.8435
1399809463.936	n	12.2851	3.70051	16.169	31.8432
1399809463.999	n	12.2855	3.70050	16.147	31.8428
1399809464.063	n	12.2858	3.70051	16.128	31.8425
1399809464.123	n	12.2861	3.70052	16.107	31.8424
1399809464.186	n	12.2864	3.70053	16.086	31.8423
1399809464.249	n	12.2866	3.70053	16.064	31.8421
1399809464.311	y	12.2867	3.70054	16.044	31.8421
1399809464.387	n	12.2868	3.70053	16.025	31.8419
1399809464.435	n	12.2869	3.70052	16.005	31.8418
1399809464.499	n	12.2869	3.70052	15.988	31.8419
1399809464.562	n	12.2869	3.70052	15.966	31.8419
1399809464.693	y	12.2868	3.70052	15.947	31.8419
1399809464.698	n	12.2867	3.70052	15.924	31.8420
1399809464.750	n	12.2865	3.70052	15.905	31.8421
1399809464.812	n	12.2862	3.70051	15.886	31.8423
1399809464.873	n	12.2859	3.70051	15.864	31.8426
1399809464.936	n	12.2855	3.70050	15.843	31.8429
1399809464.999	n	12.2851	3.70051	15.826	31.8433
1399809465.062	n	12.2847	3.70051	15.806	31.8437
1399809465.124	n	12.2843	3.70052	15.785	31.8441
1399809465.186	n	12.2839	3.70052	15.769	31.8445
1399809465.249	n	12.2834	3.70052	15.747	31.8449
1399809465.313	n	12.2830	3.70052	15.724	31.8453
1399809465.373	n	12.2825	3.70053	15.705	31.8457
1399809465.437	n	12.2821	3.70052	15.689	31.8461
1399809465.500	n	12.2816	3.70052	15.669	31.8464
1399809465.560	n	12.2813	3.70052	15.651	31.8467
1399809465.624	n	12.2810	3.70052	15.629	31.8469
1399809465.686	n	12.2808	3.70052	15.610	31.8471
1399809465.750	n	12.2805	3.70052	15.592	31.8473
1399809465.812	n	12.2803	3.70051	15.572	31.8475
1399809465.874	n	12.2802	3.70051	15.553	31.8476
1399809465.935	n	12.2802	3.70051	15.534	31.8476
1399809465.998	n	12.2802	3.70052	15.513	31.8477
1399809466.062	n	12.2803	3.70052	15.493	31.8476
1399809466.124	n	12.2805	3.70052	15.475	31.8475
1399809466.187	n	12.2807	3.70053	15.458	31.8474
1399809466.249	n	12.2810	3.70053	15.440	31.8471
1399809466.313	n	12.2813	3.70053	15.418	31.8469
1399809466.373	n	12.2817	3.70053	15.400	31.8466
1399809466.436	n	12.2821	3.70053	15.380	31.8462
1399809466.499	n	12.2826	3.70053	15.361	31.8458
1399809466.563	n	12.2832	3.70053	15.338	31.8453
1399809466.624	n	12.2838	3.70053	15.319	31.8448
1399809466.687	n	12.2844	3.70054	15.301	31.8443
1399809466.748	n	12.2851	3.70054	15.283	31.8438
1399809466.811	n	12.2857	3.70053	15.267	31.8432
1399809466.873	n	12.2864	3.70053	15.246	31.8426
1399809466.935	n	12.2872	3.70055	15.227	31.8421
1399809466.999	n	12.2879	3.70055	15.209	31.8416
1399809467.062	n	12.2887	3.70056	15.189	31.8410
1399809467.123	n	12.2893	3.70057	15.170	31.8405
1399809467.185	n	12.2901	3.70057	15.151	31.8399
1399809467.248	n	12.2908	3.70058	15.131	31.8394
1399809467.313	n	12.2915	3.70057	15.115	31.8388
1399809467.374	n	12.2922	3.70057	15.094	31.8382
1399809467.437	n	12.2929	3.70057	15.076	31.8376
1399809467.500	n	12.2936	3.70057	15.058	31.8369
1399809467.561	n	12.2944	3.70056	15.038	31.8362
1399809467.624	n	12.2952	3.70056	15.021	31.8356
1399809467.686	n	12.2959	3.70056	14.999	31.8350
1399809467.749	n	12.2965	3.70057	14.983	31.8345
1399809467.811	n	12.2971	3.70057	14.966	31.8340
1399809467.874	n	12.2978	3.70059	14.945	31.8336
1399809467.936	y	12.2984	3.70059	14.927	31.8331
1399809468.055	n	12.2991	3.70060	14.909	31.8326
1399809468.061	n	12.2998	3.70060	14.888	31.8321
1399809468.123	n	12.3004	3.70061	14.871	31.8316
1399809468.186	n	12.3010	3.70061	14.854	31.8312
1399809468.250	n	12.3015	3.70063	14.833	31.8308
1399809468.311	n	12.3021	3.70063	14.816	31.8305
1399809468.374	n	12.3026	3.70063	14.795	31.8300
1399809468.436	n	12.3032	3.70063	14.776	31.8294
1399809468.500	n	12.3039	3.70062	14.756	31.8288
1399809468.560	n	12.3045	3.70062	14.739	31.8283
1399809468.623	n	12.3051	3.70062	14.720	31.8278
1399809468.687	n	12.3056	3.70062	14.700	31.8274
1399809468.748	n	12.3061	3.70063	14.675	31.8271
1399809468.812	n	12.3065	3.70062	14.658	31.8266
1399809468.953	y	12.3070	3.70061	14.640	31.8262
1399809468.959	n	12.3075	3.70062	14.621	31.8258
1399809468.999	n	12.3080	3.70062	14.602	31.8255
1399809469.061	n	12.3085	3.70062	14.583	31.8251
1399809469.123	n	12.3089	3.70063	14.559	31.8247
1399809469.186	n	12.3094	3.70062	14.539	31.8243
1399809469.249	n	12.3098	3.70062	14.517	31.8239
1399809469.311	n	12.3103	3.70062	14.497	31.8235
1399809469.373	n	12.3107	3.70063	14.480	31.8232
1399809469.436	n	12.3111	3.70063	14.462	31.8229
1399809469.500	n	12.3115	3.70063	14.446	31.8226
1399809469.563	n	12.3119	3.70064	14.423	31.8224
1399809469.624	n	12.3122	3.70065	14.403	31.8222
1399809469.687	n	12.3125	3.70065	14.380	31.8219
1399809469.751	n	12.3129	3.70065	14.361	31.8216
1399809469.812	n	12.3132	3.70064	14.340	31.8213
1399809469.874	n	12.3135	3.70064	14.322	31.8210
1399809469.936	n	12.3138	3.70064	14.302	31.8207
1399809469.998	n	12.3141	3.70064	14.278	31.8205
1399809470.062	n	12.3145	3.70064	14.257	31.8202
1399809470.125	n	12.3149	3.70064	14.236	31.8199
1399809470.186	n	12.3152	3.70064	14.213	31.8196
1399809470.250	n	12.3154	3.70064	14.192	31.8195
1399809470.312	n	12.3157	3.70064	14.168	31.8192
1399809470.374	n	12.3160	3.70063	14.149	31.8189
1399809470.436	n	12.3163	3.70064	14.128	31.8187
1399809470.500	n	12.3167	3.70064	14.106	31.8184
1399809470.562	n	12.3171	3.70063	14.084	31.8180
1399809470.624	n	12.3174	3.70064	14.063	31.8178
1399809470.687	n	12.3178	3.70064	14.039	31.8175
1399809470.749	n	12.3182	3.70065	14.017	31.8172
1399809470.812	n	12.3186	3.70066	13.995	31.8170
1399809470.874	n	12.3191	3.70067	13.971	31.8167
1399809470.936	n	12.3197	3.70066	13.951	31.8162
1399809470.999	n	12.3202	3.70067	13.928	31.8157
1399809471.063	n	12.3209	3.70067	13.908	31.8152
1399809471.123	n	12.3215	3.70067	13.884	31.8147
1399809471.186	n	12.3223	3.70067	13.860	31.8141
1399809471.248	n	12.3230	3.70067	13.837	31.8135
1399809471.312	n	12.3238	3.70068	13.815	31.8128
1399809471.374	n	12.3246	3.70068	13.792	31.8122
1399809471.436	n	12.3255	3.70068	13.766	31.8115
1399809471.498	n	12.3263	3.70068	13.743	31.8108
1399809471.562	n	12.3273	3.70068	13.721	31.8100
1399809471.651	y	12.3282	3.70068	13.699	31.8092
1399809471.685	n	12.3292	3.70069	13.674	31.8084
1399809471.749	n	12.3302	3.70068	13.653	31.8075
1399809471.813	n	12.3313	3.70069	13.629	31.8067
1399809471.875	n	12.3324	3.70069	13.603	31.8058
1399809471.937	n	12.3335	3.70069	13.577	31.8048
1399809471.999	n	12.3346	3.70068	13.554	31.8038
1399809472.062	n	12.3358	3.70068	13.531	31.8029
1399809472.123	n	12.3369	3.70069	13.505	31.8019
1399809472.186	n	12.3380	3.70069	13.484	31.8011
1399809472.248	n	12.3392	3.70070	13.461	31.8002
1399809472.312	n	12.3404	3.70070	13.434	31.7992
1399809472.373	n	12.3416	3.70071	13.413	31.7982
1399809472.437	n	12.3429	3.70072	13.389	31.7973
1399809472.499	n	12.3441	3.70073	13.364	31.7963
1399809472.562	n	12.3454	3.70074	13.341	31.7954
1399809472.623	n	12.3466	3.70075	13.316	31.7944
1399809472.686	n	12.3477	3.70075	13.292	31.7934
1399809472.750	n	12.3489	3.70075	13.272	31.7925
1399809472.811	n	12.3500	3.70075	13.245	31.7916
1399809472.873	n	12.3512	3.70076	13.221	31.7907
1399809472.937	n	12.3523	3.70076	13.198	31.7897
1399809472.999	n	12.3534	3.70075	13.173	31.7887
1399809473.062	n	12.3546	3.70075	13.152	31.7877
1399809473.218	y	12.3557	3.70075	13.127	31.7868
1399809473.226	n	12.3567	3.70077	13.103	31.7861
1399809473.249	n	12.3577	3.70078	13.080	31.7854
1399809473.312	n	12.3587	3.70078	13.056	31.7845
1399809473.373	n	12.3597	3.70077	13.033	31.7836
1399809473.435	n	12.3607	3.70077	13.013	31.7828
1399809473.499	n	12.3617	3.70077	12.987	31.7820
1399809473.560	n	12.3625	3.70077	12.965	31.7813
1399809473.623	n	12.3634	3.70078	12.942	31.7807
1399809473.687	n	12.3641	3.70078	12.921	31.7800
1399809473.749	n	12.3649	3.70079	12.902	31.7794
1399809473.811	n	12.3656	3.70080	12.878	31.7790
1399809473.874	n	12.3663	3.70081	12.855	31.7785
1399809473.936	n	12.3669	3.70081	12.830	31.7780
1399809474.000	n	12.3675	3.70081	12.809	31.7775
1399809474.061	n	12.3680	3.70080	12.790	31.7770
1399809474.123	n	12.3684	3.70080	12.767	31.7766
1399809474.186	n	12.3688	3.70080	12.743	31.7762
1399809474.248	n	12.3692	3.70080	12.725	31.7760
1399809474.311	n	12.3695	3.70079	12.702	31.7757
1399809474.374	n	12.3698	3.70080	12.681	31.7755
1399809474.571	y	12.3701	3.70081	12.660	31.7753
1399809474.578	n	12.3704	3.70083	12.638	31.7752
1399809474.583	n	12.3707	3.70083	12.617	31.7751
1399809474.624	n	12.3710	3.70083	12.597	31.7748
1399809474.687	n	12.3714	3.70082	12.578	31.7744
1399809474.749	n	12.3719	3.70081	12.555	31.7739
1399809474.811	n	12.3724	3.70081	12.535	31.7735
1399809474.874	n	12.3729	3.70081	12.512	31.7730
1399809474.937	n	12.3735	3.70081	12.494	31.7726
1399809475.000	n	12.3741	3.70082	12.472	31.7721
1399809475.062	n	12.3747	3.70082	12.454	31.7716
1399809475.123	n	12.3754	3.70084	12.435	31.7712
1399809475.186	n	12.3762	3.70085	12.414	31.7706
1399809475.248	n	12.3770	3.70086	12.393	31.7701
1399809475.312	n	12.3778	3.70086	12.377	31.7694
1399809475.374	y	12.3787	3.70087	12.355	31.7687
1399809475.437	n	12.3795	3.70087	12.334	31.7681
1399809475.500	n	12.3804	3.70087	12.316	31.7673
1399809475.562	n	12.3812	3.70086	12.297	31.7666
1399809475.623	n	12.3820	3.70087	12.279	31.7660
1399809475.686	n	12.3828	3.70088	12.262	31.7655
1399809475.749	n	12.3835	3.70088	12.244	31.7649
1399809475.813	n	12.3842	3.70088	12.219	31.7643
1399809475.874	n	12.3849	3.70087	12.202	31.7636
1399809475.936	n	12.3855	3.70087	12.183	31.7630
1399809475.999	n	12.3861	3.70088	12.162	31.7627
1399809476.061	n	12.3866	3.70090	12.145	31.7624
1399809476.124	n	12.3870	3.70090	12.125	31.7622
1399809476.185	n	12.3874	3.70090	12.105	31.7619
1399809476.250	n	12.3876	3.70090	12.088	31.7616
1399809476.312	n	12.3878	3.70088	12.067	31.7613
1399809476.373	n	12.3879	3.70088	12.054	31.7611
1399809476.436	n	12.3879	3.70088	12.035	31.7612
1399809476.500	n	12.3878	3.70089	12.017	31.7613
1399809476.562	n	12.3877	3.70090	12.001	31.7616
1399809476.624	n	12.3875	3.70091	11.982	31.7618
1399809476.686	n	12.3873	3.70092	11.962	31.7620
1399809476.749	n	12.3871	3.70091	11.945	31.7622
1399809476.811	n	12.3868	3.70091	11.924	31.7624
1399809476.875	n	12.3865	3.70091	11.907	31.7627
1399809476.937	n	12.3861	3.70091	11.883	31.7630
1399809477.000	n	12.3858	3.70090	11.866	31.7633
1399809477.062	n	12.3854	3.70091	11.852	31.7636
1399809477.230	y	12.3851	3.70090	11.835	31.7638
1399809477.236	n	12.3848	3.70090	11.816	31.7640
1399809477.251	n	12.3846	3.70090	11.795	31.7643
1399809477.311	n	12.3844	3.70089	11.779	31.7644
1399809477.374	n	12.3843	3.70089	11.760	31.7644
1399809477.437	n	12.3842	3.70089	11.739	31.7646
1399809477.500	n	12.3842	3.70090	11.721	31.7647
1399809477.561	n	12.3842	3.70090	11.705	31.7647
1399809477.624	n	12.3843	3.70091	11.683	31.7647
1399809477.686	n	12.3845	3.70091	11.663	31.7645
1399809477.749	n	12.3849	3.70091	11.647	31.7641
1399809477.813	n	12.3855	3.70092	11.630	31.7638
1399809477.873	n	12.3861	3.70093	11.611	31.7633
1399809477.935	n	12.3868	3.70093	11.594	31.7628
1399809478.000	n	12.3877	3.70094	11.577	31.7621
1399809478.062	n	12.3886	3.70094	11.557	31.7613
1399809478.123	n	12.3897	3.70094	11.537	31.7604
1399809478.185	n	12.3908	3.70095	11.519	31.7596
1399809478.251	n	12.3920	3.70095	11.499	31.7586
1399809478.312	n	12.3934	3.70096	11.480	31.7575
1399809478.374	n	12.3948	3.70097	11.463	31.7565
1399809478.437	n	12.3963	3.70099	11.446	31.7554
1399809478.500	n	12.3978	3.70100	11.425	31.7542
1399809478.563	n	12.3995	3.70101	11.405	31.7529
1399809478.623	n	12.4012	3.70102	11.386	31.7515
1399809478.687	n	12.4029	3.70101	11.367	31.7500
1399809478.751	n	12.4048	3.70101	11.348	31.7484
1399809478.811	n	12.4067	3.70101	11.327	31.7468
1399809478.874	n	12.4087	3.70101	11.310	31.7451
1399809478.978	y	12.4108	3.70102	11.289	31.7435
1399809478.999	n	12.4128	3.70103	11.267	31.7418
1399809479.063	n	12.4148	3.70104	11.246	31.7402
1399809479.125	n	12.4169	3.70104	11.225	31.7385
1399809479.186	n	12.4191	3.70104	11.207	31.7367
1399809479.248	n	12.4213	3.70105	11.189	31.7349
1399809479.312	n	12.4236	3.70105	11.166	31.7330
1399809479.373	n	12.4259	3.70106	11.144	31.7311
1399809479.436	n	12.4281	3.70107	11.126	31.7294
1399809479.499	n	12.4304	3.70108	11.104	31.7275
1399809479.562	n	12.4327	3.70109	11.082	31.7257
1399809479.624	n	12.4349	3.70110	11.063	31.7239
1399809479.686	n	12.4372	3.70111	11.042	31.7221
1399809479.750	n	12.4394	3.70111	11.020	31.7203
1399809479.811	n	12.4417	3.70112	10.999	31.7185
1399809479.874	n	12.4439	3.70112	10.978	31.7166
1399809479.936	n	12.4461	3.70113	10.954	31.7148
1399809480.003	n	12.4483	3.70114	10.930	31.7130
1399809480.061	n	12.4505	3.70115	10.914	31.7113
1399809480.123	n	12.4527	3.70117	10.891	31.7096
1399809480.186	n	12.4550	3.70117	10.867	31.7078
1399809480.249	n	12.4572	3.70118	10.846	31.7060
1399809480.313	n	12.4594	3.70118	10.824	31.7042
1399809480.373	n	12.4615	3.70118	10.802	31.7024
1399809480.436	n	12.4636	3.70119	10.779	31.7006
1399809480.498	n	12.4657	3.70119	10.755	31.6989
1399809480.562	n	12.4679	3.70119	10.732	31.6971
1399809480.623	n	12.4700	3.70119	10.711	31.6954
1399809480.686	n	12.4721	3.70120	10.687	31.6936
1399809480.748	n	12.4742	3.70121	10.665	31.6920
1399809480.811	n	12.4763	3.70122	10.645	31.6904
1399809480.873	n	12.4783	3.70123	10.617	31.6888
1399809480.937	n	12.4804	3.70124	10.593	31.6871
1399809481.001	n	12.4823	3.70125	10.569	31.6855
1399809481.062	n	12.4843	3.70125	10.550	31.6839
1399809481.123	n	12.4862	3.70124	10.528	31.6822
1399809481.186	n	12.4881	3.70124	10.504	31.6806
1399809481.249	n	12.4900	3.70124	10.481	31.6791
1399809481.313	n	12.4918	3.70126	10.457	31.6777
1399809481.460	y	12.4936	3.70127	10.435	31.6763
1399809481.466	n	12.4954	3.70128	10.412	31.6749
1399809481.498	n	12.4971	3.70128	10.389	31.6735
1399809481.561	n	12.4989	3.70128	10.365	31.6720
1399809481.623	n	12.5005	3.70128	10.344	31.6705
1399809481.687	n	12.5022	3.70128	10.321	31.6692
1399809481.748	n	12.5039	3.70129	10.299	31.6678
1399809481.811	n	12.5056	3.70130	10.275	31.6666
1399809481.874	n	12.5073	3.70131	10.252	31.6653
1399809481.937	n	12.5089	3.70132	10.233	31.6639
1399809481.998	n	12.5106	3.70131	10.206	31.6624
1399809482.062	n	12.5124	3.70132	10.182	31.6611
1399809482.123	n	12.5142	3.70133	10.160	31.6596
1399809482.185	n	12.5160	3.70134	10.141	31.6582
1399809482.248	n	12.5178	3.70136	10.116	31.6569
1399809482.312	n	12.5196	3.70136	10.096	31.6554
1399809482.373	n	12.5214	3.70136	10.069	31.6538
1399809482.435	n	12.5232	3.70137	10.047	31.6524
1399809482.500	n	12.5251	3.70137	10.026	31.6509
1399809482.561	n	12.5270	3.70137	10.003	31.6493
1399809482.703	y	12.5289	3.70137	9.982	31.6477
1399809482.708	n	12.5309	3.70138	9.961	31.6461
1399809482.750	n	12.5329	3.70138	9.937	31.6445
1399809482.814	n	12.5349	3.70139	9.913	31.6429
1399809482.873	n	12.5369	3.70140	9.892	31.6413
1399809482.937	n	12.5388	3.70140	9.870	31.6397
1399809483.005	n	12.5408	3.70141	9.850	31.6381
1399809483.062	n	12.5428	3.70143	9.830	31.6366
1399809483.123	n	12.5449	3.70144	9.809	31.6350
1399809483.186	n	12.5469	3.70145	9.787	31.6334
1399809483.248	n	12.5489	3.70146	9.764	31.6318
1399809483.312	n	12.5509	3.70146	9.743	31.6302
1399809483.373	n	12.5528	3.70146	9.720	31.6285
1399809483.436	n	12.5547	3.70146	9.701	31.6270
1399809483.498	n	12.5566	3.70146	9.680	31.6254
1399809483.562	n	12.5585	3.70146	9.659	31.6238
1399809483.623	n	12.5604	3.70147	9.637	31.6223
1399809483.686	n	12.5623	3.70148	9.619	31.6208
1399809483.750	n	12.5642	3.70150	9.599	31.6194
1399809483.811	n	12.5660	3.70151	9.577	31.6180
1399809483.874	n	12.5679	3.70151	9.558	31.6164
1399809483.936	n	12.5696	3.70150	9.538	31.6149
1399809484.003	n	12.5713	3.70150	9.519	31.6135
1399809484.062	n	12.5730	3.70150	9.502	31.6120
1399809484.123	n	12.5746	3.70150	9.480	31.6107
1399809484.186	n	12.5763	3.70151	9.460	31.6094
1399809484.249	n	12.5779	3.70151	9.443	31.6081
1399809484.313	n	12.5795	3.70152	9.426	31.6068
1399809484.375	n	12.5811	3.70152	9.407	31.6056
1399809484.436	n	12.5826	3.70152	9.388	31.6042
1399809484.499	n	12.5842	3.70153	9.370	31.6030
1399809484.563	n	12.5857	3.70154	9.352	31.6019
1399809484.624	n	12.5872	3.70155	9.334	31.6007
1399809484.687	n	12.5887	3.70156	9.314	31.5995
1399809484.748	n	12.5900	3.70156	9.294	31.5984
1399809484.811	n	12.5913	3.70156	9.274	31.5973
1399809484.874	n	12.5927	3.70157	9.254	31.5963
1399809484.936	n	12.5940	3.70158	9.239	31.5953
1399809485.000	n	12.5954	3.70159	9.221	31.5942
1399809485.061	n	12.5966	3.70159	9.206	31.5932
1399809485.123	n	12.5978	3.70159	9.186	31.5922
1399809485.187	n	12.5990	3.70159	9.171	31.5912
1399809485.250	n	12.6002	3.70159	9.154	31.5902
1399809485.311	n	12.6014	3.70159	9.137	31.5892
1399809485.374	n	12.6025	3.70159	9.122	31.5883
1399809485.437	n	12.6036	3.70160	9.102	31.5875
1399809485.500	n	12.6046	3.70161	9.087	31.5868
1399809485.563	n	12.6057	3.70162	9.068	31.5860
1399809485.702	y	12.6067	3.70163	9.053	31.5852
1399809485.707	n	12.6077	3.70163	9.037	31.5844
1399809485.749	n	12.6087	3.70163	9.021	31.5835
1399809485.811	n	12.6097	3.70164	9.001	31.5828
1399809485.873	n	12.6107	3.70164	8.985	31.5820
1399809485.937	n	12.6117	3.70164	8.970	31.5811
1399809485.999	n	12.6126	3.70164	8.955	31.5804
1399809486.061	n	12.6135	3.70165	8.936	31.5797
1399809486.123	n	12.6144	3.70165	8.919	31.5790
1399809486.186	n	12.6152	3.70166	8.901	31.5783
1399809486.249	n	12.6161	3.70166	8.885	31.5777
1399809486.375	y	12.6169	3.70166	8.869	31.5770
1399809486.380	n	12.6177	3.70167	8.853	31.5764
1399809486.437	n	12.6186	3.70168	8.839	31.5758
1399809486.500	n	12.6195	3.70167	8.825	31.5750
1399809486.561	n	12.6203	3.70167	8.809	31.5743
1399809486.625	n	12.6212	3.70168	8.790	31.5736
1399809486.687	n	12.6219	3.70168	8.774	31.5730
1399809486.750	n	12.6227	3.70170	8.759	31.5725
1399809486.811	n	12.6235	3.70171	8.740	31.5720
1399809486.874	n	12.6243	3.70172	8.725	31.5714
1399809486.936	n	12.6250	3.70172	8.706	31.5708
1399809487.006	n	12.6258	3.70173	8.687	31.5703
1399809487.062	n	12.6266	3.70174	8.674	31.5697
1399809487.125	n	12.6274	3.70174	8.659	31.5690
1399809487.187	n	12.6281	3.70173	8.640	31.5683
1399809487.249	n	12.6288	3.70173	8.623	31.5678
1399809487.312	n	12.6295	3.70173	8.609	31.5672
1399809487.374	n	12.6302	3.70174	8.591	31.5667
1399809487.438	n	12.6309	3.70175	8.575	31.5662
1399809487.500	n	12.6316	3.70175	8.555	31.5657
1399809487.562	n	12.6323	3.70175	8.540	31.5651
1399809487.624	n	12.6331	3.70176	8.521	31.5646
1399809487.687	n	12.6338	3.70177	8.504	31.5641
1399809487.750	n	12.6344	3.70178	8.488	31.5636
1399809487.811	n	12.6350	3.70178	8.469	31.5631
1399809487.874	n	12.6356	3.70179	8.449	31.5627
1399809487.937	n	12.6361	3.70178	8.431	31.5622
1399809487.999	n	12.6367	3.70178	8.413	31.5618
1399809488.062	n	12.6372	3.70178	8.395	31.5613
1399809488.123	n	12.6379	3.70178	8.376	31.5608
1399809488.186	n	12.6385	3.70179	8.357	31.5604
1399809488.250	n	12.6391	3.70181	8.338	31.5600
1399809488.311	n	12.6396	3.70182	8.319	31.5597
1399809488.374	n	12.6401	3.70183	8.299	31.5594
1399809488.436	n	12.6406	3.70184	8.281	31.5591
1399809488.500	n	12.6411	3.70184	8.259	31.5587
1399809488.561	n	12.6416	3.70183	8.244	31.5582
1399809488.624	n	12.6421	3.70182	8.225	31.5576
1399809488.686	n	12.6426	3.70181	8.204	31.5571
1399809488.749	n	12.6431	3.70181	8.182	31.5567
1399809488.810	n	12.6436	3.70182	8.163	31.5564
1399809488.873	n	12.6440	3.70183	8.142	31.5562
1399809488.935	n	12.6445	3.70183	8.121	31.5558
1399809489.004	n	12.6449	3.70184	8.101	31.5555
1399809489.061	n	12.6454	3.70185	8.080	31.5552
1399809489.124	n	12.6459	3.70187	8.057	31.5550
1399809489.187	n	12.6465	3.70189	8.038	31.5547
1399809489.250	n	12.6471	3.70189	8.014	31.5543
1399809489.312	n	12.6477	3.70190	7.993	31.5538
1399809489.373	n	12.6483	3.70190	7.974	31.5533
1399809489.435	n	12.6489	3.70190	7.952	31.5528
1399809489.499	n	12.6495	3.70191	7.931	31.5524
1399809489.562	n	12.6500	3.70191	7.913	31.5520
1399809489.624	n	12.6506	3.70191	7.890	31.5515
1399809489.686	n	12.6512	3.70191	7.867	31.5510
1399809489.748	n	12.6518	3.70191	7.843	31.5505
1399809489.814	n	12.6523	3.70191	7.822	31.5501
1399809489.971	y	12.6528	3.70191	7.805	31.5497
1399809490.094	y	12.6533	3.70192	7.783	31.5494
1399809490.100	n	12.6538	3.70192	7.761	31.5490
1399809490.109	n	12.6543	3.70193	7.740	31.5486
1399809490.123	n	12.6549	3.70194	7.716	31.5483
1399809490.185	n	12.6554	3.70195	7.693	31.5480
1399809490.248	n	12.6559	3.70196	7.676	31.5476
1399809490.312	n	12.6564	3.70196	7.654	31.5472
1399809490.375	n	12.6570	3.70196	7.631	31.5468
1399809490.436	n	12.6575	3.70197	7.609	31.5464
1399809490.499	n	12.6580	3.70197	7.587	31.5461
1399809490.562	n	12.6585	3.70198	7.567	31.5457
1399809490.624	n	12.6590	3.70199	7.542	31.5454
1399809490.687	n	12.6594	3.70199	7.523	31.5450
1399809490.749	n	12.6599	3.70199	7.502	31.5446
1399809490.812	n	12.6603	3.70198	7.485	31.5442
1399809490.873	n	12.6607	3.70198	7.461	31.5439
1399809490.936	n	12.6611	3.70199	7.443	31.5437
1399809490.999	n	12.6616	3.70201	7.423	31.5434
1399809491.063	n	12.6620	3.70202	7.397	31.5432
1399809491.125	n	12.6624	3.70203	7.382	31.5430
1399809491.187	n	12.6629	3.70204	7.363	31.5427
1399809491.249	n	12.6633	3.70204	7.341	31.5424
1399809491.312	n	12.6637	3.70205	7.321	31.5421
1399809491.375	n	12.6642	3.70206	7.300	31.5419
1399809491.437	n	12.6646	3.70207	7.282	31.5416
1399809491.500	n	12.6650	3.70208	7.261	31.5413
1399809491.562	n	12.6655	3.70208	7.244	31.5409
1399809491.624	n	12.6659	3.70208	7.224	31.5406
1399809491.687	n	12.6663	3.70207	7.205	31.5402
1399809491.750	n	12.6667	3.70208	7.182	31.5399
1399809491.812	n	12.6670	3.70209	7.163	31.5398
1399809491.874	n	12.6674	3.70210	7.149	31.5396
1399809491.936	n	12.6677	3.70211	7.130	31.5394
1399809491.999	n	12.6681	3.70212	7.113	31.5392
1399809492.063	n	12.6684	3.70213	7.094	31.5391
1399809492.125	n	12.6687	3.70215	7.077	31.5389
1399809492.187	n	12.6689	3.70215	7.059	31.5388
1399809492.250	n	12.6691	3.70216	7.036	31.5387
1399809492.312	n	12.6694	3.70216	7.020	31.5386
1399809492.375	n	12.6696	3.70217	6.999	31.5385
1399809492.437	n	12.6697	3.70219	6.981	31.5385
1399809492.500	n	12.6699	3.70220	6.960	31.5385
1399809492.561	n	12.6700	3.70219	6.944	31.5383
1399809492.623	n	12.6701	3.70219	6.923	31.5382
1399809492.687	n	12.6703	3.70219	6.911	31.5381
1399809492.750	n	12.6704	3.70219	6.892	31.5381
1399809492.813	n	12.6704	3.70220	6.874	31.5381
1399809492.875	n	12.6704	3.70221	6.855	31.5381
1399809492.936	n	12.6704	3.70221	6.839	31.5381
1399809492.999	n	12.6704	3.70221	6.825	31.5382
1399809493.063	n	12.6704	3.70223	6.806	31.5384
1399809493.125	n	12.6704	3.70224	6.786	31.5386
1399809493.185	n	12.6703	3.70226	6.769	31.5388
1399809493.248	n	12.6702	3.70227	6.756	31.5390
1399809493.312	n	12.6701	3.70227	6.737	31.5391
1399809493.375	n	12.6699	3.70227	6.723	31.5392
1399809493.436	n	12.6697	3.70227	6.702	31.5393
1399809493.498	n	12.6696	3.70227	6.683	31.5396
1399809493.562	n	12.6693	3.70228	6.670	31.5398
1399809493.650	y	12.6691	3.70228	6.655	31.5400
1399809493.687	n	12.6688	3.70229	6.633	31.5403
1399809493.750	n	12.6685	3.70229	6.616	31.5407
1399809493.812	n	12.6681	3.70229	6.598	31.5411
1399809493.875	n	12.6676	3.70231	6.583	31.5416
1399809493.937	n	12.6672	3.70232	6.569	31.5421
1399809494.000	n	12.6668	3.70233	6.553	31.5425
1399809494.061	y	12.6663	3.70234	6.538	31.5430
1399809494.224	n	12.6659	3.70234	6.518	31.5433
1399809494.230	n	12.6654	3.70234	6.499	31.5437
1399809494.248	n	12.6650	3.70234	6.487	31.5442
1399809494.312	n	12.6645	3.70235	6.469	31.5446
1399809494.375	n	12.6640	3.70235	6.454	31.5450
1399809494.437	n	12.6635	3.70235	6.435	31.5455
1399809494.500	n	12.6629	3.70236	6.418	31.5460
1399809494.563	n	12.6624	3.70236	6.402	31.5465
1399809494.624	n	12.6619	3.70236	6.386	31.5469
1399809494.687	n	12.6615	3.70237	6.367	31.5474
1399809494.750	n	12.6611	3.70237	6.354	31.5477
1399809494.812	n	12.6607	3.70237	6.335	31.5480
1399809494.873	n	12.6603	3.70237	6.320	31.5484
1399809494.937	n	12.6599	3.70237	6.307	31.5487
1399809494.999	n	12.6594	3.70238	6.290	31.5492
1399809495.062	n	12.6590	3.70239	6.271	31.5497
1399809495.125	n	12.6586	3.70240	6.255	31.5501
1399809495.187	n	12.6583	3.70242	6.241	31.5505
1399809495.248	n	12.6580	3.70243	6.219	31.5509
1399809495.312	n	12.6578	3.70244	6.201	31.5512
1399809495.374	n	12.6575	3.70244	6.184	31.5515
1399809495.436	n	12.6573	3.70245	6.169	31.5517
1399809495.500	n	12.6570	3.70246	6.150	31.5520
1399809495.561	n	12.6568	3.70248	6.134	31.5524
1399809495.624	n	12.6565	3.70249	6.118	31.5528
1399809495.686	n	12.6563	3.70250	6.103	31.5531
1399809495.752	n	12.6561	3.70250	6.084	31.5533
1399809495.812	n	12.6560	3.70250	6.065	31.5533
1399809495.874	n	12.6560	3.70250	6.051	31.5534
1399809495.936	n	12.6559	3.70252	6.031	31.5535
1399809495.999	n	12.6559	3.70253	6.009	31.5536
1399809496.061	n	12.6560	3.70254	5.993	31.5537
1399809496.125	y	12.6561	3.70255	5.978	31.5537
1399809496.187	n	12.6562	3.70255	5.961	31.5537
1399809496.250	n	12.6564	3.70255	5.942	31.5536
1399809496.312	n	12.6566	3.70257	5.926	31.5535
1399809496.374	n	12.6568	3.70258	5.906	31.5534
1399809496.436	n	12.6571	3.70259	5.887	31.5533
1399809496.500	n	12.6575	3.70260	5.872	31.5531
1399809496.561	n	12.6580	3.70261	5.852	31.5528
1399809496.624	n	12.6584	3.70260	5.836	31.5524
1399809496.687	n	12.6588	3.70261	5.819	31.5521
1399809496.748	n	12.6593	3.70262	5.801	31.5518
1399809496.813	n	12.6598	3.70264	5.782	31.5515
1399809496.874	n	12.6604	3.70266	5.765	31.5512
1399809496.937	n	12.6614	3.70274	5.747	31.5512
1399809497.000	n	12.6658	3.70233	5.734	31.5436
1399809497.061	n	12.6780	3.70136	5.710	31.5242
1399809497.124	n	12.6988	3.69953	5.693	31.4895
1399809497.186	n	12.7246	3.69717	5.677	31.4457
1399809497.325	y	12.7495	3.69490	5.660	31.4036
1399809497.331	n	12.7675	3.69341	5.642	31.3744
1399809497.375	n	12.7773	3.69256	5.625	31.3583
1399809497.437	n	12.7820	3.69242	5.606	31.3531
1399809497.499	n	12.7843	3.69246	5.588	31.3516
1399809497.562	n	12.7857	3.69255	5.572	31.3513
1399809497.623	n	12.7865	3.69262	5.558	31.3512
1399809497.686	n	12.7878	3.69256	5.538	31.3496
1399809497.749	n	12.7910	3.69233	5.522	31.3448
1399809497.810	n	12.7965	3.69196	5.505	31.3367
1399809497.874	n	12.8039	3.69156	5.488	31.3268
1399809497.937	n	12.8116	3.69127	5.472	31.3178
1399809498.000	n	12.8177	3.69116	5.454	31.3117
1399809498.063	n	12.8211	3.69116	5.435	31.3089
1399809498.124	n	12.8223	3.69122	5.421	31.3084
1399809498.186	n	12.8221	3.69128	5.405	31.3092
1399809498.249	n	12.8213	3.69133	5.387	31.3103
1399809498.311	y	12.8208	3.69135	5.368	31.3109
1399809498.527	n	12.8210	3.69129	5.353	31.3102
1399809498.532	n	12.8223	3.69118	5.337	31.3081
1399809498.539	n	12.8243	3.69104	5.318	31.3051
1399809498.562	n	12.8265	3.69089	5.301	31.3019
1399809498.625	n	12.8285	3.69079	5.284	31.2993
1399809498.686	n	12.8301	3.69072	5.267	31.2974
1399809498.749	n	12.8314	3.69068	5.249	31.2959
1399809498.813	n	12.8327	3.69063	5.229	31.2943
1399809498.874	n	12.8342	3.69060	5.213	31.2928
1399809498.937	n	12.8361	3.69059	5.195	31.2912
1399809499.000	n	12.8386	3.69058	5.182	31.2890
1399809499.061	n	12.8413	3.69054	5.162	31.2863
1399809499.124	n	12.8437	3.69048	5.145	31.2838
1399809499.186	n	12.8452	3.69043	5.127	31.2821
1399809499.250	n	12.8459	3.69039	5.108	31.2812
1399809499.311	n	12.8466	3.69038	5.087	31.2805
1399809499.373	n	12.8485	3.69034	5.068	31.2786
1399809499.436	n	12.8519	3.69030	5.050	31.2754
1399809499.500	n	12.8559	3.69028	5.030	31.2719
1399809499.562	n	12.8593	3.69031	5.007	31.2694
1399809499.624	n	12.8615	3.69037	4.991	31.2681
1399809499.686	n	12.8626	3.69043	4.972	31.2677
1399809499.750	n	12.8632	3.69043	4.952	31.2674
1399809499.811	n	12.8638	3.69041	4.935	31.2667
1399809499.873	n	12.8647	3.69037	4.916	31.2655
1399809499.937	n	12.8658	3.69031	4.898	31.2640
1399809500.001	n	12.8672	3.69027	4.878	31.2625
1399809500.062	n	12.8682	3.69024	4.861	31.2614
1399809500.125	n	12.8688	3.69022	4.842	31.2608
1399809500.187	n	12.8689	3.69020	4.823	31.2605
1399809500.250	n	12.8689	3.69018	4.805	31.2603
1399809500.312	n	12.8688	3.69017	4.785	31.2603
1399809500.373	n	12.8686	3.69020	4.767	31.2607
1399809500.437	n	12.8683	3.69025	4.749	31.2615
1399809500.500	n	12.8678	3.69032	4.733	31.2626
1399809500.561	n	12.8673	3.69037	4.717	31.2635
1399809500.623	n	12.8669	3.69038	4.700	31.2639
1399809500.686	n	12.8668	3.69036	4.678	31.2638
1399809500.749	n	12.8671	3.69030	4.657	31.2630
1399809500.811	n	12.8675	3.69019	4.638	31.2616
1399809500.874	y	12.8681	3.69002	4.620	31.2595
1399809500.936	n	12.8688	3.68984	4.604	31.2573
1399809501.000	n	12.8695	3.68969	4.585	31.2553
1399809501.061	n	12.8702	3.68959	4.566	31.2538
1399809501.123	n	12.8711	3.68951	4.548	31.2523
1399809501.186	n	12.8723	3.68943	4.529	31.2505
1399809501.249	n	12.8737	3.68931	4.513	31.2482
1399809501.313	n	12.8751	3.68918	4.495	31.2459
1399809501.375	n	12.8762	3.68907	4.476	31.2440
1399809501.437	n	12.8769	3.68901	4.457	31.2428
1399809501.502	n	12.8773	3.68897	4.441	31.2421
1399809501.562	n	12.8777	3.68894	4.423	31.2415
1399809501.623	n	12.8782	3.68889	4.402	31.2406
1399809501.686	n	12.8790	3.68883	4.386	31.2395
1399809501.750	n	12.8797	3.68877	4.368	31.2383
1399809501.813	n	12.8805	3.68872	4.349	31.2372
1399809501.874	n	12.8812	3.68870	4.334	31.2364
1399809501.936	n	12.8818	3.68868	4.315	31.2357
1399809502.000	n	12.8830	3.68854	4.295	31.2335
1399809502.061	n	12.8853	3.68824	4.279	31.2287
1399809502.123	n	12.8888	3.68782	4.259	31.2219
1399809502.187	n	12.8931	3.68730	4.242	31.2135
1399809502.249	n	12.8975	3.68677	4.225	31.2048
1399809502.312	n	12.9012	3.68628	4.207	31.1972
1399809502.375	n	12.9040	3.68584	4.187	31.1907
1399809502.437	n	12.9060	3.68548	4.170	31.1857
1399809502.499	n	12.9074	3.68526	4.150	31.1825
1399809502.561	y	12.9083	3.68517	4.135	31.1809
1399809502.735	n	12.9090	3.68514	4.116	31.1801
1399809502.742	n	12.9094	3.68510	4.098	31.1794
1399809502.749	n	12.9096	3.68502	4.078	31.1784
1399809502.811	n	12.9096	3.68488	4.061	31.1772
1399809502.875	n	12.9094	3.68474	4.041	31.1760
1399809502.936	n	12.9091	3.68463	4.023	31.1752
1399809502.999	n	12.9090	3.68455	4.002	31.1746
1399809503.061	n	12.9091	3.68446	3.982	31.1736
1399809503.125	n	12.9094	3.68429	3.964	31.1718
1399809503.186	n	12.9098	3.68407	3.945	31.1693
1399809503.250	n	12.9104	3.68382	3.925	31.1665
1399809503.312	n	12.9110	3.68360	3.908	31.1640
1399809503.374	n	12.9114	3.68340	3.889	31.1617
1399809503.437	n	12.9118	3.68317	3.867	31.1593
1399809503.500	n	12.9121	3.68290	3.848	31.1565
1399809503.561	n	12.9123	3.68262	3.824	31.1537
1399809503.624	n	12.9125	3.68237	3.807	31.1512
1399809503.686	n	12.9129	3.68218	3.791	31.1491
1399809503.751	n	12.9134	3.68204	3.769	31.1474
1399809503.813	n	12.9139	3.68191	3.750	31.1458
1399809503.874	n	12.9144	3.68177	3.728	31.1441
1399809503.936	n	12.9150	3.68161	3.708	31.1421
1399809503.999	n	12.9156	3.68141	3.689	31.1397
1399809504.062	n	12.9163	3.68123	3.674	31.1375
1399809504.124	n	12.9170	3.68109	3.651	31.1355
1399809504.187	n	12.9178	3.68100	3.632	31.1340
1399809504.249	n	12.9187	3.68096	3.613	31.1330
1399809504.311	n	12.9195	3.68096	3.591	31.1323
1399809504.374	n	12.9204	3.68095	3.571	31.1315
1399809504.436	n	12.9219	3.68086	3.554	31.1294
1399809504.499	n	12.9249	3.68055	3.535	31.1240
1399809504.563	n	12.9303	3.68003	3.518	31.1147
1399809504.653	y	12.9384	3.67941	3.496	31.1022
1399809504.687	n	12.9491	3.67887	3.473	31.0884
1399809504.748	n	12.9613	3.67857	3.458	31.0756
1399809504.812	n	12.9736	3.67847	3.442	31.0645
1399809504.874	n	12.9847	3.67836	3.422	31.0544
1399809504.937	n	12.9942	3.67803	3.403	31.0436
1399809504.999	y	13.0027	3.67732	3.378	31.0299
1399809505.105	n	13.0111	3.67620	3.361	31.0126
1399809505.124	n	13.0193	3.67476	3.344	30.9924
1399809505.187	n	13.0266	3.67324	3.323	30.9722
1399809505.255	n	13.0318	3.67193	3.304	30.9557
1399809505.312	n	13.0341	3.67092	3.283	30.9443
1399809505.374	n	13.0342	3.67013	3.265	30.9368
1399809505.436	n	13.0331	3.66924	3.249	30.9294
1399809505.500	n	13.0311	3.66806	3.229	30.9200
1399809505.563	n	13.0284	3.66666	3.211	30.9091
1399809505.624	n	13.0252	3.66530	3.194	30.8990
1399809505.686	n	13.0219	3.66424	3.175	30.8917
1399809505.751	n	13.0191	3.66359	3.155	30.8880
1399809505.811	n	13.0174	3.66319	3.136	30.8856
1399809505.874	n	13.0168	3.66288	3.119	30.8831
1399809505.937	n	13.0171	3.66243	3.101	30.8787
1399809506.000	n	13.0182	3.66179	3.083	30.8718
1399809506.063	n	13.0203	3.66097	3.062	30.8625
1399809506.124	n	13.0232	3.65993	3.046	30.8504
1399809506.186	n	13.0268	3.65858	3.029	30.8348
1399809506.250	n	13.0304	3.65696	3.015	30.8166
1399809506.312	n	13.0337	3.65515	2.998	30.7970
1399809506.373	n	13.0365	3.65332	2.982	30.7777
1399809506.437	n	13.0390	3.65169	2.970	30.7604
1399809506.499	n	13.0410	3.65030	2.954	30.7457
1399809506.562	n	13.0428	3.64914	2.937	30.7334
1399809506.623	n	13.0441	3.64826	2.921	30.7242
1399809506.686	n	13.0449	3.64773	2.910	30.7185
1399809506.749	n	13.0453	3.64750	2.893	30.7161
1399809506.812	y	13.0454	3.64746	2.880	30.7156
1399809506.917	n	13.0454	3.64746	2.863	30.7155
1399809506.937	n	13.0454	3.64737	2.852	30.7148
1399809506.999	n	13.0455	3.64711	2.838	30.7123
1399809507.062	n	13.0455	3.64668	2.823	30.7083
1399809507.124	n	13.0455	3.64632	2.811	30.7049
1399809507.187	n	13.0455	3.64601	2.799	30.7020
1399809507.255	n	13.0455	3.64574	2.785	30.6995
1399809507.311	n	13.0455	3.64544	2.771	30.6966
1399809507.375	n	13.0454	3.64494	2.758	30.6920
1399809507.437	n	13.0453	3.64425	2.744	30.6857
1399809507.500	n	13.0452	3.64365	2.735	30.6802
1399809507.561	n	13.0452	3.64321	2.719	30.6761
1399809507.625	n	13.0453	3.64302	2.708	30.6742
1399809507.687	n	13.0454	3.64305	2.695	30.6745
1399809507.748	n	13.0454	3.64329	2.683	30.6767
1399809507.812	n	13.0453	3.64369	2.668	30.6805
1399809507.874	n	13.0451	3.64429	2.657	30.6863
1399809507.937	n	13.0449	3.64497	2.644	30.6928
1399809507.998	n	13.0447	3.64552	2.635	30.6982
1399809508.061	n	13.0446	3.64554	2.619	30.6984
1399809508.124	n	13.0448	3.64492	2.608	30.6925
1399809508.186	n	13.0451	3.64384	2.595	30.6821
1399809508.305	y	13.0456	3.64271	2.584	30.6711
1399809508.311	n	13.0461	3.64188	2.568	30.6629
1399809508.374	n	13.0466	3.64148	2.558	30.6589
1399809508.437	n	13.0468	3.64130	2.546	30.6569
1399809508.500	n	13.0470	3.64113	2.534	30.6552
1399809508.561	n	13.0472	3.64091	2.518	30.6530
1399809508.624	n	13.0473	3.64066	2.508	30.6506
1399809508.686	n	13.0473	3.64046	2.495	30.6488
1399809508.749	n	13.0472	3.64036	2.483	30.6479
1399809508.813	n	13.0470	3.64030	2.474	30.6475
1399809508.874	n	13.0468	3.64024	2.458	30.6471
1399809508.936	n	13.0468	3.64018	2.449	30.6466
1399809508.999	n	13.0471	3.64009	2.439	30.6454
1399809509.063	n	13.0477	3.63994	2.429	30.6436
1399809509.125	n	13.0484	3.63978	2.415	30.6415
1399809509.186	n	13.0489	3.63961	2.406	30.6395
1399809509.249	n	13.0492	3.63945	2.396	30.6378
1399809509.316	n	13.0496	3.63935	2.386	30.6365
1399809509.374	n	13.0501	3.63925	2.373	30.6352
1399809509.437	n	13.0507	3.63915	2.364	30.6338
1399809509.499	n	13.0511	3.63905	2.355	30.6325
1399809509.562	n	13.0513	3.63902	2.343	30.6321
1399809509.623	n	13.0514	3.63904	2.335	30.6322
1399809509.687	n	13.0512	3.63906	2.325	30.6325
1399809509.749	n	13.0509	3.63900	2.315	30.6323
1399809509.812	n	13.0505	3.63888	2.307	30.6315
1399809509.873	n	13.0501	3.63877	2.292	30.6308
1399809509.937	n	13.0501	3.63871	2.282	30.6303
1399809510.001	n	13.0506	3.63868	2.272	30.6296
1399809510.062	n	13.0516	3.63860	2.263	30.6280
1399809510.124	n	13.0530	3.63844	2.249	30.6253
1399809510.187	n	13.0545	3.63821	2.241	30.6219
1399809510.249	n	13.0562	3.63796	2.228	30.6183
1399809510.312	n	13.0582	3.63768	2.221	30.6140
1399809510.374	n	13.0606	3.63739	2.211	30.6094
1399809510.437	n	13.0629	3.63716	2.202	30.6053
1399809510.500	n	13.0647	3.63700	2.191	30.6025
1399809510.561	n	13.0655	3.63691	2.176	30.6010
1399809510.624	n	13.0660	3.63681	2.164	30.5997
1399809510.687	n	13.0672	3.63666	2.153	30.5973
1399809510.751	n	13.0695	3.63648	2.140	30.5938
1399809510.813	n	13.0724	3.63633	2.126	30.5900
1399809510.875	n	13.0752	3.63622	2.112	30.5867
1399809510.936	n	13.0772	3.63613	2.097	30.5842
1399809510.999	n	13.0784	3.63603	2.084	30.5824
1399809511.063	y	13.0789	3.63592	2.069	30.5810
1399809511.214	n	13.0791	3.63580	2.056	30.5797
1399809511.220	n	13.0796	3.63570	2.041	30.5783
1399809511.250	n	13.0807	3.63560	2.025	30.5766
1399809511.312	n	13.0826	3.63551	2.007	30.5742
1399809511.373	n	13.0851	3.63542	1.990	30.5714
1399809511.437	n	13.0876	3.63536	1.976	30.5687
1399809511.500	n	13.0899	3.63530	1.960	30.5663
1399809511.562	n	13.0915	3.63525	1.942	30.5646
1399809511.623	n	13.0926	3.63521	1.926	30.5634
1399809511.686	n	13.0934	3.63517	1.910	30.5623
1399809511.749	n	13.0942	3.63508	1.894	30.5609
1399809511.811	n	13.0949	3.63493	1.876	30.5589
1399809511.875	n	13.0957	3.63472	1.857	30.5563
1399809511.936	y	13.0963	3.63451	1.841	30.5538
1399809512.000	n	13.0967	3.63432	1.824	30.5518
1399809512.061	n	13.0970	3.63420	1.805	30.5504
1399809512.125	n	13.0971	3.63415	1.787	30.5499
1399809512.187	n	13.0971	3.63415	1.774	30.5498
1399809512.250	n	13.0972	3.63413	1.757	30.5497
1399809512.312	n	13.0972	3.63413	1.741	30.5496
1399809512.375	n	13.0973	3.63411	1.725	30.5494
1399809512.437	n	13.0973	3.63409	1.707	30.5492
1399809512.499	n	13.0972	3.63407	1.693	30.5491
1399809512.562	n	13.0972	3.63407	1.676	30.5491
1399809512.623	n	13.0972	3.63407	1.661	30.5491
1399809512.687	n	13.0971	3.63407	1.647	30.5492
1399809512.749	n	13.0970	3.63411	1.632	30.5496
1399809512.813	n	13.0968	3.63416	1.618	30.5503
1399809512.874	n	13.0968	3.63420	1.601	30.5507
1399809512.937	n	13.0968	3.63421	1.591	30.5508
1399809513.000	n	13.0969	3.63416	1.577	30.5503
1399809513.062	n	13.0969	3.63405	1.563	30.5492
1399809513.123	n	13.0968	3.63391	1.551	30.5480
1399809513.186	n	13.0966	3.63376	1.539	30.5468
1399809513.250	n	13.0962	3.63363	1.527	30.5459
1399809513.314	n	13.0956	3.63350	1.512	30.5451
1399809513.374	n	13.0951	3.63342	1.501	30.5448
1399809513.437	n	13.0948	3.63339	1.487	30.5447
1399809513.499	n	13.0948	3.63340	1.478	30.5449
1399809513.562	n	13.0948	3.63345	1.463	30.5453
1399809513.625	n	13.0948	3.63353	1.449	30.5461
1399809513.687	n	13.0948	3.63360	1.441	30.5467
1399809513.749	n	13.0949	3.63362	1.425	30.5468
1399809513.812	n	13.0953	3.63359	1.409	30.5462
1399809513.875	n	13.0956	3.63348	1.395	30.5450
1399809513.937	n	13.0956	3.63330	1.381	30.5433
1399809513.998	n	13.0951	3.63313	1.363	30.5421
1399809514.062	n	13.0945	3.63304	1.349	30.5418
1399809514.124	n	13.0941	3.63300	1.337	30.5417
1399809514.187	n	13.0940	3.63297	1.322	30.5416
1399809514.250	n	13.0939	3.63293	1.302	30.5413
1399809514.315	n	13.0937	3.63284	1.288	30.5406
1399809514.375	n	13.0933	3.63275	1.274	30.5401
1399809514.438	n	13.0930	3.63271	1.259	30.5399
1399809514.499	n	13.0929	3.63268	1.243	30.5398
1399809514.563	n	13.0927	3.63263	1.227	30.5394
1399809514.624	n	13.0922	3.63253	1.208	30.5389
1399809514.686	n	13.0918	3.63247	1.196	30.5387
1399809514.750	n	13.0915	3.63245	1.184	30.5387
1399809514.812	n	13.0912	3.63244	1.169	30.5389
1399809514.873	n	13.0907	3.63242	1.155	30.5391
1399809514.936	n	13.0898	3.63236	1.140	30.5393
1399809514.999	n	13.0885	3.63226	1.126	30.5394
1399809515.061	n	13.0875	3.63221	1.110	30.5398
1399809515.124	n	13.0871	3.63220	1.097	30.5399
1399809515.187	n	13.0873	3.63217	1.084	30.5396
1399809515.249	n	13.0877	3.63213	1.073	30.5388
1399809515.316	y	13.0882	3.63208	1.059	30.5380
1399809515.457	n	13.0886	3.63205	1.046	30.5374
1399809515.462	n	13.0889	3.63207	1.035	30.5373
1399809515.500	n	13.0888	3.63209	1.022	30.5376
1399809515.561	n	13.0883	3.63212	1.008	30.5383
1399809515.624	y	13.0873	3.63212	0.994	30.5392
1399809515.687	n	13.0858	3.63212	0.983	30.5403
1399809515.750	n	13.0844	3.63209	0.972	30.5412
1399809515.814	n	13.0834	3.63204	0.962	30.5416
1399809515.874	n	13.0830	3.63200	0.952	30.5415
1399809515.936	n	13.0829	3.63197	0.941	30.5413
1399809516.000	n	13.0829	3.63190	0.929	30.5407
1399809516.062	n	13.0830	3.63181	0.920	30.5397
1399809516.123	n	13.0832	3.63174	0.907	30.5389
1399809516.186	n	13.0834	3.63169	0.898	30.5383
1399809516.251	n	13.0833	3.63165	0.887	30.5380
1399809516.312	n	13.0831	3.63166	0.874	30.5382
1399809516.375	n	13.0832	3.63169	0.860	30.5384
1399809516.437	n	13.0840	3.63174	0.852	30.5383
1399809516.500	n	13.0854	3.63186	0.844	30.5383
1399809516.562	n	13.0865	3.63199	0.832	30.5386
1399809516.623	n	13.0866	3.63204	0.817	30.5390
1399809516.687	n	13.0856	3.63199	0.811	30.5394
1399809516.748	n	13.0843	3.63185	0.802	30.5391
1399809516.811	n	13.0841	3.63171	0.791	30.5379
1399809516.875	n	13.0855	3.63162	0.782	30.5360
1399809516.937	n	13.0876	3.63164	0.771	30.5345
1399809516.999	n	13.0890	3.63168	0.760	30.5337
1399809517.063	n	13.0889	3.63172	0.756	30.5342
1399809517.124	n	13.0877	3.63173	0.746	30.5352
1399809517.187	n	13.0865	3.63172	0.736	30.5361
1399809517.249	n	13.0858	3.63172	0.730	30.5367
1399809517.313	n	13.0855	3.63174	0.719	30.5371
1399809517.374	n	13.0854	3.63173	0.710	30.5371
1399809517.436	n	13.0851	3.63169	0.707	30.5369
1399809517.501	n	13.0848	3.63165	0.699	30.5369
1399809517.561	n	13.0844	3.63164	0.691	30.5371
1399809517.624	n	13.0839	3.63165	0.685	30.5376
1399809517.686	n	13.0829	3.63162	0.679	30.5380
1399809517.749	n	13.0816	3.63152	0.673	30.5382
1399809517.814	n	13.0801	3.63137	0.667	30.5380
1399809517.874	n	13.0790	3.63115	0.661	30.5369
1399809517.938	n	13.0778	3.63087	0.658	30.5352
1399809518.000	n	13.0716	3.42902	0.650	28.6622
1399809518.061	n	13.0524	2.92973	0.645	24.0997
1399809518.131	n	13.0158	2.27796	0.640	18.3000
1399809518.187	n	12.9637	1.63000	0.631	12.7230
1399809518.249	n	12.9049	1.14760	0.629	8.7138
1399809518.314	n	12.8554	0.94859	0.622	7.1054
1399809518.374	n	12.8293	0.88339	0.619	6.5858
1399809518.436	n	12.8306	0.81049	0.611	6.0032
1399809518.498	n	12.8562	0.76124	0.603	5.6087
1399809518.561	n	12.8950	0.73028	0.599	5.3589
1399809518.625	n	12.9315	0.71998	0.593	5.2729
1399809518.686	n	12.9555	0.71696	0.588	5.2458
1399809518.748	n	12.9662	0.72761	0.584	5.3279
1399809518.814	n	12.9666	0.75634	0.582	5.5538
1399809518.875	n	12.9617	0.77573	0.577	5.7075
1399809518.937	n	12.9544	0.79520	0.571	5.8626
1399809518.999	n	12.9443	0.81367	0.563	6.0106
1399809519.063	n	12.9307	0.81091	0.560	5.9909
1399809519.199	y	12.9151	0.77977	0.557	5.7465
1399809519.269	y	12.8995	0.73912	0.554	5.4279
1399809519.275	n	12.8845	0.67938	0.551	4.9609
1399809519.311	n	12.8701	0.65076	0.550	4.7392
