Source File: D:\Storage\Programs\OOI\Group 5\Correspondence\07_18_14 sample files\files\11312482.PPB
Processed: 07/18/2014 12:28:11
Using Version: 1.11
Device: CTD
Start Date: 05/11/2014
Timestamp (s)	Suspect Timestamp	Temperature	Conductivity	Pressure	Salinity
1399787836.682	y	12.3025	3.69631	22.678	31.7856
1399787836.747	n	12.3023	3.69628	22.664	31.7855
1399787836.808	n	12.3025	3.69623	22.659	31.7849
1399787836.871	n	12.3023	3.69631	22.678	31.7858
1399787836.933	n	12.3025	3.69628	22.664	31.7854
1399787836.995	n	12.3025	3.69628	22.644	31.7854
1399787837.060	n	12.3027	3.69633	22.635	31.7857
1399787837.123	n	12.3025	3.69626	22.659	31.7852
1399787837.185	n	12.3025	3.69625	22.655	31.7851
1399787837.247	n	12.3026	3.69626	22.647	31.7851
1399787837.310	n	12.3027	3.69628	22.644	31.7852
1399787837.374	n	12.3028	3.69630	22.635	31.7853
1399787837.435	n	12.3028	3.69631	22.632	31.7854
1399787837.496	n	12.3029	3.69632	22.625	31.7854
1399787837.561	n	12.3029	3.69631	22.621	31.7852
1399787837.623	n	12.3030	3.69630	22.618	31.7851
1399787837.685	n	12.3032	3.69629	22.613	31.7849
1399787837.749	n	12.3033	3.69629	22.605	31.7847
1399787837.809	n	12.3034	3.69630	22.598	31.7847
1399787837.872	n	12.3035	3.69630	22.593	31.7848
1399787837.936	n	12.3035	3.69631	22.590	31.7847
1399787837.998	n	12.3036	3.69630	22.585	31.7846
1399787838.061	n	12.3038	3.69630	22.581	31.7845
1399787838.124	n	12.3039	3.69630	22.578	31.7843
1399787838.185	n	12.3040	3.69630	22.575	31.7843
1399787839.477	n	12.3041	3.69630	22.568	31.7842
1399787839.501	n	12.3043	3.69630	22.564	31.7840
1399787839.517	n	12.3043	3.69630	22.561	31.7839
1399787839.528	n	12.3044	3.69629	22.558	31.7838
1399787839.533	n	12.3044	3.69628	22.555	31.7838
1399787839.539	n	12.3045	3.69628	22.550	31.7837
1399787839.546	n	12.3045	3.69629	22.546	31.7837
1399787839.552	n	12.3046	3.69630	22.546	31.7838
1399787839.559	n	12.3047	3.69630	22.543	31.7837
1399787839.566	n	12.3048	3.69630	22.536	31.7836
1399787839.572	n	12.3048	3.69628	22.533	31.7835
1399787839.579	n	12.3048	3.69628	22.529	31.7834
1399787839.587	n	12.3048	3.69628	22.528	31.7834
1399787839.594	n	12.3049	3.69629	22.525	31.7835
1399787839.600	n	12.3049	3.69630	22.525	31.7835
1399787839.606	n	12.3050	3.69632	22.520	31.7836
1399787839.613	n	12.3051	3.69633	22.517	31.7836
1399787839.619	n	12.3052	3.69632	22.518	31.7835
1399787839.625	n	12.3052	3.69631	22.517	31.7834
1399787839.632	n	12.3053	3.69630	22.513	31.7832
1399787839.638	n	12.3054	3.69629	22.514	31.7830
1399787839.644	n	12.3055	3.69629	22.512	31.7830
1399787839.650	n	12.3055	3.69630	22.515	31.7830
1399787839.686	n	12.3055	3.69630	22.515	31.7831
1399787839.746	n	12.3055	3.69631	22.509	31.7831
1399787839.811	n	12.3055	3.69630	22.513	31.7831
1399787839.871	n	12.3055	3.69630	22.515	31.7829
1399787839.935	n	12.3056	3.69629	22.517	31.7829
1399787839.997	n	12.3056	3.69629	22.517	31.7828
1399787840.059	n	12.3056	3.69629	22.518	31.7829
1399787840.123	n	12.3057	3.69629	22.518	31.7828
1399787840.186	n	12.3057	3.69629	22.521	31.7827
1399787840.248	n	12.3058	3.69628	22.526	31.7826
1399787840.312	n	12.3058	3.69627	22.527	31.7825
1399787840.372	n	12.3059	3.69628	22.532	31.7826
1399787840.435	n	12.3059	3.69630	22.533	31.7827
1399787840.497	n	12.3059	3.69630	22.536	31.7827
1399787840.559	n	12.3059	3.69630	22.541	31.7826
1399787840.624	n	12.3060	3.69628	22.543	31.7825
1399787840.686	n	12.3060	3.69627	22.549	31.7823
1399787840.748	n	12.3060	3.69627	22.553	31.7823
1399787840.810	n	12.3060	3.69627	22.558	31.7823
1399787840.874	n	12.3060	3.69628	22.563	31.7824
1399787840.936	n	12.3060	3.69629	22.569	31.7825
1399787840.998	n	12.3060	3.69630	22.574	31.7825
1399787841.060	n	12.3060	3.69629	22.578	31.7825
1399787841.124	n	12.3060	3.69628	22.582	31.7824
1399787841.186	n	12.3060	3.69627	22.592	31.7822
1399787841.248	n	12.3061	3.69625	22.596	31.7821
1399787841.311	n	12.3061	3.69625	22.602	31.7820
1399787841.375	n	12.3061	3.69627	22.611	31.7821
1399787841.434	n	12.3061	3.69628	22.620	31.7822
1399787841.498	n	12.3061	3.69628	22.624	31.7823
1399787841.560	n	12.3061	3.69628	22.628	31.7822
1399787841.623	n	12.3062	3.69627	22.635	31.7821
1399787841.684	n	12.3062	3.69625	22.640	31.7819
1399787841.746	n	12.3063	3.69625	22.651	31.7819
1399787841.811	n	12.3064	3.69627	22.659	31.7819
1399787841.872	n	12.3064	3.69628	22.666	31.7820
1399787841.934	n	12.3064	3.69628	22.670	31.7820
1399787841.996	n	12.3064	3.69628	22.677	31.7820
1399787842.061	n	12.3064	3.69627	22.685	31.7819
1399787842.123	n	12.3064	3.69626	22.692	31.7818
1399787842.184	n	12.3064	3.69625	22.697	31.7818
1399787842.247	n	12.3064	3.69626	22.706	31.7818
1399787842.309	n	12.3064	3.69627	22.716	31.7819
1399787842.397	y	12.3064	3.69628	22.720	31.7820
1399787842.436	n	12.3064	3.69628	22.727	31.7820
1399787842.499	n	12.3064	3.69628	22.731	31.7820
1399787842.560	n	12.3064	3.69626	22.738	31.7819
1399787842.625	n	12.3064	3.69626	22.746	31.7818
1399787842.686	n	12.3065	3.69626	22.752	31.7818
1399787842.749	n	12.3065	3.69627	22.758	31.7818
1399787842.811	n	12.3066	3.69627	22.764	31.7817
1399787842.872	n	12.3066	3.69627	22.769	31.7817
1399787843.046	y	12.3065	3.69626	22.776	31.7816
1399787843.052	n	12.3065	3.69626	22.780	31.7816
1399787843.062	n	12.3065	3.69627	22.785	31.7817
1399787843.124	n	12.3065	3.69628	22.790	31.7818
1399787843.185	n	12.3066	3.69628	22.794	31.7819
1399787843.247	n	12.3066	3.69628	22.799	31.7817
1399787843.310	n	12.3067	3.69626	22.804	31.7815
1399787843.376	n	12.3067	3.69625	22.807	31.7814
1399787843.435	n	12.3066	3.69624	22.810	31.7813
1399787843.498	n	12.3066	3.69624	22.815	31.7814
1399787843.560	n	12.3066	3.69625	22.817	31.7815
1399787843.624	n	12.3066	3.69626	22.823	31.7815
1399787843.685	n	12.3067	3.69626	22.830	31.7815
1399787843.747	n	12.3067	3.69625	22.830	31.7814
1399787843.810	n	12.3067	3.69623	22.831	31.7813
1399787843.875	n	12.3067	3.69622	22.833	31.7811
1399787843.936	n	12.3067	3.69620	22.835	31.7810
1399787843.998	n	12.3067	3.69620	22.837	31.7810
1399787844.061	n	12.3066	3.69622	22.836	31.7812
1399787844.122	n	12.3066	3.69623	22.835	31.7813
1399787844.186	n	12.3065	3.69624	22.838	31.7814
1399787844.248	n	12.3065	3.69624	22.838	31.7814
1399787844.309	n	12.3066	3.69623	22.836	31.7813
1399787844.373	n	12.3066	3.69622	22.840	31.7812
1399787844.435	n	12.3067	3.69622	22.839	31.7812
1399787844.502	n	12.3067	3.69623	22.838	31.7812
1399787844.559	n	12.3066	3.69624	22.837	31.7814
1399787844.623	n	12.3066	3.69625	22.837	31.7814
1399787844.684	n	12.3066	3.69624	22.836	31.7814
1399787844.746	n	12.3065	3.69623	22.830	31.7814
1399787844.812	n	12.3065	3.69622	22.826	31.7813
1399787844.873	n	12.3065	3.69623	22.829	31.7813
1399787844.934	n	12.3065	3.69624	22.826	31.7815
1399787844.998	n	12.3065	3.69626	22.824	31.7817
1399787845.060	n	12.3065	3.69628	22.816	31.7818
1399787845.123	n	12.3065	3.69628	22.814	31.7819
1399787845.184	n	12.3065	3.69627	22.811	31.7818
1399787845.247	n	12.3064	3.69626	22.804	31.7817
1399787845.310	n	12.3064	3.69625	22.801	31.7817
1399787845.372	n	12.3064	3.69625	22.792	31.7816
1399787845.435	n	12.3065	3.69625	22.793	31.7816
1399787845.498	n	12.3065	3.69626	22.790	31.7817
1399787845.559	n	12.3065	3.69625	22.783	31.7816
1399787845.622	n	12.3065	3.69624	22.778	31.7815
1399787845.685	n	12.3065	3.69623	22.771	31.7814
1399787845.748	n	12.3064	3.69621	22.765	31.7813
1399787845.833	n	12.3064	3.69621	22.757	31.7812
1399787845.873	n	12.3064	3.69621	22.748	31.7813
1399787845.935	n	12.3064	3.69621	22.745	31.7813
1399787845.997	n	12.3063	3.69622	22.734	31.7814
1399787846.060	y	12.3063	3.69622	22.724	31.7816
1399787846.122	n	12.3062	3.69623	22.721	31.7817
1399787846.185	n	12.3063	3.69624	22.712	31.7818
1399787846.248	n	12.3063	3.69626	22.705	31.7819
1399787846.337	n	12.3062	3.69626	22.692	31.7819
1399787846.375	y	12.3062	3.69626	22.684	31.7819
1399787846.436	n	12.3062	3.69625	22.675	31.7819
1399787846.498	n	12.3062	3.69624	22.667	31.7817
1399787846.560	n	12.3062	3.69623	22.655	31.7817
1399787846.624	n	12.3062	3.69623	22.644	31.7817
1399787846.685	n	12.3062	3.69623	22.634	31.7818
1399787846.748	n	12.3062	3.69624	22.621	31.7818
1399787846.810	n	12.3061	3.69624	22.611	31.7819
1399787846.873	n	12.3061	3.69624	22.601	31.7819
1399787846.934	n	12.3061	3.69624	22.586	31.7819
1399787846.997	n	12.3061	3.69624	22.570	31.7819
1399787847.060	n	12.3061	3.69623	22.559	31.7818
1399787847.122	n	12.3061	3.69624	22.548	31.7819
1399787847.294	y	12.3061	3.69625	22.534	31.7820
1399787847.301	n	12.3061	3.69626	22.524	31.7821
1399787847.310	n	12.3060	3.69627	22.513	31.7823
1399787847.372	n	12.3060	3.69626	22.498	31.7822
1399787847.436	n	12.3060	3.69624	22.484	31.7821
1399787847.497	n	12.3060	3.69622	22.469	31.7819
1399787847.919	n	12.3060	3.69622	22.460	31.7819
1399787847.927	n	12.3060	3.69622	22.446	31.7819
1399787847.933	n	12.3060	3.69624	22.433	31.7820
1399787847.940	n	12.3060	3.69624	22.418	31.7821
1399787847.945	n	12.3059	3.69624	22.405	31.7821
1399787847.950	n	12.3059	3.69623	22.394	31.7821
1399787847.955	n	12.3059	3.69623	22.377	31.7821
1399787847.998	n	12.3059	3.69622	22.362	31.7820
1399787848.060	n	12.3059	3.69621	22.352	31.7819
1399787848.123	n	12.3059	3.69620	22.342	31.7818
1399787848.186	n	12.3060	3.69620	22.324	31.7817
1399787848.247	n	12.3060	3.69619	22.311	31.7816
1399787848.310	n	12.3060	3.69618	22.301	31.7816
1399787848.372	n	12.3060	3.69617	22.290	31.7815
1399787848.434	n	12.3059	3.69617	22.276	31.7815
1399787848.497	n	12.3059	3.69617	22.260	31.7816
1399787848.559	n	12.3058	3.69619	22.248	31.7818
1399787848.623	n	12.3058	3.69620	22.240	31.7819
1399787848.685	n	12.3058	3.69620	22.228	31.7819
1399787848.747	n	12.3059	3.69619	22.214	31.7818
1399787848.811	n	12.3059	3.69618	22.202	31.7817
1399787848.871	n	12.3059	3.69616	22.191	31.7815
1399787848.934	n	12.3058	3.69616	22.176	31.7815
1399787848.998	n	12.3058	3.69616	22.167	31.7816
1399787849.059	n	12.3058	3.69616	22.156	31.7815
1399787849.123	n	12.3058	3.69616	22.144	31.7816
1399787849.186	n	12.3058	3.69616	22.129	31.7816
1399787849.248	n	12.3058	3.69616	22.118	31.7815
1399787849.310	n	12.3058	3.69615	22.110	31.7815
1399787849.373	n	12.3058	3.69614	22.101	31.7814
1399787849.436	n	12.3057	3.69613	22.085	31.7814
1399787849.497	n	12.3057	3.69614	22.077	31.7815
1399787849.604	y	12.3057	3.69616	22.067	31.7817
1399787849.622	n	12.3057	3.69617	22.058	31.7818
1399787849.685	n	12.3056	3.69616	22.045	31.7818
1399787849.747	n	12.3056	3.69614	22.035	31.7816
1399787849.810	n	12.3057	3.69612	22.026	31.7813
1399787849.872	n	12.3056	3.69611	22.016	31.7813
1399787849.936	n	12.3056	3.69611	22.009	31.7814
1399787849.998	n	12.3055	3.69613	21.999	31.7816
1399787850.060	n	12.3055	3.69615	21.987	31.7818
1399787850.124	n	12.3055	3.69615	21.976	31.7819
1399787850.186	n	12.3055	3.69615	21.968	31.7818
1399787850.248	n	12.3055	3.69614	21.961	31.7817
1399787850.310	n	12.3055	3.69612	21.952	31.7816
1399787850.373	n	12.3054	3.69612	21.940	31.7816
1399787850.434	n	12.3054	3.69612	21.931	31.7816
1399787850.497	n	12.3054	3.69612	21.923	31.7816
1399787850.560	n	12.3054	3.69612	21.913	31.7816
1399787850.623	n	12.3053	3.69611	21.902	31.7816
1399787850.685	n	12.3053	3.69610	21.894	31.7816
1399787850.747	n	12.3053	3.69611	21.886	31.7816
1399787850.810	n	12.3053	3.69611	21.874	31.7817
1399787850.873	n	12.3052	3.69612	21.866	31.7818
1399787850.936	n	12.3052	3.69613	21.858	31.7820
1399787850.997	n	12.3052	3.69614	21.847	31.7820
1399787851.061	n	12.3052	3.69613	21.835	31.7819
1399787851.123	n	12.3051	3.69611	21.825	31.7818
1399787851.185	n	12.3051	3.69609	21.822	31.7817
1399787851.248	n	12.3050	3.69609	21.811	31.7816
1399787851.310	n	12.3050	3.69608	21.802	31.7817
1399787851.375	n	12.3050	3.69610	21.793	31.7818
1399787851.523	y	12.3051	3.69611	21.784	31.7819
1399787851.528	n	12.3051	3.69612	21.774	31.7819
1399787851.561	n	12.3050	3.69612	21.762	31.7820
1399787851.624	n	12.3049	3.69611	21.755	31.7820
1399787851.684	n	12.3048	3.69610	21.748	31.7820
1399787851.746	n	12.3048	3.69609	21.736	31.7820
1399787851.810	n	12.3047	3.69609	21.725	31.7820
1399787851.873	n	12.3047	3.69610	21.714	31.7821
1399787851.934	n	12.3046	3.69610	21.705	31.7822
1399787851.998	n	12.3046	3.69610	21.697	31.7822
1399787852.060	n	12.3046	3.69610	21.684	31.7822
1399787852.124	n	12.3046	3.69609	21.670	31.7821
1399787852.184	n	12.3046	3.69608	21.662	31.7820
1399787852.248	n	12.3047	3.69608	21.655	31.7820
1399787852.310	n	12.3046	3.69609	21.641	31.7821
1399787852.374	n	12.3046	3.69609	21.627	31.7822
1399787852.434	n	12.3046	3.69610	21.614	31.7823
1399787852.497	n	12.3046	3.69610	21.601	31.7823
1399787852.559	n	12.3045	3.69610	21.591	31.7823
1399787852.623	n	12.3045	3.69609	21.576	31.7822
1399787852.684	n	12.3046	3.69609	21.565	31.7822
1399787852.747	n	12.3046	3.69610	21.552	31.7822
1399787852.811	n	12.3046	3.69610	21.539	31.7823
1399787852.872	n	12.3047	3.69611	21.528	31.7823
1399787852.935	n	12.3047	3.69612	21.515	31.7823
1399787852.997	n	12.3048	3.69611	21.502	31.7822
1399787853.061	n	12.3048	3.69610	21.483	31.7821
1399787853.124	n	12.3048	3.69608	21.468	31.7820
1399787853.185	n	12.3048	3.69607	21.457	31.7819
1399787853.247	n	12.3048	3.69608	21.441	31.7819
1399787853.349	y	12.3048	3.69609	21.425	31.7821
1399787853.373	n	12.3048	3.69611	21.411	31.7822
1399787853.436	n	12.3048	3.69611	21.396	31.7823
1399787853.498	n	12.3049	3.69610	21.381	31.7821
1399787853.559	n	12.3049	3.69609	21.367	31.7820
1399787853.623	n	12.3050	3.69608	21.348	31.7818
1399787853.684	n	12.3051	3.69608	21.333	31.7817
1399787853.748	n	12.3051	3.69608	21.316	31.7817
1399787853.810	n	12.3052	3.69608	21.295	31.7817
1399787853.874	n	12.3053	3.69608	21.281	31.7816
1399787853.935	n	12.3054	3.69607	21.260	31.7815
1399787853.997	n	12.3054	3.69606	21.244	31.7813
1399787854.062	n	12.3055	3.69606	21.228	31.7812
1399787854.122	n	12.3057	3.69606	21.209	31.7811
1399787854.186	n	12.3058	3.69606	21.188	31.7811
1399787854.247	n	12.3059	3.69608	21.171	31.7811
1399787854.311	n	12.3061	3.69609	21.151	31.7811
1399787854.373	n	12.3062	3.69609	21.134	31.7810
1399787854.435	n	12.3063	3.69609	21.114	31.7809
1399787854.499	n	12.3064	3.69608	21.095	31.7807
1399787854.562	n	12.3065	3.69606	21.075	31.7805
1399787854.622	n	12.3065	3.69605	21.056	31.7804
1399787854.684	n	12.3067	3.69605	21.035	31.7803
1399787854.748	n	12.3068	3.69606	21.019	31.7802
1399787854.810	n	12.3069	3.69607	20.997	31.7802
1399787854.874	n	12.3071	3.69608	20.977	31.7802
1399787854.935	n	12.3073	3.69608	20.957	31.7800
1399787854.997	n	12.3075	3.69607	20.935	31.7798
1399787855.062	n	12.3077	3.69607	20.915	31.7796
1399787855.123	n	12.3079	3.69607	20.894	31.7794
1399787855.186	n	12.3081	3.69606	20.872	31.7792
1399787855.248	n	12.3082	3.69606	20.852	31.7791
1399787855.311	n	12.3084	3.69606	20.827	31.7790
1399787855.374	n	12.3086	3.69606	20.811	31.7788
1399787855.436	n	12.3087	3.69606	20.786	31.7787
1399787855.497	n	12.3089	3.69606	20.764	31.7786
1399787855.561	n	12.3090	3.69606	20.739	31.7785
1399787855.622	n	12.3091	3.69605	20.717	31.7783
1399787855.839	y	12.3093	3.69605	20.696	31.7782
1399787855.846	n	12.3094	3.69605	20.669	31.7781
1399787855.851	n	12.3095	3.69605	20.646	31.7780
1399787855.873	n	12.3097	3.69605	20.624	31.7779
1399787855.935	n	12.3099	3.69605	20.601	31.7777
1399787855.997	n	12.3101	3.69605	20.579	31.7775
1399787856.061	n	12.3104	3.69606	20.554	31.7773
1399787856.122	n	12.3106	3.69606	20.536	31.7772
1399787856.184	n	12.3107	3.69606	20.511	31.7771
1399787856.247	n	12.3108	3.69606	20.489	31.7770
1399787856.309	n	12.3110	3.69604	20.464	31.7767
1399787856.374	n	12.3112	3.69603	20.440	31.7765
1399787856.434	n	12.3114	3.69602	20.417	31.7763
1399787856.498	n	12.3116	3.69602	20.392	31.7760
1399787856.561	n	12.3118	3.69601	20.368	31.7758
1399787856.624	n	12.3120	3.69602	20.346	31.7758
1399787856.684	n	12.3122	3.69602	20.322	31.7755
1399787856.747	n	12.3125	3.69602	20.303	31.7753
1399787856.811	n	12.3127	3.69603	20.278	31.7752
1399787856.873	n	12.3130	3.69603	20.251	31.7750
1399787856.936	n	12.3131	3.69602	20.229	31.7749
1399787856.998	y	12.3133	3.69602	20.210	31.7747
1399787857.060	n	12.3135	3.69602	20.185	31.7746
1399787857.124	n	12.3137	3.69602	20.162	31.7743
1399787857.185	n	12.3140	3.69603	20.138	31.7741
1399787857.247	n	12.3143	3.69602	20.113	31.7738
1399787857.311	n	12.3146	3.69601	20.090	31.7736
1399787857.374	n	12.3148	3.69600	20.068	31.7733
1399787857.436	n	12.3151	3.69600	20.042	31.7731
1399787857.498	n	12.3153	3.69601	20.019	31.7729
1399787857.561	n	12.3156	3.69602	19.997	31.7728
1399787857.622	n	12.3159	3.69602	19.975	31.7725
1399787857.686	n	12.3161	3.69602	19.953	31.7724
1399787857.747	n	12.3164	3.69602	19.930	31.7721
1399787857.811	n	12.3166	3.69601	19.903	31.7719
1399787857.872	n	12.3169	3.69601	19.881	31.7716
1399787857.935	n	12.3172	3.69600	19.859	31.7713
1399787857.997	n	12.3175	3.69600	19.837	31.7710
1399787858.061	n	12.3178	3.69600	19.816	31.7708
1399787858.124	n	12.3182	3.69600	19.792	31.7706
1399787858.186	n	12.3185	3.69601	19.772	31.7703
1399787858.247	n	12.3188	3.69601	19.745	31.7701
1399787858.311	n	12.3191	3.69601	19.721	31.7699
1399787858.374	n	12.3195	3.69601	19.704	31.7695
1399787858.435	n	12.3199	3.69601	19.680	31.7692
1399787858.498	n	12.3202	3.69600	19.660	31.7688
1399787858.560	n	12.3206	3.69600	19.637	31.7684
1399787858.624	n	12.3210	3.69599	19.611	31.7681
1399787858.685	n	12.3214	3.69599	19.594	31.7678
1399787858.747	n	12.3218	3.69599	19.572	31.7674
1399787858.810	n	12.3221	3.69598	19.550	31.7671
1399787858.873	n	12.3225	3.69598	19.529	31.7668
1399787858.935	n	12.3229	3.69598	19.509	31.7665
1399787859.050	y	12.3233	3.69599	19.486	31.7662
1399787859.061	n	12.3237	3.69600	19.467	31.7659
1399787859.123	n	12.3241	3.69600	19.443	31.7656
1399787859.184	n	12.3245	3.69600	19.421	31.7653
1399787859.247	n	12.3249	3.69599	19.396	31.7649
1399787859.310	n	12.3254	3.69599	19.379	31.7645
1399787859.373	n	12.3258	3.69599	19.357	31.7641
1399787859.436	n	12.3263	3.69599	19.335	31.7637
1399787859.497	n	12.3267	3.69599	19.316	31.7634
1399787859.561	n	12.3272	3.69600	19.295	31.7631
1399787859.623	n	12.3276	3.69600	19.273	31.7628
1399787859.685	n	12.3279	3.69600	19.254	31.7624
1399787859.747	n	12.3283	3.69599	19.234	31.7620
1399787859.809	n	12.3288	3.69598	19.213	31.7615
1399787859.873	n	12.3292	3.69597	19.196	31.7611
1399787860.044	y	12.3296	3.69598	19.174	31.7609
1399787860.052	n	12.3300	3.69599	19.151	31.7606
1399787860.062	n	12.3304	3.69600	19.136	31.7604
1399787860.124	n	12.3308	3.69599	19.115	31.7600
1399787860.185	n	12.3312	3.69599	19.094	31.7596
1399787860.248	n	12.3316	3.69598	19.075	31.7592
1399787860.311	n	12.3320	3.69597	19.053	31.7589
1399787860.374	n	12.3324	3.69597	19.033	31.7585
1399787860.434	n	12.3327	3.69597	19.012	31.7582
1399787860.498	n	12.3331	3.69597	18.992	31.7579
1399787860.560	y	12.3335	3.69598	18.975	31.7577
1399787860.624	n	12.3338	3.69598	18.955	31.7574
1399787860.685	n	12.3342	3.69599	18.934	31.7572
1399787860.747	n	12.3346	3.69598	18.914	31.7568
1399787860.812	n	12.3350	3.69598	18.896	31.7564
1399787860.874	n	12.3353	3.69597	18.878	31.7561
1399787860.935	n	12.3356	3.69597	18.856	31.7558
1399787860.997	n	12.3359	3.69598	18.836	31.7556
1399787861.062	n	12.3363	3.69598	18.817	31.7553
1399787861.124	n	12.3366	3.69597	18.797	31.7550
1399787861.185	n	12.3369	3.69596	18.780	31.7547
1399787861.247	n	12.3373	3.69596	18.761	31.7543
1399787861.310	n	12.3376	3.69595	18.742	31.7541
1399787861.374	n	12.3379	3.69595	18.726	31.7537
1399787861.435	n	12.3382	3.69595	18.707	31.7535
1399787861.498	n	12.3385	3.69596	18.686	31.7533
1399787861.559	n	12.3389	3.69597	18.666	31.7532
1399787861.624	n	12.3392	3.69598	18.648	31.7530
1399787861.686	n	12.3394	3.69597	18.626	31.7527
1399787861.748	n	12.3396	3.69596	18.610	31.7524
1399787861.811	n	12.3399	3.69595	18.592	31.7521
1399787861.874	n	12.3402	3.69595	18.572	31.7519
1399787861.935	n	12.3405	3.69596	18.552	31.7517
1399787861.999	n	12.3409	3.69596	18.535	31.7514
1399787862.060	n	12.3411	3.69595	18.517	31.7511
1399787862.124	n	12.3414	3.69595	18.501	31.7509
1399787862.185	n	12.3417	3.69595	18.481	31.7506
1399787862.248	n	12.3419	3.69595	18.464	31.7505
1399787862.310	n	12.3421	3.69595	18.452	31.7503
1399787862.375	n	12.3423	3.69595	18.431	31.7501
1399787862.436	n	12.3425	3.69594	18.413	31.7499
1399787862.498	n	12.3427	3.69594	18.393	31.7497
1399787862.561	n	12.3429	3.69594	18.379	31.7495
1399787862.622	n	12.3432	3.69594	18.361	31.7494
1399787862.685	n	12.3434	3.69594	18.343	31.7491
1399787862.747	n	12.3435	3.69593	18.327	31.7490
1399787862.810	n	12.3437	3.69593	18.313	31.7488
1399787862.875	n	12.3439	3.69592	18.297	31.7486
1399787862.936	n	12.3440	3.69592	18.281	31.7485
1399787862.998	n	12.3442	3.69593	18.266	31.7484
1399787863.061	n	12.3444	3.69593	18.251	31.7482
1399787863.123	n	12.3447	3.69592	18.234	31.7480
1399787863.185	n	12.3449	3.69592	18.217	31.7478
1399787863.247	n	12.3450	3.69592	18.202	31.7477
1399787863.311	n	12.3451	3.69592	18.185	31.7476
1399787863.374	n	12.3452	3.69592	18.172	31.7475
1399787863.435	n	12.3453	3.69591	18.155	31.7473
1399787863.497	n	12.3455	3.69591	18.142	31.7471
1399787863.560	n	12.3458	3.69591	18.126	31.7470
1399787863.623	n	12.3460	3.69592	18.111	31.7468
1399787863.685	n	12.3462	3.69592	18.095	31.7466
1399787863.748	n	12.3464	3.69591	18.079	31.7464
1399787863.811	n	12.3465	3.69590	18.066	31.7462
1399787863.872	n	12.3467	3.69590	18.049	31.7461
1399787863.935	n	12.3468	3.69590	18.033	31.7460
1399787863.997	n	12.3470	3.69590	18.022	31.7459
1399787864.061	n	12.3472	3.69591	18.004	31.7458
1399787864.123	n	12.3474	3.69591	17.992	31.7455
1399787864.234	y	12.3477	3.69590	17.976	31.7453
1399787864.247	n	12.3479	3.69590	17.961	31.7451
1399787864.311	n	12.3481	3.69590	17.946	31.7449
1399787864.374	y	12.3483	3.69590	17.931	31.7448
1399787864.435	n	12.3484	3.69590	17.914	31.7447
1399787864.497	n	12.3486	3.69590	17.900	31.7445
1399787864.559	n	12.3489	3.69589	17.883	31.7442
1399787864.623	n	12.3491	3.69588	17.869	31.7440
1399787864.685	n	12.3493	3.69588	17.855	31.7438
1399787864.748	n	12.3495	3.69587	17.837	31.7436
1399787864.811	n	12.3497	3.69588	17.823	31.7434
1399787864.872	n	12.3499	3.69588	17.807	31.7433
1399787864.935	n	12.3502	3.69588	17.789	31.7431
1399787864.997	n	12.3504	3.69588	17.776	31.7429
1399787865.062	n	12.3506	3.69589	17.760	31.7428
1399787865.122	n	12.3508	3.69588	17.743	31.7426
1399787865.184	n	12.3510	3.69589	17.727	31.7425
1399787865.247	n	12.3511	3.69588	17.716	31.7423
1399787865.310	n	12.3513	3.69588	17.701	31.7421
1399787865.374	n	12.3515	3.69587	17.683	31.7419
1399787865.434	n	12.3518	3.69586	17.670	31.7416
1399787865.498	n	12.3520	3.69586	17.653	31.7413
1399787865.560	n	12.3522	3.69586	17.635	31.7412
1399787865.622	n	12.3524	3.69586	17.618	31.7411
1399787865.684	n	12.3526	3.69587	17.603	31.7409
1399787865.747	n	12.3529	3.69587	17.590	31.7407
1399787865.812	n	12.3531	3.69586	17.573	31.7405
1399787865.874	n	12.3533	3.69585	17.555	31.7403
1399787865.935	n	12.3535	3.69585	17.540	31.7400
1399787865.997	n	12.3537	3.69584	17.528	31.7398
1399787866.061	n	12.3539	3.69585	17.506	31.7397
1399787866.122	n	12.3541	3.69585	17.489	31.7395
1399787866.185	n	12.3543	3.69585	17.475	31.7394
1399787866.248	n	12.3545	3.69585	17.456	31.7393
1399787866.311	n	12.3546	3.69585	17.437	31.7391
1399787866.373	n	12.3548	3.69585	17.422	31.7390
1399787866.434	n	12.3550	3.69585	17.405	31.7388
1399787866.497	n	12.3552	3.69585	17.383	31.7386
1399787866.562	n	12.3555	3.69585	17.364	31.7385
1399787866.622	n	12.3557	3.69585	17.348	31.7383
1399787866.686	n	12.3558	3.69585	17.329	31.7382
1399787866.747	n	12.3560	3.69585	17.311	31.7380
1399787866.809	n	12.3562	3.69585	17.293	31.7378
1399787866.873	n	12.3565	3.69586	17.272	31.7377
1399787866.935	n	12.3567	3.69585	17.253	31.7375
1399787866.997	n	12.3569	3.69585	17.232	31.7374
1399787867.061	n	12.3571	3.69585	17.212	31.7372
1399787867.123	n	12.3573	3.69585	17.193	31.7370
1399787867.185	n	12.3575	3.69586	17.172	31.7369
1399787867.247	n	12.3578	3.69587	17.151	31.7368
1399787867.310	n	12.3580	3.69586	17.132	31.7366
1399787867.374	n	12.3581	3.69585	17.107	31.7363
1399787867.436	n	12.3583	3.69584	17.088	31.7361
1399787867.497	n	12.3586	3.69584	17.066	31.7359
1399787867.560	n	12.3588	3.69584	17.045	31.7357
1399787867.624	n	12.3590	3.69583	17.024	31.7355
1399787867.686	n	12.3591	3.69584	17.000	31.7354
1399787867.747	n	12.3593	3.69583	16.978	31.7352
1399787867.811	n	12.3596	3.69583	16.952	31.7350
1399787867.872	n	12.3598	3.69582	16.933	31.7347
1399787867.935	y	12.3601	3.69582	16.909	31.7345
1399787868.002	n	12.3604	3.69582	16.886	31.7342
1399787868.062	n	12.3607	3.69581	16.865	31.7339
1399787868.124	n	12.3609	3.69581	16.841	31.7337
1399787868.185	n	12.3612	3.69581	16.817	31.7334
1399787868.248	n	12.3615	3.69581	16.795	31.7332
1399787868.311	n	12.3618	3.69581	16.770	31.7330
1399787868.374	y	12.3621	3.69581	16.746	31.7327
1399787868.505	n	12.3623	3.69581	16.722	31.7325
1399787868.509	n	12.3626	3.69581	16.698	31.7324
1399787868.566	n	12.3628	3.69581	16.674	31.7321
1399787868.623	n	12.3631	3.69581	16.650	31.7319
1399787868.686	n	12.3633	3.69581	16.625	31.7317
1399787868.749	n	12.3636	3.69580	16.603	31.7314
1399787868.810	n	12.3639	3.69579	16.578	31.7311
1399787868.873	n	12.3641	3.69580	16.553	31.7310
1399787868.934	n	12.3643	3.69580	16.529	31.7309
1399787868.998	n	12.3645	3.69580	16.506	31.7307
1399787869.060	n	12.3647	3.69580	16.482	31.7305
1399787869.122	n	12.3649	3.69578	16.458	31.7302
1399787869.184	n	12.3651	3.69576	16.435	31.7299
1399787869.249	n	12.3652	3.69577	16.408	31.7298
1399787869.311	n	12.3654	3.69578	16.384	31.7298
1399787869.375	n	12.3656	3.69580	16.360	31.7299
1399787869.435	n	12.3658	3.69581	16.337	31.7298
1399787869.497	n	12.3660	3.69581	16.315	31.7296
1399787869.565	n	12.3661	3.69579	16.287	31.7293
1399787869.624	n	12.3662	3.69576	16.264	31.7290
1399787869.685	n	12.3663	3.69574	16.243	31.7287
1399787869.747	n	12.3665	3.69574	16.223	31.7286
1399787869.810	n	12.3666	3.69574	16.198	31.7284
1399787869.874	n	12.3667	3.69574	16.177	31.7284
1399787869.935	n	12.3668	3.69575	16.153	31.7284
1399787869.998	n	12.3669	3.69576	16.128	31.7284
1399787870.060	n	12.3670	3.69575	16.102	31.7283
1399787870.123	n	12.3671	3.69574	16.088	31.7281
1399787870.186	n	12.3672	3.69573	16.065	31.7279
1399787870.248	n	12.3672	3.69572	16.038	31.7278
1399787870.311	n	12.3673	3.69572	16.020	31.7278
1399787870.374	n	12.3674	3.69573	16.000	31.7277
1399787870.434	n	12.3676	3.69574	15.982	31.7277
1399787870.497	n	12.3678	3.69576	15.961	31.7277
1399787870.564	n	12.3679	3.69577	15.940	31.7277
1399787870.623	n	12.3681	3.69576	15.917	31.7276
1399787870.684	n	12.3682	3.69575	15.901	31.7273
1399787870.747	n	12.3683	3.69573	15.884	31.7271
1399787870.810	n	12.3684	3.69571	15.862	31.7268
1399787870.874	n	12.3685	3.69570	15.845	31.7266
1399787870.935	n	12.3686	3.69570	15.826	31.7266
1399787870.997	n	12.3687	3.69571	15.809	31.7265
1399787871.061	n	12.3689	3.69571	15.791	31.7264
1399787871.123	n	12.3690	3.69572	15.772	31.7264
1399787871.186	n	12.3691	3.69572	15.755	31.7264
1399787871.247	n	12.3692	3.69572	15.740	31.7263
1399787871.311	n	12.3693	3.69572	15.726	31.7262
1399787871.372	n	12.3694	3.69571	15.711	31.7260
1399787871.435	n	12.3696	3.69571	15.693	31.7259
1399787871.497	y	12.3697	3.69570	15.679	31.7257
1399787871.583	n	12.3699	3.69570	15.664	31.7255
1399787871.624	n	12.3700	3.69570	15.649	31.7254
1399787871.685	n	12.3701	3.69570	15.638	31.7253
1399787871.747	n	12.3702	3.69570	15.623	31.7253
1399787871.809	n	12.3703	3.69571	15.606	31.7252
1399787871.872	n	12.3704	3.69570	15.594	31.7251
1399787871.934	n	12.3705	3.69569	15.581	31.7250
1399787871.998	n	12.3706	3.69569	15.566	31.7249
1399787872.061	n	12.3708	3.69569	15.550	31.7247
1399787872.122	n	12.3709	3.69569	15.539	31.7246
1399787872.184	n	12.3711	3.69570	15.525	31.7245
1399787872.248	n	12.3714	3.69570	15.509	31.7243
1399787872.311	n	12.3715	3.69569	15.498	31.7242
1399787872.375	n	12.3716	3.69569	15.486	31.7240
1399787872.435	n	12.3717	3.69567	15.472	31.7238
1399787872.498	n	12.3719	3.69567	15.460	31.7236
1399787872.560	n	12.3720	3.69567	15.446	31.7235
1399787872.623	y	12.3722	3.69568	15.435	31.7235
1399787872.767	n	12.3723	3.69568	15.424	31.7234
1399787872.773	n	12.3725	3.69568	15.412	31.7233
1399787872.810	n	12.3726	3.69567	15.404	31.7231
1399787872.875	n	12.3728	3.69567	15.389	31.7229
1399787872.935	n	12.3729	3.69567	15.375	31.7229
1399787872.997	n	12.3730	3.69569	15.368	31.7229
1399787873.061	n	12.3731	3.69569	15.355	31.7228
1399787873.124	n	12.3732	3.69570	15.344	31.7228
1399787873.186	n	12.3734	3.69570	15.329	31.7227
1399787873.247	n	12.3735	3.69569	15.319	31.7225
1399787873.311	n	12.3737	3.69568	15.306	31.7223
1399787873.376	n	12.3738	3.69568	15.296	31.7222
1399787873.435	n	12.3740	3.69568	15.284	31.7220
1399787873.498	n	12.3741	3.69568	15.276	31.7219
1399787873.560	n	12.3743	3.69569	15.261	31.7219
1399787873.624	n	12.3744	3.69569	15.250	31.7218
1399787873.685	n	12.3746	3.69570	15.240	31.7217
1399787873.748	n	12.3748	3.69570	15.227	31.7216
1399787873.810	n	12.3750	3.69570	15.212	31.7214
1399787873.872	n	12.3751	3.69569	15.200	31.7212
1399787873.935	n	12.3753	3.69568	15.191	31.7210
1399787873.997	n	12.3755	3.69569	15.179	31.7209
1399787874.059	n	12.3756	3.69569	15.167	31.7208
1399787874.124	n	12.3758	3.69569	15.155	31.7206
1399787874.185	n	12.3760	3.69569	15.140	31.7204
1399787874.247	n	12.3762	3.69569	15.128	31.7203
1399787874.310	n	12.3763	3.69569	15.114	31.7202
1399787874.375	n	12.3765	3.69570	15.102	31.7202
1399787874.568	y	12.3767	3.69570	15.086	31.7200
1399787874.574	n	12.3770	3.69570	15.073	31.7198
1399787874.583	n	12.3772	3.69569	15.058	31.7195
1399787874.623	n	12.3776	3.69568	15.046	31.7191
1399787874.686	n	12.3779	3.69568	15.032	31.7188
1399787874.748	n	12.3782	3.69568	15.016	31.7185
1399787874.811	n	12.3786	3.69567	15.002	31.7182
1399787874.872	n	12.3789	3.69568	14.987	31.7180
1399787874.935	n	12.3793	3.69569	14.974	31.7177
1399787874.997	n	12.3798	3.69570	14.958	31.7175
1399787875.059	n	12.3803	3.69571	14.943	31.7171
1399787875.124	n	12.3808	3.69570	14.926	31.7166
1399787875.185	n	12.3814	3.69570	14.911	31.7161
1399787875.247	n	12.3820	3.69570	14.893	31.7156
1399787875.312	y	12.3826	3.69571	14.881	31.7152
1399787875.373	n	12.3832	3.69571	14.864	31.7147
1399787875.434	n	12.3838	3.69571	14.847	31.7142
1399787875.498	n	12.3845	3.69570	14.827	31.7135
1399787875.560	n	12.3852	3.69570	14.809	31.7130
1399787875.623	n	12.3858	3.69571	14.793	31.7125
1399787875.684	n	12.3865	3.69571	14.775	31.7119
1399787875.747	n	12.3871	3.69570	14.761	31.7114
1399787875.811	n	12.3877	3.69569	14.739	31.7107
1399787875.873	n	12.3883	3.69569	14.720	31.7102
1399787875.935	n	12.3889	3.69569	14.699	31.7098
1399787875.997	n	12.3895	3.69570	14.682	31.7094
1399787876.060	n	12.3900	3.69570	14.664	31.7090
1399787876.124	n	12.3905	3.69570	14.648	31.7086
1399787876.185	n	12.3909	3.69570	14.627	31.7081
1399787876.248	n	12.3914	3.69569	14.605	31.7077
1399787876.312	n	12.3918	3.69569	14.586	31.7074
1399787876.375	n	12.3921	3.69569	14.566	31.7071
1399787876.435	n	12.3925	3.69569	14.547	31.7067
1399787876.497	n	12.3929	3.69568	14.525	31.7064
1399787876.560	n	12.3932	3.69569	14.508	31.7061
1399787876.623	n	12.3936	3.69569	14.487	31.7059
1399787876.685	n	12.3939	3.69569	14.468	31.7056
1399787876.748	n	12.3942	3.69569	14.449	31.7054
1399787876.810	n	12.3944	3.69569	14.426	31.7052
1399787876.873	y	12.3946	3.69568	14.404	31.7049
1399787877.048	n	12.3949	3.69568	14.383	31.7047
1399787877.054	n	12.3951	3.69567	14.357	31.7045
1399787877.060	n	12.3954	3.69567	14.340	31.7042
1399787877.125	n	12.3956	3.69566	14.315	31.7040
1399787877.185	n	12.3958	3.69566	14.291	31.7038
1399787877.249	n	12.3960	3.69567	14.271	31.7037
1399787877.311	n	12.3961	3.69566	14.249	31.7036
1399787877.374	n	12.3963	3.69565	14.227	31.7033
1399787877.435	n	12.3965	3.69565	14.202	31.7031
1399787877.498	n	12.3967	3.69564	14.179	31.7029
1399787877.559	n	12.3969	3.69564	14.158	31.7027
1399787877.623	n	12.3972	3.69564	14.136	31.7025
1399787877.685	n	12.3974	3.69564	14.112	31.7023
1399787877.748	n	12.3977	3.69564	14.086	31.7021
1399787877.810	n	12.3979	3.69563	14.066	31.7019
1399787877.872	n	12.3981	3.69562	14.043	31.7016
1399787877.936	n	12.3984	3.69562	14.023	31.7013
1399787877.998	n	12.3986	3.69562	13.995	31.7011
1399787878.060	n	12.3989	3.69562	13.973	31.7009
1399787878.123	n	12.3992	3.69562	13.954	31.7007
1399787878.185	n	12.3995	3.69562	13.928	31.7005
1399787878.248	n	12.3998	3.69562	13.907	31.7002
1399787878.311	n	12.4001	3.69562	13.886	31.6999
1399787878.374	n	12.4004	3.69561	13.863	31.6997
1399787878.437	n	12.4007	3.69560	13.838	31.6993
1399787878.498	n	12.4009	3.69560	13.814	31.6991
1399787878.561	n	12.4012	3.69560	13.795	31.6988
1399787878.622	n	12.4015	3.69561	13.775	31.6987
1399787878.686	n	12.4019	3.69562	13.752	31.6985
1399787878.749	n	12.4022	3.69562	13.726	31.6983
1399787878.811	n	12.4025	3.69562	13.704	31.6980
1399787878.873	n	12.4028	3.69561	13.684	31.6977
1399787879.002	y	12.4031	3.69560	13.663	31.6973
1399787879.007	n	12.4035	3.69559	13.641	31.6969
1399787879.062	n	12.4039	3.69558	13.619	31.6965
1399787879.123	n	12.4043	3.69558	13.593	31.6961
1399787879.184	n	12.4048	3.69558	13.575	31.6958
1399787879.249	n	12.4051	3.69559	13.552	31.6955
1399787879.310	n	12.4055	3.69560	13.532	31.6953
1399787879.375	n	12.4058	3.69560	13.510	31.6951
1399787879.435	n	12.4062	3.69559	13.489	31.6947
1399787879.498	n	12.4065	3.69558	13.468	31.6943
1399787879.561	n	12.4069	3.69557	13.446	31.6939
1399787879.622	n	12.4073	3.69557	13.429	31.6936
1399787879.685	n	12.4077	3.69558	13.409	31.6933
1399787879.747	n	12.4081	3.69559	13.387	31.6931
1399787879.812	n	12.4085	3.69560	13.366	31.6928
1399787879.872	n	12.4090	3.69560	13.348	31.6925
1399787879.936	n	12.4095	3.69560	13.325	31.6921
1399787879.998	n	12.4099	3.69560	13.305	31.6917
1399787880.061	n	12.4104	3.69559	13.285	31.6913
1399787880.124	n	12.4108	3.69558	13.265	31.6908
1399787880.186	n	12.4112	3.69557	13.247	31.6903
1399787880.247	n	12.4117	3.69556	13.228	31.6899
1399787880.311	n	12.4121	3.69557	13.209	31.6896
1399787880.374	n	12.4126	3.69559	13.191	31.6893
1399787880.435	n	12.4132	3.69560	13.171	31.6890
1399787880.497	n	12.4137	3.69560	13.154	31.6886
1399787880.562	n	12.4142	3.69560	13.134	31.6882
1399787880.623	n	12.4146	3.69559	13.114	31.6877
1399787880.686	n	12.4151	3.69557	13.095	31.6871
1399787880.748	n	12.4156	3.69556	13.079	31.6866
1399787880.810	n	12.4161	3.69555	13.061	31.6861
1399787880.873	n	12.4167	3.69556	13.042	31.6857
1399787880.934	n	12.4172	3.69556	13.027	31.6853
1399787880.997	n	12.4178	3.69557	13.010	31.6849
1399787881.062	n	12.4183	3.69558	12.991	31.6845
1399787881.122	y	12.4189	3.69559	12.976	31.6841
1399787881.230	n	12.4194	3.69559	12.958	31.6837
1399787881.248	n	12.4200	3.69558	12.938	31.6832
1399787881.312	n	12.4205	3.69556	12.925	31.6826
1399787881.373	n	12.4210	3.69555	12.904	31.6820
1399787881.435	n	12.4215	3.69553	12.888	31.6814
1399787881.497	n	12.4221	3.69553	12.876	31.6809
1399787881.561	n	12.4227	3.69553	12.862	31.6804
1399787881.624	n	12.4232	3.69554	12.848	31.6801
1399787881.685	n	12.4238	3.69555	12.826	31.6797
1399787881.747	n	12.4243	3.69555	12.810	31.6792
1399787881.810	n	12.4249	3.69554	12.795	31.6787
1399787881.872	n	12.4255	3.69554	12.780	31.6782
1399787881.934	n	12.4261	3.69554	12.765	31.6777
1399787881.998	n	12.4267	3.69555	12.752	31.6772
1399787882.059	n	12.4273	3.69555	12.738	31.6768
1399787882.123	n	12.4279	3.69555	12.721	31.6763
1399787882.186	n	12.4285	3.69554	12.704	31.6757
1399787882.248	n	12.4290	3.69553	12.690	31.6752
1399787882.310	n	12.4296	3.69553	12.674	31.6747
1399787882.373	n	12.4302	3.69553	12.656	31.6741
1399787882.436	n	12.4309	3.69553	12.640	31.6736
1399787882.560	y	12.4315	3.69553	12.626	31.6731
1399787882.565	n	12.4321	3.69553	12.614	31.6726
1399787882.623	n	12.4328	3.69553	12.597	31.6720
1399787882.685	n	12.4335	3.69552	12.585	31.6714
1399787882.748	n	12.4342	3.69552	12.568	31.6708
1399787882.811	n	12.4349	3.69552	12.553	31.6702
1399787882.874	n	12.4355	3.69553	12.537	31.6697
1399787882.935	n	12.4362	3.69553	12.523	31.6691
1399787882.998	n	12.4369	3.69552	12.508	31.6684
1399787883.061	n	12.4377	3.69550	12.493	31.6677
1399787883.122	n	12.4384	3.69549	12.476	31.6670
1399787883.185	n	12.4392	3.69549	12.462	31.6662
1399787883.247	n	12.4400	3.69549	12.447	31.6656
1399787883.312	n	12.4408	3.69550	12.434	31.6650
1399787883.373	n	12.4416	3.69551	12.418	31.6644
1399787883.436	n	12.4425	3.69551	12.402	31.6637
1399787883.498	n	12.4433	3.69550	12.386	31.6630
1399787883.559	n	12.4443	3.69549	12.371	31.6621
1399787883.623	n	12.4452	3.69547	12.354	31.6611
1399787883.685	n	12.4462	3.69546	12.339	31.6602
1399787883.749	n	12.4472	3.69546	12.327	31.6594
1399787883.809	n	12.4482	3.69546	12.312	31.6585
1399787883.873	n	12.4493	3.69547	12.293	31.6577
1399787883.935	n	12.4503	3.69547	12.277	31.6568
1399787883.998	n	12.4514	3.69547	12.260	31.6559
1399787884.061	n	12.4525	3.69547	12.248	31.6550
1399787884.123	n	12.4536	3.69547	12.231	31.6540
1399787884.185	n	12.4546	3.69546	12.219	31.6531
1399787884.248	n	12.4557	3.69545	12.199	31.6521
1399787884.312	n	12.4567	3.69545	12.188	31.6512
1399787884.373	n	12.4579	3.69545	12.170	31.6503
1399787884.435	n	12.4590	3.69545	12.154	31.6493
1399787884.497	n	12.4602	3.69544	12.139	31.6483
1399787884.560	n	12.4613	3.69543	12.121	31.6473
1399787884.623	n	12.4624	3.69544	12.106	31.6464
1399787884.685	n	12.4635	3.69544	12.090	31.6455
1399787884.748	n	12.4645	3.69544	12.074	31.6447
1399787884.810	n	12.4655	3.69544	12.056	31.6437
1399787884.873	n	12.4665	3.69543	12.042	31.6428
1399787884.936	n	12.4675	3.69541	12.030	31.6419
1399787884.998	n	12.4684	3.69540	12.011	31.6411
1399787885.061	n	12.4693	3.69540	11.990	31.6403
1399787885.122	n	12.4701	3.69540	11.974	31.6396
1399787885.186	n	12.4710	3.69541	11.956	31.6389
1399787885.247	n	12.4719	3.69541	11.938	31.6382
1399787885.311	n	12.4727	3.69541	11.922	31.6375
1399787885.497	y	12.4736	3.69540	11.906	31.6366
1399787885.503	n	12.4744	3.69539	11.888	31.6358
1399787885.508	n	12.4752	3.69537	11.870	31.6351
1399787885.562	n	12.4760	3.69538	11.853	31.6344
1399787885.622	n	12.4769	3.69538	11.833	31.6338
1399787885.686	n	12.4777	3.69538	11.817	31.6330
1399787885.749	n	12.4786	3.69536	11.800	31.6321
1399787885.810	n	12.4795	3.69535	11.781	31.6312
1399787885.873	n	12.4804	3.69534	11.760	31.6304
1399787885.935	n	12.4814	3.69534	11.743	31.6296
1399787885.999	n	12.4823	3.69534	11.725	31.6288
1399787886.060	n	12.4834	3.69534	11.709	31.6280
1399787886.124	n	12.4844	3.69533	11.692	31.6269
1399787886.185	n	12.4856	3.69531	11.672	31.6258
1399787886.247	n	12.4868	3.69529	11.658	31.6247
1399787886.328	y	12.4880	3.69530	11.642	31.6237
1399787886.375	n	12.4893	3.69530	11.620	31.6226
1399787886.436	n	12.4907	3.69531	11.604	31.6216
1399787886.498	n	12.4921	3.69532	11.584	31.6205
1399787886.560	n	12.4935	3.69531	11.565	31.6192
1399787886.622	n	12.4950	3.69531	11.547	31.6180
1399787886.684	n	12.4965	3.69530	11.530	31.6166
1399787886.747	n	12.4980	3.69529	11.508	31.6153
1399787886.810	n	12.4995	3.69528	11.495	31.6139
1399787886.874	n	12.5009	3.69528	11.474	31.6127
1399787886.936	n	12.5024	3.69529	11.457	31.6116
1399787886.997	n	12.5039	3.69529	11.439	31.6103
1399787887.061	n	12.5053	3.69527	11.419	31.6090
1399787887.123	n	12.5068	3.69527	11.401	31.6078
1399787887.185	n	12.5082	3.69526	11.379	31.6065
1399787887.248	n	12.5095	3.69526	11.359	31.6053
1399787887.310	n	12.5109	3.69526	11.338	31.6042
1399787887.373	n	12.5122	3.69526	11.317	31.6031
1399787887.435	n	12.5135	3.69526	11.299	31.6020
1399787887.497	n	12.5148	3.69526	11.281	31.6009
1399787887.561	n	12.5160	3.69525	11.260	31.5999
1399787887.623	n	12.5172	3.69525	11.240	31.5988
1399787887.686	n	12.5184	3.69523	11.220	31.5977
1399787887.748	n	12.5195	3.69522	11.204	31.5966
1399787887.812	n	12.5206	3.69521	11.184	31.5956
1399787887.872	n	12.5217	3.69520	11.166	31.5946
1399787887.936	n	12.5227	3.69520	11.143	31.5938
1399787887.997	n	12.5236	3.69519	11.125	31.5929
1399787888.060	n	12.5246	3.69518	11.103	31.5920
1399787888.122	n	12.5256	3.69518	11.081	31.5911
1399787888.185	n	12.5266	3.69517	11.061	31.5903
1399787888.248	n	12.5276	3.69517	11.039	31.5894
1399787888.310	n	12.5285	3.69515	11.017	31.5885
1399787888.373	n	12.5294	3.69513	10.998	31.5876
1399787888.436	n	12.5302	3.69513	10.981	31.5868
1399787888.499	n	12.5311	3.69512	10.957	31.5861
1399787888.560	n	12.5319	3.69512	10.937	31.5853
1399787888.624	n	12.5328	3.69512	10.916	31.5846
1399787888.687	n	12.5336	3.69511	10.899	31.5839
1399787888.748	n	12.5344	3.69511	10.878	31.5832
1399787888.812	n	12.5352	3.69511	10.855	31.5826
1399787888.872	n	12.5360	3.69511	10.836	31.5819
1399787888.934	n	12.5369	3.69511	10.815	31.5811
1399787888.998	n	12.5376	3.69509	10.793	31.5804
1399787889.061	n	12.5384	3.69507	10.773	31.5796
1399787889.123	n	12.5391	3.69506	10.754	31.5788
1399787889.184	n	12.5399	3.69505	10.736	31.5781
1399787889.247	n	12.5407	3.69504	10.714	31.5773
1399787889.310	n	12.5415	3.69504	10.693	31.5767
1399787889.373	n	12.5422	3.69503	10.672	31.5761
1399787889.434	n	12.5428	3.69503	10.654	31.5755
1399787889.497	n	12.5434	3.69503	10.632	31.5750
1399787889.561	n	12.5439	3.69503	10.617	31.5746
1399787889.760	y	12.5444	3.69502	10.597	31.5741
1399787889.768	n	12.5448	3.69501	10.575	31.5736
1399787889.775	n	12.5452	3.69499	10.559	31.5732
1399787889.812	n	12.5457	3.69498	10.539	31.5727
1399787889.878	y	12.5461	3.69497	10.519	31.5722
1399787889.961	n	12.5466	3.69495	10.499	31.5717
1399787889.998	n	12.5470	3.69494	10.485	31.5712
1399787890.060	n	12.5475	3.69494	10.465	31.5707
1399787890.124	n	12.5480	3.69494	10.448	31.5703
1399787890.186	n	12.5484	3.69494	10.432	31.5700
1399787890.248	n	12.5488	3.69494	10.413	31.5697
1399787890.311	n	12.5493	3.69494	10.394	31.5693
1399787890.372	n	12.5497	3.69494	10.379	31.5690
1399787890.436	n	12.5501	3.69494	10.360	31.5686
1399787890.498	n	12.5506	3.69492	10.343	31.5681
1399787890.560	n	12.5510	3.69492	10.322	31.5677
1399787890.626	n	12.5515	3.69492	10.309	31.5672
1399787890.685	n	12.5520	3.69491	10.292	31.5668
1399787890.747	n	12.5525	3.69490	10.275	31.5663
1399787890.812	n	12.5529	3.69490	10.263	31.5659
1399787890.874	n	12.5533	3.69489	10.244	31.5655
1399787890.936	n	12.5538	3.69489	10.227	31.5651
1399787890.998	n	12.5542	3.69489	10.207	31.5647
1399787891.061	n	12.5547	3.69488	10.193	31.5643
1399787891.124	n	12.5552	3.69487	10.178	31.5638
1399787891.184	n	12.5557	3.69487	10.163	31.5634
1399787891.247	n	12.5561	3.69487	10.149	31.5630
1399787891.312	n	12.5565	3.69486	10.137	31.5626
1399787891.373	n	12.5570	3.69486	10.120	31.5622
1399787891.435	n	12.5574	3.69486	10.109	31.5618
1399787891.497	n	12.5577	3.69486	10.095	31.5615
1399787891.562	n	12.5582	3.69485	10.081	31.5612
1399787891.627	n	12.5586	3.69485	10.067	31.5607
1399787891.686	n	12.5590	3.69484	10.051	31.5603
1399787891.748	n	12.5594	3.69484	10.040	31.5600
1399787891.810	n	12.5598	3.69485	10.024	31.5597
1399787891.873	n	12.5602	3.69486	10.011	31.5595
1399787891.935	n	12.5605	3.69486	9.999	31.5592
1399787891.997	n	12.5609	3.69485	9.983	31.5588
1399787892.062	n	12.5613	3.69484	9.973	31.5584
1399787892.122	n	12.5617	3.69484	9.964	31.5580
1399787892.185	n	12.5622	3.69484	9.947	31.5577
1399787892.248	n	12.5626	3.69484	9.937	31.5574
1399787892.310	n	12.5630	3.69483	9.924	31.5570
1399787892.373	n	12.5633	3.69482	9.912	31.5566
1399787892.436	n	12.5637	3.69481	9.900	31.5562
1399787892.499	n	12.5641	3.69480	9.885	31.5558
1399787892.560	n	12.5646	3.69480	9.876	31.5554
1399787892.624	n	12.5651	3.69480	9.868	31.5549
1399787892.685	n	12.5656	3.69480	9.854	31.5545
1399787892.748	n	12.5661	3.69480	9.841	31.5541
1399787892.811	n	12.5666	3.69480	9.831	31.5537
1399787892.873	n	12.5671	3.69481	9.822	31.5533
1399787892.936	n	12.5676	3.69481	9.812	31.5529
1399787892.998	n	12.5682	3.69482	9.799	31.5525
1399787893.060	n	12.5688	3.69481	9.786	31.5520
1399787893.123	n	12.5694	3.69481	9.776	31.5515
1399787893.186	n	12.5699	3.69480	9.766	31.5508
1399787893.248	n	12.5705	3.69479	9.753	31.5503
1399787893.311	n	12.5710	3.69478	9.740	31.5498
1399787893.374	n	12.5716	3.69478	9.733	31.5493
1399787893.435	n	12.5721	3.69478	9.721	31.5489
1399787893.497	n	12.5727	3.69479	9.707	31.5485
1399787893.614	y	12.5733	3.69479	9.697	31.5480
1399787893.627	n	12.5739	3.69479	9.686	31.5475
1399787893.685	n	12.5745	3.69479	9.674	31.5470
1399787893.747	n	12.5751	3.69478	9.662	31.5465
1399787893.810	n	12.5757	3.69478	9.652	31.5460
1399787894.014	y	12.5763	3.69478	9.638	31.5454
1399787894.020	n	12.5770	3.69477	9.629	31.5448
1399787894.026	n	12.5776	3.69476	9.619	31.5442
1399787894.061	n	12.5783	3.69476	9.607	31.5435
1399787894.124	n	12.5790	3.69475	9.592	31.5429
1399787894.186	n	12.5797	3.69475	9.580	31.5424
1399787894.247	n	12.5803	3.69475	9.569	31.5419
1399787894.312	n	12.5809	3.69474	9.556	31.5413
1399787894.373	n	12.5815	3.69474	9.545	31.5407
1399787894.435	n	12.5821	3.69474	9.530	31.5402
1399787894.498	n	12.5828	3.69473	9.517	31.5396
1399787894.562	n	12.5835	3.69473	9.503	31.5390
1399787894.623	n	12.5840	3.69473	9.487	31.5385
1399787894.684	n	12.5846	3.69472	9.470	31.5380
1399787894.748	n	12.5852	3.69471	9.457	31.5374
1399787894.811	n	12.5857	3.69471	9.440	31.5370
1399787894.872	n	12.5863	3.69471	9.427	31.5365
1399787894.934	n	12.5868	3.69469	9.415	31.5359
1399787894.997	n	12.5873	3.69468	9.401	31.5353
1399787895.060	n	12.5878	3.69467	9.384	31.5348
1399787895.124	n	12.5884	3.69465	9.370	31.5342
1399787895.186	n	12.5889	3.69463	9.352	31.5336
1399787895.247	n	12.5894	3.69461	9.340	31.5329
1399787895.310	n	12.5900	3.69459	9.324	31.5323
1399787895.372	n	12.5906	3.69457	9.307	31.5316
1399787895.435	n	12.5912	3.69457	9.292	31.5311
1399787895.498	n	12.5919	3.69458	9.274	31.5306
1399787895.560	n	12.5925	3.69457	9.258	31.5300
1399787895.624	n	12.5931	3.69457	9.242	31.5295
1399787895.685	n	12.5936	3.69455	9.229	31.5289
1399787895.749	n	12.5942	3.69454	9.209	31.5283
1399787895.812	n	12.5947	3.69452	9.192	31.5277
1399787895.872	n	12.5953	3.69451	9.174	31.5272
1399787895.934	n	12.5958	3.69449	9.156	31.5266
1399787895.998	n	12.5962	3.69448	9.140	31.5262
1399787896.061	n	12.5966	3.69448	9.124	31.5258
1399787896.122	y	12.5970	3.69448	9.106	31.5255
1399787896.186	n	12.5974	3.69448	9.083	31.5251
1399787896.249	n	12.5978	3.69447	9.067	31.5247
1399787896.310	n	12.5982	3.69447	9.051	31.5244
1399787896.372	n	12.5985	3.69446	9.037	31.5240
1399787896.435	n	12.5989	3.69446	9.014	31.5237
1399787896.498	n	12.5992	3.69446	8.997	31.5234
1399787896.562	n	12.5996	3.69446	8.978	31.5231
1399787896.623	n	12.5999	3.69445	8.959	31.5228
1399787896.686	n	12.6002	3.69445	8.943	31.5225
1399787896.747	n	12.6005	3.69444	8.925	31.5222
1399787896.811	n	12.6008	3.69443	8.904	31.5218
1399787896.874	n	12.6012	3.69443	8.889	31.5216
1399787896.936	n	12.6016	3.69452	8.873	31.5221
1399787896.999	n	12.6025	3.69518	8.855	31.5276
1399787897.061	n	12.6047	3.69665	8.836	31.5397
1399787897.122	n	12.6083	3.69854	8.814	31.5546
1399787897.186	n	12.6128	3.70034	8.795	31.5679
1399787897.247	n	12.6172	3.70158	8.778	31.5761
1399787897.332	y	12.6204	3.70201	8.761	31.5774
1399787897.373	n	12.6223	3.70203	8.740	31.5760
1399787897.436	n	12.6233	3.70203	8.721	31.5752
1399787897.498	n	12.6241	3.70202	8.706	31.5745
1399787897.560	n	12.6248	3.70202	8.687	31.5738
1399787897.624	n	12.6255	3.70201	8.667	31.5732
1399787897.685	n	12.6262	3.70202	8.646	31.5727
1399787897.747	n	12.6267	3.70202	8.630	31.5723
1399787897.811	n	12.6271	3.70203	8.612	31.5720
1399787897.874	n	12.6276	3.70202	8.595	31.5716
1399787897.936	n	12.6281	3.70201	8.573	31.5710
1399787897.999	n	12.6289	3.70198	8.553	31.5700
1399787898.062	n	12.6299	3.70192	8.531	31.5687
1399787898.229	y	12.6308	3.70187	8.515	31.5674
1399787898.234	n	12.6316	3.70182	8.496	31.5663
1399787898.248	n	12.6323	3.70177	8.476	31.5653
1399787898.311	n	12.6328	3.70174	8.457	31.5646
1399787898.373	n	12.6333	3.70171	8.439	31.5639
1399787898.436	n	12.6338	3.70167	8.423	31.5631
1399787898.498	n	12.6345	3.70161	8.402	31.5620
1399787898.560	n	12.6355	3.70154	8.385	31.5604
1399787898.622	n	12.6368	3.70145	8.368	31.5585
1399787898.684	n	12.6382	3.70137	8.350	31.5566
1399787898.749	n	12.6394	3.70133	8.334	31.5552
1399787898.811	n	12.6403	3.70130	8.312	31.5542
1399787898.873	n	12.6408	3.70129	8.298	31.5537
1399787898.936	n	12.6411	3.70130	8.277	31.5535
1399787898.998	n	12.6414	3.70127	8.257	31.5531
1399787899.061	n	12.6416	3.70121	8.239	31.5523
1399787899.123	n	12.6419	3.70109	8.225	31.5509
1399787899.186	n	12.6423	3.70094	8.204	31.5492
1399787899.248	n	12.6427	3.70080	8.186	31.5475
1399787899.311	n	12.6431	3.70069	8.167	31.5462
1399787899.372	n	12.6437	3.70062	8.148	31.5450
1399787899.435	n	12.6447	3.70057	8.128	31.5437
1399787899.498	n	12.6462	3.70054	8.112	31.5421
1399787899.560	n	12.6481	3.70053	8.098	31.5405
1399787899.624	n	12.6501	3.70054	8.081	31.5389
1399787899.685	n	12.6517	3.70056	8.064	31.5377
1399787899.747	n	12.6530	3.70057	8.043	31.5368
1399787899.811	n	12.6538	3.70057	8.026	31.5361
1399787899.872	n	12.6545	3.70056	8.006	31.5354
1399787899.936	n	12.6551	3.70053	7.990	31.5346
1399787899.998	n	12.6559	3.70049	7.973	31.5336
1399787900.061	n	12.6570	3.70043	7.954	31.5321
1399787900.124	n	12.6582	3.70039	7.936	31.5307
1399787900.186	n	12.6595	3.70037	7.921	31.5295
1399787900.248	n	12.6608	3.70038	7.904	31.5285
1399787900.311	n	12.6620	3.70041	7.884	31.5278
1399787900.372	n	12.6633	3.70045	7.866	31.5271
1399787900.435	n	12.6646	3.70047	7.852	31.5262
1399787900.497	n	12.6661	3.70051	7.835	31.5253
1399787900.560	n	12.6677	3.70055	7.815	31.5243
1399787900.625	n	12.6694	3.70059	7.799	31.5233
1399787900.685	n	12.6710	3.70063	7.777	31.5223
1399787900.748	n	12.6724	3.70066	7.759	31.5215
1399787900.810	n	12.6735	3.70068	7.745	31.5207
1399787900.895	y	12.6745	3.70069	7.726	31.5200
1399787900.935	n	12.6754	3.70069	7.707	31.5193
1399787900.997	n	12.6763	3.70069	7.693	31.5186
1399787901.062	n	12.6771	3.70070	7.679	31.5179
1399787901.123	n	12.6779	3.70071	7.658	31.5174
1399787901.185	n	12.6786	3.70071	7.637	31.5168
1399787901.248	n	12.6793	3.70071	7.624	31.5162
1399787901.310	n	12.6800	3.70072	7.609	31.5157
1399787901.373	n	12.6806	3.70073	7.590	31.5154
1399787901.436	n	12.6810	3.70075	7.573	31.5152
1399787901.499	n	12.6814	3.70076	7.557	31.5151
1399787901.562	n	12.6816	3.70077	7.545	31.5149
1399787901.626	n	12.6818	3.70077	7.532	31.5148
1399787901.686	n	12.6819	3.70077	7.513	31.5146
1399787901.748	n	12.6820	3.70077	7.500	31.5146
1399787901.810	n	12.6820	3.70077	7.482	31.5146
1399787901.872	n	12.6822	3.70078	7.464	31.5146
1399787901.935	n	12.6823	3.70077	7.449	31.5144
1399787901.998	n	12.6825	3.70076	7.435	31.5141
1399787902.061	n	12.6827	3.70076	7.420	31.5139
1399787902.124	n	12.6830	3.70075	7.407	31.5137
1399787902.186	n	12.6832	3.70076	7.392	31.5135
1399787902.249	n	12.6835	3.70077	7.375	31.5134
1399787902.312	n	12.6838	3.70077	7.361	31.5132
1399787902.499	y	12.6841	3.70077	7.349	31.5129
1399787902.506	n	12.6844	3.70078	7.337	31.5127
1399787902.512	n	12.6847	3.70078	7.321	31.5125
1399787902.561	n	12.6851	3.70080	7.308	31.5124
1399787902.627	n	12.6856	3.70082	7.293	31.5121
1399787902.687	n	12.6863	3.70084	7.280	31.5118
1399787902.748	n	12.6869	3.70085	7.263	31.5114
1399787902.810	n	12.6874	3.70087	7.250	31.5111
1399787902.872	n	12.6878	3.70087	7.238	31.5109
1399787902.935	n	12.6880	3.70089	7.225	31.5109
1399787902.998	n	12.6882	3.70092	7.210	31.5109
1399787903.060	n	12.6883	3.70094	7.195	31.5110
1399787903.123	n	12.6884	3.70096	7.186	31.5112
1399787903.186	n	12.6886	3.70097	7.172	31.5112
1399787903.248	n	12.6888	3.70097	7.162	31.5109
1399787903.311	n	12.6890	3.70096	7.147	31.5107
1399787903.373	n	12.6895	3.70095	7.135	31.5101
1399787903.435	n	12.6903	3.70091	7.123	31.5091
1399787903.497	n	12.6913	3.70086	7.114	31.5078
1399787903.562	n	12.6925	3.70080	7.099	31.5063
1399787903.624	n	12.6937	3.70075	7.082	31.5048
1399787903.686	n	12.6947	3.70070	7.074	31.5035
1399787903.748	n	12.6955	3.70066	7.060	31.5025
1399787903.810	n	12.6962	3.70064	7.048	31.5017
1399787903.874	n	12.6966	3.70061	7.039	31.5011
1399787903.935	n	12.6970	3.70059	7.025	31.5005
1399787903.998	n	12.6974	3.70057	7.013	31.5001
1399787904.060	n	12.6978	3.70054	7.000	31.4995
1399787904.122	n	12.6982	3.70050	6.986	31.4987
1399787904.184	n	12.6988	3.70047	6.975	31.4980
1399787904.247	n	12.6994	3.70044	6.963	31.4971
1399787904.310	n	12.7000	3.70040	6.949	31.4963
1399787904.373	n	12.7007	3.70036	6.937	31.4953
1399787904.435	n	12.7013	3.70031	6.921	31.4943
1399787904.498	n	12.7020	3.70027	6.907	31.4934
1399787904.584	y	12.7026	3.70023	6.897	31.4926
1399787904.623	n	12.7032	3.70019	6.886	31.4917
1399787904.685	n	12.7039	3.70016	6.875	31.4908
1399787904.748	n	12.7046	3.70013	6.860	31.4900
1399787904.812	n	12.7053	3.70012	6.848	31.4892
1399787904.874	n	12.7060	3.70012	6.836	31.4887
1399787904.935	n	12.7066	3.70013	6.822	31.4882
1399787904.999	n	12.7072	3.70013	6.808	31.4878
1399787905.103	y	12.7076	3.70015	6.795	31.4876
1399787905.124	n	12.7081	3.70017	6.783	31.4875
1399787905.185	n	12.7086	3.70020	6.767	31.4873
1399787905.248	n	12.7094	3.70023	6.750	31.4869
1399787905.311	n	12.7103	3.70026	6.735	31.4864
1399787905.373	n	12.7115	3.70029	6.724	31.4857
1399787905.436	n	12.7125	3.70032	6.709	31.4852
1399787905.498	n	12.7134	3.70034	6.694	31.4847
1399787905.560	n	12.7141	3.70036	6.684	31.4843
1399787905.623	n	12.7146	3.70037	6.668	31.4839
1399787905.684	n	12.7152	3.70040	6.654	31.4837
1399787905.748	n	12.7157	3.70043	6.638	31.4836
1399787905.811	n	12.7162	3.70046	6.623	31.4835
1399787905.873	n	12.7167	3.70051	6.608	31.4835
1399787905.935	n	12.7171	3.70055	6.594	31.4835
1399787905.997	n	12.7177	3.70059	6.575	31.4834
1399787906.060	n	12.7183	3.70062	6.559	31.4832
1399787906.122	n	12.7191	3.70065	6.544	31.4829
1399787906.185	n	12.7199	3.70069	6.530	31.4826
1399787906.248	n	12.7206	3.70072	6.510	31.4822
1399787906.312	n	12.7213	3.70074	6.495	31.4819
1399787906.372	n	12.7219	3.70076	6.478	31.4816
1399787906.435	n	12.7224	3.70077	6.464	31.4813
1399787906.498	n	12.7227	3.70076	6.445	31.4809
1399787906.560	n	12.7230	3.70075	6.427	31.4806
1399787906.819	y	12.7232	3.70073	6.411	31.4803
1399787906.826	n	12.7235	3.70071	6.397	31.4799
1399787906.836	n	12.7236	3.70069	6.381	31.4795
1399787906.843	n	12.7237	3.70066	6.366	31.4792
1399787906.873	n	12.7239	3.70065	6.347	31.4789
1399787906.935	n	12.7240	3.70064	6.327	31.4788
1399787906.999	n	12.7242	3.70064	6.313	31.4786
1399787907.061	n	12.7246	3.70066	6.296	31.4785
1399787907.123	n	12.7249	3.70067	6.277	31.4783
1399787907.186	n	12.7252	3.70068	6.260	31.4782
1399787907.249	n	12.7254	3.70069	6.246	31.4781
1399787907.312	n	12.7256	3.70070	6.225	31.4780
1399787907.374	n	12.7257	3.70068	6.204	31.4778
1399787907.435	n	12.7259	3.70066	6.189	31.4775
1399787907.498	n	12.7259	3.70063	6.173	31.4771
1399787907.561	n	12.7259	3.70060	6.152	31.4768
1399787907.623	n	12.7259	3.70057	6.133	31.4766
1399787907.686	n	12.7259	3.70057	6.117	31.4766
1399787907.748	n	12.7260	3.70058	6.096	31.4766
1399787907.810	n	12.7262	3.70060	6.078	31.4766
1399787907.874	n	12.7264	3.70061	6.057	31.4766
1399787907.936	n	12.7266	3.70063	6.040	31.4766
1399787907.997	n	12.7269	3.70065	6.025	31.4766
1399787908.061	n	12.7272	3.70066	6.006	31.4765
1399787908.123	n	12.7275	3.70069	5.987	31.4764
1399787908.186	n	12.7279	3.70072	5.969	31.4765
1399787908.248	y	12.7282	3.70077	5.949	31.4766
1399787908.310	n	12.7287	3.70083	5.930	31.4768
1399787908.373	n	12.7293	3.70090	5.913	31.4770
1399787908.436	n	12.7301	3.70096	5.892	31.4769
1399787908.499	n	12.7309	3.70100	5.874	31.4766
1399787908.561	n	12.7317	3.70102	5.859	31.4761
1399787908.623	n	12.7326	3.70104	5.842	31.4756
1399787908.685	n	12.7335	3.70108	5.825	31.4752
1399787908.747	n	12.7347	3.70113	5.806	31.4746
1399787908.812	n	12.7362	3.70119	5.789	31.4740
1399787908.873	n	12.7378	3.70127	5.777	31.4734
1399787908.935	n	12.7397	3.70137	5.757	31.4728
1399787908.997	n	12.7418	3.70150	5.743	31.4723
1399787909.060	n	12.7441	3.70164	5.726	31.4718
1399787909.123	n	12.7465	3.70175	5.710	31.4707
1399787909.185	n	12.7491	3.70180	5.694	31.4690
1399787909.248	n	12.7517	3.70184	5.677	31.4673
1399787909.312	n	12.7542	3.70190	5.658	31.4658
1399787909.372	n	12.7564	3.70199	5.644	31.4648
1399787909.435	n	12.7585	3.70211	5.628	31.4642
1399787909.498	n	12.7604	3.70219	5.611	31.4634
1399787909.560	n	12.7626	3.70222	5.591	31.4617
1399787909.623	n	12.7653	3.70218	5.579	31.4592
1399787909.685	n	12.7683	3.70210	5.561	31.4559
1399787909.748	n	12.7718	3.70200	5.544	31.4522
1399787909.811	n	12.7754	3.70198	5.528	31.4489
1399787909.872	n	12.7795	3.70211	5.513	31.4467
1399787909.936	n	12.7851	3.70251	5.501	31.4458
1399787909.998	n	12.7930	3.70320	5.483	31.4458
1399787910.061	n	12.8032	3.70414	5.468	31.4462
1399787910.123	n	12.8151	3.70516	5.456	31.4459
1399787910.186	n	12.8273	3.70613	5.443	31.4449
1399787910.249	n	12.8388	3.70699	5.426	31.4435
1399787910.312	n	12.8491	3.70769	5.410	31.4415
1399787910.373	n	12.8579	3.70821	5.394	31.4391
1399787910.435	n	12.8652	3.70851	5.379	31.4359
1399787910.497	n	12.8708	3.70858	5.369	31.4318
1399787910.560	n	12.8747	3.70845	5.353	31.4274
1399787910.624	n	12.8772	3.70821	5.340	31.4231
1399787910.686	n	12.8787	3.70782	5.325	31.4182
1399787910.748	n	12.8796	3.70727	5.310	31.4123
1399787910.811	n	12.8803	3.70665	5.299	31.4058
1399787911.042	y	12.8808	3.70602	5.283	31.3995
1399787911.048	n	12.8814	3.70546	5.266	31.3937
1399787911.054	n	12.8821	3.70500	5.249	31.3888
1399787911.060	n	12.8830	3.70455	5.235	31.3838
1399787911.122	n	12.8838	3.70401	5.219	31.3780
1399787911.185	n	12.8845	3.70324	5.207	31.3702
1399787911.248	n	12.8847	3.70215	5.193	31.3598
1399787911.311	n	12.8842	3.70085	5.177	31.3480
1399787911.373	n	12.8832	3.69955	5.165	31.3366
1399787911.436	n	12.8820	3.69851	5.152	31.3277
1399787911.499	n	12.8808	3.69789	5.139	31.3230
1399787911.561	n	12.8797	3.69764	5.126	31.3214
1399787911.623	n	12.8789	3.69755	5.113	31.3213
1399787911.686	n	12.8785	3.69752	5.101	31.3214
1399787911.748	n	12.8783	3.69750	5.088	31.3213
1399787911.819	y	12.8783	3.69745	5.078	31.3210
1399787911.873	n	12.8780	3.69742	5.063	31.3209
1399787911.935	n	12.8775	3.69741	5.049	31.3211
1399787911.998	n	12.8768	3.69741	5.036	31.3218
1399787912.061	n	12.8760	3.69744	5.025	31.3227
1399787912.123	n	12.8754	3.69748	5.009	31.3236
1399787912.187	n	12.8751	3.69753	4.997	31.3244
1399787912.248	n	12.8748	3.69757	4.987	31.3250
1399787912.311	n	12.8746	3.69758	4.972	31.3252
1399787912.373	n	12.8744	3.69753	4.962	31.3249
1399787912.436	n	12.8742	3.69746	4.945	31.3244
1399787912.497	n	12.8740	3.69736	4.931	31.3236
1399787912.561	n	12.8739	3.69720	4.920	31.3222
1399787912.624	n	12.8738	3.69699	4.909	31.3204
1399787912.687	n	12.8737	3.69671	4.899	31.3178
1399787912.748	n	12.8739	3.69627	4.887	31.3135
1399787912.812	n	12.8748	3.69567	4.868	31.3071
1399787912.874	n	12.8775	3.69474	4.858	31.2961
1399787912.935	n	12.8815	3.69345	4.850	31.2806
1399787912.999	n	12.8863	3.69196	4.836	31.2628
1399787913.062	n	12.8916	3.69045	4.824	31.2441
1399787913.122	n	12.8974	3.68894	4.811	31.2252
1399787913.186	n	12.9040	3.68758	4.803	31.2068
1399787913.248	n	12.9119	3.68610	4.793	31.1864
1399787913.312	n	12.9197	3.68444	4.781	31.1644
1399787913.373	n	12.9257	3.68288	4.772	31.1448
1399787913.435	n	12.9283	3.68182	4.761	31.1327
1399787913.499	n	12.9272	3.68143	4.754	31.1299
1399787913.561	n	12.9235	3.68165	4.743	31.1350
1399787913.624	n	12.9186	3.68217	4.737	31.1439
1399787913.686	n	12.9146	3.68250	4.727	31.1504
1399787913.749	n	12.9127	3.68230	4.718	31.1500
1399787913.812	n	12.9125	3.68173	4.710	31.1448
1399787913.874	n	12.9138	3.68109	4.705	31.1378
1399787913.936	n	12.9157	3.68055	4.694	31.1311
1399787913.999	n	12.9172	3.68027	4.686	31.1273
1399787914.061	n	12.9184	3.68016	4.681	31.1252
1399787914.124	n	12.9197	3.67996	4.673	31.1224
1399787914.186	n	12.9210	3.67982	4.667	31.1200
1399787914.249	n	12.9219	3.67992	4.660	31.1201
1399787914.311	n	12.9212	3.68030	4.649	31.1243
1399787914.373	n	12.9192	3.68097	4.642	31.1322
1399787914.436	n	12.9169	3.68157	4.637	31.1398
1399787914.498	n	12.9149	3.68180	4.627	31.1436
1399787914.561	n	12.9147	3.68169	4.619	31.1428
1399787914.623	n	12.9164	3.68134	4.618	31.1380
1399787914.686	n	12.9185	3.68102	4.608	31.1333
1399787914.748	n	12.9198	3.68101	4.602	31.1322
1399787914.810	n	12.9202	3.68128	4.591	31.1343
1399787914.874	n	12.9193	3.68159	4.584	31.1380
1399787914.936	n	12.9180	3.68196	4.579	31.1426
1399787914.999	n	12.9186	3.68226	4.575	31.1449
1399787915.062	n	12.9224	3.68240	4.570	31.1431
1399787915.234	y	12.9283	3.68228	4.562	31.1370
1399787915.239	n	12.9341	3.68179	4.552	31.1277
1399787915.248	n	12.9385	3.68053	4.548	31.1122
1399787915.311	n	12.9432	3.67852	4.541	31.0895
1399787915.373	n	12.9501	3.67614	4.533	31.0615
1399787915.436	y	12.9599	3.67385	4.525	31.0319
1399787915.521	n	12.9716	3.67204	4.521	31.0054
1399787915.560	n	12.9829	3.67095	4.513	30.9859
1399787915.623	n	12.9922	3.67026	4.506	30.9718
1399787915.685	n	13.0000	3.66964	4.499	30.9597
1399787915.748	n	13.0066	3.66904	4.490	30.9486
1399787915.812	n	13.0118	3.66856	4.485	30.9400
1399787915.873	n	13.0159	3.66829	4.472	30.9341
1399787915.935	n	13.0201	3.66811	4.459	30.9290
1399787915.997	n	13.0253	3.66791	4.452	30.9228
1399787916.060	n	13.0311	3.66754	4.443	30.9147
1399787916.122	n	13.0365	3.66702	4.428	30.9054
1399787916.187	n	13.0410	3.66658	4.416	30.8976
1399787916.249	n	13.0446	3.66640	4.406	30.8929
1399787916.310	n	13.0494	3.66636	4.394	30.8887
1399787916.374	n	13.0581	3.66626	4.384	30.8807
1399787916.436	n	13.0709	3.66599	4.368	30.8678
1399787916.498	n	13.0842	3.66561	4.353	30.8533
1399787916.560	n	13.0935	3.66528	4.336	30.8427
1399787916.624	n	13.0962	3.66517	4.328	30.8395
1399787916.686	n	13.0934	3.66522	4.312	30.8423
1399787916.748	n	13.0892	3.66529	4.297	30.8464
1399787916.810	n	13.0866	3.66531	4.286	30.8487
1399787916.874	n	13.0870	3.66530	4.270	30.8482
1399787916.935	n	13.0918	3.66517	4.256	30.8431
1399787916.998	n	13.1036	3.66489	4.241	30.8309
1399787917.060	n	13.1219	3.66446	4.222	30.8121
1399787917.122	n	13.1438	3.66398	4.207	30.7898
1399787917.185	n	13.1649	3.66359	4.191	30.7691
1399787917.248	n	13.1807	3.66336	4.176	30.7542
1399787917.310	n	13.1896	3.66330	4.157	30.7464
1399787917.373	n	13.1938	3.66333	4.140	30.7432
1399787917.436	n	13.1951	3.66336	4.126	30.7426
1399787917.499	n	13.1962	3.66337	4.109	30.7417
1399787917.561	n	13.2001	3.66332	4.090	30.7382
1399787917.623	n	13.2072	3.66320	4.071	30.7313
1399787917.686	n	13.2167	3.66306	4.055	30.7223
1399787917.747	n	13.2272	3.66294	4.037	30.7127
1399787917.812	n	13.2368	3.66291	4.017	30.7047
1399787917.873	n	13.2450	3.66293	3.999	30.6983
1399787917.935	n	13.2539	3.66298	3.981	30.6915
1399787917.997	n	13.2641	3.66302	3.962	30.6837
1399787918.060	n	13.2749	3.66302	3.946	30.6750
1399787918.123	n	13.2866	3.66300	3.924	30.6655
1399787918.185	n	13.2995	3.66301	3.906	30.6551
1399787918.248	n	13.3129	3.66302	3.886	30.6445
1399787918.311	n	13.3265	3.66306	3.868	30.6339
1399787918.372	n	13.3376	3.66312	3.850	30.6256
1399787918.435	n	13.3435	3.66317	3.832	30.6212
1399787918.497	n	13.3453	3.66319	3.811	30.6199
1399787918.562	n	13.3460	3.66317	3.796	30.6193
1399787918.622	n	13.3472	3.66313	3.781	30.6180
1399787918.685	n	13.3494	3.66310	3.761	30.6160
1399787918.749	n	13.3509	3.66310	3.744	30.6147
1399787918.810	n	13.3509	3.66310	3.728	30.6148
1399787918.874	n	13.3504	3.66312	3.713	30.6153
1399787918.936	n	13.3503	3.66313	3.692	30.6154
1399787918.998	n	13.3508	3.66313	3.677	30.6151
1399787919.061	n	13.3516	3.66314	3.661	30.6145
1399787919.124	n	13.3526	3.66314	3.646	30.6138
1399787919.197	y	13.3535	3.66314	3.628	30.6130
1399787919.248	n	13.3543	3.66314	3.615	30.6124
1399787919.312	n	13.3552	3.66313	3.598	30.6117
1399787919.485	y	13.3562	3.66313	3.580	30.6109
1399787919.490	n	13.3575	3.66315	3.564	30.6100
1399787919.497	n	13.3589	3.66318	3.550	30.6090
1399787919.561	n	13.3597	3.66319	3.533	30.6085
1399787919.622	n	13.3590	3.66319	3.517	30.6092
1399787919.774	y	13.3566	3.66319	3.504	30.6110
1399787919.781	n	13.3541	3.66316	3.489	30.6128
1399787919.810	n	13.3545	3.66312	3.471	30.6121
1399787919.874	n	13.3587	3.66305	3.459	30.6080
1399787919.935	n	13.3658	3.66297	3.443	30.6016
1399787919.998	n	13.3737	3.66289	3.431	30.5946
1399787920.061	n	13.3802	3.66285	3.418	30.5890
1399787920.124	n	13.3843	3.66282	3.404	30.5854
1399787920.186	n	13.3872	3.66278	3.394	30.5828
1399787920.249	n	13.3897	3.66275	3.383	30.5805
1399787920.310	n	13.3917	3.66275	3.368	30.5789
1399787920.374	n	13.3926	3.66275	3.355	30.5782
1399787920.435	n	13.3923	3.66276	3.349	30.5786
1399787920.497	n	13.3908	3.66276	3.341	30.5797
1399787920.560	n	13.3887	3.66276	3.329	30.5814
1399787920.622	n	13.3870	3.66275	3.316	30.5827
1399787920.686	n	13.3862	3.66276	3.311	30.5834
1399787920.749	n	13.3858	3.66276	3.306	30.5837
1399787920.811	n	13.3855	3.66275	3.292	30.5839
1399787920.873	n	13.3851	3.66274	3.281	30.5840
1399787920.935	n	13.3848	3.66273	3.271	30.5842
1399787920.999	n	13.3845	3.66272	3.263	30.5844
1399787921.062	n	13.3841	3.66272	3.257	30.5847
1399787921.124	n	13.3837	3.66274	3.244	30.5853
1399787921.186	n	13.3833	3.66273	3.241	30.5855
1399787921.249	n	13.3834	3.66271	3.231	30.5852
1399787921.312	n	13.3845	3.66268	3.222	30.5841
1399787921.374	n	13.3860	3.66267	3.214	30.5828
1399787921.435	n	13.3871	3.66266	3.204	30.5818
1399787921.498	n	13.3870	3.66268	3.195	30.5821
1399787921.562	n	13.3858	3.66271	3.190	30.5833
1399787921.623	n	13.3837	3.66274	3.185	30.5853
1399787921.686	n	13.3817	3.66277	3.178	30.5872
1399787921.748	n	13.3803	3.66280	3.168	30.5886
1399787921.810	n	13.3799	3.66281	3.160	30.5890
1399787921.873	n	13.3806	3.66282	3.155	30.5885
1399787921.936	n	13.3817	3.66282	3.148	30.5877
1399787921.998	n	13.3826	3.66284	3.140	30.5871
1399787922.060	n	13.3831	3.66285	3.128	30.5867
1399787922.123	n	13.3828	3.66284	3.122	30.5870
1399787922.186	n	13.3824	3.66283	3.115	30.5872
1399787922.248	n	13.3830	3.66282	3.103	30.5866
1399787922.312	n	13.3841	3.66280	3.094	30.5855
1399787922.372	n	13.3847	3.66279	3.085	30.5849
1399787922.436	n	13.3844	3.66282	3.072	30.5854
1399787922.498	n	13.3824	3.66286	3.062	30.5875
1399787922.560	n	13.3796	3.66290	3.049	30.5901
1399787922.623	n	13.3775	3.66290	3.039	30.5917
1399787922.685	n	13.3772	3.66285	3.028	30.5916
1399787922.747	n	13.3787	3.66278	3.016	30.5898
1399787922.812	n	13.3815	3.66274	3.002	30.5872
1399787922.874	y	13.3852	3.66272	2.989	30.5839
1399787922.936	n	13.3898	3.66270	2.979	30.5801
1399787922.998	n	13.3945	3.66269	2.966	30.5762
1399787923.061	n	13.3990	3.66265	2.954	30.5723
1399787923.124	n	13.4030	3.66263	2.938	30.5689
1399787923.186	n	13.4059	3.66261	2.925	30.5663
1399787923.249	n	13.4078	3.66257	2.912	30.5645
1399787923.310	n	13.4086	3.66253	2.893	30.5634
1399787923.372	n	13.4080	3.66250	2.882	30.5636
1399787923.435	n	13.4057	3.66247	2.868	30.5653
1399787923.498	n	13.4029	3.66250	2.854	30.5678
1399787923.563	n	13.4012	3.66252	2.840	30.5694
1399787923.711	y	13.4015	3.66252	2.824	30.5690
1399787923.716	n	13.4040	3.66248	2.807	30.5667
1399787923.748	n	13.4074	3.66243	2.792	30.5636
1399787923.810	n	13.4102	3.66240	2.775	30.5610
1399787923.874	n	13.4124	3.66238	2.761	30.5590
1399787923.936	n	13.4146	3.66235	2.745	30.5570
1399787923.998	n	13.4166	3.66230	2.729	30.5550
1399787924.061	n	13.4183	3.66225	2.711	30.5532
1399787924.123	n	13.4193	3.66221	2.695	30.5520
1399787924.185	n	13.4192	3.66221	2.679	30.5521
1399787924.248	n	13.4181	3.66223	2.663	30.5531
1399787924.311	n	13.4164	3.66224	2.645	30.5547
1399787924.374	n	13.4147	3.66224	2.627	30.5560
1399787924.436	n	13.4136	3.66223	2.613	30.5568
1399787924.498	n	13.4137	3.66220	2.599	30.5565
1399787924.561	n	13.4161	3.66216	2.580	30.5542
1399787924.623	n	13.4224	3.66205	2.567	30.5481
1399787924.685	n	13.4316	3.66179	2.552	30.5384
1399787924.748	n	13.4403	3.66153	2.534	30.5289
1399787924.811	n	13.4444	3.66141	2.515	30.5245
1399787924.876	n	13.4415	3.66149	2.498	30.5277
1399787924.935	n	13.4333	3.66173	2.481	30.5364
1399787924.998	n	13.4253	3.66193	2.465	30.5447
1399787925.063	n	13.4238	3.66180	2.451	30.5447
1399787925.124	n	13.4339	3.66107	2.432	30.5299
1399787925.186	n	13.4557	3.65986	2.420	30.5013
1399787925.249	n	13.4847	3.65847	2.401	30.4652
1399787925.312	n	13.5133	3.65727	2.386	30.4314
1399787925.374	n	13.5339	3.65657	2.368	30.4085
1399787925.435	n	13.5455	3.65639	2.352	30.3976
1399787925.498	n	13.5513	3.65635	2.337	30.3926
1399787925.562	n	13.5549	3.65621	2.316	30.3885
1399787925.623	n	13.5583	3.65588	2.299	30.3827
1399787925.686	n	13.5615	3.65541	2.286	30.3758
1399787925.750	n	13.5636	3.65490	2.271	30.3695
1399787925.810	n	13.5652	3.65449	2.257	30.3645
1399787925.878	n	13.5665	3.65433	2.238	30.3619
1399787925.935	n	13.5674	3.65443	2.224	30.3622
1399787925.998	n	13.5675	3.65470	2.208	30.3645
1399787926.062	n	13.5672	3.65502	2.193	30.3677
1399787926.124	n	13.5670	3.65530	2.176	30.3705
1399787926.185	n	13.5669	3.65542	2.159	30.3717
1399787926.247	n	13.5671	3.65542	2.144	30.3715
1399787926.312	n	13.5672	3.65530	2.132	30.3704
1399787926.373	n	13.5672	3.65510	2.116	30.3686
1399787926.437	y	13.5669	3.65488	2.102	30.3667
1399787926.505	n	13.5666	3.65470	2.087	30.3653
1399787926.562	n	13.5664	3.65458	2.070	30.3644
1399787926.622	n	13.5666	3.65451	2.061	30.3636
1399787926.686	n	13.5669	3.65445	2.044	30.3628
1399787926.747	n	13.5674	3.65439	2.030	30.3618
1399787926.811	n	13.5677	3.65439	2.016	30.3616
1399787926.874	n	13.5678	3.65442	2.002	30.3618
1399787926.935	n	13.5678	3.65449	1.994	30.3624
1399787926.999	n	13.5678	3.65444	1.979	30.3620
1399787927.062	n	13.5676	3.65418	1.969	30.3598
1399787927.124	n	13.5676	3.65372	1.954	30.3556
1399787927.185	n	13.5677	3.65317	1.948	30.3503
1399787927.248	n	13.5680	3.65265	1.935	30.3453
1399787927.311	n	13.5684	3.65230	1.922	30.3418
1399787927.373	n	13.5688	3.65206	1.913	30.3393
1399787927.436	n	13.5693	3.65185	1.903	30.3369
1399787927.498	n	13.5700	3.65172	1.894	30.3352
1399787927.561	n	13.5706	3.65171	1.883	30.3346
1399787927.623	n	13.5711	3.65189	1.876	30.3359
1399787927.685	n	13.5713	3.65227	1.865	30.3393
1399787927.748	n	13.5712	3.65273	1.857	30.3436
1399787927.812	n	13.5709	3.65309	1.847	30.3471
1399787928.013	y	13.5708	3.65326	1.837	30.3488
1399787928.020	n	13.5709	3.65327	1.832	30.3488
1399787928.025	n	13.5713	3.65316	1.823	30.3475
1399787928.060	n	13.5717	3.65304	1.809	30.3461
1399787928.124	n	13.5718	3.65297	1.802	30.3453
1399787928.185	n	13.5717	3.65295	1.794	30.3452
1399787928.248	n	13.5713	3.65295	1.787	30.3455
1399787928.311	n	13.5707	3.65296	1.778	30.3462
1399787928.373	n	13.5702	3.65299	1.769	30.3468
1399787928.436	n	13.5699	3.65300	1.758	30.3472
1399787928.499	n	13.5698	3.65301	1.750	30.3474
1399787928.561	n	13.5697	3.65299	1.739	30.3472
1399787928.623	n	13.5693	3.65291	1.730	30.3468
1399787928.686	n	13.5684	3.65281	1.721	30.3466
1399787928.748	n	13.5672	3.65270	1.713	30.3465
1399787928.810	n	13.5662	3.65262	1.705	30.3466
1399787928.873	n	13.5658	3.65257	1.700	30.3465
1399787928.936	n	13.5661	3.65254	1.688	30.3459
1399787928.998	n	13.5668	3.65251	1.679	30.3451
1399787929.063	n	13.5672	3.65252	1.668	30.3449
1399787929.122	n	13.5673	3.65257	1.664	30.3452
1399787929.185	n	13.5671	3.65264	1.656	30.3461
1399787929.248	n	13.5667	3.65272	1.648	30.3471
1399787929.311	n	13.5663	3.65277	1.639	30.3479
1399787929.372	n	13.5661	3.65281	1.626	30.3485
1399787929.435	n	13.5661	3.65285	1.619	30.3488
1399787929.498	n	13.5661	3.65287	1.611	30.3491
1399787929.560	n	13.5661	3.65288	1.601	30.3491
1399787929.623	n	13.5664	3.65288	1.593	30.3489
1399787929.685	n	13.5667	3.65285	1.584	30.3483
1399787929.748	n	13.5673	3.65271	1.570	30.3466
1399787929.810	n	13.5683	3.65246	1.562	30.3434
1399787929.873	n	13.5694	3.65217	1.553	30.3400
1399787929.936	n	13.5704	3.65193	1.538	30.3370
1399787929.999	n	13.5711	3.65180	1.527	30.3352
1399787930.061	n	13.5715	3.65179	1.521	30.3348
1399787930.123	n	13.5715	3.65183	1.509	30.3351
1399787930.186	y	13.5714	3.65184	1.498	30.3353
1399787930.248	n	13.5714	3.65184	1.489	30.3354
1399787930.311	n	13.5714	3.65183	1.480	30.3352
1399787930.373	n	13.5717	3.65180	1.473	30.3348
1399787930.435	n	13.5721	3.65179	1.465	30.3344
1399787930.499	n	13.5726	3.65185	1.454	30.3345
1399787930.560	n	13.5732	3.65193	1.446	30.3348
1399787930.624	n	13.5738	3.65198	1.433	30.3348
1399787930.686	n	13.5743	3.65197	1.425	30.3342
1399787930.749	n	13.5747	3.65190	1.417	30.3333
1399787930.812	n	13.5750	3.65182	1.407	30.3324
1399787930.874	n	13.5750	3.65180	1.400	30.3321
1399787930.937	n	13.5749	3.65183	1.393	30.3325
1399787930.999	n	13.5747	3.65188	1.387	30.3331
1399787931.062	n	13.5746	3.65193	1.375	30.3337
1399787931.124	n	13.5746	3.65199	1.371	30.3342
1399787931.186	n	13.5745	3.65197	1.365	30.3341
1399787931.247	n	13.5742	3.65186	1.354	30.3333
1399787931.312	n	13.5738	3.65165	1.346	30.3317
1399787931.373	n	13.5733	3.65138	1.339	30.3297
1399787931.437	n	13.5725	3.65113	1.331	30.3281
1399787931.499	n	13.5712	3.65097	1.322	30.3276
1399787931.562	n	13.5695	3.65088	1.318	30.3281
1399787931.623	n	13.5675	3.65085	1.307	30.3294
1399787931.685	n	13.5657	3.65086	1.299	30.3309
1399787931.749	n	13.5645	3.65089	1.294	30.3321
1399787931.812	n	13.5639	3.65091	1.286	30.3327
1399787931.873	n	13.5638	3.65090	1.278	30.3328
1399787931.936	n	13.5638	3.65087	1.272	30.3325
1399787931.999	n	13.5639	3.65084	1.261	30.3321
1399787932.060	n	13.5639	3.65081	1.250	30.3318
1399787932.243	y	13.5640	3.65079	1.242	30.3316
1399787932.248	n	13.5643	3.65079	1.231	30.3314
1399787932.252	n	13.5648	3.65077	1.224	30.3308
1399787932.312	n	13.5656	3.65066	1.213	30.3291
1399787932.374	n	13.5664	3.65042	1.202	30.3263
1399787932.435	n	13.5671	3.65015	1.189	30.3232
1399787932.498	n	13.5676	3.64999	1.177	30.3214
1399787932.561	n	13.5679	3.64995	1.166	30.3208
1399787932.623	n	13.5679	3.64978	1.154	30.3193
1399787932.685	n	13.5676	3.64941	1.140	30.3161
1399787932.748	n	13.5672	3.64902	1.127	30.3128
1399787932.812	n	13.5668	3.64874	1.115	30.3106
1399787932.872	n	13.5663	3.64860	1.099	30.3097
1399787932.936	n	13.5660	3.64860	1.083	30.3099
1399787932.998	n	13.5656	3.64849	1.068	30.3091
1399787933.062	n	13.5652	3.64822	1.056	30.3071
1399787933.122	n	13.5646	3.64802	1.039	30.3056
1399787933.186	n	13.5642	3.64792	1.022	30.3050
1399787933.249	n	13.5644	3.64785	1.007	30.3043
1399787933.310	n	13.5654	3.64788	0.990	30.3038
1399787933.374	n	13.5672	3.64799	0.973	30.3033
1399787933.435	n	13.5691	3.64808	0.958	30.3027
1399787933.497	n	13.5702	3.64813	0.947	30.3022
1399787933.562	n	13.5709	3.64813	0.933	30.3017
1399787933.623	n	13.5712	3.64811	0.919	30.3013
1399787933.686	n	13.5716	3.64812	0.906	30.3010
1399787933.748	y	13.5723	3.64814	0.894	30.3007
1399787933.810	n	13.5729	3.64816	0.882	30.3004
1399787933.873	n	13.5732	3.64815	0.866	30.3001
1399787933.936	n	13.5733	3.64814	0.854	30.2999
1399787933.999	n	13.5731	3.64811	0.842	30.2998
1399787934.060	n	13.5728	3.64810	0.828	30.3000
1399787934.122	n	13.5725	3.64808	0.817	30.3000
1399787934.185	n	13.5720	3.64804	0.806	30.3001
1399787934.249	n	13.5716	3.64800	0.794	30.3000
1399787934.311	n	13.5717	3.64796	0.787	30.2996
1399787934.372	n	13.5722	3.64795	0.779	30.2991
1399787934.436	n	13.5731	3.64798	0.765	30.2986
1399787934.498	n	13.5739	3.64800	0.758	30.2982
1399787934.561	n	13.5743	3.64802	0.750	30.2980
1399787934.623	n	13.5744	3.64801	0.740	30.2980
1399787934.685	n	13.5742	3.64800	0.732	30.2980
1399787934.748	n	13.5737	3.64797	0.722	30.2980
1399787934.812	n	13.5730	3.64793	0.717	30.2983
1399787934.874	n	13.5719	3.64788	0.706	30.2987
1399787934.935	n	13.5699	3.64785	0.698	30.2999
1399787934.999	n	13.5671	3.64789	0.696	30.3026
1399787935.060	n	13.5638	3.64801	0.689	30.3063
1399787935.124	n	13.5607	3.64817	0.679	30.3102
1399787935.249	y	13.5578	3.64837	0.678	30.3144
1399787935.254	n	13.5553	3.64860	0.674	30.3184
1399787935.311	n	13.5535	3.64883	0.666	30.3221
1399787935.373	n	13.5529	3.64903	0.661	30.3243
1399787935.436	n	13.5541	3.64904	0.655	30.3235
1399787935.498	n	13.5556	3.43638	0.648	28.3679
1399787935.561	n	13.5528	2.95599	0.640	24.0210
1399787935.623	n	13.5407	2.32297	0.639	18.4412
1399787935.685	n	13.5174	1.69088	0.636	13.0500
1399787935.754	n	13.4843	1.20428	0.629	9.0416
1399787935.813	n	13.4462	0.97991	0.620	7.2456
1399787935.876	n	13.4102	0.85551	0.615	6.2666
1399787935.936	n	13.3814	0.74571	0.612	5.4112
1399787935.998	n	13.3621	0.66140	0.609	4.7607
1399787936.061	n	13.3509	0.60485	0.603	4.3277
1399787936.123	n	13.3445	0.56304	0.598	4.0093
1399787936.186	n	13.3401	0.53040	0.586	3.7621
1399787936.248	n	13.3369	0.50303	0.580	3.5556
1399787936.311	n	13.3354	0.47921	0.569	3.3764
1399787936.565	y	13.3362	0.45830	0.559	3.2196
1399787936.574	n	13.3381	0.43974	0.549	3.0808
1399787936.580	n	13.3399	0.42328	0.538	2.9581
1399787936.586	n	13.3405	0.40837	0.532	2.8473
1399787936.623	n	13.3398	0.39455	0.522	2.7450
1399787936.685	n	13.3386	0.38155	0.514	2.6491
1399787936.748	n	13.3377	0.36938	0.506	2.5595
1399787936.810	n	13.3380	0.36214	0.502	2.5062
1399787936.877	n	13.3396	0.41941	0.495	2.9293
