Source File: D:\Storage\Programs\OOI\Group 5\Correspondence\07_18_14 sample files\files\11317482.PPB
Processed: 07/18/2014 12:28:12
Using Version: 1.11
Device: CTD
Start Date: 05/11/2014
Timestamp (s)	Suspect Timestamp	Temperature	Conductivity	Pressure	Salinity
1399831036.800	y	12.1841	3.69092	22.124	31.8347
1399831036.863	n	12.1840	3.69092	22.130	31.8348
1399831036.927	n	12.1842	3.69092	22.130	31.8347
1399831036.988	n	12.1840	3.69092	22.124	31.8348
1399831037.051	n	12.1842	3.69092	22.130	31.8347
1399831037.112	n	12.1843	3.69092	22.138	31.8346
1399831037.176	n	12.1843	3.69088	22.138	31.8342
1399831037.240	n	12.1842	3.69092	22.130	31.8347
1399831037.303	n	12.1842	3.69091	22.135	31.8346
1399831037.365	n	12.1843	3.69091	22.140	31.8345
1399831037.427	n	12.1843	3.69090	22.138	31.8344
1399831037.488	n	12.1842	3.69091	22.138	31.8345
1399831037.551	n	12.1842	3.69091	22.143	31.8346
1399831037.615	n	12.1842	3.69092	22.148	31.8347
1399831037.676	n	12.1842	3.69093	22.150	31.8348
1399831037.740	n	12.1842	3.69094	22.154	31.8348
1399831037.801	n	12.1843	3.69095	22.155	31.8349
1399831037.864	n	12.1843	3.69094	22.157	31.8348
1399831037.927	n	12.1843	3.69093	22.160	31.8347
1399831037.990	n	12.1843	3.69093	22.163	31.8347
1399831038.053	n	12.1842	3.69092	22.163	31.8346
1399831038.115	n	12.1842	3.69092	22.164	31.8346
1399831038.179	n	12.1842	3.69093	22.166	31.8347
1399831038.239	n	12.1842	3.69092	22.172	31.8347
1399831038.302	n	12.1842	3.69091	22.171	31.8345
1399831039.665	n	12.1842	3.69089	22.170	31.8344
1399831039.691	n	12.1842	3.69089	22.171	31.8344
1399831039.709	n	12.1842	3.69089	22.173	31.8344
1399831039.726	n	12.1842	3.69090	22.173	31.8345
1399831039.731	n	12.1842	3.69090	22.173	31.8345
1399831039.737	n	12.1842	3.69091	22.175	31.8345
1399831039.743	n	12.1842	3.69091	22.174	31.8346
1399831039.749	n	12.1842	3.69091	22.178	31.8346
1399831039.755	n	12.1841	3.69091	22.176	31.8347
1399831039.760	n	12.1841	3.69091	22.177	31.8347
1399831039.766	n	12.1841	3.69091	22.177	31.8346
1399831039.771	n	12.1840	3.69089	22.179	31.8345
1399831039.776	n	12.1840	3.69088	22.175	31.8345
1399831039.780	n	12.1840	3.69088	22.175	31.8345
1399831039.785	n	12.1840	3.69089	22.174	31.8346
1399831039.790	n	12.1840	3.69090	22.172	31.8346
1399831039.795	n	12.1840	3.69090	22.172	31.8346
1399831039.800	n	12.1841	3.69090	22.174	31.8346
1399831039.805	n	12.1841	3.69091	22.170	31.8346
1399831039.810	n	12.1841	3.69092	22.172	31.8347
1399831039.815	n	12.1841	3.69093	22.169	31.8348
1399831039.820	n	12.1841	3.69094	22.171	31.8349
1399831039.827	n	12.1840	3.69093	22.173	31.8349
1399831039.833	n	12.1840	3.69092	22.168	31.8348
1399831039.866	n	12.1840	3.69091	22.167	31.8347
1399831039.929	n	12.1840	3.69089	22.165	31.8346
1399831039.989	n	12.1841	3.69088	22.163	31.8344
1399831040.052	n	12.1841	3.69088	22.161	31.8343
1399831040.116	n	12.1841	3.69088	22.163	31.8344
1399831040.177	n	12.1840	3.69088	22.162	31.8344
1399831040.239	n	12.1840	3.69089	22.159	31.8346
1399831040.302	n	12.1840	3.69091	22.157	31.8348
1399831040.364	n	12.1839	3.69092	22.157	31.8349
1399831040.429	n	12.1839	3.69092	22.155	31.8350
1399831040.489	n	12.1839	3.69092	22.154	31.8349
1399831040.553	n	12.1839	3.69091	22.155	31.8348
1399831040.614	n	12.1839	3.69089	22.152	31.8347
1399831040.679	n	12.1839	3.69088	22.148	31.8346
1399831040.740	n	12.1840	3.69088	22.150	31.8345
1399831040.802	n	12.1840	3.69089	22.144	31.8345
1399831040.866	n	12.1840	3.69089	22.143	31.8346
1399831040.929	n	12.1840	3.69090	22.142	31.8346
1399831040.990	n	12.1840	3.69089	22.142	31.8346
1399831041.052	n	12.1840	3.69089	22.143	31.8345
1399831041.116	n	12.1840	3.69089	22.141	31.8345
1399831041.179	n	12.1840	3.69090	22.139	31.8346
1399831041.238	n	12.1841	3.69091	22.135	31.8347
1399831041.303	n	12.1841	3.69092	22.136	31.8348
1399831041.363	n	12.1841	3.69093	22.136	31.8348
1399831041.428	n	12.1841	3.69092	22.133	31.8348
1399831041.489	n	12.1841	3.69091	22.132	31.8347
1399831041.551	n	12.1841	3.69090	22.131	31.8346
1399831041.613	n	12.1840	3.69090	22.132	31.8347
1399831041.677	n	12.1840	3.69090	22.130	31.8347
1399831041.739	n	12.1840	3.69090	22.129	31.8347
1399831041.801	n	12.1840	3.69089	22.129	31.8346
1399831041.866	n	12.1840	3.69089	22.130	31.8345
1399831041.927	n	12.1841	3.69089	22.128	31.8345
1399831041.989	n	12.1841	3.69091	22.128	31.8347
1399831042.051	n	12.1841	3.69092	22.127	31.8348
1399831042.116	n	12.1841	3.69092	22.127	31.8348
1399831042.178	n	12.1841	3.69091	22.127	31.8347
1399831042.240	n	12.1841	3.69091	22.124	31.8346
1399831042.302	n	12.1841	3.69090	22.124	31.8346
1399831042.364	n	12.1840	3.69090	22.125	31.8346
1399831042.427	n	12.1840	3.69090	22.122	31.8347
1399831042.489	y	12.1841	3.69091	22.124	31.8347
1399831042.552	n	12.1841	3.69091	22.124	31.8347
1399831042.616	n	12.1841	3.69090	22.124	31.8346
1399831042.678	n	12.1841	3.69089	22.127	31.8345
1399831042.739	n	12.1841	3.69088	22.125	31.8344
1399831042.801	n	12.1841	3.69088	22.127	31.8344
1399831042.867	n	12.1841	3.69089	22.123	31.8345
1399831042.928	n	12.1840	3.69090	22.127	31.8346
1399831042.990	n	12.1840	3.69090	22.124	31.8347
1399831043.052	n	12.1840	3.69091	22.125	31.8347
1399831043.115	n	12.1841	3.69091	22.123	31.8347
1399831043.176	y	12.1841	3.69091	22.124	31.8347
1399831043.319	n	12.1841	3.69091	22.128	31.8347
1399831043.326	n	12.1841	3.69091	22.127	31.8347
1399831043.364	n	12.1841	3.69091	22.131	31.8347
1399831043.428	n	12.1840	3.69091	22.130	31.8347
1399831043.489	n	12.1840	3.69091	22.129	31.8347
1399831043.551	n	12.1841	3.69092	22.131	31.8348
1399831043.615	n	12.1841	3.69092	22.131	31.8348
1399831043.677	n	12.1841	3.69091	22.131	31.8347
1399831043.741	n	12.1840	3.69091	22.132	31.8348
1399831043.802	n	12.1840	3.69092	22.132	31.8348
1399831043.864	n	12.1840	3.69092	22.132	31.8349
1399831043.927	n	12.1840	3.69093	22.134	31.8350
1399831043.991	n	12.1840	3.69093	22.130	31.8349
1399831044.051	n	12.1840	3.69092	22.131	31.8348
1399831044.116	n	12.1840	3.69091	22.131	31.8348
1399831044.177	n	12.1840	3.69090	22.132	31.8346
1399831044.240	n	12.1840	3.69090	22.131	31.8346
1399831044.302	n	12.1840	3.69090	22.131	31.8346
1399831044.363	n	12.1841	3.69089	22.133	31.8346
1399831044.427	n	12.1841	3.69089	22.133	31.8345
1399831044.488	n	12.1840	3.69089	22.134	31.8345
1399831044.551	n	12.1840	3.69089	22.129	31.8346
1399831044.616	n	12.1840	3.69090	22.127	31.8346
1399831044.676	n	12.1840	3.69091	22.125	31.8347
1399831044.740	n	12.1840	3.69091	22.125	31.8347
1399831044.802	n	12.1841	3.69091	22.125	31.8347
1399831044.866	n	12.1841	3.69090	22.125	31.8346
1399831044.928	n	12.1841	3.69090	22.123	31.8346
1399831044.990	n	12.1840	3.69089	22.124	31.8345
1399831045.051	n	12.1840	3.69089	22.122	31.8345
1399831045.115	n	12.1840	3.69089	22.122	31.8346
1399831045.177	n	12.1840	3.69089	22.121	31.8346
1399831045.239	n	12.1840	3.69090	22.121	31.8347
1399831045.302	n	12.1840	3.69091	22.119	31.8347
1399831045.365	n	12.1840	3.69092	22.120	31.8348
1399831045.427	n	12.1840	3.69093	22.116	31.8349
1399831045.488	n	12.1840	3.69092	22.113	31.8348
1399831045.553	n	12.1840	3.69091	22.112	31.8348
1399831045.615	n	12.1840	3.69091	22.114	31.8347
1399831045.677	n	12.1840	3.69090	22.115	31.8347
1399831045.738	n	12.1840	3.69090	22.112	31.8347
1399831045.836	n	12.1840	3.69090	22.105	31.8346
1399831045.865	n	12.1840	3.69089	22.107	31.8345
1399831045.928	n	12.1841	3.69088	22.105	31.8344
1399831045.990	n	12.1841	3.69088	22.101	31.8344
1399831046.053	n	12.1841	3.69088	22.101	31.8344
1399831046.130	y	12.1841	3.69088	22.097	31.8345
1399831046.178	n	12.1841	3.69089	22.096	31.8346
1399831046.241	n	12.1841	3.69090	22.089	31.8347
1399831046.325	n	12.1841	3.69091	22.090	31.8347
1399831046.365	y	12.1840	3.69091	22.086	31.8347
1399831046.427	n	12.1840	3.69090	22.079	31.8346
1399831046.489	n	12.1840	3.69089	22.075	31.8346
1399831046.553	n	12.1840	3.69088	22.073	31.8345
1399831046.615	n	12.1840	3.69088	22.070	31.8345
1399831046.678	n	12.1840	3.69088	22.065	31.8345
1399831046.739	n	12.1840	3.69088	22.063	31.8344
1399831046.802	n	12.1841	3.69088	22.056	31.8344
1399831046.866	n	12.1840	3.69088	22.051	31.8344
1399831046.926	n	12.1840	3.69088	22.045	31.8345
1399831046.989	n	12.1839	3.69089	22.041	31.8347
1399831047.053	n	12.1839	3.69090	22.039	31.8348
1399831047.116	n	12.1839	3.69090	22.034	31.8348
1399831047.176	n	12.1840	3.69090	22.026	31.8347
1399831047.239	n	12.1840	3.69090	22.021	31.8347
1399831047.302	n	12.1840	3.69091	22.013	31.8347
1399831047.364	n	12.1840	3.69092	22.010	31.8348
1399831047.968	y	12.1840	3.69092	22.005	31.8349
1399831047.979	n	12.1840	3.69092	21.998	31.8349
1399831047.985	n	12.1840	3.69091	21.992	31.8348
1399831047.997	n	12.1840	3.69089	21.990	31.8347
1399831048.002	n	12.1840	3.69089	21.980	31.8346
1399831048.008	n	12.1840	3.69089	21.968	31.8346
1399831048.013	n	12.1840	3.69089	21.964	31.8347
1399831048.018	n	12.1840	3.69090	21.956	31.8348
1399831048.022	n	12.1840	3.69091	21.949	31.8349
1399831048.027	n	12.1840	3.69093	21.941	31.8350
1399831048.052	n	12.1841	3.69093	21.933	31.8350
1399831048.115	n	12.1841	3.69093	21.925	31.8349
1399831048.178	n	12.1841	3.69092	21.924	31.8348
1399831048.240	n	12.1841	3.69091	21.914	31.8347
1399831048.303	n	12.1841	3.69089	21.906	31.8346
1399831048.365	n	12.1840	3.69088	21.900	31.8346
1399831048.426	n	12.1841	3.69088	21.888	31.8345
1399831048.490	n	12.1841	3.69087	21.881	31.8344
1399831048.551	n	12.1841	3.69086	21.875	31.8343
1399831048.616	n	12.1841	3.69087	21.865	31.8344
1399831048.676	n	12.1840	3.69088	21.857	31.8345
1399831048.739	n	12.1840	3.69088	21.851	31.8346
1399831048.801	n	12.1840	3.69088	21.843	31.8346
1399831048.864	n	12.1840	3.69088	21.831	31.8345
1399831048.928	n	12.1841	3.69088	21.819	31.8345
1399831048.989	n	12.1841	3.69088	21.812	31.8345
1399831049.052	n	12.1841	3.69088	21.809	31.8345
1399831049.114	n	12.1841	3.69088	21.798	31.8346
1399831049.177	n	12.1840	3.69089	21.788	31.8346
1399831049.240	n	12.1841	3.69088	21.782	31.8346
1399831049.302	n	12.1841	3.69088	21.772	31.8345
1399831049.364	n	12.1841	3.69087	21.763	31.8345
1399831049.426	n	12.1841	3.69087	21.752	31.8345
1399831049.489	n	12.1841	3.69088	21.741	31.8346
1399831049.551	n	12.1841	3.69089	21.735	31.8347
1399831049.614	n	12.1841	3.69089	21.725	31.8346
1399831049.678	y	12.1841	3.69088	21.714	31.8346
1399831049.739	n	12.1841	3.69088	21.702	31.8346
1399831049.801	n	12.1841	3.69089	21.692	31.8347
1399831049.865	n	12.1841	3.69089	21.684	31.8347
1399831049.926	n	12.1840	3.69088	21.673	31.8346
1399831049.989	n	12.1840	3.69086	21.662	31.8345
1399831050.052	n	12.1840	3.69085	21.652	31.8343
1399831050.115	n	12.1840	3.69085	21.641	31.8344
1399831050.177	n	12.1841	3.69086	21.629	31.8344
1399831050.240	n	12.1841	3.69087	21.619	31.8345
1399831050.303	n	12.1841	3.69088	21.609	31.8345
1399831050.366	n	12.1841	3.69088	21.599	31.8346
1399831050.426	n	12.1841	3.69088	21.585	31.8346
1399831050.489	n	12.1841	3.69088	21.573	31.8346
1399831050.552	n	12.1840	3.69088	21.557	31.8346
1399831050.614	n	12.1840	3.69088	21.546	31.8346
1399831050.677	n	12.1840	3.69088	21.537	31.8346
1399831050.739	n	12.1840	3.69087	21.524	31.8346
1399831050.803	n	12.1840	3.69086	21.512	31.8345
1399831050.866	n	12.1840	3.69084	21.502	31.8343
1399831050.926	n	12.1841	3.69084	21.486	31.8343
1399831050.990	n	12.1841	3.69084	21.471	31.8343
1399831051.053	n	12.1841	3.69086	21.459	31.8345
1399831051.115	n	12.1841	3.69087	21.447	31.8346
1399831051.177	n	12.1841	3.69088	21.435	31.8346
1399831051.240	n	12.1841	3.69088	21.420	31.8346
1399831051.303	n	12.1842	3.69088	21.407	31.8346
1399831051.366	n	12.1842	3.69087	21.391	31.8345
1399831051.426	n	12.1842	3.69086	21.377	31.8345
1399831051.489	n	12.1841	3.69086	21.361	31.8344
1399831051.551	n	12.1841	3.69085	21.344	31.8344
1399831051.614	n	12.1841	3.69085	21.328	31.8344
1399831051.789	y	12.1841	3.69084	21.314	31.8343
1399831051.794	n	12.1841	3.69083	21.300	31.8342
1399831051.802	n	12.1841	3.69081	21.285	31.8340
1399831051.865	n	12.1842	3.69080	21.271	31.8339
1399831051.927	n	12.1842	3.69081	21.254	31.8340
1399831051.989	n	12.1842	3.69082	21.233	31.8341
1399831052.052	n	12.1842	3.69083	21.219	31.8342
1399831052.114	n	12.1842	3.69084	21.202	31.8343
1399831052.177	n	12.1842	3.69084	21.188	31.8343
1399831052.239	n	12.1842	3.69084	21.168	31.8343
1399831052.302	n	12.1842	3.69085	21.150	31.8344
1399831052.365	n	12.1841	3.69085	21.134	31.8344
1399831052.426	n	12.1841	3.69085	21.117	31.8345
1399831052.490	n	12.1841	3.69084	21.102	31.8344
1399831052.552	n	12.1841	3.69083	21.084	31.8343
1399831052.616	n	12.1842	3.69083	21.062	31.8343
1399831052.677	n	12.1842	3.69084	21.040	31.8343
1399831052.740	n	12.1842	3.69084	21.026	31.8343
1399831052.802	n	12.1842	3.69084	21.008	31.8343
1399831052.865	n	12.1842	3.69084	20.990	31.8343
1399831052.927	n	12.1843	3.69084	20.967	31.8343
1399831052.990	n	12.1843	3.69085	20.949	31.8344
1399831053.052	n	12.1843	3.69085	20.927	31.8344
1399831053.114	n	12.1843	3.69084	20.907	31.8343
1399831053.177	n	12.1843	3.69083	20.886	31.8342
1399831053.240	n	12.1843	3.69083	20.868	31.8342
1399831053.302	n	12.1843	3.69083	20.848	31.8342
1399831053.365	n	12.1843	3.69082	20.830	31.8342
1399831053.470	y	12.1843	3.69081	20.810	31.8341
1399831053.490	n	12.1843	3.69079	20.790	31.8339
1399831053.551	n	12.1843	3.69079	20.768	31.8339
1399831053.614	n	12.1843	3.69079	20.746	31.8339
1399831053.676	n	12.1844	3.69081	20.724	31.8340
1399831053.740	n	12.1844	3.69083	20.705	31.8342
1399831053.803	n	12.1845	3.69084	20.686	31.8342
1399831053.863	n	12.1846	3.69084	20.662	31.8342
1399831053.928	n	12.1846	3.69083	20.642	31.8341
1399831053.989	n	12.1847	3.69081	20.618	31.8339
1399831054.052	n	12.1847	3.69079	20.598	31.8337
1399831054.115	n	12.1847	3.69078	20.572	31.8336
1399831054.177	n	12.1848	3.69078	20.553	31.8335
1399831054.239	n	12.1848	3.69078	20.534	31.8335
1399831054.301	n	12.1848	3.69079	20.510	31.8335
1399831054.365	n	12.1848	3.69079	20.490	31.8335
1399831054.427	n	12.1849	3.69080	20.470	31.8336
1399831054.490	n	12.1849	3.69080	20.446	31.8336
1399831054.552	n	12.1850	3.69080	20.421	31.8335
1399831054.614	n	12.1851	3.69079	20.400	31.8334
1399831054.677	n	12.1852	3.69079	20.380	31.8333
1399831054.739	n	12.1853	3.69078	20.359	31.8331
1399831054.802	n	12.1854	3.69078	20.340	31.8330
1399831054.864	n	12.1855	3.69078	20.319	31.8330
1399831054.927	n	12.1856	3.69078	20.295	31.8329
1399831054.989	n	12.1856	3.69078	20.275	31.8329
1399831055.053	n	12.1857	3.69078	20.257	31.8328
1399831055.116	n	12.1858	3.69078	20.234	31.8328
1399831055.178	n	12.1858	3.69078	20.212	31.8328
1399831055.240	n	12.1859	3.69078	20.190	31.8327
1399831055.302	n	12.1860	3.69078	20.167	31.8326
1399831055.365	n	12.1862	3.69078	20.149	31.8325
1399831055.426	n	12.1863	3.69079	20.127	31.8325
1399831055.489	n	12.1864	3.69079	20.105	31.8324
1399831055.553	n	12.1865	3.69080	20.086	31.8324
1399831055.614	n	12.1865	3.69079	20.068	31.8323
1399831055.677	n	12.1866	3.69078	20.047	31.8321
1399831055.740	n	12.1867	3.69077	20.020	31.8320
1399831055.802	n	12.1868	3.69077	20.001	31.8319
1399831055.865	n	12.1869	3.69078	19.982	31.8319
1399831056.110	y	12.1870	3.69078	19.963	31.8318
1399831056.125	n	12.1871	3.69079	19.940	31.8318
1399831056.133	n	12.1872	3.69079	19.923	31.8318
1399831056.138	n	12.1874	3.69080	19.903	31.8317
1399831056.177	n	12.1876	3.69080	19.882	31.8315
1399831056.239	n	12.1877	3.69079	19.862	31.8313
1399831056.302	n	12.1879	3.69076	19.843	31.8309
1399831056.366	n	12.1880	3.69074	19.827	31.8307
1399831056.427	n	12.1881	3.69073	19.806	31.8304
1399831056.489	n	12.1883	3.69073	19.783	31.8303
1399831056.552	n	12.1886	3.69075	19.766	31.8303
1399831056.614	n	12.1888	3.69077	19.746	31.8303
1399831056.678	n	12.1890	3.69078	19.728	31.8302
1399831056.739	n	12.1893	3.69078	19.709	31.8300
1399831056.803	n	12.1895	3.69078	19.691	31.8298
1399831056.864	n	12.1896	3.69078	19.673	31.8297
1399831056.927	n	12.1899	3.69078	19.651	31.8295
1399831056.990	n	12.1901	3.69078	19.633	31.8293
1399831057.052	n	12.1903	3.69077	19.612	31.8291
1399831057.116	y	12.1906	3.69077	19.596	31.8288
1399831057.177	n	12.1909	3.69076	19.580	31.8285
1399831057.240	n	12.1911	3.69076	19.564	31.8283
1399831057.302	n	12.1914	3.69076	19.542	31.8280
1399831057.366	n	12.1917	3.69075	19.526	31.8278
1399831057.427	n	12.1919	3.69074	19.508	31.8275
1399831057.491	n	12.1922	3.69075	19.493	31.8272
1399831057.553	n	12.1926	3.69075	19.473	31.8270
1399831057.615	n	12.1929	3.69076	19.457	31.8268
1399831057.677	n	12.1933	3.69077	19.438	31.8266
1399831057.739	n	12.1936	3.69077	19.417	31.8264
1399831057.804	n	12.1939	3.69077	19.399	31.8261
1399831057.865	n	12.1942	3.69076	19.386	31.8258
1399831057.926	n	12.1946	3.69076	19.366	31.8254
1399831057.988	n	12.1949	3.69075	19.348	31.8250
1399831058.051	n	12.1953	3.69074	19.333	31.8247
1399831058.114	n	12.1957	3.69074	19.314	31.8243
1399831058.178	n	12.1960	3.69074	19.297	31.8241
1399831058.240	n	12.1964	3.69075	19.280	31.8238
1399831058.302	n	12.1968	3.69076	19.262	31.8236
1399831058.364	n	12.1971	3.69077	19.247	31.8234
1399831058.428	n	12.1974	3.69077	19.231	31.8232
1399831058.489	n	12.1978	3.69077	19.212	31.8229
1399831058.553	n	12.1982	3.69077	19.193	31.8225
1399831058.615	n	12.1986	3.69075	19.175	31.8221
1399831058.678	n	12.1989	3.69075	19.160	31.8217
1399831058.740	n	12.1992	3.69074	19.142	31.8214
1399831058.801	n	12.1996	3.69074	19.126	31.8211
1399831058.864	n	12.1999	3.69074	19.110	31.8209
1399831058.927	n	12.2002	3.69074	19.091	31.8206
1399831059.046	y	12.2006	3.69075	19.074	31.8203
1399831059.051	n	12.2010	3.69075	19.055	31.8200
1399831059.114	n	12.2013	3.69075	19.041	31.8198
1399831059.177	n	12.2016	3.69076	19.025	31.8196
1399831059.240	n	12.2019	3.69077	19.003	31.8194
1399831059.302	n	12.2021	3.69077	18.988	31.8192
1399831059.364	n	12.2024	3.69076	18.971	31.8189
1399831059.428	n	12.2028	3.69075	18.954	31.8185
1399831059.490	n	12.2031	3.69074	18.937	31.8181
1399831059.552	n	12.2034	3.69073	18.919	31.8178
1399831059.614	n	12.2037	3.69072	18.899	31.8175
1399831059.677	n	12.2039	3.69072	18.881	31.8173
1399831059.739	n	12.2042	3.69073	18.861	31.8172
1399831059.801	n	12.2045	3.69074	18.843	31.8171
1399831059.864	n	12.2047	3.69075	18.829	31.8169
1399831059.927	n	12.2050	3.69075	18.811	31.8167
1399831059.990	n	12.2052	3.69075	18.789	31.8165
1399831060.054	n	12.2055	3.69074	18.769	31.8162
1399831060.117	n	12.2057	3.69073	18.753	31.8160
1399831060.311	y	12.2060	3.69073	18.740	31.8157
1399831060.317	n	12.2062	3.69072	18.718	31.8155
1399831060.322	n	12.2064	3.69071	18.698	31.8152
1399831060.364	n	12.2066	3.69071	18.680	31.8150
1399831060.428	n	12.2068	3.69071	18.660	31.8148
1399831060.490	n	12.2070	3.69072	18.641	31.8147
1399831060.553	n	12.2073	3.69072	18.622	31.8146
1399831060.616	n	12.2075	3.69072	18.606	31.8144
1399831060.677	y	12.2078	3.69072	18.585	31.8142
1399831060.739	n	12.2081	3.69072	18.567	31.8140
1399831060.801	n	12.2084	3.69072	18.546	31.8137
1399831060.865	n	12.2086	3.69071	18.528	31.8134
1399831060.927	n	12.2090	3.69071	18.508	31.8131
1399831060.989	n	12.2092	3.69071	18.492	31.8129
1399831061.055	n	12.2095	3.69071	18.471	31.8126
1399831061.119	n	12.2098	3.69072	18.451	31.8124
1399831061.177	n	12.2101	3.69071	18.432	31.8122
1399831061.240	n	12.2104	3.69072	18.416	31.8120
1399831061.303	n	12.2107	3.69072	18.391	31.8118
1399831061.364	n	12.2111	3.69072	18.372	31.8114
1399831061.427	n	12.2114	3.69072	18.350	31.8111
1399831061.489	n	12.2118	3.69072	18.331	31.8108
1399831061.554	n	12.2121	3.69071	18.311	31.8105
1399831061.615	n	12.2124	3.69071	18.288	31.8102
1399831061.677	n	12.2128	3.69071	18.268	31.8099
1399831061.741	n	12.2132	3.69070	18.249	31.8095
1399831061.803	n	12.2135	3.69069	18.228	31.8092
1399831061.864	n	12.2139	3.69069	18.206	31.8088
1399831061.926	n	12.2143	3.69069	18.184	31.8085
1399831061.990	n	12.2146	3.69070	18.161	31.8082
1399831062.053	n	12.2151	3.69071	18.140	31.8080
1399831062.115	n	12.2155	3.69072	18.121	31.8077
1399831062.178	n	12.2159	3.69072	18.102	31.8074
1399831062.240	n	12.2163	3.69071	18.082	31.8070
1399831062.304	n	12.2167	3.69071	18.060	31.8066
1399831062.365	n	12.2171	3.69070	18.039	31.8062
1399831062.427	n	12.2175	3.69069	18.017	31.8058
1399831062.490	n	12.2178	3.69068	17.996	31.8054
1399831062.554	n	12.2182	3.69067	17.975	31.8051
1399831062.615	n	12.2186	3.69067	17.954	31.8047
1399831062.677	n	12.2190	3.69067	17.931	31.8044
1399831062.740	n	12.2193	3.69067	17.907	31.8041
1399831062.802	n	12.2197	3.69069	17.885	31.8039
1399831062.864	n	12.2201	3.69070	17.862	31.8037
1399831062.928	n	12.2205	3.69071	17.841	31.8036
1399831062.989	n	12.2208	3.69072	17.819	31.8033
1399831063.052	n	12.2212	3.69071	17.798	31.8030
1399831063.115	n	12.2216	3.69070	17.778	31.8026
1399831063.177	n	12.2219	3.69069	17.757	31.8022
1399831063.240	n	12.2223	3.69068	17.732	31.8018
1399831063.304	n	12.2226	3.69068	17.708	31.8016
1399831063.366	n	12.2229	3.69069	17.692	31.8014
1399831063.427	n	12.2232	3.69069	17.668	31.8011
1399831063.489	n	12.2236	3.69068	17.648	31.8007
1399831063.553	n	12.2240	3.69067	17.625	31.8003
1399831063.616	n	12.2244	3.69067	17.603	31.8000
1399831063.676	n	12.2247	3.69068	17.582	31.7998
1399831063.740	n	12.2250	3.69069	17.557	31.7996
1399831063.803	n	12.2253	3.69069	17.536	31.7993
1399831063.865	n	12.2257	3.69068	17.513	31.7990
1399831063.928	n	12.2260	3.69068	17.493	31.7986
1399831063.990	n	12.2264	3.69067	17.472	31.7983
1399831064.051	n	12.2268	3.69067	17.451	31.7980
1399831064.115	n	12.2270	3.69066	17.429	31.7977
1399831064.177	n	12.2274	3.69066	17.406	31.7974
1399831064.240	n	12.2277	3.69065	17.384	31.7971
1399831064.303	n	12.2280	3.69065	17.364	31.7968
1399831064.420	y	12.2283	3.69065	17.343	31.7965
1399831064.427	y	12.2286	3.69065	17.321	31.7963
1399831064.521	n	12.2289	3.69066	17.298	31.7961
1399831064.553	n	12.2292	3.69067	17.281	31.7960
1399831064.615	n	12.2295	3.69067	17.255	31.7957
1399831064.677	n	12.2297	3.69066	17.236	31.7955
1399831064.739	n	12.2300	3.69066	17.216	31.7952
1399831064.802	n	12.2303	3.69065	17.197	31.7949
1399831064.866	n	12.2305	3.69065	17.172	31.7947
1399831064.928	n	12.2308	3.69066	17.151	31.7946
1399831064.990	n	12.2311	3.69066	17.132	31.7944
1399831065.053	n	12.2314	3.69065	17.112	31.7941
1399831065.116	n	12.2317	3.69066	17.090	31.7939
1399831065.177	n	12.2320	3.69065	17.071	31.7936
1399831065.239	n	12.2323	3.69064	17.053	31.7932
1399831065.303	n	12.2326	3.69064	17.031	31.7930
1399831065.364	n	12.2328	3.69064	17.012	31.7927
1399831065.426	n	12.2331	3.69063	16.991	31.7924
1399831065.490	n	12.2334	3.69064	16.974	31.7922
1399831065.551	n	12.2337	3.69064	16.951	31.7920
1399831065.616	n	12.2341	3.69063	16.927	31.7916
1399831065.678	n	12.2344	3.69064	16.909	31.7914
1399831065.740	n	12.2347	3.69064	16.890	31.7912
1399831065.803	n	12.2351	3.69064	16.868	31.7909
1399831065.865	n	12.2354	3.69064	16.850	31.7906
1399831065.927	n	12.2358	3.69064	16.830	31.7902
1399831065.990	n	12.2362	3.69063	16.809	31.7898
1399831066.052	n	12.2367	3.69062	16.788	31.7894
1399831066.114	n	12.2372	3.69062	16.768	31.7889
1399831066.178	n	12.2378	3.69062	16.752	31.7884
1399831066.240	n	12.2384	3.69062	16.736	31.7880
1399831066.304	n	12.2390	3.69063	16.713	31.7875
1399831066.365	n	12.2397	3.69064	16.694	31.7871
1399831066.428	n	12.2403	3.69065	16.677	31.7866
1399831066.490	n	12.2410	3.69065	16.656	31.7861
1399831066.552	n	12.2417	3.69065	16.638	31.7855
1399831066.616	n	12.2424	3.69065	16.621	31.7848
1399831066.677	n	12.2432	3.69065	16.602	31.7841
1399831066.739	n	12.2441	3.69064	16.580	31.7834
1399831066.802	n	12.2450	3.69064	16.563	31.7825
1399831066.864	n	12.2459	3.69062	16.545	31.7816
1399831066.927	n	12.2469	3.69062	16.522	31.7808
1399831066.990	n	12.2479	3.69061	16.502	31.7799
1399831067.051	n	12.2488	3.69062	16.483	31.7792
1399831067.116	n	12.2498	3.69063	16.465	31.7784
1399831067.176	n	12.2508	3.69064	16.448	31.7776
1399831067.239	n	12.2519	3.69064	16.427	31.7768
1399831067.303	n	12.2530	3.69065	16.405	31.7759
1399831067.364	n	12.2541	3.69065	16.386	31.7750
1399831067.427	n	12.2553	3.69065	16.370	31.7740
1399831067.490	n	12.2565	3.69065	16.350	31.7730
1399831067.554	n	12.2577	3.69065	16.328	31.7719
1399831067.616	n	12.2590	3.69064	16.313	31.7709
1399831067.677	n	12.2602	3.69065	16.294	31.7698
1399831067.739	n	12.2615	3.69065	16.273	31.7688
1399831067.801	n	12.2628	3.69065	16.255	31.7677
1399831067.864	n	12.2641	3.69066	16.237	31.7667
1399831067.975	y	12.2653	3.69068	16.221	31.7658
1399831067.989	n	12.2666	3.69069	16.197	31.7648
1399831068.053	n	12.2679	3.69068	16.179	31.7637
1399831068.114	n	12.2692	3.69067	16.160	31.7625
1399831068.178	n	12.2705	3.69065	16.140	31.7613
1399831068.240	n	12.2718	3.69065	16.119	31.7602
1399831068.302	n	12.2731	3.69066	16.105	31.7591
1399831068.364	n	12.2745	3.69067	16.082	31.7581
1399831068.427	n	12.2759	3.69068	16.061	31.7570
1399831068.490	n	12.2773	3.69068	16.039	31.7558
1399831068.552	n	12.2787	3.69069	16.019	31.7547
1399831068.614	n	12.2801	3.69068	15.999	31.7534
1399831068.764	y	12.2816	3.69068	15.980	31.7522
1399831068.771	n	12.2830	3.69067	15.962	31.7509
1399831068.802	n	12.2844	3.69067	15.940	31.7497
1399831068.864	n	12.2858	3.69067	15.917	31.7485
1399831068.927	n	12.2872	3.69067	15.898	31.7474
1399831068.990	n	12.2886	3.69067	15.880	31.7462
1399831069.053	n	12.2900	3.69068	15.856	31.7451
1399831069.114	n	12.2913	3.69069	15.836	31.7441
1399831069.177	n	12.2927	3.69070	15.814	31.7430
1399831069.239	n	12.2941	3.69070	15.796	31.7418
1399831069.302	n	12.2956	3.69070	15.773	31.7405
1399831069.365	n	12.2970	3.69069	15.753	31.7393
1399831069.427	n	12.2985	3.69069	15.731	31.7380
1399831069.490	n	12.2999	3.69069	15.711	31.7369
1399831069.553	n	12.3014	3.69070	15.689	31.7357
1399831069.615	n	12.3028	3.69070	15.670	31.7345
1399831069.677	n	12.3041	3.69069	15.650	31.7333
1399831069.739	n	12.3055	3.69069	15.628	31.7322
1399831069.803	n	12.3069	3.69069	15.608	31.7310
1399831069.865	n	12.3083	3.69069	15.583	31.7298
1399831069.927	n	12.3097	3.69070	15.560	31.7287
1399831069.989	n	12.3112	3.69070	15.542	31.7275
1399831070.053	n	12.3125	3.69070	15.517	31.7263
1399831070.115	n	12.3139	3.69070	15.500	31.7252
1399831070.177	n	12.3153	3.69070	15.480	31.7241
1399831070.240	n	12.3166	3.69071	15.454	31.7230
1399831070.304	n	12.3179	3.69070	15.433	31.7218
1399831070.365	n	12.3193	3.69070	15.408	31.7206
1399831070.426	n	12.3207	3.69071	15.388	31.7196
1399831070.489	n	12.3220	3.69071	15.367	31.7185
1399831070.553	n	12.3233	3.69072	15.347	31.7174
1399831070.615	n	12.3245	3.69072	15.326	31.7165
1399831070.676	n	12.3258	3.69073	15.301	31.7155
1399831070.740	n	12.3271	3.69072	15.280	31.7143
1399831070.802	n	12.3284	3.69071	15.259	31.7131
1399831070.865	n	12.3297	3.69070	15.236	31.7119
1399831070.926	n	12.3310	3.69069	15.212	31.7107
1399831070.989	n	12.3322	3.69068	15.192	31.7097
1399831071.053	n	12.3333	3.69069	15.173	31.7087
1399831071.116	n	12.3345	3.69069	15.149	31.7078
1399831071.178	n	12.3357	3.69070	15.126	31.7069
1399831071.240	n	12.3369	3.69071	15.106	31.7060
1399831071.303	n	12.3381	3.69071	15.080	31.7050
1399831071.365	n	12.3392	3.69071	15.057	31.7041
1399831071.427	n	12.3403	3.69071	15.032	31.7031
1399831071.490	n	12.3415	3.69071	15.013	31.7021
1399831071.554	n	12.3426	3.69071	14.992	31.7012
1399831071.615	y	12.3438	3.69070	14.970	31.7001
1399831071.684	n	12.3450	3.69069	14.947	31.6991
1399831071.741	n	12.3461	3.69070	14.924	31.6982
1399831071.802	n	12.3472	3.69071	14.900	31.6974
1399831071.866	n	12.3482	3.69072	14.880	31.6966
1399831071.927	n	12.3493	3.69073	14.860	31.6958
1399831071.989	n	12.3504	3.69074	14.840	31.6949
1399831072.052	n	12.3515	3.69073	14.818	31.6940
1399831072.115	n	12.3526	3.69072	14.796	31.6930
1399831072.176	n	12.3537	3.69072	14.773	31.6920
1399831072.239	n	12.3547	3.69070	14.750	31.6910
1399831072.302	n	12.3557	3.69069	14.727	31.6900
1399831072.364	n	12.3567	3.69068	14.708	31.6891
1399831072.427	n	12.3577	3.69068	14.686	31.6883
1399831072.490	n	12.3586	3.69068	14.663	31.6875
1399831072.553	n	12.3596	3.69069	14.643	31.6868
1399831072.615	n	12.3606	3.69069	14.620	31.6860
1399831072.676	n	12.3615	3.69070	14.596	31.6853
1399831072.739	n	12.3625	3.69071	14.574	31.6846
1399831072.803	n	12.3634	3.69071	14.554	31.6838
1399831072.864	n	12.3643	3.69070	14.536	31.6829
1399831073.032	y	12.3653	3.69068	14.511	31.6820
1399831073.037	n	12.3662	3.69066	14.488	31.6811
1399831073.053	n	12.3670	3.69066	14.466	31.6803
1399831073.115	n	12.3679	3.69067	14.445	31.6797
1399831073.177	n	12.3688	3.69069	14.422	31.6791
1399831073.240	n	12.3697	3.69071	14.404	31.6786
1399831073.302	n	12.3706	3.69072	14.377	31.6779
1399831073.365	n	12.3715	3.69072	14.355	31.6772
1399831073.428	n	12.3723	3.69072	14.333	31.6764
1399831073.489	n	12.3732	3.69072	14.309	31.6757
1399831073.552	n	12.3741	3.69071	14.288	31.6749
1399831073.616	n	12.3750	3.69071	14.264	31.6741
1399831073.677	n	12.3758	3.69070	14.246	31.6734
1399831073.739	n	12.3766	3.69069	14.225	31.6726
1399831073.803	n	12.3773	3.69068	14.201	31.6719
1399831073.865	n	12.3781	3.69068	14.178	31.6713
1399831073.928	n	12.3789	3.69069	14.153	31.6707
1399831073.990	n	12.3798	3.69070	14.134	31.6701
1399831074.053	n	12.3806	3.69071	14.114	31.6694
1399831074.115	n	12.3814	3.69071	14.086	31.6688
1399831074.177	n	12.3821	3.69070	14.069	31.6681
1399831074.240	n	12.3828	3.69069	14.047	31.6674
1399831074.302	n	12.3835	3.69069	14.022	31.6668
1399831074.364	n	12.3843	3.69068	14.001	31.6662
1399831074.427	n	12.3850	3.69068	13.980	31.6655
1399831074.490	n	12.3858	3.69068	13.955	31.6648
1399831074.553	n	12.3865	3.69067	13.932	31.6641
1399831074.714	y	12.3873	3.69066	13.916	31.6635
1399831074.720	n	12.3880	3.69066	13.893	31.6629
1399831074.740	n	12.3886	3.69067	13.869	31.6623
1399831074.803	n	12.3893	3.69066	13.847	31.6618
1399831074.864	n	12.3900	3.69065	13.823	31.6611
1399831074.927	n	12.3907	3.69065	13.802	31.6605
1399831074.989	n	12.3914	3.69064	13.778	31.6598
1399831075.052	n	12.3921	3.69064	13.755	31.6592
1399831075.114	n	12.3928	3.69064	13.737	31.6587
1399831075.176	n	12.3934	3.69064	13.714	31.6582
1399831075.239	n	12.3940	3.69064	13.695	31.6577
1399831075.301	n	12.3946	3.69065	13.674	31.6573
1399831075.364	y	12.3953	3.69066	13.651	31.6568
1399831075.427	n	12.3959	3.69066	13.629	31.6563
1399831075.490	n	12.3965	3.69065	13.608	31.6557
1399831075.553	n	12.3972	3.69064	13.584	31.6551
1399831075.614	n	12.3978	3.69063	13.564	31.6544
1399831075.677	n	12.3985	3.69063	13.543	31.6539
1399831075.740	n	12.3991	3.69063	13.522	31.6534
1399831075.803	n	12.3997	3.69063	13.498	31.6529
1399831075.866	n	12.4002	3.69063	13.477	31.6524
1399831075.927	n	12.4008	3.69064	13.456	31.6520
1399831075.989	n	12.4014	3.69064	13.436	31.6516
1399831076.052	n	12.4020	3.69064	13.412	31.6510
1399831076.115	n	12.4026	3.69063	13.393	31.6504
1399831076.178	n	12.4031	3.69061	13.374	31.6498
1399831076.240	n	12.4037	3.69060	13.352	31.6492
1399831076.303	n	12.4042	3.69059	13.330	31.6487
1399831076.364	n	12.4048	3.69060	13.310	31.6483
1399831076.426	n	12.4053	3.69061	13.288	31.6480
1399831076.489	n	12.4059	3.69062	13.265	31.6477
1399831076.553	n	12.4064	3.69063	13.246	31.6473
1399831076.615	n	12.4069	3.69064	13.230	31.6470
1399831076.676	n	12.4074	3.69063	13.207	31.6465
1399831076.740	n	12.4080	3.69062	13.188	31.6459
1399831076.803	n	12.4085	3.69061	13.167	31.6454
1399831076.864	n	12.4091	3.69060	13.143	31.6448
1399831076.927	n	12.4096	3.69060	13.125	31.6445
1399831076.990	n	12.4100	3.69061	13.108	31.6441
1399831077.053	n	12.4105	3.69061	13.091	31.6437
1399831077.115	n	12.4111	3.69061	13.065	31.6433
1399831077.355	y	12.4116	3.69062	13.046	31.6429
1399831077.364	n	12.4122	3.69062	13.023	31.6425
1399831077.371	n	12.4127	3.69063	13.005	31.6421
1399831077.377	n	12.4132	3.69062	12.987	31.6416
1399831077.426	n	12.4138	3.69061	12.964	31.6410
1399831077.489	n	12.4143	3.69060	12.948	31.6405
1399831077.552	n	12.4148	3.69058	12.926	31.6399
1399831077.614	n	12.4153	3.69058	12.906	31.6395
1399831077.678	n	12.4158	3.69058	12.886	31.6391
1399831077.740	n	12.4163	3.69060	12.869	31.6388
1399831077.803	n	12.4168	3.69061	12.848	31.6384
1399831077.865	n	12.4174	3.69061	12.832	31.6380
1399831077.928	n	12.4180	3.69061	12.811	31.6375
1399831077.990	n	12.4185	3.69059	12.786	31.6369
1399831078.054	n	12.4189	3.69058	12.766	31.6365
1399831078.115	n	12.4194	3.69057	12.747	31.6360
1399831078.177	n	12.4199	3.69057	12.729	31.6356
1399831078.240	n	12.4204	3.69057	12.709	31.6351
1399831078.303	n	12.4210	3.69057	12.690	31.6347
1399831078.365	n	12.4215	3.69058	12.675	31.6343
1399831078.428	n	12.4220	3.69059	12.652	31.6340
1399831078.489	n	12.4225	3.69059	12.631	31.6336
1399831078.553	n	12.4230	3.69060	12.615	31.6333
1399831078.616	n	12.4235	3.69060	12.597	31.6329
1399831078.678	n	12.4240	3.69060	12.577	31.6325
1399831078.740	n	12.4245	3.69060	12.559	31.6320
1399831078.803	n	12.4250	3.69058	12.540	31.6315
1399831078.865	n	12.4254	3.69057	12.521	31.6310
1399831078.952	y	12.4259	3.69056	12.505	31.6304
1399831078.989	n	12.4264	3.69056	12.483	31.6300
1399831079.052	n	12.4269	3.69057	12.463	31.6297
1399831079.115	n	12.4275	3.69058	12.443	31.6294
1399831079.177	n	12.4280	3.69059	12.423	31.6291
1399831079.239	n	12.4285	3.69060	12.404	31.6288
1399831079.302	n	12.4290	3.69060	12.383	31.6284
1399831079.365	n	12.4294	3.69059	12.367	31.6279
1399831079.427	n	12.4299	3.69058	12.348	31.6274
1399831079.489	n	12.4304	3.69056	12.329	31.6268
1399831079.553	n	12.4309	3.69055	12.311	31.6263
1399831079.614	n	12.4314	3.69055	12.292	31.6258
1399831079.677	n	12.4319	3.69055	12.271	31.6254
1399831079.739	n	12.4325	3.69055	12.251	31.6250
1399831079.802	n	12.4330	3.69056	12.234	31.6247
1399831079.866	n	12.4335	3.69057	12.215	31.6243
1399831079.928	n	12.4340	3.69058	12.193	31.6239
1399831079.990	n	12.4346	3.69058	12.176	31.6235
1399831080.051	n	12.4351	3.69058	12.159	31.6230
1399831080.115	n	12.4357	3.69057	12.141	31.6225
1399831080.177	n	12.4363	3.69056	12.118	31.6220
1399831080.240	n	12.4368	3.69056	12.098	31.6214
1399831080.302	n	12.4374	3.69056	12.080	31.6210
1399831080.365	n	12.4379	3.69056	12.061	31.6206
1399831080.427	n	12.4384	3.69057	12.040	31.6202
1399831080.489	n	12.4390	3.69057	12.022	31.6198
1399831080.552	n	12.4395	3.69058	12.003	31.6194
1399831080.616	n	12.4401	3.69058	11.983	31.6190
1399831080.676	n	12.4407	3.69058	11.968	31.6185
1399831080.740	n	12.4412	3.69057	11.943	31.6180
1399831080.802	n	12.4417	3.69055	11.923	31.6174
1399831080.866	n	12.4422	3.69054	11.908	31.6168
1399831080.928	n	12.4428	3.69054	11.886	31.6163
1399831080.991	n	12.4434	3.69054	11.872	31.6158
1399831081.051	n	12.4440	3.69054	11.855	31.6154
1399831081.115	n	12.4446	3.69055	11.833	31.6150
1399831081.177	n	12.4451	3.69055	11.809	31.6145
1399831081.240	n	12.4457	3.69055	11.789	31.6140
1399831081.303	n	12.4463	3.69055	11.772	31.6135
1399831081.365	n	12.4469	3.69055	11.756	31.6130
1399831081.499	y	12.4475	3.69055	11.736	31.6126
1399831081.504	n	12.4480	3.69055	11.717	31.6121
1399831081.553	n	12.4487	3.69055	11.702	31.6116
1399831081.617	n	12.4493	3.69056	11.682	31.6111
1399831081.677	n	12.4498	3.69057	11.660	31.6108
1399831081.739	n	12.4504	3.69058	11.638	31.6104
1399831081.802	n	12.4509	3.69059	11.624	31.6101
1399831081.865	n	12.4515	3.69059	11.604	31.6096
1399831081.927	n	12.4522	3.69058	11.587	31.6090
1399831081.989	n	12.4528	3.69058	11.566	31.6084
1399831082.052	n	12.4535	3.69058	11.546	31.6078
1399831082.116	n	12.4542	3.69057	11.529	31.6072
1399831082.176	n	12.4548	3.69057	11.513	31.6067
1399831082.239	n	12.4554	3.69057	11.492	31.6061
1399831082.304	n	12.4561	3.69056	11.476	31.6055
1399831082.365	n	12.4568	3.69057	11.454	31.6050
1399831082.427	n	12.4575	3.69057	11.442	31.6044
1399831082.489	n	12.4582	3.69056	11.420	31.6038
1399831082.552	n	12.4588	3.69056	11.404	31.6032
1399831082.648	y	12.4595	3.69056	11.384	31.6027
1399831082.678	n	12.4602	3.69056	11.366	31.6021
1399831082.740	n	12.4609	3.69057	11.347	31.6016
1399831082.803	n	12.4616	3.69057	11.328	31.6010
1399831082.865	n	12.4624	3.69057	11.313	31.6004
1399831082.927	n	12.4631	3.69057	11.298	31.5997
1399831082.990	n	12.4640	3.69058	11.275	31.5991
1399831083.053	n	12.4647	3.69058	11.260	31.5985
1399831083.116	n	12.4655	3.69059	11.241	31.5980
1399831083.177	n	12.4663	3.69060	11.225	31.5974
1399831083.240	n	12.4671	3.69060	11.206	31.5967
1399831083.303	n	12.4679	3.69060	11.185	31.5961
1399831083.364	n	12.4687	3.69059	11.169	31.5953
1399831083.428	n	12.4695	3.69058	11.150	31.5945
1399831083.489	n	12.4704	3.69057	11.133	31.5937
1399831083.552	n	12.4713	3.69058	11.117	31.5930
1399831083.616	n	12.4722	3.69059	11.096	31.5924
1399831083.678	n	12.4731	3.69060	11.080	31.5918
1399831083.740	n	12.4740	3.69060	11.064	31.5910
1399831083.803	n	12.4750	3.69061	11.042	31.5902
1399831083.866	n	12.4760	3.69061	11.024	31.5894
1399831083.926	n	12.4770	3.69061	11.005	31.5886
1399831083.990	n	12.4780	3.69061	10.988	31.5878
1399831084.051	n	12.4790	3.69061	10.973	31.5869
1399831084.116	n	12.4800	3.69061	10.953	31.5861
1399831084.177	n	12.4810	3.69062	10.939	31.5853
1399831084.241	n	12.4821	3.69063	10.922	31.5845
1399831084.302	n	12.4832	3.69065	10.900	31.5837
1399831084.366	n	12.4844	3.69066	10.881	31.5829
1399831084.426	n	12.4856	3.69066	10.860	31.5820
1399831084.491	n	12.4868	3.69067	10.844	31.5809
1399831084.552	n	12.4881	3.69067	10.831	31.5799
1399831084.616	n	12.4894	3.69068	10.814	31.5789
1399831084.676	n	12.4907	3.69068	10.793	31.5778
1399831084.740	n	12.4920	3.69067	10.775	31.5766
1399831084.802	n	12.4935	3.69067	10.757	31.5754
1399831084.864	n	12.4950	3.69067	10.735	31.5742
1399831084.927	n	12.4965	3.69068	10.717	31.5730
1399831084.989	n	12.4982	3.69070	10.699	31.5718
1399831085.053	n	12.4999	3.69071	10.677	31.5704
1399831085.114	n	12.5017	3.69072	10.659	31.5690
1399831085.178	n	12.5037	3.69073	10.639	31.5675
1399831085.240	n	12.5057	3.69075	10.622	31.5659
1399831085.304	n	12.5079	3.69076	10.602	31.5642
1399831085.365	n	12.5101	3.69076	10.583	31.5624
1399831085.427	n	12.5124	3.69076	10.560	31.5604
1399831085.490	n	12.5147	3.69076	10.541	31.5585
1399831085.553	n	12.5171	3.69076	10.522	31.5565
1399831085.615	n	12.5195	3.69078	10.503	31.5546
1399831085.763	y	12.5219	3.69079	10.483	31.5528
1399831085.769	n	12.5243	3.69080	10.463	31.5509
1399831085.803	n	12.5266	3.69081	10.446	31.5490
1399831085.864	n	12.5289	3.69082	10.424	31.5472
1399831085.927	n	12.5311	3.69082	10.402	31.5454
1399831085.989	n	12.5334	3.69083	10.383	31.5436
1399831086.052	n	12.5356	3.69084	10.363	31.5418
1399831086.115	n	12.5379	3.69085	10.343	31.5400
1399831086.177	n	12.5401	3.69086	10.323	31.5383
1399831086.239	n	12.5423	3.69087	10.304	31.5366
1399831086.345	y	12.5444	3.69088	10.281	31.5349
1399831086.366	n	12.5466	3.69089	10.261	31.5331
1399831086.427	n	12.5488	3.69090	10.240	31.5314
1399831086.490	n	12.5510	3.69091	10.220	31.5296
1399831086.552	n	12.5532	3.69090	10.198	31.5277
1399831086.614	n	12.5555	3.69091	10.176	31.5258
1399831086.677	n	12.5578	3.69092	10.156	31.5240
1399831086.739	n	12.5602	3.69093	10.133	31.5222
1399831086.802	n	12.5625	3.69094	10.114	31.5203
1399831086.866	n	12.5649	3.69095	10.091	31.5184
1399831086.928	n	12.5673	3.69094	10.068	31.5163
1399831086.990	n	12.5697	3.69093	10.048	31.5143
1399831087.054	n	12.5721	3.69094	10.023	31.5123
1399831087.116	n	12.5744	3.69095	10.008	31.5105
1399831087.178	n	12.5767	3.69096	9.987	31.5087
1399831087.239	n	12.5790	3.69098	9.964	31.5069
1399831087.302	n	12.5814	3.69099	9.940	31.5051
1399831087.365	n	12.5836	3.69099	9.920	31.5032
1399831087.427	n	12.5859	3.69099	9.895	31.5013
1399831087.489	n	12.5881	3.69099	9.874	31.4994
1399831087.553	n	12.5904	3.69099	9.852	31.4976
1399831087.614	n	12.5926	3.69100	9.832	31.4958
1399831087.677	n	12.5948	3.69101	9.811	31.4941
1399831087.741	n	12.5969	3.69102	9.786	31.4924
1399831087.803	n	12.5989	3.69104	9.765	31.4909
1399831087.864	n	12.6009	3.69106	9.747	31.4894
1399831087.928	n	12.6029	3.69107	9.727	31.4879
1399831087.989	n	12.6048	3.69106	9.700	31.4863
1399831088.054	n	12.6067	3.69105	9.678	31.4846
1399831088.116	n	12.6086	3.69104	9.657	31.4829
1399831088.177	n	12.6105	3.69103	9.637	31.4813
1399831088.240	n	12.6123	3.69104	9.614	31.4798
1399831088.302	n	12.6142	3.69105	9.593	31.4783
1399831088.367	n	12.6160	3.69105	9.573	31.4769
1399831088.427	n	12.6178	3.69105	9.552	31.4753
1399831088.490	n	12.6197	3.69105	9.529	31.4738
1399831088.553	n	12.6215	3.69104	9.510	31.4722
1399831088.614	n	12.6233	3.69105	9.490	31.4708
1399831088.678	n	12.6251	3.69106	9.471	31.4694
1399831088.740	n	12.6269	3.69107	9.448	31.4680
1399831088.802	n	12.6287	3.69107	9.431	31.4665
1399831088.865	n	12.6305	3.69107	9.413	31.4650
1399831088.927	n	12.6322	3.69107	9.393	31.4636
1399831088.989	n	12.6340	3.69108	9.375	31.4621
1399831089.053	n	12.6358	3.69108	9.353	31.4606
1399831089.115	n	12.6376	3.69107	9.334	31.4591
1399831089.177	n	12.6394	3.69107	9.319	31.4576
1399831089.239	n	12.6412	3.69107	9.298	31.4561
1399831089.303	n	12.6430	3.69109	9.275	31.4548
1399831089.366	n	12.6448	3.69110	9.259	31.4534
1399831089.427	n	12.6465	3.69111	9.241	31.4520
1399831089.489	n	12.6483	3.69111	9.225	31.4506
1399831089.552	n	12.6501	3.69112	9.207	31.4492
1399831089.616	n	12.6519	3.69112	9.189	31.4477
1399831089.678	n	12.6537	3.69112	9.172	31.4462
1399831089.740	n	12.6556	3.69111	9.157	31.4445
1399831089.801	n	12.6574	3.69110	9.140	31.4429
1399831089.866	y	12.6592	3.69110	9.125	31.4414
1399831090.105	y	12.6611	3.69111	9.105	31.4400
1399831090.115	n	12.6628	3.69113	9.086	31.4386
1399831090.121	n	12.6646	3.69113	9.072	31.4372
1399831090.128	n	12.6664	3.69113	9.056	31.4358
1399831090.259	y	12.6682	3.69114	9.039	31.4343
1399831090.266	n	12.6700	3.69115	9.027	31.4329
1399831090.302	n	12.6717	3.69115	9.012	31.4315
1399831090.366	n	12.6733	3.69115	8.996	31.4302
1399831090.427	n	12.6749	3.69114	8.980	31.4288
1399831090.489	n	12.6766	3.69114	8.964	31.4274
1399831090.553	n	12.6782	3.69114	8.948	31.4261
1399831090.616	n	12.6798	3.69115	8.935	31.4248
1399831090.678	n	12.6813	3.69116	8.920	31.4236
1399831090.740	n	12.6828	3.69117	8.907	31.4225
1399831090.801	n	12.6843	3.69118	8.889	31.4213
1399831090.865	n	12.6858	3.69118	8.875	31.4202
1399831090.928	n	12.6872	3.69119	8.860	31.4190
1399831090.989	n	12.6887	3.69119	8.846	31.4178
1399831091.053	n	12.6900	3.69119	8.834	31.4167
1399831091.116	n	12.6914	3.69118	8.820	31.4155
1399831091.176	n	12.6927	3.69118	8.805	31.4144
1399831091.240	n	12.6940	3.69118	8.791	31.4133
1399831091.303	n	12.6953	3.69117	8.779	31.4122
1399831091.365	n	12.6965	3.69117	8.764	31.4111
1399831091.427	n	12.6978	3.69117	8.751	31.4101
1399831091.490	n	12.6991	3.69117	8.739	31.4090
1399831091.552	n	12.7003	3.69117	8.724	31.4080
1399831091.614	n	12.7016	3.69118	8.713	31.4070
1399831091.676	n	12.7027	3.69119	8.696	31.4062
1399831091.740	n	12.7039	3.69119	8.681	31.4052
1399831091.802	n	12.7050	3.69120	8.670	31.4044
1399831091.865	n	12.7062	3.69120	8.657	31.4034
1399831091.928	n	12.7073	3.69119	8.642	31.4024
1399831091.990	n	12.7084	3.69118	8.630	31.4014
1399831092.052	n	12.7095	3.69118	8.615	31.4005
1399831092.115	n	12.7105	3.69118	8.602	31.3996
1399831092.178	n	12.7115	3.69118	8.589	31.3988
1399831092.240	n	12.7125	3.69119	8.576	31.3981
1399831092.303	n	12.7134	3.69120	8.562	31.3974
1399831092.365	n	12.7144	3.69121	8.544	31.3967
1399831092.428	n	12.7153	3.69122	8.531	31.3961
1399831092.490	n	12.7162	3.69123	8.517	31.3954
1399831092.552	n	12.7171	3.69123	8.508	31.3947
1399831092.616	n	12.7179	3.69123	8.491	31.3940
1399831092.678	n	12.7188	3.69123	8.477	31.3933
1399831092.740	n	12.7197	3.69123	8.464	31.3925
1399831092.802	n	12.7206	3.69122	8.451	31.3917
1399831092.865	n	12.7214	3.69121	8.435	31.3909
1399831092.927	n	12.7223	3.69120	8.420	31.3901
1399831092.991	n	12.7231	3.69120	8.404	31.3895
1399831093.054	n	12.7239	3.69121	8.392	31.3889
1399831093.115	n	12.7247	3.69123	8.380	31.3884
1399831093.177	n	12.7254	3.69125	8.362	31.3879
1399831093.239	n	12.7262	3.69125	8.350	31.3874
1399831093.303	n	12.7269	3.69126	8.334	31.3868
1399831093.364	n	12.7276	3.69125	8.320	31.3862
1399831093.427	n	12.7284	3.69125	8.303	31.3856
1399831093.535	y	12.7292	3.69126	8.291	31.3850
1399831093.554	n	12.7300	3.69126	8.277	31.3843
1399831093.616	n	12.7307	3.69126	8.261	31.3837
1399831093.677	n	12.7314	3.69126	8.247	31.3831
1399831093.739	n	12.7321	3.69125	8.232	31.3825
1399831093.804	n	12.7329	3.69125	8.219	31.3819
1399831093.864	n	12.7336	3.69125	8.201	31.3813
1399831093.928	n	12.7343	3.69125	8.185	31.3807
1399831093.990	n	12.7350	3.69124	8.171	31.3800
1399831094.054	n	12.7357	3.69125	8.155	31.3795
1399831094.116	n	12.7364	3.69126	8.141	31.3790
1399831094.258	y	12.7371	3.69127	8.124	31.3786
1399831094.266	n	12.7377	3.69127	8.106	31.3780
1399831094.303	n	12.7384	3.69127	8.091	31.3775
1399831094.365	n	12.7390	3.69126	8.080	31.3769
1399831094.428	n	12.7396	3.69126	8.063	31.3764
1399831094.489	n	12.7403	3.69127	8.044	31.3760
1399831094.552	n	12.7409	3.69128	8.028	31.3755
1399831094.615	n	12.7414	3.69129	8.012	31.3751
1399831094.677	n	12.7420	3.69130	7.997	31.3748
1399831094.740	n	12.7426	3.69130	7.981	31.3743
1399831094.801	n	12.7432	3.69130	7.962	31.3738
1399831094.865	n	12.7438	3.69131	7.947	31.3734
1399831094.927	n	12.7444	3.69132	7.930	31.3730
1399831094.991	n	12.7450	3.69133	7.914	31.3727
1399831095.052	n	12.7455	3.69134	7.894	31.3723
1399831095.114	n	12.7460	3.69134	7.879	31.3719
1399831095.178	n	12.7464	3.69133	7.862	31.3715
1399831095.241	n	12.7468	3.69132	7.846	31.3711
1399831095.301	n	12.7473	3.69132	7.828	31.3707
1399831095.365	n	12.7477	3.69131	7.812	31.3702
1399831095.428	n	12.7482	3.69132	7.794	31.3699
1399831095.491	n	12.7487	3.69134	7.776	31.3697
1399831095.552	n	12.7491	3.69135	7.761	31.3695
1399831095.616	n	12.7495	3.69136	7.741	31.3693
1399831095.677	n	12.7498	3.69137	7.720	31.3691
1399831095.740	n	12.7502	3.69138	7.703	31.3688
1399831095.803	n	12.7505	3.69137	7.686	31.3686
1399831095.866	n	12.7508	3.69138	7.671	31.3683
1399831095.927	n	12.7511	3.69138	7.649	31.3681
1399831095.991	n	12.7514	3.69138	7.631	31.3679
1399831096.052	n	12.7516	3.69138	7.614	31.3677
1399831096.116	n	12.7519	3.69139	7.594	31.3676
1399831096.179	n	12.7521	3.69138	7.576	31.3674
1399831096.241	n	12.7523	3.69138	7.559	31.3672
1399831096.303	y	12.7525	3.69138	7.537	31.3670
1399831096.366	n	12.7527	3.69138	7.520	31.3669
1399831096.427	n	12.7528	3.69139	7.500	31.3669
1399831096.490	n	12.7530	3.69141	7.481	31.3669
1399831096.553	n	12.7532	3.69142	7.461	31.3669
1399831096.614	n	12.7533	3.69144	7.443	31.3669
1399831096.679	n	12.7535	3.69144	7.421	31.3668
1399831096.741	n	12.7536	3.69144	7.400	31.3667
1399831096.802	n	12.7538	3.69144	7.381	31.3666
1399831096.866	n	12.7539	3.69144	7.359	31.3665
1399831096.928	n	12.7540	3.69143	7.338	31.3663
1399831096.990	n	12.7541	3.69143	7.319	31.3663
1399831097.054	n	12.7541	3.69154	7.298	31.3672
1399831097.115	n	12.7527	3.69162	7.278	31.3693
1399831097.177	n	12.7475	3.69112	7.255	31.3689
1399831097.314	y	12.7383	3.68934	7.234	31.3597
1399831097.321	n	12.7263	3.68642	7.213	31.3421
1399831097.365	n	12.7142	3.68309	7.192	31.3206
1399831097.427	n	12.7046	3.68024	7.169	31.3016
1399831097.490	n	12.6988	3.67855	7.147	31.2905
1399831097.551	n	12.6957	3.67802	7.126	31.2880
1399831097.615	n	12.6934	3.67773	7.103	31.2872
1399831097.677	n	12.6902	3.67716	7.077	31.2845
1399831097.741	n	12.6855	3.67629	7.056	31.2802
1399831097.803	n	12.6801	3.67529	7.032	31.2753
1399831097.866	n	12.6756	3.67446	7.009	31.2712
1399831097.928	n	12.6734	3.67417	6.987	31.2702
1399831097.990	n	12.6737	3.67446	6.966	31.2727
1399831098.053	n	12.6751	3.67492	6.944	31.2759
1399831098.116	n	12.6759	3.67529	6.920	31.2787
1399831098.177	n	12.6752	3.67548	6.896	31.2811
1399831098.240	n	12.6729	3.67541	6.871	31.2824
1399831098.302	n	12.6695	3.67510	6.850	31.2823
1399831098.364	n	12.6661	3.67484	6.829	31.2827
1399831098.509	y	12.6635	3.67468	6.806	31.2833
1399831098.516	n	12.6618	3.67461	6.786	31.2841
1399831098.555	n	12.6609	3.67459	6.765	31.2846
1399831098.616	n	12.6612	3.67447	6.743	31.2832
1399831098.677	n	12.6624	3.67414	6.719	31.2792
1399831098.741	n	12.6641	3.67366	6.697	31.2732
1399831098.803	n	12.6658	3.67315	6.676	31.2669
1399831098.864	n	12.6670	3.67264	6.654	31.2611
1399831098.928	n	12.6673	3.67219	6.637	31.2566
1399831098.990	n	12.6671	3.67175	6.613	31.2527
1399831099.053	n	12.6666	3.67130	6.593	31.2489
1399831099.114	n	12.6663	3.67090	6.576	31.2453
1399831099.176	n	12.6664	3.67056	6.552	31.2420
1399831099.241	n	12.6670	3.67021	6.531	31.2382
1399831099.304	n	12.6679	3.66981	6.512	31.2337
1399831099.366	n	12.6691	3.66937	6.492	31.2286
1399831099.428	n	12.6704	3.66895	6.473	31.2236
1399831099.489	n	12.6716	3.66862	6.453	31.2194
1399831099.553	n	12.6728	3.66840	6.436	31.2163
1399831099.615	n	12.6739	3.66825	6.415	31.2140
1399831099.678	n	12.6749	3.66813	6.396	31.2120
1399831099.740	n	12.6759	3.66803	6.379	31.2103
1399831099.803	n	12.6766	3.66796	6.359	31.2090
1399831099.864	n	12.6774	3.66790	6.341	31.2078
1399831099.928	n	12.6781	3.66778	6.324	31.2061
1399831099.990	n	12.6789	3.66761	6.310	31.2039
1399831100.051	n	12.6798	3.66743	6.291	31.2014
1399831100.115	n	12.6809	3.66721	6.273	31.1984
1399831100.177	n	12.6824	3.66692	6.256	31.1944
1399831100.240	n	12.6842	3.66657	6.241	31.1896
1399831100.302	n	12.6864	3.66615	6.222	31.1839
1399831100.364	n	12.6887	3.66566	6.208	31.1773
1399831100.427	n	12.6912	3.66514	6.192	31.1704
1399831100.490	n	12.6935	3.66465	6.173	31.1638
1399831100.552	n	12.6956	3.66420	6.158	31.1578
1399831100.615	n	12.6973	3.66386	6.144	31.1533
1399831100.677	n	12.6985	3.66364	6.129	31.1502
1399831100.739	n	12.6994	3.66346	6.114	31.1478
1399831100.877	y	12.7002	3.66330	6.096	31.1456
1399831100.884	n	12.7008	3.66317	6.082	31.1438
1399831100.926	n	12.7014	3.66305	6.066	31.1423
1399831100.990	n	12.7018	3.66297	6.050	31.1411
1399831101.052	n	12.7022	3.66292	6.040	31.1404
1399831101.116	n	12.7026	3.66289	6.025	31.1398
1399831101.178	n	12.7031	3.66289	6.010	31.1393
1399831101.241	n	12.7037	3.66290	5.997	31.1389
1399831101.302	n	12.7046	3.66285	5.984	31.1378
1399831101.365	n	12.7062	3.66267	5.971	31.1348
1399831101.427	n	12.7086	3.66231	5.956	31.1293
1399831101.491	n	12.7120	3.66171	5.945	31.1209
1399831101.552	n	12.7161	3.66093	5.932	31.1101
1399831101.614	n	12.7207	3.66010	5.920	31.0985
1399831101.677	n	12.7254	3.65935	5.910	31.0876
1399831101.740	n	12.7297	3.65879	5.894	31.0787
1399831101.803	n	12.7336	3.65843	5.882	31.0721
1399831101.864	n	12.7371	3.65824	5.873	31.0675
1399831101.927	n	12.7401	3.65814	5.859	31.0640
1399831101.990	n	12.7426	3.65809	5.850	31.0615
1399831102.053	n	12.7446	3.65808	5.839	31.0598
1399831102.114	n	12.7462	3.65809	5.827	31.0586
1399831102.176	n	12.7475	3.65812	5.819	31.0578
1399831102.241	n	12.7488	3.65814	5.805	31.0569
1399831102.305	n	12.7503	3.65812	5.796	31.0556
1399831102.365	n	12.7516	3.65808	5.784	31.0541
1399831102.427	n	12.7525	3.65802	5.775	31.0527
1399831102.491	n	12.7531	3.65796	5.763	31.0517
1399831102.552	n	12.7538	3.65791	5.750	31.0507
1399831102.614	n	12.7547	3.65786	5.742	31.0495
1399831102.766	y	12.7558	3.65781	5.732	31.0481
1399831102.773	n	12.7571	3.65776	5.720	31.0465
1399831102.803	n	12.7584	3.65770	5.709	31.0449
1399831102.865	n	12.7595	3.65762	5.701	31.0432
1399831102.927	n	12.7605	3.65750	5.690	31.0412
1399831102.990	n	12.7616	3.65731	5.679	31.0386
1399831103.053	n	12.7628	3.65704	5.670	31.0351
1399831103.115	n	12.7643	3.65670	5.662	31.0307
1399831103.178	n	12.7663	3.65637	5.651	31.0259
1399831103.240	n	12.7686	3.65610	5.642	31.0215
1399831103.302	n	12.7707	3.65592	5.631	31.0180
1399831103.365	n	12.7723	3.65580	5.618	31.0156
1399831103.427	n	12.7731	3.65570	5.609	31.0140
1399831103.490	n	12.7734	3.65559	5.604	31.0127
1399831103.552	n	12.7740	3.65544	5.590	31.0108
1399831103.615	n	12.7752	3.65527	5.580	31.0083
1399831103.676	n	12.7769	3.65512	5.569	31.0054
1399831103.739	n	12.7788	3.65497	5.556	31.0025
1399831103.803	n	12.7801	3.65486	5.547	31.0003
1399831103.865	n	12.7810	3.65479	5.537	30.9990
1399831103.927	n	12.7815	3.65473	5.526	30.9980
1399831103.990	n	12.7820	3.65463	5.512	30.9966
1399831104.052	n	12.7827	3.65447	5.501	30.9946
1399831104.116	n	12.7832	3.65427	5.488	30.9923
1399831104.177	n	12.7836	3.65409	5.478	30.9902
1399831104.239	n	12.7837	3.65396	5.468	30.9889
1399831104.302	n	12.7839	3.65385	5.453	30.9878
1399831104.366	n	12.7843	3.65373	5.440	30.9863
1399831104.428	n	12.7853	3.65355	5.428	30.9838
1399831104.549	y	12.7872	3.65325	5.415	30.9795
1399831104.555	n	12.7898	3.65284	5.401	30.9734
1399831104.616	n	12.7931	3.65238	5.391	30.9664
1399831104.678	n	12.7963	3.65196	5.379	30.9598
1399831104.740	n	12.7992	3.65165	5.367	30.9545
1399831104.804	n	12.8015	3.65145	5.350	30.9507
1399831104.865	n	12.8034	3.65126	5.337	30.9475
1399831104.927	n	12.8052	3.65102	5.323	30.9437
1399831104.991	n	12.8071	3.65073	5.311	30.9394
1399831105.053	n	12.8090	3.65047	5.298	30.9354
1399831105.114	n	12.8107	3.65026	5.284	30.9321
1399831105.177	n	12.8120	3.65013	5.269	30.9298
1399831105.241	n	12.8131	3.65002	5.255	30.9279
1399831105.303	n	12.8143	3.64993	5.240	30.9260
1399831105.365	n	12.8158	3.64984	5.226	30.9239
1399831105.426	n	12.8174	3.64975	5.209	30.9218
1399831105.491	y	12.8192	3.64965	5.194	30.9194
1399831105.627	n	12.8212	3.64954	5.175	30.9167
1399831105.632	n	12.8235	3.64941	5.160	30.9136
1399831105.677	n	12.8261	3.64927	5.144	30.9102
1399831105.739	n	12.8288	3.64914	5.127	30.9067
1399831105.803	n	12.8316	3.64905	5.111	30.9036
1399831105.865	n	12.8342	3.64900	5.093	30.9010
1399831105.927	n	12.8362	3.64896	5.079	30.8990
1399831105.989	n	12.8377	3.64888	5.057	30.8971
1399831106.052	n	12.8388	3.64874	5.042	30.8949
1399831106.115	n	12.8397	3.64857	5.024	30.8925
1399831106.178	n	12.8406	3.64840	5.001	30.8901
1399831106.240	n	12.8415	3.64825	4.985	30.8881
1399831106.302	n	12.8422	3.64817	4.969	30.8867
1399831106.365	n	12.8427	3.64811	4.950	30.8857
1399831106.427	n	12.8431	3.64795	4.930	30.8840
1399831106.491	n	12.8434	3.64763	4.912	30.8807
1399831106.552	n	12.8438	3.64715	4.894	30.8759
1399831106.615	n	12.8441	3.64660	4.873	30.8704
1399831106.678	n	12.8445	3.64612	4.854	30.8656
1399831106.740	n	12.8449	3.64582	4.833	30.8626
1399831106.802	n	12.8452	3.64566	4.814	30.8608
1399831106.866	n	12.8455	3.64555	4.793	30.8595
1399831107.034	y	12.8459	3.64546	4.772	30.8583
1399831107.040	n	12.8462	3.64537	4.755	30.8572
1399831107.053	n	12.8466	3.64530	4.737	30.8563
1399831107.114	n	12.8469	3.64519	4.718	30.8549
1399831107.178	n	12.8473	3.64499	4.697	30.8528
1399831107.241	n	12.8478	3.64473	4.676	30.8500
1399831107.303	n	12.8484	3.64448	4.657	30.8471
1399831107.367	n	12.8489	3.64428	4.638	30.8448
1399831107.428	n	12.8494	3.64417	4.615	30.8433
1399831107.491	n	12.8497	3.64412	4.599	30.8426
1399831107.553	n	12.8501	3.64408	4.579	30.8420
1399831107.616	n	12.8506	3.64402	4.559	30.8410
1399831107.677	n	12.8510	3.64395	4.538	30.8400
1399831107.739	n	12.8515	3.64388	4.521	30.8389
1399831107.804	n	12.8520	3.64381	4.502	30.8379
1399831107.865	n	12.8526	3.64374	4.483	30.8367
1399831107.928	n	12.8534	3.64367	4.465	30.8355
1399831107.990	n	12.8543	3.64359	4.445	30.8340
1399831108.052	n	12.8553	3.64350	4.426	30.8323
1399831108.116	n	12.8563	3.64342	4.409	30.8308
1399831108.177	n	12.8573	3.64335	4.391	30.8293
1399831108.240	y	12.8582	3.64329	4.372	30.8280
1399831108.302	n	12.8590	3.64323	4.355	30.8268
1399831108.365	n	12.8597	3.64319	4.338	30.8258
1399831108.428	n	12.8605	3.64319	4.318	30.8252
1399831108.489	n	12.8613	3.64321	4.302	30.8248
1399831108.552	n	12.8622	3.64325	4.283	30.8244
1399831108.614	n	12.8631	3.64327	4.266	30.8238
1399831108.678	n	12.8641	3.64325	4.250	30.8229
1399831108.741	n	12.8652	3.64321	4.231	30.8216
1399831108.803	n	12.8662	3.64316	4.210	30.8203
1399831108.866	n	12.8673	3.64313	4.189	30.8191
1399831108.928	n	12.8684	3.64310	4.172	30.8180
1399831108.990	n	12.8695	3.64310	4.157	30.8171
1399831109.052	n	12.8705	3.64310	4.143	30.8163
1399831109.116	n	12.8715	3.64309	4.127	30.8154
1399831109.178	n	12.8724	3.64308	4.110	30.8146
1399831109.240	n	12.8730	3.64306	4.092	30.8139
1399831109.302	n	12.8735	3.64304	4.073	30.8133
1399831109.365	n	12.8739	3.64302	4.059	30.8128
1399831109.428	n	12.8744	3.64300	4.042	30.8122
1399831109.491	n	12.8750	3.64298	4.022	30.8115
1399831109.553	n	12.8759	3.64295	4.005	30.8106
1399831109.615	n	12.8771	3.64290	3.990	30.8091
1399831109.678	n	12.8787	3.64283	3.971	30.8072
1399831109.739	n	12.8805	3.64278	3.955	30.8051
1399831109.802	n	12.8825	3.64268	3.937	30.8026
1399831109.866	n	12.8848	3.64255	3.925	30.7996
1399831109.927	n	12.8872	3.64243	3.904	30.7965
1399831109.989	n	12.8896	3.64232	3.888	30.7936
1399831110.053	n	12.8917	3.64226	3.871	30.7912
1399831110.116	n	12.8932	3.64226	3.854	30.7900
1399831110.176	n	12.8939	3.64228	3.841	30.7896
1399831110.241	n	12.8941	3.64230	3.825	30.7897
1399831110.303	n	12.8941	3.64232	3.806	30.7899
1399831110.366	n	12.8941	3.64232	3.787	30.7899
1399831110.428	n	12.8944	3.64229	3.770	30.7894
1399831110.490	n	12.8949	3.64226	3.757	30.7887
1399831110.553	n	12.8957	3.64223	3.736	30.7877
1399831110.614	n	12.8966	3.64220	3.721	30.7867
1399831110.677	n	12.8973	3.64217	3.703	30.7860
1399831110.741	n	12.8976	3.64217	3.686	30.7856
1399831110.802	n	12.8977	3.64216	3.671	30.7855
1399831110.866	n	12.8977	3.64218	3.654	30.7856
1399831110.927	n	12.8979	3.64219	3.638	30.7857
1399831110.991	n	12.8985	3.64219	3.622	30.7852
1399831111.053	n	12.8996	3.64216	3.606	30.7840
1399831111.116	n	12.9013	3.64212	3.591	30.7822
1399831111.310	y	12.9038	3.64208	3.577	30.7798
1399831111.316	n	12.9066	3.64206	3.559	30.7774
1399831111.322	n	12.9092	3.64207	3.546	30.7754
1399831111.365	n	12.9116	3.64210	3.533	30.7737
1399831111.427	n	12.9145	3.64211	3.518	30.7714
1399831111.490	n	12.9185	3.64212	3.507	30.7683
1399831111.552	n	12.9235	3.64214	3.492	30.7644
1399831111.615	n	12.9277	3.64216	3.479	30.7611
1399831111.677	n	12.9295	3.64218	3.467	30.7600
1399831111.740	n	12.9289	3.64220	3.455	30.7606
1399831111.801	y	12.9270	3.64222	3.442	30.7623
1399831111.865	n	12.9258	3.64223	3.432	30.7634
1399831111.927	n	12.9270	3.64225	3.423	30.7626
1399831111.991	n	12.9306	3.64227	3.411	30.7599
1399831112.053	n	12.9358	3.64228	3.399	30.7557
1399831112.115	n	12.9413	3.64227	3.392	30.7511
1399831112.178	n	12.9451	3.64226	3.383	30.7480
1399831112.240	n	12.9461	3.64225	3.373	30.7471
1399831112.303	n	12.9450	3.64226	3.364	30.7480
1399831112.365	n	12.9437	3.64228	3.353	30.7494
1399831112.427	n	12.9437	3.64230	3.346	30.7495
1399831112.490	n	12.9457	3.64231	3.337	30.7480
1399831112.551	n	12.9489	3.64232	3.332	30.7455
1399831112.615	n	12.9520	3.64234	3.325	30.7432
1399831112.677	n	12.9541	3.64235	3.313	30.7416
1399831112.739	n	12.9550	3.64236	3.301	30.7410
1399831112.804	n	12.9549	3.64237	3.292	30.7412
1399831112.864	n	12.9540	3.64238	3.287	30.7419
1399831112.928	n	12.9526	3.64237	3.273	30.7429
1399831112.989	n	12.9509	3.64236	3.263	30.7442
1399831113.052	n	12.9493	3.64235	3.256	30.7455
1399831113.116	n	12.9482	3.64235	3.245	30.7464
1399831113.177	n	12.9478	3.64237	3.238	30.7469
1399831113.240	n	12.9481	3.64239	3.228	30.7468
1399831113.304	n	12.9491	3.64240	3.218	30.7462
1399831113.366	n	12.9505	3.64243	3.208	30.7453
1399831113.428	n	12.9524	3.64247	3.197	30.7442
1399831113.491	n	12.9545	3.64252	3.188	30.7430
1399831113.553	n	12.9565	3.64257	3.177	30.7418
1399831113.614	n	12.9581	3.64261	3.163	30.7408
1399831113.677	n	12.9593	3.64264	3.152	30.7402
1399831113.740	n	12.9602	3.64268	3.140	30.7397
1399831113.804	n	12.9613	3.64272	3.127	30.7393
1399831113.865	n	12.9624	3.64277	3.114	30.7389
1399831113.928	n	12.9635	3.64280	3.104	30.7383
1399831113.991	n	12.9646	3.64283	3.091	30.7377
1399831114.052	n	12.9658	3.64286	3.079	30.7370
1399831114.115	n	12.9670	3.64289	3.064	30.7362
1399831114.177	n	12.9683	3.64293	3.045	30.7356
1399831114.240	n	12.9691	3.64295	3.032	30.7351
1399831114.303	n	12.9696	3.64296	3.017	30.7349
1399831114.365	n	12.9696	3.64297	3.002	30.7350
1399831114.428	n	12.9694	3.64298	2.987	30.7352
1399831114.491	n	12.9694	3.64300	2.969	30.7354
1399831114.553	n	12.9696	3.64303	2.948	30.7355
1399831114.614	n	12.9699	3.64305	2.930	30.7355
1399831114.678	n	12.9704	3.64306	2.911	30.7352
1399831114.740	n	12.9712	3.64306	2.891	30.7345
1399831114.802	n	12.9727	3.64306	2.870	30.7333
1399831114.865	n	12.9753	3.64310	2.850	30.7316
1399831114.927	n	12.9786	3.64321	2.831	30.7299
1399831114.989	n	12.9822	3.64337	2.812	30.7285
1399831115.054	n	12.9855	3.64356	2.795	30.7277
1399831115.114	n	12.9879	3.64375	2.772	30.7275
1399831115.178	n	12.9895	3.64388	2.753	30.7275
1399831115.240	n	12.9903	3.64395	2.731	30.7275
1399831115.301	n	12.9905	3.64400	2.714	30.7277
1399831115.365	n	12.9904	3.64401	2.690	30.7280
1399831115.509	y	12.9904	3.64404	2.676	30.7282
1399831115.594	y	12.9913	3.64412	2.653	30.7283
1399831115.600	n	12.9936	3.64429	2.632	30.7281
1399831115.615	n	12.9969	3.64454	2.613	30.7276
1399831115.677	n	13.0007	3.64480	2.593	30.7270
1399831115.739	n	13.0043	3.64504	2.576	30.7264
1399831115.803	n	13.0068	3.64520	2.556	30.7259
1399831115.865	n	13.0084	3.64528	2.531	30.7253
1399831115.928	n	13.0092	3.64531	2.514	30.7250
1399831115.990	n	13.0099	3.64535	2.496	30.7248
1399831116.052	n	13.0108	3.64540	2.477	30.7245
1399831116.115	n	13.0116	3.64546	2.455	30.7245
1399831116.177	n	13.0122	3.64551	2.434	30.7245
1399831116.240	n	13.0124	3.64556	2.417	30.7247
1399831116.302	n	13.0124	3.64559	2.396	30.7250
1399831116.366	n	13.0125	3.64561	2.377	30.7251
1399831116.428	n	13.0129	3.64563	2.359	30.7250
1399831116.491	n	13.0132	3.64563	2.335	30.7248
1399831116.552	n	13.0133	3.64558	2.317	30.7242
1399831116.615	n	13.0131	3.64551	2.296	30.7238
1399831116.678	n	13.0129	3.64547	2.277	30.7235
1399831116.739	n	13.0128	3.64545	2.256	30.7234
1399831116.803	n	13.0130	3.64546	2.239	30.7234
1399831116.865	n	13.0138	3.64549	2.217	30.7231
1399831116.928	n	13.0153	3.64553	2.200	30.7222
1399831116.990	n	13.0173	3.64555	2.182	30.7207
1399831117.053	n	13.0193	3.64555	2.162	30.7191
1399831117.114	n	13.0208	3.64553	2.145	30.7178
1399831117.178	n	13.0217	3.64549	2.129	30.7167
1399831117.240	n	13.0224	3.64543	2.111	30.7155
1399831117.303	n	13.0232	3.64535	2.092	30.7141
1399831117.366	n	13.0243	3.64527	2.077	30.7126
1399831117.427	n	13.0254	3.64520	2.058	30.7110
1399831117.490	n	13.0264	3.64515	2.041	30.7097
1399831117.552	n	13.0275	3.64514	2.025	30.7087
1399831117.616	n	13.0294	3.64519	2.010	30.7077
1399831117.677	n	13.0340	3.64543	1.993	30.7062
1399831117.739	n	13.0425	3.64592	1.980	30.7040
1399831117.803	n	13.0543	3.64665	1.962	30.7012
1399831117.864	n	13.0665	3.64745	1.946	30.6988
1399831117.927	n	13.0753	3.64807	1.931	30.6974
1399831117.990	n	13.0781	3.64836	1.921	30.6980
1399831118.051	n	13.0749	3.64837	1.908	30.7006
1399831118.116	n	13.0683	3.64820	1.892	30.7044
1399831118.177	n	13.0617	3.64802	1.882	30.7081
1399831118.240	n	13.0577	3.64798	1.870	30.7109
1399831118.302	n	13.0575	3.64808	1.860	30.7119
1399831118.365	n	13.0604	3.64835	1.847	30.7122
1399831118.427	n	13.0645	3.64880	1.838	30.7131
1399831118.490	n	13.0707	3.64938	1.829	30.7134
1399831118.552	n	13.0794	3.65002	1.817	30.7124
1399831118.615	n	13.0900	3.65066	1.807	30.7099
1399831118.677	n	13.1010	3.65127	1.795	30.7067
1399831118.739	n	13.1102	3.65185	1.783	30.7046
1399831118.803	n	13.1175	3.65237	1.773	30.7036
1399831118.864	n	13.1244	3.65282	1.760	30.7023
1399831118.927	n	13.1322	3.65321	1.749	30.6996
1399831118.989	n	13.1409	3.65351	1.735	30.6953
1399831119.054	n	13.1490	3.65379	1.726	30.6914
1399831119.115	n	13.1545	3.65418	1.714	30.6906
1399831119.177	y	13.1573	3.65472	1.703	30.6934
1399831119.239	n	13.1588	3.65537	1.690	30.6982
1399831119.302	n	13.1601	3.65596	1.681	30.7028
1399831119.364	n	13.1620	3.65631	1.668	30.7045
1399831119.427	n	13.1647	3.65632	1.658	30.7024
1399831119.489	n	13.1667	3.65607	1.650	30.6985
1399831119.553	n	13.1672	3.65569	1.638	30.6945
1399831119.615	n	13.1669	3.65542	1.626	30.6922
1399831119.750	y	13.1666	3.65533	1.615	30.6916
1399831119.757	n	13.1670	3.65539	1.608	30.6919
1399831119.891	y	13.1679	3.65560	1.600	30.6931
1399831119.898	n	13.1689	3.65589	1.590	30.6950
1399831119.927	n	13.1700	3.65618	1.579	30.6968
1399831119.990	n	13.1713	3.65648	1.571	30.6986
1399831120.054	n	13.1726	3.65679	1.563	30.7004
1399831120.116	n	13.1741	3.65708	1.555	30.7019
1399831120.178	n	13.1751	3.65734	1.548	30.7035
1399831120.240	n	13.1753	3.65756	1.537	30.7054
1399831120.303	n	13.1761	3.65774	1.531	30.7064
1399831120.365	n	13.1789	3.65789	1.520	30.7055
1399831120.428	n	13.1844	3.65802	1.514	30.7023
1399831120.490	n	13.1917	3.65812	1.509	30.6974
1399831120.553	n	13.1981	3.65813	1.500	30.6923
1399831120.616	n	13.2013	3.65800	1.493	30.6886
1399831120.677	n	13.2007	3.65777	1.485	30.6870
1399831120.739	n	13.1981	3.65753	1.477	30.6868
1399831120.804	n	13.1958	3.65741	1.473	30.6875
1399831120.866	n	13.1952	3.65749	1.463	30.6887
1399831120.928	n	13.1964	3.65772	1.458	30.6899
1399831120.989	n	13.1985	3.65802	1.452	30.6910
1399831121.054	n	13.2006	3.65831	1.441	30.6920
1399831121.115	n	13.2026	3.65862	1.435	30.6933
1399831121.178	n	13.2049	3.65910	1.426	30.6959
1399831121.240	n	13.2078	3.65979	1.417	30.7000
1399831121.302	n	13.2122	3.66065	1.411	30.7045
1399831121.367	n	13.2189	3.66158	1.406	30.7077
1399831121.427	n	13.2282	3.66234	1.395	30.7073
1399831121.490	n	13.2383	3.66286	1.386	30.7041
1399831121.554	n	13.2457	3.66316	1.376	30.7009
1399831121.615	n	13.2478	3.66325	1.362	30.6999
1399831121.678	n	13.2452	3.66324	1.356	30.7020
1399831121.740	n	13.2417	3.66332	1.342	30.7056
1399831121.803	n	13.2406	3.66336	1.334	30.7069
1399831121.866	n	13.2410	3.66305	1.317	30.7036
1399831121.927	n	13.2417	3.66225	1.302	30.6957
1399831121.989	n	13.2430	3.66138	1.291	30.6865
1399831122.053	n	13.2458	3.66089	1.279	30.6797
1399831122.116	n	13.2506	3.66109	1.264	30.6777
1399831122.177	n	13.2547	3.66173	1.252	30.6804
1399831122.240	n	13.2532	3.66213	1.238	30.6853
1399831122.304	n	13.2453	3.66189	1.222	30.6894
1399831122.366	n	13.2344	3.66118	1.205	30.6916
1399831122.428	n	13.2256	3.66047	1.192	30.6921
1399831122.491	n	13.2219	3.66016	1.179	30.6922
1399831122.554	n	13.2226	3.66029	1.161	30.6929
1399831122.615	n	13.2263	3.66089	1.147	30.6955
1399831122.678	n	13.2314	3.66186	1.131	30.7003
1399831122.753	y	13.2388	3.66294	1.115	30.7044
1399831122.802	n	13.2499	3.66394	1.100	30.7048
1399831122.866	n	13.2641	3.66474	1.085	30.7008
1399831122.927	n	13.2786	3.66520	1.073	30.6934
1399831122.990	n	13.2899	3.66549	1.058	30.6870
1399831123.052	n	13.2936	3.66552	1.044	30.6843
1399831123.115	n	13.2902	3.66525	1.031	30.6846
1399831123.177	n	13.2841	3.66487	1.017	30.6860
1399831123.239	n	13.2790	3.66457	1.003	30.6873
1399831123.302	n	13.2775	3.66451	0.993	30.6879
1399831123.365	n	13.2801	3.66475	0.976	30.6881
1399831123.427	n	13.2844	3.66512	0.961	30.6880
1399831123.489	n	13.2876	3.66544	0.951	30.6885
1399831123.553	n	13.2884	3.66563	0.941	30.6896
1399831123.616	n	13.2872	3.66570	0.929	30.6912
1399831123.679	n	13.2855	3.66567	0.913	30.6923
1399831123.739	n	13.2848	3.66557	0.901	30.6919
1399831123.802	n	13.2858	3.66548	0.889	30.6903
1399831123.865	n	13.2876	3.66545	0.873	30.6886
1399831124.062	y	13.2891	3.66545	0.863	30.6874
1399831124.069	n	13.2900	3.66546	0.854	30.6867
1399831124.076	n	13.2909	3.66546	0.845	30.6860
1399831124.116	n	13.2919	3.66549	0.833	30.6855
1399831124.177	n	13.2920	3.66550	0.823	30.6855
1399831124.240	n	13.2905	3.66545	0.811	30.6863
1399831124.302	n	13.2878	3.66539	0.800	30.6878
1399831124.366	n	13.2854	3.66532	0.790	30.6892
1399831124.427	n	13.2842	3.66523	0.779	30.6893
1399831124.489	n	13.2844	3.66507	0.769	30.6876
1399831124.552	n	13.2849	3.66482	0.758	30.6849
1399831124.615	n	13.2845	3.66459	0.747	30.6831
1399831124.678	n	13.2836	3.66451	0.740	30.6831
1399831124.740	n	13.2835	3.66467	0.728	30.6847
1399831124.803	n	13.2850	3.66500	0.717	30.6866
1399831124.867	n	13.2880	3.66536	0.706	30.6875
1399831124.927	n	13.2915	3.66560	0.695	30.6870
1399831124.990	n	13.2944	3.66052	0.682	30.6373
1399831125.053	n	13.2961	3.52550	0.673	29.3838
1399831125.122	n	13.2965	3.12118	0.654	25.6775
1399831125.178	n	13.2952	2.48899	0.640	20.0179
1399831125.241	n	13.2907	1.75663	0.630	13.6834
1399831125.303	n	13.2809	1.17555	0.621	8.8556
1399831125.366	n	13.2640	0.89233	0.608	6.5821
1399831125.428	n	13.2417	0.84433	0.596	6.2058
1399831125.490	n	13.2190	0.85683	0.586	6.3084
1399831125.553	n	13.2019	0.85684	0.574	6.3113
1399831125.615	n	13.1937	0.79567	0.564	5.8298
1399831125.678	n	13.1935	0.74407	0.553	5.4250
1399831125.739	n	13.1974	0.71643	0.547	5.2086
1399831125.802	n	13.2022	0.70499	0.543	5.1189
1399831125.864	n	13.2069	0.69644	0.538	5.0518
1399831125.929	n	13.2119	0.68451	0.532	4.9584
1399831125.991	n	13.2174	0.66052	0.529	4.7718
1399831126.054	n	13.2227	0.62575	0.526	4.5029
1399831126.115	n	13.2274	0.59078	0.527	4.2337
1399831126.177	n	13.2318	0.55949	0.524	3.9940
1399831126.239	n	13.2366	0.53329	0.522	3.7941
1399831126.302	n	13.2419	0.51113	0.518	3.6256
