Source File: D:\Storage\Programs\OOI\Group 5\Correspondence\07_18_14 sample files\files\11325408.PPB
Processed: 07/18/2014 12:28:14
Using Version: 1.11
Device: CTD
Start Date: 05/12/2014
Timestamp (s)	Suspect Timestamp	Temperature	Conductivity	Pressure	Salinity
1399899516.684	y	11.7244	3.67061	20.811	32.0332
1399899516.748	n	11.7241	3.67064	20.812	32.0337
1399899516.808	n	11.7242	3.67061	20.814	32.0333
1399899516.873	n	11.7241	3.67061	20.811	32.0334
1399899516.935	n	11.7242	3.67064	20.812	32.0336
1399899516.999	n	11.7241	3.67061	20.810	32.0334
1399899517.058	n	11.7240	3.67065	20.812	32.0340
1399899517.123	n	11.7242	3.67063	20.814	32.0335
1399899517.186	n	11.7241	3.67062	20.811	32.0335
1399899517.248	n	11.7241	3.67062	20.809	32.0335
1399899517.311	n	11.7240	3.67062	20.810	32.0336
1399899517.373	n	11.7240	3.67061	20.812	32.0336
1399899517.435	n	11.7239	3.67061	20.810	32.0336
1399899517.501	n	11.7239	3.67061	20.808	32.0336
1399899517.563	n	11.7238	3.67061	20.810	32.0336
1399899517.624	n	11.7238	3.67062	20.809	32.0338
1399899517.687	n	11.7238	3.67063	20.809	32.0338
1399899517.748	n	11.7237	3.67063	20.809	32.0339
1399899517.813	n	11.7237	3.67062	20.805	32.0338
1399899517.874	n	11.7236	3.67061	20.808	32.0338
1399899517.937	n	11.7236	3.67060	20.807	32.0338
1399899517.998	n	11.7235	3.67061	20.807	32.0338
1399899518.061	n	11.7235	3.67061	20.805	32.0339
1399899518.124	n	11.7235	3.67062	20.805	32.0340
1399899518.187	n	11.7235	3.67062	20.806	32.0340
1399899519.702	n	11.7235	3.67062	20.807	32.0340
1399899519.727	n	11.7234	3.67061	20.805	32.0340
1399899519.748	n	11.7234	3.67061	20.804	32.0341
1399899519.766	n	11.7233	3.67061	20.803	32.0341
1399899519.773	n	11.7233	3.67061	20.804	32.0342
1399899519.779	n	11.7233	3.67062	20.804	32.0342
1399899519.786	n	11.7233	3.67062	20.802	32.0342
1399899519.793	n	11.7233	3.67061	20.801	32.0341
1399899519.800	n	11.7232	3.67060	20.801	32.0341
1399899519.806	n	11.7232	3.67059	20.798	32.0340
1399899519.813	n	11.7232	3.67059	20.797	32.0341
1399899519.820	n	11.7232	3.67060	20.796	32.0341
1399899519.826	n	11.7232	3.67061	20.795	32.0342
1399899519.833	n	11.7231	3.67061	20.793	32.0343
1399899519.838	n	11.7231	3.67060	20.793	32.0342
1399899519.843	n	11.7231	3.67059	20.797	32.0341
1399899519.848	n	11.7231	3.67059	20.794	32.0341
1399899519.853	n	11.7231	3.67060	20.790	32.0342
1399899519.858	n	11.7231	3.67061	20.788	32.0342
1399899519.864	n	11.7231	3.67061	20.791	32.0343
1399899519.869	n	11.7230	3.67061	20.790	32.0343
1399899519.875	n	11.7230	3.67060	20.788	32.0343
1399899519.880	n	11.7229	3.67060	20.789	32.0343
1399899519.885	n	11.7229	3.67059	20.788	32.0343
1399899519.890	n	11.7228	3.67059	20.786	32.0343
1399899519.894	n	11.7228	3.67059	20.787	32.0343
1399899519.899	n	11.7228	3.67059	20.786	32.0344
1399899519.936	n	11.7228	3.67060	20.784	32.0345
1399899520.000	n	11.7228	3.67061	20.784	32.0346
1399899520.063	n	11.7227	3.67061	20.783	32.0347
1399899520.123	n	11.7226	3.67060	20.782	32.0346
1399899520.186	n	11.7226	3.67058	20.780	32.0345
1399899520.269	n	11.7226	3.67057	20.780	32.0343
1399899520.312	n	11.7226	3.67056	20.783	32.0342
1399899520.375	n	11.7226	3.67056	20.782	32.0342
1399899520.436	n	11.7225	3.67057	20.785	32.0343
1399899520.500	n	11.7225	3.67058	20.782	32.0345
1399899520.561	n	11.7224	3.67059	20.781	32.0347
1399899520.623	n	11.7223	3.67060	20.782	32.0348
1399899520.688	n	11.7223	3.67060	20.782	32.0349
1399899520.748	n	11.7222	3.67060	20.779	32.0349
1399899520.810	n	11.7221	3.67060	20.782	32.0351
1399899520.874	n	11.7221	3.67060	20.783	32.0351
1399899520.937	n	11.7220	3.67060	20.782	32.0352
1399899521.000	n	11.7219	3.67060	20.782	32.0352
1399899521.062	n	11.7219	3.67059	20.780	32.0352
1399899521.124	n	11.7218	3.67059	20.781	32.0352
1399899521.185	n	11.7218	3.67060	20.786	32.0353
1399899521.251	n	11.7217	3.67059	20.786	32.0353
1399899521.312	n	11.7217	3.67059	20.785	32.0353
1399899521.374	n	11.7217	3.67058	20.786	32.0353
1399899521.436	n	11.7216	3.67058	20.788	32.0353
1399899521.503	n	11.7216	3.67057	20.790	32.0352
1399899521.561	n	11.7216	3.67057	20.789	32.0352
1399899521.624	n	11.7215	3.67057	20.792	32.0352
1399899521.686	n	11.7214	3.67057	20.792	32.0353
1399899521.750	n	11.7214	3.67057	20.796	32.0354
1399899521.811	n	11.7213	3.67057	20.797	32.0355
1399899521.873	n	11.7212	3.67058	20.797	32.0356
1399899521.936	n	11.7211	3.67059	20.799	32.0358
1399899521.999	n	11.7211	3.67060	20.799	32.0359
1399899522.060	n	11.7212	3.67061	20.799	32.0359
1399899522.125	n	11.7212	3.67061	20.798	32.0359
1399899522.187	n	11.7212	3.67060	20.801	32.0359
1399899522.250	n	11.7211	3.67060	20.803	32.0359
1399899522.311	n	11.7210	3.67061	20.806	32.0360
1399899522.381	y	11.7209	3.67061	20.810	32.0361
1399899522.436	n	11.7209	3.67060	20.812	32.0361
1399899522.499	n	11.7208	3.67059	20.812	32.0360
1399899522.561	n	11.7208	3.67058	20.813	32.0359
1399899522.625	n	11.7207	3.67057	20.812	32.0359
1399899522.687	n	11.7207	3.67058	20.815	32.0361
1399899522.750	n	11.7206	3.67058	20.822	32.0362
1399899522.812	n	11.7205	3.67059	20.823	32.0364
1399899522.873	n	11.7205	3.67060	20.823	32.0364
1399899522.935	n	11.7204	3.67059	20.824	32.0364
1399899523.001	n	11.7203	3.67058	20.827	32.0364
1399899523.063	n	11.7203	3.67057	20.829	32.0363
1399899523.125	n	11.7202	3.67057	20.831	32.0363
1399899523.187	n	11.7202	3.67057	20.827	32.0364
1399899523.250	n	11.7202	3.67058	20.834	32.0365
1399899523.311	n	11.7202	3.67059	20.835	32.0366
1399899523.440	y	11.7201	3.67061	20.834	32.0368
1399899523.448	n	11.7200	3.67061	20.834	32.0369
1399899523.499	n	11.7199	3.67060	20.838	32.0369
1399899523.561	n	11.7199	3.67059	20.840	32.0369
1399899523.625	n	11.7198	3.67059	20.838	32.0369
1399899523.687	n	11.7198	3.67059	20.840	32.0369
1399899523.750	n	11.7198	3.67061	20.842	32.0371
1399899523.812	n	11.7198	3.67062	20.844	32.0372
1399899523.875	n	11.7197	3.67061	20.848	32.0372
1399899523.935	n	11.7196	3.67061	20.848	32.0373
1399899523.999	n	11.7195	3.67060	20.849	32.0372
1399899524.061	n	11.7194	3.67059	20.849	32.0372
1399899524.125	n	11.7194	3.67060	20.851	32.0373
1399899524.187	n	11.7194	3.67061	20.849	32.0374
1399899524.250	n	11.7194	3.67062	20.851	32.0375
1399899524.312	n	11.7193	3.67062	20.851	32.0376
1399899524.373	n	11.7193	3.67062	20.851	32.0377
1399899524.438	n	11.7192	3.67062	20.852	32.0377
1399899524.499	n	11.7192	3.67062	20.849	32.0377
1399899524.562	n	11.7192	3.67061	20.850	32.0377
1399899524.625	n	11.7191	3.67061	20.851	32.0377
1399899524.687	n	11.7191	3.67061	20.849	32.0377
1399899524.749	n	11.7191	3.67061	20.848	32.0377
1399899524.814	n	11.7191	3.67060	20.852	32.0377
1399899524.874	n	11.7190	3.67060	20.851	32.0377
1399899524.936	n	11.7190	3.67059	20.847	32.0376
1399899525.001	n	11.7189	3.67059	20.844	32.0377
1399899525.062	n	11.7189	3.67060	20.842	32.0378
1399899525.124	n	11.7188	3.67060	20.843	32.0379
1399899525.187	n	11.7187	3.67061	20.843	32.0380
1399899525.248	n	11.7186	3.67060	20.840	32.0381
1399899525.312	n	11.7185	3.67060	20.841	32.0381
1399899525.375	n	11.7184	3.67059	20.838	32.0380
1399899525.437	n	11.7184	3.67058	20.834	32.0380
1399899525.501	n	11.7183	3.67058	20.832	32.0381
1399899525.561	n	11.7182	3.67059	20.833	32.0383
1399899525.623	n	11.7181	3.67060	20.830	32.0385
1399899525.687	n	11.7180	3.67061	20.830	32.0387
1399899525.750	n	11.7179	3.67061	20.829	32.0387
1399899525.833	n	11.7179	3.67061	20.826	32.0387
1399899525.873	n	11.7179	3.67061	20.822	32.0388
1399899525.937	n	11.7179	3.67062	20.818	32.0388
1399899526.015	y	11.7179	3.67062	20.813	32.0389
1399899526.061	n	11.7178	3.67062	20.809	32.0390
1399899526.123	n	11.7177	3.67062	20.805	32.0390
1399899526.187	n	11.7176	3.67062	20.803	32.0391
1399899526.249	n	11.7176	3.67063	20.797	32.0392
1399899526.343	n	11.7175	3.67063	20.795	32.0393
1399899526.375	y	11.7175	3.67063	20.789	32.0393
1399899526.436	n	11.7175	3.67063	20.783	32.0393
1399899526.501	n	11.7175	3.67063	20.780	32.0393
1399899526.561	n	11.7174	3.67063	20.775	32.0394
1399899526.624	n	11.7174	3.67063	20.766	32.0395
1399899526.687	n	11.7173	3.67064	20.761	32.0396
1399899526.749	n	11.7172	3.67064	20.752	32.0397
1399899526.812	n	11.7171	3.67064	20.748	32.0397
1399899526.874	n	11.7171	3.67065	20.741	32.0398
1399899526.935	n	11.7171	3.67065	20.736	32.0399
1399899527.000	n	11.7170	3.67066	20.729	32.0400
1399899527.061	n	11.7170	3.67067	20.720	32.0402
1399899527.124	n	11.7169	3.67066	20.712	32.0402
1399899527.187	n	11.7168	3.67065	20.708	32.0402
1399899527.250	n	11.7168	3.67065	20.700	32.0402
1399899527.311	n	11.7167	3.67065	20.693	32.0402
1399899527.473	y	11.7167	3.67065	20.685	32.0402
1399899527.481	n	11.7166	3.67066	20.676	32.0404
1399899527.499	n	11.7164	3.67066	20.668	32.0405
1399899527.942	n	11.7163	3.67065	20.661	32.0406
1399899527.955	n	11.7162	3.67066	20.650	32.0407
1399899527.962	n	11.7161	3.67066	20.649	32.0409
1399899527.971	n	11.7160	3.67066	20.639	32.0410
1399899527.977	n	11.7158	3.67066	20.627	32.0411
1399899527.984	n	11.7158	3.67066	20.620	32.0412
1399899527.990	n	11.7157	3.67067	20.614	32.0413
1399899528.001	n	11.7155	3.67068	20.604	32.0416
1399899528.061	n	11.7153	3.67068	20.597	32.0418
1399899528.124	n	11.7151	3.67068	20.588	32.0419
1399899528.185	n	11.7149	3.67067	20.576	32.0420
1399899528.250	n	11.7147	3.67066	20.567	32.0421
1399899528.311	n	11.7145	3.67065	20.561	32.0422
1399899528.373	n	11.7143	3.67065	20.554	32.0423
1399899528.436	n	11.7141	3.67065	20.545	32.0425
1399899528.503	n	11.7140	3.67065	20.538	32.0427
1399899528.561	n	11.7139	3.67065	20.524	32.0427
1399899528.623	n	11.7137	3.67065	20.514	32.0429
1399899528.685	n	11.7136	3.67065	20.507	32.0430
1399899528.748	n	11.7134	3.67064	20.501	32.0430
1399899528.813	n	11.7133	3.67063	20.491	32.0430
1399899528.874	n	11.7132	3.67061	20.482	32.0430
1399899528.937	n	11.7132	3.67061	20.476	32.0430
1399899528.999	n	11.7131	3.67061	20.466	32.0431
1399899529.061	n	11.7130	3.67063	20.456	32.0433
1399899529.124	n	11.7130	3.67063	20.447	32.0434
1399899529.186	n	11.7129	3.67063	20.435	32.0434
1399899529.250	n	11.7129	3.67063	20.425	32.0435
1399899529.312	n	11.7128	3.67063	20.418	32.0436
1399899529.373	n	11.7126	3.67063	20.412	32.0437
1399899529.436	n	11.7125	3.67063	20.402	32.0438
1399899529.501	n	11.7124	3.67064	20.391	32.0439
1399899529.561	n	11.7124	3.67065	20.386	32.0440
1399899529.624	y	11.7124	3.67065	20.375	32.0441
1399899529.686	n	11.7123	3.67065	20.367	32.0441
1399899529.750	n	11.7123	3.67065	20.355	32.0442
1399899529.811	n	11.7122	3.67065	20.348	32.0442
1399899529.873	n	11.7122	3.67064	20.341	32.0442
1399899529.935	n	11.7122	3.67064	20.331	32.0441
1399899530.000	n	11.7122	3.67063	20.320	32.0440
1399899530.062	n	11.7122	3.67062	20.312	32.0440
1399899530.124	n	11.7122	3.67062	20.304	32.0440
1399899530.186	n	11.7122	3.67062	20.292	32.0439
1399899530.249	n	11.7122	3.67062	20.283	32.0440
1399899530.312	n	11.7122	3.67062	20.273	32.0440
1399899530.374	n	11.7122	3.67062	20.264	32.0440
1399899530.436	n	11.7122	3.67062	20.258	32.0440
1399899530.501	n	11.7122	3.67062	20.243	32.0440
1399899530.561	n	11.7122	3.67062	20.233	32.0440
1399899530.624	n	11.7123	3.67063	20.223	32.0441
1399899530.686	n	11.7123	3.67065	20.211	32.0443
1399899530.750	n	11.7123	3.67066	20.204	32.0443
1399899530.812	n	11.7123	3.67065	20.195	32.0443
1399899530.873	n	11.7123	3.67064	20.181	32.0442
1399899530.936	n	11.7123	3.67063	20.167	32.0440
1399899530.998	n	11.7123	3.67062	20.154	32.0440
1399899531.062	n	11.7124	3.67063	20.142	32.0440
1399899531.124	n	11.7124	3.67064	20.134	32.0440
1399899531.186	n	11.7125	3.67064	20.122	32.0439
1399899531.249	n	11.7126	3.67064	20.108	32.0439
1399899531.313	n	11.7127	3.67065	20.094	32.0440
1399899531.374	n	11.7127	3.67067	20.082	32.0441
1399899531.436	n	11.7127	3.67068	20.072	32.0443
1399899531.500	n	11.7127	3.67069	20.061	32.0443
1399899531.562	n	11.7127	3.67068	20.044	32.0442
1399899531.684	y	11.7128	3.67067	20.032	32.0440
1399899531.689	n	11.7129	3.67066	20.013	32.0439
1399899531.750	n	11.7130	3.67066	20.003	32.0438
1399899531.812	n	11.7131	3.67066	19.991	32.0437
1399899531.874	n	11.7132	3.67066	19.976	32.0437
1399899531.937	n	11.7132	3.67066	19.961	32.0436
1399899531.998	n	11.7134	3.67065	19.945	32.0434
1399899532.062	n	11.7135	3.67064	19.929	32.0432
1399899532.123	n	11.7136	3.67062	19.914	32.0430
1399899532.186	n	11.7137	3.67062	19.899	32.0429
1399899532.248	n	11.7137	3.67062	19.885	32.0429
1399899532.311	n	11.7138	3.67063	19.866	32.0429
1399899532.373	n	11.7139	3.67063	19.847	32.0428
1399899532.436	n	11.7140	3.67064	19.830	32.0429
1399899532.501	n	11.7141	3.67064	19.810	32.0428
1399899532.561	n	11.7142	3.67065	19.800	32.0427
1399899532.624	n	11.7143	3.67066	19.782	32.0427
1399899532.686	n	11.7145	3.67066	19.764	32.0426
1399899532.749	n	11.7146	3.67065	19.743	32.0425
1399899532.810	n	11.7146	3.67066	19.730	32.0425
1399899532.874	n	11.7147	3.67066	19.709	32.0424
1399899532.936	n	11.7149	3.67066	19.687	32.0423
1399899532.998	n	11.7150	3.67066	19.668	32.0422
1399899533.061	n	11.7152	3.67065	19.649	32.0420
1399899533.124	n	11.7154	3.67065	19.632	32.0418
1399899533.187	n	11.7155	3.67065	19.611	32.0417
1399899533.249	n	11.7157	3.67066	19.591	32.0417
1399899533.340	y	11.7158	3.67066	19.570	32.0415
1399899533.374	n	11.7160	3.67066	19.550	32.0414
1399899533.435	n	11.7161	3.67066	19.533	32.0413
1399899533.501	n	11.7163	3.67066	19.510	32.0412
1399899533.563	n	11.7165	3.67066	19.488	32.0410
1399899533.623	n	11.7167	3.67066	19.467	32.0409
1399899533.686	n	11.7168	3.67066	19.448	32.0407
1399899533.748	n	11.7170	3.67065	19.424	32.0405
1399899533.812	n	11.7171	3.67065	19.402	32.0404
1399899533.873	n	11.7172	3.67065	19.379	32.0404
1399899533.935	n	11.7174	3.67066	19.359	32.0403
1399899533.998	n	11.7175	3.67067	19.336	32.0403
1399899534.061	n	11.7177	3.67068	19.316	32.0402
1399899534.124	n	11.7179	3.67068	19.295	32.0400
1399899534.187	n	11.7181	3.67068	19.273	32.0398
1399899534.250	n	11.7183	3.67067	19.251	32.0396
1399899534.313	n	11.7185	3.67067	19.228	32.0395
1399899534.373	n	11.7186	3.67067	19.206	32.0393
1399899534.435	n	11.7188	3.67066	19.182	32.0392
1399899534.499	n	11.7189	3.67066	19.160	32.0390
1399899534.561	n	11.7190	3.67066	19.138	32.0389
1399899534.623	n	11.7192	3.67065	19.113	32.0387
1399899534.686	n	11.7194	3.67065	19.091	32.0386
1399899534.749	n	11.7195	3.67065	19.071	32.0384
1399899534.812	n	11.7197	3.67065	19.047	32.0383
1399899534.873	n	11.7198	3.67065	19.026	32.0382
1399899534.936	n	11.7200	3.67066	19.006	32.0382
1399899535.000	n	11.7201	3.67065	18.982	32.0380
1399899535.062	n	11.7203	3.67065	18.960	32.0378
1399899535.124	n	11.7205	3.67065	18.939	32.0377
1399899535.186	n	11.7206	3.67066	18.917	32.0377
1399899535.249	n	11.7207	3.67067	18.891	32.0377
1399899535.310	n	11.7209	3.67067	18.869	32.0376
1399899535.374	n	11.7210	3.67067	18.846	32.0374
1399899535.436	n	11.7212	3.67066	18.824	32.0372
1399899535.501	n	11.7214	3.67065	18.802	32.0370
1399899535.562	n	11.7215	3.67065	18.781	32.0369
1399899535.623	n	11.7216	3.67064	18.760	32.0367
1399899535.687	n	11.7218	3.67065	18.738	32.0366
1399899535.748	n	11.7219	3.67065	18.716	32.0365
1399899535.812	y	11.7220	3.67065	18.695	32.0365
1399899535.990	n	11.7222	3.67065	18.675	32.0364
1399899535.996	n	11.7223	3.67065	18.652	32.0363
1399899536.002	n	11.7224	3.67065	18.634	32.0361
1399899536.061	n	11.7226	3.67065	18.613	32.0360
1399899536.124	n	11.7228	3.67066	18.591	32.0359
1399899536.186	n	11.7230	3.67066	18.572	32.0358
1399899536.250	n	11.7231	3.67065	18.548	32.0356
1399899536.311	n	11.7232	3.67063	18.533	32.0353
1399899536.375	n	11.7234	3.67063	18.512	32.0352
1399899536.435	n	11.7235	3.67063	18.489	32.0351
1399899536.501	n	11.7237	3.67065	18.470	32.0351
1399899536.563	n	11.7239	3.67066	18.452	32.0350
1399899536.625	n	11.7241	3.67067	18.430	32.0349
1399899536.686	n	11.7242	3.67066	18.411	32.0348
1399899536.749	n	11.7244	3.67066	18.391	32.0346
1399899536.810	n	11.7246	3.67066	18.377	32.0344
1399899536.873	n	11.7247	3.67066	18.355	32.0343
1399899536.936	n	11.7249	3.67066	18.333	32.0343
1399899537.002	y	11.7250	3.67066	18.318	32.0341
1399899537.061	n	11.7252	3.67065	18.299	32.0339
1399899537.124	n	11.7254	3.67064	18.280	32.0336
1399899537.186	n	11.7256	3.67064	18.262	32.0334
1399899537.250	n	11.7258	3.67064	18.245	32.0333
1399899537.312	n	11.7260	3.67065	18.227	32.0332
1399899537.374	n	11.7262	3.67065	18.207	32.0330
1399899537.437	n	11.7264	3.67065	18.188	32.0329
1399899537.499	n	11.7266	3.67065	18.171	32.0327
1399899537.562	n	11.7268	3.67065	18.150	32.0326
1399899537.624	n	11.7270	3.67066	18.127	32.0325
1399899537.687	n	11.7272	3.67067	18.114	32.0325
1399899537.749	n	11.7273	3.67067	18.095	32.0323
1399899537.812	n	11.7275	3.67067	18.076	32.0322
1399899537.874	n	11.7277	3.67066	18.061	32.0320
1399899537.937	n	11.7279	3.67066	18.043	32.0318
1399899538.003	n	11.7281	3.67066	18.025	32.0316
1399899538.063	n	11.7283	3.67067	18.004	32.0315
1399899538.123	n	11.7285	3.67068	17.989	32.0314
1399899538.185	n	11.7288	3.67068	17.971	32.0312
1399899538.249	n	11.7291	3.67067	17.952	32.0309
1399899538.312	n	11.7293	3.67066	17.936	32.0306
1399899538.373	n	11.7295	3.67065	17.919	32.0302
1399899538.435	n	11.7297	3.67063	17.901	32.0300
1399899538.500	n	11.7299	3.67064	17.884	32.0299
1399899538.562	n	11.7301	3.67065	17.866	32.0298
1399899538.624	n	11.7303	3.67066	17.848	32.0297
1399899538.685	n	11.7306	3.67067	17.830	32.0296
1399899538.750	n	11.7308	3.67068	17.815	32.0295
1399899538.812	n	11.7311	3.67068	17.800	32.0293
1399899538.873	n	11.7314	3.67067	17.781	32.0290
1399899538.936	n	11.7317	3.67066	17.762	32.0286
1399899539.106	y	11.7320	3.67065	17.746	32.0283
1399899539.112	n	11.7322	3.67065	17.730	32.0280
1399899539.126	n	11.7325	3.67065	17.715	32.0279
1399899539.187	n	11.7327	3.67066	17.696	32.0277
1399899539.248	n	11.7331	3.67066	17.677	32.0274
1399899539.312	n	11.7334	3.67066	17.661	32.0272
1399899539.374	n	11.7337	3.67065	17.643	32.0269
1399899539.436	n	11.7340	3.67065	17.626	32.0266
1399899539.501	n	11.7343	3.67065	17.608	32.0263
1399899539.560	n	11.7346	3.67065	17.588	32.0260
1399899539.623	n	11.7350	3.67064	17.574	32.0256
1399899539.685	n	11.7353	3.67064	17.556	32.0253
1399899539.748	n	11.7357	3.67065	17.538	32.0251
1399899539.811	n	11.7359	3.67066	17.522	32.0250
1399899539.874	n	11.7363	3.67066	17.505	32.0248
1399899539.936	n	11.7366	3.67067	17.486	32.0246
1399899539.999	n	11.7369	3.67066	17.470	32.0242
1399899540.060	y	11.7373	3.67065	17.452	32.0239
1399899540.276	n	11.7376	3.67065	17.433	32.0236
1399899540.282	n	11.7380	3.67066	17.418	32.0234
1399899540.289	n	11.7383	3.67067	17.402	32.0232
1399899540.311	n	11.7386	3.67068	17.384	32.0230
1399899540.373	n	11.7389	3.67069	17.365	32.0228
1399899540.436	n	11.7392	3.67069	17.345	32.0227
1399899540.501	n	11.7395	3.67070	17.328	32.0224
1399899540.571	y	11.7398	3.67070	17.307	32.0221
1399899540.624	n	11.7401	3.67069	17.294	32.0218
1399899540.687	n	11.7405	3.67068	17.275	32.0214
1399899540.750	n	11.7408	3.67067	17.256	32.0211
1399899540.812	n	11.7411	3.67067	17.238	32.0208
1399899540.874	n	11.7414	3.67068	17.219	32.0206
1399899540.938	n	11.7418	3.67069	17.201	32.0205
1399899541.000	n	11.7420	3.67070	17.184	32.0203
1399899541.061	n	11.7424	3.67069	17.164	32.0200
1399899541.124	n	11.7427	3.67068	17.144	32.0196
1399899541.186	n	11.7430	3.67067	17.127	32.0192
1399899541.250	n	11.7434	3.67066	17.111	32.0189
1399899541.311	n	11.7437	3.67067	17.093	32.0187
1399899541.373	n	11.7440	3.67068	17.074	32.0185
1399899541.435	n	11.7443	3.67068	17.054	32.0183
1399899541.500	n	11.7446	3.67068	17.036	32.0180
1399899541.562	n	11.7449	3.67067	17.019	32.0177
1399899541.624	n	11.7452	3.67066	17.001	32.0173
1399899541.686	n	11.7455	3.67066	16.978	32.0170
1399899541.749	n	11.7458	3.67066	16.960	32.0168
1399899541.811	n	11.7461	3.67066	16.943	32.0166
1399899541.874	n	11.7464	3.67067	16.924	32.0164
1399899541.936	n	11.7467	3.67068	16.904	32.0162
1399899542.000	n	11.7469	3.67068	16.887	32.0160
1399899542.062	n	11.7472	3.67068	16.866	32.0158
1399899542.124	n	11.7475	3.67068	16.846	32.0155
1399899542.187	n	11.7478	3.67067	16.828	32.0152
1399899542.248	n	11.7481	3.67066	16.810	32.0149
1399899542.313	n	11.7484	3.67066	16.790	32.0146
1399899542.373	n	11.7487	3.67065	16.768	32.0143
1399899542.436	n	11.7490	3.67065	16.748	32.0140
1399899542.501	n	11.7493	3.67065	16.728	32.0137
1399899542.562	n	11.7495	3.67065	16.709	32.0136
1399899542.624	n	11.7498	3.67066	16.687	32.0135
1399899542.686	n	11.7500	3.67068	16.666	32.0134
1399899542.748	n	11.7503	3.67068	16.645	32.0132
1399899542.812	n	11.7506	3.67068	16.630	32.0129
1399899542.873	n	11.7509	3.67068	16.606	32.0127
1399899542.936	n	11.7512	3.67068	16.585	32.0125
1399899543.000	n	11.7515	3.67067	16.565	32.0122
1399899543.062	n	11.7517	3.67067	16.547	32.0120
1399899543.124	n	11.7520	3.67067	16.526	32.0117
1399899543.186	n	11.7522	3.67067	16.505	32.0115
1399899543.249	n	11.7525	3.67068	16.483	32.0113
1399899543.312	n	11.7528	3.67069	16.464	32.0112
1399899543.374	n	11.7531	3.67070	16.441	32.0110
1399899543.436	n	11.7534	3.67070	16.417	32.0108
1399899543.501	n	11.7537	3.67070	16.396	32.0106
1399899543.563	n	11.7539	3.67070	16.375	32.0104
1399899543.624	n	11.7542	3.67070	16.355	32.0101
1399899543.686	n	11.7545	3.67070	16.336	32.0099
1399899543.748	n	11.7549	3.67069	16.316	32.0095
1399899543.812	n	11.7552	3.67068	16.292	32.0092
1399899543.873	n	11.7555	3.67068	16.269	32.0089
1399899543.936	n	11.7558	3.67067	16.248	32.0085
1399899544.000	n	11.7562	3.67067	16.228	32.0082
1399899544.061	n	11.7565	3.67068	16.208	32.0081
1399899544.123	n	11.7569	3.67070	16.185	32.0079
1399899544.185	n	11.7572	3.67071	16.164	32.0078
1399899544.250	n	11.7575	3.67071	16.140	32.0075
1399899544.311	y	11.7578	3.67070	16.117	32.0072
1399899544.487	n	11.7581	3.67068	16.096	32.0068
1399899544.493	n	11.7584	3.67068	16.075	32.0065
1399899544.501	n	11.7587	3.67068	16.052	32.0062
1399899544.562	n	11.7590	3.67070	16.029	32.0061
1399899544.623	n	11.7594	3.67071	16.007	32.0059
1399899544.686	n	11.7598	3.67071	15.985	32.0056
1399899544.750	n	11.7602	3.67070	15.962	32.0052
1399899544.812	n	11.7605	3.67069	15.940	32.0048
1399899544.873	n	11.7609	3.67068	15.917	32.0044
1399899544.936	n	11.7612	3.67068	15.895	32.0042
1399899544.999	n	11.7615	3.67068	15.875	32.0039
1399899545.062	n	11.7618	3.67069	15.853	32.0037
1399899545.125	n	11.7622	3.67070	15.830	32.0034
1399899545.186	n	11.7625	3.67070	15.806	32.0033
1399899545.250	n	11.7628	3.67071	15.782	32.0031
1399899545.313	n	11.7631	3.67071	15.762	32.0028
1399899545.374	n	11.7634	3.67070	15.742	32.0024
1399899545.436	n	11.7637	3.67069	15.715	32.0021
1399899545.500	n	11.7640	3.67068	15.696	32.0018
1399899545.562	n	11.7643	3.67069	15.675	32.0017
1399899545.623	n	11.7646	3.67070	15.652	32.0016
1399899545.685	n	11.7649	3.67071	15.631	32.0014
1399899545.750	n	11.7651	3.67070	15.609	32.0011
1399899545.811	n	11.7654	3.67069	15.586	32.0007
1399899545.873	n	11.7657	3.67069	15.566	32.0005
1399899545.937	n	11.7660	3.67069	15.541	32.0002
1399899546.000	n	11.7663	3.67069	15.519	32.0000
1399899546.062	n	11.7665	3.67068	15.498	31.9997
1399899546.123	n	11.7668	3.67068	15.479	31.9995
1399899546.185	n	11.7671	3.67068	15.459	31.9992
1399899546.250	n	11.7674	3.67069	15.437	31.9991
1399899546.311	n	11.7676	3.67070	15.415	31.9989
1399899546.373	n	11.7679	3.67070	15.393	31.9987
1399899546.435	n	11.7682	3.67070	15.375	31.9985
1399899546.500	n	11.7684	3.67069	15.357	31.9982
1399899546.564	n	11.7687	3.67069	15.335	31.9980
1399899546.624	n	11.7689	3.67068	15.315	31.9978
1399899546.686	n	11.7691	3.67069	15.290	31.9977
1399899546.749	n	11.7692	3.67069	15.272	31.9976
1399899546.813	n	11.7694	3.67071	15.254	31.9976
1399899546.874	n	11.7696	3.67072	15.237	31.9975
1399899546.936	n	11.7699	3.67072	15.218	31.9973
1399899547.000	n	11.7701	3.67072	15.193	31.9972
1399899547.061	n	11.7703	3.67071	15.175	31.9969
1399899547.123	n	11.7705	3.67070	15.157	31.9967
1399899547.186	n	11.7706	3.67069	15.139	31.9964
1399899547.250	n	11.7708	3.67068	15.121	31.9962
1399899547.311	n	11.7710	3.67067	15.101	31.9960
1399899547.375	n	11.7712	3.67067	15.081	31.9958
1399899547.437	n	11.7713	3.67068	15.066	31.9957
1399899547.500	n	11.7715	3.67068	15.044	31.9956
1399899547.563	n	11.7717	3.67068	15.026	31.9955
1399899547.623	n	11.7719	3.67068	15.014	31.9953
1399899547.687	n	11.7721	3.67068	14.995	31.9951
1399899547.749	n	11.7724	3.67067	14.974	31.9948
1399899547.811	n	11.7725	3.67068	14.959	31.9947
1399899547.874	n	11.7727	3.67069	14.938	31.9947
1399899548.007	y	11.7728	3.67070	14.922	31.9947
1399899548.013	n	11.7730	3.67070	14.905	31.9945
1399899548.063	n	11.7731	3.67069	14.889	31.9944
1399899548.124	n	11.7733	3.67068	14.873	31.9942
1399899548.186	n	11.7735	3.67069	14.857	31.9940
1399899548.249	n	11.7737	3.67070	14.839	31.9940
1399899548.313	n	11.7739	3.67071	14.820	31.9940
1399899548.374	n	11.7741	3.67071	14.804	31.9938
1399899548.436	n	11.7743	3.67070	14.790	31.9936
1399899548.499	n	11.7744	3.67069	14.770	31.9934
1399899548.561	y	11.7746	3.67069	14.754	31.9932
1399899548.691	n	11.7747	3.67068	14.742	31.9930
1399899548.697	n	11.7749	3.67069	14.726	31.9929
1399899548.751	n	11.7751	3.67069	14.711	31.9927
1399899548.812	n	11.7753	3.67069	14.695	31.9926
1399899548.875	n	11.7754	3.67070	14.677	31.9926
1399899548.936	n	11.7755	3.67071	14.661	31.9925
1399899548.999	n	11.7757	3.67071	14.647	31.9925
1399899549.061	n	11.7759	3.67072	14.630	31.9924
1399899549.124	n	11.7761	3.67072	14.612	31.9922
1399899549.187	n	11.7763	3.67072	14.599	31.9921
1399899549.249	n	11.7764	3.67072	14.584	31.9919
1399899549.313	n	11.7766	3.67072	14.570	31.9918
1399899549.373	n	11.7768	3.67072	14.551	31.9917
1399899549.437	n	11.7770	3.67073	14.536	31.9916
1399899549.499	n	11.7771	3.67074	14.522	31.9915
1399899549.561	n	11.7773	3.67074	14.506	31.9914
1399899549.624	n	11.7775	3.67074	14.492	31.9912
1399899549.687	n	11.7777	3.67073	14.478	31.9910
1399899549.748	n	11.7780	3.67072	14.459	31.9907
1399899549.811	n	11.7782	3.67072	14.444	31.9904
1399899549.873	n	11.7785	3.67072	14.427	31.9903
1399899549.936	n	11.7788	3.67073	14.416	31.9902
1399899549.999	n	11.7791	3.67075	14.399	31.9900
1399899550.061	n	11.7794	3.67076	14.381	31.9898
1399899550.123	n	11.7798	3.67077	14.366	31.9896
1399899550.187	n	11.7801	3.67077	14.351	31.9893
1399899550.249	n	11.7804	3.67077	14.333	31.9891
1399899550.313	n	11.7807	3.67076	14.319	31.9888
1399899550.373	n	11.7810	3.67075	14.303	31.9885
1399899550.436	n	11.7813	3.67075	14.285	31.9882
1399899550.501	n	11.7816	3.67075	14.269	31.9879
1399899550.561	n	11.7819	3.67075	14.256	31.9877
1399899550.624	n	11.7822	3.67076	14.237	31.9875
1399899550.686	n	11.7825	3.67077	14.222	31.9874
1399899550.749	n	11.7828	3.67078	14.205	31.9872
1399899550.813	n	11.7831	3.67078	14.190	31.9869
1399899550.874	n	11.7834	3.67078	14.176	31.9867
1399899550.936	n	11.7837	3.67078	14.159	31.9864
1399899550.999	n	11.7839	3.67078	14.142	31.9863
1399899551.061	n	11.7842	3.67079	14.126	31.9861
1399899551.125	n	11.7845	3.67079	14.110	31.9859
1399899551.187	n	11.7848	3.67080	14.092	31.9857
1399899551.248	n	11.7851	3.67079	14.075	31.9854
1399899551.312	n	11.7853	3.67080	14.059	31.9853
1399899551.374	n	11.7856	3.67079	14.041	31.9850
1399899551.437	n	11.7858	3.67080	14.027	31.9849
1399899551.498	n	11.7860	3.67080	14.005	31.9847
1399899551.602	y	11.7863	3.67080	13.989	31.9845
1399899551.623	n	11.7865	3.67080	13.972	31.9843
1399899551.685	n	11.7867	3.67081	13.955	31.9842
1399899551.750	n	11.7869	3.67081	13.936	31.9841
1399899551.812	n	11.7871	3.67081	13.918	31.9839
1399899551.874	n	11.7874	3.67081	13.897	31.9837
1399899551.935	n	11.7876	3.67081	13.879	31.9835
1399899552.000	n	11.7879	3.67081	13.862	31.9832
1399899552.061	n	11.7880	3.67081	13.845	31.9831
1399899552.124	n	11.7882	3.67082	13.827	31.9831
1399899552.187	n	11.7884	3.67083	13.807	31.9831
1399899552.249	n	11.7885	3.67083	13.787	31.9829
1399899552.313	n	11.7887	3.67083	13.774	31.9828
1399899552.374	n	11.7889	3.67083	13.752	31.9826
1399899552.437	n	11.7891	3.67082	13.732	31.9824
1399899552.500	n	11.7893	3.67083	13.713	31.9823
1399899552.562	n	11.7894	3.67083	13.691	31.9822
1399899552.624	n	11.7896	3.67083	13.673	31.9821
1399899552.687	n	11.7897	3.67083	13.654	31.9819
1399899552.750	n	11.7899	3.67082	13.641	31.9818
1399899552.811	y	11.7901	3.67082	13.618	31.9816
1399899552.991	n	11.7902	3.67082	13.599	31.9814
1399899552.998	n	11.7904	3.67082	13.583	31.9813
1399899553.005	n	11.7905	3.67082	13.561	31.9812
1399899553.062	n	11.7907	3.67082	13.540	31.9811
1399899553.124	n	11.7908	3.67083	13.519	31.9810
1399899553.186	n	11.7910	3.67083	13.499	31.9809
1399899553.251	n	11.7912	3.67083	13.476	31.9808
1399899553.310	n	11.7914	3.67083	13.460	31.9806
1399899553.374	n	11.7915	3.67083	13.441	31.9805
1399899553.436	n	11.7916	3.67083	13.421	31.9804
1399899553.499	n	11.7918	3.67083	13.402	31.9803
1399899553.562	n	11.7919	3.67083	13.376	31.9802
1399899553.624	n	11.7921	3.67084	13.357	31.9802
1399899553.686	n	11.7922	3.67085	13.338	31.9801
1399899553.749	n	11.7924	3.67084	13.319	31.9799
1399899553.811	n	11.7926	3.67083	13.302	31.9797
1399899553.874	n	11.7927	3.67083	13.280	31.9795
1399899553.936	n	11.7929	3.67082	13.259	31.9793
1399899553.998	n	11.7930	3.67081	13.243	31.9791
1399899554.062	n	11.7932	3.67082	13.223	31.9791
1399899554.123	n	11.7933	3.67083	13.202	31.9790
1399899554.185	n	11.7935	3.67083	13.181	31.9789
1399899554.249	n	11.7937	3.67083	13.160	31.9787
1399899554.311	n	11.7939	3.67082	13.140	31.9785
1399899554.375	n	11.7942	3.67081	13.118	31.9782
1399899554.488	y	11.7944	3.67081	13.101	31.9780
1399899554.502	n	11.7946	3.67082	13.083	31.9779
1399899554.562	n	11.7948	3.67083	13.059	31.9779
1399899554.624	n	11.7950	3.67084	13.040	31.9778
1399899554.687	n	11.7952	3.67084	13.021	31.9776
1399899554.749	n	11.7954	3.67084	13.002	31.9774
1399899554.811	n	11.7957	3.67083	12.982	31.9771
1399899554.874	n	11.7960	3.67083	12.959	31.9768
1399899554.936	n	11.7963	3.67082	12.942	31.9765
1399899554.998	n	11.7966	3.67081	12.924	31.9762
1399899555.062	n	11.7969	3.67081	12.905	31.9759
1399899555.123	n	11.7972	3.67082	12.884	31.9757
1399899555.186	n	11.7975	3.67082	12.864	31.9755
1399899555.250	y	11.7977	3.67083	12.849	31.9754
1399899555.311	n	11.7980	3.67082	12.827	31.9751
1399899555.374	n	11.7983	3.67082	12.809	31.9748
1399899555.436	n	11.7987	3.67082	12.788	31.9745
1399899555.501	n	11.7991	3.67082	12.768	31.9742
1399899555.561	n	11.7994	3.67082	12.749	31.9739
1399899555.625	n	11.7997	3.67082	12.731	31.9736
1399899555.686	n	11.8000	3.67082	12.712	31.9734
1399899555.749	n	11.8003	3.67082	12.694	31.9731
1399899555.811	n	11.8006	3.67081	12.676	31.9728
1399899555.873	n	11.8009	3.67080	12.656	31.9725
1399899555.936	n	11.8012	3.67079	12.633	31.9721
1399899555.999	n	11.8015	3.67078	12.617	31.9718
1399899556.062	n	11.8018	3.67078	12.602	31.9715
1399899556.124	n	11.8022	3.67079	12.583	31.9713
1399899556.187	n	11.8025	3.67080	12.562	31.9711
1399899556.250	n	11.8029	3.67081	12.546	31.9709
1399899556.311	n	11.8032	3.67081	12.528	31.9706
1399899556.374	n	11.8036	3.67081	12.512	31.9704
1399899556.436	n	11.8039	3.67080	12.492	31.9700
1399899556.500	n	11.8042	3.67079	12.473	31.9696
1399899556.561	n	11.8045	3.67078	12.455	31.9692
1399899556.625	n	11.8049	3.67077	12.440	31.9688
1399899556.687	n	11.8053	3.67077	12.424	31.9685
1399899556.748	n	11.8057	3.67075	12.408	31.9680
1399899556.811	n	11.8060	3.67074	12.387	31.9676
1399899556.874	n	11.8062	3.67073	12.367	31.9673
1399899556.936	n	11.8065	3.67072	12.351	31.9670
1399899556.998	n	11.8068	3.67073	12.339	31.9668
1399899557.265	y	11.8071	3.67073	12.318	31.9666
1399899557.273	n	11.8075	3.67075	12.301	31.9664
1399899557.282	n	11.8078	3.67075	12.286	31.9662
1399899557.287	n	11.8082	3.67076	12.272	31.9660
1399899557.311	n	11.8085	3.67075	12.254	31.9656
1399899557.374	n	11.8088	3.67074	12.239	31.9653
1399899557.436	n	11.8090	3.67073	12.223	31.9649
1399899557.500	n	11.8093	3.67071	12.206	31.9645
1399899557.561	n	11.8096	3.67070	12.189	31.9641
1399899557.624	n	11.8099	3.67069	12.174	31.9638
1399899557.687	n	11.8102	3.67069	12.159	31.9636
1399899557.750	n	11.8105	3.67071	12.142	31.9635
1399899557.812	n	11.8108	3.67071	12.124	31.9633
1399899557.874	n	11.8111	3.67071	12.108	31.9631
1399899557.937	n	11.8114	3.67071	12.093	31.9628
1399899558.000	n	11.8116	3.67070	12.078	31.9625
1399899558.062	n	11.8119	3.67069	12.060	31.9622
1399899558.124	n	11.8121	3.67070	12.045	31.9621
1399899558.187	n	11.8123	3.67069	12.032	31.9618
1399899558.248	n	11.8126	3.67068	12.015	31.9615
1399899558.311	n	11.8128	3.67067	12.000	31.9612
1399899558.373	n	11.8131	3.67066	11.982	31.9609
1399899558.437	n	11.8134	3.67066	11.969	31.9607
1399899558.501	n	11.8136	3.67065	11.951	31.9604
1399899558.561	n	11.8138	3.67065	11.932	31.9602
1399899558.623	n	11.8140	3.67064	11.915	31.9600
1399899558.686	n	11.8142	3.67064	11.898	31.9598
1399899558.748	n	11.8144	3.67064	11.882	31.9596
1399899558.812	n	11.8146	3.67063	11.868	31.9593
1399899558.874	n	11.8149	3.67062	11.851	31.9590
1399899558.971	y	11.8151	3.67061	11.835	31.9587
1399899558.998	n	11.8154	3.67061	11.820	31.9586
1399899559.062	n	11.8157	3.67063	11.803	31.9584
1399899559.124	n	11.8159	3.67063	11.788	31.9582
1399899559.186	n	11.8162	3.67062	11.771	31.9579
1399899559.250	n	11.8165	3.67061	11.753	31.9576
1399899559.310	n	11.8167	3.67060	11.735	31.9573
1399899559.375	n	11.8169	3.67060	11.715	31.9571
1399899559.436	n	11.8172	3.67061	11.701	31.9570
1399899559.500	n	11.8174	3.67061	11.687	31.9568
1399899559.561	n	11.8176	3.67060	11.669	31.9566
1399899559.624	n	11.8179	3.67059	11.648	31.9563
1399899559.686	n	11.8182	3.67058	11.632	31.9558
1399899559.750	n	11.8185	3.67056	11.614	31.9554
1399899559.811	n	11.8189	3.67055	11.597	31.9551
1399899559.874	n	11.8192	3.67055	11.582	31.9548
1399899559.936	n	11.8195	3.67054	11.564	31.9545
1399899559.999	n	11.8197	3.67054	11.545	31.9542
1399899560.062	n	11.8200	3.67054	11.527	31.9540
1399899560.124	n	11.8202	3.67054	11.509	31.9538
1399899560.186	n	11.8205	3.67054	11.493	31.9536
1399899560.250	n	11.8207	3.67053	11.474	31.9533
1399899560.311	n	11.8209	3.67052	11.455	31.9530
1399899560.373	n	11.8211	3.67050	11.436	31.9527
1399899560.436	n	11.8213	3.67050	11.415	31.9525
1399899560.499	n	11.8215	3.67050	11.399	31.9524
1399899560.561	n	11.8217	3.67050	11.377	31.9522
1399899560.625	n	11.8219	3.67049	11.361	31.9520
1399899560.687	n	11.8221	3.67048	11.340	31.9517
1399899560.750	n	11.8222	3.67048	11.320	31.9515
1399899560.813	n	11.8224	3.67047	11.303	31.9513
1399899560.874	n	11.8226	3.67047	11.281	31.9512
1399899560.936	n	11.8227	3.67047	11.259	31.9511
1399899560.999	n	11.8229	3.67046	11.241	31.9509
1399899561.062	n	11.8230	3.67046	11.223	31.9507
1399899561.123	n	11.8231	3.67046	11.201	31.9506
1399899561.187	n	11.8233	3.67045	11.183	31.9504
1399899561.249	n	11.8235	3.67045	11.162	31.9503
1399899561.410	y	11.8236	3.67044	11.141	31.9501
1399899561.415	n	11.8238	3.67043	11.123	31.9498
1399899561.435	n	11.8239	3.67042	11.102	31.9497
1399899561.501	n	11.8241	3.67041	11.081	31.9495
1399899561.561	n	11.8242	3.67041	11.060	31.9493
1399899561.623	n	11.8244	3.67041	11.040	31.9492
1399899561.687	n	11.8245	3.67041	11.020	31.9491
1399899561.750	n	11.8247	3.67041	10.998	31.9489
1399899561.811	n	11.8249	3.67040	10.979	31.9487
1399899561.875	n	11.8251	3.67039	10.956	31.9484
1399899561.936	n	11.8253	3.67038	10.936	31.9481
1399899562.000	n	11.8256	3.67038	10.917	31.9479
1399899562.062	n	11.8258	3.67037	10.899	31.9477
1399899562.124	n	11.8260	3.67037	10.879	31.9474
1399899562.187	n	11.8263	3.67036	10.860	31.9471
1399899562.248	n	11.8264	3.67035	10.841	31.9469
1399899562.311	n	11.8266	3.67034	10.822	31.9467
1399899562.379	n	11.8268	3.67034	10.801	31.9465
1399899562.436	n	11.8270	3.67034	10.777	31.9463
1399899562.499	n	11.8273	3.67034	10.758	31.9462
1399899562.610	y	11.8275	3.67034	10.737	31.9459
1399899562.623	n	11.8277	3.67033	10.718	31.9457
1399899562.685	n	11.8280	3.67033	10.699	31.9455
1399899562.749	n	11.8282	3.67033	10.680	31.9453
1399899562.812	n	11.8284	3.67033	10.661	31.9451
1399899562.875	n	11.8287	3.67033	10.644	31.9449
1399899562.937	n	11.8289	3.67033	10.627	31.9447
1399899563.001	n	11.8292	3.67033	10.603	31.9444
1399899563.061	n	11.8295	3.67032	10.586	31.9441
1399899563.123	n	11.8297	3.67032	10.568	31.9439
1399899563.186	n	11.8299	3.67031	10.551	31.9437
1399899563.249	n	11.8301	3.67031	10.534	31.9435
1399899563.312	n	11.8303	3.67031	10.515	31.9433
1399899563.375	n	11.8306	3.67030	10.495	31.9430
1399899563.436	n	11.8309	3.67030	10.476	31.9427
1399899563.500	n	11.8313	3.67031	10.460	31.9426
1399899563.562	n	11.8315	3.67033	10.441	31.9425
1399899563.625	n	11.8318	3.67033	10.423	31.9423
1399899563.686	n	11.8320	3.67033	10.405	31.9420
1399899563.749	n	11.8323	3.67032	10.386	31.9417
1399899563.812	n	11.8327	3.67032	10.371	31.9414
1399899563.874	n	11.8330	3.67032	10.356	31.9411
1399899563.937	n	11.8334	3.67032	10.337	31.9409
1399899563.999	n	11.8336	3.67031	10.321	31.9406
1399899564.061	n	11.8339	3.67031	10.299	31.9403
1399899564.124	n	11.8342	3.67032	10.285	31.9401
1399899564.187	n	11.8346	3.67032	10.267	31.9399
1399899564.249	n	11.8349	3.67033	10.251	31.9397
1399899564.311	n	11.8352	3.67033	10.235	31.9394
1399899564.373	n	11.8355	3.67033	10.217	31.9391
1399899564.436	n	11.8359	3.67033	10.203	31.9388
1399899564.501	n	11.8362	3.67033	10.180	31.9386
1399899564.562	n	11.8366	3.67033	10.164	31.9383
1399899564.624	n	11.8369	3.67033	10.150	31.9380
1399899564.687	n	11.8373	3.67033	10.132	31.9377
1399899564.749	n	11.8378	3.67034	10.114	31.9373
1399899564.811	n	11.8382	3.67034	10.099	31.9370
1399899564.873	n	11.8387	3.67035	10.086	31.9367
1399899564.936	n	11.8393	3.67035	10.069	31.9362
1399899564.999	n	11.8400	3.67036	10.052	31.9357
1399899565.062	n	11.8407	3.67037	10.034	31.9352
1399899565.125	n	11.8415	3.67038	10.020	31.9346
1399899565.186	n	11.8423	3.67039	10.004	31.9340
1399899565.250	n	11.8432	3.67039	9.988	31.9332
1399899565.312	n	11.8442	3.67040	9.971	31.9324
1399899565.373	n	11.8453	3.67040	9.956	31.9316
1399899565.435	n	11.8465	3.67041	9.940	31.9306
1399899565.500	n	11.8478	3.67042	9.924	31.9296
1399899565.678	y	11.8492	3.67042	9.910	31.9284
1399899565.683	n	11.8507	3.67043	9.896	31.9272
1399899565.688	n	11.8523	3.67045	9.878	31.9260
1399899565.749	n	11.8541	3.67047	9.863	31.9247
1399899565.811	n	11.8559	3.67049	9.848	31.9233
1399899565.875	n	11.8580	3.67051	9.829	31.9218
1399899565.937	n	11.8602	3.67052	9.815	31.9201
1399899566.000	n	11.8625	3.67054	9.803	31.9181
1399899566.061	n	11.8652	3.67055	9.789	31.9160
1399899566.124	n	11.8679	3.67056	9.769	31.9138
1399899566.236	y	11.8708	3.67057	9.753	31.9114
1399899566.249	n	11.8738	3.67058	9.736	31.9089
1399899566.315	n	11.8769	3.67059	9.721	31.9064
1399899566.375	n	11.8801	3.67061	9.709	31.9039
1399899566.437	n	11.8832	3.67063	9.693	31.9013
1399899566.500	n	11.8863	3.67064	9.677	31.8989
1399899566.561	n	11.8893	3.67066	9.660	31.8964
1399899566.624	n	11.8923	3.67067	9.648	31.8940
1399899566.686	n	11.8952	3.67069	9.631	31.8917
1399899566.750	n	11.8981	3.67071	9.617	31.8894
1399899566.812	n	11.9010	3.67072	9.600	31.8870
1399899566.873	n	11.9038	3.67073	9.582	31.8848
1399899566.936	n	11.9065	3.67074	9.566	31.8826
1399899567.000	n	11.9092	3.67076	9.551	31.8805
1399899567.061	n	11.9119	3.67079	9.538	31.8784
1399899567.124	n	11.9146	3.67081	9.520	31.8763
1399899567.186	n	11.9173	3.67083	9.504	31.8741
1399899567.249	n	11.9201	3.67084	9.492	31.8719
1399899567.312	n	11.9228	3.67086	9.477	31.8698
1399899567.375	n	11.9256	3.67089	9.462	31.8676
1399899567.436	n	11.9284	3.67091	9.444	31.8655
1399899567.501	n	11.9312	3.67093	9.432	31.8633
1399899567.561	n	11.9341	3.67094	9.417	31.8610
1399899567.623	n	11.9370	3.67096	9.404	31.8586
1399899567.686	n	11.9400	3.67097	9.385	31.8562
1399899567.750	n	11.9430	3.67099	9.373	31.8539
1399899567.811	n	11.9460	3.67102	9.355	31.8515
1399899567.873	n	11.9490	3.67104	9.341	31.8492
1399899567.937	n	11.9519	3.67107	9.325	31.8470
1399899567.999	n	11.9547	3.67109	9.308	31.8448
1399899568.062	n	11.9575	3.67111	9.294	31.8426
1399899568.123	n	11.9603	3.67113	9.283	31.8404
1399899568.186	n	11.9631	3.67116	9.265	31.8383
1399899568.250	n	11.9658	3.67119	9.251	31.8363
1399899568.312	n	11.9685	3.67122	9.237	31.8343
1399899568.373	n	11.9711	3.67125	9.222	31.8323
1399899568.437	n	11.9737	3.67127	9.207	31.8304
1399899568.500	n	11.9762	3.67128	9.196	31.8283
1399899568.561	n	11.9788	3.67130	9.182	31.8263
1399899568.625	n	11.9813	3.67131	9.166	31.8243
1399899568.688	n	11.9840	3.67134	9.151	31.8223
1399899568.750	n	11.9867	3.67137	9.138	31.8202
1399899568.811	n	11.9896	3.67139	9.126	31.8180
1399899568.873	n	11.9927	3.67141	9.106	31.8155
1399899568.937	n	11.9960	3.67144	9.091	31.8130
1399899568.999	n	11.9994	3.67146	9.082	31.8102
1399899569.062	n	12.0030	3.67148	9.065	31.8075
1399899569.124	n	12.0066	3.67151	9.051	31.8047
1399899569.187	n	12.0102	3.67155	9.037	31.8020
1399899569.249	n	12.0138	3.67159	9.023	31.7994
1399899569.316	n	12.0173	3.67163	9.008	31.7967
1399899569.375	n	12.0207	3.67165	8.994	31.7940
1399899569.437	n	12.0239	3.67167	8.979	31.7915
1399899569.499	n	12.0268	3.67169	8.963	31.7892
1399899569.560	n	12.0296	3.67172	8.951	31.7872
1399899569.623	n	12.0322	3.67175	8.937	31.7852
1399899569.687	n	12.0347	3.67178	8.923	31.7833
1399899569.749	n	12.0372	3.67179	8.908	31.7813
1399899569.940	y	12.0396	3.67181	8.896	31.7795
1399899569.982	y	12.0419	3.67184	8.882	31.7778
1399899570.058	y	12.0440	3.67187	8.866	31.7763
1399899570.064	n	12.0461	3.67190	8.850	31.7749
1399899570.070	n	12.0480	3.67193	8.837	31.7735
1399899570.125	n	12.0500	3.67194	8.821	31.7720
1399899570.187	n	12.0519	3.67196	8.808	31.7705
1399899570.248	n	12.0537	3.67198	8.790	31.7692
1399899570.315	n	12.0554	3.67201	8.774	31.7680
1399899570.374	n	12.0570	3.67204	8.761	31.7670
1399899570.437	n	12.0585	3.67207	8.750	31.7659
1399899570.500	n	12.0601	3.67209	8.737	31.7648
1399899570.561	n	12.0616	3.67210	8.718	31.7636
1399899570.624	n	12.0632	3.67211	8.701	31.7624
1399899570.686	n	12.0647	3.67212	8.687	31.7612
1399899570.749	n	12.0662	3.67214	8.673	31.7601
1399899570.811	n	12.0678	3.67216	8.659	31.7590
1399899570.875	n	12.0693	3.67218	8.645	31.7578
1399899570.936	n	12.0708	3.67219	8.627	31.7567
1399899571.001	n	12.0722	3.67220	8.612	31.7557
1399899571.062	n	12.0735	3.67221	8.595	31.7547
1399899571.124	n	12.0748	3.67223	8.577	31.7538
1399899571.187	n	12.0760	3.67225	8.562	31.7528
1399899571.249	n	12.0774	3.67227	8.545	31.7519
1399899571.311	n	12.0787	3.67228	8.532	31.7509
1399899571.374	n	12.0801	3.67229	8.511	31.7499
1399899571.436	n	12.0814	3.67230	8.494	31.7488
1399899571.500	n	12.0828	3.67232	8.478	31.7478
1399899571.561	n	12.0841	3.67233	8.460	31.7468
1399899571.624	n	12.0855	3.67235	8.446	31.7459
1399899571.686	n	12.0868	3.67237	8.429	31.7449
1399899571.750	n	12.0881	3.67238	8.414	31.7439
1399899571.811	n	12.0895	3.67240	8.396	31.7429
1399899571.873	n	12.0909	3.67242	8.376	31.7420
1399899571.936	n	12.0923	3.67244	8.357	31.7410
1399899571.999	n	12.0936	3.67246	8.336	31.7400
1399899572.061	n	12.0948	3.67248	8.318	31.7392
1399899572.123	n	12.0960	3.67250	8.304	31.7384
1399899572.187	n	12.0972	3.67251	8.285	31.7376
1399899572.250	n	12.0983	3.67253	8.267	31.7367
1399899572.312	n	12.0994	3.67253	8.247	31.7359
1399899572.375	n	12.1005	3.67255	8.233	31.7351
1399899572.437	n	12.1015	3.67257	8.211	31.7345
1399899572.500	n	12.1025	3.67259	8.192	31.7339
1399899572.561	n	12.1034	3.67261	8.174	31.7332
1399899572.623	n	12.1043	3.67262	8.157	31.7325
1399899572.687	n	12.1052	3.67262	8.136	31.7318
1399899572.748	n	12.1060	3.67262	8.117	31.7311
1399899572.813	n	12.1069	3.67263	8.098	31.7305
1399899572.875	n	12.1077	3.67265	8.078	31.7300
1399899572.936	n	12.1085	3.67267	8.058	31.7295
1399899572.999	n	12.1093	3.67269	8.043	31.7290
1399899573.062	n	12.1101	3.67270	8.022	31.7284
1399899573.124	n	12.1109	3.67270	8.002	31.7278
1399899573.187	n	12.1116	3.67270	7.985	31.7273
1399899573.249	n	12.1123	3.67271	7.964	31.7267
1399899573.311	n	12.1130	3.67271	7.950	31.7262
1399899573.374	n	12.1137	3.67273	7.928	31.7257
1399899573.437	n	12.1144	3.67275	7.910	31.7254
1399899573.499	n	12.1150	3.67277	7.893	31.7250
1399899573.568	y	12.1157	3.67279	7.876	31.7246
1399899573.624	n	12.1164	3.67280	7.854	31.7241
1399899573.687	n	12.1170	3.67280	7.835	31.7236
1399899573.750	n	12.1176	3.67279	7.819	31.7230
1399899573.811	n	12.1182	3.67278	7.803	31.7225
1399899573.873	n	12.1187	3.67277	7.788	31.7220
1399899573.936	n	12.1193	3.67277	7.771	31.7214
1399899573.999	n	12.1198	3.67277	7.751	31.7210
1399899574.181	y	12.1203	3.67278	7.738	31.7207
1399899574.186	n	12.1208	3.67279	7.719	31.7204
1399899574.191	n	12.1212	3.67279	7.706	31.7201
1399899574.249	n	12.1217	3.67280	7.684	31.7197
1399899574.311	n	12.1222	3.67281	7.667	31.7194
1399899574.375	n	12.1227	3.67281	7.652	31.7190
1399899574.436	n	12.1232	3.67282	7.638	31.7186
1399899574.500	n	12.1237	3.67282	7.619	31.7182
1399899574.562	n	12.1242	3.67281	7.603	31.7177
1399899574.623	n	12.1247	3.67281	7.588	31.7173
1399899574.686	n	12.1253	3.67281	7.573	31.7168
1399899574.750	n	12.1259	3.67281	7.557	31.7163
1399899574.811	n	12.1266	3.67281	7.544	31.7157
1399899574.875	n	12.1275	3.67281	7.527	31.7149
1399899574.936	n	12.1284	3.67280	7.516	31.7141
1399899575.000	n	12.1294	3.67280	7.498	31.7132
1399899575.062	n	12.1305	3.67281	7.483	31.7124
1399899575.123	n	12.1317	3.67283	7.468	31.7116
1399899575.187	n	12.1329	3.67285	7.455	31.7108
1399899575.250	n	12.1341	3.67286	7.439	31.7099
1399899575.311	n	12.1353	3.67288	7.423	31.7090
1399899575.375	n	12.1366	3.67290	7.409	31.7082
1399899575.437	n	12.1379	3.67293	7.396	31.7074
1399899575.500	n	12.1392	3.67296	7.381	31.7066
1399899575.561	n	12.1404	3.67299	7.366	31.7058
1399899575.623	n	12.1417	3.67302	7.350	31.7050
1399899575.687	n	12.1431	3.67304	7.337	31.7040
1399899575.750	n	12.1444	3.67306	7.323	31.7031
1399899575.812	n	12.1458	3.67308	7.308	31.7021
1399899575.874	n	12.1473	3.67310	7.297	31.7011
1399899575.937	n	12.1488	3.67313	7.283	31.7001
1399899576.000	n	12.1503	3.67316	7.268	31.6991
1399899576.062	n	12.1518	3.67319	7.256	31.6981
1399899576.123	y	12.1533	3.67321	7.244	31.6970
1399899576.186	n	12.1547	3.67322	7.227	31.6960
1399899576.250	n	12.1561	3.67324	7.214	31.6949
1399899576.312	n	12.1575	3.67327	7.200	31.6940
1399899576.375	n	12.1589	3.67330	7.188	31.6932
1399899576.437	n	12.1602	3.67333	7.176	31.6924
1399899576.500	n	12.1614	3.67337	7.163	31.6917
1399899576.561	n	12.1626	3.67339	7.147	31.6909
1399899576.624	n	12.1639	3.67342	7.134	31.6901
1399899576.686	n	12.1652	3.67343	7.125	31.6892
1399899576.750	n	12.1665	3.67345	7.115	31.6882
1399899576.812	n	12.1679	3.67348	7.099	31.6874
1399899576.875	n	12.1693	3.67352	7.085	31.6864
1399899576.937	n	12.1710	3.67374	7.071	31.6872
1399899576.999	n	12.1749	3.67501	7.058	31.6961
1399899577.062	n	12.1854	3.67795	7.044	31.7153
1399899577.159	y	12.2038	3.68220	7.036	31.7405
1399899577.186	n	12.2274	3.68678	7.023	31.7644
1399899577.250	n	12.2513	3.69055	7.010	31.7802
1399899577.313	n	12.2700	3.69274	6.998	31.7853
1399899577.374	n	12.2812	3.69371	6.989	31.7851
1399899577.436	n	12.2874	3.69415	6.973	31.7841
1399899577.499	n	12.2916	3.69442	6.963	31.7830
1399899577.562	n	12.2953	3.69461	6.946	31.7818
1399899577.624	n	12.2987	3.69478	6.936	31.7805
1399899577.687	n	12.3016	3.69493	6.924	31.7795
1399899577.748	n	12.3040	3.69508	6.911	31.7789
1399899577.811	n	12.3062	3.69522	6.896	31.7784
1399899577.873	n	12.3082	3.69534	6.889	31.7779
1399899577.937	n	12.3101	3.69545	6.875	31.7773
1399899578.000	n	12.3117	3.69554	6.863	31.7768
1399899578.062	n	12.3134	3.69561	6.849	31.7761
1399899578.123	n	12.3153	3.69570	6.839	31.7752
1399899578.186	n	12.3178	3.69580	6.822	31.7741
1399899578.250	n	12.3205	3.69590	6.812	31.7728
1399899578.431	y	12.3229	3.69598	6.801	31.7716
1399899578.441	n	12.3248	3.69606	6.788	31.7707
1399899578.447	n	12.3262	3.69613	6.776	31.7701
1399899578.498	n	12.3274	3.69619	6.763	31.7698
1399899578.561	n	12.3283	3.69625	6.752	31.7695
1399899578.625	n	12.3290	3.69629	6.739	31.7694
1399899578.686	n	12.3297	3.69633	6.726	31.7692
1399899578.750	n	12.3302	3.69637	6.713	31.7691
1399899578.812	n	12.3308	3.69641	6.701	31.7691
1399899578.874	n	12.3313	3.69644	6.689	31.7689
1399899578.936	n	12.3316	3.69646	6.672	31.7688
1399899578.999	n	12.3319	3.69648	6.659	31.7687
1399899579.062	n	12.3321	3.69650	6.644	31.7687
1399899579.124	n	12.3323	3.69651	6.630	31.7687
1399899579.187	n	12.3325	3.69651	6.616	31.7686
1399899579.249	n	12.3326	3.69651	6.600	31.7684
1399899579.311	n	12.3328	3.69650	6.588	31.7682
1399899579.374	n	12.3329	3.69651	6.573	31.7682
1399899579.436	n	12.3330	3.69653	6.561	31.7683
1399899579.502	n	12.3331	3.69655	6.547	31.7684
1399899579.562	n	12.3333	3.69657	6.533	31.7685
1399899579.624	n	12.3335	3.69658	6.515	31.7684
1399899579.686	n	12.3338	3.69660	6.498	31.7683
1399899579.750	n	12.3340	3.69661	6.485	31.7683
1399899579.811	n	12.3342	3.69661	6.470	31.7681
1399899579.873	n	12.3343	3.69661	6.454	31.7680
1399899579.936	n	12.3345	3.69660	6.435	31.7678
1399899579.999	n	12.3346	3.69660	6.419	31.7677
1399899580.062	n	12.3347	3.69660	6.401	31.7676
1399899580.125	n	12.3348	3.69662	6.384	31.7677
1399899580.187	n	12.3349	3.69662	6.365	31.7676
1399899580.249	n	12.3351	3.69661	6.347	31.7675
1399899580.311	n	12.3352	3.69661	6.332	31.7673
1399899580.375	n	12.3354	3.69661	6.314	31.7672
1399899580.437	n	12.3355	3.69663	6.296	31.7672
1399899580.500	n	12.3356	3.69665	6.280	31.7673
1399899580.561	n	12.3357	3.69662	6.264	31.7671
1399899580.624	n	12.3357	3.69660	6.249	31.7668
1399899580.686	n	12.3358	3.69658	6.229	31.7666
1399899580.750	n	12.3361	3.69658	6.208	31.7664
1399899580.813	n	12.3363	3.69661	6.189	31.7664
1399899580.875	y	12.3365	3.69665	6.177	31.7666
1399899580.937	n	12.3367	3.69666	6.160	31.7666
1399899580.999	n	12.3368	3.69669	6.138	31.7668
1399899581.061	n	12.3370	3.69672	6.117	31.7669
1399899581.124	n	12.3373	3.69675	6.099	31.7670
1399899581.187	n	12.3376	3.69677	6.084	31.7670
1399899581.249	n	12.3378	3.69678	6.064	31.7668
1399899581.312	n	12.3381	3.69679	6.050	31.7667
1399899581.375	n	12.3384	3.69681	6.029	31.7666
1399899581.437	n	12.3387	3.69682	6.010	31.7665
1399899581.498	n	12.3390	3.69684	5.989	31.7664
1399899581.561	n	12.3393	3.69685	5.973	31.7663
1399899581.625	n	12.3396	3.69685	5.954	31.7661
1399899581.687	n	12.3397	3.69684	5.935	31.7658
1399899581.750	n	12.3399	3.69684	5.917	31.7657
1399899581.811	n	12.3401	3.69685	5.901	31.7657
1399899581.874	n	12.3404	3.69687	5.885	31.7655
1399899581.936	n	12.3409	3.69690	5.866	31.7655
1399899581.999	n	12.3415	3.69694	5.849	31.7653
1399899582.062	n	12.3422	3.69696	5.831	31.7650
1399899582.124	n	12.3428	3.69698	5.816	31.7646
1399899582.186	n	12.3436	3.69701	5.796	31.7642
1399899582.249	n	12.3443	3.69704	5.780	31.7639
1399899582.311	n	12.3452	3.69708	5.758	31.7636
1399899582.374	n	12.3459	3.69711	5.745	31.7633
1399899582.437	n	12.3466	3.69714	5.731	31.7629
1399899582.500	n	12.3473	3.69715	5.714	31.7624
1399899582.680	y	12.3480	3.69716	5.695	31.7621
1399899582.688	n	12.3486	3.69718	5.681	31.7617
1399899582.692	n	12.3491	3.69720	5.664	31.7614
1399899582.749	n	12.3496	3.69722	5.648	31.7612
1399899582.811	n	12.3500	3.69724	5.631	31.7610
1399899582.875	n	12.3506	3.69725	5.612	31.7607
1399899582.937	n	12.3512	3.69727	5.598	31.7603
1399899582.999	n	12.3519	3.69728	5.585	31.7599
1399899583.062	n	12.3526	3.69731	5.569	31.7596
1399899583.124	n	12.3531	3.69733	5.551	31.7593
1399899583.187	n	12.3535	3.69735	5.534	31.7591
1399899583.249	n	12.3540	3.69735	5.517	31.7589
1399899583.312	n	12.3544	3.69736	5.503	31.7585
1399899583.374	n	12.3549	3.69736	5.487	31.7581
1399899583.436	n	12.3554	3.69738	5.472	31.7579
1399899583.499	n	12.3558	3.69739	5.457	31.7577
1399899583.562	n	12.3562	3.69740	5.440	31.7575
1399899583.624	n	12.3564	3.69741	5.427	31.7573
1399899583.687	n	12.3565	3.69740	5.408	31.7571
1399899583.749	n	12.3567	3.69738	5.395	31.7569
1399899583.811	n	12.3568	3.69738	5.382	31.7568
1399899583.874	n	12.3568	3.69739	5.368	31.7569
1399899583.936	n	12.3569	3.69741	5.352	31.7570
1399899584.000	n	12.3569	3.69742	5.336	31.7570
1399899584.062	n	12.3570	3.69742	5.323	31.7570
1399899584.125	n	12.3571	3.69742	5.308	31.7570
1399899584.186	n	12.3572	3.69743	5.294	31.7569
1399899584.248	n	12.3574	3.69744	5.280	31.7569
1399899584.312	n	12.3576	3.69745	5.266	31.7568
1399899584.373	n	12.3577	3.69744	5.253	31.7566
1399899584.436	n	12.3579	3.69743	5.241	31.7565
1399899584.500	n	12.3580	3.69744	5.226	31.7564
1399899584.589	y	12.3582	3.69745	5.215	31.7563
1399899584.624	n	12.3584	3.69747	5.202	31.7563
1399899584.686	n	12.3586	3.69745	5.193	31.7560
1399899584.748	n	12.3587	3.69743	5.181	31.7557
1399899584.811	n	12.3586	3.69742	5.169	31.7557
1399899584.875	n	12.3583	3.69743	5.158	31.7560
1399899584.936	n	12.3579	3.69745	5.148	31.7565
1399899585.000	n	12.3577	3.69747	5.137	31.7570
1399899585.061	n	12.3576	3.69746	5.123	31.7570
1399899585.125	n	12.3576	3.69746	5.112	31.7569
1399899585.187	n	12.3577	3.69745	5.103	31.7569
1399899585.250	n	12.3576	3.69746	5.094	31.7569
1399899585.311	n	12.3575	3.69747	5.083	31.7571
1399899585.459	y	12.3576	3.69749	5.070	31.7573
1399899585.469	n	12.3578	3.69750	5.061	31.7572
1399899585.499	n	12.3583	3.69750	5.050	31.7568
1399899585.562	n	12.3589	3.69751	5.039	31.7564
1399899585.624	n	12.3595	3.69752	5.029	31.7560
1399899585.686	n	12.3599	3.69752	5.015	31.7556
1399899585.750	n	12.3602	3.69753	5.006	31.7554
1399899585.811	n	12.3604	3.69754	4.994	31.7553
1399899585.875	n	12.3607	3.69755	4.984	31.7553
1399899585.936	n	12.3609	3.69757	4.976	31.7552
1399899586.000	n	12.3614	3.69758	4.965	31.7550
1399899586.062	n	12.3622	3.69759	4.959	31.7543
1399899586.125	n	12.3634	3.69760	4.942	31.7534
1399899586.187	n	12.3648	3.69762	4.929	31.7525
1399899586.250	n	12.3661	3.69766	4.919	31.7518
1399899586.312	n	12.3672	3.69771	4.910	31.7513
1399899586.374	n	12.3681	3.69775	4.903	31.7510
1399899586.436	n	12.3687	3.69743	4.892	31.7473
1399899586.501	n	12.3693	3.69719	4.878	31.7446
1399899586.561	n	12.3699	3.69711	4.867	31.7433
1399899586.624	n	12.3704	3.69722	4.857	31.7439
1399899586.686	n	12.3709	3.69750	4.847	31.7461
1399899586.751	n	12.3714	3.69787	4.835	31.7493
1399899586.979	y	12.3721	3.69789	4.822	31.7489
1399899586.987	n	12.3731	3.69792	4.811	31.7484
1399899586.993	n	12.3743	3.69796	4.801	31.7477
1399899586.999	n	12.3756	3.69800	4.785	31.7470
1399899587.061	n	12.3767	3.69804	4.773	31.7465
1399899587.124	n	12.3776	3.69808	4.762	31.7461
1399899587.187	n	12.3782	3.69810	4.750	31.7458
1399899587.251	n	12.3788	3.69813	4.739	31.7456
1399899587.312	n	12.3793	3.69815	4.724	31.7453
1399899587.374	n	12.3799	3.69817	4.712	31.7451
1399899587.436	n	12.3805	3.69820	4.692	31.7448
1399899587.499	n	12.3813	3.69822	4.683	31.7444
1399899587.561	n	12.3820	3.69825	4.671	31.7440
1399899587.623	n	12.3828	3.69829	4.659	31.7437
1399899587.686	n	12.3835	3.69832	4.645	31.7434
1399899587.748	n	12.3842	3.69834	4.630	31.7430
1399899587.811	n	12.3848	3.69834	4.617	31.7425
1399899587.875	n	12.3854	3.69834	4.605	31.7421
1399899587.936	n	12.3861	3.69836	4.592	31.7416
1399899588.000	n	12.3867	3.69838	4.579	31.7413
1399899588.062	n	12.3875	3.69841	4.563	31.7409
1399899588.124	y	12.3883	3.69844	4.548	31.7405
1399899588.186	n	12.3893	3.69848	4.537	31.7401
1399899588.250	n	12.3904	3.69852	4.521	31.7396
1399899588.311	n	12.3914	3.69856	4.507	31.7391
1399899588.374	n	12.3925	3.69861	4.496	31.7386
1399899588.436	n	12.3937	3.69866	4.483	31.7381
1399899588.499	n	12.3952	3.69872	4.465	31.7375
1399899588.561	n	12.3970	3.69881	4.452	31.7368
1399899588.623	n	12.3993	3.69895	4.438	31.7362
1399899588.687	n	12.4024	3.69916	4.424	31.7355
1399899588.750	n	12.4064	3.69941	4.407	31.7346
1399899588.811	n	12.4110	3.69967	4.393	31.7332
1399899588.874	n	12.4159	3.69991	4.378	31.7313
1399899588.937	n	12.4207	3.70012	4.362	31.7292
1399899588.998	n	12.4253	3.70031	4.349	31.7272
1399899589.061	n	12.4299	3.70047	4.334	31.7249
1399899589.125	n	12.4350	3.70061	4.319	31.7219
1399899589.187	n	12.4414	3.70069	4.303	31.7172
1399899589.250	n	12.4492	3.70072	4.288	31.7109
1399899589.311	n	12.4584	3.70076	4.275	31.7036
1399899589.375	n	12.4681	3.70085	4.259	31.6963
1399899589.437	n	12.4774	3.70099	4.242	31.6898
1399899589.500	n	12.4852	3.70117	4.224	31.6849
1399899589.562	n	12.4913	3.70134	4.209	31.6813
1399899589.625	n	12.4957	3.70147	4.196	31.6789
1399899589.687	n	12.4990	3.70156	4.178	31.6771
1399899589.749	n	12.5015	3.70164	4.160	31.6757
1399899589.812	n	12.5037	3.70173	4.145	31.6747
1399899589.873	n	12.5057	3.70183	4.127	31.6739
1399899589.936	n	12.5076	3.70192	4.110	31.6732
1399899590.000	n	12.5095	3.70200	4.095	31.6724
1399899590.062	n	12.5112	3.70206	4.080	31.6715
1399899590.124	n	12.5129	3.70212	4.064	31.6706
1399899590.187	n	12.5146	3.70218	4.044	31.6698
1399899590.250	n	12.5164	3.70226	4.027	31.6691
1399899590.312	n	12.5182	3.70232	4.009	31.6681
1399899590.373	n	12.5201	3.70237	3.996	31.6670
1399899590.436	n	12.5219	3.70240	3.977	31.6658
1399899590.498	n	12.5237	3.70244	3.960	31.6647
1399899590.561	n	12.5255	3.70249	3.947	31.6637
1399899590.623	n	12.5271	3.70256	3.931	31.6629
1399899590.688	n	12.5290	3.70262	3.916	31.6619
1399899590.748	n	12.5310	3.70266	3.898	31.6606
1399899590.813	n	12.5332	3.70271	3.880	31.6593
1399899590.874	n	12.5354	3.70276	3.866	31.6579
1399899590.937	n	12.5376	3.70283	3.851	31.6568
1399899590.998	n	12.5398	3.70292	3.832	31.6558
1399899591.195	y	12.5421	3.70301	3.819	31.6546
1399899591.201	n	12.5447	3.70311	3.805	31.6534
1399899591.207	n	12.5475	3.70322	3.791	31.6521
1399899591.249	n	12.5504	3.70331	3.775	31.6506
1399899591.313	n	12.5532	3.70339	3.762	31.6489
1399899591.373	n	12.5561	3.70345	3.744	31.6470
1399899591.438	n	12.5590	3.70348	3.730	31.6450
1399899591.499	n	12.5620	3.70354	3.715	31.6430
1399899591.562	n	12.5651	3.70361	3.701	31.6411
1399899591.624	n	12.5682	3.70369	3.684	31.6392
1399899591.686	n	12.5715	3.70377	3.669	31.6372
1399899591.749	n	12.5749	3.70385	3.656	31.6351
1399899591.811	y	12.5783	3.70393	3.643	31.6330
1399899591.875	n	12.5812	3.70401	3.627	31.6313
1399899591.936	n	12.5835	3.70408	3.610	31.6301
1399899592.000	n	12.5853	3.70415	3.597	31.6293
1399899592.061	n	12.5867	3.70421	3.582	31.6286
1399899592.123	n	12.5881	3.70426	3.570	31.6280
1399899592.187	n	12.5895	3.70432	3.555	31.6273
1399899592.249	n	12.5909	3.70439	3.540	31.6268
1399899592.311	n	12.5923	3.70445	3.527	31.6262
1399899592.374	n	12.5935	3.70450	3.513	31.6258
1399899592.436	n	12.5946	3.70454	3.498	31.6252
1399899592.499	n	12.5958	3.70458	3.485	31.6245
1399899592.561	n	12.5971	3.70461	3.472	31.6238
1399899592.624	n	12.5985	3.70466	3.459	31.6231
1399899592.687	n	12.6000	3.70472	3.441	31.6224
1399899592.749	n	12.6017	3.70479	3.429	31.6216
1399899592.811	n	12.6036	3.70489	3.418	31.6209
1399899592.874	n	12.6058	3.70500	3.402	31.6202
1399899592.936	n	12.6080	3.70513	3.390	31.6196
1399899592.999	n	12.6103	3.70527	3.380	31.6190
1399899593.062	n	12.6127	3.70540	3.368	31.6182
1399899593.124	n	12.6151	3.70552	3.355	31.6172
1399899593.186	n	12.6175	3.70562	3.343	31.6163
1399899593.249	n	12.6198	3.70571	3.331	31.6153
1399899593.312	n	12.6218	3.70580	3.317	31.6143
1399899593.375	n	12.6239	3.70590	3.303	31.6136
1399899593.437	n	12.6258	3.70601	3.292	31.6131
1399899593.500	n	12.6265	3.70612	3.282	31.6135
1399899593.562	n	12.6256	3.70620	3.270	31.6150
1399899593.624	n	12.6246	3.70626	3.259	31.6164
1399899593.686	n	12.6254	3.70632	3.245	31.6163
1399899593.750	n	12.6287	3.70641	3.233	31.6144
1399899593.812	n	12.6342	3.70654	3.221	31.6110
1399899593.874	n	12.6398	3.70669	3.209	31.6077
1399899593.937	n	12.6436	3.70681	3.196	31.6057
1399899593.999	n	12.6458	3.70689	3.186	31.6046
1399899594.061	n	12.6477	3.70696	3.176	31.6036
1399899594.124	n	12.6501	3.70701	3.164	31.6021
1399899594.186	n	12.6536	3.70707	3.149	31.5998
1399899594.251	n	12.6576	3.70714	3.138	31.5971
1399899594.312	n	12.6612	3.70721	3.126	31.5948
1399899594.375	n	12.6635	3.70726	3.113	31.5934
1399899594.437	n	12.6641	3.70728	3.105	31.5930
1399899594.500	n	12.6643	3.70726	3.090	31.5926
1399899594.562	n	12.6653	3.70723	3.079	31.5915
1399899594.624	n	12.6675	3.70720	3.068	31.5894
1399899594.687	n	12.6700	3.70720	3.050	31.5873
1399899594.749	n	12.6726	3.70722	3.039	31.5853
1399899594.811	n	12.6764	3.70728	3.029	31.5828
1399899594.873	n	12.6817	3.70739	3.016	31.5793
1399899594.937	n	12.6884	3.70753	3.002	31.5751
1399899595.001	n	12.6955	3.70766	2.989	31.5703
1399899595.061	n	12.7024	3.70780	2.979	31.5659
1399899595.125	n	12.7104	3.70804	2.969	31.5615
1399899595.187	n	12.7197	3.70842	2.953	31.5573
1399899595.248	n	12.7300	3.70892	2.946	31.5534
1399899595.429	y	12.7417	3.70950	2.934	31.5491
1399899595.434	n	12.7547	3.71006	2.919	31.5435
1399899595.439	n	12.7695	3.71055	2.905	31.5358
1399899595.500	y	12.7864	3.71098	2.897	31.5258
1399899595.562	n	12.8031	3.71134	2.881	31.5152
1399899595.625	n	12.8177	3.71163	2.869	31.5059
1399899595.687	n	12.8298	3.71187	2.855	31.4980
1399899595.751	n	12.8398	3.71212	2.846	31.4920
1399899595.811	n	12.8480	3.71238	2.835	31.4877
1399899595.873	n	12.8553	3.71265	2.822	31.4841
1399899595.936	n	12.8622	3.71291	2.808	31.4808
1399899596.000	n	12.8691	3.71318	2.790	31.4777
1399899596.062	n	12.8761	3.71347	2.778	31.4745
1399899596.123	n	12.8835	3.71377	2.765	31.4713
1399899596.186	n	12.8908	3.71409	2.750	31.4682
1399899596.250	n	12.8977	3.71439	2.734	31.4653
1399899596.312	n	12.9034	3.71462	2.724	31.4627
1399899596.374	n	12.9079	3.71477	2.710	31.4604
1399899596.438	n	12.9118	3.71485	2.694	31.4579
1399899596.499	n	12.9156	3.71489	2.680	31.4552
1399899596.561	n	12.9200	3.71496	2.664	31.4521
1399899596.623	n	12.9252	3.71510	2.646	31.4491
1399899596.687	n	12.9309	3.71530	2.630	31.4464
1399899596.748	n	12.9368	3.71555	2.616	31.4438
1399899596.812	n	12.9425	3.71580	2.601	31.4414
1399899596.874	n	12.9478	3.71603	2.584	31.4391
1399899596.937	n	12.9530	3.71624	2.568	31.4368
1399899596.999	n	12.9581	3.71646	2.550	31.4346
1399899597.061	n	12.9632	3.71669	2.534	31.4326
1399899597.125	n	12.9685	3.71691	2.516	31.4303
1399899597.186	n	12.9739	3.71713	2.497	31.4278
1399899597.250	n	12.9793	3.71732	2.480	31.4251
1399899597.313	n	12.9846	3.71751	2.462	31.4225
1399899597.373	n	12.9896	3.71772	2.447	31.4205
1399899597.437	n	12.9937	3.71793	2.428	31.4190
1399899597.501	n	12.9970	3.71811	2.409	31.4179
1399899597.562	n	12.9994	3.71823	2.390	31.4171
1399899597.624	n	13.0011	3.71829	2.374	31.4163
1399899597.687	n	13.0022	3.71834	2.357	31.4158
1399899597.750	n	13.0032	3.71839	2.339	31.4155
1399899597.812	n	13.0040	3.71845	2.320	31.4154
1399899597.874	n	13.0048	3.71852	2.305	31.4154
1399899597.937	n	13.0055	3.71857	2.286	31.4153
1399899597.999	n	13.0061	3.71861	2.271	31.4152
1399899598.062	n	13.0066	3.71864	2.257	31.4151
1399899598.123	n	13.0070	3.71868	2.243	31.4151
1399899598.186	n	13.0073	3.71873	2.225	31.4153
1399899598.250	n	13.0075	3.71876	2.208	31.4154
1399899598.311	n	13.0079	3.71879	2.192	31.4154
1399899598.374	n	13.0083	3.71881	2.177	31.4153
1399899598.438	n	13.0089	3.71885	2.162	31.4152
1399899598.502	n	13.0097	3.71891	2.148	31.4151
1399899598.562	n	13.0108	3.71900	2.132	31.4150
1399899598.625	n	13.0120	3.71910	2.119	31.4149
1399899598.686	n	13.0135	3.71920	2.105	31.4147
1399899598.749	n	13.0151	3.71929	2.088	31.4142
1399899598.811	n	13.0166	3.71936	2.074	31.4135
1399899598.874	n	13.0182	3.71939	2.056	31.4125
1399899598.937	n	13.0197	3.71940	2.040	31.4114
1399899599.000	n	13.0209	3.71940	2.030	31.4104
1399899599.112	y	13.0216	3.71939	2.014	31.4097
1399899599.124	n	13.0222	3.71939	1.998	31.4093
1399899599.187	n	13.0227	3.71940	1.986	31.4089
1399899599.248	n	13.0235	3.71941	1.973	31.4084
1399899599.311	n	13.0246	3.71942	1.959	31.4076
1399899599.375	n	13.0258	3.71944	1.941	31.4067
1399899599.437	n	13.0270	3.71946	1.932	31.4060
1399899599.503	n	13.0280	3.71949	1.921	31.4054
1399899599.674	y	13.0288	3.71953	1.908	31.4052
1399899599.681	n	13.0290	3.71958	1.894	31.4054
1399899599.687	y	13.0291	3.71961	1.882	31.4057
1399899599.827	n	13.0292	3.71962	1.870	31.4057
1399899599.832	n	13.0295	3.71964	1.858	31.4056
1399899599.875	n	13.0298	3.71966	1.849	31.4056
1399899599.937	n	13.0300	3.71969	1.835	31.4057
1399899600.001	n	13.0303	3.71973	1.826	31.4058
1399899600.062	n	13.0308	3.71975	1.818	31.4056
1399899600.125	n	13.0314	3.71975	1.804	31.4051
1399899600.188	n	13.0317	3.71975	1.791	31.4049
1399899600.249	n	13.0319	3.71977	1.781	31.4049
1399899600.313	n	13.0321	3.71980	1.773	31.4050
1399899600.375	n	13.0325	3.71983	1.756	31.4049
1399899600.436	n	13.0330	3.71985	1.744	31.4047
1399899600.501	n	13.0334	3.71986	1.734	31.4045
1399899600.561	n	13.0336	3.71986	1.723	31.4043
1399899600.625	n	13.0339	3.71988	1.709	31.4042
1399899600.687	n	13.0344	3.71991	1.698	31.4041
1399899600.748	n	13.0352	3.71995	1.683	31.4039
1399899600.812	n	13.0362	3.72001	1.671	31.4036
1399899600.875	n	13.0375	3.72009	1.659	31.4033
1399899600.937	n	13.0391	3.72018	1.647	31.4028
1399899600.999	n	13.0408	3.72028	1.632	31.4023
1399899601.062	n	13.0423	3.72036	1.620	31.4019
1399899601.125	n	13.0434	3.72041	1.604	31.4014
1399899601.187	n	13.0443	3.72045	1.594	31.4010
1399899601.251	n	13.0449	3.72046	1.579	31.4007
1399899601.312	n	13.0455	3.72047	1.566	31.4003
1399899601.374	n	13.0459	3.72048	1.549	31.4000
1399899601.437	n	13.0463	3.72048	1.535	31.3997
1399899601.502	n	13.0467	3.72049	1.520	31.3994
1399899601.561	n	13.0471	3.72052	1.508	31.3994
1399899601.625	n	13.0476	3.72058	1.490	31.3996
1399899601.687	n	13.0483	3.72070	1.476	31.4001
1399899601.748	n	13.0496	3.72090	1.467	31.4010
1399899601.812	n	13.0520	3.72119	1.450	31.4017
1399899601.874	n	13.0564	3.72157	1.428	31.4016
1399899601.937	n	13.0638	3.72203	1.413	31.3998
1399899601.999	n	13.0745	3.72255	1.401	31.3959
1399899602.061	n	13.0878	3.72314	1.384	31.3904
1399899602.123	n	13.1023	3.72371	1.367	31.3837
1399899602.187	n	13.1157	3.72417	1.353	31.3769
1399899602.248	n	13.1268	3.72449	1.340	31.3708
1399899602.312	n	13.1351	3.72468	1.324	31.3657
1399899602.374	n	13.1410	3.72479	1.308	31.3619
1399899602.437	n	13.1451	3.72489	1.293	31.3594
1399899602.502	n	13.1483	3.72498	1.277	31.3577
1399899602.561	n	13.1508	3.72505	1.262	31.3562
1399899602.625	n	13.1531	3.72501	1.245	31.3540
1399899602.687	n	13.1543	3.72461	1.233	31.3493
1399899602.816	y	13.1528	3.72364	1.219	31.3414
1399899602.822	n	13.1479	3.72206	1.201	31.3306
1399899602.874	n	13.1406	3.72002	1.189	31.3177
1399899602.937	n	13.1319	3.71795	1.176	31.3055
1399899603.000	n	13.1231	3.71634	1.160	31.2976
1399899603.061	n	13.1165	3.71531	1.152	31.2934
1399899603.124	n	13.1129	3.71486	1.140	31.2921
1399899603.186	n	13.1125	3.71490	1.129	31.2929
1399899603.250	n	13.1153	3.71524	1.117	31.2937
1399899603.311	n	13.1200	3.71571	1.105	31.2943
1399899603.375	n	13.1241	3.71632	1.094	31.2967
1399899603.437	n	13.1273	3.71700	1.082	31.3003
1399899603.503	n	13.1301	3.71775	1.073	31.3050
1399899603.561	n	13.1328	3.71851	1.063	31.3100
1399899603.626	n	13.1353	3.71914	1.055	31.3137
1399899603.688	n	13.1371	3.71953	1.043	31.3160
1399899603.750	n	13.1369	3.71960	1.030	31.3168
1399899603.952	y	13.1332	3.71920	1.022	31.3161
1399899603.959	n	13.1261	3.71831	1.013	31.3136
1399899603.965	n	13.1168	3.71693	1.001	31.3084
1399899603.999	n	13.1064	3.71520	0.990	31.3007
1399899604.063	n	13.0964	3.71347	0.983	31.2927
1399899604.124	n	13.0880	3.71204	0.973	31.2864
1399899604.187	n	13.0814	3.71103	0.964	31.2823
1399899604.250	n	13.0767	3.71039	0.952	31.2802
1399899604.311	n	13.0736	3.71001	0.942	31.2792
1399899604.373	n	13.0715	3.70975	0.935	31.2785
1399899604.436	n	13.0701	3.70960	0.925	31.2782
1399899604.503	n	13.0691	3.70950	0.918	31.2781
1399899604.563	n	13.0682	3.70942	0.908	31.2781
1399899604.624	n	13.0674	3.70937	0.900	31.2784
1399899604.686	n	13.0666	3.70935	0.886	31.2787
1399899604.750	n	13.0664	3.70935	0.875	31.2789
1399899604.811	n	13.0670	3.70941	0.867	31.2791
1399899604.875	n	13.0679	3.70947	0.856	31.2789
1399899604.936	n	13.0688	3.70948	0.843	31.2781
1399899605.000	n	13.0694	3.70946	0.832	31.2775
1399899605.063	n	13.0698	3.70949	0.828	31.2774
1399899605.124	n	13.0705	3.70958	0.816	31.2778
1399899605.187	n	13.0717	3.70978	0.803	31.2786
1399899605.249	n	13.0735	3.71000	0.791	31.2793
1399899605.312	n	13.0750	3.71012	0.780	31.2791
1399899605.375	n	13.0754	3.71005	0.767	31.2782
1399899605.437	n	13.0741	3.70981	0.753	31.2769
1399899605.503	n	13.0718	3.70950	0.742	31.2760
1399899605.562	n	13.0696	3.70932	0.730	31.2761
1399899605.625	n	13.0684	3.70932	0.719	31.2771
1399899605.686	n	13.0683	3.70946	0.708	31.2785
1399899605.752	n	13.0682	3.70944	0.696	31.2784
1399899605.812	n	13.0667	3.70911	0.684	31.2766
1399899605.875	n	13.0631	3.70852	0.670	31.2740
1399899605.936	n	13.0581	3.70789	0.659	31.2722
1399899606.000	n	13.0532	3.70494	0.646	31.2486
1399899606.065	n	13.0489	3.40289	0.636	28.4372
1399899606.123	n	13.0428	2.84349	0.625	23.3254
1399899606.186	n	13.0318	2.14603	0.613	17.1372
1399899606.249	n	13.0157	1.49397	0.604	11.5589
1399899606.311	n	12.9962	1.06657	0.593	8.0324
1399899606.374	n	12.9774	0.96866	0.582	7.2441
1399899606.438	y	12.9629	0.91175	0.568	6.7896
1399899606.498	n	12.9537	0.87076	0.556	6.4634
1399899606.562	n	12.9490	0.81299	0.550	6.0045
1399899606.625	n	12.9474	0.74799	0.543	5.4909
1399899606.687	n	12.9473	0.70122	0.530	5.1236
1399899606.751	n	12.9474	0.66168	0.525	4.8147
1399899606.811	n	12.9473	0.62400	0.517	4.5218
1399899606.873	n	12.9471	0.58887	0.510	4.2501
1399899606.937	n	12.9469	0.54860	0.506	3.9402
1399899606.999	n	12.9462	0.50947	0.505	3.6410
1399899607.062	n	12.9449	0.48748	0.499	3.4738
1399899607.124	n	12.9431	0.47441	0.495	3.3747
1399899607.187	n	12.9414	0.47910	0.494	3.4105
1399899607.249	n	12.9399	0.49069	0.492	3.4987
1399899607.312	n	12.9386	0.50463	0.489	3.6048
1399899607.375	n	12.9376	0.51576	0.490	3.6899
1399899607.437	n	12.9366	0.51797	0.490	3.7068
