Source File: D:\Storage\Programs\OOI\Group 5\Correspondence\07_18_14 sample files\files\11324982.PPB
Processed: 07/18/2014 12:28:14
Using Version: 1.11
Device: CTD
Start Date: 05/12/2014
Timestamp (s)	Suspect Timestamp	Temperature	Conductivity	Pressure	Salinity
1399877937.703	y	11.8838	3.68480	22.654	32.0326
1399877937.766	n	11.8835	3.68480	22.647	32.0328
1399877937.830	n	11.8832	3.68480	22.640	32.0331
1399877937.892	n	11.8835	3.68480	22.654	32.0328
1399877937.954	n	11.8832	3.68480	22.647	32.0331
1399877938.017	n	11.8827	3.68480	22.623	32.0335
1399877938.079	n	11.8823	3.68485	22.616	32.0343
1399877938.143	n	11.8830	3.68482	22.640	32.0334
1399877938.205	n	11.8828	3.68482	22.636	32.0336
1399877938.267	n	11.8827	3.68483	22.630	32.0338
1399877938.330	n	11.8825	3.68483	22.623	32.0339
1399877938.394	n	11.8824	3.68482	22.616	32.0340
1399877938.456	n	11.8822	3.68483	22.612	32.0342
1399877938.519	n	11.8821	3.68482	22.604	32.0342
1399877938.581	n	11.8820	3.68482	22.595	32.0343
1399877938.644	n	11.8820	3.68482	22.588	32.0343
1399877938.706	n	11.8821	3.68481	22.581	32.0342
1399877938.769	n	11.8821	3.68480	22.572	32.0341
1399877938.830	n	11.8821	3.68480	22.567	32.0341
1399877938.894	n	11.8821	3.68481	22.558	32.0341
1399877938.955	n	11.8822	3.68481	22.549	32.0341
1399877939.018	n	11.8822	3.68481	22.538	32.0341
1399877939.080	n	11.8822	3.68480	22.528	32.0340
1399877939.143	n	11.8822	3.68480	22.517	32.0340
1399877939.205	n	11.8823	3.68480	22.512	32.0339
1399877939.269	n	11.8824	3.68481	22.500	32.0339
1399877939.331	n	11.8825	3.68482	22.489	32.0339
1399877939.394	n	11.8827	3.68481	22.479	32.0337
1399877939.456	n	11.8828	3.68480	22.471	32.0335
1399877939.517	n	11.8829	3.68481	22.460	32.0335
1399877939.580	n	11.8829	3.68481	22.444	32.0335
1399877939.643	n	11.8830	3.68482	22.434	32.0335
1399877939.706	n	11.8831	3.68483	22.424	32.0335
1399877939.769	n	11.8833	3.68483	22.412	32.0334
1399877939.831	n	11.8835	3.68482	22.396	32.0331
1399877939.893	n	11.8836	3.68482	22.384	32.0330
1399877939.955	n	11.8837	3.68482	22.372	32.0329
1399877940.017	n	11.8839	3.68482	22.360	32.0328
1399877940.080	n	11.8840	3.68484	22.350	32.0328
1399877940.143	n	11.8842	3.68484	22.336	32.0328
1399877940.205	n	11.8843	3.68483	22.320	32.0326
1399877940.269	n	11.8844	3.68483	22.308	32.0324
1399877940.330	n	11.8846	3.68483	22.293	32.0323
1399877940.393	n	11.8847	3.68482	22.280	32.0320
1399877940.456	n	11.8849	3.68482	22.266	32.0319
1399877940.519	n	11.8851	3.68481	22.252	32.0317
1399877940.580	n	11.8852	3.68481	22.240	32.0316
1399877940.643	n	11.8853	3.68481	22.225	32.0315
1399877940.706	n	11.8855	3.68482	22.210	32.0314
1399877940.768	n	11.8857	3.68483	22.196	32.0314
1399877940.830	n	11.8860	3.68484	22.182	32.0312
1399877940.892	n	11.8862	3.68483	22.166	32.0310
1399877940.955	n	11.8864	3.68483	22.149	32.0308
1399877941.019	n	11.8866	3.68483	22.136	32.0306
1399877941.081	n	11.8868	3.68483	22.121	32.0304
1399877941.143	n	11.8869	3.68483	22.104	32.0304
1399877941.206	n	11.8871	3.68483	22.089	32.0303
1399877941.268	n	11.8872	3.68484	22.074	32.0302
1399877941.331	n	11.8873	3.68483	22.059	32.0301
1399877941.392	n	11.8875	3.68483	22.042	32.0298
1399877941.455	n	11.8878	3.68483	22.027	32.0296
1399877941.518	n	11.8880	3.68483	22.013	32.0295
1399877941.580	n	11.8883	3.68484	21.994	32.0294
1399877941.644	n	11.8885	3.68485	21.977	32.0292
1399877941.706	n	11.8888	3.68485	21.962	32.0290
1399877941.769	n	11.8890	3.68485	21.940	32.0288
1399877941.832	n	11.8891	3.68484	21.926	32.0287
1399877941.893	n	11.8893	3.68484	21.910	32.0285
1399877941.957	n	11.8895	3.68484	21.895	32.0284
1399877942.017	n	11.8897	3.68483	21.879	32.0281
1399877942.080	n	11.8899	3.68483	21.862	32.0279
1399877942.143	n	11.8901	3.68483	21.845	32.0277
1399877942.206	n	11.8903	3.68483	21.828	32.0276
1399877942.269	y	11.8905	3.68484	21.811	32.0275
1399877942.330	n	11.8907	3.68484	21.793	32.0273
1399877942.394	n	11.8909	3.68483	21.777	32.0272
1399877942.456	n	11.8910	3.68484	21.761	32.0271
1399877942.518	n	11.8912	3.68484	21.744	32.0269
1399877942.580	n	11.8914	3.68483	21.728	32.0268
1399877942.643	n	11.8916	3.68484	21.710	32.0266
1399877942.706	n	11.8918	3.68484	21.693	32.0265
1399877942.768	n	11.8920	3.68484	21.679	32.0263
1399877942.830	n	11.8921	3.68484	21.660	32.0262
1399877942.893	n	11.8923	3.68484	21.641	32.0260
1399877942.956	n	11.8925	3.68484	21.627	32.0259
1399877943.019	n	11.8927	3.68485	21.608	32.0258
1399877943.080	n	11.8929	3.68486	21.588	32.0257
1399877943.143	n	11.8931	3.68486	21.570	32.0256
1399877943.206	n	11.8934	3.68486	21.555	32.0253
1399877943.269	n	11.8936	3.68485	21.538	32.0251
1399877943.330	n	11.8938	3.68485	21.522	32.0249
1399877943.394	n	11.8941	3.68485	21.505	32.0246
1399877943.456	n	11.8942	3.68485	21.486	32.0245
1399877943.519	n	11.8944	3.68484	21.469	32.0243
1399877943.581	n	11.8946	3.68484	21.450	32.0242
1399877943.644	n	11.8948	3.68485	21.433	32.0241
1399877943.707	n	11.8951	3.68485	21.416	32.0239
1399877943.768	n	11.8953	3.68484	21.399	32.0236
1399877943.830	n	11.8955	3.68484	21.383	32.0234
1399877943.893	n	11.8957	3.68483	21.367	32.0232
1399877943.956	n	11.8959	3.68483	21.350	32.0230
1399877944.018	n	11.8961	3.68485	21.331	32.0229
1399877944.080	n	11.8963	3.68485	21.315	32.0228
1399877944.142	n	11.8965	3.68485	21.296	32.0226
1399877944.206	n	11.8967	3.68484	21.284	32.0224
1399877944.269	n	11.8969	3.68484	21.264	32.0222
1399877944.330	n	11.8972	3.68484	21.247	32.0221
1399877944.394	n	11.8974	3.68485	21.231	32.0219
1399877944.456	n	11.8976	3.68485	21.218	32.0217
1399877944.518	n	11.8979	3.68485	21.200	32.0215
1399877944.581	n	11.8981	3.68485	21.179	32.0213
1399877944.644	n	11.8983	3.68485	21.163	32.0211
1399877944.706	n	11.8986	3.68486	21.149	32.0210
1399877944.768	n	11.8988	3.68486	21.132	32.0209
1399877944.831	n	11.8991	3.68486	21.114	32.0206
1399877944.892	n	11.8994	3.68486	21.099	32.0203
1399877944.955	n	11.8997	3.68484	21.080	32.0199
1399877945.019	n	11.9000	3.68483	21.064	32.0195
1399877945.081	n	11.9004	3.68483	21.052	32.0193
1399877945.144	n	11.9007	3.68485	21.035	32.0191
1399877945.205	n	11.9010	3.68487	21.016	32.0191
1399877945.269	n	11.9013	3.68488	21.001	32.0189
1399877945.331	n	11.9017	3.68487	20.984	32.0186
1399877945.393	n	11.9020	3.68487	20.967	32.0183
1399877945.456	n	11.9023	3.68486	20.950	32.0179
1399877945.519	n	11.9026	3.68485	20.937	32.0175
1399877945.580	n	11.9030	3.68486	20.918	32.0173
1399877945.643	n	11.9033	3.68487	20.904	32.0171
1399877945.706	n	11.9036	3.68487	20.890	32.0168
1399877945.768	n	11.9040	3.68487	20.870	32.0166
1399877945.851	y	11.9044	3.68488	20.851	32.0163
1399877945.894	n	11.9048	3.68488	20.835	32.0160
1399877945.956	n	11.9052	3.68489	20.822	32.0157
1399877946.019	n	11.9057	3.68489	20.804	32.0154
1399877946.080	n	11.9060	3.68489	20.788	32.0150
1399877946.143	n	11.9064	3.68488	20.774	32.0146
1399877946.206	n	11.9068	3.68488	20.757	32.0142
1399877946.269	n	11.9073	3.68487	20.741	32.0138
1399877946.330	n	11.9077	3.68486	20.723	32.0134
1399877946.394	n	11.9081	3.68487	20.708	32.0131
1399877946.455	n	11.9085	3.68488	20.690	32.0129
1399877946.517	n	11.9089	3.68489	20.675	32.0126
1399877946.580	n	11.9093	3.68489	20.665	32.0123
1399877946.642	n	11.9098	3.68490	20.645	32.0120
1399877946.707	n	11.9102	3.68490	20.625	32.0116
1399877946.768	n	11.9107	3.68490	20.610	32.0112
1399877946.830	n	11.9111	3.68490	20.594	32.0109
1399877946.894	n	11.9115	3.68490	20.576	32.0105
1399877946.955	n	11.9120	3.68489	20.560	32.0101
1399877947.019	n	11.9124	3.68489	20.544	32.0097
1399877947.081	n	11.9128	3.68489	20.527	32.0094
1399877947.144	n	11.9132	3.68490	20.508	32.0090
1399877947.206	n	11.9137	3.68490	20.491	32.0087
1399877947.269	n	11.9142	3.68490	20.475	32.0084
1399877947.330	n	11.9146	3.68490	20.460	32.0080
1399877947.394	n	11.9150	3.68490	20.439	32.0076
1399877947.456	n	11.9155	3.68491	20.420	32.0073
1399877947.518	n	11.9160	3.68491	20.404	32.0068
1399877947.581	n	11.9166	3.68491	20.385	32.0064
1399877947.643	n	11.9171	3.68491	20.367	32.0059
1399877947.705	n	11.9176	3.68490	20.355	32.0054
1399877947.767	n	11.9181	3.68491	20.332	32.0050
1399877947.830	n	11.9186	3.68491	20.316	32.0046
1399877947.894	n	11.9191	3.68492	20.296	32.0043
1399877947.957	n	11.9196	3.68492	20.276	32.0038
1399877948.019	n	11.9202	3.68491	20.260	32.0033
1399877948.081	n	11.9207	3.68490	20.243	32.0027
1399877948.143	n	11.9213	3.68489	20.225	32.0022
1399877948.206	n	11.9219	3.68489	20.203	32.0017
1399877948.268	n	11.9224	3.68489	20.184	32.0012
1399877948.331	n	11.9229	3.68489	20.168	32.0008
1399877948.394	n	11.9234	3.68489	20.149	32.0004
1399877948.456	n	11.9240	3.68490	20.130	32.0000
1399877948.517	n	11.9245	3.68490	20.109	31.9995
1399877948.580	n	11.9251	3.68491	20.090	31.9991
1399877948.642	n	11.9257	3.68490	20.073	31.9986
1399877948.705	n	11.9263	3.68489	20.051	31.9980
1399877948.768	n	11.9267	3.68488	20.031	31.9975
1399877948.830	n	11.9273	3.68489	20.014	31.9971
1399877948.894	n	11.9279	3.68489	19.996	31.9966
1399877948.959	n	11.9285	3.68490	19.975	31.9963
1399877949.018	n	11.9291	3.68491	19.952	31.9958
1399877949.082	n	11.9296	3.68490	19.931	31.9953
1399877949.143	n	11.9301	3.68489	19.912	31.9948
1399877949.206	n	11.9306	3.68489	19.888	31.9943
1399877949.268	n	11.9311	3.68489	19.869	31.9938
1399877949.330	n	11.9317	3.68490	19.849	31.9935
1399877949.392	n	11.9322	3.68492	19.826	31.9932
1399877949.482	y	11.9328	3.68492	19.807	31.9928
1399877949.517	n	11.9334	3.68493	19.788	31.9923
1399877949.580	n	11.9340	3.68492	19.765	31.9917
1399877949.643	n	11.9346	3.68491	19.745	31.9911
1399877949.706	n	11.9352	3.68491	19.727	31.9906
1399877949.770	n	11.9358	3.68490	19.702	31.9900
1399877949.831	n	11.9364	3.68489	19.679	31.9895
1399877949.894	n	11.9369	3.68489	19.659	31.9890
1399877949.959	n	11.9375	3.68490	19.639	31.9885
1399877950.019	n	11.9381	3.68490	19.617	31.9881
1399877950.080	n	11.9387	3.68491	19.595	31.9877
1399877950.142	n	11.9393	3.68492	19.575	31.9873
1399877950.206	n	11.9398	3.68492	19.554	31.9869
1399877950.268	n	11.9404	3.68492	19.534	31.9864
1399877950.331	n	11.9410	3.68493	19.513	31.9859
1399877950.393	n	11.9416	3.68493	19.489	31.9854
1399877950.457	n	11.9422	3.68492	19.467	31.9849
1399877950.518	n	11.9428	3.68492	19.446	31.9844
1399877950.582	n	11.9434	3.68492	19.429	31.9839
1399877950.644	n	11.9440	3.68492	19.407	31.9833
1399877950.706	n	11.9445	3.68492	19.385	31.9828
1399877950.767	n	11.9451	3.68491	19.366	31.9823
1399877950.831	n	11.9456	3.68491	19.341	31.9818
1399877950.893	n	11.9462	3.68491	19.322	31.9814
1399877950.955	n	11.9468	3.68492	19.297	31.9809
1399877951.019	n	11.9474	3.68492	19.280	31.9804
1399877951.080	n	11.9480	3.68491	19.259	31.9799
1399877951.143	n	11.9485	3.68490	19.238	31.9793
1399877951.206	n	11.9490	3.68490	19.216	31.9789
1399877951.268	n	11.9495	3.68491	19.197	31.9785
1399877951.331	n	11.9501	3.68492	19.173	31.9781
1399877951.393	n	11.9506	3.68492	19.153	31.9777
1399877951.456	n	11.9512	3.68492	19.136	31.9772
1399877951.519	n	11.9518	3.68491	19.114	31.9767
1399877951.580	n	11.9523	3.68491	19.093	31.9762
1399877951.643	n	11.9529	3.68490	19.071	31.9756
1399877951.705	n	11.9534	3.68490	19.052	31.9752
1399877951.768	n	11.9539	3.68490	19.033	31.9747
1399877951.889	y	11.9544	3.68489	19.008	31.9743
1399877951.894	n	11.9549	3.68490	18.989	31.9739
1399877951.956	n	11.9554	3.68491	18.970	31.9736
1399877952.018	n	11.9559	3.68490	18.949	31.9731
1399877952.080	n	11.9563	3.68489	18.930	31.9727
1399877952.143	n	11.9568	3.68489	18.911	31.9723
1399877952.205	n	11.9572	3.68490	18.891	31.9719
1399877952.267	n	11.9577	3.68491	18.870	31.9717
1399877952.330	n	11.9582	3.68493	18.849	31.9715
1399877952.393	n	11.9586	3.68493	18.828	31.9711
1399877952.456	n	11.9591	3.68494	18.809	31.9708
1399877952.517	n	11.9595	3.68493	18.790	31.9704
1399877952.581	n	11.9599	3.68492	18.769	31.9699
1399877952.643	n	11.9602	3.68491	18.751	31.9695
1399877952.706	n	11.9606	3.68490	18.732	31.9692
1399877952.769	n	11.9609	3.68489	18.712	31.9688
1399877952.831	n	11.9612	3.68489	18.693	31.9685
1399877952.894	n	11.9615	3.68489	18.674	31.9683
1399877952.956	n	11.9618	3.68490	18.657	31.9681
1399877953.019	n	11.9621	3.68490	18.634	31.9679
1399877953.081	n	11.9624	3.68490	18.614	31.9677
1399877953.143	n	11.9627	3.68490	18.595	31.9674
1399877953.327	y	11.9630	3.68489	18.575	31.9671
1399877953.333	n	11.9632	3.68488	18.556	31.9667
1399877953.340	n	11.9635	3.68488	18.539	31.9665
1399877953.394	n	11.9637	3.68487	18.520	31.9663
1399877953.456	n	11.9640	3.68486	18.502	31.9660
1399877953.518	n	11.9642	3.68486	18.482	31.9658
1399877953.581	n	11.9644	3.68487	18.463	31.9657
1399877953.643	n	11.9646	3.68488	18.443	31.9656
1399877953.706	n	11.9648	3.68489	18.425	31.9655
1399877953.768	n	11.9651	3.68488	18.403	31.9652
1399877953.830	n	11.9654	3.68488	18.384	31.9650
1399877953.893	n	11.9656	3.68487	18.369	31.9646
1399877953.955	n	11.9659	3.68486	18.353	31.9644
1399877954.020	n	11.9662	3.68487	18.332	31.9642
1399877954.081	n	11.9665	3.68487	18.313	31.9640
1399877954.143	n	11.9668	3.68487	18.293	31.9637
1399877954.207	n	11.9670	3.68486	18.276	31.9635
1399877954.269	n	11.9672	3.68486	18.258	31.9633
1399877954.330	n	11.9674	3.68486	18.240	31.9631
1399877954.394	n	11.9675	3.68486	18.219	31.9631
1399877954.455	n	11.9676	3.68488	18.201	31.9631
1399877954.519	n	11.9677	3.68488	18.184	31.9631
1399877954.580	n	11.9678	3.68488	18.163	31.9630
1399877954.644	n	11.9680	3.68488	18.146	31.9629
1399877954.705	n	11.9681	3.68488	18.130	31.9627
1399877954.768	n	11.9683	3.68487	18.111	31.9625
1399877954.831	n	11.9684	3.68487	18.091	31.9624
1399877954.893	n	11.9686	3.68487	18.073	31.9622
1399877954.956	n	11.9688	3.68487	18.054	31.9620
1399877955.019	n	11.9690	3.68487	18.034	31.9619
1399877955.081	n	11.9692	3.68486	18.017	31.9616
1399877955.143	n	11.9695	3.68485	17.996	31.9613
1399877955.207	n	11.9698	3.68483	17.974	31.9609
1399877955.270	n	11.9702	3.68483	17.957	31.9606
1399877955.330	n	11.9706	3.68483	17.935	31.9602
1399877955.394	n	11.9709	3.68484	17.916	31.9600
1399877955.455	n	11.9713	3.68485	17.897	31.9598
1399877955.518	n	11.9716	3.68485	17.878	31.9596
1399877955.581	n	11.9719	3.68485	17.862	31.9593
1399877955.643	n	11.9723	3.68485	17.840	31.9590
1399877955.706	n	11.9726	3.68485	17.821	31.9587
1399877955.770	n	11.9731	3.68485	17.803	31.9583
1399877955.831	n	11.9735	3.68485	17.784	31.9580
1399877955.893	n	11.9740	3.68485	17.761	31.9576
1399877955.955	n	11.9744	3.68485	17.742	31.9573
1399877956.018	y	11.9749	3.68487	17.722	31.9570
1399877956.133	n	11.9754	3.68487	17.703	31.9566
1399877956.143	n	11.9760	3.68487	17.682	31.9561
1399877956.206	n	11.9766	3.68487	17.664	31.9555
1399877956.267	n	11.9772	3.68485	17.643	31.9549
1399877956.331	n	11.9779	3.68485	17.623	31.9543
1399877956.393	n	11.9785	3.68485	17.599	31.9538
1399877956.455	n	11.9792	3.68485	17.581	31.9532
1399877956.520	n	11.9798	3.68485	17.563	31.9527
1399877956.580	n	11.9804	3.68485	17.542	31.9522
1399877956.643	n	11.9810	3.68485	17.520	31.9516
1399877956.705	n	11.9816	3.68484	17.501	31.9510
1399877956.835	y	11.9822	3.68484	17.480	31.9505
1399877956.839	n	11.9829	3.68485	17.459	31.9501
1399877956.893	n	11.9835	3.68485	17.437	31.9496
1399877956.956	n	11.9842	3.68486	17.419	31.9491
1399877957.017	n	11.9849	3.68486	17.396	31.9485
1399877957.080	n	11.9856	3.68485	17.374	31.9478
1399877957.143	n	11.9863	3.68484	17.355	31.9472
1399877957.207	n	11.9870	3.68484	17.332	31.9465
1399877957.268	n	11.9877	3.68483	17.312	31.9458
1399877957.331	n	11.9886	3.68482	17.292	31.9450
1399877957.394	n	11.9895	3.68482	17.274	31.9442
1399877957.455	n	11.9905	3.68482	17.248	31.9434
1399877957.519	n	11.9915	3.68482	17.229	31.9425
1399877957.581	n	11.9924	3.68483	17.210	31.9418
1399877957.643	n	11.9932	3.68483	17.189	31.9411
1399877957.706	n	11.9940	3.68483	17.162	31.9405
1399877957.767	n	11.9946	3.68483	17.143	31.9400
1399877957.831	n	11.9951	3.68483	17.126	31.9395
1399877957.894	n	11.9955	3.68482	17.103	31.9391
1399877957.955	n	11.9958	3.68482	17.083	31.9389
1399877958.018	n	11.9958	3.68482	17.062	31.9388
1399877958.080	n	11.9958	3.68482	17.040	31.9389
1399877958.143	n	11.9956	3.68482	17.021	31.9391
1399877958.205	n	11.9953	3.68482	17.000	31.9394
1399877958.269	n	11.9949	3.68482	16.980	31.9397
1399877958.330	n	11.9945	3.68483	16.956	31.9402
1399877958.394	n	11.9939	3.68485	16.936	31.9408
1399877958.456	n	11.9934	3.68486	16.915	31.9414
1399877958.517	n	11.9928	3.68486	16.895	31.9419
1399877958.581	n	11.9922	3.68485	16.873	31.9424
1399877958.643	n	11.9917	3.68484	16.853	31.9426
1399877958.705	n	11.9913	3.68483	16.831	31.9429
1399877958.768	n	11.9909	3.68482	16.809	31.9431
1399877958.830	n	11.9906	3.68481	16.786	31.9434
1399877958.893	n	11.9903	3.68481	16.764	31.9436
1399877958.957	n	11.9901	3.68481	16.745	31.9438
1399877959.018	n	11.9900	3.68481	16.726	31.9439
1399877959.082	n	11.9900	3.68481	16.703	31.9439
1399877959.144	n	11.9901	3.68481	16.684	31.9439
1399877959.206	n	11.9901	3.68481	16.661	31.9439
1399877959.267	n	11.9901	3.68481	16.641	31.9439
1399877959.330	n	11.9902	3.68482	16.618	31.9439
1399877959.392	n	11.9903	3.68484	16.595	31.9440
1399877959.457	n	11.9905	3.68485	16.576	31.9439
1399877959.517	n	11.9908	3.68485	16.558	31.9437
1399877959.580	n	11.9912	3.68486	16.542	31.9434
1399877959.645	n	11.9916	3.68485	16.522	31.9430
1399877959.705	n	11.9921	3.68484	16.499	31.9425
1399877959.768	n	11.9926	3.68483	16.476	31.9419
1399877959.831	n	11.9932	3.68482	16.455	31.9413
1399877959.893	n	11.9939	3.68481	16.436	31.9407
1399877959.956	n	11.9947	3.68483	16.417	31.9402
1399877960.019	n	11.9955	3.68484	16.394	31.9396
1399877960.080	n	11.9963	3.68484	16.375	31.9390
1399877960.142	n	11.9972	3.68484	16.359	31.9382
1399877960.206	n	11.9981	3.68483	16.336	31.9373
1399877960.401	y	11.9990	3.68482	16.313	31.9364
1399877960.409	n	12.0000	3.68481	16.294	31.9356
1399877960.414	n	12.0009	3.68481	16.274	31.9347
1399877960.457	y	12.0019	3.68482	16.253	31.9339
1399877960.519	n	12.0029	3.68482	16.236	31.9332
1399877960.581	n	12.0040	3.68483	16.216	31.9323
1399877960.644	n	12.0050	3.68483	16.197	31.9315
1399877960.707	n	12.0060	3.68483	16.175	31.9306
1399877960.767	n	12.0070	3.68483	16.153	31.9298
1399877960.831	n	12.0081	3.68483	16.134	31.9289
1399877960.893	n	12.0092	3.68484	16.115	31.9280
1399877960.956	n	12.0103	3.68484	16.096	31.9270
1399877961.019	n	12.0114	3.68484	16.074	31.9261
1399877961.081	n	12.0124	3.68484	16.052	31.9252
1399877961.144	n	12.0134	3.68483	16.031	31.9243
1399877961.206	n	12.0145	3.68482	16.013	31.9233
1399877961.268	n	12.0155	3.68481	15.994	31.9224
1399877961.331	n	12.0164	3.68481	15.974	31.9216
1399877961.393	n	12.0173	3.68482	15.953	31.9209
1399877961.457	n	12.0181	3.68483	15.935	31.9203
1399877961.518	n	12.0189	3.68482	15.911	31.9196
1399877961.580	n	12.0196	3.68482	15.893	31.9190
1399877961.642	n	12.0203	3.68481	15.877	31.9183
1399877961.706	n	12.0209	3.68480	15.847	31.9177
1399877961.769	n	12.0215	3.68480	15.828	31.9172
1399877961.832	n	12.0222	3.68481	15.810	31.9168
1399877961.895	n	12.0227	3.68482	15.793	31.9164
1399877961.958	n	12.0232	3.68483	15.772	31.9160
1399877962.019	n	12.0237	3.68484	15.746	31.9157
1399877962.081	n	12.0241	3.68483	15.729	31.9153
1399877962.145	n	12.0245	3.68483	15.708	31.9149
1399877962.207	n	12.0249	3.68482	15.691	31.9145
1399877962.268	n	12.0252	3.68481	15.671	31.9142
1399877962.331	n	12.0255	3.68481	15.648	31.9140
1399877962.394	n	12.0256	3.68481	15.630	31.9139
1399877962.457	n	12.0257	3.68482	15.608	31.9138
1399877962.518	n	12.0257	3.68481	15.586	31.9137
1399877962.580	n	12.0258	3.68480	15.565	31.9136
1399877962.644	n	12.0258	3.68479	15.542	31.9136
1399877962.707	n	12.0257	3.68480	15.523	31.9137
1399877962.769	n	12.0256	3.68481	15.502	31.9139
1399877962.831	n	12.0254	3.68482	15.482	31.9143
1399877962.895	n	12.0250	3.68483	15.459	31.9146
1399877962.956	n	12.0246	3.68483	15.441	31.9149
1399877963.018	n	12.0242	3.68483	15.419	31.9153
1399877963.081	n	12.0238	3.68482	15.401	31.9156
1399877963.144	n	12.0233	3.68480	15.375	31.9158
1399877963.206	n	12.0228	3.68477	15.357	31.9160
1399877963.268	n	12.0223	3.68475	15.333	31.9163
1399877963.330	n	12.0218	3.68473	15.313	31.9165
1399877963.394	n	12.0214	3.68472	15.291	31.9168
1399877963.455	n	12.0209	3.68472	15.270	31.9172
1399877963.518	n	12.0205	3.68472	15.247	31.9175
1399877963.580	n	12.0201	3.68472	15.228	31.9179
1399877963.644	n	12.0196	3.68471	15.206	31.9182
1399877963.706	n	12.0192	3.68469	15.183	31.9184
1399877963.768	n	12.0188	3.68468	15.161	31.9186
1399877963.830	n	12.0184	3.68467	15.138	31.9188
1399877963.894	n	12.0180	3.68466	15.120	31.9192
1399877963.957	n	12.0175	3.68467	15.099	31.9197
1399877964.017	n	12.0170	3.68468	15.078	31.9203
1399877964.080	n	12.0163	3.68469	15.058	31.9208
1399877964.144	n	12.0157	3.68468	15.033	31.9213
1399877964.247	y	12.0150	3.68466	15.013	31.9217
1399877964.269	n	12.0144	3.68464	14.989	31.9221
1399877964.330	n	12.0138	3.68463	14.970	31.9225
1399877964.392	n	12.0132	3.68462	14.947	31.9230
1399877964.457	n	12.0126	3.68462	14.927	31.9235
1399877964.688	y	12.0120	3.68463	14.901	31.9240
1399877964.695	n	12.0116	3.68463	14.883	31.9244
1399877964.702	n	12.0111	3.68463	14.860	31.9248
1399877964.709	n	12.0106	3.68463	14.835	31.9252
1399877964.768	n	12.0102	3.68462	14.812	31.9256
1399877964.830	n	12.0098	3.68462	14.790	31.9259
1399877964.894	n	12.0094	3.68461	14.770	31.9262
1399877964.957	n	12.0090	3.68461	14.748	31.9265
1399877965.018	n	12.0086	3.68461	14.727	31.9269
1399877965.080	n	12.0081	3.68462	14.706	31.9273
1399877965.143	n	12.0077	3.68462	14.684	31.9278
1399877965.207	n	12.0072	3.68462	14.663	31.9282
1399877965.269	n	12.0067	3.68463	14.640	31.9287
1399877965.330	n	12.0063	3.68463	14.616	31.9291
1399877965.396	n	12.0058	3.68464	14.592	31.9295
1399877965.456	n	12.0054	3.68466	14.574	31.9301
1399877965.519	n	12.0049	3.68468	14.553	31.9308
1399877965.581	n	12.0043	3.68469	14.531	31.9313
1399877965.644	n	12.0038	3.68470	14.507	31.9319
1399877965.705	n	12.0032	3.68471	14.483	31.9325
1399877965.768	n	12.0027	3.68472	14.465	31.9331
1399877965.831	n	12.0022	3.68473	14.443	31.9336
1399877965.893	n	12.0016	3.68474	14.422	31.9342
1399877965.957	n	12.0010	3.68473	14.402	31.9346
1399877966.018	n	12.0006	3.68472	14.376	31.9349
1399877966.082	n	12.0003	3.68471	14.358	31.9351
1399877966.142	n	12.0002	3.68470	14.337	31.9351
1399877966.208	n	12.0002	3.68471	14.315	31.9352
1399877966.268	n	12.0002	3.68471	14.293	31.9353
1399877966.330	n	12.0002	3.68472	14.270	31.9352
1399877966.393	n	12.0002	3.68471	14.251	31.9352
1399877966.455	n	12.0003	3.68471	14.226	31.9352
1399877966.518	n	12.0003	3.68471	14.201	31.9351
1399877966.582	n	12.0005	3.68472	14.180	31.9351
1399877966.646	n	12.0008	3.68473	14.162	31.9349
1399877966.707	n	12.0012	3.68474	14.137	31.9347
1399877966.767	n	12.0016	3.68473	14.113	31.9343
1399877966.830	n	12.0021	3.68473	14.090	31.9338
1399877966.894	n	12.0026	3.68473	14.071	31.9334
1399877966.956	n	12.0031	3.68472	14.048	31.9329
1399877967.018	n	12.0037	3.68472	14.027	31.9324
1399877967.080	n	12.0044	3.68471	14.004	31.9318
1399877967.145	n	12.0051	3.68470	13.984	31.9310
1399877967.207	n	12.0059	3.68470	13.960	31.9304
1399877967.269	n	12.0067	3.68471	13.940	31.9298
1399877967.330	n	12.0075	3.68472	13.916	31.9292
1399877967.393	n	12.0083	3.68473	13.896	31.9286
1399877967.457	n	12.0091	3.68474	13.874	31.9281
1399877967.519	n	12.0099	3.68475	13.851	31.9275
1399877967.581	n	12.0107	3.68476	13.829	31.9269
1399877967.644	n	12.0114	3.68475	13.804	31.9263
1399877967.705	n	12.0121	3.68475	13.783	31.9256
1399877967.801	y	12.0127	3.68475	13.765	31.9251
1399877967.830	n	12.0134	3.68475	13.740	31.9245
1399877967.894	n	12.0141	3.68475	13.716	31.9239
1399877967.955	n	12.0148	3.68475	13.695	31.9233
1399877968.018	n	12.0156	3.68474	13.673	31.9226
1399877968.081	n	12.0163	3.68473	13.651	31.9219
1399877968.143	n	12.0169	3.68474	13.629	31.9215
1399877968.205	n	12.0176	3.68476	13.607	31.9210
1399877968.269	n	12.0183	3.68476	13.583	31.9205
1399877968.330	n	12.0190	3.68476	13.561	31.9199
1399877968.394	n	12.0197	3.68476	13.540	31.9193
1399877968.455	n	12.0204	3.68477	13.519	31.9188
1399877968.519	n	12.0210	3.68477	13.495	31.9184
1399877968.580	n	12.0216	3.68478	13.475	31.9179
1399877968.644	n	12.0222	3.68478	13.455	31.9174
1399877968.705	n	12.0228	3.68476	13.427	31.9167
1399877968.821	y	12.0235	3.68476	13.408	31.9161
1399877968.831	n	12.0242	3.68476	13.387	31.9155
1399877968.892	n	12.0247	3.68477	13.362	31.9151
1399877968.958	n	12.0253	3.68478	13.339	31.9148
1399877969.019	n	12.0259	3.68479	13.319	31.9144
1399877969.082	n	12.0265	3.68479	13.299	31.9139
1399877969.144	n	12.0271	3.68480	13.277	31.9135
1399877969.206	n	12.0276	3.68480	13.254	31.9130
1399877969.268	n	12.0282	3.68480	13.234	31.9125
1399877969.331	n	12.0287	3.68478	13.212	31.9120
1399877969.393	n	12.0292	3.68477	13.190	31.9114
1399877969.456	n	12.0297	3.68476	13.168	31.9109
1399877969.518	n	12.0302	3.68477	13.149	31.9106
1399877969.580	n	12.0307	3.68478	13.128	31.9103
1399877969.644	n	12.0312	3.68480	13.104	31.9100
1399877969.706	n	12.0317	3.68480	13.083	31.9095
1399877969.768	n	12.0322	3.68479	13.061	31.9091
1399877969.831	n	12.0327	3.68478	13.037	31.9085
1399877969.893	n	12.0332	3.68478	13.018	31.9081
1399877969.957	n	12.0336	3.68478	12.997	31.9078
1399877970.019	n	12.0340	3.68478	12.974	31.9075
1399877970.081	n	12.0344	3.68478	12.956	31.9071
1399877970.143	y	12.0348	3.68478	12.935	31.9068
1399877970.237	n	12.0351	3.68477	12.918	31.9064
1399877970.268	n	12.0354	3.68476	12.892	31.9061
1399877970.331	n	12.0357	3.68476	12.871	31.9059
1399877970.393	n	12.0360	3.68476	12.853	31.9056
1399877970.455	n	12.0362	3.68475	12.830	31.9053
1399877970.517	n	12.0364	3.68475	12.810	31.9052
1399877970.581	n	12.0366	3.68474	12.790	31.9050
1399877970.645	n	12.0367	3.68474	12.770	31.9048
1399877970.706	n	12.0368	3.68474	12.747	31.9047
1399877970.769	n	12.0369	3.68474	12.728	31.9048
1399877970.831	n	12.0369	3.68476	12.708	31.9049
1399877970.894	n	12.0368	3.68478	12.687	31.9051
1399877970.955	n	12.0368	3.68479	12.669	31.9053
1399877971.019	n	12.0366	3.68479	12.646	31.9055
1399877971.081	n	12.0364	3.68478	12.630	31.9055
1399877971.144	n	12.0362	3.68478	12.607	31.9057
1399877971.207	n	12.0359	3.68477	12.587	31.9059
1399877971.268	n	12.0356	3.68476	12.571	31.9061
1399877971.331	n	12.0353	3.68475	12.549	31.9063
1399877971.393	n	12.0349	3.68474	12.530	31.9065
1399877971.456	y	12.0345	3.68471	12.508	31.9067
1399877971.518	n	12.0340	3.68470	12.491	31.9069
1399877971.581	n	12.0335	3.68469	12.472	31.9072
1399877971.644	n	12.0330	3.68468	12.451	31.9076
1399877971.706	n	12.0325	3.68468	12.435	31.9079
1399877971.768	n	12.0320	3.68467	12.417	31.9083
1399877971.830	n	12.0314	3.68465	12.394	31.9087
1399877971.894	n	12.0307	3.68462	12.371	31.9090
1399877971.958	n	12.0300	3.68458	12.353	31.9092
1399877972.018	n	12.0293	3.68453	12.340	31.9094
1399877972.080	n	12.0287	3.68450	12.314	31.9096
1399877972.143	n	12.0280	3.68447	12.292	31.9099
1399877972.209	n	12.0274	3.68444	12.277	31.9102
1399877972.268	n	12.0267	3.68442	12.258	31.9106
1399877972.330	n	12.0259	3.68440	12.238	31.9110
1399877972.394	n	12.0252	3.68436	12.220	31.9113
1399877972.455	n	12.0245	3.68434	12.200	31.9117
1399877972.519	n	12.0238	3.68431	12.181	31.9120
1399877972.581	n	12.0231	3.68428	12.160	31.9123
1399877972.643	n	12.0225	3.68424	12.142	31.9125
1399877972.707	n	12.0218	3.68421	12.122	31.9128
1399877972.768	n	12.0212	3.68418	12.104	31.9129
1399877972.830	n	12.0207	3.68415	12.085	31.9131
1399877972.892	n	12.0202	3.68411	12.069	31.9133
1399877972.956	n	12.0196	3.68408	12.049	31.9133
1399877973.108	y	12.0192	3.68404	12.028	31.9134
1399877973.114	n	12.0187	3.68401	12.009	31.9135
1399877973.144	n	12.0183	3.68398	11.988	31.9136
1399877973.206	n	12.0179	3.68397	11.971	31.9138
1399877973.268	n	12.0175	3.68395	11.955	31.9140
1399877973.330	n	12.0171	3.68394	11.933	31.9142
1399877973.393	n	12.0166	3.68394	11.913	31.9146
1399877973.456	n	12.0161	3.68392	11.895	31.9149
1399877973.518	n	12.0156	3.68391	11.876	31.9152
1399877973.580	n	12.0151	3.68389	11.854	31.9155
1399877973.644	n	12.0146	3.68387	11.837	31.9158
1399877973.705	n	12.0141	3.68386	11.818	31.9161
1399877973.768	n	12.0136	3.68385	11.801	31.9164
1399877973.831	n	12.0132	3.68385	11.782	31.9168
1399877973.894	n	12.0126	3.68385	11.765	31.9173
1399877973.957	n	12.0121	3.68385	11.746	31.9177
1399877974.018	n	12.0116	3.68384	11.726	31.9181
1399877974.081	n	12.0111	3.68384	11.705	31.9185
1399877974.143	n	12.0106	3.68382	11.685	31.9188
1399877974.209	n	12.0101	3.68381	11.667	31.9191
1399877974.269	n	12.0097	3.68379	11.645	31.9193
1399877974.330	n	12.0092	3.68378	11.627	31.9195
1399877974.393	n	12.0088	3.68377	11.610	31.9198
1399877974.456	n	12.0084	3.68375	11.589	31.9200
1399877974.517	n	12.0080	3.68372	11.571	31.9201
1399877974.580	n	12.0076	3.68370	11.550	31.9202
1399877974.644	n	12.0073	3.68367	11.531	31.9203
1399877974.708	n	12.0070	3.68366	11.515	31.9204
1399877974.769	n	12.0067	3.68365	11.495	31.9206
1399877974.831	n	12.0064	3.68363	11.472	31.9206
1399877974.894	n	12.0061	3.68361	11.455	31.9207
1399877974.957	n	12.0058	3.68359	11.434	31.9208
1399877975.018	n	12.0055	3.68358	11.417	31.9210
1399877975.082	n	12.0051	3.68358	11.394	31.9213
1399877975.194	y	12.0048	3.68359	11.379	31.9217
1399877975.206	n	12.0044	3.68360	11.359	31.9221
1399877975.268	n	12.0040	3.68361	11.340	31.9226
1399877975.331	n	12.0036	3.68363	11.319	31.9231
1399877975.394	n	12.0033	3.68364	11.298	31.9235
1399877975.456	n	12.0029	3.68365	11.280	31.9239
1399877975.518	n	12.0025	3.68366	11.256	31.9243
1399877975.580	n	12.0021	3.68366	11.236	31.9247
1399877975.643	n	12.0016	3.68368	11.219	31.9253
1399877975.707	n	12.0011	3.68369	11.197	31.9258
1399877975.767	n	12.0006	3.68371	11.178	31.9264
1399877975.830	n	12.0001	3.68373	11.160	31.9271
1399877975.895	n	11.9996	3.68375	11.141	31.9277
1399877975.956	n	11.9992	3.68376	11.120	31.9282
1399877976.018	n	11.9988	3.68378	11.098	31.9287
1399877976.081	n	11.9985	3.68379	11.080	31.9291
1399877976.143	n	11.9982	3.68381	11.058	31.9295
1399877976.206	n	11.9979	3.68383	11.035	31.9300
1399877976.268	n	11.9976	3.68384	11.015	31.9304
1399877976.330	n	11.9974	3.68386	10.995	31.9307
1399877976.393	n	11.9973	3.68387	10.974	31.9309
1399877976.456	n	11.9973	3.68389	10.950	31.9311
1399877976.519	n	11.9973	3.68392	10.929	31.9314
1399877976.581	n	11.9975	3.68396	10.909	31.9316
1399877976.643	n	11.9978	3.68400	10.887	31.9318
1399877976.705	n	11.9981	3.68404	10.864	31.9319
1399877976.768	n	11.9986	3.68408	10.842	31.9319
1399877976.830	n	11.9992	3.68411	10.820	31.9317
1399877976.893	n	11.9999	3.68414	10.798	31.9314
1399877976.956	n	12.0009	3.68417	10.776	31.9309
1399877977.018	n	12.0019	3.68421	10.753	31.9304
1399877977.081	n	12.0031	3.68424	10.731	31.9296
1399877977.144	n	12.0044	3.68427	10.709	31.9288
1399877977.206	n	12.0057	3.68430	10.688	31.9279
1399877977.349	y	12.0073	3.68432	10.667	31.9269
1399877977.354	n	12.0089	3.68435	10.642	31.9258
1399877977.393	n	12.0106	3.68438	10.621	31.9246
1399877977.456	n	12.0124	3.68441	10.600	31.9234
1399877977.518	n	12.0142	3.68443	10.577	31.9221
1399877977.581	n	12.0160	3.68446	10.553	31.9207
1399877977.645	n	12.0179	3.68447	10.529	31.9193
1399877977.706	n	12.0197	3.68448	10.506	31.9178
1399877977.768	n	12.0215	3.68450	10.482	31.9164
1399877977.831	n	12.0233	3.68452	10.461	31.9151
1399877977.893	n	12.0250	3.68454	10.437	31.9138
1399877977.956	n	12.0268	3.68455	10.413	31.9125
1399877978.018	n	12.0285	3.68456	10.394	31.9112
1399877978.080	n	12.0302	3.68456	10.368	31.9097
1399877978.143	n	12.0318	3.68457	10.341	31.9084
1399877978.205	n	12.0333	3.68458	10.321	31.9073
1399877978.269	n	12.0346	3.68460	10.299	31.9063
1399877978.330	n	12.0358	3.68462	10.276	31.9056
1399877978.394	n	12.0369	3.68464	10.254	31.9048
1399877978.455	n	12.0379	3.68464	10.232	31.9039
1399877978.518	n	12.0389	3.68464	10.209	31.9030
1399877978.581	n	12.0399	3.68463	10.187	31.9021
1399877978.644	n	12.0409	3.68463	10.167	31.9013
1399877978.705	n	12.0419	3.68464	10.142	31.9005
1399877978.769	n	12.0429	3.68465	10.119	31.8998
1399877978.831	y	12.0438	3.68466	10.097	31.8991
1399877978.893	n	12.0447	3.68467	10.077	31.8984
1399877978.955	n	12.0456	3.68468	10.055	31.8978
1399877979.019	n	12.0465	3.68469	10.031	31.8971
1399877979.082	n	12.0475	3.68470	10.009	31.8964
1399877979.143	n	12.0484	3.68471	9.988	31.8957
1399877979.209	n	12.0492	3.68471	9.967	31.8950
1399877979.267	n	12.0501	3.68471	9.944	31.8943
1399877979.330	n	12.0509	3.68471	9.922	31.8936
1399877979.394	n	12.0518	3.68471	9.904	31.8929
1399877979.457	n	12.0526	3.68472	9.884	31.8923
1399877979.519	n	12.0534	3.68473	9.861	31.8917
1399877979.581	n	12.0543	3.68474	9.844	31.8911
1399877979.644	n	12.0551	3.68475	9.824	31.8904
1399877979.707	n	12.0560	3.68476	9.800	31.8897
1399877979.768	n	12.0568	3.68475	9.781	31.8891
1399877979.831	n	12.0575	3.68475	9.765	31.8883
1399877979.893	n	12.0583	3.68475	9.743	31.8877
1399877979.957	n	12.0591	3.68474	9.720	31.8870
1399877980.018	n	12.0598	3.68475	9.703	31.8864
1399877980.081	n	12.0606	3.68476	9.687	31.8859
1399877980.143	n	12.0613	3.68476	9.667	31.8853
1399877980.209	n	12.0620	3.68477	9.649	31.8848
1399877980.269	n	12.0628	3.68478	9.632	31.8842
1399877980.330	n	12.0635	3.68478	9.613	31.8836
1399877980.393	n	12.0642	3.68479	9.592	31.8831
1399877980.455	n	12.0649	3.68480	9.577	31.8827
1399877980.518	n	12.0655	3.68481	9.561	31.8823
1399877980.580	n	12.0661	3.68483	9.540	31.8819
1399877980.643	n	12.0667	3.68484	9.520	31.8815
1399877980.706	n	12.0673	3.68484	9.504	31.8811
1399877980.768	n	12.0679	3.68485	9.488	31.8806
1399877980.832	n	12.0684	3.68485	9.471	31.8801
1399877980.892	n	12.0691	3.68485	9.452	31.8796
1399877980.955	n	12.0696	3.68485	9.437	31.8792
1399877981.017	n	12.0702	3.68487	9.422	31.8788
1399877981.082	n	12.0709	3.68487	9.402	31.8783
1399877981.144	n	12.0714	3.68487	9.389	31.8779
1399877981.210	n	12.0720	3.68487	9.374	31.8774
1399877981.268	n	12.0726	3.68488	9.353	31.8769
1399877981.331	n	12.0731	3.68489	9.340	31.8765
1399877981.393	n	12.0737	3.68490	9.323	31.8762
1399877981.457	n	12.0743	3.68491	9.306	31.8758
1399877981.600	y	12.0748	3.68492	9.289	31.8755
1399877981.605	n	12.0754	3.68493	9.272	31.8751
1399877981.645	n	12.0759	3.68493	9.259	31.8747
1399877981.706	n	12.0764	3.68494	9.243	31.8743
1399877981.769	n	12.0769	3.68494	9.224	31.8739
1399877981.831	n	12.0774	3.68496	9.208	31.8736
1399877981.894	n	12.0780	3.68496	9.192	31.8732
1399877981.955	n	12.0784	3.68495	9.175	31.8727
1399877982.018	n	12.0789	3.68496	9.158	31.8724
1399877982.081	n	12.0793	3.68496	9.141	31.8721
1399877982.146	n	12.0797	3.68497	9.128	31.8718
1399877982.209	n	12.0801	3.68499	9.114	31.8716
1399877982.268	n	12.0806	3.68499	9.097	31.8713
1399877982.330	n	12.0810	3.68499	9.081	31.8710
1399877982.416	y	12.0815	3.68500	9.063	31.8706
1399877982.457	n	12.0819	3.68500	9.048	31.8703
1399877982.519	n	12.0823	3.68500	9.033	31.8699
1399877982.581	n	12.0828	3.68501	9.016	31.8696
1399877982.645	n	12.0833	3.68502	8.998	31.8693
1399877982.706	n	12.0839	3.68503	8.982	31.8689
1399877982.768	n	12.0844	3.68504	8.965	31.8686
1399877982.831	n	12.0848	3.68506	8.949	31.8684
1399877982.893	n	12.0853	3.68507	8.934	31.8681
1399877982.957	n	12.0858	3.68508	8.918	31.8678
1399877983.019	n	12.0864	3.68509	8.902	31.8673
1399877983.080	n	12.0870	3.68510	8.887	31.8670
1399877983.145	n	12.0875	3.68511	8.870	31.8666
1399877983.206	n	12.0880	3.68512	8.853	31.8663
1399877983.268	n	12.0885	3.68514	8.836	31.8660
1399877983.331	n	12.0891	3.68516	8.818	31.8657
1399877983.393	n	12.0897	3.68517	8.802	31.8653
1399877983.458	n	12.0903	3.68518	8.785	31.8650
1399877983.519	n	12.0909	3.68519	8.767	31.8646
1399877983.581	n	12.0914	3.68521	8.750	31.8642
1399877983.644	n	12.0921	3.68523	8.734	31.8639
1399877983.708	n	12.0926	3.68524	8.715	31.8636
1399877983.768	n	12.0933	3.68525	8.696	31.8631
1399877983.830	n	12.0939	3.68526	8.684	31.8627
1399877983.893	n	12.0945	3.68526	8.668	31.8622
1399877983.957	n	12.0951	3.68527	8.646	31.8618
1399877984.020	n	12.0957	3.68528	8.625	31.8614
1399877984.081	n	12.0963	3.68530	8.608	31.8611
1399877984.144	n	12.0968	3.68530	8.593	31.8606
1399877984.206	n	12.0974	3.68530	8.572	31.8602
1399877984.268	n	12.0980	3.68531	8.554	31.8597
1399877984.330	n	12.0985	3.68532	8.536	31.8594
1399877984.394	n	12.0990	3.68533	8.515	31.8591
1399877984.456	y	12.0995	3.68535	8.498	31.8589
1399877984.554	n	12.1000	3.68535	8.477	31.8584
1399877984.581	n	12.1005	3.68535	8.456	31.8580
1399877984.643	n	12.1010	3.68535	8.437	31.8576
1399877984.705	n	12.1015	3.68536	8.421	31.8573
1399877984.768	n	12.1019	3.68536	8.404	31.8569
1399877984.830	n	12.1024	3.68537	8.383	31.8566
1399877984.894	n	12.1029	3.68537	8.362	31.8562
1399877984.955	n	12.1033	3.68537	8.339	31.8559
1399877985.018	n	12.1038	3.68538	8.320	31.8556
1399877985.080	n	12.1042	3.68539	8.301	31.8553
1399877985.146	n	12.1046	3.68540	8.280	31.8551
1399877985.205	n	12.1049	3.68541	8.261	31.8549
1399877985.268	n	12.1053	3.68541	8.242	31.8545
1399877985.331	n	12.1057	3.68541	8.217	31.8542
1399877985.393	n	12.1062	3.68541	8.199	31.8539
1399877985.455	n	12.1066	3.68542	8.182	31.8536
1399877985.519	n	12.1070	3.68542	8.160	31.8533
1399877985.581	n	12.1073	3.68544	8.137	31.8531
1399877985.644	n	12.1078	3.68544	8.119	31.8529
1399877985.706	y	12.1082	3.68546	8.093	31.8526
1399877985.818	n	12.1086	3.68547	8.076	31.8524
1399877985.830	n	12.1091	3.68547	8.055	31.8521
1399877985.894	n	12.1095	3.68548	8.032	31.8518
1399877985.956	n	12.1100	3.68549	8.014	31.8514
1399877986.019	n	12.1105	3.68549	7.991	31.8510
1399877986.199	y	12.1110	3.68549	7.972	31.8506
1399877986.205	n	12.1114	3.68548	7.952	31.8502
1399877986.217	n	12.1119	3.68548	7.929	31.8498
1399877986.269	n	12.1124	3.68549	7.905	31.8494
1399877986.332	n	12.1130	3.68550	7.887	31.8490
1399877986.393	n	12.1135	3.68550	7.866	31.8486
1399877986.456	n	12.1141	3.68550	7.844	31.8481
1399877986.518	n	12.1147	3.68549	7.825	31.8476
1399877986.581	n	12.1152	3.68551	7.807	31.8472
1399877986.643	n	12.1157	3.68551	7.785	31.8468
1399877986.707	n	12.1163	3.68551	7.762	31.8464
1399877986.770	n	12.1168	3.68551	7.741	31.8460
1399877986.832	n	12.1173	3.68552	7.721	31.8456
1399877986.895	n	12.1177	3.68551	7.697	31.8452
1399877986.958	n	12.1181	3.68551	7.679	31.8449
1399877987.018	n	12.1185	3.68551	7.657	31.8445
1399877987.081	n	12.1190	3.68551	7.636	31.8441
1399877987.143	n	12.1195	3.68551	7.618	31.8437
1399877987.212	n	12.1200	3.68552	7.597	31.8434
1399877987.268	n	12.1206	3.68553	7.573	31.8430
1399877987.331	n	12.1212	3.68554	7.550	31.8426
1399877987.395	n	12.1217	3.68555	7.532	31.8422
1399877987.458	n	12.1223	3.68554	7.511	31.8416
1399877987.518	n	12.1229	3.68552	7.490	31.8410
1399877987.580	n	12.1234	3.68551	7.470	31.8404
1399877987.645	n	12.1239	3.68550	7.452	31.8399
1399877987.705	n	12.1244	3.68550	7.430	31.8395
1399877987.769	n	12.1248	3.68551	7.410	31.8392
1399877987.831	n	12.1252	3.68551	7.391	31.8389
1399877987.894	n	12.1256	3.68551	7.371	31.8386
1399877987.955	n	12.1260	3.68551	7.352	31.8382
1399877988.018	n	12.1264	3.68551	7.333	31.8380
1399877988.080	n	12.1267	3.68551	7.312	31.8377
1399877988.142	n	12.1271	3.68551	7.292	31.8374
1399877988.205	n	12.1274	3.68551	7.270	31.8371
1399877988.268	n	12.1277	3.68551	7.253	31.8369
1399877988.330	n	12.1281	3.68552	7.234	31.8366
1399877988.395	n	12.1284	3.68553	7.213	31.8364
1399877988.458	n	12.1287	3.68554	7.193	31.8363
1399877988.517	n	12.1290	3.68555	7.176	31.8362
1399877988.580	n	12.1293	3.68555	7.157	31.8360
1399877988.644	n	12.1295	3.68554	7.140	31.8357
1399877988.707	n	12.1297	3.68553	7.123	31.8355
1399877988.769	n	12.1298	3.68552	7.106	31.8352
1399877988.831	n	12.1300	3.68551	7.088	31.8350
1399877988.893	n	12.1301	3.68550	7.065	31.8348
1399877988.957	n	12.1303	3.68550	7.049	31.8346
1399877989.018	n	12.1304	3.68550	7.035	31.8345
1399877989.080	n	12.1305	3.68550	7.017	31.8345
1399877989.142	n	12.1306	3.68550	6.997	31.8345
1399877989.206	n	12.1306	3.68551	6.980	31.8345
1399877989.268	n	12.1306	3.68551	6.965	31.8346
1399877989.330	n	12.1305	3.68552	6.947	31.8347
1399877989.395	n	12.1303	3.68553	6.929	31.8349
1399877989.458	n	12.1304	3.68554	6.911	31.8350
1399877989.517	n	12.1307	3.68556	6.897	31.8350
1399877989.581	n	12.1314	3.68559	6.875	31.8347
1399877989.644	n	12.1324	3.68562	6.858	31.8341
1399877989.706	n	12.1336	3.68565	6.839	31.8334
1399877989.768	n	12.1347	3.68567	6.823	31.8326
1399877989.830	y	12.1361	3.68568	6.806	31.8315
1399877989.894	n	12.1381	3.68569	6.786	31.8299
1399877989.957	y	12.1413	3.68570	6.772	31.8273
1399877990.090	n	12.1455	3.68572	6.755	31.8239
1399877990.095	n	12.1503	3.68574	6.737	31.8200
1399877990.144	n	12.1549	3.68577	6.718	31.8164
1399877990.205	n	12.1589	3.68579	6.705	31.8133
1399877990.269	n	12.1620	3.68581	6.689	31.8108
1399877990.332	n	12.1643	3.68583	6.673	31.8090
1399877990.394	n	12.1662	3.68585	6.661	31.8076
1399877990.456	n	12.1676	3.68586	6.646	31.8066
1399877990.518	n	12.1687	3.68588	6.622	31.8057
1399877990.580	n	12.1697	3.68589	6.605	31.8051
1399877990.643	n	12.1705	3.68591	6.595	31.8045
1399877990.707	n	12.1713	3.68594	6.580	31.8041
1399877990.767	n	12.1720	3.68596	6.565	31.8037
1399877990.831	n	12.1727	3.68597	6.552	31.8033
1399877990.893	n	12.1732	3.68597	6.537	31.8028
1399877990.956	n	12.1738	3.68596	6.522	31.8023
1399877991.019	n	12.1743	3.68596	6.509	31.8018
1399877991.081	n	12.1749	3.68596	6.495	31.8013
1399877991.142	n	12.1755	3.68597	6.484	31.8009
1399877991.205	n	12.1761	3.68598	6.468	31.8005
1399877991.269	n	12.1768	3.68599	6.452	31.8000
1399877991.330	n	12.1776	3.68601	6.436	31.7995
1399877991.392	n	12.1783	3.68601	6.424	31.7989
1399877991.457	n	12.1792	3.68601	6.407	31.7982
1399877991.518	n	12.1801	3.68600	6.391	31.7974
1399877991.580	n	12.1810	3.68599	6.377	31.7965
1399877991.644	n	12.1818	3.68599	6.360	31.7958
1399877991.705	n	12.1826	3.68600	6.345	31.7952
1399877991.767	n	12.1834	3.68600	6.331	31.7946
1399877991.831	n	12.1840	3.68601	6.318	31.7941
1399877991.893	n	12.1845	3.68601	6.301	31.7937
1399877991.956	n	12.1849	3.68602	6.285	31.7935
1399877992.019	n	12.1853	3.68603	6.268	31.7933
1399877992.081	n	12.1855	3.68603	6.255	31.7931
1399877992.143	n	12.1857	3.68603	6.240	31.7929
1399877992.205	n	12.1858	3.68603	6.222	31.7928
1399877992.269	n	12.1858	3.68602	6.203	31.7928
1399877992.330	n	12.1857	3.68602	6.186	31.7928
1399877992.393	n	12.1857	3.68601	6.171	31.7928
1399877992.456	n	12.1856	3.68600	6.153	31.7927
1399877992.518	n	12.1856	3.68600	6.136	31.7927
1399877992.580	n	12.1856	3.68599	6.120	31.7927
1399877992.643	n	12.1855	3.68597	6.102	31.7925
1399877992.707	n	12.1855	3.68596	6.083	31.7924
1399877992.769	n	12.1855	3.68594	6.064	31.7924
1399877992.831	n	12.1854	3.68593	6.047	31.7923
1399877992.893	n	12.1854	3.68592	6.029	31.7922
1399877992.956	n	12.1853	3.68590	6.013	31.7921
1399877993.018	n	12.1852	3.68586	5.994	31.7919
1399877993.081	n	12.1851	3.68583	5.973	31.7916
1399877993.143	n	12.1850	3.68579	5.953	31.7914
1399877993.205	n	12.1850	3.68577	5.936	31.7911
1399877993.268	n	12.1852	3.68574	5.915	31.7907
1399877993.332	n	12.1856	3.68572	5.897	31.7902
1399877993.411	y	12.1862	3.68570	5.876	31.7895
1399877993.455	n	12.1867	3.68568	5.854	31.7888
1399877993.518	n	12.1871	3.68566	5.835	31.7883
1399877993.580	n	12.1873	3.68564	5.814	31.7880
1399877993.645	n	12.1874	3.68562	5.796	31.7877
1399877993.705	n	12.1874	3.68560	5.776	31.7875
1399877993.769	y	12.1873	3.68557	5.752	31.7873
1399877993.831	n	12.1873	3.68556	5.735	31.7872
1399877993.895	n	12.1871	3.68555	5.715	31.7873
1399877994.083	y	12.1868	3.68555	5.694	31.7875
1399877994.088	n	12.1864	3.68554	5.673	31.7878
1399877994.094	n	12.1860	3.68553	5.653	31.7881
1399877994.143	n	12.1855	3.68552	5.631	31.7884
1399877994.205	n	12.1851	3.68551	5.613	31.7887
1399877994.269	n	12.1846	3.68549	5.592	31.7889
1399877994.330	n	12.1842	3.68549	5.573	31.7893
1399877994.393	n	12.1836	3.68549	5.551	31.7898
1399877994.456	n	12.1830	3.68549	5.531	31.7903
1399877994.519	n	12.1823	3.68548	5.509	31.7908
1399877994.581	n	12.1816	3.68548	5.489	31.7914
1399877994.643	n	12.1808	3.68547	5.470	31.7920
1399877994.707	n	12.1800	3.68548	5.448	31.7927
1399877994.768	n	12.1792	3.68549	5.426	31.7936
1399877994.830	n	12.1783	3.68551	5.407	31.7945
1399877994.894	n	12.1773	3.68551	5.387	31.7954
1399877994.955	n	12.1764	3.68551	5.367	31.7962
1399877995.018	n	12.1754	3.68551	5.345	31.7971
1399877995.080	n	12.1745	3.68551	5.327	31.7979
1399877995.145	n	12.1736	3.68552	5.304	31.7987
1399877995.207	n	12.1729	3.68554	5.283	31.7995
1399877995.268	n	12.1727	3.68556	5.267	31.7998
1399877995.331	n	12.1734	3.68557	5.249	31.7994
1399877995.393	n	12.1755	3.68558	5.228	31.7977
1399877995.455	n	12.1792	3.68559	5.204	31.7947
1399877995.519	n	12.1843	3.68561	5.186	31.7905
1399877995.582	n	12.1907	3.68564	5.167	31.7854
1399877995.644	n	12.1978	3.68567	5.148	31.7796
1399877995.706	n	12.2052	3.68570	5.127	31.7736
1399877995.768	n	12.2125	3.68572	5.109	31.7676
1399877995.831	n	12.2194	3.68573	5.089	31.7619
1399877995.893	n	12.2258	3.68575	5.067	31.7567
1399877995.957	n	12.2314	3.68576	5.047	31.7521
1399877996.019	n	12.2361	3.68577	5.029	31.7481
1399877996.082	n	12.2400	3.68578	5.006	31.7449
1399877996.144	n	12.2432	3.68580	4.987	31.7423
1399877996.209	n	12.2459	3.68581	4.972	31.7402
1399877996.268	n	12.2480	3.68582	4.951	31.7385
1399877996.330	n	12.2498	3.68582	4.931	31.7371
1399877996.394	n	12.2512	3.68583	4.913	31.7359
1399877996.456	n	12.2524	3.68583	4.893	31.7349
1399877996.519	n	12.2534	3.68582	4.874	31.7340
1399877996.581	n	12.2544	3.68582	4.852	31.7332
1399877996.644	n	12.2554	3.68583	4.833	31.7324
1399877996.706	n	12.2566	3.68583	4.814	31.7314
1399877996.768	n	12.2579	3.68584	4.793	31.7303
1399877996.831	n	12.2593	3.68584	4.773	31.7293
1399877996.893	n	12.2606	3.68585	4.750	31.7282
1399877996.955	n	12.2618	3.68585	4.732	31.7272
1399877997.018	n	12.2629	3.68586	4.714	31.7264
1399877997.081	n	12.2638	3.68586	4.694	31.7256
1399877997.157	y	12.2646	3.68586	4.675	31.7250
1399877997.212	n	12.2652	3.68586	4.657	31.7245
1399877997.268	n	12.2657	3.68587	4.637	31.7242
1399877997.331	n	12.2661	3.68589	4.617	31.7241
1399877997.393	n	12.2663	3.68591	4.596	31.7240
1399877997.455	n	12.2664	3.68592	4.580	31.7241
1399877997.518	n	12.2663	3.68593	4.563	31.7242
1399877997.580	n	12.2661	3.68593	4.544	31.7245
1399877997.645	n	12.2657	3.68593	4.525	31.7248
1399877997.707	n	12.2652	3.68593	4.507	31.7252
1399877997.767	n	12.2646	3.68594	4.491	31.7258
1399877997.831	n	12.2637	3.68594	4.468	31.7266
1399877997.894	n	12.2625	3.68596	4.455	31.7279
1399877997.956	n	12.2624	3.68612	4.436	31.7295
1399877998.019	n	12.2776	3.68661	4.418	31.7213
1399877998.081	n	12.3276	3.68891	4.399	31.7009
1399877998.144	n	12.4145	3.69318	4.379	31.6683
1399877998.357	y	12.5226	3.69853	4.362	31.6282
1399877998.371	n	12.6263	3.70363	4.346	31.5895
1399877998.377	n	12.7008	3.70731	4.326	31.5620
1399877998.394	n	12.7415	3.70888	4.310	31.5429
1399877998.458	n	12.7613	3.70954	4.293	31.5326
1399877998.518	n	12.7711	3.70993	4.274	31.5281
1399877998.580	n	12.7767	3.71021	4.260	31.5261
1399877998.643	n	12.7810	3.71043	4.242	31.5246
1399877998.707	n	12.7847	3.71062	4.222	31.5233
1399877998.769	n	12.7874	3.71079	4.210	31.5227
1399877998.832	n	12.7886	3.71092	4.193	31.5229
1399877998.894	n	12.7891	3.71101	4.177	31.5233
1399877998.957	n	12.7902	3.71107	4.161	31.5229
1399877999.018	n	12.7941	3.71113	4.140	31.5203
1399877999.081	n	12.8009	3.71122	4.127	31.5155
1399877999.144	n	12.8093	3.71131	4.109	31.5093
1399877999.206	n	12.8180	3.71140	4.095	31.5029
1399877999.269	n	12.8255	3.71148	4.079	31.4974
1399877999.330	n	12.8305	3.71153	4.064	31.4937
1399877999.393	n	12.8333	3.71155	4.045	31.4916
1399877999.456	n	12.8348	3.71155	4.027	31.4904
1399877999.518	n	12.8360	3.71156	4.014	31.4894
1399877999.581	n	12.8376	3.71157	3.994	31.4883
1399877999.713	y	12.8398	3.71162	3.978	31.4870
1399877999.719	n	12.8415	3.71169	3.966	31.4862
1399877999.768	n	12.8422	3.71174	3.947	31.4860
1399877999.831	n	12.8424	3.71176	3.932	31.4861
1399877999.894	n	12.8438	3.71180	3.920	31.4852
1399877999.955	n	12.8474	3.71188	3.902	31.4830
1399878000.018	n	12.8529	3.71202	3.889	31.4798
1399878000.082	n	12.8591	3.71218	3.874	31.4761
1399878000.144	n	12.8641	3.71230	3.859	31.4731
1399878000.206	n	12.8670	3.71238	3.844	31.4714
1399878000.269	n	12.8685	3.71242	3.831	31.4707
1399878000.331	n	12.8687	3.71243	3.820	31.4705
1399878000.393	n	12.8686	3.71240	3.805	31.4703
1399878000.457	n	12.8691	3.71238	3.791	31.4697
1399878000.518	n	12.8703	3.71237	3.777	31.4686
1399878000.581	n	12.8718	3.71238	3.763	31.4675
1399878000.644	n	12.8728	3.71242	3.748	31.4670
1399878000.707	n	12.8727	3.71247	3.736	31.4676
1399878000.769	y	12.8720	3.71250	3.726	31.4685
1399878000.831	n	12.8714	3.71252	3.712	31.4692
1399878000.892	n	12.8711	3.71252	3.692	31.4694
1399878000.956	n	12.8713	3.71252	3.681	31.4693
1399878001.018	n	12.8718	3.71251	3.668	31.4687
1399878001.081	n	12.8732	3.71251	3.655	31.4676
1399878001.145	n	12.8751	3.71252	3.642	31.4661
1399878001.208	n	12.8775	3.71254	3.626	31.4644
1399878001.269	n	12.8797	3.71257	3.613	31.4628
1399878001.330	n	12.8813	3.71260	3.602	31.4617
1399878001.394	n	12.8820	3.71261	3.588	31.4613
1399878001.456	n	12.8823	3.71263	3.576	31.4611
1399878001.518	n	12.8827	3.71264	3.561	31.4610
1399878001.580	n	12.8834	3.71265	3.551	31.4605
1399878001.644	n	12.8845	3.71266	3.537	31.4597
1399878001.706	n	12.8858	3.71266	3.520	31.4586
1399878001.769	n	12.8871	3.71266	3.504	31.4575
1399878001.832	n	12.8881	3.71267	3.495	31.4567
1399878001.895	n	12.8887	3.71266	3.480	31.4562
1399878001.955	n	12.8889	3.71264	3.464	31.4558
1399878002.018	n	12.8887	3.71263	3.455	31.4559
1399878002.081	n	12.8883	3.71263	3.442	31.4563
1399878002.145	n	12.8879	3.71263	3.425	31.4566
1399878002.207	n	12.8879	3.71262	3.414	31.4565
1399878002.268	n	12.8883	3.71258	3.397	31.4558
1399878002.330	n	12.8890	3.71254	3.381	31.4549
1399878002.395	n	12.8894	3.71250	3.369	31.4542
1399878002.653	y	12.8891	3.71248	3.354	31.4543
1399878002.663	n	12.8882	3.71248	3.339	31.4550
1399878002.670	n	12.8871	3.71248	3.325	31.4558
1399878002.676	n	12.8865	3.71250	3.310	31.4565
1399878002.706	n	12.8865	3.71253	3.297	31.4568
1399878002.768	n	12.8870	3.71255	3.285	31.4566
1399878002.830	n	12.8876	3.71257	3.270	31.4563
1399878002.894	n	12.8881	3.71257	3.253	31.4559
1399878002.957	n	12.8884	3.71255	3.240	31.4555
1399878003.019	n	12.8889	3.71253	3.226	31.4549
1399878003.081	n	12.8901	3.71253	3.211	31.4539
1399878003.145	n	12.8920	3.71254	3.193	31.4525
1399878003.208	n	12.8941	3.71258	3.177	31.4510
1399878003.268	n	12.8960	3.71262	3.161	31.4498
1399878003.330	n	12.8970	3.71264	3.146	31.4493
1399878003.393	n	12.8970	3.71264	3.130	31.4492
1399878003.456	n	12.8964	3.71261	3.117	31.4495
1399878003.518	n	12.8957	3.71257	3.102	31.4497
1399878003.582	n	12.8951	3.71254	3.086	31.4499
1399878003.644	n	12.8950	3.71253	3.070	31.4499
1399878003.707	n	12.8952	3.71253	3.053	31.4497
1399878003.768	n	12.8957	3.71254	3.038	31.4494
1399878003.832	n	12.8968	3.71257	3.021	31.4487
1399878003.893	n	12.8985	3.71262	3.003	31.4478
1399878003.957	n	12.9007	3.71267	2.986	31.4465
1399878004.019	n	12.9030	3.71272	2.970	31.4451
1399878004.082	n	12.9048	3.71275	2.952	31.4439
1399878004.143	n	12.9062	3.71277	2.935	31.4429
1399878004.205	n	12.9072	3.71278	2.918	31.4422
1399878004.268	n	12.9081	3.71280	2.900	31.4415
1399878004.332	n	12.9092	3.71280	2.881	31.4408
1399878004.395	y	12.9103	3.71281	2.861	31.4399
1399878004.455	n	12.9113	3.71282	2.846	31.4391
1399878004.518	n	12.9121	3.71284	2.827	31.4387
1399878004.580	n	12.9128	3.71286	2.809	31.4383
1399878004.643	n	12.9135	3.71288	2.787	31.4379
1399878004.705	n	12.9143	3.71289	2.770	31.4374
1399878004.767	n	12.9153	3.71290	2.749	31.4366
1399878004.832	n	12.9164	3.71290	2.731	31.4357
1399878004.894	n	12.9173	3.71291	2.714	31.4350
1399878004.956	n	12.9181	3.71291	2.690	31.4345
1399878005.018	n	12.9189	3.71292	2.669	31.4339
1399878005.083	n	12.9197	3.71294	2.652	31.4333
1399878005.144	n	12.9208	3.71296	2.632	31.4326
1399878005.205	n	12.9224	3.71299	2.614	31.4316
1399878005.268	n	12.9244	3.71305	2.594	31.4305
1399878005.332	n	12.9266	3.71312	2.574	31.4293
1399878005.395	n	12.9289	3.71317	2.554	31.4280
1399878005.456	n	12.9309	3.71322	2.535	31.4267
1399878005.519	n	12.9326	3.71324	2.514	31.4256
1399878005.582	n	12.9340	3.71326	2.494	31.4246
1399878005.643	n	12.9350	3.71328	2.476	31.4240
1399878005.706	n	12.9358	3.71330	2.456	31.4235
1399878005.768	n	12.9365	3.71332	2.439	31.4231
1399878005.831	n	12.9371	3.71335	2.424	31.4229
1399878005.895	n	12.9374	3.71338	2.405	31.4229
1399878005.956	n	12.9376	3.71340	2.384	31.4230
1399878006.018	n	12.9378	3.71343	2.367	31.4230
1399878006.083	n	12.9382	3.71343	2.349	31.4228
1399878006.144	n	12.9387	3.71343	2.332	31.4223
1399878006.208	n	12.9393	3.71343	2.313	31.4218
1399878006.268	n	12.9399	3.71343	2.298	31.4214
1399878006.332	n	12.9405	3.71344	2.279	31.4209
1399878006.393	n	12.9411	3.71344	2.264	31.4205
1399878006.455	n	12.9416	3.71346	2.252	31.4203
1399878006.518	n	12.9421	3.71348	2.234	31.4200
1399878006.581	n	12.9428	3.71349	2.215	31.4196
1399878006.645	n	12.9434	3.71350	2.204	31.4192
1399878006.824	y	12.9439	3.71351	2.188	31.4189
1399878006.829	n	12.9442	3.71350	2.171	31.4186
1399878006.835	n	12.9443	3.71350	2.157	31.4184
1399878006.893	n	12.9445	3.71349	2.145	31.4181
1399878006.956	n	12.9447	3.71348	2.130	31.4178
1399878007.019	n	12.9453	3.71348	2.112	31.4174
1399878007.081	n	12.9460	3.71349	2.096	31.4170
1399878007.145	n	12.9469	3.71352	2.082	31.4165
1399878007.206	n	12.9477	3.71355	2.069	31.4161
1399878007.268	n	12.9484	3.71357	2.050	31.4157
1399878007.331	n	12.9488	3.71358	2.031	31.4155
1399878007.393	n	12.9492	3.71359	2.020	31.4153
1399878007.457	n	12.9496	3.71359	2.005	31.4149
1399878007.518	n	12.9500	3.71358	1.989	31.4145
1399878007.580	n	12.9503	3.71356	1.972	31.4141
1399878007.645	n	12.9502	3.71355	1.957	31.4140
1399878007.706	n	12.9500	3.71354	1.942	31.4142
1399878007.769	n	12.9499	3.71356	1.927	31.4144
1399878007.832	n	12.9501	3.71357	1.910	31.4144
1399878007.893	n	12.9507	3.71358	1.896	31.4140
1399878007.955	n	12.9516	3.71359	1.881	31.4133
1399878008.018	n	12.9523	3.71358	1.867	31.4127
1399878008.103	y	12.9530	3.71359	1.849	31.4122
1399878008.144	n	12.9536	3.71360	1.832	31.4117
1399878008.208	n	12.9543	3.71362	1.820	31.4114
1399878008.270	n	12.9550	3.71364	1.799	31.4110
1399878008.332	n	12.9556	3.71366	1.782	31.4107
1399878008.393	n	12.9560	3.71366	1.765	31.4104
1399878008.456	n	12.9562	3.71367	1.750	31.4102
1399878008.519	n	12.9564	3.71367	1.730	31.4102
1399878008.580	n	12.9566	3.71369	1.715	31.4101
1399878008.644	n	12.9569	3.71369	1.696	31.4099
1399878008.706	n	12.9574	3.71369	1.677	31.4096
1399878008.768	n	12.9580	3.71371	1.656	31.4092
1399878008.832	n	12.9589	3.71373	1.639	31.4086
1399878008.893	n	12.9600	3.71376	1.622	31.4081
1399878008.956	n	12.9612	3.71382	1.603	31.4076
1399878009.019	n	12.9625	3.71387	1.584	31.4070
1399878009.081	n	12.9638	3.71392	1.565	31.4064
1399878009.145	n	12.9650	3.71396	1.548	31.4058
1399878009.206	n	12.9663	3.71400	1.527	31.4051
1399878009.270	n	12.9676	3.71404	1.513	31.4044
1399878009.331	n	12.9692	3.71408	1.494	31.4035
1399878009.393	n	12.9711	3.71412	1.476	31.4023
1399878009.455	n	12.9732	3.71415	1.462	31.4009
1399878009.518	n	12.9752	3.71418	1.446	31.3995
1399878009.580	n	12.9769	3.71421	1.425	31.3984
1399878009.646	n	12.9782	3.71425	1.409	31.3976
1399878009.706	n	12.9793	3.71428	1.392	31.3971
1399878009.768	n	12.9804	3.71431	1.377	31.3965
1399878009.832	n	12.9815	3.71436	1.362	31.3960
1399878009.893	n	12.9826	3.71440	1.345	31.3954
1399878009.955	n	12.9837	3.71442	1.330	31.3948
1399878010.019	n	12.9847	3.71444	1.314	31.3941
1399878010.082	n	12.9861	3.71445	1.299	31.3930
1399878010.143	n	12.9887	3.71445	1.282	31.3908
1399878010.207	n	12.9929	3.71447	1.270	31.3876
1399878010.269	n	12.9983	3.71451	1.255	31.3835
1399878010.332	n	13.0041	3.71457	1.240	31.3793
1399878010.393	n	13.0092	3.71466	1.227	31.3759
1399878010.456	n	13.0130	3.71476	1.213	31.3737
1399878010.519	n	13.0154	3.71484	1.200	31.3725
1399878010.581	n	13.0166	3.71491	1.184	31.3721
1399878010.643	n	13.0175	3.71497	1.168	31.3719
1399878010.707	n	13.0188	3.71501	1.156	31.3713
1399878010.768	n	13.0208	3.71505	1.141	31.3700
1399878010.832	n	13.0230	3.71509	1.125	31.3686
1399878010.893	n	13.0244	3.71511	1.113	31.3676
1399878011.074	y	13.0249	3.71512	1.098	31.3673
1399878011.081	n	13.0245	3.71512	1.084	31.3676
1399878011.086	n	13.0244	3.71513	1.071	31.3678
1399878011.143	n	13.0255	3.71518	1.058	31.3673
1399878011.206	n	13.0282	3.71525	1.045	31.3658
1399878011.268	n	13.0318	3.71533	1.031	31.3635
1399878011.331	n	13.0363	3.71538	1.016	31.3603
1399878011.393	n	13.0420	3.71537	1.003	31.3555
1399878011.456	n	13.0490	3.71531	0.990	31.3492
1399878011.519	n	13.0576	3.71523	0.975	31.3413
1399878011.582	n	13.0681	3.71507	0.964	31.3312
1399878011.645	n	13.0791	3.71480	0.951	31.3195
1399878011.751	y	13.0887	3.71443	0.937	31.3081
1399878011.769	n	13.0957	3.71398	0.922	31.2982
1399878011.831	n	13.0998	3.71352	0.913	31.2905
1399878011.893	n	13.1017	3.71313	0.899	31.2853
1399878011.956	n	13.1030	3.71279	0.887	31.2811
1399878012.019	n	13.1048	3.71249	0.874	31.2768
1399878012.081	n	13.1065	3.71226	0.866	31.2732
1399878012.145	n	13.1076	3.71213	0.855	31.2711
1399878012.208	n	13.1083	3.71199	0.840	31.2692
1399878012.268	n	13.1088	3.71162	0.826	31.2652
1399878012.331	n	13.1095	3.71096	0.814	31.2586
1399878012.395	n	13.1102	3.71013	0.803	31.2502
1399878012.456	n	13.1105	3.70934	0.794	31.2426
1399878012.519	n	13.1097	3.70881	0.782	31.2382
1399878012.582	n	13.1085	3.70862	0.772	31.2375
1399878012.643	n	13.1071	3.70857	0.763	31.2381
1399878012.706	n	13.1059	3.70851	0.756	31.2386
1399878012.770	n	13.1050	3.70838	0.746	31.2381
1399878012.831	n	13.1045	3.70817	0.738	31.2366
1399878012.893	n	13.1038	3.70787	0.726	31.2343
1399878012.955	n	13.1029	3.70742	0.717	31.2309
1399878013.018	n	13.1020	3.70687	0.710	31.2264
1399878013.081	n	13.1016	3.70638	0.704	31.2222
1399878013.144	n	13.1015	3.70608	0.696	31.2195
1399878013.209	n	13.1017	3.70602	0.687	31.2188
1399878013.269	n	13.1017	3.70612	0.676	31.2197
1399878013.332	n	13.1015	3.70625	0.668	31.2211
1399878013.395	n	13.1010	3.70634	0.662	31.2223
1399878013.457	n	13.1007	3.70639	0.650	31.2231
1399878013.518	n	13.1007	3.70646	0.639	31.2237
1399878013.582	n	13.1005	3.70646	0.631	31.2238
1399878013.643	n	13.0990	3.70623	0.624	31.2230
1399878013.707	n	13.0955	3.70571	0.612	31.2210
1399878013.769	n	13.0902	3.56189	0.598	29.8819
1399878013.830	n	13.0824	3.12734	0.588	25.8786
1399878013.894	n	13.0704	2.50158	0.583	20.2479
1399878013.955	n	13.0530	1.84405	0.573	14.5163
1399878014.018	n	13.0303	1.30342	0.562	9.9667
1399878014.082	n	13.0049	1.01916	0.551	7.6464
1399878014.144	n	12.9820	0.92552	0.543	6.8966
1399878014.205	n	12.9659	0.85328	0.535	6.3220
1399878014.268	n	12.9570	0.79892	0.529	5.8917
1399878014.331	n	12.9539	0.75863	0.521	5.5737
