Source File: D:\Storage\Programs\OOI\Group 5\Correspondence\07_18_14 sample files\files\11327908.PPB
Processed: 07/18/2014 12:28:15
Using Version: 1.11
Device: CTD
Start Date: 05/12/2014
Timestamp (s)	Suspect Timestamp	Temperature	Conductivity	Pressure	Salinity
1399921116.806	y	11.4525	3.65396	22.441	32.1057
1399921116.868	n	11.4526	3.65392	22.441	32.1052
1399921116.932	n	11.4525	3.65397	22.438	32.1057
1399921116.994	n	11.4526	3.65396	22.441	32.1056
1399921117.058	n	11.4525	3.65392	22.441	32.1052
1399921117.121	n	11.4527	3.65397	22.441	32.1056
1399921117.180	n	11.4528	3.65400	22.444	32.1058
1399921117.247	n	11.4526	3.65395	22.438	32.1054
1399921117.308	n	11.4526	3.65395	22.438	32.1054
1399921117.371	n	11.4527	3.65396	22.439	32.1054
1399921117.434	n	11.4527	3.65396	22.441	32.1055
1399921117.496	n	11.4527	3.65397	22.444	32.1055
1399921117.558	n	11.4528	3.65398	22.442	32.1056
1399921117.621	n	11.4528	3.65398	22.441	32.1055
1399921117.682	n	11.4529	3.65398	22.445	32.1055
1399921117.746	n	11.4529	3.65397	22.442	32.1054
1399921117.808	n	11.4529	3.65397	22.442	32.1054
1399921117.871	n	11.4529	3.65396	22.443	32.1053
1399921117.934	n	11.4529	3.65396	22.442	32.1053
1399921117.996	n	11.4530	3.65397	22.441	32.1053
1399921118.058	n	11.4530	3.65398	22.442	32.1053
1399921118.120	n	11.4531	3.65398	22.444	32.1053
1399921118.185	n	11.4531	3.65398	22.441	32.1053
1399921118.244	n	11.4530	3.65399	22.440	32.1054
1399921118.309	n	11.4530	3.65399	22.441	32.1055
1399921120.055	n	11.4530	3.65400	22.440	32.1055
1399921120.083	n	11.4531	3.65400	22.441	32.1056
1399921120.105	n	11.4531	3.65400	22.439	32.1055
1399921120.131	n	11.4531	3.65400	22.435	32.1055
1399921120.139	n	11.4531	3.65401	22.436	32.1057
1399921120.148	n	11.4531	3.65402	22.436	32.1057
1399921120.158	n	11.4531	3.65402	22.434	32.1057
1399921120.167	n	11.4532	3.65402	22.434	32.1057
1399921120.175	n	11.4532	3.65403	22.430	32.1056
1399921120.184	n	11.4533	3.65402	22.430	32.1056
1399921120.192	n	11.4533	3.65403	22.430	32.1056
1399921120.200	n	11.4534	3.65403	22.429	32.1055
1399921120.208	n	11.4534	3.65402	22.430	32.1054
1399921120.215	n	11.4534	3.65401	22.425	32.1054
1399921120.221	n	11.4535	3.65401	22.426	32.1053
1399921120.227	n	11.4535	3.65402	22.423	32.1054
1399921120.233	n	11.4535	3.65403	22.425	32.1055
1399921120.238	n	11.4535	3.65404	22.423	32.1055
1399921120.245	n	11.4535	3.65405	22.422	32.1056
1399921120.252	n	11.4535	3.65406	22.420	32.1057
1399921120.259	n	11.4536	3.65406	22.419	32.1057
1399921120.266	n	11.4536	3.65407	22.415	32.1057
1399921120.271	n	11.4536	3.65407	22.414	32.1057
1399921120.277	n	11.4536	3.65406	22.412	32.1057
1399921120.284	n	11.4536	3.65407	22.410	32.1057
1399921120.289	n	11.4537	3.65408	22.407	32.1058
1399921120.295	n	11.4537	3.65409	22.403	32.1058
1399921120.301	n	11.4537	3.65409	22.404	32.1058
1399921120.308	n	11.4538	3.65409	22.406	32.1058
1399921120.313	n	11.4538	3.65409	22.402	32.1058
1399921120.320	n	11.4538	3.65409	22.399	32.1058
1399921120.325	n	11.4538	3.65411	22.395	32.1059
1399921120.371	n	11.4538	3.65411	22.396	32.1060
1399921120.434	n	11.4538	3.65411	22.393	32.1060
1399921120.495	n	11.4539	3.65411	22.391	32.1059
1399921120.558	n	11.4539	3.65411	22.388	32.1059
1399921120.641	n	11.4539	3.65411	22.387	32.1059
1399921120.687	n	11.4539	3.65411	22.382	32.1059
1399921120.747	n	11.4539	3.65412	22.383	32.1060
1399921120.809	n	11.4540	3.65413	22.382	32.1060
1399921120.870	n	11.4540	3.65414	22.379	32.1061
1399921120.936	n	11.4540	3.65414	22.374	32.1061
1399921120.996	n	11.4541	3.65414	22.371	32.1061
1399921121.059	n	11.4541	3.65414	22.371	32.1060
1399921121.122	n	11.4541	3.65414	22.368	32.1060
1399921121.182	n	11.4540	3.65414	22.369	32.1061
1399921121.244	n	11.4540	3.65414	22.364	32.1061
1399921121.310	n	11.4540	3.65415	22.362	32.1062
1399921121.371	n	11.4541	3.65415	22.359	32.1062
1399921121.435	n	11.4541	3.65416	22.358	32.1062
1399921121.497	n	11.4541	3.65416	22.356	32.1062
1399921121.558	n	11.4542	3.65416	22.352	32.1062
1399921121.623	n	11.4542	3.65417	22.349	32.1062
1399921121.682	n	11.4543	3.65417	22.348	32.1062
1399921121.745	n	11.4544	3.65418	22.349	32.1062
1399921121.807	n	11.4544	3.65418	22.344	32.1062
1399921121.873	n	11.4544	3.65419	22.341	32.1062
1399921121.936	n	11.4544	3.65418	22.339	32.1062
1399921121.997	n	11.4544	3.65418	22.337	32.1061
1399921122.057	n	11.4544	3.65417	22.335	32.1061
1399921122.122	n	11.4545	3.65418	22.330	32.1061
1399921122.185	n	11.4545	3.65417	22.332	32.1060
1399921122.247	n	11.4545	3.65418	22.327	32.1061
1399921122.309	n	11.4545	3.65419	22.327	32.1062
1399921122.371	n	11.4545	3.65421	22.324	32.1064
1399921122.434	n	11.4545	3.65422	22.322	32.1065
1399921122.558	y	11.4546	3.65423	22.318	32.1066
1399921122.564	n	11.4546	3.65424	22.316	32.1065
1399921122.620	n	11.4546	3.65423	22.316	32.1065
1399921122.683	n	11.4547	3.65424	22.314	32.1065
1399921122.747	n	11.4547	3.65424	22.312	32.1066
1399921122.807	n	11.4547	3.65425	22.308	32.1066
1399921122.869	n	11.4547	3.65425	22.309	32.1067
1399921122.933	n	11.4547	3.65424	22.304	32.1065
1399921122.994	n	11.4547	3.65423	22.303	32.1064
1399921123.058	n	11.4548	3.65424	22.300	32.1064
1399921123.120	n	11.4548	3.65424	22.299	32.1064
1399921123.182	n	11.4549	3.65425	22.298	32.1065
1399921123.244	n	11.4549	3.65427	22.297	32.1066
1399921123.307	n	11.4550	3.65427	22.296	32.1066
1399921123.373	n	11.4550	3.65428	22.296	32.1066
1399921123.432	n	11.4550	3.65429	22.292	32.1067
1399921123.497	n	11.4550	3.65430	22.288	32.1068
1399921123.557	n	11.4550	3.65430	22.288	32.1068
1399921123.620	n	11.4550	3.65430	22.282	32.1068
1399921123.682	n	11.4551	3.65430	22.286	32.1067
1399921123.943	y	11.4551	3.65430	22.284	32.1067
1399921123.953	n	11.4552	3.65430	22.283	32.1067
1399921123.960	n	11.4553	3.65432	22.285	32.1068
1399921123.969	n	11.4553	3.65432	22.282	32.1068
1399921123.996	n	11.4553	3.65432	22.282	32.1068
1399921124.060	n	11.4554	3.65432	22.280	32.1067
1399921124.121	n	11.4554	3.65432	22.278	32.1067
1399921124.185	n	11.4554	3.65431	22.277	32.1066
1399921124.246	n	11.4554	3.65431	22.275	32.1066
1399921124.309	n	11.4554	3.65432	22.276	32.1067
1399921124.371	n	11.4554	3.65432	22.276	32.1067
1399921124.435	n	11.4554	3.65434	22.275	32.1068
1399921124.497	n	11.4555	3.65435	22.276	32.1069
1399921124.557	n	11.4556	3.65435	22.277	32.1069
1399921124.624	n	11.4557	3.65435	22.275	32.1068
1399921124.684	n	11.4558	3.65436	22.274	32.1067
1399921124.747	n	11.4558	3.65436	22.275	32.1067
1399921124.809	n	11.4558	3.65437	22.271	32.1068
1399921124.872	n	11.4559	3.65439	22.270	32.1069
1399921124.935	n	11.4559	3.65439	22.270	32.1070
1399921124.996	n	11.4559	3.65439	22.272	32.1069
1399921125.065	n	11.4560	3.65439	22.272	32.1069
1399921125.121	n	11.4561	3.65439	22.271	32.1068
1399921125.184	n	11.4561	3.65439	22.271	32.1068
1399921125.245	n	11.4561	3.65439	22.274	32.1068
1399921125.309	n	11.4561	3.65438	22.273	32.1067
1399921125.370	n	11.4560	3.65438	22.271	32.1067
1399921125.434	n	11.4560	3.65438	22.272	32.1068
1399921125.496	n	11.4561	3.65439	22.271	32.1068
1399921125.558	n	11.4562	3.65440	22.275	32.1068
1399921125.620	n	11.4562	3.65441	22.275	32.1068
1399921125.682	n	11.4563	3.65442	22.274	32.1069
1399921125.745	n	11.4563	3.65442	22.276	32.1069
1399921125.808	n	11.4564	3.65443	22.276	32.1069
1399921125.870	n	11.4564	3.65444	22.276	32.1070
1399921125.933	n	11.4564	3.65444	22.277	32.1070
1399921125.996	n	11.4564	3.65443	22.276	32.1069
1399921126.058	y	11.4565	3.65444	22.277	32.1069
1399921126.119	n	11.4565	3.65444	22.276	32.1069
1399921126.194	y	11.4566	3.65444	22.273	32.1068
1399921126.246	n	11.4566	3.65445	22.273	32.1069
1399921126.318	n	11.4567	3.65445	22.271	32.1069
1399921126.371	n	11.4567	3.65445	22.273	32.1069
1399921126.434	n	11.4567	3.65446	22.273	32.1069
1399921126.495	n	11.4567	3.65446	22.267	32.1070
1399921126.558	n	11.4568	3.65446	22.261	32.1069
1399921126.622	n	11.4568	3.65447	22.262	32.1069
1399921126.684	n	11.4568	3.65448	22.260	32.1070
1399921126.746	n	11.4569	3.65449	22.260	32.1071
1399921126.808	n	11.4569	3.65450	22.257	32.1072
1399921126.870	n	11.4569	3.65452	22.253	32.1073
1399921126.934	n	11.4570	3.65452	22.250	32.1073
1399921126.996	n	11.4570	3.65454	22.247	32.1074
1399921127.058	n	11.4570	3.65455	22.244	32.1075
1399921127.121	n	11.4570	3.65455	22.239	32.1076
1399921127.182	n	11.4570	3.65456	22.234	32.1076
1399921127.246	n	11.4570	3.65455	22.231	32.1076
1399921127.308	n	11.4570	3.65455	22.227	32.1075
1399921127.370	n	11.4571	3.65455	22.225	32.1075
1399921127.435	n	11.4571	3.65456	22.220	32.1075
1399921127.498	n	11.4572	3.65456	22.211	32.1076
1399921127.958	n	11.4572	3.65457	22.203	32.1076
1399921127.966	n	11.4572	3.65458	22.204	32.1077
1399921127.971	n	11.4573	3.65459	22.199	32.1077
1399921127.978	n	11.4573	3.65459	22.192	32.1077
1399921128.126	y	11.4574	3.65459	22.185	32.1077
1399921128.141	n	11.4575	3.65458	22.178	32.1075
1399921128.147	n	11.4575	3.65458	22.171	32.1074
1399921128.153	n	11.4576	3.65459	22.165	32.1075
1399921128.159	n	11.4576	3.65461	22.157	32.1076
1399921128.165	n	11.4576	3.65461	22.152	32.1077
1399921128.183	n	11.4576	3.65461	22.142	32.1077
1399921128.245	n	11.4577	3.65461	22.134	32.1076
1399921128.307	n	11.4577	3.65460	22.127	32.1075
1399921128.371	n	11.4577	3.65460	22.117	32.1075
1399921128.434	n	11.4577	3.65460	22.110	32.1075
1399921128.496	n	11.4577	3.65461	22.105	32.1076
1399921128.557	n	11.4577	3.65461	22.095	32.1076
1399921128.619	n	11.4577	3.65461	22.085	32.1076
1399921128.684	n	11.4578	3.65462	22.077	32.1076
1399921128.745	n	11.4578	3.65462	22.065	32.1076
1399921128.808	n	11.4578	3.65462	22.054	32.1076
1399921128.871	n	11.4579	3.65462	22.044	32.1076
1399921128.933	n	11.4579	3.65463	22.035	32.1076
1399921128.995	n	11.4580	3.65463	22.027	32.1076
1399921129.058	n	11.4580	3.65464	22.016	32.1076
1399921129.121	n	11.4581	3.65464	22.007	32.1076
1399921129.184	n	11.4581	3.65464	21.993	32.1076
1399921129.245	n	11.4581	3.65463	21.982	32.1075
1399921129.307	n	11.4582	3.65463	21.975	32.1074
1399921129.370	n	11.4582	3.65463	21.960	32.1074
1399921129.434	n	11.4582	3.65463	21.948	32.1074
1399921129.496	n	11.4583	3.65463	21.938	32.1074
1399921129.557	n	11.4584	3.65465	21.926	32.1074
1399921129.621	n	11.4584	3.65465	21.912	32.1074
1399921129.686	n	11.4585	3.65465	21.901	32.1074
1399921129.745	y	11.4585	3.65465	21.889	32.1074
1399921129.807	n	11.4584	3.65465	21.876	32.1075
1399921129.871	n	11.4584	3.65465	21.865	32.1074
1399921129.932	n	11.4585	3.65465	21.849	32.1074
1399921129.995	n	11.4586	3.65464	21.836	32.1072
1399921130.057	n	11.4586	3.65463	21.823	32.1071
1399921130.121	n	11.4587	3.65463	21.807	32.1071
1399921130.184	n	11.4587	3.65463	21.795	32.1071
1399921130.246	n	11.4587	3.65463	21.779	32.1071
1399921130.308	n	11.4587	3.65463	21.767	32.1070
1399921130.370	n	11.4588	3.65463	21.753	32.1069
1399921130.434	n	11.4589	3.65463	21.741	32.1069
1399921130.496	n	11.4590	3.65463	21.729	32.1069
1399921130.557	n	11.4590	3.65464	21.714	32.1069
1399921130.622	n	11.4590	3.65463	21.699	32.1069
1399921130.684	n	11.4590	3.65463	21.686	32.1068
1399921130.747	n	11.4591	3.65462	21.670	32.1067
1399921130.807	n	11.4591	3.65462	21.653	32.1066
1399921130.872	n	11.4592	3.65462	21.639	32.1066
1399921130.933	n	11.4593	3.65462	21.626	32.1066
1399921130.995	n	11.4593	3.65461	21.610	32.1065
1399921131.058	n	11.4593	3.65461	21.594	32.1064
1399921131.121	n	11.4594	3.65461	21.579	32.1064
1399921131.184	n	11.4594	3.65460	21.564	32.1063
1399921131.244	n	11.4594	3.65460	21.549	32.1062
1399921131.309	n	11.4595	3.65460	21.534	32.1062
1399921131.371	n	11.4595	3.65460	21.516	32.1062
1399921131.433	n	11.4596	3.65460	21.503	32.1062
1399921131.495	n	11.4596	3.65460	21.490	32.1062
1399921131.558	n	11.4596	3.65460	21.472	32.1061
1399921131.621	n	11.4596	3.65460	21.460	32.1061
1399921131.683	n	11.4597	3.65460	21.442	32.1061
1399921131.747	n	11.4598	3.65461	21.426	32.1060
1399921131.808	n	11.4599	3.65461	21.407	32.1060
1399921131.871	n	11.4600	3.65462	21.390	32.1060
1399921131.934	n	11.4601	3.65462	21.376	32.1059
1399921132.075	y	11.4601	3.65462	21.362	32.1059
1399921132.080	n	11.4602	3.65462	21.346	32.1059
1399921132.119	n	11.4603	3.65462	21.328	32.1057
1399921132.183	n	11.4604	3.65461	21.313	32.1056
1399921132.245	n	11.4605	3.65461	21.297	32.1055
1399921132.307	n	11.4606	3.65460	21.281	32.1053
1399921132.371	n	11.4607	3.65461	21.267	32.1053
1399921132.434	n	11.4607	3.65460	21.249	32.1053
1399921132.496	n	11.4607	3.65461	21.232	32.1053
1399921132.557	n	11.4608	3.65460	21.214	32.1052
1399921132.620	n	11.4610	3.65460	21.198	32.1050
1399921132.682	n	11.4611	3.65459	21.183	32.1049
1399921132.745	n	11.4612	3.65460	21.165	32.1048
1399921132.809	n	11.4613	3.65461	21.147	32.1049
1399921132.871	n	11.4614	3.65463	21.131	32.1049
1399921132.934	n	11.4615	3.65463	21.114	32.1049
1399921132.996	n	11.4616	3.65462	21.096	32.1048
1399921133.057	n	11.4617	3.65461	21.082	32.1046
1399921133.121	n	11.4618	3.65460	21.065	32.1044
1399921133.184	n	11.4619	3.65459	21.045	32.1043
1399921133.245	n	11.4620	3.65459	21.027	32.1041
1399921133.309	n	11.4621	3.65458	21.009	32.1039
1399921133.370	n	11.4622	3.65456	20.993	32.1036
1399921133.467	y	11.4624	3.65454	20.979	32.1034
1399921133.496	n	11.4625	3.65453	20.962	32.1032
1399921133.557	n	11.4626	3.65454	20.943	32.1031
1399921133.620	n	11.4627	3.65454	20.926	32.1031
1399921133.683	n	11.4628	3.65455	20.908	32.1030
1399921133.744	n	11.4630	3.65454	20.891	32.1028
1399921133.808	n	11.4632	3.65453	20.872	32.1026
1399921133.870	n	11.4633	3.65452	20.855	32.1024
1399921133.935	n	11.4634	3.65452	20.838	32.1023
1399921133.995	n	11.4635	3.65452	20.820	32.1022
1399921134.058	n	11.4636	3.65452	20.807	32.1021
1399921134.120	n	11.4638	3.65452	20.790	32.1020
1399921134.183	n	11.4640	3.65452	20.770	32.1018
1399921134.246	n	11.4642	3.65453	20.752	32.1017
1399921134.308	n	11.4644	3.65453	20.734	32.1016
1399921134.370	n	11.4645	3.65454	20.717	32.1016
1399921134.435	n	11.4647	3.65454	20.698	32.1015
1399921134.496	n	11.4650	3.65455	20.681	32.1013
1399921134.557	n	11.4652	3.65455	20.664	32.1011
1399921134.621	n	11.4655	3.65454	20.645	32.1008
1399921134.682	n	11.4657	3.65455	20.628	32.1006
1399921134.746	n	11.4660	3.65455	20.611	32.1005
1399921134.808	n	11.4663	3.65456	20.595	32.1003
1399921134.870	n	11.4666	3.65457	20.576	32.1001
1399921134.934	n	11.4670	3.65456	20.557	32.0997
1399921134.995	n	11.4673	3.65456	20.541	32.0994
1399921135.058	n	11.4677	3.65456	20.521	32.0990
1399921135.121	n	11.4681	3.65456	20.505	32.0987
1399921135.182	n	11.4685	3.65456	20.487	32.0984
1399921135.246	n	11.4690	3.65457	20.467	32.0981
1399921135.308	n	11.4695	3.65458	20.450	32.0978
1399921135.372	n	11.4700	3.65459	20.430	32.0974
1399921135.433	n	11.4705	3.65459	20.413	32.0970
1399921135.495	n	11.4711	3.65460	20.394	32.0966
1399921135.557	n	11.4717	3.65460	20.378	32.0961
1399921135.620	n	11.4725	3.65461	20.361	32.0955
1399921135.683	n	11.4732	3.65463	20.342	32.0950
1399921135.745	n	11.4739	3.65463	20.325	32.0945
1399921135.807	n	11.4747	3.65463	20.306	32.0938
1399921135.871	n	11.4755	3.65464	20.287	32.0931
1399921135.932	n	11.4764	3.65464	20.269	32.0924
1399921135.995	n	11.4773	3.65465	20.252	32.0917
1399921136.058	n	11.4783	3.65466	20.234	32.0910
1399921136.120	n	11.4793	3.65467	20.215	32.0903
1399921136.183	n	11.4803	3.65466	20.194	32.0893
1399921136.387	y	11.4814	3.65467	20.177	32.0884
1399921136.393	n	11.4826	3.65468	20.157	32.0875
1399921136.400	n	11.4838	3.65469	20.137	32.0865
1399921136.434	n	11.4850	3.65471	20.123	32.0857
1399921136.495	n	11.4862	3.65472	20.106	32.0847
1399921136.557	n	11.4875	3.65471	20.087	32.0836
1399921136.620	n	11.4888	3.65472	20.066	32.0825
1399921136.686	n	11.4902	3.65472	20.044	32.0814
1399921136.745	n	11.4915	3.65473	20.028	32.0803
1399921136.809	n	11.4929	3.65475	20.009	32.0792
1399921136.869	n	11.4943	3.65476	19.989	32.0782
1399921136.933	n	11.4958	3.65477	19.976	32.0770
1399921136.994	n	11.4974	3.65477	19.953	32.0757
1399921137.059	n	11.4989	3.65478	19.938	32.0744
1399921137.120	y	11.5005	3.65479	19.918	32.0731
1399921137.183	n	11.5020	3.65480	19.898	32.0719
1399921137.245	n	11.5036	3.65481	19.880	32.0707
1399921137.309	n	11.5051	3.65482	19.859	32.0694
1399921137.372	n	11.5067	3.65482	19.839	32.0682
1399921137.433	n	11.5082	3.65483	19.820	32.0669
1399921137.496	n	11.5097	3.65483	19.803	32.0656
1399921137.557	n	11.5113	3.65483	19.783	32.0643
1399921137.622	n	11.5128	3.65484	19.768	32.0630
1399921137.683	n	11.5144	3.65485	19.746	32.0618
1399921137.744	n	11.5159	3.65486	19.725	32.0605
1399921137.807	n	11.5175	3.65487	19.706	32.0592
1399921137.871	n	11.5191	3.65487	19.688	32.0579
1399921137.932	n	11.5207	3.65487	19.670	32.0566
1399921137.995	n	11.5223	3.65489	19.650	32.0553
1399921138.058	n	11.5239	3.65490	19.632	32.0541
1399921138.121	n	11.5255	3.65491	19.611	32.0528
1399921138.182	n	11.5271	3.65492	19.592	32.0515
1399921138.245	n	11.5287	3.65492	19.578	32.0502
1399921138.308	n	11.5303	3.65492	19.558	32.0488
1399921138.371	n	11.5318	3.65493	19.538	32.0475
1399921138.434	n	11.5334	3.65493	19.518	32.0462
1399921138.495	n	11.5351	3.65494	19.498	32.0448
1399921138.558	n	11.5367	3.65494	19.479	32.0434
1399921138.621	n	11.5384	3.65494	19.462	32.0420
1399921138.682	n	11.5399	3.65495	19.441	32.0408
1399921138.746	n	11.5415	3.65496	19.422	32.0395
1399921138.807	n	11.5431	3.65498	19.402	32.0384
1399921138.871	n	11.5447	3.65500	19.384	32.0371
1399921138.933	n	11.5463	3.65501	19.366	32.0359
1399921138.996	n	11.5478	3.65502	19.345	32.0346
1399921139.058	n	11.5493	3.65502	19.326	32.0334
1399921139.121	n	11.5509	3.65502	19.305	32.0320
1399921139.184	n	11.5524	3.65502	19.287	32.0307
1399921139.245	n	11.5538	3.65502	19.268	32.0295
1399921139.308	n	11.5553	3.65502	19.250	32.0282
1399921139.437	y	11.5567	3.65503	19.231	32.0271
1399921139.444	n	11.5581	3.65504	19.213	32.0260
1399921139.495	n	11.5594	3.65504	19.193	32.0248
1399921139.558	n	11.5609	3.65504	19.172	32.0236
1399921139.620	n	11.5622	3.65503	19.152	32.0224
1399921139.683	n	11.5635	3.65504	19.134	32.0213
1399921139.746	n	11.5648	3.65505	19.117	32.0203
1399921139.808	n	11.5661	3.65506	19.098	32.0193
1399921139.872	n	11.5674	3.65508	19.077	32.0184
1399921139.933	n	11.5687	3.65509	19.058	32.0174
1399921139.995	n	11.5699	3.65510	19.040	32.0165
1399921140.057	n	11.5712	3.65511	19.021	32.0155
1399921140.122	n	11.5724	3.65512	18.999	32.0145
1399921140.182	n	11.5737	3.65512	18.979	32.0135
1399921140.245	n	11.5749	3.65512	18.961	32.0124
1399921140.308	n	11.5762	3.65512	18.944	32.0112
1399921140.371	n	11.5773	3.65511	18.922	32.0102
1399921140.432	n	11.5785	3.65511	18.905	32.0092
1399921140.601	y	11.5796	3.65511	18.883	32.0082
1399921140.607	n	11.5807	3.65511	18.865	32.0073
1399921140.622	n	11.5819	3.65512	18.846	32.0063
1399921140.686	n	11.5832	3.65512	18.830	32.0053
1399921140.746	y	11.5844	3.65513	18.807	32.0043
1399921140.808	n	11.5856	3.65515	18.786	32.0036
1399921140.870	n	11.5867	3.65516	18.768	32.0027
1399921140.934	n	11.5879	3.65517	18.753	32.0017
1399921140.995	n	11.5891	3.65517	18.732	32.0007
1399921141.058	n	11.5902	3.65516	18.710	31.9996
1399921141.121	n	11.5914	3.65516	18.694	31.9986
1399921141.184	n	11.5926	3.65517	18.676	31.9978
1399921141.245	n	11.5938	3.65519	18.653	31.9969
1399921141.307	n	11.5950	3.65520	18.635	31.9959
1399921141.370	n	11.5963	3.65522	18.619	31.9950
1399921141.433	n	11.5975	3.65523	18.596	31.9941
1399921141.495	n	11.5987	3.65524	18.576	31.9932
1399921141.557	n	11.5999	3.65525	18.555	31.9922
1399921141.620	n	11.6011	3.65525	18.535	31.9912
1399921141.686	n	11.6024	3.65524	18.516	31.9900
1399921141.746	n	11.6036	3.65524	18.500	31.9889
1399921141.807	n	11.6048	3.65524	18.480	31.9879
1399921141.869	n	11.6060	3.65525	18.462	31.9870
1399921141.933	n	11.6071	3.65526	18.443	31.9861
1399921141.995	n	11.6082	3.65527	18.424	31.9853
1399921142.058	n	11.6093	3.65528	18.406	31.9844
1399921142.121	n	11.6105	3.65529	18.388	31.9835
1399921142.184	n	11.6117	3.65530	18.364	31.9826
1399921142.246	n	11.6129	3.65531	18.348	31.9817
1399921142.307	n	11.6141	3.65532	18.327	31.9807
1399921142.372	n	11.6154	3.65532	18.309	31.9796
1399921142.434	n	11.6166	3.65531	18.290	31.9785
1399921142.496	n	11.6178	3.65531	18.272	31.9775
1399921142.558	n	11.6191	3.65531	18.255	31.9764
1399921142.621	n	11.6203	3.65531	18.238	31.9753
1399921142.683	n	11.6216	3.65532	18.215	31.9743
1399921142.746	n	11.6228	3.65532	18.197	31.9733
1399921142.808	n	11.6240	3.65532	18.178	31.9723
1399921142.871	n	11.6252	3.65534	18.160	31.9714
1399921142.932	n	11.6265	3.65535	18.140	31.9705
1399921142.995	n	11.6277	3.65536	18.126	31.9694
1399921143.057	n	11.6290	3.65536	18.103	31.9683
1399921143.122	n	11.6304	3.65536	18.085	31.9672
1399921143.184	n	11.6317	3.65535	18.065	31.9660
1399921143.246	n	11.6330	3.65536	18.045	31.9649
1399921143.309	n	11.6344	3.65536	18.031	31.9638
1399921143.370	n	11.6358	3.65537	18.010	31.9627
1399921143.434	n	11.6372	3.65538	17.990	31.9616
1399921143.494	n	11.6387	3.65540	17.974	31.9605
1399921143.558	n	11.6402	3.65541	17.957	31.9593
1399921143.622	n	11.6417	3.65542	17.936	31.9580
1399921143.686	n	11.6433	3.65541	17.917	31.9566
1399921143.745	n	11.6448	3.65541	17.898	31.9553
1399921143.809	n	11.6464	3.65541	17.880	31.9539
1399921143.870	n	11.6481	3.65542	17.864	31.9526
1399921143.933	n	11.6498	3.65543	17.845	31.9513
1399921143.996	n	11.6515	3.65544	17.828	31.9499
1399921144.058	n	11.6532	3.65545	17.809	31.9484
1399921144.121	n	11.6550	3.65544	17.791	31.9469
1399921144.182	n	11.6568	3.65545	17.771	31.9454
1399921144.245	n	11.6587	3.65545	17.750	31.9438
1399921144.308	n	11.6606	3.65545	17.735	31.9422
1399921144.370	n	11.6624	3.65545	17.716	31.9406
1399921144.433	n	11.6643	3.65546	17.697	31.9391
1399921144.512	y	11.6661	3.65546	17.678	31.9376
1399921144.558	n	11.6679	3.65547	17.660	31.9361
1399921144.621	n	11.6698	3.65548	17.643	31.9346
1399921144.683	n	11.6716	3.65548	17.625	31.9330
1399921144.800	y	11.6735	3.65548	17.602	31.9314
1399921144.807	n	11.6754	3.65548	17.585	31.9299
1399921144.870	n	11.6772	3.65549	17.567	31.9283
1399921144.934	n	11.6791	3.65550	17.549	31.9268
1399921144.996	n	11.6810	3.65551	17.533	31.9253
1399921145.059	n	11.6827	3.65551	17.514	31.9238
1399921145.122	n	11.6845	3.65552	17.496	31.9224
1399921145.184	n	11.6863	3.65553	17.476	31.9209
1399921145.245	n	11.6881	3.65554	17.455	31.9195
1399921145.309	n	11.6898	3.65554	17.438	31.9181
1399921145.371	n	11.6916	3.65554	17.419	31.9166
1399921145.435	n	11.6933	3.65554	17.401	31.9151
1399921145.497	n	11.6951	3.65555	17.381	31.9136
1399921145.558	n	11.6968	3.65555	17.364	31.9122
1399921145.620	n	11.6984	3.65557	17.344	31.9110
1399921145.686	n	11.7000	3.65557	17.324	31.9097
1399921145.745	n	11.7016	3.65558	17.305	31.9083
1399921145.807	n	11.7032	3.65558	17.289	31.9070
1399921145.870	n	11.7049	3.65558	17.271	31.9056
1399921145.934	n	11.7064	3.65559	17.249	31.9043
1399921145.996	n	11.7080	3.65560	17.230	31.9031
1399921146.058	n	11.7094	3.65560	17.209	31.9019
1399921146.120	n	11.7109	3.65559	17.187	31.9006
1399921146.183	n	11.7123	3.65559	17.171	31.8993
1399921146.245	n	11.7138	3.65559	17.151	31.8980
1399921146.308	n	11.7152	3.65559	17.134	31.8968
1399921146.371	n	11.7167	3.65560	17.113	31.8957
1399921146.433	n	11.7181	3.65561	17.095	31.8946
1399921146.495	n	11.7194	3.65561	17.074	31.8934
1399921146.558	n	11.7208	3.65561	17.056	31.8923
1399921146.622	n	11.7221	3.65561	17.037	31.8912
1399921146.687	n	11.7234	3.65562	17.015	31.8901
1399921146.745	n	11.7247	3.65563	16.995	31.8891
1399921146.809	n	11.7260	3.65564	16.977	31.8881
1399921146.870	n	11.7274	3.65565	16.956	31.8871
1399921146.933	n	11.7287	3.65566	16.932	31.8860
1399921146.996	n	11.7300	3.65566	16.911	31.8848
1399921147.058	n	11.7314	3.65565	16.892	31.8836
1399921147.120	n	11.7328	3.65566	16.876	31.8825
1399921147.182	n	11.7341	3.65568	16.854	31.8815
1399921147.245	n	11.7355	3.65569	16.834	31.8805
1399921147.308	n	11.7368	3.65570	16.815	31.8795
1399921147.370	n	11.7382	3.65572	16.795	31.8784
1399921147.433	n	11.7397	3.65572	16.774	31.8773
1399921147.495	n	11.7411	3.65573	16.753	31.8761
1399921147.558	n	11.7426	3.65575	16.732	31.8750
1399921147.621	n	11.7440	3.65577	16.714	31.8740
1399921147.683	n	11.7454	3.65579	16.694	31.8730
1399921147.746	n	11.7467	3.65580	16.672	31.8719
1399921147.808	n	11.7481	3.65579	16.653	31.8708
1399921147.872	n	11.7495	3.65578	16.632	31.8695
1399921147.933	n	11.7509	3.65578	16.613	31.8682
1399921147.995	n	11.7523	3.65578	16.591	31.8670
1399921148.078	y	11.7537	3.65579	16.571	31.8659
1399921148.121	n	11.7552	3.65580	16.551	31.8648
1399921148.184	n	11.7567	3.65581	16.530	31.8637
1399921148.246	n	11.7582	3.65582	16.512	31.8625
1399921148.308	n	11.7597	3.65583	16.493	31.8613
1399921148.370	n	11.7612	3.65584	16.473	31.8600
1399921148.433	n	11.7628	3.65583	16.451	31.8587
1399921148.496	n	11.7644	3.65584	16.432	31.8574
1399921148.559	n	11.7660	3.65585	16.411	31.8561
1399921148.619	n	11.7676	3.65585	16.389	31.8548
1399921148.685	n	11.7692	3.65586	16.370	31.8535
1399921148.745	n	11.7707	3.65587	16.352	31.8522
1399921148.808	n	11.7724	3.65588	16.329	31.8509
1399921148.870	n	11.7740	3.65589	16.309	31.8496
1399921148.934	y	11.7757	3.65591	16.289	31.8483
1399921149.081	n	11.7774	3.65593	16.271	31.8471
1399921149.088	n	11.7790	3.65595	16.251	31.8459
1399921149.121	n	11.7806	3.65596	16.233	31.8447
1399921149.183	n	11.7823	3.65597	16.215	31.8434
1399921149.246	n	11.7840	3.65597	16.197	31.8420
1399921149.308	n	11.7857	3.65596	16.176	31.8404
1399921149.370	n	11.7873	3.65596	16.156	31.8389
1399921149.434	n	11.7890	3.65596	16.136	31.8375
1399921149.496	n	11.7906	3.65597	16.118	31.8362
1399921149.557	n	11.7923	3.65598	16.096	31.8349
1399921149.622	n	11.7940	3.65599	16.078	31.8335
1399921149.686	n	11.7956	3.65599	16.060	31.8322
1399921149.745	n	11.7973	3.65600	16.041	31.8308
1399921149.808	n	11.7990	3.65601	16.022	31.8295
1399921149.870	n	11.8007	3.65602	16.003	31.8282
1399921149.933	n	11.8023	3.65603	15.984	31.8268
1399921149.995	n	11.8041	3.65603	15.963	31.8254
1399921150.058	n	11.8057	3.65603	15.941	31.8240
1399921150.121	n	11.8074	3.65603	15.927	31.8225
1399921150.184	n	11.8091	3.65603	15.909	31.8211
1399921150.245	n	11.8109	3.65605	15.889	31.8198
1399921150.308	n	11.8127	3.65606	15.870	31.8184
1399921150.372	n	11.8145	3.65607	15.850	31.8169
1399921150.433	n	11.8163	3.65607	15.833	31.8154
1399921150.495	n	11.8181	3.65608	15.814	31.8139
1399921150.558	n	11.8199	3.65608	15.794	31.8124
1399921150.621	n	11.8217	3.65609	15.773	31.8110
1399921150.685	n	11.8236	3.65610	15.758	31.8094
1399921150.745	n	11.8255	3.65610	15.738	31.8078
1399921150.808	n	11.8275	3.65610	15.721	31.8061
1399921150.870	n	11.8295	3.65610	15.704	31.8044
1399921150.932	n	11.8315	3.65609	15.683	31.8027
1399921150.994	n	11.8334	3.65610	15.663	31.8011
1399921151.057	n	11.8355	3.65611	15.647	31.7995
1399921151.121	n	11.8375	3.65613	15.627	31.7979
1399921151.184	n	11.8395	3.65614	15.606	31.7963
1399921151.245	n	11.8416	3.65615	15.589	31.7946
1399921151.308	n	11.8437	3.65615	15.571	31.7929
1399921151.371	n	11.8457	3.65616	15.552	31.7912
1399921151.434	n	11.8478	3.65617	15.534	31.7895
1399921151.496	n	11.8499	3.65618	15.513	31.7878
1399921151.559	n	11.8521	3.65619	15.496	31.7860
1399921151.620	n	11.8543	3.65619	15.476	31.7842
1399921151.686	n	11.8565	3.65620	15.456	31.7824
1399921151.768	y	11.8587	3.65620	15.435	31.7805
1399921151.808	n	11.8610	3.65620	15.415	31.7786
1399921151.872	n	11.8633	3.65620	15.397	31.7767
1399921151.933	n	11.8656	3.65621	15.380	31.7748
1399921151.995	n	11.8679	3.65621	15.363	31.7729
1399921152.057	n	11.8701	3.65622	15.340	31.7711
1399921152.121	n	11.8724	3.65623	15.322	31.7692
1399921152.184	n	11.8746	3.65624	15.301	31.7674
1399921152.246	n	11.8769	3.65625	15.281	31.7655
1399921152.309	n	11.8792	3.65626	15.263	31.7637
1399921152.371	n	11.8816	3.65628	15.246	31.7618
1399921152.433	n	11.8839	3.65629	15.227	31.7600
1399921152.495	n	11.8862	3.65629	15.208	31.7580
1399921152.558	n	11.8885	3.65630	15.185	31.7562
1399921152.622	n	11.8907	3.65630	15.166	31.7543
1399921152.686	n	11.8930	3.65631	15.147	31.7525
1399921152.746	n	11.8953	3.65633	15.129	31.7507
1399921152.808	n	11.8976	3.65634	15.109	31.7488
1399921152.870	n	11.8999	3.65635	15.087	31.7470
1399921152.933	n	11.9021	3.65636	15.068	31.7452
1399921152.995	n	11.9044	3.65637	15.051	31.7434
1399921153.057	n	11.9066	3.65638	15.028	31.7416
1399921153.120	n	11.9088	3.65638	15.010	31.7397
1399921153.184	y	11.9110	3.65638	14.988	31.7378
1399921153.407	n	11.9132	3.65638	14.963	31.7360
1399921153.413	n	11.9154	3.65638	14.948	31.7341
1399921153.418	n	11.9176	3.65640	14.928	31.7325
1399921153.433	n	11.9198	3.65642	14.907	31.7308
1399921153.496	n	11.9219	3.65643	14.885	31.7291
1399921153.557	n	11.9240	3.65643	14.868	31.7273
1399921153.622	n	11.9261	3.65643	14.849	31.7256
1399921153.686	n	11.9282	3.65644	14.825	31.7239
1399921153.745	n	11.9303	3.65645	14.807	31.7222
1399921153.809	n	11.9324	3.65647	14.785	31.7206
1399921153.872	n	11.9345	3.65647	14.765	31.7189
1399921153.933	n	11.9366	3.65647	14.746	31.7171
1399921153.996	n	11.9386	3.65647	14.722	31.7153
1399921154.059	n	11.9406	3.65646	14.701	31.7135
1399921154.121	n	11.9426	3.65647	14.680	31.7120
1399921154.186	n	11.9446	3.65648	14.661	31.7104
1399921154.246	n	11.9465	3.65650	14.639	31.7089
1399921154.308	n	11.9485	3.65650	14.620	31.7072
1399921154.370	n	11.9505	3.65651	14.599	31.7056
1399921154.434	n	11.9525	3.65651	14.581	31.7040
1399921154.495	n	11.9545	3.65652	14.560	31.7024
1399921154.559	n	11.9564	3.65653	14.539	31.7008
1399921154.620	n	11.9583	3.65653	14.519	31.6992
1399921154.687	n	11.9603	3.65654	14.494	31.6977
1399921154.746	n	11.9622	3.65655	14.475	31.6961
1399921154.937	y	11.9641	3.65655	14.455	31.6945
1399921154.943	n	11.9660	3.65655	14.434	31.6930
1399921154.948	n	11.9679	3.65656	14.413	31.6914
1399921154.996	n	11.9697	3.65657	14.390	31.6899
1399921155.058	n	11.9716	3.65657	14.372	31.6884
1399921155.120	n	11.9734	3.65658	14.355	31.6870
1399921155.186	n	11.9752	3.65658	14.333	31.6855
1399921155.245	n	11.9770	3.65660	14.310	31.6840
1399921155.308	n	11.9788	3.65661	14.290	31.6826
1399921155.371	y	11.9806	3.65662	14.271	31.6813
1399921155.434	n	11.9824	3.65663	14.249	31.6798
1399921155.494	n	11.9842	3.65664	14.227	31.6784
1399921155.557	n	11.9859	3.65664	14.208	31.6769
1399921155.620	n	11.9877	3.65664	14.187	31.6755
1399921155.687	n	11.9895	3.65665	14.167	31.6741
1399921155.745	n	11.9912	3.65666	14.147	31.6727
1399921155.808	n	11.9929	3.65666	14.127	31.6713
1399921155.872	n	11.9946	3.65666	14.107	31.6698
1399921155.933	n	11.9962	3.65666	14.084	31.6684
1399921155.995	n	11.9979	3.65666	14.064	31.6670
1399921156.057	n	11.9996	3.65667	14.045	31.6657
1399921156.121	n	12.0012	3.65667	14.028	31.6644
1399921156.185	n	12.0028	3.65667	14.004	31.6630
1399921156.246	n	12.0044	3.65668	13.983	31.6617
1399921156.308	n	12.0060	3.65668	13.964	31.6605
1399921156.371	n	12.0076	3.65669	13.949	31.6591
1399921156.432	n	12.0092	3.65668	13.927	31.6578
1399921156.496	n	12.0108	3.65668	13.905	31.6564
1399921156.558	n	12.0123	3.65669	13.885	31.6551
1399921156.622	n	12.0139	3.65670	13.868	31.6538
1399921156.686	n	12.0155	3.65670	13.848	31.6526
1399921156.745	n	12.0171	3.65670	13.829	31.6513
1399921156.809	n	12.0186	3.65671	13.809	31.6500
1399921156.871	n	12.0202	3.65671	13.792	31.6487
1399921156.933	n	12.0217	3.65671	13.774	31.6475
1399921156.995	n	12.0231	3.65671	13.752	31.6462
1399921157.058	n	12.0246	3.65671	13.737	31.6450
1399921157.121	n	12.0261	3.65670	13.715	31.6437
1399921157.186	n	12.0276	3.65671	13.696	31.6425
1399921157.245	n	12.0290	3.65672	13.679	31.6414
1399921157.307	n	12.0305	3.65673	13.660	31.6402
1399921157.370	n	12.0319	3.65674	13.641	31.6392
1399921157.434	y	12.0333	3.65674	13.622	31.6380
1399921157.616	n	12.0347	3.65674	13.604	31.6367
1399921157.624	n	12.0362	3.65672	13.589	31.6353
1399921157.631	n	12.0377	3.65672	13.567	31.6340
1399921157.683	n	12.0391	3.65672	13.550	31.6329
1399921157.746	n	12.0404	3.65673	13.532	31.6319
1399921157.809	n	12.0417	3.65675	13.510	31.6309
1399921157.871	n	12.0431	3.65676	13.491	31.6299
1399921157.932	n	12.0445	3.65676	13.473	31.6287
1399921157.995	n	12.0459	3.65677	13.456	31.6276
1399921158.059	n	12.0472	3.65677	13.435	31.6266
1399921158.122	n	12.0485	3.65678	13.419	31.6255
1399921158.190	n	12.0498	3.65679	13.401	31.6245
1399921158.246	n	12.0511	3.65679	13.380	31.6235
1399921158.308	n	12.0524	3.65679	13.365	31.6223
1399921158.371	n	12.0538	3.65679	13.347	31.6212
1399921158.432	n	12.0551	3.65680	13.328	31.6201
1399921158.496	n	12.0564	3.65680	13.312	31.6191
1399921158.557	n	12.0576	3.65682	13.293	31.6182
1399921158.623	n	12.0589	3.65683	13.273	31.6173
1399921158.685	n	12.0601	3.65685	13.256	31.6164
1399921158.745	n	12.0614	3.65686	13.235	31.6155
1399921158.807	n	12.0626	3.65688	13.220	31.6146
1399921158.872	n	12.0638	3.65688	13.201	31.6136
1399921158.933	n	12.0650	3.65689	13.182	31.6127
1399921158.996	n	12.0662	3.65689	13.164	31.6117
1399921159.083	y	12.0674	3.65689	13.145	31.6108
1399921159.121	n	12.0686	3.65690	13.128	31.6099
1399921159.187	n	12.0697	3.65693	13.111	31.6091
1399921159.245	n	12.0709	3.65694	13.095	31.6083
1399921159.308	n	12.0719	3.65695	13.074	31.6075
1399921159.372	n	12.0730	3.65696	13.058	31.6066
1399921159.434	n	12.0741	3.65696	13.040	31.6058
1399921159.495	n	12.0751	3.65698	13.024	31.6051
1399921159.558	n	12.0761	3.65700	13.005	31.6044
1399921159.622	n	12.0770	3.65700	12.987	31.6037
1399921159.685	n	12.0780	3.65702	12.973	31.6030
1399921159.745	n	12.0790	3.65703	12.949	31.6022
1399921159.808	n	12.0801	3.65704	12.936	31.6015
1399921159.870	n	12.0811	3.65705	12.914	31.6008
1399921159.933	n	12.0820	3.65707	12.894	31.6002
1399921159.995	n	12.0829	3.65708	12.881	31.5995
1399921160.057	n	12.0838	3.65709	12.864	31.5988
1399921160.122	n	12.0848	3.65710	12.845	31.5981
1399921160.189	n	12.0857	3.65709	12.826	31.5973
1399921160.245	n	12.0865	3.65710	12.810	31.5967
1399921160.309	n	12.0874	3.65711	12.792	31.5960
1399921160.370	n	12.0882	3.65713	12.775	31.5955
1399921160.434	n	12.0891	3.65715	12.755	31.5950
1399921160.495	n	12.0899	3.65716	12.740	31.5944
1399921160.558	n	12.0908	3.65718	12.723	31.5939
1399921160.621	n	12.0916	3.65720	12.707	31.5934
1399921160.686	n	12.0924	3.65720	12.689	31.5927
1399921160.745	n	12.0933	3.65720	12.670	31.5920
1399921160.807	n	12.0941	3.65721	12.653	31.5914
1399921160.871	n	12.0949	3.65721	12.638	31.5907
1399921160.936	n	12.0957	3.65723	12.618	31.5902
1399921160.994	n	12.0966	3.65725	12.601	31.5897
1399921161.059	n	12.0974	3.65727	12.586	31.5892
1399921161.121	n	12.0983	3.65728	12.572	31.5885
1399921161.189	n	12.0991	3.65728	12.557	31.5879
1399921161.245	n	12.0999	3.65729	12.538	31.5873
1399921161.309	n	12.1007	3.65730	12.521	31.5868
1399921161.371	n	12.1014	3.65731	12.506	31.5863
1399921161.432	n	12.1022	3.65733	12.488	31.5858
1399921161.495	n	12.1030	3.65734	12.470	31.5853
1399921161.558	n	12.1038	3.65735	12.451	31.5846
1399921161.621	n	12.1047	3.65736	12.437	31.5839
1399921161.686	y	12.1055	3.65737	12.425	31.5833
1399921161.801	n	12.1063	3.65737	12.406	31.5828
1399921161.808	n	12.1070	3.65739	12.389	31.5823
1399921161.870	n	12.1077	3.65740	12.376	31.5818
1399921161.934	n	12.1085	3.65742	12.361	31.5813
1399921161.996	n	12.1093	3.65744	12.342	31.5808
1399921162.059	n	12.1102	3.65745	12.325	31.5802
1399921162.120	n	12.1110	3.65747	12.311	31.5797
1399921162.183	n	12.1119	3.65748	12.294	31.5791
1399921162.247	n	12.1126	3.65749	12.281	31.5786
1399921162.309	n	12.1134	3.65750	12.264	31.5780
1399921162.372	n	12.1141	3.65751	12.249	31.5775
1399921162.434	n	12.1148	3.65752	12.233	31.5770
1399921162.496	n	12.1156	3.65753	12.219	31.5765
1399921162.557	n	12.1164	3.65754	12.204	31.5759
1399921162.620	y	12.1172	3.65755	12.190	31.5754
1399921162.719	n	12.1180	3.65757	12.173	31.5748
1399921162.745	n	12.1187	3.65758	12.154	31.5744
1399921162.807	n	12.1194	3.65760	12.140	31.5740
1399921162.870	n	12.1201	3.65763	12.126	31.5736
1399921162.934	n	12.1209	3.65765	12.109	31.5732
1399921162.996	n	12.1216	3.65767	12.098	31.5728
1399921163.059	n	12.1224	3.65769	12.079	31.5723
1399921163.120	n	12.1231	3.65770	12.064	31.5718
1399921163.182	n	12.1239	3.65771	12.049	31.5713
1399921163.246	n	12.1247	3.65773	12.035	31.5708
1399921163.307	n	12.1254	3.65775	12.021	31.5703
1399921163.372	n	12.1262	3.65777	12.004	31.5699
1399921163.434	n	12.1269	3.65778	11.989	31.5694
1399921163.496	n	12.1276	3.65779	11.973	31.5689
1399921163.558	n	12.1284	3.65781	11.960	31.5685
1399921163.621	n	12.1291	3.65783	11.941	31.5680
1399921163.686	n	12.1299	3.65784	11.926	31.5675
1399921163.745	n	12.1306	3.65785	11.914	31.5670
1399921163.807	n	12.1313	3.65787	11.897	31.5665
1399921163.871	n	12.1321	3.65788	11.881	31.5660
1399921163.935	n	12.1328	3.65789	11.870	31.5655
1399921163.995	n	12.1335	3.65790	11.852	31.5650
1399921164.057	n	12.1343	3.65790	11.839	31.5644
1399921164.120	n	12.1351	3.65792	11.822	31.5638
1399921164.183	n	12.1359	3.65794	11.809	31.5634
1399921164.245	n	12.1366	3.65796	11.791	31.5630
1399921164.307	n	12.1373	3.65799	11.774	31.5627
1399921164.371	n	12.1380	3.65801	11.762	31.5624
1399921164.434	n	12.1387	3.65802	11.748	31.5618
1399921164.496	n	12.1395	3.65803	11.733	31.5613
1399921164.557	n	12.1403	3.65803	11.717	31.5606
1399921164.621	n	12.1411	3.65803	11.704	31.5600
1399921164.685	n	12.1418	3.65804	11.690	31.5594
1399921164.745	n	12.1426	3.65806	11.670	31.5589
1399921164.809	n	12.1434	3.65809	11.658	31.5585
1399921164.871	n	12.1443	3.65811	11.640	31.5581
1399921164.933	n	12.1451	3.65812	11.624	31.5575
1399921164.995	n	12.1459	3.65814	11.609	31.5570
1399921165.058	n	12.1467	3.65815	11.593	31.5564
1399921165.120	n	12.1475	3.65815	11.578	31.5557
1399921165.185	n	12.1483	3.65816	11.560	31.5551
1399921165.246	n	12.1492	3.65817	11.547	31.5545
1399921165.309	n	12.1501	3.65819	11.531	31.5539
1399921165.372	n	12.1511	3.65821	11.514	31.5533
1399921165.434	n	12.1520	3.65822	11.499	31.5527
1399921165.495	n	12.1529	3.65823	11.482	31.5520
1399921165.557	n	12.1538	3.65824	11.467	31.5513
1399921165.621	n	12.1547	3.65824	11.452	31.5505
1399921165.685	n	12.1557	3.65824	11.438	31.5497
1399921165.746	n	12.1566	3.65825	11.423	31.5490
1399921165.808	n	12.1576	3.65825	11.405	31.5482
1399921165.871	n	12.1587	3.65827	11.389	31.5475
1399921165.933	y	12.1597	3.65829	11.375	31.5468
1399921166.072	n	12.1608	3.65830	11.357	31.5460
1399921166.078	n	12.1619	3.65830	11.338	31.5452
1399921166.120	n	12.1629	3.65831	11.323	31.5444
1399921166.183	n	12.1640	3.65833	11.306	31.5436
1399921166.246	n	12.1651	3.65836	11.290	31.5429
1399921166.362	y	12.1662	3.65837	11.272	31.5421
1399921166.370	n	12.1673	3.65838	11.258	31.5413
1399921166.433	n	12.1685	3.65839	11.240	31.5404
1399921166.495	n	12.1697	3.65839	11.223	31.5394
1399921166.558	n	12.1710	3.65839	11.207	31.5384
1399921166.620	n	12.1722	3.65840	11.190	31.5374
1399921166.686	n	12.1734	3.65841	11.168	31.5365
1399921166.746	n	12.1747	3.65842	11.155	31.5356
1399921166.809	n	12.1759	3.65843	11.139	31.5347
1399921166.871	n	12.1772	3.65844	11.121	31.5337
1399921166.932	n	12.1784	3.65845	11.104	31.5327
1399921166.995	n	12.1797	3.65845	11.085	31.5316
1399921167.059	n	12.1809	3.65844	11.069	31.5305
1399921167.120	n	12.1822	3.65845	11.052	31.5295
1399921167.184	n	12.1835	3.65846	11.038	31.5286
1399921167.245	n	12.1847	3.65846	11.018	31.5276
1399921167.308	n	12.1860	3.65847	10.996	31.5266
1399921167.371	n	12.1872	3.65846	10.980	31.5255
1399921167.432	n	12.1885	3.65846	10.963	31.5244
1399921167.496	n	12.1897	3.65846	10.947	31.5234
1399921167.558	n	12.1910	3.65847	10.927	31.5224
1399921167.622	n	12.1922	3.65848	10.911	31.5215
1399921167.685	n	12.1934	3.65847	10.891	31.5204
1399921167.745	n	12.1946	3.65848	10.876	31.5195
1399921167.809	n	12.1958	3.65849	10.860	31.5185
1399921167.871	n	12.1970	3.65849	10.844	31.5176
1399921167.933	n	12.1982	3.65850	10.824	31.5166
1399921167.996	n	12.1994	3.65850	10.809	31.5157
1399921168.058	n	12.2005	3.65850	10.789	31.5147
1399921168.120	n	12.2017	3.65851	10.770	31.5138
1399921168.185	n	12.2028	3.65851	10.754	31.5129
1399921168.246	n	12.2040	3.65852	10.737	31.5120
1399921168.307	n	12.2051	3.65852	10.720	31.5111
1399921168.370	n	12.2063	3.65853	10.700	31.5102
1399921168.434	n	12.2074	3.65853	10.681	31.5093
1399921168.495	n	12.2085	3.65852	10.666	31.5082
1399921168.557	n	12.2096	3.65851	10.648	31.5072
1399921168.622	n	12.2108	3.65851	10.632	31.5062
1399921168.685	n	12.2119	3.65851	10.611	31.5053
1399921168.746	n	12.2130	3.65851	10.596	31.5044
1399921168.809	n	12.2140	3.65852	10.581	31.5036
1399921168.872	n	12.2152	3.65852	10.562	31.5026
1399921168.933	n	12.2164	3.65853	10.543	31.5017
1399921168.997	n	12.2176	3.65853	10.528	31.5007
1399921169.059	n	12.2188	3.65852	10.508	31.4997
1399921169.120	n	12.2199	3.65851	10.492	31.4986
1399921169.185	n	12.2211	3.65851	10.477	31.4976
1399921169.246	n	12.2223	3.65851	10.454	31.4966
1399921169.307	n	12.2236	3.65852	10.441	31.4956
1399921169.372	n	12.2248	3.65853	10.426	31.4947
1399921169.432	n	12.2261	3.65853	10.410	31.4936
1399921169.495	n	12.2274	3.65853	10.391	31.4925
1399921169.559	n	12.2288	3.65853	10.374	31.4913
1399921169.621	n	12.2302	3.65853	10.358	31.4902
1399921169.683	n	12.2315	3.65854	10.337	31.4891
1399921169.746	n	12.2329	3.65854	10.325	31.4880
1399921169.808	n	12.2343	3.65854	10.309	31.4868
1399921169.871	n	12.2357	3.65853	10.294	31.4856
1399921169.933	n	12.2371	3.65853	10.278	31.4844
1399921169.996	y	12.2385	3.65854	10.261	31.4833
1399921170.058	n	12.2400	3.65854	10.245	31.4821
1399921170.123	n	12.2414	3.65855	10.230	31.4810
1399921170.186	y	12.2429	3.65856	10.216	31.4799
1399921170.449	y	12.2444	3.65856	10.200	31.4786
1399921170.454	n	12.2460	3.65857	10.185	31.4774
1399921170.459	n	12.2475	3.65858	10.167	31.4762
1399921170.465	n	12.2491	3.65858	10.153	31.4748
1399921170.496	n	12.2508	3.65859	10.139	31.4735
1399921170.557	n	12.2524	3.65859	10.123	31.4722
1399921170.620	n	12.2540	3.65859	10.106	31.4708
1399921170.683	n	12.2557	3.65859	10.092	31.4694
1399921170.745	n	12.2574	3.65859	10.079	31.4680
1399921170.808	n	12.2592	3.65859	10.063	31.4665
1399921170.871	n	12.2610	3.65859	10.047	31.4650
1399921170.933	n	12.2629	3.65859	10.033	31.4635
1399921170.995	n	12.2648	3.65860	10.019	31.4620
1399921171.057	n	12.2667	3.65861	10.006	31.4604
1399921171.120	n	12.2686	3.65862	9.990	31.4589
1399921171.182	n	12.2706	3.65862	9.976	31.4573
1399921171.247	n	12.2727	3.65862	9.964	31.4555
1399921171.309	n	12.2748	3.65864	9.949	31.4539
1399921171.370	n	12.2770	3.65865	9.936	31.4522
1399921171.432	n	12.2792	3.65866	9.920	31.4505
1399921171.495	n	12.2814	3.65868	9.904	31.4488
1399921171.558	n	12.2837	3.65869	9.892	31.4470
1399921171.622	n	12.2862	3.65871	9.878	31.4450
1399921171.682	n	12.2887	3.65871	9.867	31.4430
1399921171.746	n	12.2913	3.65872	9.852	31.4409
1399921171.809	n	12.2939	3.65872	9.838	31.4387
1399921171.870	n	12.2967	3.65873	9.823	31.4365
1399921171.934	n	12.2995	3.65875	9.810	31.4343
1399921171.996	n	12.3024	3.65876	9.795	31.4320
1399921172.058	n	12.3054	3.65879	9.782	31.4297
1399921172.120	n	12.3085	3.65881	9.768	31.4274
1399921172.182	n	12.3117	3.65883	9.755	31.4249
1399921172.246	n	12.3149	3.65886	9.742	31.4224
1399921172.308	n	12.3182	3.65887	9.725	31.4198
1399921172.370	n	12.3215	3.65888	9.714	31.4171
1399921172.434	n	12.3248	3.65890	9.703	31.4146
1399921172.495	n	12.3282	3.65893	9.688	31.4121
1399921172.557	n	12.3315	3.65897	9.674	31.4096
1399921172.620	n	12.3348	3.65901	9.659	31.4073
1399921172.682	n	12.3380	3.65904	9.648	31.4049
1399921172.745	n	12.3412	3.65907	9.630	31.4025
1399921172.808	n	12.3443	3.65910	9.615	31.4002
1399921172.870	n	12.3474	3.65913	9.601	31.3979
1399921172.933	n	12.3504	3.65916	9.586	31.3956
1399921172.995	n	12.3534	3.65920	9.572	31.3935
1399921173.058	n	12.3564	3.65922	9.561	31.3913
1399921173.121	n	12.3593	3.65925	9.549	31.3891
1399921173.182	n	12.3623	3.65928	9.531	31.3869
1399921173.246	n	12.3651	3.65932	9.515	31.3849
1399921173.309	n	12.3680	3.65936	9.501	31.3829
1399921173.370	n	12.3707	3.65940	9.485	31.3810
1399921173.432	n	12.3734	3.65943	9.472	31.3790
1399921173.496	n	12.3761	3.65946	9.457	31.3771
1399921173.558	n	12.3787	3.65949	9.443	31.3752
1399921173.631	y	12.3813	3.65952	9.430	31.3733
1399921173.685	n	12.3839	3.65954	9.415	31.3713
1399921173.746	n	12.3864	3.65956	9.398	31.3694
1399921173.809	n	12.3889	3.65959	9.382	31.3676
1399921173.872	n	12.3913	3.65961	9.369	31.3658
1399921173.933	n	12.3937	3.65965	9.355	31.3642
1399921173.995	n	12.3961	3.65968	9.341	31.3625
1399921174.059	n	12.3985	3.65971	9.323	31.3608
1399921174.120	n	12.4009	3.65974	9.307	31.3591
1399921174.184	n	12.4033	3.65977	9.291	31.3574
1399921174.246	n	12.4056	3.65980	9.277	31.3558
1399921174.309	n	12.4079	3.65983	9.263	31.3542
1399921174.370	n	12.4101	3.65986	9.246	31.3526
1399921174.565	y	12.4124	3.65988	9.229	31.3509
1399921174.571	n	12.4146	3.65991	9.216	31.3492
1399921174.576	n	12.4168	3.65993	9.200	31.3476
1399921174.622	n	12.4190	3.65996	9.181	31.3461
1399921174.682	n	12.4211	3.66000	9.167	31.3447
1399921174.745	n	12.4232	3.66003	9.150	31.3433
1399921174.807	n	12.4251	3.66006	9.135	31.3419
1399921174.870	n	12.4271	3.66008	9.122	31.3405
1399921174.934	n	12.4290	3.66009	9.104	31.3391
1399921174.996	n	12.4309	3.66011	9.086	31.3377
1399921175.059	n	12.4328	3.66014	9.072	31.3364
1399921175.121	n	12.4346	3.66018	9.055	31.3352
1399921175.185	n	12.4365	3.66022	9.039	31.3340
1399921175.246	n	12.4384	3.66026	9.022	31.3328
1399921175.307	n	12.4402	3.66029	9.006	31.3316
1399921175.371	n	12.4420	3.66032	8.992	31.3304
1399921175.432	n	12.4438	3.66036	8.979	31.3293
1399921175.495	n	12.4456	3.66040	8.962	31.3281
1399921175.558	n	12.4475	3.66043	8.944	31.3270
1399921175.620	n	12.4493	3.66047	8.926	31.3258
1399921175.683	n	12.4510	3.66050	8.912	31.3246
1399921175.745	n	12.4528	3.66053	8.892	31.3234
1399921175.807	n	12.4545	3.66055	8.882	31.3223
1399921175.870	n	12.4561	3.66057	8.869	31.3211
1399921175.934	n	12.4578	3.66060	8.849	31.3200
1399921175.996	n	12.4594	3.66064	8.833	31.3190
1399921176.059	n	12.4610	3.66067	8.817	31.3181
1399921176.122	n	12.4625	3.66071	8.801	31.3171
1399921176.184	n	12.4640	3.66074	8.786	31.3161
1399921176.247	y	12.4655	3.66076	8.769	31.3151
1399921176.308	n	12.4669	3.66078	8.754	31.3142
1399921176.371	n	12.4684	3.66081	8.738	31.3132
1399921176.433	n	12.4698	3.66084	8.722	31.3123
1399921176.495	n	12.4713	3.66087	8.707	31.3114
1399921176.557	n	12.4727	3.66091	8.691	31.3106
1399921176.620	n	12.4741	3.66094	8.676	31.3097
1399921176.683	n	12.4756	3.66098	8.660	31.3089
1399921176.745	n	12.4770	3.66101	8.647	31.3080
1399921176.807	n	12.4783	3.66104	8.632	31.3071
1399921176.871	n	12.4797	3.66107	8.615	31.3063
1399921176.934	n	12.4810	3.66111	8.602	31.3055
1399921176.996	n	12.4824	3.66115	8.586	31.3048
1399921177.058	n	12.4841	3.66172	8.566	31.3088
1399921177.121	n	12.4885	3.66494	8.551	31.3358
1399921177.184	n	12.4996	3.67168	8.535	31.3906
1399921177.283	y	12.5183	3.68063	8.525	31.4599
1399921177.308	n	12.5417	3.68951	8.511	31.5249
1399921177.371	n	12.5645	3.69605	8.497	31.5679
1399921177.432	n	12.5816	3.69907	8.476	31.5822
1399921177.495	n	12.5914	3.70007	8.460	31.5834
1399921177.558	n	12.5965	3.70053	8.448	31.5835
1399921177.621	n	12.5993	3.70083	8.432	31.5841
1399921177.683	n	12.6010	3.70106	8.419	31.5848
1399921177.746	n	12.6023	3.70125	8.405	31.5856
1399921177.809	n	12.6034	3.70142	8.389	31.5862
1399921177.870	n	12.6045	3.70155	8.373	31.5866
1399921177.933	n	12.6055	3.70165	8.358	31.5867
1399921177.995	n	12.6063	3.70173	8.343	31.5867
1399921178.059	n	12.6071	3.70182	8.329	31.5869
1399921178.122	n	12.6078	3.70191	8.312	31.5873
1399921178.183	n	12.6086	3.70201	8.298	31.5875
1399921178.245	n	12.6095	3.70208	8.283	31.5874
1399921178.307	n	12.6106	3.70212	8.268	31.5869
1399921178.371	n	12.6115	3.70214	8.252	31.5864
1399921178.432	n	12.6120	3.70216	8.235	31.5861
1399921178.496	n	12.6123	3.70217	8.224	31.5859
1399921178.559	n	12.6127	3.70221	8.209	31.5860
1399921178.622	n	12.6133	3.70226	8.193	31.5859
1399921178.816	y	12.6142	3.70229	8.176	31.5855
1399921178.822	n	12.6152	3.70231	8.159	31.5849
1399921178.828	n	12.6159	3.70231	8.148	31.5842
1399921178.871	n	12.6164	3.70226	8.130	31.5834
1399921178.932	n	12.6165	3.70220	8.114	31.5827
1399921178.996	n	12.6164	3.70215	8.100	31.5823
1399921179.059	n	12.6163	3.70214	8.088	31.5824
1399921179.120	n	12.6164	3.70222	8.073	31.5830
1399921179.182	n	12.6171	3.70237	8.058	31.5839
1399921179.246	n	12.6184	3.70255	8.042	31.5845
1399921179.309	n	12.6201	3.70272	8.027	31.5847
1399921179.370	n	12.6219	3.70285	8.013	31.5845
1399921179.433	n	12.6236	3.70293	7.999	31.5838
1399921179.496	n	12.6251	3.70296	7.984	31.5827
1399921179.557	n	12.6266	3.70291	7.966	31.5811
1399921179.621	n	12.6277	3.70282	7.956	31.5792
1399921179.684	n	12.6286	3.70270	7.941	31.5774
1399921179.746	n	12.6291	3.70261	7.928	31.5761
1399921179.808	n	12.6293	3.70255	7.914	31.5754
1399921179.871	n	12.6293	3.70252	7.902	31.5751
1399921179.933	n	12.6293	3.70250	7.885	31.5750
1399921179.995	n	12.6293	3.70251	7.871	31.5750
1399921180.058	n	12.6294	3.70253	7.854	31.5752
1399921180.121	n	12.6295	3.70256	7.841	31.5754
1399921180.183	n	12.6295	3.70258	7.828	31.5755
1399921180.245	n	12.6296	3.70257	7.820	31.5754
1399921180.308	n	12.6296	3.70254	7.806	31.5751
1399921180.371	n	12.6296	3.70251	7.787	31.5749
1399921180.433	n	12.6295	3.70250	7.771	31.5748
1399921180.495	n	12.6294	3.70251	7.756	31.5751
1399921180.558	n	12.6292	3.70253	7.745	31.5754
1399921180.621	n	12.6291	3.70256	7.732	31.5757
1399921180.684	n	12.6292	3.70259	7.718	31.5760
1399921180.746	n	12.6294	3.70260	7.699	31.5759
1399921180.826	y	12.6296	3.70258	7.686	31.5755
1399921180.870	n	12.6299	3.70255	7.674	31.5751
1399921180.934	n	12.6300	3.70251	7.658	31.5746
1399921180.997	n	12.6300	3.70248	7.646	31.5742
1399921181.059	n	12.6300	3.70247	7.628	31.5741
1399921181.122	n	12.6300	3.70246	7.612	31.5741
1399921181.182	n	12.6301	3.70246	7.598	31.5740
1399921181.246	n	12.6302	3.70246	7.587	31.5740
1399921181.309	n	12.6303	3.70246	7.574	31.5739
1399921181.371	n	12.6304	3.70246	7.558	31.5738
1399921181.434	n	12.6306	3.70248	7.542	31.5738
1399921181.496	n	12.6309	3.70249	7.528	31.5737
1399921181.557	n	12.6311	3.70251	7.511	31.5736
1399921181.621	n	12.6314	3.70250	7.499	31.5734
1399921181.683	n	12.6316	3.70249	7.484	31.5731
1399921181.746	n	12.6320	3.70249	7.469	31.5727
1399921181.809	n	12.6324	3.70248	7.453	31.5723
1399921181.871	n	12.6328	3.70247	7.438	31.5719
1399921181.933	n	12.6331	3.70247	7.421	31.5716
1399921181.995	n	12.6335	3.70246	7.406	31.5713
1399921182.058	n	12.6338	3.70247	7.387	31.5710
1399921182.121	n	12.6343	3.70247	7.374	31.5707
1399921182.184	n	12.6347	3.70246	7.357	31.5703
1399921182.245	n	12.6352	3.70245	7.342	31.5698
1399921182.309	n	12.6355	3.70244	7.325	31.5694
1399921182.372	n	12.6357	3.70244	7.305	31.5692
1399921182.432	n	12.6358	3.70243	7.290	31.5691
1399921182.495	n	12.6359	3.70241	7.276	31.5688
1399921182.558	n	12.6361	3.70237	7.260	31.5683
1399921182.622	n	12.6364	3.70232	7.242	31.5676
1399921182.684	n	12.6366	3.70228	7.227	31.5670
1399921182.747	n	12.6369	3.70226	7.209	31.5666
1399921182.808	n	12.6371	3.70224	7.193	31.5663
1399921182.870	n	12.6372	3.70223	7.176	31.5661
1399921183.070	y	12.6372	3.70224	7.155	31.5662
1399921183.076	n	12.6371	3.70227	7.139	31.5665
1399921183.081	n	12.6370	3.70231	7.122	31.5670
1399921183.121	n	12.6369	3.70237	7.107	31.5677
1399921183.184	n	12.6366	3.70240	7.088	31.5682
1399921183.245	n	12.6364	3.70244	7.072	31.5688
1399921183.308	n	12.6361	3.70246	7.054	31.5692
1399921183.370	n	12.6361	3.70246	7.033	31.5692
1399921183.434	n	12.6362	3.70243	7.015	31.5689
1399921183.496	n	12.6364	3.70239	6.999	31.5684
1399921183.559	n	12.6367	3.70235	6.983	31.5677
1399921183.622	n	12.6373	3.70233	6.967	31.5670
1399921183.685	n	12.6380	3.70234	6.945	31.5665
1399921183.746	n	12.6388	3.70237	6.929	31.5662
1399921183.809	n	12.6395	3.70240	6.915	31.5659
1399921183.871	n	12.6401	3.70243	6.896	31.5656
1399921183.933	n	12.6405	3.70243	6.879	31.5653
1399921183.996	n	12.6408	3.70240	6.862	31.5648
1399921184.058	n	12.6409	3.70237	6.843	31.5644
1399921184.120	n	12.6411	3.70234	6.826	31.5641
1399921184.183	n	12.6413	3.70233	6.812	31.5638
1399921184.246	n	12.6418	3.70234	6.793	31.5634
1399921184.308	n	12.6426	3.70239	6.779	31.5632
1399921184.371	n	12.6440	3.70249	6.763	31.5631
1399921184.434	n	12.6456	3.70261	6.749	31.5628
1399921184.497	n	12.6472	3.70272	6.732	31.5625
1399921184.558	n	12.6488	3.70280	6.714	31.5619
1399921184.665	y	12.6501	3.70283	6.700	31.5611
1399921184.684	n	12.6512	3.70284	6.684	31.5603
1399921184.745	n	12.6520	3.70284	6.664	31.5596
1399921184.807	n	12.6526	3.70283	6.651	31.5591
1399921184.871	n	12.6531	3.70282	6.634	31.5585
1399921184.934	n	12.6536	3.70280	6.621	31.5580
1399921184.996	n	12.6541	3.70278	6.604	31.5573
1399921185.059	n	12.6548	3.70275	6.591	31.5565
1399921185.121	n	12.6554	3.70272	6.574	31.5557
1399921185.182	n	12.6561	3.70272	6.558	31.5551
1399921185.246	n	12.6569	3.70277	6.548	31.5550
1399921185.307	n	12.6583	3.70288	6.534	31.5548
1399921185.371	n	12.6606	3.70299	6.520	31.5540
1399921185.434	n	12.6635	3.70308	6.504	31.5524
1399921185.497	n	12.6665	3.70314	6.489	31.5504
1399921185.557	n	12.6690	3.70318	6.474	31.5487
1399921185.623	n	12.6708	3.70324	6.462	31.5477
1399921185.839	y	12.6721	3.70332	6.448	31.5474
1399921185.846	n	12.6730	3.70339	6.438	31.5473
1399921185.851	n	12.6735	3.70342	6.424	31.5472
1399921185.870	n	12.6736	3.70343	6.409	31.5472
1399921185.934	n	12.6734	3.70342	6.392	31.5474
1399921185.996	n	12.6730	3.70341	6.377	31.5475
1399921186.059	n	12.6726	3.70340	6.368	31.5479
1399921186.121	n	12.6718	3.70341	6.355	31.5486
1399921186.184	n	12.6710	3.70343	6.340	31.5495
1399921186.246	n	12.6704	3.70348	6.328	31.5504
1399921186.309	n	12.6704	3.70354	6.317	31.5510
1399921186.370	n	12.6711	3.70362	6.303	31.5512
1399921186.432	n	12.6722	3.70370	6.289	31.5510
1399921186.495	n	12.6733	3.70374	6.276	31.5505
1399921186.559	n	12.6741	3.70375	6.262	31.5500
1399921186.621	n	12.6746	3.70374	6.254	31.5494
1399921186.683	n	12.6749	3.70371	6.244	31.5489
1399921186.745	n	12.6751	3.70371	6.227	31.5486
1399921186.809	n	12.6752	3.70371	6.216	31.5486
1399921186.872	n	12.6751	3.70371	6.207	31.5487
1399921186.934	n	12.6749	3.70370	6.196	31.5488
1399921186.996	n	12.6746	3.70368	6.183	31.5488
1399921187.059	n	12.6743	3.70365	6.171	31.5488
1399921187.121	n	12.6739	3.70360	6.159	31.5488
1399921187.366	y	12.6733	3.70355	6.145	31.5488
1399921187.382	n	12.6723	3.70351	6.131	31.5492
1399921187.388	n	12.6712	3.70348	6.121	31.5499
1399921187.394	n	12.6706	3.70350	6.109	31.5506
1399921187.432	n	12.6706	3.70355	6.093	31.5510
1399921187.495	n	12.6715	3.70362	6.086	31.5509
1399921187.560	n	12.6728	3.70367	6.072	31.5503
1399921187.621	n	12.6738	3.70369	6.063	31.5497
1399921187.683	n	12.6744	3.70371	6.050	31.5494
1399921187.746	n	12.6747	3.70373	6.039	31.5493
1399921187.809	n	12.6749	3.70375	6.028	31.5493
1399921187.871	n	12.6751	3.70375	6.015	31.5492
1399921187.934	n	12.6752	3.70375	6.000	31.5491
1399921187.996	n	12.6753	3.70374	5.990	31.5489
1399921188.059	n	12.6753	3.70374	5.975	31.5489
1399921188.121	n	12.6754	3.70376	5.963	31.5491
1399921188.183	n	12.6755	3.70378	5.954	31.5492
1399921188.246	y	12.6756	3.70379	5.944	31.5491
1399921188.309	n	12.6758	3.70379	5.930	31.5490
1399921188.373	n	12.6759	3.70377	5.916	31.5488
1399921188.434	n	12.6761	3.70376	5.903	31.5485
1399921188.496	n	12.6763	3.70376	5.887	31.5484
1399921188.559	n	12.6765	3.70379	5.878	31.5484
1399921188.623	n	12.6768	3.70381	5.867	31.5484
1399921188.683	n	12.6772	3.70385	5.851	31.5484
1399921188.746	n	12.6776	3.70387	5.838	31.5483
1399921188.807	n	12.6779	3.70387	5.826	31.5480
1399921188.871	n	12.6778	3.70385	5.813	31.5479
1399921188.934	n	12.6773	3.70383	5.800	31.5482
1399921188.996	n	12.6767	3.70382	5.788	31.5486
1399921189.059	n	12.6763	3.70382	5.776	31.5490
1399921189.121	n	12.6761	3.70382	5.761	31.5491
1399921189.182	n	12.6761	3.70380	5.745	31.5489
1399921189.247	n	12.6761	3.70377	5.736	31.5487
1399921189.308	n	12.6761	3.70375	5.724	31.5485
1399921189.370	n	12.6762	3.70375	5.711	31.5484
1399921189.433	n	12.6763	3.70375	5.698	31.5483
1399921189.496	n	12.6763	3.70376	5.683	31.5483
1399921189.557	n	12.6764	3.70375	5.669	31.5483
1399921189.621	n	12.6763	3.70375	5.656	31.5483
1399921189.684	n	12.6761	3.70375	5.645	31.5484
1399921189.745	n	12.6760	3.70373	5.630	31.5484
1399921189.808	n	12.6761	3.70371	5.618	31.5482
1399921189.872	n	12.6762	3.70370	5.603	31.5480
1399921189.934	n	12.6763	3.70370	5.590	31.5479
1399921189.996	n	12.6764	3.70372	5.576	31.5480
1399921190.059	n	12.6763	3.70375	5.564	31.5483
1399921190.120	n	12.6763	3.70377	5.551	31.5486
1399921190.184	n	12.6763	3.70379	5.541	31.5487
1399921190.246	n	12.6764	3.70381	5.524	31.5488
1399921190.309	n	12.6765	3.70383	5.510	31.5489
1399921190.372	n	12.6768	3.70384	5.496	31.5488
1399921190.433	n	12.6771	3.70384	5.481	31.5486
1399921190.496	n	12.6773	3.70384	5.469	31.5484
1399921190.559	n	12.6776	3.70383	5.456	31.5481
1399921190.620	n	12.6778	3.70384	5.441	31.5480
1399921190.683	n	12.6778	3.70385	5.430	31.5480
1399921190.746	n	12.6777	3.70384	5.412	31.5481
1399921190.808	n	12.6774	3.70383	5.402	31.5483
1399921190.872	n	12.6770	3.70382	5.388	31.5485
1399921190.934	n	12.6767	3.70381	5.372	31.5486
1399921190.996	n	12.6767	3.70380	5.358	31.5486
1399921191.059	n	12.6769	3.70379	5.345	31.5483
1399921191.121	n	12.6772	3.70378	5.331	31.5480
1399921191.184	n	12.6774	3.70378	5.320	31.5478
1399921191.246	n	12.6776	3.70378	5.305	31.5477
1399921191.309	n	12.6777	3.70380	5.292	31.5478
1399921191.372	n	12.6776	3.70383	5.273	31.5481
1399921191.582	y	12.6777	3.70385	5.261	31.5483
1399921191.589	n	12.6777	3.70386	5.251	31.5484
1399921191.594	n	12.6777	3.70388	5.233	31.5486
1399921191.620	n	12.6776	3.70387	5.218	31.5485
1399921191.684	n	12.6776	3.70386	5.204	31.5485
1399921191.745	n	12.6775	3.70386	5.191	31.5486
1399921191.808	n	12.6774	3.70386	5.175	31.5486
1399921191.906	y	12.6773	3.70386	5.159	31.5487
1399921191.933	n	12.6774	3.70386	5.147	31.5487
1399921191.995	n	12.6775	3.70385	5.132	31.5485
1399921192.060	n	12.6777	3.70384	5.119	31.5482
1399921192.122	n	12.6779	3.70383	5.101	31.5479
1399921192.184	n	12.6781	3.70383	5.086	31.5478
1399921192.246	n	12.6782	3.70381	5.070	31.5476
1399921192.309	n	12.6783	3.70379	5.055	31.5473
1399921192.374	n	12.6783	3.70375	5.044	31.5469
1399921192.434	n	12.6782	3.70372	5.028	31.5467
1399921192.495	n	12.6780	3.70369	5.009	31.5466
1399921192.558	n	12.6779	3.70369	4.995	31.5466
1399921192.621	n	12.6778	3.70369	4.978	31.5468
1399921192.683	n	12.6778	3.70372	4.961	31.5471
1399921192.745	n	12.6778	3.70375	4.944	31.5473
1399921192.809	n	12.6778	3.70378	4.934	31.5476
1399921192.872	n	12.6777	3.70380	4.918	31.5479
1399921192.934	n	12.6775	3.70379	4.902	31.5480
1399921192.997	n	12.6772	3.70375	4.887	31.5479
1399921193.058	n	12.6768	3.70370	4.873	31.5477
1399921193.121	n	12.6765	3.70363	4.855	31.5474
1399921193.184	n	12.6764	3.70359	4.841	31.5471
1399921193.245	n	12.6764	3.70357	4.825	31.5469
1399921193.308	n	12.6766	3.70358	4.813	31.5468
1399921193.370	n	12.6767	3.70358	4.798	31.5467
1399921193.434	n	12.6767	3.70357	4.782	31.5467
1399921193.496	n	12.6766	3.70357	4.768	31.5467
1399921193.559	n	12.6767	3.70360	4.754	31.5469
1399921193.621	n	12.6770	3.70367	4.739	31.5474
1399921193.685	n	12.6773	3.70376	4.724	31.5479
1399921193.746	n	12.6777	3.70383	4.711	31.5483
1399921193.808	n	12.6779	3.70387	4.697	31.5486
1399921193.871	n	12.6778	3.70388	4.686	31.5486
1399921193.933	n	12.6777	3.70384	4.671	31.5484
1399921193.996	n	12.6774	3.70378	4.658	31.5482
1399921194.058	n	12.6769	3.70371	4.643	31.5478
1399921194.121	n	12.6765	3.70364	4.629	31.5475
1399921194.183	n	12.6761	3.70359	4.614	31.5474
1399921194.246	n	12.6758	3.70356	4.602	31.5474
1399921194.308	n	12.6756	3.70355	4.590	31.5474
1399921194.374	n	12.6755	3.70355	4.573	31.5475
1399921194.434	n	12.6755	3.70356	4.557	31.5477
1399921194.497	n	12.6756	3.70357	4.543	31.5477
1399921194.557	n	12.6757	3.70357	4.530	31.5475
1399921194.621	n	12.6760	3.70357	4.518	31.5473
1399921194.683	n	12.6764	3.70359	4.504	31.5472
1399921194.746	n	12.6767	3.70363	4.490	31.5473
1399921194.809	n	12.6770	3.70368	4.476	31.5475
1399921194.871	n	12.6773	3.70373	4.462	31.5478
1399921194.934	n	12.6774	3.70375	4.449	31.5479
1399921194.996	n	12.6773	3.70375	4.434	31.5479
1399921195.059	n	12.6773	3.70373	4.421	31.5478
1399921195.121	n	12.6772	3.70369	4.406	31.5476
1399921195.184	n	12.6769	3.70364	4.392	31.5473
1399921195.246	n	12.6765	3.70358	4.377	31.5471
1399921195.308	n	12.6760	3.70353	4.363	31.5470
1399921195.371	n	12.6756	3.70349	4.351	31.5469
1399921195.433	n	12.6754	3.70349	4.336	31.5472
1399921195.497	n	12.6754	3.70353	4.320	31.5476
1399921195.594	y	12.6758	3.70362	4.309	31.5480
1399921195.620	n	12.6763	3.70371	4.294	31.5485
1399921195.783	y	12.6768	3.70377	4.279	31.5486
1399921195.788	n	12.6773	3.70380	4.261	31.5486
1399921195.808	n	12.6775	3.70381	4.252	31.5484
1399921195.871	n	12.6776	3.70380	4.238	31.5482
1399921195.933	n	12.6776	3.70377	4.224	31.5480
1399921195.996	n	12.6774	3.70373	4.211	31.5478
1399921196.057	n	12.6772	3.70371	4.195	31.5477
1399921196.122	n	12.6770	3.70370	4.180	31.5478
1399921196.183	n	12.6770	3.70372	4.169	31.5480
1399921196.245	n	12.6771	3.70374	4.153	31.5482
1399921196.308	n	12.6773	3.70376	4.139	31.5482
1399921196.370	n	12.6775	3.70377	4.125	31.5481
1399921196.434	n	12.6777	3.70377	4.114	31.5480
1399921196.496	n	12.6778	3.70378	4.102	31.5480
1399921196.559	n	12.6779	3.70378	4.088	31.5479
1399921196.621	n	12.6779	3.70378	4.075	31.5479
1399921196.683	n	12.6780	3.70379	4.065	31.5479
1399921196.746	n	12.6780	3.70378	4.053	31.5479
1399921196.808	n	12.6780	3.70378	4.038	31.5478
1399921196.871	n	12.6779	3.70377	4.028	31.5478
1399921196.933	n	12.6778	3.70374	4.012	31.5477
1399921196.996	n	12.6775	3.70372	4.000	31.5477
1399921197.058	n	12.6773	3.70371	3.989	31.5478
1399921197.121	n	12.6771	3.70373	3.981	31.5481
1399921197.183	n	12.6771	3.70378	3.967	31.5485
1399921197.245	n	12.6772	3.70383	3.952	31.5490
1399921197.308	n	12.6774	3.70385	3.938	31.5490
1399921197.371	n	12.6776	3.70385	3.930	31.5489
1399921197.433	n	12.6779	3.70386	3.918	31.5487
1399921197.495	n	12.6781	3.70386	3.906	31.5486
1399921197.558	n	12.6782	3.70388	3.896	31.5486
1399921197.622	n	12.6784	3.70389	3.881	31.5486
1399921197.684	n	12.6786	3.70391	3.868	31.5486
1399921197.745	n	12.6788	3.70394	3.855	31.5488
1399921197.809	n	12.6793	3.70402	3.840	31.5491
1399921197.870	n	12.6802	3.70411	3.830	31.5492
1399921197.934	n	12.6815	3.70421	3.817	31.5490
1399921197.996	n	12.6830	3.70428	3.803	31.5485
1399921198.059	n	12.6842	3.70431	3.790	31.5478
1399921198.122	n	12.6851	3.70431	3.780	31.5471
1399921198.184	n	12.6856	3.70431	3.769	31.5466
1399921198.246	n	12.6859	3.70430	3.750	31.5463
1399921198.309	n	12.6862	3.70430	3.735	31.5461
1399921198.372	n	12.6865	3.70432	3.725	31.5460
1399921198.433	n	12.6869	3.70434	3.711	31.5459
1399921198.496	n	12.6872	3.70437	3.697	31.5458
1399921198.559	n	12.6875	3.70439	3.683	31.5458
1399921198.621	n	12.6878	3.70440	3.671	31.5457
1399921198.684	n	12.6880	3.70441	3.658	31.5455
1399921198.747	n	12.6883	3.70440	3.642	31.5453
1399921198.808	n	12.6885	3.70441	3.630	31.5451
1399921198.871	n	12.6888	3.70442	3.612	31.5451
1399921198.932	n	12.6890	3.70444	3.598	31.5450
1399921198.995	n	12.6894	3.70444	3.590	31.5448
1399921199.058	n	12.6899	3.70443	3.573	31.5442
1399921199.120	n	12.6906	3.70441	3.560	31.5435
1399921199.237	y	12.6914	3.70441	3.547	31.5427
1399921199.246	n	12.6924	3.70443	3.531	31.5422
1399921199.309	n	12.6933	3.70448	3.514	31.5418
1399921199.371	n	12.6944	3.70453	3.505	31.5415
1399921199.434	n	12.6956	3.70459	3.492	31.5410
1399921199.495	n	12.6967	3.70464	3.476	31.5405
1399921199.558	n	12.6978	3.70467	3.459	31.5399
1399921199.622	n	12.6986	3.70469	3.449	31.5395
1399921199.684	n	12.6990	3.70469	3.436	31.5392
1399921199.746	n	12.6991	3.70469	3.421	31.5390
1399921199.808	n	12.6991	3.70468	3.406	31.5390
1399921199.871	n	12.6990	3.70469	3.389	31.5391
1399921200.054	y	12.6989	3.70470	3.380	31.5393
1399921200.060	n	12.6990	3.70470	3.364	31.5393
1399921200.065	n	12.6991	3.70471	3.346	31.5392
1399921200.124	n	12.6992	3.70471	3.334	31.5392
1399921200.301	y	12.6992	3.70471	3.316	31.5391
1399921200.307	n	12.6993	3.70471	3.302	31.5391
1399921200.311	n	12.6993	3.70472	3.288	31.5392
1399921200.372	n	12.6993	3.70471	3.274	31.5391
1399921200.433	n	12.6993	3.70471	3.259	31.5391
1399921200.495	n	12.6994	3.70472	3.243	31.5392
1399921200.559	n	12.6994	3.70473	3.229	31.5392
1399921200.622	n	12.6995	3.70475	3.213	31.5393
1399921200.683	n	12.6997	3.70476	3.199	31.5392
1399921200.746	n	12.7000	3.70477	3.184	31.5391
1399921200.808	n	12.7004	3.70479	3.169	31.5390
1399921200.872	n	12.7008	3.70483	3.152	31.5390
1399921200.934	n	12.7012	3.70487	3.138	31.5391
1399921200.996	n	12.7015	3.70491	3.124	31.5392
1399921201.059	n	12.7017	3.70492	3.106	31.5392
1399921201.122	n	12.7018	3.70494	3.092	31.5392
1399921201.184	n	12.7020	3.70495	3.076	31.5392
1399921201.246	n	12.7021	3.70496	3.062	31.5392
1399921201.308	n	12.7022	3.70496	3.045	31.5391
1399921201.371	n	12.7023	3.70496	3.028	31.5391
1399921201.434	n	12.7024	3.70497	3.016	31.5391
1399921201.496	n	12.7025	3.70498	3.002	31.5392
1399921201.557	n	12.7026	3.70500	2.985	31.5392
1399921201.621	n	12.7027	3.70501	2.969	31.5392
1399921201.683	n	12.7028	3.70502	2.953	31.5393
1399921201.746	n	12.7028	3.70503	2.934	31.5393
1399921201.809	n	12.7029	3.70504	2.925	31.5394
1399921201.871	n	12.7031	3.70506	2.907	31.5394
1399921201.934	n	12.7035	3.70510	2.889	31.5394
1399921201.996	n	12.7040	3.70515	2.871	31.5395
1399921202.057	n	12.7048	3.70522	2.858	31.5395
1399921202.122	n	12.7057	3.70529	2.845	31.5394
1399921202.182	n	12.7067	3.70536	2.827	31.5393
1399921202.247	n	12.7075	3.70543	2.812	31.5392
1399921202.308	n	12.7085	3.70550	2.796	31.5391
1399921202.371	n	12.7095	3.70558	2.779	31.5390
1399921202.432	n	12.7106	3.70565	2.765	31.5388
1399921202.495	n	12.7119	3.70574	2.746	31.5386
1399921202.558	n	12.7136	3.70588	2.732	31.5385
1399921202.622	n	12.7159	3.70605	2.715	31.5381
1399921202.683	n	12.7188	3.70623	2.696	31.5374
1399921202.745	n	12.7219	3.70638	2.682	31.5362
1399921202.809	n	12.7247	3.70646	2.668	31.5347
1399921202.898	y	12.7266	3.70648	2.654	31.5333
1399921202.932	n	12.7277	3.70648	2.637	31.5324
1399921202.995	n	12.7282	3.70648	2.622	31.5319
1399921203.058	n	12.7285	3.70649	2.609	31.5318
1399921203.121	n	12.7288	3.70651	2.592	31.5317
1399921203.183	n	12.7290	3.70651	2.579	31.5317
1399921203.246	n	12.7291	3.70652	2.564	31.5316
1399921203.309	n	12.7291	3.70651	2.548	31.5315
1399921203.371	n	12.7291	3.70652	2.533	31.5317
1399921203.434	n	12.7290	3.70653	2.523	31.5318
1399921203.495	n	12.7289	3.70654	2.510	31.5320
1399921203.559	n	12.7294	3.70657	2.497	31.5319
1399921203.620	n	12.7305	3.70662	2.482	31.5315
1399921203.684	n	12.7321	3.70670	2.467	31.5309
1399921203.746	n	12.7343	3.70684	2.456	31.5304
1399921203.808	n	12.7375	3.70709	2.442	31.5300
1399921203.870	n	12.7422	3.70747	2.426	31.5297
1399921203.933	n	12.7485	3.70793	2.416	31.5288
1399921203.997	n	12.7557	3.70840	2.403	31.5273
1399921204.058	n	12.7621	3.70879	2.390	31.5255
1399921204.121	n	12.7671	3.70905	2.378	31.5239
1399921204.337	y	12.7714	3.70926	2.364	31.5223
1399921204.343	n	12.7776	3.70957	2.356	31.5201
1399921204.349	n	12.7865	3.71007	2.342	31.5173
1399921204.373	n	12.7969	3.71080	2.330	31.5155
1399921204.433	n	12.8071	3.71165	2.317	31.5151
1399921204.495	n	12.8162	3.71250	2.302	31.5155
1399921204.559	n	12.8247	3.71322	2.290	31.5152
1399921204.621	n	12.8338	3.71380	2.279	31.5131
1399921204.684	n	12.8443	3.71427	2.264	31.5088
1399921204.745	n	12.8557	3.71481	2.251	31.5043
1399921204.808	n	12.8678	3.71560	2.239	31.5018
1399921204.872	n	12.8815	3.71674	2.227	31.5011
1399921204.934	n	12.8974	3.71815	2.215	31.5011
1399921204.996	n	12.9145	3.71951	2.203	31.4997
1399921205.059	n	12.9309	3.72042	2.188	31.4947
1399921205.123	n	12.9438	3.72072	2.174	31.4868
1399921205.185	n	12.9514	3.72043	2.163	31.4778
1399921205.245	n	12.9527	3.71975	2.153	31.4703
1399921205.307	n	12.9502	3.71927	2.138	31.4679
1399921205.372	n	12.9469	3.71923	2.124	31.4702
1399921205.434	n	12.9438	3.71954	2.108	31.4757
1399921205.496	n	12.9413	3.72006	2.096	31.4827
1399921205.559	n	12.9398	3.72051	2.082	31.4881
1399921205.621	n	12.9396	3.72076	2.072	31.4907
1399921205.683	n	12.9420	3.72109	2.056	31.4918
1399921205.747	n	12.9480	3.72157	2.045	31.4913
1399921205.808	n	12.9571	3.72220	2.031	31.4897
1399921205.871	n	12.9671	3.72270	2.020	31.4861
1399921205.934	n	12.9757	3.72278	2.005	31.4797
1399921205.996	n	12.9826	3.72255	1.992	31.4718
1399921206.059	n	12.9887	3.72244	1.979	31.4657
1399921206.122	n	12.9937	3.72261	1.968	31.4631
1399921206.182	n	12.9981	3.72309	1.954	31.4640
1399921206.246	n	13.0010	3.72370	1.939	31.4674
1399921206.309	n	13.0019	3.72429	1.924	31.4722
1399921206.371	n	13.0027	3.72479	1.911	31.4761
1399921206.434	n	13.0066	3.72540	1.901	31.4788
1399921206.497	n	13.0144	3.72612	1.887	31.4790
1399921206.558	y	13.0256	3.72684	1.878	31.4764
1399921206.622	n	13.0381	3.72748	1.864	31.4721
1399921206.684	n	13.0496	3.72806	1.848	31.4680
1399921206.746	n	13.0589	3.72847	1.833	31.4642
1399921206.808	n	13.0654	3.72871	1.820	31.4610
1399921206.872	n	13.0699	3.72884	1.805	31.4585
1399921206.933	n	13.0729	3.72898	1.793	31.4574
1399921206.996	n	13.0748	3.72918	1.779	31.4577
1399921207.058	n	13.0764	3.72942	1.762	31.4585
1399921207.121	n	13.0789	3.72977	1.751	31.4598
1399921207.183	n	13.0852	3.73049	1.736	31.4613
1399921207.245	n	13.0982	3.73167	1.718	31.4616
1399921207.308	n	13.1169	3.73307	1.705	31.4593
1399921207.371	n	13.1366	3.73429	1.696	31.4543
1399921207.433	n	13.1521	3.73498	1.679	31.4480
1399921207.497	n	13.1604	3.73510	1.664	31.4422
1399921207.558	n	13.1630	3.73499	1.652	31.4391
1399921207.622	n	13.1648	3.73511	1.637	31.4388
1399921207.684	n	13.1708	3.73574	1.623	31.4396
1399921207.745	n	13.1832	3.73690	1.611	31.4402
1399921207.808	n	13.2013	3.73840	1.596	31.4393
1399921207.870	n	13.2230	3.74001	1.582	31.4364
1399921207.934	n	13.2451	3.74147	1.568	31.4318
1399921207.995	n	13.2632	3.74262	1.553	31.4276
1399921208.058	n	13.2752	3.74344	1.535	31.4254
1399921208.121	n	13.2816	3.74403	1.522	31.4257
1399921208.183	n	13.2835	3.74442	1.511	31.4277
1399921208.246	n	13.2847	3.74478	1.496	31.4301
1399921208.308	n	13.2898	3.74527	1.482	31.4304
1399921208.371	n	13.2990	3.74591	1.470	31.4288
1399921208.589	y	13.3084	3.74656	1.456	31.4271
1399921208.597	n	13.3151	3.74701	1.443	31.4258
1399921208.604	n	13.3172	3.74713	1.430	31.4252
1399921208.624	n	13.3159	3.74684	1.417	31.4236
1399921208.683	n	13.3151	3.74621	1.404	31.4183
1399921208.746	n	13.3170	3.74562	1.393	31.4112
1399921208.808	n	13.3205	3.74540	1.383	31.4063
1399921208.871	n	13.3242	3.74564	1.373	31.4055
1399921208.934	n	13.3266	3.74626	1.359	31.4093
1399921208.997	n	13.3274	3.74694	1.346	31.4151
1399921209.058	n	13.3284	3.74753	1.331	31.4197
1399921209.122	n	13.3315	3.74806	1.322	31.4221
1399921209.184	n	13.3379	3.74860	1.311	31.4218
1399921209.246	n	13.3485	3.74942	1.297	31.4208
1399921209.309	n	13.3623	3.75049	1.284	31.4194
1399921209.371	n	13.3772	3.75160	1.270	31.4175
1399921209.434	n	13.3915	3.75266	1.260	31.4155
1399921209.495	n	13.4034	3.75355	1.243	31.4140
1399921209.558	n	13.4119	3.75410	1.232	31.4121
1399921209.622	n	13.4170	3.75448	1.217	31.4115
1399921209.684	n	13.4192	3.75478	1.205	31.4124
1399921209.746	n	13.4192	3.75501	1.193	31.4146
1399921209.808	n	13.4177	3.75511	1.183	31.4168
1399921209.871	n	13.4152	3.75509	1.170	31.4187
1399921209.933	n	13.4122	3.75494	1.158	31.4197
1399921209.995	n	13.4092	3.75467	1.146	31.4197
1399921210.058	n	13.4064	3.75433	1.139	31.4189
1399921210.122	y	13.4035	3.75397	1.128	31.4179
1399921210.183	n	13.4001	3.75368	1.115	31.4180
1399921210.246	n	13.3960	3.75349	1.101	31.4196
1399921210.309	n	13.3920	3.75339	1.092	31.4220
1399921210.372	n	13.3911	3.75347	1.083	31.4235
1399921210.433	n	13.3959	3.75378	1.071	31.4225
1399921210.495	n	13.4059	3.75427	1.062	31.4188
1399921210.559	n	13.4185	3.75485	1.053	31.4138
1399921210.620	n	13.4298	3.75531	1.040	31.4088
1399921210.683	n	13.4368	3.75553	1.030	31.4050
1399921210.746	n	13.4397	3.75552	1.022	31.4026
1399921210.810	n	13.4401	3.75541	1.007	31.4012
1399921210.873	n	13.4391	3.75531	0.997	31.4011
1399921210.933	n	13.4379	3.75528	0.984	31.4019
1399921210.995	n	13.4372	3.75536	0.975	31.4031
1399921211.058	n	13.4369	3.75544	0.963	31.4041
1399921211.121	n	13.4364	3.75538	0.952	31.4040
1399921211.183	n	13.4352	3.75517	0.939	31.4030
1399921211.246	n	13.4335	3.75486	0.925	31.4016
1399921211.308	n	13.4323	3.75462	0.918	31.4003
1399921211.371	n	13.4325	3.75459	0.903	31.3999
1399921211.434	n	13.4335	3.75467	0.889	31.3998
1399921211.496	n	13.4338	3.75466	0.881	31.3995
1399921211.559	n	13.4321	3.75446	0.868	31.3990
1399921211.621	n	13.4285	3.75416	0.854	31.3991
1399921211.683	n	13.4244	3.75384	0.845	31.3996
1399921211.746	n	13.4209	3.75361	0.835	31.4004
1399921211.809	n	13.4183	3.75342	0.823	31.4007
1399921211.871	n	13.4164	3.75325	0.813	31.4007
1399921211.933	n	13.4148	3.75311	0.800	31.4007
1399921211.995	n	13.4138	3.75307	0.789	31.4012
1399921212.058	n	13.4132	3.75309	0.781	31.4018
1399921212.122	n	13.4134	3.75313	0.772	31.4020
1399921212.184	n	13.4136	3.75308	0.762	31.4014
1399921212.246	n	13.4130	3.75287	0.751	31.4000
1399921212.307	n	13.4117	3.75259	0.744	31.3984
1399921212.372	n	13.4102	3.75236	0.732	31.3975
1399921212.433	n	13.4093	3.75229	0.721	31.3976
1399921212.496	n	13.4099	3.75240	0.711	31.3982
1399921212.559	n	13.4122	3.75271	0.703	31.3992
1399921212.622	n	13.4153	3.75313	0.692	31.4005
1399921212.823	y	13.4184	3.75358	0.687	31.4022
1399921212.829	n	13.4210	3.75400	0.677	31.4039
1399921212.834	n	13.4228	3.75424	0.666	31.4047
1399921212.872	n	13.4233	3.75419	0.657	31.4038
1399921212.933	n	13.4231	3.75397	0.651	31.4020
1399921212.996	n	13.4234	3.75381	0.645	31.4001
1399921213.058	n	13.4258	3.75389	0.640	31.3990
1399921213.121	n	13.4306	3.74090	0.634	31.2742
1399921213.183	n	13.4369	3.42277	0.626	28.3314
1399921213.247	n	13.4421	2.84357	0.621	23.0833
1399921213.309	n	13.4435	2.16222	0.616	17.0934
1399921213.370	n	13.4412	1.54360	0.611	11.8436
1399921213.443	n	13.4371	1.28788	0.614	9.7342
1399921213.497	n	13.4327	1.50084	0.608	11.4906
1399921213.559	n	13.4293	1.81566	0.606	14.1334
1399921213.621	n	13.4272	2.08449	0.603	16.4303
1399921213.683	n	13.4259	2.22064	0.600	17.6070
1399921213.745	y	13.4252	2.04158	0.601	16.0623
1399921213.809	n	13.4253	1.69250	0.594	13.0949
1399921213.872	n	13.4259	1.30619	0.593	9.8868
1399921213.933	n	13.4266	0.95947	0.586	7.0865
1399921213.996	n	13.4275	0.72130	0.583	5.2152
1399921214.058	n	13.4284	0.63611	0.580	4.5582
1399921214.122	n	13.4291	0.59092	0.575	4.2126
1399921214.183	n	13.4296	0.55782	0.570	3.9608
1399921214.246	n	13.4299	0.54207	0.562	3.8416
1399921214.309	n	13.4299	0.52920	0.560	3.7442
1399921214.373	n	13.4299	0.51565	0.557	3.6420
