Source File: D:\Storage\Programs\OOI\Group 5\Correspondence\07_18_14 sample files\files\11322482.PPB
Processed: 07/18/2014 12:28:13
Using Version: 1.11
Device: CTD
Start Date: 05/12/2014
Timestamp (s)	Suspect Timestamp	Temperature	Conductivity	Pressure	Salinity
1399874236.684	y	12.0806	3.69906	22.707	32.0011
1399874236.746	n	12.0807	3.69907	22.710	32.0010
1399874236.809	n	12.0807	3.69907	22.711	32.0011
1399874236.872	n	12.0807	3.69906	22.707	32.0010
1399874236.936	n	12.0807	3.69907	22.710	32.0011
1399874236.998	n	12.0806	3.69912	22.714	32.0017
1399874237.058	n	12.0806	3.69912	22.718	32.0017
1399874237.124	n	12.0807	3.69906	22.711	32.0010
1399874237.185	n	12.0806	3.69906	22.713	32.0011
1399874237.251	n	12.0806	3.69907	22.716	32.0013
1399874237.312	n	12.0806	3.69909	22.714	32.0014
1399874237.373	n	12.0805	3.69909	22.718	32.0015
1399874237.437	n	12.0806	3.69909	22.721	32.0014
1399874237.499	n	12.0806	3.69908	22.720	32.0013
1399874237.560	n	12.0806	3.69906	22.721	32.0012
1399874237.622	n	12.0806	3.69905	22.720	32.0010
1399874237.686	n	12.0806	3.69905	22.723	32.0010
1399874237.749	n	12.0806	3.69905	22.728	32.0010
1399874237.812	n	12.0806	3.69905	22.726	32.0010
1399874237.874	n	12.0806	3.69906	22.727	32.0011
1399874237.935	n	12.0806	3.69907	22.730	32.0012
1399874237.998	n	12.0806	3.69907	22.727	32.0012
1399874238.061	n	12.0806	3.69907	22.728	32.0012
1399874238.123	n	12.0806	3.69908	22.731	32.0013
1399874238.187	n	12.0806	3.69907	22.733	32.0012
1399874239.833	n	12.0806	3.69907	22.732	32.0012
1399874239.866	n	12.0806	3.69908	22.732	32.0013
1399874239.887	n	12.0806	3.69908	22.734	32.0013
1399874239.906	n	12.0806	3.69909	22.737	32.0013
1399874239.913	n	12.0807	3.69909	22.733	32.0013
1399874239.919	n	12.0807	3.69909	22.733	32.0013
1399874239.926	n	12.0807	3.69908	22.737	32.0012
1399874239.933	n	12.0807	3.69908	22.737	32.0013
1399874239.940	n	12.0806	3.69908	22.736	32.0012
1399874239.947	n	12.0806	3.69907	22.734	32.0012
1399874239.954	n	12.0806	3.69907	22.736	32.0012
1399874239.960	n	12.0806	3.69907	22.736	32.0012
1399874239.966	n	12.0806	3.69908	22.738	32.0012
1399874239.972	n	12.0806	3.69908	22.737	32.0013
1399874239.978	n	12.0806	3.69909	22.739	32.0013
1399874239.983	n	12.0806	3.69908	22.738	32.0012
1399874239.990	n	12.0806	3.69906	22.737	32.0011
1399874239.999	n	12.0806	3.69905	22.735	32.0010
1399874240.008	n	12.0806	3.69904	22.736	32.0009
1399874240.015	n	12.0806	3.69905	22.739	32.0010
1399874240.023	n	12.0806	3.69906	22.737	32.0011
1399874240.032	n	12.0806	3.69906	22.735	32.0011
1399874240.040	n	12.0807	3.69906	22.736	32.0010
1399874240.048	n	12.0807	3.69905	22.737	32.0010
1399874240.055	n	12.0807	3.69905	22.736	32.0009
1399874240.063	n	12.0807	3.69905	22.735	32.0009
1399874240.070	n	12.0807	3.69905	22.733	32.0009
1399874240.078	n	12.0807	3.69906	22.732	32.0010
1399874240.085	n	12.0807	3.69907	22.736	32.0011
1399874240.093	n	12.0807	3.69908	22.735	32.0012
1399874240.124	n	12.0807	3.69907	22.733	32.0012
1399874240.186	n	12.0807	3.69907	22.739	32.0011
1399874240.249	n	12.0806	3.69906	22.736	32.0011
1399874240.314	n	12.0806	3.69905	22.735	32.0010
1399874240.373	n	12.0806	3.69905	22.734	32.0010
1399874240.436	n	12.0806	3.69906	22.734	32.0011
1399874240.498	n	12.0806	3.69907	22.735	32.0012
1399874240.561	n	12.0806	3.69908	22.735	32.0013
1399874240.623	n	12.0805	3.69908	22.733	32.0014
1399874240.687	n	12.0805	3.69908	22.734	32.0014
1399874240.749	n	12.0805	3.69907	22.733	32.0013
1399874240.814	n	12.0805	3.69907	22.736	32.0012
1399874240.873	n	12.0806	3.69907	22.735	32.0012
1399874240.936	n	12.0806	3.69907	22.734	32.0012
1399874241.000	n	12.0805	3.69907	22.733	32.0013
1399874241.061	n	12.0805	3.69907	22.734	32.0013
1399874241.123	n	12.0805	3.69907	22.731	32.0013
1399874241.185	n	12.0805	3.69907	22.734	32.0013
1399874241.249	n	12.0805	3.69908	22.735	32.0013
1399874241.311	n	12.0805	3.69908	22.737	32.0014
1399874241.374	n	12.0805	3.69908	22.736	32.0014
1399874241.437	n	12.0805	3.69908	22.738	32.0014
1399874241.502	n	12.0805	3.69908	22.738	32.0013
1399874241.562	n	12.0805	3.69907	22.740	32.0013
1399874241.623	n	12.0805	3.69907	22.740	32.0012
1399874241.687	n	12.0805	3.69906	22.737	32.0012
1399874241.749	n	12.0805	3.69906	22.735	32.0011
1399874241.812	n	12.0805	3.69906	22.738	32.0011
1399874241.873	n	12.0805	3.69905	22.736	32.0011
1399874241.936	n	12.0804	3.69905	22.737	32.0012
1399874242.001	n	12.0804	3.69906	22.738	32.0012
1399874242.060	n	12.0804	3.69905	22.739	32.0011
1399874242.123	n	12.0805	3.69905	22.741	32.0011
1399874242.185	n	12.0805	3.69906	22.741	32.0011
1399874242.251	n	12.0806	3.69905	22.740	32.0011
1399874242.312	n	12.0805	3.69905	22.744	32.0010
1399874242.391	y	12.0805	3.69904	22.743	32.0009
1399874242.435	n	12.0806	3.69903	22.746	32.0009
1399874242.499	n	12.0806	3.69905	22.743	32.0010
1399874242.560	n	12.0806	3.69906	22.746	32.0011
1399874242.622	n	12.0805	3.69906	22.746	32.0012
1399874242.686	n	12.0804	3.69906	22.747	32.0012
1399874242.749	n	12.0804	3.69906	22.751	32.0013
1399874242.813	n	12.0804	3.69906	22.750	32.0013
1399874242.877	n	12.0804	3.69908	22.751	32.0014
1399874242.937	n	12.0804	3.69908	22.751	32.0014
1399874243.001	n	12.0805	3.69908	22.752	32.0014
1399874243.062	n	12.0805	3.69908	22.753	32.0014
1399874243.123	n	12.0804	3.69908	22.750	32.0014
1399874243.186	n	12.0804	3.69908	22.752	32.0015
1399874243.248	n	12.0804	3.69908	22.754	32.0014
1399874243.313	n	12.0804	3.69907	22.757	32.0014
1399874243.485	y	12.0804	3.69907	22.759	32.0013
1399874243.496	n	12.0804	3.69906	22.757	32.0013
1399874243.504	n	12.0804	3.69906	22.757	32.0012
1399874243.563	n	12.0804	3.69906	22.757	32.0012
1399874243.625	n	12.0804	3.69906	22.760	32.0012
1399874243.685	n	12.0805	3.69906	22.759	32.0012
1399874243.748	n	12.0805	3.69906	22.760	32.0012
1399874243.815	n	12.0805	3.69905	22.760	32.0011
1399874243.877	n	12.0805	3.69904	22.758	32.0010
1399874243.937	n	12.0805	3.69904	22.756	32.0010
1399874244.000	n	12.0805	3.69904	22.758	32.0010
1399874244.060	n	12.0804	3.69905	22.760	32.0012
1399874244.124	n	12.0804	3.69906	22.759	32.0013
1399874244.187	n	12.0804	3.69908	22.760	32.0014
1399874244.250	n	12.0804	3.69908	22.760	32.0015
1399874244.311	n	12.0804	3.69909	22.760	32.0015
1399874244.373	n	12.0804	3.69908	22.763	32.0014
1399874244.436	n	12.0804	3.69907	22.764	32.0013
1399874244.502	n	12.0804	3.69906	22.764	32.0012
1399874244.562	n	12.0804	3.69906	22.763	32.0013
1399874244.623	n	12.0804	3.69906	22.762	32.0013
1399874244.686	n	12.0804	3.69907	22.762	32.0013
1399874244.749	n	12.0804	3.69907	22.762	32.0013
1399874244.813	n	12.0804	3.69907	22.761	32.0014
1399874244.879	n	12.0804	3.69907	22.762	32.0013
1399874244.935	n	12.0804	3.69906	22.763	32.0013
1399874244.998	n	12.0804	3.69906	22.762	32.0012
1399874245.070	n	12.0805	3.69905	22.766	32.0011
1399874245.123	n	12.0804	3.69903	22.761	32.0010
1399874245.187	n	12.0804	3.69903	22.759	32.0010
1399874245.247	n	12.0803	3.69903	22.762	32.0011
1399874245.310	n	12.0804	3.69904	22.763	32.0011
1399874245.374	n	12.0804	3.69905	22.762	32.0011
1399874245.436	n	12.0805	3.69905	22.763	32.0010
1399874245.499	n	12.0806	3.69904	22.765	32.0009
1399874245.561	n	12.0806	3.69903	22.765	32.0009
1399874245.622	n	12.0805	3.69904	22.766	32.0010
1399874245.685	n	12.0805	3.69905	22.765	32.0011
1399874245.748	n	12.0805	3.69905	22.765	32.0011
1399874245.845	n	12.0805	3.69905	22.767	32.0011
1399874245.877	n	12.0805	3.69905	22.764	32.0011
1399874245.936	n	12.0806	3.69905	22.767	32.0010
1399874245.997	n	12.0806	3.69904	22.766	32.0010
1399874246.085	y	12.0805	3.69905	22.763	32.0010
1399874246.124	n	12.0805	3.69905	22.759	32.0011
1399874246.186	n	12.0804	3.69906	22.758	32.0012
1399874246.248	n	12.0804	3.69906	22.756	32.0013
1399874246.311	n	12.0805	3.69907	22.754	32.0013
1399874246.372	y	12.0805	3.69907	22.755	32.0013
1399874246.435	n	12.0805	3.69908	22.754	32.0013
1399874246.500	n	12.0805	3.69909	22.749	32.0014
1399874246.561	n	12.0805	3.69909	22.749	32.0014
1399874246.624	n	12.0805	3.69908	22.742	32.0013
1399874246.686	n	12.0805	3.69906	22.738	32.0012
1399874246.747	n	12.0805	3.69905	22.735	32.0010
1399874246.811	n	12.0805	3.69905	22.731	32.0010
1399874246.874	n	12.0805	3.69905	22.725	32.0011
1399874246.936	n	12.0806	3.69906	22.719	32.0012
1399874246.998	n	12.0806	3.69907	22.713	32.0012
1399874247.062	n	12.0806	3.69907	22.708	32.0011
1399874247.124	n	12.0806	3.69905	22.705	32.0011
1399874247.185	n	12.0805	3.69905	22.701	32.0011
1399874247.249	n	12.0805	3.69905	22.695	32.0010
1399874247.310	n	12.0805	3.69905	22.691	32.0011
1399874247.374	n	12.0805	3.69906	22.683	32.0012
1399874247.437	n	12.0805	3.69906	22.677	32.0012
1399874247.500	n	12.0805	3.69906	22.670	32.0012
1399874247.561	n	12.0805	3.69905	22.659	32.0012
1399874247.979	n	12.0804	3.69905	22.655	32.0011
1399874248.153	y	12.0804	3.69905	22.650	32.0012
1399874248.159	n	12.0804	3.69904	22.643	32.0011
1399874248.168	n	12.0804	3.69904	22.634	32.0011
1399874248.174	n	12.0804	3.69903	22.626	32.0010
1399874248.179	n	12.0805	3.69903	22.619	32.0010
1399874248.184	n	12.0804	3.69904	22.611	32.0011
1399874248.189	n	12.0804	3.69905	22.604	32.0012
1399874248.195	n	12.0804	3.69906	22.597	32.0013
1399874248.200	n	12.0805	3.69907	22.585	32.0014
1399874248.248	n	12.0805	3.69907	22.573	32.0014
1399874248.310	n	12.0805	3.69906	22.570	32.0013
1399874248.373	n	12.0804	3.69906	22.562	32.0013
1399874248.436	n	12.0805	3.69906	22.550	32.0013
1399874248.500	n	12.0805	3.69906	22.541	32.0013
1399874248.560	n	12.0805	3.69906	22.526	32.0013
1399874248.622	n	12.0805	3.69905	22.517	32.0012
1399874248.685	n	12.0804	3.69905	22.508	32.0012
1399874248.748	n	12.0804	3.69904	22.498	32.0012
1399874248.810	n	12.0803	3.69903	22.490	32.0012
1399874248.874	n	12.0803	3.69903	22.476	32.0012
1399874248.936	n	12.0804	3.69903	22.465	32.0011
1399874248.998	n	12.0804	3.69902	22.456	32.0010
1399874249.062	n	12.0804	3.69903	22.442	32.0011
1399874249.123	n	12.0804	3.69904	22.429	32.0012
1399874249.185	n	12.0804	3.69905	22.416	32.0013
1399874249.249	n	12.0805	3.69907	22.403	32.0014
1399874249.309	n	12.0805	3.69907	22.396	32.0014
1399874249.372	n	12.0805	3.69906	22.379	32.0014
1399874249.436	n	12.0804	3.69905	22.363	32.0013
1399874249.499	n	12.0804	3.69905	22.351	32.0013
1399874249.563	n	12.0804	3.69904	22.340	32.0012
1399874249.623	y	12.0804	3.69903	22.327	32.0012
1399874249.685	n	12.0805	3.69903	22.316	32.0011
1399874249.747	n	12.0805	3.69903	22.302	32.0011
1399874249.811	n	12.0805	3.69903	22.290	32.0011
1399874249.873	n	12.0805	3.69904	22.277	32.0011
1399874249.936	n	12.0805	3.69904	22.264	32.0012
1399874249.998	n	12.0805	3.69904	22.250	32.0012
1399874250.062	n	12.0805	3.69903	22.238	32.0012
1399874250.124	n	12.0804	3.69903	22.224	32.0012
1399874250.186	n	12.0804	3.69903	22.207	32.0012
1399874250.249	n	12.0804	3.69902	22.195	32.0011
1399874250.311	n	12.0804	3.69902	22.181	32.0011
1399874250.373	n	12.0804	3.69901	22.164	32.0011
1399874250.435	n	12.0804	3.69901	22.150	32.0010
1399874250.497	n	12.0804	3.69901	22.137	32.0010
1399874250.561	n	12.0804	3.69901	22.122	32.0011
1399874250.622	n	12.0804	3.69902	22.107	32.0011
1399874250.686	n	12.0804	3.69902	22.091	32.0012
1399874250.747	n	12.0804	3.69902	22.076	32.0012
1399874250.811	n	12.0803	3.69901	22.062	32.0012
1399874250.872	n	12.0802	3.69900	22.042	32.0011
1399874250.935	n	12.0802	3.69900	22.028	32.0011
1399874250.999	n	12.0802	3.69900	22.016	32.0011
1399874251.060	n	12.0802	3.69900	22.000	32.0011
1399874251.124	n	12.0802	3.69900	21.979	32.0011
1399874251.186	n	12.0802	3.69900	21.965	32.0011
1399874251.249	n	12.0802	3.69900	21.948	32.0011
1399874251.311	n	12.0802	3.69900	21.932	32.0012
1399874251.374	n	12.0802	3.69901	21.914	32.0013
1399874251.436	n	12.0802	3.69902	21.899	32.0014
1399874251.499	n	12.0802	3.69902	21.882	32.0014
1399874251.560	n	12.0802	3.69902	21.862	32.0014
1399874251.622	n	12.0802	3.69901	21.848	32.0014
1399874251.685	n	12.0802	3.69901	21.831	32.0013
1399874251.749	n	12.0802	3.69901	21.813	32.0013
1399874251.810	n	12.0802	3.69900	21.801	32.0012
1399874251.993	y	12.0802	3.69900	21.781	32.0012
1399874252.002	n	12.0802	3.69900	21.762	32.0013
1399874252.009	n	12.0801	3.69900	21.746	32.0013
1399874252.060	n	12.0800	3.69900	21.732	32.0014
1399874252.123	n	12.0799	3.69900	21.711	32.0015
1399874252.186	n	12.0799	3.69900	21.694	32.0015
1399874252.248	n	12.0799	3.69901	21.681	32.0016
1399874252.312	n	12.0799	3.69900	21.664	32.0016
1399874252.372	n	12.0799	3.69900	21.645	32.0016
1399874252.435	n	12.0799	3.69900	21.627	32.0016
1399874252.498	n	12.0799	3.69900	21.610	32.0015
1399874252.561	n	12.0799	3.69899	21.589	32.0015
1399874252.624	n	12.0799	3.69899	21.570	32.0015
1399874252.685	n	12.0799	3.69898	21.554	32.0015
1399874252.748	n	12.0798	3.69898	21.539	32.0015
1399874252.811	n	12.0798	3.69898	21.516	32.0015
1399874252.872	n	12.0797	3.69898	21.501	32.0016
1399874252.935	n	12.0797	3.69899	21.482	32.0017
1399874252.997	n	12.0797	3.69900	21.461	32.0018
1399874253.061	n	12.0797	3.69900	21.446	32.0018
1399874253.122	n	12.0797	3.69900	21.430	32.0018
1399874253.186	n	12.0797	3.69899	21.409	32.0018
1399874253.247	n	12.0796	3.69899	21.388	32.0018
1399874253.310	n	12.0796	3.69900	21.369	32.0020
1399874253.442	y	12.0795	3.69901	21.350	32.0021
1399874253.448	n	12.0795	3.69901	21.333	32.0021
1399874253.499	n	12.0794	3.69900	21.314	32.0021
1399874253.560	n	12.0793	3.69899	21.294	32.0021
1399874253.623	n	12.0793	3.69898	21.277	32.0020
1399874253.687	n	12.0793	3.69898	21.256	32.0020
1399874253.749	n	12.0792	3.69897	21.238	32.0021
1399874253.811	n	12.0791	3.69897	21.217	32.0021
1399874253.873	n	12.0791	3.69897	21.197	32.0022
1399874253.935	n	12.0790	3.69896	21.180	32.0021
1399874253.998	n	12.0790	3.69896	21.162	32.0021
1399874254.062	n	12.0790	3.69895	21.143	32.0021
1399874254.124	n	12.0790	3.69894	21.122	32.0020
1399874254.186	n	12.0789	3.69894	21.102	32.0020
1399874254.251	n	12.0789	3.69895	21.087	32.0021
1399874254.311	n	12.0788	3.69895	21.062	32.0023
1399874254.374	n	12.0787	3.69896	21.040	32.0025
1399874254.436	n	12.0786	3.69897	21.022	32.0026
1399874254.500	n	12.0786	3.69897	21.005	32.0027
1399874254.560	n	12.0785	3.69897	20.984	32.0027
1399874254.622	n	12.0784	3.69896	20.963	32.0027
1399874254.686	n	12.0784	3.69896	20.947	32.0028
1399874254.750	n	12.0783	3.69895	20.928	32.0028
1399874254.811	n	12.0782	3.69896	20.908	32.0029
1399874254.873	n	12.0781	3.69895	20.885	32.0029
1399874254.935	n	12.0780	3.69894	20.868	32.0029
1399874254.998	n	12.0780	3.69893	20.849	32.0028
1399874255.062	n	12.0780	3.69892	20.825	32.0028
1399874255.122	n	12.0780	3.69893	20.807	32.0029
1399874255.185	n	12.0779	3.69894	20.790	32.0030
1399874255.248	n	12.0779	3.69894	20.771	32.0031
1399874255.311	n	12.0778	3.69894	20.753	32.0032
1399874255.374	n	12.0777	3.69894	20.733	32.0033
1399874255.437	n	12.0777	3.69894	20.713	32.0033
1399874255.500	n	12.0776	3.69894	20.694	32.0034
1399874255.561	n	12.0776	3.69895	20.674	32.0034
1399874255.624	n	12.0776	3.69895	20.656	32.0034
1399874255.685	n	12.0776	3.69893	20.636	32.0033
1399874255.748	n	12.0776	3.69893	20.619	32.0033
1399874255.811	n	12.0776	3.69892	20.600	32.0032
1399874255.873	n	12.0775	3.69892	20.579	32.0032
1399874255.936	n	12.0775	3.69892	20.558	32.0033
1399874255.998	n	12.0774	3.69892	20.543	32.0034
1399874256.060	n	12.0774	3.69892	20.526	32.0034
1399874256.232	y	12.0774	3.69892	20.505	32.0034
1399874256.238	n	12.0773	3.69892	20.488	32.0035
1399874256.252	n	12.0772	3.69892	20.468	32.0036
1399874256.312	n	12.0772	3.69892	20.451	32.0037
1399874256.374	n	12.0772	3.69893	20.433	32.0037
1399874256.436	n	12.0771	3.69892	20.411	32.0037
1399874256.497	n	12.0771	3.69892	20.395	32.0037
1399874256.561	n	12.0771	3.69892	20.378	32.0037
1399874256.623	n	12.0771	3.69891	20.359	32.0036
1399874256.685	n	12.0770	3.69891	20.342	32.0037
1399874256.749	n	12.0770	3.69891	20.324	32.0037
1399874256.810	n	12.0770	3.69891	20.308	32.0037
1399874256.872	n	12.0770	3.69892	20.288	32.0038
1399874256.936	n	12.0770	3.69891	20.269	32.0037
1399874256.998	y	12.0770	3.69890	20.252	32.0036
1399874257.060	n	12.0770	3.69889	20.234	32.0036
1399874257.124	n	12.0770	3.69888	20.218	32.0035
1399874257.186	n	12.0770	3.69888	20.201	32.0035
1399874257.254	n	12.0769	3.69888	20.186	32.0035
1399874257.311	n	12.0769	3.69887	20.167	32.0035
1399874257.372	n	12.0769	3.69887	20.150	32.0035
1399874257.435	n	12.0769	3.69888	20.133	32.0036
1399874257.499	n	12.0769	3.69888	20.115	32.0036
1399874257.561	n	12.0769	3.69888	20.098	32.0036
1399874257.623	n	12.0768	3.69888	20.082	32.0037
1399874257.685	n	12.0768	3.69888	20.065	32.0037
1399874257.749	n	12.0768	3.69889	20.046	32.0038
1399874257.811	n	12.0769	3.69889	20.028	32.0038
1399874257.873	n	12.0769	3.69889	20.012	32.0038
1399874257.936	n	12.0769	3.69890	19.997	32.0038
1399874257.999	n	12.0769	3.69890	19.982	32.0038
1399874258.060	n	12.0769	3.69890	19.962	32.0038
1399874258.123	n	12.0769	3.69890	19.947	32.0038
1399874258.185	n	12.0769	3.69889	19.929	32.0038
1399874258.253	n	12.0769	3.69888	19.915	32.0037
1399874258.310	n	12.0769	3.69889	19.898	32.0038
1399874258.374	n	12.0769	3.69889	19.880	32.0038
1399874258.436	n	12.0769	3.69890	19.863	32.0039
1399874258.498	n	12.0768	3.69890	19.844	32.0040
1399874258.561	n	12.0768	3.69890	19.831	32.0040
1399874258.623	n	12.0767	3.69889	19.813	32.0040
1399874258.686	n	12.0768	3.69888	19.798	32.0039
1399874258.748	n	12.0768	3.69887	19.778	32.0037
1399874258.811	n	12.0769	3.69887	19.761	32.0036
1399874258.872	n	12.0769	3.69887	19.746	32.0037
1399874258.935	n	12.0769	3.69888	19.731	32.0038
1399874258.998	y	12.0769	3.69888	19.715	32.0038
1399874259.091	n	12.0768	3.69888	19.698	32.0038
1399874259.124	n	12.0768	3.69887	19.680	32.0038
1399874259.185	n	12.0768	3.69886	19.663	32.0037
1399874259.252	n	12.0768	3.69885	19.647	32.0036
1399874259.311	n	12.0768	3.69885	19.629	32.0036
1399874259.373	n	12.0767	3.69884	19.615	32.0036
1399874259.435	n	12.0767	3.69884	19.599	32.0036
1399874259.497	n	12.0767	3.69885	19.582	32.0037
1399874259.561	n	12.0767	3.69886	19.564	32.0038
1399874259.623	n	12.0767	3.69886	19.548	32.0038
1399874259.686	n	12.0767	3.69886	19.530	32.0038
1399874259.748	n	12.0767	3.69885	19.513	32.0038
1399874259.811	n	12.0767	3.69886	19.497	32.0038
1399874259.873	n	12.0767	3.69886	19.481	32.0038
1399874259.935	n	12.0767	3.69887	19.463	32.0039
1399874259.999	n	12.0767	3.69886	19.445	32.0039
1399874260.062	n	12.0766	3.69885	19.427	32.0039
1399874260.124	n	12.0765	3.69884	19.409	32.0038
1399874260.185	n	12.0765	3.69884	19.392	32.0038
1399874260.254	n	12.0765	3.69883	19.378	32.0038
1399874260.311	n	12.0765	3.69883	19.358	32.0038
1399874260.491	y	12.0765	3.69883	19.342	32.0038
1399874260.500	n	12.0764	3.69884	19.326	32.0039
1399874260.505	n	12.0764	3.69884	19.306	32.0040
1399874260.562	n	12.0763	3.69884	19.284	32.0041
1399874260.623	n	12.0763	3.69884	19.272	32.0040
1399874260.686	y	12.0763	3.69883	19.252	32.0040
1399874260.748	n	12.0763	3.69883	19.233	32.0040
1399874260.812	n	12.0763	3.69883	19.216	32.0040
1399874260.873	n	12.0762	3.69884	19.198	32.0041
1399874260.936	n	12.0762	3.69884	19.182	32.0042
1399874260.998	n	12.0762	3.69883	19.163	32.0041
1399874261.062	n	12.0761	3.69883	19.145	32.0042
1399874261.123	n	12.0761	3.69882	19.129	32.0042
1399874261.186	n	12.0760	3.69882	19.110	32.0041
1399874261.254	n	12.0760	3.69882	19.086	32.0042
1399874261.312	n	12.0760	3.69882	19.072	32.0042
1399874261.372	n	12.0760	3.69882	19.051	32.0043
1399874261.436	n	12.0760	3.69884	19.031	32.0044
1399874261.499	n	12.0760	3.69884	19.016	32.0045
1399874261.560	n	12.0760	3.69884	18.993	32.0044
1399874261.624	n	12.0761	3.69884	18.971	32.0044
1399874261.685	n	12.0761	3.69882	18.949	32.0043
1399874261.749	n	12.0760	3.69882	18.932	32.0043
1399874261.810	n	12.0760	3.69882	18.919	32.0043
1399874261.873	n	12.0760	3.69882	18.898	32.0043
1399874261.936	n	12.0760	3.69882	18.877	32.0042
1399874261.999	n	12.0761	3.69881	18.854	32.0042
1399874262.061	n	12.0761	3.69881	18.836	32.0042
1399874262.122	n	12.0761	3.69881	18.815	32.0042
1399874262.185	n	12.0760	3.69881	18.797	32.0042
1399874262.249	n	12.0760	3.69881	18.774	32.0042
1399874262.310	n	12.0760	3.69880	18.756	32.0041
1399874262.373	n	12.0761	3.69879	18.735	32.0040
1399874262.436	n	12.0761	3.69878	18.715	32.0039
1399874262.498	n	12.0762	3.69878	18.693	32.0038
1399874262.562	n	12.0762	3.69879	18.671	32.0039
1399874262.623	n	12.0763	3.69880	18.654	32.0039
1399874262.685	n	12.0764	3.69880	18.635	32.0039
1399874262.749	n	12.0765	3.69879	18.613	32.0037
1399874262.810	n	12.0766	3.69878	18.592	32.0035
1399874262.874	n	12.0766	3.69877	18.570	32.0034
1399874262.936	n	12.0767	3.69877	18.547	32.0034
1399874262.999	n	12.0768	3.69878	18.524	32.0034
1399874263.062	n	12.0769	3.69878	18.505	32.0033
1399874263.123	n	12.0771	3.69878	18.481	32.0032
1399874263.185	n	12.0773	3.69878	18.460	32.0030
1399874263.248	n	12.0774	3.69877	18.437	32.0027
1399874263.311	n	12.0776	3.69876	18.414	32.0026
1399874263.373	n	12.0777	3.69876	18.396	32.0024
1399874263.436	n	12.0778	3.69876	18.376	32.0024
1399874263.498	n	12.0779	3.69876	18.356	32.0023
1399874263.562	n	12.0780	3.69876	18.334	32.0022
1399874263.623	n	12.0781	3.69877	18.309	32.0023
1399874263.686	n	12.0782	3.69878	18.290	32.0023
1399874263.748	n	12.0783	3.69878	18.269	32.0021
1399874263.812	n	12.0784	3.69878	18.246	32.0021
1399874263.874	n	12.0785	3.69878	18.221	32.0021
1399874263.935	n	12.0786	3.69878	18.196	32.0019
1399874264.000	n	12.0788	3.69877	18.174	32.0018
1399874264.062	n	12.0789	3.69875	18.161	32.0014
1399874264.123	n	12.0791	3.69874	18.137	32.0012
1399874264.186	n	12.0792	3.69874	18.118	32.0011
1399874264.250	n	12.0793	3.69875	18.094	32.0011
1399874264.310	n	12.0794	3.69876	18.069	32.0011
1399874264.396	y	12.0796	3.69876	18.047	32.0010
1399874264.436	n	12.0797	3.69876	18.023	32.0008
1399874264.498	n	12.0799	3.69875	18.001	32.0006
1399874264.561	n	12.0800	3.69874	17.979	32.0005
1399874264.693	y	12.0801	3.69875	17.960	32.0005
1399874264.698	n	12.0802	3.69876	17.937	32.0005
1399874264.749	n	12.0803	3.69875	17.914	32.0004
1399874264.810	n	12.0803	3.69876	17.894	32.0004
1399874264.873	n	12.0804	3.69876	17.870	32.0003
1399874264.937	n	12.0805	3.69875	17.849	32.0002
1399874264.999	n	12.0806	3.69875	17.827	32.0001
1399874265.060	n	12.0807	3.69874	17.803	31.9999
1399874265.123	n	12.0809	3.69873	17.780	31.9997
1399874265.187	n	12.0810	3.69872	17.760	31.9995
1399874265.249	n	12.0811	3.69873	17.740	31.9995
1399874265.310	n	12.0812	3.69873	17.716	31.9995
1399874265.372	n	12.0812	3.69873	17.692	31.9995
1399874265.436	n	12.0813	3.69873	17.668	31.9994
1399874265.499	n	12.0814	3.69873	17.650	31.9994
1399874265.562	n	12.0815	3.69873	17.630	31.9992
1399874265.623	n	12.0816	3.69873	17.606	31.9991
1399874265.686	n	12.0817	3.69873	17.584	31.9991
1399874265.749	n	12.0818	3.69874	17.560	31.9991
1399874265.811	n	12.0818	3.69873	17.539	31.9990
1399874265.874	n	12.0819	3.69873	17.516	31.9989
1399874265.935	n	12.0819	3.69872	17.494	31.9988
1399874265.997	n	12.0820	3.69872	17.473	31.9987
1399874266.062	n	12.0820	3.69871	17.453	31.9987
1399874266.123	n	12.0821	3.69872	17.429	31.9987
1399874266.186	n	12.0822	3.69872	17.407	31.9987
1399874266.247	n	12.0822	3.69873	17.384	31.9987
1399874266.311	n	12.0823	3.69874	17.364	31.9987
1399874266.374	n	12.0824	3.69873	17.342	31.9986
1399874266.435	n	12.0825	3.69872	17.321	31.9983
1399874266.497	n	12.0827	3.69871	17.297	31.9981
1399874266.562	n	12.0828	3.69870	17.275	31.9980
1399874266.623	n	12.0829	3.69871	17.251	31.9980
1399874266.686	n	12.0830	3.69871	17.233	31.9979
1399874266.750	n	12.0832	3.69872	17.210	31.9979
1399874266.811	n	12.0833	3.69872	17.187	31.9977
1399874266.873	n	12.0835	3.69871	17.165	31.9975
1399874266.935	n	12.0837	3.69870	17.144	31.9972
1399874266.998	n	12.0840	3.69870	17.122	31.9970
1399874267.062	n	12.0842	3.69869	17.104	31.9968
1399874267.123	n	12.0844	3.69869	17.080	31.9967
1399874267.185	n	12.0845	3.69869	17.058	31.9965
1399874267.251	n	12.0847	3.69869	17.037	31.9964
1399874267.313	n	12.0849	3.69870	17.017	31.9963
1399874267.373	n	12.0851	3.69871	16.995	31.9962
1399874267.435	n	12.0853	3.69870	16.970	31.9960
1399874267.498	n	12.0855	3.69870	16.950	31.9958
1399874267.562	n	12.0857	3.69869	16.928	31.9956
1399874267.622	n	12.0859	3.69869	16.909	31.9954
1399874267.687	n	12.0861	3.69869	16.887	31.9952
1399874267.748	n	12.0863	3.69869	16.866	31.9951
1399874267.812	n	12.0865	3.69869	16.845	31.9950
1399874267.874	n	12.0867	3.69869	16.823	31.9947
1399874267.936	y	12.0869	3.69868	16.799	31.9945
1399874268.017	n	12.0871	3.69868	16.781	31.9943
1399874268.062	n	12.0873	3.69867	16.762	31.9940
1399874268.124	n	12.0875	3.69867	16.736	31.9939
1399874268.186	n	12.0877	3.69867	16.713	31.9938
1399874268.251	n	12.0878	3.69868	16.694	31.9937
1399874268.312	n	12.0880	3.69868	16.674	31.9936
1399874268.373	n	12.0882	3.69868	16.652	31.9934
1399874268.435	n	12.0884	3.69867	16.632	31.9932
1399874268.497	n	12.0887	3.69867	16.608	31.9929
1399874268.561	n	12.0889	3.69867	16.593	31.9927
1399874268.624	n	12.0891	3.69867	16.567	31.9926
1399874268.685	n	12.0893	3.69866	16.546	31.9924
1399874268.749	n	12.0895	3.69866	16.524	31.9922
1399874268.812	n	12.0898	3.69866	16.502	31.9919
1399874269.002	y	12.0901	3.69866	16.482	31.9917
1399874269.008	n	12.0903	3.69867	16.464	31.9915
1399874269.013	n	12.0906	3.69867	16.444	31.9913
1399874269.060	n	12.0908	3.69866	16.419	31.9911
1399874269.123	n	12.0910	3.69866	16.398	31.9909
1399874269.186	n	12.0912	3.69865	16.378	31.9907
1399874269.252	n	12.0914	3.69865	16.358	31.9904
1399874269.311	n	12.0917	3.69864	16.337	31.9902
1399874269.374	n	12.0919	3.69864	16.315	31.9900
1399874269.435	n	12.0921	3.69864	16.294	31.9898
1399874269.497	n	12.0924	3.69865	16.274	31.9897
1399874269.560	n	12.0926	3.69865	16.252	31.9895
1399874269.623	n	12.0929	3.69865	16.227	31.9893
1399874269.686	n	12.0932	3.69865	16.207	31.9890
1399874269.748	n	12.0935	3.69865	16.187	31.9887
1399874269.812	n	12.0937	3.69864	16.166	31.9885
1399874269.874	n	12.0940	3.69863	16.145	31.9882
1399874269.936	n	12.0942	3.69863	16.124	31.9880
1399874270.000	n	12.0944	3.69864	16.104	31.9879
1399874270.062	n	12.0947	3.69865	16.082	31.9878
1399874270.124	n	12.0949	3.69865	16.059	31.9876
1399874270.185	n	12.0951	3.69865	16.038	31.9874
1399874270.248	n	12.0954	3.69864	16.019	31.9871
1399874270.310	n	12.0956	3.69864	15.996	31.9870
1399874270.373	n	12.0959	3.69865	15.976	31.9868
1399874270.436	n	12.0961	3.69865	15.953	31.9866
1399874270.499	n	12.0964	3.69864	15.931	31.9863
1399874270.561	n	12.0967	3.69863	15.912	31.9860
1399874270.623	n	12.0970	3.69863	15.890	31.9857
1399874270.686	n	12.0972	3.69863	15.870	31.9855
1399874270.748	n	12.0975	3.69863	15.851	31.9852
1399874270.814	n	12.0978	3.69863	15.828	31.9850
1399874270.874	n	12.0980	3.69862	15.805	31.9848
1399874270.936	n	12.0982	3.69862	15.784	31.9846
1399874270.999	n	12.0984	3.69863	15.763	31.9845
1399874271.061	n	12.0987	3.69864	15.741	31.9844
1399874271.123	n	12.0990	3.69864	15.719	31.9842
1399874271.185	n	12.0992	3.69864	15.698	31.9839
1399874271.248	n	12.0995	3.69862	15.677	31.9836
1399874271.310	n	12.0998	3.69862	15.656	31.9833
1399874271.374	n	12.1001	3.69862	15.635	31.9831
1399874271.436	n	12.1003	3.69863	15.613	31.9829
1399874271.500	n	12.1006	3.69862	15.592	31.9827
1399874271.561	n	12.1008	3.69862	15.572	31.9825
1399874271.623	n	12.1011	3.69862	15.549	31.9823
1399874271.752	y	12.1013	3.69862	15.530	31.9821
1399874271.758	n	12.1016	3.69862	15.507	31.9818
1399874271.811	n	12.1019	3.69861	15.487	31.9815
1399874271.874	n	12.1021	3.69860	15.460	31.9812
1399874271.936	n	12.1024	3.69860	15.444	31.9809
1399874271.999	n	12.1027	3.69859	15.423	31.9807
1399874272.061	n	12.1029	3.69858	15.399	31.9804
1399874272.123	n	12.1031	3.69857	15.379	31.9801
1399874272.185	n	12.1033	3.69857	15.359	31.9799
1399874272.248	n	12.1035	3.69858	15.338	31.9798
1399874272.310	n	12.1038	3.69859	15.316	31.9797
1399874272.373	n	12.1041	3.69860	15.294	31.9796
1399874272.435	n	12.1043	3.69860	15.271	31.9794
1399874272.499	n	12.1045	3.69860	15.251	31.9792
1399874272.562	n	12.1048	3.69860	15.231	31.9790
1399874272.622	n	12.1050	3.69860	15.212	31.9788
1399874272.685	n	12.1053	3.69860	15.193	31.9786
1399874272.749	n	12.1056	3.69860	15.172	31.9784
1399874272.810	n	12.1058	3.69860	15.149	31.9781
1399874272.873	n	12.1060	3.69859	15.126	31.9779
1399874272.935	n	12.1062	3.69858	15.108	31.9777
1399874272.999	n	12.1064	3.69857	15.091	31.9774
1399874273.063	n	12.1066	3.69856	15.067	31.9772
1399874273.231	y	12.1068	3.69856	15.045	31.9770
1399874273.238	n	12.1070	3.69857	15.023	31.9769
1399874273.248	n	12.1072	3.69858	15.001	31.9769
1399874273.312	n	12.1074	3.69858	14.983	31.9767
1399874273.373	n	12.1077	3.69857	14.961	31.9764
1399874273.436	n	12.1079	3.69856	14.939	31.9761
1399874273.497	n	12.1082	3.69855	14.918	31.9757
1399874273.561	n	12.1084	3.69854	14.901	31.9755
1399874273.623	n	12.1085	3.69854	14.882	31.9754
1399874273.686	n	12.1086	3.69855	14.861	31.9754
1399874273.748	n	12.1088	3.69856	14.841	31.9753
1399874273.811	n	12.1090	3.69857	14.819	31.9753
1399874273.873	n	12.1092	3.69857	14.802	31.9752
1399874273.935	n	12.1094	3.69857	14.785	31.9750
1399874273.999	n	12.1095	3.69856	14.763	31.9748
1399874274.060	n	12.1097	3.69855	14.742	31.9745
1399874274.122	n	12.1099	3.69854	14.722	31.9742
1399874274.185	n	12.1101	3.69853	14.702	31.9740
1399874274.249	n	12.1102	3.69853	14.684	31.9739
1399874274.419	y	12.1103	3.69853	14.664	31.9739
1399874274.424	n	12.1104	3.69854	14.642	31.9739
1399874274.435	n	12.1106	3.69854	14.622	31.9737
1399874274.498	n	12.1108	3.69854	14.604	31.9736
1399874274.561	n	12.1110	3.69854	14.583	31.9734
1399874274.623	n	12.1111	3.69853	14.567	31.9732
1399874274.686	n	12.1112	3.69852	14.545	31.9731
1399874274.748	n	12.1113	3.69852	14.525	31.9729
1399874274.812	n	12.1114	3.69852	14.505	31.9728
1399874274.873	n	12.1116	3.69852	14.482	31.9728
1399874274.936	n	12.1117	3.69853	14.462	31.9727
1399874274.999	n	12.1119	3.69852	14.442	31.9725
1399874275.061	n	12.1120	3.69851	14.421	31.9723
1399874275.123	n	12.1121	3.69850	14.404	31.9721
1399874275.186	n	12.1122	3.69849	14.382	31.9719
1399874275.250	n	12.1123	3.69850	14.366	31.9719
1399874275.311	n	12.1123	3.69850	14.348	31.9720
1399874275.373	y	12.1124	3.69851	14.327	31.9720
1399874275.437	n	12.1125	3.69852	14.307	31.9721
1399874275.499	n	12.1126	3.69853	14.286	31.9721
1399874275.562	n	12.1127	3.69853	14.267	31.9720
1399874275.624	n	12.1127	3.69855	14.249	31.9721
1399874275.686	n	12.1128	3.69854	14.229	31.9720
1399874275.748	n	12.1128	3.69853	14.212	31.9719
1399874275.812	n	12.1128	3.69852	14.192	31.9718
1399874275.873	n	12.1128	3.69851	14.171	31.9717
1399874275.935	n	12.1129	3.69850	14.152	31.9716
1399874275.999	n	12.1129	3.69850	14.131	31.9715
1399874276.061	n	12.1129	3.69850	14.112	31.9715
1399874276.123	n	12.1129	3.69849	14.098	31.9715
1399874276.185	n	12.1130	3.69849	14.079	31.9714
1399874276.249	n	12.1130	3.69848	14.054	31.9714
1399874276.312	n	12.1130	3.69848	14.036	31.9714
1399874276.374	n	12.1129	3.69848	14.016	31.9714
1399874276.436	n	12.1129	3.69848	13.996	31.9715
1399874276.498	n	12.1128	3.69848	13.975	31.9715
1399874276.560	n	12.1128	3.69848	13.956	31.9716
1399874276.623	n	12.1128	3.69848	13.934	31.9715
1399874276.687	n	12.1127	3.69847	13.916	31.9715
1399874276.749	n	12.1127	3.69847	13.896	31.9715
1399874276.811	n	12.1126	3.69846	13.875	31.9715
1399874276.873	n	12.1126	3.69846	13.858	31.9716
1399874276.935	n	12.1125	3.69846	13.838	31.9717
1399874276.999	n	12.1125	3.69846	13.815	31.9717
1399874277.060	n	12.1124	3.69846	13.796	31.9717
1399874277.123	n	12.1124	3.69846	13.774	31.9717
1399874277.185	n	12.1123	3.69845	13.753	31.9717
1399874277.248	n	12.1122	3.69845	13.735	31.9718
1399874277.311	n	12.1121	3.69845	13.716	31.9720
1399874277.498	y	12.1120	3.69845	13.693	31.9720
1399874277.506	n	12.1119	3.69845	13.674	31.9721
1399874277.512	n	12.1118	3.69845	13.653	31.9722
1399874277.561	n	12.1118	3.69845	13.633	31.9723
1399874277.624	n	12.1117	3.69845	13.610	31.9723
1399874277.686	n	12.1116	3.69845	13.587	31.9724
1399874277.750	n	12.1115	3.69844	13.566	31.9724
1399874277.811	n	12.1113	3.69843	13.545	31.9725
1399874277.873	n	12.1111	3.69842	13.524	31.9725
1399874277.936	n	12.1110	3.69842	13.502	31.9726
1399874277.999	n	12.1109	3.69842	13.481	31.9727
1399874278.061	n	12.1109	3.69841	13.459	31.9727
1399874278.123	n	12.1109	3.69841	13.436	31.9727
1399874278.185	n	12.1108	3.69841	13.414	31.9728
1399874278.249	n	12.1106	3.69840	13.388	31.9729
1399874278.311	n	12.1105	3.69840	13.369	31.9730
1399874278.374	n	12.1103	3.69841	13.344	31.9733
1399874278.437	n	12.1101	3.69842	13.321	31.9735
1399874278.502	n	12.1100	3.69843	13.296	31.9737
1399874278.560	n	12.1099	3.69843	13.274	31.9738
1399874278.625	n	12.1097	3.69842	13.254	31.9739
1399874278.685	n	12.1096	3.69841	13.229	31.9739
1399874278.750	n	12.1094	3.69841	13.204	31.9740
1399874278.811	n	12.1094	3.69841	13.181	31.9741
1399874278.874	n	12.1093	3.69839	13.158	31.9740
1399874278.972	y	12.1092	3.69839	13.131	31.9741
1399874279.000	n	12.1091	3.69838	13.106	31.9741
1399874279.060	n	12.1091	3.69837	13.082	31.9740
1399874279.122	n	12.1091	3.69837	13.061	31.9740
1399874279.185	n	12.1091	3.69837	13.037	31.9740
1399874279.249	n	12.1091	3.69837	13.013	31.9740
1399874279.311	n	12.1091	3.69838	12.989	31.9741
1399874279.373	n	12.1090	3.69838	12.966	31.9742
1399874279.435	n	12.1090	3.69839	12.941	31.9743
1399874279.499	n	12.1089	3.69839	12.917	31.9744
1399874279.562	n	12.1089	3.69839	12.892	31.9744
1399874279.624	n	12.1088	3.69838	12.869	31.9745
1399874279.685	n	12.1087	3.69838	12.845	31.9745
1399874279.749	n	12.1087	3.69838	12.820	31.9745
1399874279.811	n	12.1087	3.69836	12.799	31.9744
1399874279.872	n	12.1087	3.69836	12.772	31.9744
1399874279.936	n	12.1087	3.69836	12.751	31.9743
1399874279.998	n	12.1088	3.69835	12.728	31.9742
1399874280.062	n	12.1088	3.69834	12.703	31.9742
1399874280.124	n	12.1087	3.69834	12.676	31.9742
1399874280.187	n	12.1086	3.69834	12.655	31.9743
1399874280.249	n	12.1085	3.69834	12.631	31.9744
1399874280.311	n	12.1084	3.69834	12.608	31.9745
1399874280.373	n	12.1084	3.69834	12.585	31.9746
1399874280.436	n	12.1083	3.69835	12.561	31.9747
1399874280.498	n	12.1083	3.69835	12.539	31.9747
1399874280.560	n	12.1083	3.69836	12.513	31.9748
1399874280.623	n	12.1083	3.69835	12.491	31.9747
1399874280.685	n	12.1083	3.69834	12.470	31.9746
1399874280.749	n	12.1083	3.69832	12.448	31.9744
1399874280.812	n	12.1083	3.69831	12.421	31.9743
1399874280.874	n	12.1083	3.69830	12.400	31.9742
1399874280.935	n	12.1083	3.69830	12.378	31.9743
1399874280.997	n	12.1082	3.69831	12.354	31.9744
1399874281.061	n	12.1082	3.69831	12.330	31.9745
1399874281.123	n	12.1082	3.69832	12.311	31.9746
1399874281.185	n	12.1081	3.69833	12.289	31.9747
1399874281.248	n	12.1081	3.69833	12.266	31.9748
1399874281.314	n	12.1081	3.69833	12.243	31.9748
1399874281.373	n	12.1082	3.69832	12.224	31.9747
1399874281.436	n	12.1082	3.69831	12.201	31.9746
1399874281.500	n	12.1081	3.69830	12.178	31.9745
1399874281.561	n	12.1081	3.69830	12.151	31.9745
1399874281.692	y	12.1081	3.69830	12.130	31.9745
1399874281.697	n	12.1081	3.69830	12.112	31.9745
1399874281.749	n	12.1082	3.69830	12.092	31.9745
1399874281.811	n	12.1082	3.69830	12.070	31.9744
1399874281.872	n	12.1083	3.69830	12.047	31.9744
1399874281.937	n	12.1084	3.69830	12.028	31.9743
1399874281.998	n	12.1084	3.69831	12.007	31.9744
1399874282.060	n	12.1083	3.69830	11.986	31.9745
1399874282.124	n	12.1083	3.69830	11.963	31.9745
1399874282.186	n	12.1083	3.69830	11.943	31.9744
1399874282.248	n	12.1083	3.69829	11.923	31.9744
1399874282.313	n	12.1083	3.69828	11.898	31.9743
1399874282.373	n	12.1083	3.69828	11.878	31.9743
1399874282.435	n	12.1084	3.69828	11.862	31.9742
1399874282.498	n	12.1085	3.69828	11.840	31.9742
1399874282.561	n	12.1086	3.69828	11.820	31.9741
1399874282.678	y	12.1088	3.69828	11.799	31.9739
1399874282.687	n	12.1090	3.69828	11.780	31.9737
1399874282.749	n	12.1092	3.69828	11.758	31.9736
1399874282.812	n	12.1095	3.69828	11.740	31.9733
1399874282.874	n	12.1098	3.69828	11.720	31.9731
1399874282.936	n	12.1101	3.69827	11.698	31.9727
1399874282.998	n	12.1106	3.69827	11.681	31.9724
1399874283.061	n	12.1111	3.69828	11.661	31.9720
1399874283.123	n	12.1116	3.69828	11.641	31.9716
1399874283.185	n	12.1122	3.69827	11.621	31.9710
1399874283.247	n	12.1128	3.69827	11.605	31.9704
1399874283.312	n	12.1134	3.69826	11.582	31.9698
1399874283.374	n	12.1141	3.69827	11.562	31.9694
1399874283.437	n	12.1148	3.69827	11.545	31.9688
1399874283.499	n	12.1155	3.69827	11.525	31.9682
1399874283.562	n	12.1164	3.69827	11.504	31.9674
1399874283.624	n	12.1172	3.69826	11.485	31.9667
1399874283.686	n	12.1181	3.69826	11.469	31.9659
1399874283.749	n	12.1190	3.69826	11.448	31.9651
1399874283.810	n	12.1200	3.69827	11.431	31.9643
1399874283.874	n	12.1210	3.69828	11.414	31.9637
1399874283.936	n	12.1220	3.69829	11.395	31.9629
1399874283.998	n	12.1230	3.69829	11.376	31.9621
1399874284.062	n	12.1240	3.69828	11.357	31.9611
1399874284.124	n	12.1251	3.69827	11.334	31.9600
1399874284.186	n	12.1262	3.69826	11.319	31.9590
1399874284.249	n	12.1274	3.69827	11.298	31.9581
1399874284.311	n	12.1285	3.69828	11.278	31.9573
1399874284.374	n	12.1297	3.69830	11.261	31.9564
1399874284.435	n	12.1309	3.69831	11.242	31.9555
1399874284.499	n	12.1321	3.69832	11.221	31.9546
1399874284.561	n	12.1333	3.69832	11.204	31.9536
1399874284.624	n	12.1346	3.69832	11.185	31.9524
1399874284.686	n	12.1359	3.69832	11.166	31.9513
1399874284.750	n	12.1372	3.69832	11.146	31.9503
1399874284.811	n	12.1384	3.69832	11.125	31.9492
1399874284.873	n	12.1397	3.69832	11.107	31.9481
1399874284.935	n	12.1410	3.69832	11.093	31.9470
1399874284.998	n	12.1424	3.69831	11.072	31.9457
1399874285.062	n	12.1438	3.69831	11.051	31.9446
1399874285.124	n	12.1452	3.69831	11.031	31.9434
1399874285.186	n	12.1465	3.69831	11.018	31.9423
1399874285.248	n	12.1479	3.69832	10.994	31.9412
1399874285.312	n	12.1493	3.69833	10.976	31.9401
1399874285.373	n	12.1507	3.69834	10.957	31.9390
1399874285.436	n	12.1521	3.69834	10.939	31.9378
1399874285.500	n	12.1536	3.69834	10.922	31.9365
1399874285.561	n	12.1551	3.69833	10.904	31.9352
1399874285.622	n	12.1566	3.69834	10.885	31.9340
1399874285.685	n	12.1581	3.69834	10.864	31.9327
1399874285.750	n	12.1596	3.69834	10.845	31.9314
1399874285.811	n	12.1611	3.69833	10.825	31.9301
1399874285.977	y	12.1626	3.69833	10.806	31.9288
1399874285.984	n	12.1640	3.69833	10.793	31.9276
1399874285.999	n	12.1654	3.69834	10.771	31.9265
1399874286.061	n	12.1668	3.69834	10.749	31.9254
1399874286.124	n	12.1682	3.69834	10.732	31.9242
1399874286.185	n	12.1696	3.69834	10.715	31.9229
1399874286.249	n	12.1709	3.69833	10.694	31.9217
1399874286.322	y	12.1723	3.69833	10.672	31.9206
1399874286.373	n	12.1735	3.69833	10.656	31.9195
1399874286.436	n	12.1748	3.69833	10.636	31.9185
1399874286.498	n	12.1760	3.69833	10.617	31.9175
1399874286.562	n	12.1772	3.69834	10.597	31.9165
1399874286.623	n	12.1784	3.69833	10.577	31.9154
1399874286.686	n	12.1797	3.69834	10.555	31.9144
1399874286.748	n	12.1808	3.69834	10.535	31.9134
1399874286.812	n	12.1820	3.69834	10.515	31.9124
1399874286.873	n	12.1831	3.69834	10.494	31.9115
1399874286.935	n	12.1842	3.69834	10.479	31.9106
1399874286.999	n	12.1853	3.69834	10.455	31.9097
1399874287.062	n	12.1864	3.69835	10.434	31.9089
1399874287.123	n	12.1874	3.69835	10.416	31.9080
1399874287.185	n	12.1885	3.69835	10.394	31.9071
1399874287.248	n	12.1895	3.69835	10.373	31.9062
1399874287.311	n	12.1905	3.69835	10.354	31.9054
1399874287.373	n	12.1915	3.69835	10.333	31.9045
1399874287.436	n	12.1925	3.69835	10.317	31.9036
1399874287.499	n	12.1935	3.69835	10.295	31.9028
1399874287.560	n	12.1945	3.69836	10.275	31.9020
1399874287.623	n	12.1954	3.69836	10.254	31.9013
1399874287.685	n	12.1964	3.69836	10.233	31.9005
1399874287.749	n	12.1973	3.69836	10.215	31.8997
1399874287.811	n	12.1982	3.69835	10.195	31.8988
1399874287.874	n	12.1991	3.69836	10.173	31.8982
1399874287.935	n	12.1999	3.69836	10.150	31.8975
1399874287.999	n	12.2007	3.69836	10.133	31.8968
1399874288.060	n	12.2016	3.69835	10.109	31.8960
1399874288.124	n	12.2024	3.69835	10.089	31.8953
1399874288.187	n	12.2033	3.69835	10.069	31.8946
1399874288.248	n	12.2040	3.69835	10.049	31.8940
1399874288.312	n	12.2048	3.69835	10.026	31.8933
1399874288.374	n	12.2055	3.69834	10.004	31.8926
1399874288.436	n	12.2063	3.69833	9.983	31.8919
1399874288.499	n	12.2071	3.69833	9.962	31.8912
1399874288.560	n	12.2079	3.69834	9.942	31.8906
1399874288.623	n	12.2087	3.69834	9.921	31.8899
1399874288.687	n	12.2096	3.69834	9.896	31.8892
1399874288.749	n	12.2105	3.69834	9.878	31.8885
1399874288.810	n	12.2113	3.69835	9.855	31.8878
1399874288.873	n	12.2122	3.69835	9.838	31.8871
1399874288.936	n	12.2131	3.69835	9.816	31.8863
1399874288.998	n	12.2141	3.69835	9.792	31.8855
1399874289.062	n	12.2151	3.69836	9.772	31.8847
1399874289.123	n	12.2162	3.69837	9.748	31.8839
1399874289.186	n	12.2172	3.69837	9.729	31.8830
1399874289.248	n	12.2183	3.69837	9.709	31.8821
1399874289.312	n	12.2194	3.69837	9.687	31.8812
1399874289.374	n	12.2205	3.69837	9.665	31.8803
1399874289.436	y	12.2216	3.69837	9.644	31.8794
1399874289.603	n	12.2227	3.69837	9.621	31.8785
1399874289.608	n	12.2238	3.69836	9.599	31.8774
1399874289.623	n	12.2250	3.69835	9.579	31.8763
1399874289.686	n	12.2262	3.69836	9.560	31.8753
1399874289.749	n	12.2274	3.69835	9.537	31.8743
1399874289.812	n	12.2286	3.69836	9.520	31.8733
1399874289.873	n	12.2298	3.69836	9.495	31.8723
1399874289.935	n	12.2310	3.69836	9.471	31.8713
1399874289.999	y	12.2322	3.69836	9.453	31.8703
1399874290.060	n	12.2334	3.69836	9.435	31.8692
1399874290.203	y	12.2346	3.69836	9.413	31.8682
1399874290.208	n	12.2358	3.69837	9.392	31.8673
1399874290.249	n	12.2370	3.69839	9.371	31.8665
1399874290.311	n	12.2382	3.69839	9.348	31.8655
1399874290.373	n	12.2394	3.69838	9.329	31.8644
1399874290.436	n	12.2406	3.69837	9.309	31.8633
1399874290.500	n	12.2418	3.69836	9.288	31.8622
1399874290.560	n	12.2430	3.69836	9.265	31.8612
1399874290.624	n	12.2442	3.69837	9.243	31.8602
1399874290.685	n	12.2455	3.69838	9.225	31.8593
1399874290.750	n	12.2467	3.69838	9.205	31.8583
1399874290.812	n	12.2479	3.69838	9.186	31.8573
1399874290.874	n	12.2491	3.69838	9.163	31.8562
1399874290.936	n	12.2503	3.69837	9.145	31.8551
1399874290.999	n	12.2516	3.69837	9.124	31.8540
1399874291.060	n	12.2528	3.69838	9.103	31.8531
1399874291.124	n	12.2540	3.69838	9.086	31.8521
1399874291.186	n	12.2551	3.69839	9.067	31.8512
1399874291.249	n	12.2563	3.69839	9.047	31.8503
1399874291.310	n	12.2574	3.69840	9.026	31.8494
1399874291.373	n	12.2585	3.69842	9.003	31.8486
1399874291.435	n	12.2597	3.69842	8.984	31.8476
1399874291.499	n	12.2608	3.69840	8.965	31.8465
1399874291.561	n	12.2620	3.69839	8.944	31.8454
1399874291.623	n	12.2631	3.69838	8.927	31.8444
1399874291.686	n	12.2642	3.69838	8.907	31.8434
1399874291.748	n	12.2653	3.69838	8.885	31.8426
1399874291.810	n	12.2663	3.69838	8.868	31.8417
1399874291.873	n	12.2673	3.69838	8.845	31.8409
1399874291.935	n	12.2684	3.69838	8.825	31.8399
1399874292.000	n	12.2694	3.69838	8.807	31.8391
1399874292.061	n	12.2704	3.69839	8.790	31.8383
1399874292.122	n	12.2714	3.69838	8.772	31.8374
1399874292.187	n	12.2724	3.69839	8.753	31.8366
1399874292.248	n	12.2734	3.69839	8.732	31.8358
1399874292.312	n	12.2743	3.69838	8.712	31.8350
1399874292.374	n	12.2752	3.69839	8.695	31.8342
1399874292.436	n	12.2762	3.69839	8.675	31.8334
1399874292.499	n	12.2771	3.69839	8.654	31.8327
1399874292.562	n	12.2781	3.69839	8.632	31.8319
1399874292.623	n	12.2791	3.69839	8.614	31.8310
1399874292.686	n	12.2801	3.69838	8.596	31.8301
1399874292.749	n	12.2811	3.69838	8.575	31.8293
1399874292.812	n	12.2820	3.69838	8.552	31.8285
1399874292.875	n	12.2830	3.69838	8.534	31.8277
1399874292.937	n	12.2840	3.69839	8.517	31.8270
1399874293.000	n	12.2849	3.69840	8.498	31.8262
1399874293.061	n	12.2859	3.69841	8.478	31.8255
1399874293.124	n	12.2868	3.69842	8.455	31.8248
1399874293.186	n	12.2877	3.69842	8.438	31.8240
1399874293.250	n	12.2887	3.69841	8.417	31.8231
1399874293.311	n	12.2897	3.69841	8.397	31.8223
1399874293.373	n	12.2907	3.69841	8.376	31.8215
1399874293.436	n	12.2918	3.69842	8.357	31.8207
1399874293.498	n	12.2928	3.69843	8.336	31.8199
1399874293.561	n	12.2938	3.69843	8.315	31.8190
1399874293.623	y	12.2948	3.69843	8.294	31.8181
1399874293.686	n	12.2959	3.69843	8.274	31.8172
1399874293.748	n	12.2969	3.69843	8.253	31.8164
1399874293.812	n	12.2980	3.69842	8.233	31.8155
1399874293.874	n	12.2990	3.69841	8.213	31.8145
1399874293.936	n	12.3001	3.69841	8.191	31.8135
1399874293.998	n	12.3011	3.69840	8.173	31.8126
1399874294.062	n	12.3022	3.69840	8.152	31.8117
1399874294.123	n	12.3032	3.69840	8.132	31.8109
1399874294.186	n	12.3042	3.69841	8.113	31.8100
1399874294.249	n	12.3053	3.69841	8.093	31.8092
1399874294.312	n	12.3062	3.69843	8.070	31.8085
1399874294.467	y	12.3072	3.69843	8.051	31.8077
1399874294.473	n	12.3082	3.69843	8.032	31.8069
1399874294.498	n	12.3092	3.69842	8.011	31.8059
1399874294.562	n	12.3103	3.69842	7.988	31.8050
1399874294.624	n	12.3113	3.69842	7.970	31.8042
1399874294.685	n	12.3123	3.69843	7.947	31.8034
1399874294.750	n	12.3133	3.69843	7.929	31.8026
1399874294.811	n	12.3144	3.69844	7.903	31.8018
1399874294.874	n	12.3154	3.69843	7.883	31.8009
1399874294.936	n	12.3164	3.69843	7.867	31.8000
1399874295.000	n	12.3174	3.69842	7.847	31.7991
1399874295.063	n	12.3184	3.69841	7.825	31.7981
1399874295.124	n	12.3194	3.69839	7.806	31.7972
1399874295.186	n	12.3203	3.69839	7.787	31.7964
1399874295.250	n	12.3213	3.69840	7.763	31.7956
1399874295.314	n	12.3223	3.69839	7.744	31.7947
1399874295.373	n	12.3233	3.69839	7.722	31.7938
1399874295.436	n	12.3243	3.69838	7.704	31.7929
1399874295.498	n	12.3253	3.69838	7.685	31.7920
1399874295.564	n	12.3263	3.69839	7.666	31.7913
1399874295.623	n	12.3272	3.69840	7.644	31.7907
1399874295.687	n	12.3282	3.69840	7.624	31.7899
1399874295.749	n	12.3291	3.69839	7.605	31.7890
1399874295.810	n	12.3302	3.69839	7.586	31.7881
1399874295.873	n	12.3312	3.69839	7.567	31.7872
1399874295.936	n	12.3323	3.69840	7.547	31.7864
1399874295.998	n	12.3333	3.69842	7.531	31.7857
1399874296.062	n	12.3344	3.69843	7.511	31.7849
1399874296.124	y	12.3355	3.69843	7.493	31.7839
1399874296.185	n	12.3367	3.69842	7.477	31.7829
1399874296.248	n	12.3379	3.69841	7.455	31.7818
1399874296.317	n	12.3391	3.69840	7.433	31.7807
1399874296.373	n	12.3403	3.69840	7.416	31.7797
1399874296.436	n	12.3416	3.69840	7.397	31.7786
1399874296.498	n	12.3430	3.69841	7.380	31.7775
1399874296.563	n	12.3444	3.69841	7.362	31.7763
1399874296.623	n	12.3459	3.69841	7.341	31.7751
1399874296.686	n	12.3475	3.69842	7.328	31.7738
1399874296.750	n	12.3491	3.69842	7.304	31.7724
1399874296.811	n	12.3508	3.69841	7.284	31.7709
1399874296.874	n	12.3527	3.69842	7.264	31.7694
1399874296.936	n	12.3555	3.69848	7.249	31.7676
1399874296.998	n	12.3695	3.69881	7.232	31.7589
1399874297.062	n	12.4092	3.70017	7.211	31.7383
1399874297.123	n	12.4765	3.70239	7.193	31.7027
1399874297.185	n	12.5609	3.70500	7.178	31.6564
1399874297.249	n	12.6449	3.70739	7.162	31.6085
1399874297.313	y	12.7110	3.70901	7.142	31.5685
1399874297.374	n	12.7542	3.70972	7.123	31.5391
1399874297.436	n	12.7813	3.71019	7.109	31.5209
1399874297.499	n	12.7982	3.71052	7.092	31.5099
1399874297.561	n	12.8078	3.71077	7.072	31.5043
1399874297.623	n	12.8125	3.71094	7.054	31.5019
1399874297.685	n	12.8149	3.71104	7.036	31.5009
1399874297.748	n	12.8163	3.71109	7.021	31.5003
1399874297.811	n	12.8171	3.71113	7.006	31.5001
1399874297.874	n	12.8178	3.71119	6.985	31.4999
1399874297.936	n	12.8189	3.71126	6.967	31.4997
1399874298.000	n	12.8202	3.71132	6.952	31.4992
1399874298.061	n	12.8223	3.71139	6.937	31.4981
1399874298.122	n	12.8246	3.71144	6.918	31.4967
1399874298.187	n	12.8267	3.71149	6.902	31.4954
1399874298.248	n	12.8284	3.71153	6.888	31.4945
1399874298.311	n	12.8294	3.71157	6.868	31.4940
1399874298.373	n	12.8300	3.71160	6.851	31.4937
1399874298.435	n	12.8309	3.71164	6.835	31.4934
1399874298.498	n	12.8320	3.71169	6.818	31.4928
1399874298.561	n	12.8332	3.71172	6.801	31.4923
1399874298.706	y	12.8339	3.71174	6.787	31.4918
1399874298.711	n	12.8339	3.71173	6.769	31.4917
1399874298.748	n	12.8339	3.71174	6.754	31.4919
1399874298.812	n	12.8352	3.71179	6.737	31.4912
1399874298.874	n	12.8381	3.71188	6.720	31.4897
1399874298.937	n	12.8407	3.71195	6.700	31.4881
1399874298.999	n	12.8415	3.71197	6.688	31.4877
1399874299.062	n	12.8403	3.71195	6.669	31.4885
1399874299.124	n	12.8383	3.71191	6.651	31.4898
1399874299.185	n	12.8380	3.71190	6.636	31.4899
1399874299.248	n	12.8400	3.71192	6.619	31.4885
1399874299.310	n	12.8420	3.71195	6.601	31.4872
1399874299.373	n	12.8422	3.71199	6.583	31.4873
1399874299.436	n	12.8411	3.71201	6.568	31.4885
1399874299.498	n	12.8389	3.71198	6.548	31.4900
1399874299.561	n	12.8372	3.71193	6.531	31.4910
1399874299.623	n	12.8383	3.71192	6.515	31.4899
1399874299.686	n	12.8426	3.71195	6.499	31.4867
1399874299.749	n	12.8492	3.71202	6.479	31.4819
1399874299.810	n	12.8571	3.71206	6.460	31.4756
1399874299.873	n	12.8645	3.71212	6.445	31.4700
1399874299.935	n	12.8697	3.71220	6.430	31.4665
1399874300.000	n	12.8724	3.71231	6.410	31.4653
1399874300.061	n	12.8726	3.71242	6.391	31.4662
1399874300.124	n	12.8713	3.71249	6.372	31.4680
1399874300.185	n	12.8705	3.71250	6.356	31.4687
1399874300.249	n	12.8714	3.71253	6.337	31.4682
1399874300.311	n	12.8741	3.71258	6.317	31.4665
1399874300.373	n	12.8772	3.71262	6.299	31.4643
1399874300.436	n	12.8794	3.71265	6.278	31.4627
1399874300.499	n	12.8814	3.71267	6.258	31.4612
1399874300.560	n	12.8838	3.71271	6.241	31.4596
1399874300.624	n	12.8870	3.71278	6.221	31.4576
1399874300.686	n	12.8911	3.71287	6.203	31.4551
1399874300.749	n	12.8951	3.71296	6.183	31.4526
1399874300.810	n	12.8984	3.71302	6.162	31.4505
1399874300.874	y	12.9009	3.71307	6.144	31.4489
1399874300.936	n	12.9022	3.71309	6.122	31.4480
1399874300.999	n	12.9022	3.71309	6.103	31.4479
1399874301.061	n	12.9021	3.71308	6.083	31.4480
1399874301.124	n	12.9022	3.71307	6.067	31.4478
1399874301.186	n	12.9027	3.71308	6.045	31.4475
1399874301.250	n	12.9036	3.71309	6.026	31.4469
1399874301.313	n	12.9044	3.71310	6.003	31.4464
1399874301.375	n	12.9047	3.71310	5.983	31.4460
1399874301.436	n	12.9046	3.71309	5.967	31.4460
1399874301.499	n	12.9041	3.71308	5.950	31.4463
1399874301.561	n	12.9033	3.71307	5.930	31.4470
1399874301.624	n	12.9023	3.71306	5.909	31.4477
1399874301.685	n	12.9015	3.71305	5.888	31.4483
1399874301.749	n	12.9012	3.71303	5.867	31.4484
1399874301.812	n	12.9013	3.71301	5.852	31.4481
1399874301.874	n	12.9017	3.71299	5.830	31.4476
1399874301.936	n	12.9020	3.71297	5.813	31.4472
1399874301.999	n	12.9019	3.71297	5.796	31.4472
1399874302.060	n	12.9015	3.71299	5.779	31.4477
1399874302.123	n	12.9009	3.71300	5.762	31.4484
1399874302.187	n	12.9005	3.71300	5.744	31.4486
1399874302.249	n	12.9006	3.71297	5.727	31.4484
1399874302.315	n	12.9008	3.71293	5.710	31.4477
1399874302.374	n	12.9011	3.71291	5.690	31.4474
1399874302.437	n	12.9013	3.71291	5.677	31.4473
1399874302.498	n	12.9014	3.71292	5.657	31.4473
1399874302.561	n	12.9016	3.71293	5.641	31.4471
1399874302.624	n	12.9021	3.71293	5.624	31.4468
1399874302.685	n	12.9027	3.71292	5.607	31.4462
1399874302.748	n	12.9031	3.71291	5.593	31.4458
1399874302.811	n	12.9030	3.71290	5.579	31.4457
1399874303.017	y	12.9023	3.71288	5.559	31.4461
1399874303.024	n	12.9010	3.71287	5.540	31.4471
1399874303.030	n	12.8996	3.71287	5.527	31.4483
1399874303.062	n	12.8986	3.71287	5.512	31.4491
1399874303.123	n	12.8991	3.71288	5.495	31.4488
1399874303.185	n	12.9016	3.71292	5.480	31.4472
1399874303.248	n	12.9055	3.71301	5.466	31.4448
1399874303.311	n	12.9100	3.71313	5.448	31.4421
1399874303.374	n	12.9145	3.71325	5.435	31.4395
1399874303.437	n	12.9183	3.71335	5.421	31.4373
1399874303.500	n	12.9216	3.71343	5.410	31.4353
1399874303.561	n	12.9244	3.71349	5.393	31.4336
1399874303.624	n	12.9260	3.71351	5.378	31.4325
1399874303.687	n	12.9263	3.71352	5.362	31.4323
1399874303.748	n	12.9257	3.71350	5.352	31.4326
1399874303.812	n	12.9247	3.71348	5.333	31.4333
1399874303.873	n	12.9239	3.71346	5.317	31.4338
1399874303.937	n	12.9233	3.71346	5.306	31.4342
1399874304.000	n	12.9230	3.71348	5.293	31.4347
1399874304.062	n	12.9235	3.71353	5.276	31.4348
1399874304.123	n	12.9252	3.71361	5.263	31.4341
1399874304.186	n	12.9281	3.71371	5.250	31.4326
1399874304.249	n	12.9315	3.71378	5.234	31.4305
1399874304.312	n	12.9344	3.71381	5.221	31.4283
1399874304.373	n	12.9363	3.71381	5.206	31.4268
1399874304.435	n	12.9370	3.71379	5.193	31.4261
1399874304.497	n	12.9371	3.71380	5.175	31.4260
1399874304.562	n	12.9371	3.71382	5.162	31.4263
1399874304.624	y	12.9372	3.71384	5.146	31.4264
1399874304.697	n	12.9373	3.71385	5.131	31.4263
1399874304.750	n	12.9371	3.71383	5.116	31.4263
1399874304.813	n	12.9369	3.71382	5.099	31.4264
1399874304.874	n	12.9369	3.71382	5.083	31.4265
1399874305.038	y	12.9368	3.71384	5.067	31.4267
1399874305.045	n	12.9368	3.71385	5.049	31.4267
1399874305.061	n	12.9370	3.71384	5.032	31.4265
1399874305.123	n	12.9373	3.71382	5.017	31.4261
1399874305.185	n	12.9378	3.71382	5.002	31.4257
1399874305.248	n	12.9387	3.71384	4.985	31.4252
1399874305.310	n	12.9396	3.71387	4.968	31.4247
1399874305.373	n	12.9403	3.71390	4.952	31.4244
1399874305.436	n	12.9411	3.71393	4.937	31.4240
1399874305.499	n	12.9419	3.71395	4.919	31.4235
1399874305.563	n	12.9424	3.71396	4.901	31.4232
1399874305.623	n	12.9427	3.71396	4.879	31.4231
1399874305.686	n	12.9428	3.71396	4.865	31.4229
1399874305.749	n	12.9430	3.71395	4.848	31.4227
1399874305.811	n	12.9431	3.71394	4.831	31.4225
1399874305.873	n	12.9431	3.71394	4.814	31.4225
1399874305.935	n	12.9431	3.71393	4.798	31.4224
1399874305.999	n	12.9433	3.71392	4.779	31.4222
1399874306.062	n	12.9437	3.71393	4.764	31.4220
1399874306.124	n	12.9443	3.71394	4.747	31.4215
1399874306.185	n	12.9449	3.71395	4.729	31.4212
1399874306.248	n	12.9453	3.71396	4.710	31.4209
1399874306.311	n	12.9457	3.71397	4.693	31.4207
1399874306.373	n	12.9463	3.71397	4.677	31.4202
1399874306.435	n	12.9472	3.71399	4.656	31.4197
1399874306.499	n	12.9480	3.71400	4.643	31.4190
1399874306.563	n	12.9486	3.71400	4.625	31.4186
1399874306.623	n	12.9488	3.71399	4.609	31.4184
1399874306.686	n	12.9485	3.71399	4.591	31.4186
1399874306.750	n	12.9483	3.71399	4.575	31.4188
1399874306.810	n	12.9491	3.71401	4.557	31.4184
1399874306.873	n	12.9511	3.71405	4.536	31.4170
1399874306.935	n	12.9542	3.71411	4.518	31.4151
1399874306.998	n	12.9571	3.71417	4.504	31.4132
1399874307.061	n	12.9592	3.71421	4.486	31.4119
1399874307.176	y	12.9603	3.71422	4.466	31.4110
1399874307.185	n	12.9610	3.71421	4.450	31.4104
1399874307.250	n	12.9615	3.71420	4.433	31.4099
1399874307.310	n	12.9618	3.71419	4.414	31.4095
1399874307.373	n	12.9618	3.71418	4.398	31.4094
1399874307.437	n	12.9617	3.71417	4.378	31.4094
1399874307.498	n	12.9618	3.71416	4.358	31.4093
1399874307.562	n	12.9620	3.71417	4.342	31.4092
1399874307.624	n	12.9623	3.71418	4.326	31.4090
1399874307.686	n	12.9625	3.71418	4.310	31.4090
1399874307.748	n	12.9626	3.71418	4.289	31.4088
1399874307.812	n	12.9626	3.71415	4.271	31.4086
1399874307.874	n	12.9624	3.71414	4.254	31.4086
1399874307.937	n	12.9620	3.71413	4.237	31.4089
1399874307.999	n	12.9613	3.71412	4.220	31.4094
1399874308.061	n	12.9607	3.71411	4.204	31.4097
1399874308.124	n	12.9603	3.71410	4.185	31.4100
1399874308.186	n	12.9600	3.71408	4.167	31.4101
1399874308.296	y	12.9599	3.71406	4.148	31.4100
1399874308.311	n	12.9598	3.71405	4.132	31.4099
1399874308.374	n	12.9599	3.71404	4.114	31.4099
1399874308.436	n	12.9600	3.71404	4.099	31.4097
1399874308.500	n	12.9602	3.71406	4.081	31.4097
1399874308.561	n	12.9602	3.71406	4.063	31.4097
1399874308.623	n	12.9603	3.71406	4.046	31.4096
1399874308.686	n	12.9605	3.71403	4.027	31.4092
1399874308.749	n	12.9607	3.71400	4.009	31.4087
1399874308.810	n	12.9608	3.71398	3.995	31.4085
1399874308.873	n	12.9608	3.71397	3.976	31.4085
1399874308.935	n	12.9607	3.71398	3.957	31.4087
1399874309.001	n	12.9604	3.71399	3.938	31.4089
1399874309.060	n	12.9603	3.71397	3.923	31.4089
1399874309.123	n	12.9603	3.71395	3.906	31.4087
1399874309.185	n	12.9603	3.71393	3.888	31.4086
1399874309.249	n	12.9603	3.71392	3.871	31.4085
1399874309.313	n	12.9601	3.71392	3.855	31.4086
1399874309.374	n	12.9597	3.71392	3.837	31.4090
1399874309.436	n	12.9592	3.71393	3.822	31.4095
1399874309.498	n	12.9589	3.71394	3.808	31.4098
1399874309.561	n	12.9591	3.71394	3.788	31.4097
1399874309.624	n	12.9597	3.71395	3.769	31.4092
1399874309.685	n	12.9603	3.71395	3.755	31.4088
1399874309.748	n	12.9607	3.71395	3.737	31.4085
1399874309.811	n	12.9609	3.71393	3.722	31.4082
1399874309.874	n	12.9609	3.71392	3.703	31.4080
1399874309.936	n	12.9606	3.71391	3.686	31.4081
1399874310.000	n	12.9601	3.71392	3.672	31.4087
1399874310.060	n	12.9596	3.71393	3.654	31.4092
1399874310.123	n	12.9599	3.71394	3.639	31.4091
1399874310.186	n	12.9608	3.71394	3.622	31.4083
1399874310.249	n	12.9622	3.71393	3.610	31.4070
1399874310.312	n	12.9635	3.71393	3.591	31.4059
1399874310.374	n	12.9642	3.71392	3.569	31.4054
1399874310.436	n	12.9641	3.71392	3.554	31.4055
1399874310.498	n	12.9637	3.71392	3.539	31.4057
1399874310.562	n	12.9635	3.71391	3.526	31.4058
1399874310.624	n	12.9643	3.71390	3.509	31.4051
1399874310.687	n	12.9662	3.71390	3.490	31.4034
1399874310.748	n	12.9689	3.71389	3.479	31.4012
1399874310.812	n	12.9714	3.71389	3.460	31.3991
1399874310.874	n	12.9731	3.71388	3.440	31.3976
1399874310.937	n	12.9738	3.71387	3.422	31.3969
1399874310.998	n	12.9741	3.71386	3.404	31.3966
1399874311.062	n	12.9749	3.71385	3.393	31.3959
1399874311.124	n	12.9766	3.71383	3.373	31.3942
1399874311.185	n	12.9792	3.71380	3.355	31.3918
1399874311.249	n	12.9816	3.71375	3.337	31.3894
1399874311.312	y	12.9828	3.71372	3.322	31.3881
1399874311.467	n	12.9827	3.71374	3.308	31.3883
1399874311.477	n	12.9820	3.71377	3.290	31.3893
1399874311.498	n	12.9811	3.71380	3.273	31.3903
1399874311.564	n	12.9804	3.71383	3.259	31.3911
1399874311.624	n	12.9804	3.71383	3.238	31.3912
1399874311.685	n	12.9810	3.71382	3.221	31.3905
1399874311.748	n	12.9824	3.71381	3.208	31.3893
1399874311.812	n	12.9843	3.71381	3.191	31.3878
1399874311.874	n	12.9860	3.71381	3.172	31.3864
1399874311.936	y	12.9873	3.71382	3.153	31.3854
1399874311.998	n	12.9883	3.71383	3.135	31.3847
1399874312.062	n	12.9889	3.71384	3.121	31.3843
1399874312.124	n	12.9893	3.71386	3.105	31.3842
1399874312.187	n	12.9894	3.71388	3.086	31.3842
1399874312.249	n	12.9895	3.71388	3.067	31.3842
1399874312.311	n	12.9896	3.71388	3.053	31.3841
1399874312.374	n	12.9898	3.71387	3.035	31.3838
1399874312.437	n	12.9900	3.71386	3.017	31.3836
1399874312.499	n	12.9902	3.71385	3.002	31.3834
1399874312.560	n	12.9904	3.71385	2.980	31.3832
1399874312.623	n	12.9907	3.71386	2.964	31.3830
1399874312.686	n	12.9909	3.71388	2.945	31.3830
1399874312.750	n	12.9910	3.71390	2.927	31.3832
1399874312.811	n	12.9909	3.71390	2.911	31.3833
1399874312.874	n	12.9907	3.71390	2.893	31.3835
1399874312.935	n	12.9906	3.71389	2.874	31.3834
1399874312.998	n	12.9906	3.71388	2.858	31.3833
1399874313.062	n	12.9905	3.71386	2.839	31.3833
1399874313.123	n	12.9902	3.71386	2.823	31.3835
1399874313.186	n	12.9897	3.71387	2.807	31.3840
1399874313.250	n	12.9890	3.71389	2.790	31.3848
1399874313.313	n	12.9884	3.71390	2.769	31.3854
1399874313.375	n	12.9881	3.71391	2.751	31.3858
1399874313.437	n	12.9879	3.71391	2.736	31.3859
1399874313.498	n	12.9880	3.71390	2.721	31.3858
1399874313.561	n	12.9882	3.71391	2.706	31.3857
1399874313.624	n	12.9885	3.71393	2.690	31.3856
1399874313.687	n	12.9887	3.71395	2.674	31.3856
1399874313.749	n	12.9889	3.71396	2.657	31.3856
1399874313.812	n	12.9890	3.71396	2.640	31.3855
1399874313.874	n	12.9890	3.71394	2.626	31.3854
1399874313.936	n	12.9888	3.71393	2.608	31.3853
1399874314.000	n	12.9886	3.71391	2.596	31.3854
1399874314.061	n	12.9885	3.71390	2.578	31.3854
1399874314.124	n	12.9884	3.71389	2.564	31.3854
1399874314.186	n	12.9885	3.71387	2.547	31.3851
1399874314.250	n	12.9888	3.71385	2.535	31.3846
1399874314.311	n	12.9892	3.71384	2.519	31.3842
1399874314.374	n	12.9895	3.71384	2.505	31.3840
1399874314.437	n	12.9895	3.71386	2.490	31.3841
1399874314.500	n	12.9895	3.71388	2.476	31.3844
1399874314.563	n	12.9895	3.71388	2.455	31.3844
1399874314.623	n	12.9897	3.71386	2.440	31.3841
1399874314.687	n	12.9901	3.71384	2.427	31.3835
1399874314.748	n	12.9905	3.71382	2.412	31.3830
1399874314.812	n	12.9908	3.71381	2.394	31.3826
1399874314.874	n	12.9909	3.71381	2.379	31.3826
1399874314.936	n	12.9907	3.71382	2.365	31.3829
1399874314.999	n	12.9905	3.71384	2.349	31.3832
1399874315.061	n	12.9902	3.71384	2.331	31.3835
1399874315.123	n	12.9901	3.71383	2.317	31.3835
1399874315.185	n	12.9901	3.71382	2.302	31.3833
1399874315.249	n	12.9903	3.71381	2.284	31.3831
1399874315.312	n	12.9904	3.71379	2.267	31.3829
1399874315.373	n	12.9904	3.71378	2.253	31.3828
1399874315.436	n	12.9902	3.71376	2.231	31.3828
1399874315.498	n	12.9900	3.71374	2.211	31.3828
1399874315.563	n	12.9899	3.71373	2.195	31.3827
1399874315.740	y	12.9900	3.71373	2.175	31.3827
1399874315.751	n	12.9901	3.71373	2.158	31.3826
1399874315.760	n	12.9902	3.71372	2.142	31.3825
1399874315.813	n	12.9903	3.71372	2.124	31.3824
1399874315.874	n	12.9905	3.71372	2.108	31.3822
1399874315.936	n	12.9908	3.71371	2.093	31.3818
1399874316.000	n	12.9912	3.71368	2.075	31.3813
1399874316.061	n	12.9915	3.71367	2.055	31.3810
1399874316.123	n	12.9915	3.71367	2.042	31.3809
1399874316.186	n	12.9915	3.71367	2.025	31.3809
1399874316.250	n	12.9914	3.71368	2.006	31.3811
1399874316.313	n	12.9913	3.71368	1.987	31.3812
1399874316.374	n	12.9911	3.71368	1.975	31.3814
1399874316.437	n	12.9910	3.71371	1.958	31.3818
1399874316.499	n	12.9908	3.71377	1.938	31.3824
1399874316.561	n	12.9908	3.71384	1.925	31.3831
1399874316.624	n	12.9907	3.71391	1.910	31.3839
1399874316.687	n	12.9904	3.71394	1.892	31.3844
1399874316.748	n	12.9900	3.71394	1.877	31.3848
1399874316.812	n	12.9895	3.71394	1.858	31.3852
1399874316.875	n	12.9892	3.71394	1.846	31.3855
1399874316.937	n	12.9892	3.71396	1.835	31.3856
1399874316.999	n	12.9895	3.71398	1.818	31.3856
1399874317.062	n	12.9900	3.71399	1.803	31.3853
1399874317.125	n	12.9905	3.71401	1.787	31.3850
1399874317.186	n	12.9911	3.71402	1.771	31.3846
1399874317.249	n	12.9915	3.71403	1.753	31.3844
1399874317.312	n	12.9917	3.71403	1.738	31.3842
1399874317.373	n	12.9919	3.71403	1.727	31.3841
1399874317.436	n	12.9921	3.71403	1.707	31.3840
1399874317.498	n	12.9920	3.71402	1.691	31.3839
1399874317.562	n	12.9918	3.71401	1.672	31.3839
1399874317.624	n	12.9915	3.71399	1.656	31.3841
1399874317.686	n	12.9912	3.71398	1.640	31.3843
1399874317.750	n	12.9911	3.71398	1.625	31.3844
1399874317.811	n	12.9910	3.71398	1.610	31.3844
1399874317.874	n	12.9910	3.71398	1.593	31.3844
1399874317.936	n	12.9909	3.71397	1.581	31.3844
1399874317.998	n	12.9909	3.71398	1.566	31.3846
1399874318.061	n	12.9908	3.71398	1.553	31.3846
1399874318.124	n	12.9908	3.71399	1.539	31.3847
1399874318.186	n	12.9908	3.71401	1.526	31.3848
1399874318.248	n	12.9909	3.71402	1.516	31.3850
1399874318.310	n	12.9909	3.71404	1.502	31.3851
1399874318.373	n	12.9909	3.71406	1.492	31.3853
1399874318.436	n	12.9909	3.71406	1.481	31.3854
1399874318.499	n	12.9908	3.71407	1.468	31.3854
1399874318.560	n	12.9908	3.71407	1.454	31.3855
1399874318.623	n	12.9908	3.71407	1.446	31.3855
1399874318.686	n	12.9909	3.71407	1.433	31.3854
1399874318.749	n	12.9910	3.71407	1.420	31.3853
1399874318.810	n	12.9911	3.71407	1.413	31.3853
1399874318.874	n	12.9912	3.71409	1.402	31.3854
1399874318.937	n	12.9912	3.71410	1.387	31.3855
1399874319.000	n	12.9913	3.71410	1.379	31.3854
1399874319.062	n	12.9913	3.71407	1.366	31.3852
1399874319.123	n	12.9911	3.71404	1.354	31.3851
1399874319.255	y	12.9907	3.71401	1.342	31.3851
1399874319.262	n	12.9902	3.71398	1.328	31.3853
1399874319.365	y	12.9897	3.71396	1.316	31.3854
1399874319.373	n	12.9893	3.71395	1.305	31.3856
1399874319.436	n	12.9891	3.71394	1.293	31.3858
1399874319.499	n	12.9889	3.71394	1.283	31.3859
1399874319.562	n	12.9889	3.71396	1.273	31.3860
1399874319.624	n	12.9891	3.71397	1.255	31.3860
1399874319.685	n	12.9894	3.71398	1.243	31.3859
1399874319.749	n	12.9896	3.71398	1.232	31.3858
1399874319.811	y	12.9897	3.71397	1.219	31.3855
1399874319.991	n	12.9900	3.71395	1.206	31.3851
1399874319.997	n	12.9905	3.71392	1.193	31.3845
1399874320.004	n	12.9911	3.71391	1.179	31.3838
1399874320.061	n	12.9918	3.71392	1.164	31.3833
1399874320.124	n	12.9925	3.71394	1.148	31.3829
1399874320.185	n	12.9932	3.71396	1.136	31.3826
1399874320.249	n	12.9938	3.71398	1.122	31.3823
1399874320.311	n	12.9945	3.71399	1.108	31.3818
1399874320.373	n	12.9949	3.71399	1.095	31.3815
1399874320.436	n	12.9951	3.71399	1.082	31.3814
1399874320.499	n	12.9950	3.71399	1.068	31.3814
1399874320.560	n	12.9947	3.71396	1.052	31.3814
1399874320.625	n	12.9943	3.71395	1.040	31.3816
1399874320.685	n	12.9939	3.71394	1.025	31.3818
1399874320.749	n	12.9937	3.71392	1.012	31.3819
1399874320.810	n	12.9936	3.71392	0.998	31.3820
1399874320.875	n	12.9936	3.71391	0.984	31.3819
1399874320.937	n	12.9937	3.71390	0.973	31.3816
1399874320.999	n	12.9939	3.71389	0.958	31.3815
1399874321.062	n	12.9940	3.71389	0.945	31.3814
1399874321.124	n	12.9942	3.71390	0.933	31.3812
1399874321.186	n	12.9945	3.71391	0.920	31.3812
1399874321.250	n	12.9949	3.71395	0.903	31.3812
1399874321.313	n	12.9952	3.71397	0.892	31.3812
1399874321.374	n	12.9953	3.71400	0.875	31.3814
1399874321.436	n	12.9951	3.71401	0.863	31.3817
1399874321.505	n	12.9947	3.71402	0.848	31.3820
1399874321.565	n	12.9945	3.71401	0.829	31.3821
1399874321.624	n	12.9945	3.71402	0.813	31.3822
1399874321.686	n	12.9946	3.71400	0.800	31.3820
1399874321.749	n	12.9947	3.71398	0.785	31.3817
1399874321.810	n	12.9947	3.71394	0.765	31.3813
1399874321.874	n	12.9947	3.71392	0.750	31.3811
1399874321.937	n	12.9947	3.71391	0.733	31.3810
1399874321.998	n	12.9948	3.71391	0.713	31.3810
1399874322.062	n	12.9948	3.71392	0.696	31.3811
1399874322.124	n	12.9946	3.71392	0.679	31.3812
1399874322.187	n	12.9930	3.55168	0.660	29.8632
1399874322.249	n	12.9883	3.08577	0.647	25.5622
1399874322.321	n	12.9796	2.42516	0.630	19.6175
1399874322.375	n	12.9674	1.73990	0.616	13.6569
1399874322.436	n	12.9532	1.20568	0.601	9.1796
1399874322.502	n	12.9393	0.95958	0.586	7.1783
1399874322.560	n	12.9276	0.89547	0.569	6.6655
1399874322.623	n	12.9191	0.83766	0.558	6.2053
1399874322.685	n	12.9139	0.78299	0.545	5.7722
1399874322.749	n	12.9109	0.73155	0.533	5.3666
1399874322.812	n	12.9088	0.69261	0.520	5.0613
1399874322.873	y	12.9063	0.67256	0.513	4.9048
1399874322.955	n	12.9036	0.65278	0.504	4.7508
1399874322.999	n	12.9014	0.62289	0.492	4.5186
1399874323.061	n	12.9004	0.58933	0.484	4.2589
1399874323.123	n	12.9003	0.56097	0.479	4.0402
1399874323.186	n	12.9005	0.54232	0.470	3.8969
1399874323.249	n	12.9007	0.53637	0.463	3.8512
1399874323.312	n	12.9008	0.52855	0.458	3.7912
1399874323.373	n	12.9009	0.51025	0.454	3.6514
1399874323.436	n	12.9008	0.48507	0.447	3.4595
