Source File: D:\Storage\Programs\OOI\Group 5\Correspondence\07_18_14 sample files\files\11330408.PPB
Processed: 07/18/2014 12:28:15
Using Version: 1.11
Device: CTD
Start Date: 05/13/2014
Timestamp (s)	Suspect Timestamp	Temperature	Conductivity	Pressure	Salinity
1399942716.687	y	11.4875	3.66459	21.153	32.1796
1399942716.750	n	11.4874	3.66453	21.150	32.1791
1399942716.809	n	11.4872	3.66458	21.149	32.1797
1399942716.873	n	11.4874	3.66459	21.153	32.1797
1399942716.935	n	11.4872	3.66453	21.150	32.1792
1399942716.998	n	11.4871	3.66458	21.146	32.1798
1399942717.061	n	11.4869	3.66458	21.142	32.1800
1399942717.125	n	11.4873	3.66457	21.149	32.1795
1399942717.188	n	11.4872	3.66457	21.144	32.1797
1399942717.252	n	11.4871	3.66458	21.145	32.1798
1399942717.313	n	11.4870	3.66458	21.146	32.1799
1399942717.374	n	11.4870	3.66458	21.142	32.1799
1399942717.436	n	11.4870	3.66458	21.140	32.1799
1399942717.499	n	11.4870	3.66457	21.140	32.1799
1399942717.562	n	11.4869	3.66456	21.141	32.1798
1399942717.624	n	11.4869	3.66456	21.142	32.1798
1399942717.690	n	11.4869	3.66456	21.140	32.1799
1399942717.749	n	11.4869	3.66457	21.137	32.1800
1399942717.814	n	11.4869	3.66457	21.132	32.1800
1399942717.875	n	11.4869	3.66457	21.133	32.1799
1399942717.938	n	11.4869	3.66456	21.136	32.1799
1399942718.001	n	11.4869	3.66457	21.133	32.1799
1399942718.063	n	11.4869	3.66457	21.132	32.1799
1399942718.124	n	11.4870	3.66457	21.134	32.1799
1399942718.187	n	11.4870	3.66457	21.133	32.1799
1399942719.827	n	11.4870	3.66458	21.132	32.1799
1399942719.859	n	11.4870	3.66459	21.128	32.1800
1399942719.881	n	11.4871	3.66459	21.131	32.1800
1399942719.898	n	11.4871	3.66458	21.130	32.1799
1399942719.906	n	11.4872	3.66457	21.132	32.1797
1399942719.914	n	11.4872	3.66457	21.133	32.1796
1399942719.922	n	11.4872	3.66457	21.131	32.1797
1399942719.930	n	11.4872	3.66458	21.127	32.1797
1399942719.939	n	11.4873	3.66458	21.124	32.1797
1399942719.947	n	11.4873	3.66457	21.127	32.1796
1399942719.955	n	11.4874	3.66456	21.130	32.1794
1399942719.963	n	11.4875	3.66455	21.130	32.1792
1399942719.971	n	11.4876	3.66456	21.127	32.1792
1399942719.979	n	11.4877	3.66457	21.130	32.1793
1399942719.987	n	11.4877	3.66458	21.130	32.1793
1399942719.996	n	11.4877	3.66458	21.128	32.1793
1399942720.005	n	11.4877	3.66457	21.131	32.1792
1399942720.012	n	11.4878	3.66456	21.132	32.1791
1399942720.018	n	11.4879	3.66456	21.130	32.1789
1399942720.025	n	11.4880	3.66456	21.133	32.1788
1399942720.031	n	11.4881	3.66456	21.135	32.1788
1399942720.038	n	11.4881	3.66456	21.135	32.1787
1399942720.045	n	11.4882	3.66456	21.134	32.1787
1399942720.051	n	11.4883	3.66457	21.135	32.1787
1399942720.057	n	11.4884	3.66457	21.137	32.1787
1399942720.063	n	11.4884	3.66457	21.137	32.1786
1399942720.069	n	11.4885	3.66457	21.141	32.1786
1399942720.075	n	11.4886	3.66457	21.145	32.1785
1399942720.081	n	11.4886	3.66457	21.143	32.1784
1399942720.087	n	11.4887	3.66457	21.142	32.1783
1399942720.125	n	11.4888	3.66458	21.144	32.1783
1399942720.188	n	11.4889	3.66458	21.146	32.1782
1399942720.252	n	11.4891	3.66457	21.145	32.1780
1399942720.312	n	11.4892	3.66457	21.151	32.1779
1399942720.374	n	11.4893	3.66457	21.154	32.1779
1399942720.438	n	11.4894	3.66458	21.154	32.1778
1399942720.502	n	11.4894	3.66458	21.156	32.1779
1399942720.564	n	11.4895	3.66458	21.155	32.1778
1399942720.626	n	11.4896	3.66458	21.158	32.1777
1399942720.687	n	11.4897	3.66458	21.158	32.1776
1399942720.749	n	11.4898	3.66458	21.164	32.1775
1399942720.813	n	11.4900	3.66458	21.165	32.1774
1399942720.877	n	11.4901	3.66458	21.165	32.1772
1399942720.938	n	11.4903	3.66457	21.167	32.1770
1399942721.001	n	11.4904	3.66457	21.169	32.1769
1399942721.064	n	11.4905	3.66457	21.170	32.1768
1399942721.126	n	11.4906	3.66458	21.171	32.1767
1399942721.188	n	11.4907	3.66459	21.177	32.1767
1399942721.251	n	11.4909	3.66458	21.181	32.1766
1399942721.313	n	11.4910	3.66458	21.185	32.1764
1399942721.376	n	11.4911	3.66457	21.186	32.1763
1399942721.437	n	11.4912	3.66457	21.188	32.1761
1399942721.503	n	11.4913	3.66457	21.188	32.1760
1399942721.562	n	11.4914	3.66457	21.186	32.1760
1399942721.626	n	11.4916	3.66458	21.190	32.1759
1399942721.687	n	11.4917	3.66458	21.194	32.1758
1399942721.753	n	11.4919	3.66459	21.197	32.1758
1399942721.814	n	11.4920	3.66459	21.196	32.1756
1399942721.876	n	11.4922	3.66459	21.201	32.1755
1399942721.937	n	11.4923	3.66458	21.203	32.1753
1399942722.001	n	11.4925	3.66458	21.207	32.1751
1399942722.063	n	11.4926	3.66457	21.205	32.1749
1399942722.126	n	11.4927	3.66457	21.208	32.1748
1399942722.187	n	11.4929	3.66457	21.213	32.1747
1399942722.252	n	11.4930	3.66457	21.216	32.1746
1399942722.313	n	11.4932	3.66457	21.221	32.1744
1399942722.382	y	11.4933	3.66458	21.220	32.1744
1399942722.436	n	11.4934	3.66458	21.223	32.1743
1399942722.500	n	11.4936	3.66458	21.227	32.1742
1399942722.562	n	11.4937	3.66459	21.226	32.1742
1399942722.625	n	11.4939	3.66459	21.228	32.1740
1399942722.687	n	11.4940	3.66458	21.233	32.1737
1399942722.750	n	11.4942	3.66456	21.234	32.1735
1399942722.812	n	11.4944	3.66456	21.236	32.1733
1399942722.874	n	11.4946	3.66456	21.238	32.1732
1399942722.939	n	11.4947	3.66457	21.239	32.1731
1399942723.001	n	11.4948	3.66457	21.238	32.1730
1399942723.064	n	11.4950	3.66457	21.244	32.1729
1399942723.124	n	11.4951	3.66456	21.245	32.1726
1399942723.189	n	11.4953	3.66457	21.251	32.1725
1399942723.249	n	11.4955	3.66457	21.250	32.1724
1399942723.388	y	11.4955	3.66457	21.251	32.1723
1399942723.395	n	11.4956	3.66456	21.254	32.1722
1399942723.439	n	11.4956	3.66456	21.254	32.1722
1399942723.502	n	11.4958	3.66456	21.255	32.1721
1399942723.563	n	11.4959	3.66457	21.258	32.1720
1399942723.626	n	11.4961	3.66457	21.259	32.1719
1399942723.687	n	11.4962	3.66456	21.261	32.1718
1399942723.750	n	11.4963	3.66455	21.260	32.1716
1399942723.812	n	11.4963	3.66455	21.264	32.1714
1399942723.874	n	11.4964	3.66455	21.265	32.1714
1399942723.937	n	11.4965	3.66455	21.265	32.1713
1399942724.000	n	11.4966	3.66455	21.266	32.1712
1399942724.062	n	11.4967	3.66455	21.270	32.1711
1399942724.124	n	11.4967	3.66455	21.268	32.1711
1399942724.187	n	11.4968	3.66455	21.270	32.1710
1399942724.250	n	11.4968	3.66455	21.269	32.1710
1399942724.312	n	11.4969	3.66455	21.272	32.1710
1399942724.374	n	11.4970	3.66455	21.273	32.1709
1399942724.439	n	11.4971	3.66455	21.274	32.1708
1399942724.502	n	11.4972	3.66455	21.275	32.1707
1399942724.562	n	11.4973	3.66455	21.271	32.1706
1399942724.624	n	11.4973	3.66455	21.270	32.1706
1399942724.690	n	11.4974	3.66455	21.271	32.1705
1399942724.751	n	11.4975	3.66455	21.272	32.1705
1399942724.813	n	11.4975	3.66455	21.274	32.1704
1399942724.875	n	11.4976	3.66455	21.272	32.1703
1399942724.938	n	11.4977	3.66455	21.272	32.1703
1399942725.025	n	11.4977	3.66455	21.272	32.1703
1399942725.061	n	11.4977	3.66454	21.269	32.1702
1399942725.125	n	11.4977	3.66454	21.267	32.1702
1399942725.189	n	11.4977	3.66454	21.268	32.1701
1399942725.250	n	11.4978	3.66453	21.271	32.1700
1399942725.312	n	11.4979	3.66453	21.272	32.1699
1399942725.374	n	11.4979	3.66452	21.269	32.1699
1399942725.437	n	11.4979	3.66452	21.267	32.1698
1399942725.499	n	11.4979	3.66452	21.263	32.1699
1399942725.561	n	11.4979	3.66452	21.262	32.1699
1399942725.624	n	11.4979	3.66452	21.262	32.1698
1399942725.688	n	11.4979	3.66451	21.258	32.1696
1399942725.749	n	11.4980	3.66450	21.255	32.1695
1399942725.812	n	11.4980	3.66450	21.256	32.1695
1399942725.878	n	11.4980	3.66449	21.253	32.1695
1399942725.938	n	11.4979	3.66449	21.250	32.1695
1399942725.999	n	11.4979	3.66449	21.249	32.1695
1399942726.081	y	11.4979	3.66450	21.245	32.1696
1399942726.124	n	11.4979	3.66451	21.246	32.1697
1399942726.186	n	11.4979	3.66452	21.241	32.1698
1399942726.248	n	11.4980	3.66452	21.236	32.1697
1399942726.313	n	11.4980	3.66451	21.233	32.1696
1399942726.374	n	11.4980	3.66450	21.226	32.1695
1399942726.438	n	11.4980	3.66449	21.222	32.1695
1399942726.500	n	11.4979	3.66449	21.218	32.1695
1399942726.563	n	11.4979	3.66448	21.213	32.1695
1399942726.625	y	11.4979	3.66448	21.209	32.1695
1399942726.688	n	11.4978	3.66448	21.204	32.1695
1399942726.750	n	11.4978	3.66447	21.198	32.1694
1399942726.812	n	11.4979	3.66446	21.190	32.1693
1399942726.876	n	11.4979	3.66446	21.185	32.1693
1399942726.937	n	11.4979	3.66446	21.179	32.1692
1399942727.001	n	11.4979	3.66446	21.171	32.1693
1399942727.061	n	11.4979	3.66447	21.165	32.1694
1399942727.123	n	11.4978	3.66447	21.158	32.1694
1399942727.187	n	11.4978	3.66446	21.148	32.1694
1399942727.250	n	11.4978	3.66447	21.142	32.1694
1399942727.312	n	11.4978	3.66448	21.132	32.1695
1399942727.395	n	11.4978	3.66448	21.124	32.1695
1399942727.437	n	11.4978	3.66447	21.118	32.1695
1399942727.503	y	11.4978	3.66446	21.108	32.1694
1399942727.729	n	11.4977	3.66445	21.099	32.1693
1399942727.734	n	11.4977	3.66444	21.090	32.1693
1399942727.740	n	11.4977	3.66445	21.082	32.1694
1399942727.748	n	11.4976	3.66446	21.070	32.1695
1399942727.811	n	11.4976	3.66447	21.063	32.1697
1399942727.874	n	11.4976	3.66448	21.054	32.1698
1399942727.936	n	11.4976	3.66448	21.045	32.1698
1399942728.020	n	11.4976	3.66449	21.038	32.1699
1399942728.062	n	11.4976	3.66449	21.027	32.1699
1399942728.124	n	11.4975	3.66448	21.016	32.1699
1399942728.187	n	11.4975	3.66447	21.007	32.1698
1399942728.251	n	11.4975	3.66446	20.996	32.1697
1399942728.311	n	11.4975	3.66446	20.984	32.1697
1399942728.374	n	11.4975	3.66447	20.976	32.1698
1399942728.439	n	11.4974	3.66448	20.965	32.1700
1399942728.501	n	11.4974	3.66449	20.954	32.1701
1399942728.561	n	11.4974	3.66449	20.938	32.1701
1399942728.624	n	11.4974	3.66449	20.932	32.1701
1399942728.688	n	11.4975	3.66449	20.922	32.1700
1399942728.749	n	11.4975	3.66449	20.911	32.1700
1399942728.812	n	11.4974	3.66448	20.898	32.1700
1399942728.874	n	11.4974	3.66448	20.886	32.1700
1399942728.938	n	11.4974	3.66447	20.879	32.1699
1399942728.999	n	11.4973	3.66446	20.866	32.1699
1399942729.061	n	11.4974	3.66446	20.854	32.1699
1399942729.125	n	11.4974	3.66446	20.840	32.1699
1399942729.186	n	11.4974	3.66447	20.826	32.1699
1399942729.641	n	11.4974	3.66448	20.817	32.1700
1399942729.658	y	11.4974	3.66448	20.803	32.1700
1399942729.668	n	11.4974	3.66447	20.793	32.1699
1399942729.675	n	11.4975	3.66446	20.776	32.1698
1399942729.684	n	11.4975	3.66445	20.766	32.1697
1399942729.690	n	11.4976	3.66444	20.755	32.1696
1399942729.698	n	11.4976	3.66444	20.742	32.1695
1399942729.743	y	11.4978	3.66444	20.727	32.1693
1399942729.750	n	11.4979	3.66444	20.715	32.1692
1399942729.813	n	11.4981	3.66444	20.703	32.1691
1399942729.874	n	11.4982	3.66444	20.689	32.1690
1399942729.939	n	11.4984	3.66445	20.673	32.1689
1399942730.001	n	11.4985	3.66445	20.663	32.1688
1399942730.061	n	11.4986	3.66444	20.649	32.1687
1399942730.124	n	11.4988	3.66444	20.636	32.1685
1399942730.186	n	11.4989	3.66444	20.621	32.1684
1399942730.252	n	11.4991	3.66444	20.607	32.1683
1399942730.312	n	11.4993	3.66444	20.594	32.1681
1399942730.374	n	11.4996	3.66444	20.580	32.1678
1399942730.436	n	11.4998	3.66443	20.563	32.1676
1399942730.501	n	11.5000	3.66442	20.550	32.1673
1399942730.562	n	11.5003	3.66442	20.534	32.1671
1399942730.624	n	11.5006	3.66442	20.520	32.1669
1399942730.687	n	11.5008	3.66442	20.504	32.1667
1399942730.751	n	11.5010	3.66442	20.494	32.1665
1399942730.811	n	11.5012	3.66442	20.476	32.1662
1399942730.874	n	11.5015	3.66442	20.460	32.1661
1399942730.937	n	11.5017	3.66442	20.446	32.1659
1399942731.001	n	11.5020	3.66442	20.434	32.1656
1399942731.061	n	11.5023	3.66441	20.418	32.1653
1399942731.124	n	11.5026	3.66441	20.402	32.1650
1399942731.186	n	11.5029	3.66441	20.387	32.1648
1399942731.251	n	11.5033	3.66442	20.374	32.1645
1399942731.312	n	11.5036	3.66442	20.358	32.1642
1399942731.375	n	11.5040	3.66441	20.341	32.1638
1399942731.437	n	11.5044	3.66439	20.330	32.1633
1399942731.499	n	11.5048	3.66438	20.314	32.1629
1399942731.562	n	11.5052	3.66438	20.293	32.1625
1399942731.626	n	11.5056	3.66439	20.281	32.1623
1399942731.687	n	11.5060	3.66441	20.264	32.1620
1399942731.750	y	11.5064	3.66441	20.249	32.1618
1399942731.877	n	11.5068	3.66441	20.233	32.1614
1399942731.885	n	11.5073	3.66440	20.219	32.1609
1399942731.937	n	11.5078	3.66439	20.201	32.1604
1399942732.000	n	11.5083	3.66438	20.186	32.1599
1399942732.061	n	11.5088	3.66439	20.172	32.1595
1399942732.123	n	11.5093	3.66439	20.154	32.1591
1399942732.188	n	11.5098	3.66439	20.140	32.1586
1399942732.251	n	11.5103	3.66438	20.124	32.1581
1399942732.312	n	11.5109	3.66438	20.107	32.1577
1399942732.374	n	11.5114	3.66438	20.089	32.1572
1399942732.438	n	11.5120	3.66439	20.076	32.1567
1399942732.500	n	11.5127	3.66439	20.060	32.1562
1399942732.562	n	11.5134	3.66438	20.042	32.1555
1399942732.625	n	11.5141	3.66437	20.025	32.1549
1399942732.687	n	11.5147	3.66438	20.011	32.1544
1399942732.751	n	11.5154	3.66439	19.996	32.1539
1399942732.811	n	11.5160	3.66439	19.977	32.1534
1399942732.875	n	11.5167	3.66439	19.960	32.1528
1399942732.938	n	11.5174	3.66437	19.943	32.1520
1399942733.000	n	11.5181	3.66436	19.927	32.1513
1399942733.063	n	11.5189	3.66436	19.911	32.1506
1399942733.125	n	11.5196	3.66436	19.897	32.1499
1399942733.187	n	11.5203	3.66436	19.878	32.1493
1399942733.251	n	11.5211	3.66435	19.861	32.1486
1399942733.341	y	11.5219	3.66435	19.844	32.1479
1399942733.374	n	11.5227	3.66435	19.830	32.1472
1399942733.437	n	11.5235	3.66435	19.812	32.1466
1399942733.501	n	11.5242	3.66436	19.795	32.1460
1399942733.562	n	11.5251	3.66437	19.781	32.1454
1399942733.624	n	11.5259	3.66437	19.763	32.1446
1399942733.689	n	11.5268	3.66437	19.745	32.1439
1399942733.750	n	11.5276	3.66436	19.727	32.1430
1399942733.811	n	11.5285	3.66435	19.709	32.1422
1399942733.874	n	11.5295	3.66434	19.694	32.1413
1399942733.937	n	11.5304	3.66434	19.676	32.1405
1399942733.999	n	11.5313	3.66435	19.662	32.1398
1399942734.063	n	11.5322	3.66435	19.646	32.1391
1399942734.125	n	11.5330	3.66436	19.629	32.1385
1399942734.187	n	11.5338	3.66437	19.610	32.1379
1399942734.249	n	11.5346	3.66437	19.593	32.1371
1399942734.311	n	11.5355	3.66436	19.578	32.1363
1399942734.374	n	11.5364	3.66436	19.563	32.1355
1399942734.438	n	11.5373	3.66435	19.545	32.1346
1399942734.499	n	11.5382	3.66435	19.527	32.1339
1399942734.563	n	11.5391	3.66435	19.512	32.1331
1399942734.625	n	11.5399	3.66435	19.495	32.1324
1399942734.688	n	11.5408	3.66434	19.478	32.1316
1399942734.749	n	11.5416	3.66433	19.459	32.1308
1399942734.813	n	11.5424	3.66432	19.443	32.1300
1399942734.875	n	11.5432	3.66431	19.425	32.1292
1399942734.936	n	11.5440	3.66431	19.411	32.1285
1399942735.000	n	11.5448	3.66431	19.391	32.1279
1399942735.063	n	11.5456	3.66432	19.374	32.1272
1399942735.125	n	11.5464	3.66433	19.358	32.1267
1399942735.187	n	11.5471	3.66433	19.338	32.1260
1399942735.249	n	11.5479	3.66433	19.323	32.1254
1399942735.312	n	11.5486	3.66433	19.307	32.1247
1399942735.374	n	11.5494	3.66432	19.287	32.1240
1399942735.438	n	11.5501	3.66431	19.272	32.1232
1399942735.499	n	11.5509	3.66430	19.256	32.1225
1399942735.561	n	11.5517	3.66431	19.239	32.1219
1399942735.624	n	11.5524	3.66431	19.220	32.1213
1399942735.687	n	11.5531	3.66432	19.206	32.1208
1399942735.750	n	11.5538	3.66431	19.186	32.1202
1399942735.812	n	11.5544	3.66430	19.171	32.1195
1399942735.874	n	11.5551	3.66429	19.152	32.1188
1399942735.937	n	11.5558	3.66428	19.133	32.1181
1399942736.133	y	11.5565	3.66427	19.114	32.1174
1399942736.138	n	11.5572	3.66428	19.098	32.1168
1399942736.145	n	11.5579	3.66428	19.079	32.1163
1399942736.188	n	11.5586	3.66429	19.064	32.1158
1399942736.249	n	11.5593	3.66428	19.045	32.1151
1399942736.312	n	11.5599	3.66428	19.028	32.1145
1399942736.376	n	11.5606	3.66427	19.007	32.1139
1399942736.437	n	11.5612	3.66427	18.988	32.1134
1399942736.500	n	11.5618	3.66427	18.973	32.1129
1399942736.562	n	11.5623	3.66428	18.951	32.1125
1399942736.624	n	11.5629	3.66428	18.933	32.1120
1399942736.687	n	11.5635	3.66428	18.915	32.1115
1399942736.750	n	11.5641	3.66428	18.897	32.1109
1399942736.812	n	11.5647	3.66427	18.880	32.1104
1399942736.876	n	11.5653	3.66426	18.861	32.1098
1399942736.937	n	11.5658	3.66426	18.843	32.1093
1399942736.999	y	11.5663	3.66426	18.826	32.1089
1399942737.062	n	11.5669	3.66426	18.809	32.1084
1399942737.125	n	11.5674	3.66427	18.789	32.1080
1399942737.188	n	11.5680	3.66427	18.769	32.1075
1399942737.249	n	11.5685	3.66426	18.749	32.1070
1399942737.312	n	11.5690	3.66426	18.730	32.1066
1399942737.375	n	11.5695	3.66424	18.712	32.1060
1399942737.438	n	11.5700	3.66424	18.690	32.1056
1399942737.500	n	11.5705	3.66425	18.675	32.1052
1399942737.562	n	11.5710	3.66425	18.656	32.1048
1399942737.624	n	11.5715	3.66424	18.637	32.1044
1399942737.687	n	11.5719	3.66423	18.616	32.1039
1399942737.750	n	11.5724	3.66422	18.596	32.1034
1399942737.812	y	11.5729	3.66422	18.575	32.1029
1399942737.899	n	11.5734	3.66422	18.556	32.1025
1399942737.936	n	11.5738	3.66423	18.539	32.1022
1399942737.999	n	11.5743	3.66423	18.523	32.1018
1399942738.063	n	11.5747	3.66423	18.501	32.1014
1399942738.125	n	11.5751	3.66423	18.481	32.1011
1399942738.186	n	11.5755	3.66422	18.459	32.1007
1399942738.250	n	11.5759	3.66421	18.438	32.1003
1399942738.312	n	11.5762	3.66420	18.419	32.0999
1399942738.375	n	11.5766	3.66420	18.402	32.0996
1399942738.438	n	11.5770	3.66419	18.380	32.0992
1399942738.500	n	11.5774	3.66419	18.359	32.0989
1399942738.562	n	11.5778	3.66420	18.340	32.0986
1399942738.625	n	11.5783	3.66420	18.322	32.0982
1399942738.688	n	11.5787	3.66419	18.302	32.0977
1399942738.749	n	11.5792	3.66418	18.280	32.0972
1399942738.813	n	11.5796	3.66417	18.263	32.0967
1399942738.876	n	11.5800	3.66416	18.242	32.0963
1399942738.936	n	11.5804	3.66417	18.219	32.0961
1399942739.000	n	11.5807	3.66417	18.203	32.0958
1399942739.061	n	11.5810	3.66416	18.185	32.0955
1399942739.124	n	11.5814	3.66415	18.160	32.0951
1399942739.188	n	11.5818	3.66413	18.140	32.0946
1399942739.249	n	11.5822	3.66413	18.119	32.0941
1399942739.312	n	11.5826	3.66412	18.097	32.0937
1399942739.374	n	11.5830	3.66412	18.080	32.0933
1399942739.437	n	11.5834	3.66412	18.058	32.0930
1399942739.499	n	11.5838	3.66412	18.036	32.0927
1399942739.562	n	11.5842	3.66412	18.013	32.0924
1399942739.624	n	11.5846	3.66413	17.992	32.0921
1399942739.688	n	11.5851	3.66413	17.978	32.0918
1399942739.749	n	11.5855	3.66413	17.954	32.0914
1399942739.812	n	11.5858	3.66412	17.933	32.0910
1399942739.874	n	11.5862	3.66411	17.911	32.0906
1399942739.936	n	11.5865	3.66409	17.891	32.0902
1399942740.000	n	11.5869	3.66409	17.869	32.0899
1399942740.062	n	11.5873	3.66411	17.848	32.0896
1399942740.126	n	11.5876	3.66411	17.830	32.0894
1399942740.187	n	11.5879	3.66412	17.812	32.0892
1399942740.396	y	11.5882	3.66411	17.788	32.0889
1399942740.404	n	11.5885	3.66410	17.769	32.0885
1399942740.409	n	11.5888	3.66409	17.745	32.0882
1399942740.438	n	11.5892	3.66408	17.725	32.0878
1399942740.500	n	11.5895	3.66407	17.704	32.0874
1399942740.562	n	11.5899	3.66407	17.685	32.0871
1399942740.624	n	11.5903	3.66406	17.662	32.0867
1399942740.687	y	11.5906	3.66406	17.642	32.0864
1399942740.749	n	11.5909	3.66406	17.621	32.0862
1399942740.812	n	11.5912	3.66408	17.596	32.0860
1399942740.874	n	11.5916	3.66408	17.578	32.0858
1399942740.937	n	11.5919	3.66407	17.555	32.0855
1399942740.999	n	11.5922	3.66406	17.535	32.0851
1399942741.062	n	11.5925	3.66404	17.514	32.0847
1399942741.125	n	11.5927	3.66404	17.490	32.0844
1399942741.186	n	11.5930	3.66403	17.469	32.0841
1399942741.250	n	11.5933	3.66403	17.448	32.0839
1399942741.312	n	11.5935	3.66403	17.430	32.0836
1399942741.375	n	11.5938	3.66402	17.407	32.0833
1399942741.436	n	11.5941	3.66402	17.383	32.0831
1399942741.500	n	11.5945	3.66402	17.362	32.0827
1399942741.562	n	11.5948	3.66401	17.344	32.0825
1399942741.626	n	11.5950	3.66401	17.324	32.0822
1399942741.687	n	11.5952	3.66400	17.299	32.0820
1399942741.749	n	11.5954	3.66400	17.277	32.0818
1399942741.812	n	11.5956	3.66400	17.261	32.0816
1399942741.874	n	11.5958	3.66400	17.236	32.0814
1399942741.936	n	11.5960	3.66399	17.214	32.0813
1399942742.001	n	11.5962	3.66399	17.195	32.0811
1399942742.062	n	11.5964	3.66399	17.173	32.0809
1399942742.124	n	11.5967	3.66399	17.149	32.0807
1399942742.186	n	11.5970	3.66398	17.130	32.0803
1399942742.250	n	11.5974	3.66397	17.109	32.0799
1399942742.311	n	11.5978	3.66397	17.087	32.0795
1399942742.375	n	11.5983	3.66397	17.064	32.0792
1399942742.436	n	11.5988	3.66398	17.044	32.0787
1399942742.500	n	11.5994	3.66398	17.026	32.0782
1399942742.562	n	11.6001	3.66397	17.005	32.0776
1399942742.625	n	11.6010	3.66397	16.982	32.0768
1399942742.687	n	11.6020	3.66397	16.958	32.0759
1399942742.749	n	11.6032	3.66397	16.938	32.0749
1399942742.811	n	11.6044	3.66396	16.915	32.0738
1399942742.874	n	11.6058	3.66395	16.894	32.0725
1399942742.939	n	11.6073	3.66395	16.874	32.0712
1399942742.999	n	11.6089	3.66395	16.853	32.0698
1399942743.062	n	11.6106	3.66395	16.830	32.0684
1399942743.124	n	11.6124	3.66395	16.809	32.0668
1399942743.188	n	11.6144	3.66396	16.790	32.0652
1399942743.249	n	11.6164	3.66397	16.765	32.0635
1399942743.311	n	11.6186	3.66397	16.745	32.0616
1399942743.373	n	11.6209	3.66396	16.724	32.0597
1399942743.438	n	11.6233	3.66397	16.704	32.0576
1399942743.499	n	11.6257	3.66397	16.685	32.0556
1399942743.561	n	11.6283	3.66399	16.664	32.0535
1399942743.624	n	11.6309	3.66401	16.644	32.0514
1399942743.688	n	11.6336	3.66401	16.622	32.0492
1399942743.750	n	11.6363	3.66401	16.599	32.0468
1399942743.812	n	11.6391	3.66400	16.577	32.0443
1399942743.875	n	11.6419	3.66399	16.556	32.0418
1399942743.938	n	11.6447	3.66399	16.535	32.0395
1399942744.000	n	11.6474	3.66400	16.515	32.0372
1399942744.063	n	11.6501	3.66400	16.492	32.0349
1399942744.124	n	11.6527	3.66400	16.469	32.0326
1399942744.188	n	11.6553	3.66400	16.451	32.0303
1399942744.249	n	11.6580	3.66399	16.426	32.0280
1399942744.313	n	11.6606	3.66399	16.404	32.0258
1399942744.392	y	11.6632	3.66399	16.387	32.0236
1399942744.436	n	11.6657	3.66400	16.368	32.0214
1399942744.651	y	11.6683	3.66401	16.344	32.0193
1399942744.658	n	11.6709	3.66403	16.321	32.0172
1399942744.664	n	11.6735	3.66404	16.300	32.0151
1399942744.687	n	11.6762	3.66405	16.279	32.0129
1399942744.749	n	11.6789	3.66404	16.260	32.0105
1399942744.811	n	11.6817	3.66404	16.237	32.0080
1399942744.873	n	11.6845	3.66403	16.216	32.0056
1399942744.937	n	11.6874	3.66404	16.195	32.0031
1399942744.999	n	11.6903	3.66405	16.175	32.0007
1399942745.064	n	11.6933	3.66405	16.150	31.9982
1399942745.126	n	11.6963	3.66405	16.130	31.9957
1399942745.188	n	11.6993	3.66405	16.110	31.9930
1399942745.250	n	11.7025	3.66406	16.089	31.9904
1399942745.313	n	11.7056	3.66406	16.070	31.9877
1399942745.373	n	11.7088	3.66405	16.052	31.9849
1399942745.437	n	11.7120	3.66405	16.026	31.9821
1399942745.500	n	11.7152	3.66406	16.004	31.9794
1399942745.562	n	11.7184	3.66407	15.988	31.9768
1399942745.625	n	11.7216	3.66408	15.965	31.9742
1399942745.688	n	11.7248	3.66409	15.943	31.9715
1399942745.749	n	11.7280	3.66409	15.924	31.9687
1399942745.813	n	11.7312	3.66408	15.903	31.9659
1399942745.874	n	11.7344	3.66407	15.884	31.9631
1399942745.936	n	11.7375	3.66408	15.859	31.9605
1399942745.999	n	11.7406	3.66409	15.839	31.9580
1399942746.062	n	11.7436	3.66410	15.819	31.9555
1399942746.124	n	11.7467	3.66411	15.796	31.9530
1399942746.187	n	11.7497	3.66411	15.776	31.9504
1399942746.249	n	11.7527	3.66411	15.756	31.9478
1399942746.311	n	11.7556	3.66411	15.733	31.9453
1399942746.374	n	11.7585	3.66410	15.715	31.9428
1399942746.438	n	11.7612	3.66411	15.696	31.9406
1399942746.499	n	11.7639	3.66412	15.676	31.9383
1399942746.563	n	11.7666	3.66413	15.652	31.9361
1399942746.625	n	11.7693	3.66413	15.630	31.9338
1399942746.686	n	11.7718	3.66412	15.609	31.9315
1399942746.750	n	11.7744	3.66411	15.586	31.9293
1399942746.812	n	11.7769	3.66411	15.566	31.9271
1399942746.875	n	11.7794	3.66412	15.545	31.9251
1399942746.936	n	11.7818	3.66413	15.527	31.9231
1399942746.999	n	11.7842	3.66413	15.507	31.9211
1399942747.061	n	11.7865	3.66412	15.485	31.9190
1399942747.124	n	11.7888	3.66412	15.465	31.9170
1399942747.186	n	11.7910	3.66411	15.442	31.9150
1399942747.249	n	11.7933	3.66411	15.422	31.9131
1399942747.312	n	11.7954	3.66411	15.402	31.9112
1399942747.374	n	11.7976	3.66411	15.381	31.9095
1399942747.438	n	11.7997	3.66411	15.361	31.9077
1399942747.499	n	11.8017	3.66412	15.337	31.9059
1399942747.562	n	11.8038	3.66412	15.318	31.9042
1399942747.624	n	11.8058	3.66411	15.301	31.9024
1399942747.687	n	11.8078	3.66411	15.273	31.9007
1399942747.750	n	11.8098	3.66410	15.254	31.8989
1399942747.812	n	11.8117	3.66409	15.234	31.8972
1399942747.874	n	11.8136	3.66409	15.216	31.8955
1399942747.965	y	11.8154	3.66409	15.198	31.8940
1399942747.999	n	11.8173	3.66409	15.176	31.8924
1399942748.062	n	11.8191	3.66410	15.152	31.8909
1399942748.125	n	11.8209	3.66410	15.132	31.8894
1399942748.187	n	11.8227	3.66409	15.113	31.8878
1399942748.250	n	11.8244	3.66409	15.090	31.8863
1399942748.312	n	11.8261	3.66409	15.070	31.8849
1399942748.375	n	11.8278	3.66409	15.051	31.8834
1399942748.438	n	11.8295	3.66409	15.028	31.8820
1399942748.500	n	11.8312	3.66408	15.008	31.8804
1399942748.561	n	11.8329	3.66408	14.987	31.8790
1399942748.624	n	11.8345	3.66407	14.968	31.8775
1399942748.687	n	11.8361	3.66407	14.947	31.8762
1399942748.861	y	11.8376	3.66407	14.925	31.8749
1399942748.866	n	11.8391	3.66407	14.904	31.8736
1399942748.874	n	11.8407	3.66406	14.884	31.8722
1399942748.936	n	11.8422	3.66406	14.863	31.8708
1399942749.000	n	11.8438	3.66406	14.845	31.8695
1399942749.062	n	11.8453	3.66406	14.826	31.8682
1399942749.125	n	11.8468	3.66406	14.802	31.8669
1399942749.188	n	11.8483	3.66405	14.781	31.8656
1399942749.250	n	11.8498	3.66404	14.759	31.8643
1399942749.313	n	11.8512	3.66404	14.739	31.8631
1399942749.375	n	11.8526	3.66405	14.719	31.8619
1399942749.438	n	11.8540	3.66406	14.699	31.8609
1399942749.500	n	11.8554	3.66407	14.676	31.8597
1399942749.562	n	11.8568	3.66407	14.659	31.8585
1399942749.625	n	11.8583	3.66407	14.638	31.8573
1399942749.688	n	11.8597	3.66406	14.619	31.8560
1399942749.750	n	11.8611	3.66405	14.597	31.8547
1399942749.812	n	11.8624	3.66403	14.578	31.8534
1399942749.875	n	11.8637	3.66402	14.558	31.8522
1399942749.937	n	11.8650	3.66402	14.537	31.8511
1399942749.999	n	11.8664	3.66402	14.513	31.8500
1399942750.062	n	11.8677	3.66402	14.494	31.8489
1399942750.124	n	11.8690	3.66402	14.474	31.8477
1399942750.188	n	11.8704	3.66402	14.455	31.8465
1399942750.250	n	11.8716	3.66401	14.433	31.8454
1399942750.313	n	11.8729	3.66402	14.414	31.8444
1399942750.375	n	11.8741	3.66402	14.392	31.8434
1399942750.438	n	11.8753	3.66402	14.371	31.8424
1399942750.500	n	11.8765	3.66402	14.350	31.8413
1399942750.563	n	11.8777	3.66401	14.326	31.8403
1399942750.625	n	11.8789	3.66400	14.307	31.8391
1399942750.688	n	11.8800	3.66399	14.286	31.8381
1399942750.750	n	11.8812	3.66399	14.266	31.8371
1399942750.813	n	11.8823	3.66399	14.246	31.8361
1399942750.875	n	11.8834	3.66399	14.229	31.8352
1399942750.938	n	11.8845	3.66398	14.206	31.8342
1399942751.000	n	11.8856	3.66397	14.187	31.8332
1399942751.062	n	11.8867	3.66397	14.162	31.8323
1399942751.125	n	11.8877	3.66397	14.143	31.8314
1399942751.189	n	11.8887	3.66397	14.120	31.8305
1399942751.249	n	11.8897	3.66398	14.098	31.8297
1399942751.311	n	11.8908	3.66397	14.077	31.8288
1399942751.374	n	11.8918	3.66398	14.059	31.8280
1399942751.438	n	11.8928	3.66398	14.041	31.8272
1399942751.500	n	11.8938	3.66398	14.018	31.8262
1399942751.563	n	11.8948	3.66397	14.000	31.8253
1399942751.645	y	11.8958	3.66397	13.977	31.8246
1399942751.688	n	11.8967	3.66397	13.956	31.8237
1399942751.749	n	11.8977	3.66397	13.936	31.8229
1399942751.811	n	11.8987	3.66397	13.914	31.8221
1399942751.874	n	11.8997	3.66396	13.892	31.8212
1399942751.936	n	11.9006	3.66395	13.871	31.8203
1399942752.000	n	11.9015	3.66395	13.852	31.8195
1399942752.062	n	11.9023	3.66394	13.832	31.8187
1399942752.124	n	11.9032	3.66394	13.814	31.8179
1399942752.187	n	11.9042	3.66394	13.790	31.8171
1399942752.250	n	11.9051	3.66393	13.770	31.8163
1399942752.313	n	11.9060	3.66393	13.748	31.8155
1399942752.375	n	11.9068	3.66393	13.728	31.8147
1399942752.437	n	11.9077	3.66394	13.711	31.8141
1399942752.500	n	11.9086	3.66394	13.687	31.8134
1399942752.562	n	11.9095	3.66394	13.667	31.8127
1399942752.625	n	11.9103	3.66394	13.646	31.8119
1399942752.687	n	11.9112	3.66393	13.624	31.8112
1399942752.750	n	11.9120	3.66392	13.604	31.8104
1399942752.812	n	11.9127	3.66392	13.589	31.8097
1399942752.875	n	11.9135	3.66391	13.567	31.8090
1399942752.938	n	11.9143	3.66390	13.545	31.8083
1399942753.131	y	11.9150	3.66390	13.525	31.8076
1399942753.142	n	11.9158	3.66391	13.506	31.8070
1399942753.148	n	11.9165	3.66391	13.486	31.8064
1399942753.187	n	11.9173	3.66391	13.467	31.8058
1399942753.250	n	11.9180	3.66390	13.446	31.8051
1399942753.358	y	11.9187	3.66389	13.423	31.8044
1399942753.375	n	11.9195	3.66389	13.406	31.8037
1399942753.436	n	11.9202	3.66389	13.383	31.8031
1399942753.500	n	11.9210	3.66390	13.364	31.8026
1399942753.561	n	11.9217	3.66390	13.343	31.8020
1399942753.625	n	11.9225	3.66389	13.322	31.8013
1399942753.687	n	11.9233	3.66389	13.303	31.8006
1399942753.749	n	11.9241	3.66390	13.285	31.8000
1399942753.811	n	11.9249	3.66391	13.265	31.7993
1399942753.874	n	11.9256	3.66391	13.249	31.7988
1399942753.936	n	11.9264	3.66391	13.227	31.7981
1399942754.000	n	11.9271	3.66390	13.205	31.7974
1399942754.062	n	11.9279	3.66390	13.183	31.7968
1399942754.125	n	11.9287	3.66390	13.160	31.7961
1399942754.188	n	11.9294	3.66388	13.140	31.7953
1399942754.250	n	11.9302	3.66388	13.126	31.7946
1399942754.313	n	11.9310	3.66387	13.104	31.7939
1399942754.375	n	11.9317	3.66388	13.086	31.7933
1399942754.437	n	11.9325	3.66388	13.066	31.7927
1399942754.500	n	11.9332	3.66388	13.045	31.7921
1399942754.562	n	11.9339	3.66388	13.023	31.7914
1399942754.624	n	11.9347	3.66387	13.006	31.7907
1399942754.688	n	11.9354	3.66386	12.987	31.7900
1399942754.750	n	11.9361	3.66385	12.968	31.7893
1399942754.811	n	11.9368	3.66384	12.948	31.7887
1399942754.875	n	11.9375	3.66384	12.925	31.7881
1399942754.936	n	11.9382	3.66384	12.907	31.7876
1399942754.999	n	11.9388	3.66386	12.888	31.7871
1399942755.062	n	11.9395	3.66387	12.867	31.7867
1399942755.125	n	11.9402	3.66388	12.844	31.7863
1399942755.188	n	11.9408	3.66389	12.822	31.7858
1399942755.250	y	11.9414	3.66389	12.802	31.7854
1399942755.313	n	11.9420	3.66390	12.782	31.7848
1399942755.375	n	11.9429	3.66390	12.765	31.7841
1399942755.436	n	11.9438	3.66389	12.742	31.7833
1399942755.500	n	11.9448	3.66390	12.723	31.7824
1399942755.562	n	11.9460	3.66389	12.705	31.7814
1399942755.625	n	11.9473	3.66390	12.684	31.7804
1399942755.687	n	11.9488	3.66391	12.661	31.7793
1399942755.750	n	11.9504	3.66393	12.641	31.7781
1399942755.813	n	11.9521	3.66393	12.619	31.7767
1399942755.875	n	11.9538	3.66394	12.598	31.7753
1399942755.938	n	11.9556	3.66394	12.578	31.7738
1399942755.999	n	11.9574	3.66394	12.558	31.7722
1399942756.062	n	11.9592	3.66395	12.537	31.7708
1399942756.124	n	11.9610	3.66395	12.516	31.7693
1399942756.187	n	11.9629	3.66396	12.495	31.7677
1399942756.249	n	11.9648	3.66396	12.473	31.7661
1399942756.312	n	11.9668	3.66397	12.452	31.7646
1399942756.374	n	11.9687	3.66397	12.433	31.7630
1399942756.439	n	11.9707	3.66398	12.411	31.7613
1399942756.499	n	11.9728	3.66399	12.389	31.7596
1399942756.562	n	11.9750	3.66400	12.365	31.7578
1399942756.624	n	11.9773	3.66401	12.341	31.7560
1399942756.687	n	11.9798	3.66402	12.323	31.7540
1399942756.750	n	11.9823	3.66404	12.301	31.7521
1399942756.813	n	11.9849	3.66405	12.278	31.7500
1399942756.874	n	11.9875	3.66406	12.255	31.7479
1399942756.937	n	11.9902	3.66407	12.234	31.7457
1399942757.000	n	11.9930	3.66408	12.212	31.7434
1399942757.062	n	11.9957	3.66407	12.191	31.7411
1399942757.125	n	11.9983	3.66408	12.169	31.7389
1399942757.188	n	12.0010	3.66408	12.148	31.7366
1399942757.402	y	12.0036	3.66409	12.125	31.7345
1399942757.413	n	12.0062	3.66411	12.103	31.7325
1399942757.420	n	12.0088	3.66412	12.082	31.7304
1399942757.437	n	12.0114	3.66412	12.059	31.7282
1399942757.500	n	12.0139	3.66413	12.039	31.7262
1399942757.561	n	12.0164	3.66414	12.015	31.7241
1399942757.624	n	12.0189	3.66414	11.995	31.7220
1399942757.689	n	12.0214	3.66415	11.972	31.7201
1399942757.749	n	12.0238	3.66415	11.949	31.7180
1399942757.811	n	12.0262	3.66415	11.928	31.7160
1399942757.874	n	12.0284	3.66415	11.907	31.7141
1399942757.939	n	12.0306	3.66415	11.885	31.7122
1399942758.001	n	12.0327	3.66415	11.861	31.7104
1399942758.061	n	12.0348	3.66416	11.838	31.7088
1399942758.124	n	12.0368	3.66417	11.815	31.7072
1399942758.187	n	12.0389	3.66418	11.795	31.7055
1399942758.249	n	12.0409	3.66418	11.774	31.7038
1399942758.312	n	12.0429	3.66420	11.748	31.7023
1399942758.375	n	12.0449	3.66421	11.725	31.7007
1399942758.437	n	12.0468	3.66422	11.704	31.6992
1399942758.500	n	12.0487	3.66422	11.683	31.6976
1399942758.562	n	12.0505	3.66422	11.661	31.6961
1399942758.624	n	12.0522	3.66422	11.638	31.6946
1399942758.688	n	12.0539	3.66422	11.614	31.6932
1399942758.751	n	12.0555	3.66422	11.594	31.6918
1399942758.813	n	12.0572	3.66422	11.576	31.6904
1399942758.875	n	12.0589	3.66422	11.554	31.6890
1399942758.965	y	12.0606	3.66422	11.532	31.6875
1399942759.000	n	12.0624	3.66422	11.510	31.6861
1399942759.062	n	12.0641	3.66421	11.490	31.6846
1399942759.124	n	12.0659	3.66422	11.463	31.6831
1399942759.188	n	12.0676	3.66422	11.443	31.6817
1399942759.249	n	12.0693	3.66423	11.422	31.6804
1399942759.312	n	12.0709	3.66425	11.400	31.6792
1399942759.374	n	12.0724	3.66426	11.377	31.6780
1399942759.439	n	12.0740	3.66426	11.353	31.6767
1399942759.499	n	12.0755	3.66427	11.334	31.6755
1399942759.563	n	12.0770	3.66426	11.314	31.6741
1399942759.624	n	12.0786	3.66426	11.296	31.6729
1399942759.687	n	12.0802	3.66427	11.276	31.6715
1399942759.750	n	12.0819	3.66428	11.250	31.6702
1399942759.812	n	12.0836	3.66429	11.232	31.6688
1399942759.874	n	12.0854	3.66430	11.207	31.6674
1399942759.937	n	12.0872	3.66430	11.189	31.6660
1399942760.000	n	12.0889	3.66430	11.170	31.6645
1399942760.063	n	12.0907	3.66429	11.148	31.6629
1399942760.124	n	12.0925	3.66429	11.128	31.6614
1399942760.187	n	12.0943	3.66430	11.107	31.6599
1399942760.249	n	12.0962	3.66431	11.085	31.6584
1399942760.312	n	12.0983	3.66432	11.064	31.6568
1399942760.374	n	12.1004	3.66433	11.046	31.6550
1399942760.437	n	12.1027	3.66433	11.024	31.6531
1399942760.499	n	12.1051	3.66435	11.006	31.6513
1399942760.562	n	12.1076	3.66436	10.988	31.6493
1399942760.624	n	12.1102	3.66437	10.965	31.6473
1399942760.688	n	12.1126	3.66439	10.946	31.6453
1399942760.750	n	12.1151	3.66439	10.923	31.6433
1399942760.812	n	12.1175	3.66440	10.905	31.6413
1399942760.875	n	12.1198	3.66441	10.883	31.6395
1399942760.936	n	12.1220	3.66441	10.864	31.6377
1399942760.999	n	12.1241	3.66441	10.844	31.6359
1399942761.062	n	12.1260	3.66442	10.821	31.6343
1399942761.125	n	12.1279	3.66442	10.801	31.6327
1399942761.188	n	12.1298	3.66443	10.782	31.6313
1399942761.250	n	12.1315	3.66444	10.764	31.6300
1399942761.312	n	12.1330	3.66446	10.746	31.6288
1399942761.374	n	12.1345	3.66446	10.724	31.6276
1399942761.437	n	12.1358	3.66447	10.706	31.6265
1399942761.622	y	12.1370	3.66447	10.683	31.6255
1399942761.628	n	12.1382	3.66447	10.664	31.6246
1399942761.637	n	12.1393	3.66448	10.647	31.6237
1399942761.687	n	12.1404	3.66449	10.627	31.6229
1399942761.751	n	12.1415	3.66451	10.607	31.6221
1399942761.812	n	12.1425	3.66451	10.589	31.6213
1399942761.874	n	12.1434	3.66451	10.567	31.6206
1399942761.938	n	12.1443	3.66451	10.544	31.6198
1399942762.000	n	12.1450	3.66450	10.523	31.6192
1399942762.061	n	12.1458	3.66451	10.511	31.6186
1399942762.125	n	12.1464	3.66451	10.489	31.6181
1399942762.188	n	12.1470	3.66452	10.470	31.6176
1399942762.249	n	12.1476	3.66451	10.451	31.6171
1399942762.312	n	12.1482	3.66451	10.432	31.6166
1399942762.374	n	12.1487	3.66450	10.413	31.6161
1399942762.438	n	12.1492	3.66451	10.391	31.6158
1399942762.535	y	12.1496	3.66451	10.374	31.6154
1399942762.563	n	12.1501	3.66452	10.355	31.6151
1399942762.624	n	12.1505	3.66452	10.335	31.6148
1399942762.687	n	12.1508	3.66452	10.312	31.6145
1399942762.750	n	12.1512	3.66452	10.292	31.6143
1399942762.812	n	12.1515	3.66452	10.274	31.6140
1399942762.877	n	12.1519	3.66452	10.256	31.6136
1399942762.939	n	12.1523	3.66453	10.236	31.6133
1399942763.001	n	12.1527	3.66452	10.216	31.6130
1399942763.062	n	12.1531	3.66452	10.198	31.6127
1399942763.124	n	12.1535	3.66452	10.181	31.6123
1399942763.186	n	12.1538	3.66452	10.159	31.6120
1399942763.249	n	12.1542	3.66451	10.137	31.6117
1399942763.312	n	12.1546	3.66451	10.120	31.6113
1399942763.375	n	12.1550	3.66450	10.099	31.6109
1399942763.438	n	12.1554	3.66449	10.083	31.6105
1399942763.499	n	12.1558	3.66449	10.063	31.6102
1399942763.562	n	12.1563	3.66450	10.042	31.6098
1399942763.624	n	12.1568	3.66450	10.024	31.6094
1399942763.688	n	12.1574	3.66450	10.005	31.6090
1399942763.749	n	12.1580	3.66449	9.984	31.6084
1399942763.813	n	12.1586	3.66448	9.965	31.6077
1399942763.876	n	12.1593	3.66447	9.946	31.6071
1399942763.937	n	12.1600	3.66447	9.928	31.6065
1399942764.001	n	12.1607	3.66447	9.914	31.6059
1399942764.063	n	12.1614	3.66447	9.891	31.6053
1399942764.126	n	12.1622	3.66447	9.871	31.6046
1399942764.187	n	12.1630	3.66448	9.854	31.6040
1399942764.249	n	12.1638	3.66449	9.833	31.6035
1399942764.311	n	12.1645	3.66450	9.811	31.6029
1399942764.374	n	12.1653	3.66450	9.794	31.6022
1399942764.436	n	12.1661	3.66448	9.776	31.6014
1399942764.499	n	12.1670	3.66448	9.756	31.6007
1399942764.562	n	12.1678	3.66448	9.741	31.6000
1399942764.624	n	12.1686	3.66448	9.724	31.5994
1399942764.689	n	12.1694	3.66449	9.698	31.5988
1399942764.750	n	12.1702	3.66450	9.682	31.5983
1399942764.812	n	12.1709	3.66451	9.662	31.5977
1399942764.874	n	12.1716	3.66451	9.642	31.5971
1399942764.938	n	12.1724	3.66451	9.621	31.5965
1399942764.999	n	12.1731	3.66451	9.605	31.5959
1399942765.062	n	12.1739	3.66452	9.587	31.5953
1399942765.125	n	12.1747	3.66453	9.566	31.5947
1399942765.188	n	12.1755	3.66453	9.547	31.5941
1399942765.250	n	12.1763	3.66453	9.527	31.5935
1399942765.312	n	12.1770	3.66453	9.510	31.5928
1399942765.376	n	12.1778	3.66454	9.492	31.5923
1399942765.437	n	12.1785	3.66454	9.475	31.5917
1399942765.500	n	12.1792	3.66454	9.458	31.5911
1399942765.562	n	12.1799	3.66454	9.439	31.5906
1399942765.626	n	12.1805	3.66455	9.414	31.5901
1399942765.687	n	12.1812	3.66455	9.397	31.5896
1399942765.839	y	12.1819	3.66456	9.381	31.5891
1399942765.844	n	12.1826	3.66457	9.364	31.5885
1399942765.876	n	12.1834	3.66458	9.344	31.5879
1399942765.936	n	12.1841	3.66458	9.323	31.5873
1399942766.000	n	12.1848	3.66458	9.308	31.5868
1399942766.061	n	12.1855	3.66458	9.291	31.5862
1399942766.124	n	12.1862	3.66457	9.269	31.5855
1399942766.223	y	12.1869	3.66456	9.248	31.5848
1399942766.250	n	12.1877	3.66457	9.231	31.5843
1399942766.313	n	12.1885	3.66458	9.212	31.5837
1399942766.375	n	12.1892	3.66460	9.194	31.5833
1399942766.438	n	12.1899	3.66461	9.173	31.5828
1399942766.499	n	12.1906	3.66461	9.153	31.5823
1399942766.562	n	12.1912	3.66461	9.139	31.5817
1399942766.624	n	12.1919	3.66460	9.118	31.5811
1399942766.688	n	12.1925	3.66460	9.097	31.5805
1399942766.749	n	12.1932	3.66460	9.079	31.5800
1399942766.812	n	12.1938	3.66460	9.061	31.5796
1399942766.875	n	12.1943	3.66461	9.041	31.5792
1399942766.938	n	12.1948	3.66462	9.021	31.5789
1399942767.005	n	12.1954	3.66463	9.004	31.5785
1399942767.062	n	12.1959	3.66464	8.983	31.5781
1399942767.125	n	12.1965	3.66465	8.967	31.5777
1399942767.186	n	12.1971	3.66466	8.945	31.5774
1399942767.250	n	12.1976	3.66467	8.927	31.5770
1399942767.312	n	12.1981	3.66468	8.905	31.5767
1399942767.375	n	12.1987	3.66469	8.890	31.5763
1399942767.436	n	12.1992	3.66469	8.872	31.5759
1399942767.499	n	12.1998	3.66471	8.848	31.5755
1399942767.562	n	12.2004	3.66471	8.827	31.5751
1399942767.626	n	12.2009	3.66471	8.811	31.5746
1399942767.687	n	12.2015	3.66472	8.794	31.5743
1399942767.749	n	12.2021	3.66473	8.771	31.5739
1399942767.813	n	12.2026	3.66475	8.752	31.5736
1399942767.876	n	12.2032	3.66476	8.735	31.5732
1399942767.939	n	12.2039	3.66477	8.716	31.5728
1399942767.999	n	12.2045	3.66480	8.698	31.5725
1399942768.062	n	12.2050	3.66482	8.678	31.5723
1399942768.125	n	12.2055	3.66484	8.663	31.5721
1399942768.188	n	12.2059	3.66486	8.645	31.5719
1399942768.249	n	12.2063	3.66487	8.626	31.5717
1399942768.313	n	12.2067	3.66489	8.606	31.5716
1399942768.374	n	12.2070	3.66490	8.588	31.5715
1399942768.438	n	12.2073	3.66492	8.563	31.5714
1399942768.499	n	12.2076	3.66494	8.545	31.5713
1399942768.563	n	12.2078	3.66496	8.531	31.5713
1399942768.627	n	12.2080	3.66498	8.515	31.5713
1399942768.687	n	12.2082	3.66499	8.496	31.5713
1399942768.869	y	12.2084	3.66500	8.476	31.5712
1399942768.875	n	12.2086	3.66501	8.456	31.5711
1399942768.880	n	12.2087	3.66501	8.437	31.5711
1399942768.937	n	12.2088	3.66501	8.424	31.5711
1399942769.004	n	12.2088	3.66502	8.402	31.5711
1399942769.061	n	12.2088	3.66503	8.382	31.5712
1399942769.126	n	12.2087	3.66504	8.366	31.5713
1399942769.188	n	12.2087	3.66504	8.350	31.5714
1399942769.249	n	12.2086	3.66505	8.331	31.5716
1399942769.311	n	12.2085	3.66506	8.310	31.5718
1399942769.375	n	12.2084	3.66508	8.292	31.5721
1399942769.436	n	12.2082	3.66509	8.273	31.5724
1399942769.499	n	12.2080	3.66510	8.253	31.5727
1399942769.561	n	12.2078	3.66511	8.236	31.5729
1399942769.625	n	12.2076	3.66511	8.223	31.5731
1399942769.689	n	12.2075	3.66511	8.210	31.5732
1399942769.750	n	12.2073	3.66511	8.186	31.5733
1399942769.812	n	12.2072	3.66512	8.168	31.5736
1399942769.875	y	12.2070	3.66514	8.148	31.5739
1399942769.938	n	12.2068	3.66516	8.133	31.5742
1399942770.154	y	12.2067	3.66517	8.117	31.5744
1399942770.164	n	12.2065	3.66517	8.099	31.5746
1399942770.174	n	12.2064	3.66517	8.082	31.5748
1399942770.187	n	12.2063	3.66517	8.064	31.5749
1399942770.249	n	12.2061	3.66518	8.047	31.5751
1399942770.312	n	12.2060	3.66520	8.030	31.5754
1399942770.375	n	12.2058	3.66521	8.012	31.5756
1399942770.436	n	12.2056	3.66523	7.997	31.5759
1399942770.500	n	12.2055	3.66523	7.978	31.5762
1399942770.563	n	12.2053	3.66524	7.963	31.5763
1399942770.626	n	12.2052	3.66525	7.947	31.5765
1399942770.687	n	12.2052	3.66526	7.931	31.5767
1399942770.749	n	12.2051	3.66527	7.916	31.5769
1399942770.812	n	12.2049	3.66528	7.898	31.5771
1399942770.876	n	12.2048	3.66529	7.879	31.5773
1399942770.936	n	12.2047	3.66528	7.860	31.5774
1399942770.999	n	12.2045	3.66528	7.847	31.5774
1399942771.062	n	12.2044	3.66529	7.828	31.5776
1399942771.125	n	12.2042	3.66530	7.812	31.5779
1399942771.188	n	12.2041	3.66532	7.798	31.5782
1399942771.249	n	12.2039	3.66534	7.785	31.5786
1399942771.311	n	12.2038	3.66536	7.768	31.5789
1399942771.375	n	12.2036	3.66537	7.750	31.5791
1399942771.438	n	12.2034	3.66537	7.733	31.5793
1399942771.500	n	12.2031	3.66537	7.715	31.5796
1399942771.562	n	12.2029	3.66537	7.705	31.5798
1399942771.625	n	12.2027	3.66539	7.689	31.5801
1399942771.686	n	12.2025	3.66542	7.672	31.5805
1399942771.750	n	12.2024	3.66544	7.656	31.5808
1399942771.812	n	12.2022	3.66545	7.643	31.5811
1399942771.877	n	12.2020	3.66545	7.627	31.5813
1399942771.939	n	12.2018	3.66545	7.609	31.5815
1399942771.999	n	12.2017	3.66546	7.594	31.5817
1399942772.062	n	12.2016	3.66548	7.580	31.5820
1399942772.125	n	12.2015	3.66551	7.563	31.5823
1399942772.188	n	12.2016	3.66554	7.547	31.5825
1399942772.251	n	12.2016	3.66556	7.530	31.5827
1399942772.313	n	12.2017	3.66559	7.519	31.5828
1399942772.374	n	12.2019	3.66560	7.500	31.5829
1399942772.438	n	12.2021	3.66562	7.484	31.5828
1399942772.500	n	12.2024	3.66563	7.470	31.5827
1399942772.563	n	12.2028	3.66565	7.453	31.5826
1399942772.624	n	12.2032	3.66566	7.440	31.5824
1399942772.686	n	12.2037	3.66568	7.425	31.5822
1399942772.750	n	12.2043	3.66570	7.412	31.5818
1399942772.812	n	12.2052	3.66572	7.394	31.5812
1399942772.875	n	12.2066	3.66575	7.378	31.5804
1399942772.938	n	12.2085	3.66578	7.362	31.5791
1399942773.000	n	12.2106	3.66582	7.349	31.5777
1399942773.063	n	12.2130	3.66586	7.333	31.5761
1399942773.126	n	12.2154	3.66589	7.317	31.5744
1399942773.187	n	12.2177	3.66592	7.303	31.5726
1399942773.249	n	12.2200	3.66594	7.286	31.5710
1399942773.312	n	12.2220	3.66597	7.271	31.5695
1399942773.376	n	12.2238	3.66599	7.255	31.5682
1399942773.437	n	12.2254	3.66602	7.239	31.5671
1399942773.500	n	12.2267	3.66604	7.223	31.5662
1399942773.562	y	12.2280	3.66605	7.208	31.5653
1399942773.625	n	12.2292	3.66606	7.192	31.5644
1399942773.687	n	12.2305	3.66608	7.176	31.5634
1399942773.750	n	12.2318	3.66608	7.161	31.5624
1399942773.812	n	12.2333	3.66610	7.147	31.5613
1399942773.874	n	12.2348	3.66612	7.132	31.5602
1399942773.937	n	12.2365	3.66614	7.115	31.5590
1399942774.116	y	12.2381	3.66615	7.098	31.5578
1399942774.121	n	12.2396	3.66616	7.085	31.5566
1399942774.127	n	12.2410	3.66616	7.065	31.5554
1399942774.187	n	12.2423	3.66617	7.048	31.5544
1399942774.250	n	12.2438	3.66619	7.035	31.5534
1399942774.312	n	12.2453	3.66621	7.017	31.5522
1399942774.375	n	12.2471	3.66623	7.002	31.5510
1399942774.437	n	12.2489	3.66624	6.984	31.5496
1399942774.499	n	12.2508	3.66625	6.968	31.5480
1399942774.562	n	12.2527	3.66625	6.951	31.5465
1399942774.625	n	12.2546	3.66627	6.936	31.5451
1399942774.687	n	12.2564	3.66629	6.918	31.5438
1399942774.750	n	12.2581	3.66632	6.898	31.5426
1399942774.812	n	12.2596	3.66634	6.884	31.5415
1399942774.876	n	12.2611	3.66635	6.869	31.5404
1399942774.937	n	12.2625	3.66635	6.855	31.5392
1399942775.000	n	12.2638	3.66635	6.839	31.5382
1399942775.063	n	12.2650	3.66635	6.820	31.5371
1399942775.125	n	12.2663	3.66636	6.801	31.5362
1399942775.188	n	12.2674	3.66637	6.784	31.5354
1399942775.250	n	12.2684	3.66639	6.769	31.5347
1399942775.313	n	12.2693	3.66641	6.752	31.5341
1399942775.375	n	12.2701	3.66643	6.736	31.5336
1399942775.437	n	12.2709	3.66645	6.715	31.5331
1399942775.500	n	12.2718	3.66646	6.701	31.5325
1399942775.562	n	12.2725	3.66646	6.687	31.5319
1399942775.626	n	12.2733	3.66646	6.667	31.5313
1399942775.687	n	12.2740	3.66646	6.652	31.5307
1399942775.750	n	12.2747	3.66648	6.634	31.5303
1399942775.813	n	12.2753	3.66650	6.614	31.5299
1399942775.876	n	12.2760	3.66652	6.601	31.5296
1399942775.937	n	12.2767	3.66654	6.582	31.5292
1399942775.999	n	12.2774	3.66655	6.564	31.5287
1399942776.062	n	12.2781	3.66655	6.548	31.5281
1399942776.126	y	12.2788	3.66656	6.529	31.5276
1399942776.188	n	12.2795	3.66656	6.515	31.5271
1399942776.249	n	12.2802	3.66657	6.495	31.5266
1399942776.313	n	12.2811	3.66659	6.480	31.5260
1399942776.376	n	12.2819	3.66661	6.462	31.5255
1399942776.436	n	12.2828	3.66663	6.442	31.5250
1399942776.499	n	12.2837	3.66666	6.425	31.5245
1399942776.561	n	12.2846	3.66669	6.407	31.5240
1399942776.625	n	12.2855	3.66670	6.393	31.5234
1399942776.688	n	12.2865	3.66672	6.378	31.5227
1399942776.749	n	12.2874	3.66673	6.359	31.5220
1399942776.811	n	12.2884	3.66674	6.340	31.5213
1399942776.875	n	12.2893	3.66677	6.321	31.5208
1399942776.938	n	12.2904	3.66693	6.305	31.5215
1399942777.000	n	12.2938	3.66839	6.288	31.5326
1399942777.063	n	12.3025	3.67274	6.272	31.5668
1399942777.174	y	12.3171	3.67948	6.253	31.6189
1399942777.188	n	12.3352	3.68702	6.236	31.6757
1399942777.251	n	12.3528	3.69344	6.216	31.7222
1399942777.312	n	12.3655	3.69717	6.202	31.7471
1399942777.376	n	12.3718	3.69846	6.186	31.7540
1399942777.438	n	12.3740	3.69892	6.170	31.7566
1399942777.501	n	12.3745	3.69912	6.151	31.7582
1399942777.561	n	12.3748	3.69925	6.136	31.7591
1399942777.625	n	12.3758	3.69935	6.120	31.7592
1399942777.688	n	12.3772	3.69945	6.104	31.7589
1399942777.749	n	12.3783	3.69955	6.086	31.7590
1399942777.812	n	12.3788	3.69965	6.070	31.7596
1399942777.875	n	12.3789	3.69973	6.055	31.7602
1399942777.939	n	12.3789	3.69980	6.037	31.7609
1399942778.000	n	12.3789	3.69987	6.023	31.7616
1399942778.062	n	12.3790	3.69993	6.008	31.7620
1399942778.124	n	12.3792	3.69999	5.990	31.7625
1399942778.191	n	12.3794	3.70006	5.978	31.7630
1399942778.398	y	12.3798	3.70011	5.961	31.7632
1399942778.404	n	12.3800	3.70014	5.945	31.7632
1399942778.410	n	12.3804	3.70017	5.926	31.7632
1399942778.438	n	12.3811	3.70015	5.910	31.7624
1399942778.501	n	12.3827	3.70009	5.896	31.7606
1399942778.563	n	12.3849	3.70001	5.881	31.7579
1399942778.627	n	12.3873	3.69993	5.866	31.7551
1399942778.688	n	12.3894	3.69988	5.848	31.7529
1399942778.749	n	12.3913	3.69989	5.831	31.7514
1399942778.812	n	12.3931	3.69992	5.814	31.7501
1399942778.875	n	12.3953	3.69997	5.801	31.7488
1399942778.936	n	12.3977	3.70001	5.780	31.7472
1399942779.000	n	12.3998	3.70005	5.765	31.7457
1399942779.063	n	12.4015	3.70007	5.751	31.7445
1399942779.124	n	12.4025	3.70009	5.734	31.7439
1399942779.194	n	12.4029	3.70009	5.721	31.7435
1399942779.249	n	12.4031	3.70007	5.703	31.7432
1399942779.313	n	12.4035	3.70005	5.686	31.7426
1399942779.376	n	12.4045	3.70003	5.674	31.7416
1399942779.437	n	12.4062	3.70005	5.658	31.7403
1399942779.499	n	12.4078	3.70008	5.641	31.7393
1399942779.562	n	12.4088	3.70010	5.623	31.7387
1399942779.624	n	12.4092	3.70011	5.608	31.7383
1399942779.687	n	12.4095	3.70010	5.594	31.7381
1399942779.750	n	12.4099	3.70010	5.574	31.7378
1399942779.813	n	12.4105	3.70013	5.559	31.7375
1399942779.874	n	12.4113	3.70017	5.542	31.7372
1399942779.938	n	12.4121	3.70022	5.525	31.7370
1399942779.999	n	12.4131	3.70027	5.510	31.7366
1399942780.062	n	12.4145	3.70033	5.497	31.7360
1399942780.126	n	12.4166	3.70038	5.479	31.7348
1399942780.188	n	12.4194	3.70043	5.463	31.7328
1399942780.251	n	12.4229	3.70046	5.447	31.7302
1399942780.311	n	12.4270	3.70047	5.433	31.7269
1399942780.375	n	12.4319	3.70047	5.417	31.7227
1399942780.437	n	12.4377	3.70044	5.400	31.7176
1399942780.500	n	12.4449	3.70042	5.384	31.7113
1399942780.563	n	12.4539	3.70041	5.368	31.7036
1399942780.625	n	12.4649	3.70046	5.351	31.6948
1399942780.688	y	12.4770	3.70059	5.333	31.6859
1399942780.749	n	12.4887	3.70077	5.318	31.6777
1399942780.814	n	12.4987	3.70097	5.301	31.6712
1399942780.876	n	12.5062	3.70118	5.285	31.6669
1399942780.937	n	12.5115	3.70138	5.270	31.6643
1399942781.000	n	12.5153	3.70155	5.256	31.6627
1399942781.063	n	12.5186	3.70169	5.242	31.6613
1399942781.125	n	12.5219	3.70181	5.222	31.6597
1399942781.187	n	12.5251	3.70191	5.205	31.6579
1399942781.250	n	12.5279	3.70200	5.192	31.6564
1399942781.312	n	12.5301	3.70208	5.175	31.6554
1399942781.375	n	12.5314	3.70214	5.155	31.6548
1399942781.438	n	12.5321	3.70217	5.140	31.6545
1399942781.501	n	12.5330	3.70219	5.127	31.6540
1399942781.562	n	12.5343	3.70222	5.109	31.6532
1399942781.624	n	12.5360	3.70226	5.091	31.6521
1399942781.688	n	12.5378	3.70230	5.077	31.6510
1399942781.750	n	12.5392	3.70233	5.058	31.6501
1399942781.812	n	12.5403	3.70235	5.041	31.6494
1399942781.876	n	12.5410	3.70238	5.023	31.6491
1399942781.937	n	12.5416	3.70240	5.004	31.6488
1399942781.999	n	12.5419	3.70241	4.990	31.6487
1399942782.062	n	12.5419	3.70241	4.972	31.6487
1399942782.124	n	12.5418	3.70240	4.954	31.6487
1399942782.188	n	12.5417	3.70239	4.938	31.6486
1399942782.250	n	12.5416	3.70239	4.918	31.6487
1399942782.313	n	12.5416	3.70240	4.901	31.6488
1399942782.375	n	12.5416	3.70241	4.882	31.6489
1399942782.439	n	12.5416	3.70240	4.865	31.6488
1399942782.608	y	12.5415	3.70237	4.848	31.6487
1399942782.615	n	12.5413	3.70234	4.831	31.6486
1399942782.625	n	12.5411	3.70230	4.814	31.6484
1399942782.686	n	12.5410	3.70228	4.798	31.6482
1399942782.750	n	12.5411	3.70225	4.779	31.6479
1399942782.812	n	12.5411	3.70222	4.764	31.6476
1399942782.875	n	12.5411	3.70219	4.749	31.6473
1399942782.938	n	12.5410	3.70218	4.729	31.6473
1399942782.999	n	12.5410	3.70218	4.712	31.6473
1399942783.062	n	12.5416	3.70220	4.695	31.6470
1399942783.127	n	12.5431	3.70222	4.676	31.6459
1399942783.187	n	12.5460	3.70223	4.663	31.6437
1399942783.250	n	12.5499	3.70223	4.647	31.6403
1399942783.313	n	12.5546	3.70223	4.632	31.6363
1399942783.374	n	12.5592	3.70224	4.614	31.6326
1399942783.438	n	12.5631	3.70226	4.598	31.6295
1399942783.499	n	12.5660	3.70228	4.582	31.6273
1399942783.562	n	12.5679	3.70228	4.566	31.6257
1399942783.626	n	12.5691	3.70226	4.553	31.6245
1399942783.688	n	12.5701	3.70223	4.532	31.6234
1399942783.750	n	12.5710	3.70220	4.520	31.6224
1399942783.812	n	12.5719	3.70217	4.508	31.6213
1399942783.874	n	12.5728	3.70215	4.491	31.6203
1399942783.937	n	12.5737	3.70215	4.474	31.6196
1399942784.001	n	12.5746	3.70215	4.461	31.6189
1399942784.063	n	12.5754	3.70215	4.449	31.6182
1399942784.124	n	12.5762	3.70214	4.433	31.6174
1399942784.188	n	12.5771	3.70210	4.416	31.6163
1399942784.249	n	12.5779	3.70205	4.400	31.6152
1399942784.314	n	12.5788	3.70202	4.385	31.6141
1399942784.375	n	12.5798	3.70200	4.372	31.6132
1399942784.499	y	12.5806	3.70200	4.356	31.6125
1399942784.566	y	12.5814	3.70201	4.346	31.6119
1399942784.572	n	12.5820	3.70201	4.333	31.6113
1399942784.625	n	12.5826	3.70201	4.318	31.6109
1399942784.687	n	12.5831	3.70201	4.303	31.6105
1399942784.749	n	12.5835	3.70202	4.288	31.6102
1399942784.812	n	12.5839	3.70203	4.274	31.6101
1399942784.876	n	12.5843	3.70204	4.262	31.6098
1399942784.937	n	12.5847	3.70205	4.249	31.6095
1399942785.000	n	12.5850	3.70205	4.234	31.6093
1399942785.062	n	12.5851	3.70205	4.219	31.6093
1399942785.125	n	12.5852	3.70207	4.206	31.6093
1399942785.189	n	12.5853	3.70208	4.190	31.6093
1399942785.249	n	12.5855	3.70208	4.178	31.6092
1399942785.313	n	12.5859	3.70208	4.166	31.6089
1399942785.375	n	12.5862	3.70208	4.154	31.6087
1399942785.438	n	12.5864	3.70209	4.138	31.6085
1399942785.500	n	12.5865	3.70211	4.130	31.6086
1399942785.563	n	12.5865	3.70214	4.115	31.6089
1399942785.625	n	12.5865	3.70217	4.102	31.6092
1399942785.688	n	12.5866	3.70220	4.089	31.6094
1399942785.750	n	12.5870	3.70221	4.078	31.6092
1399942785.813	n	12.5878	3.70221	4.064	31.6086
1399942785.875	n	12.5890	3.70222	4.054	31.6077
1399942785.938	n	12.5900	3.70224	4.040	31.6070
1399942785.999	n	12.5908	3.70226	4.026	31.6065
1399942786.062	n	12.5912	3.70227	4.013	31.6063
1399942786.126	n	12.5914	3.70226	4.002	31.6059
1399942786.189	n	12.5918	3.70224	3.992	31.6055
1399942786.250	n	12.5923	3.70223	3.979	31.6049
1399942786.312	n	12.5929	3.70223	3.966	31.6044
1399942786.376	n	12.5935	3.70223	3.952	31.6041
1399942786.436	n	12.5940	3.70224	3.937	31.6037
1399942786.500	n	12.5944	3.70223	3.925	31.6032
1399942786.563	n	12.5949	3.70223	3.914	31.6028
1399942786.625	n	12.5953	3.70223	3.902	31.6025
1399942786.689	n	12.5956	3.70223	3.890	31.6022
1399942786.863	y	12.5959	3.70223	3.872	31.6020
1399942786.868	n	12.5962	3.70223	3.858	31.6018
1399942786.876	n	12.5965	3.70224	3.846	31.6016
1399942786.937	n	12.5970	3.70228	3.835	31.6015
1399942787.000	n	12.5977	3.70234	3.821	31.6016
1399942787.063	n	12.5984	3.70243	3.808	31.6018
1399942787.125	n	12.5993	3.70252	3.793	31.6020
1399942787.190	n	12.6003	3.70261	3.784	31.6020
1399942787.249	n	12.6013	3.70270	3.770	31.6019
1399942787.313	n	12.6025	3.70277	3.753	31.6017
1399942787.375	n	12.6036	3.70285	3.741	31.6014
1399942787.439	n	12.6050	3.70294	3.733	31.6011
1399942787.499	n	12.6067	3.70303	3.716	31.6007
1399942787.562	n	12.6086	3.70313	3.703	31.5999
1399942787.626	n	12.6109	3.70321	3.693	31.5988
1399942787.687	n	12.6134	3.70330	3.680	31.5976
1399942787.750	n	12.6158	3.70341	3.672	31.5966
1399942787.812	n	12.6181	3.70357	3.658	31.5962
1399942787.876	n	12.6203	3.70376	3.642	31.5961
1399942787.938	n	12.6229	3.70397	3.631	31.5960
1399942788.000	n	12.6261	3.70420	3.621	31.5955
1399942788.063	n	12.6298	3.70442	3.609	31.5944
1399942788.125	y	12.6339	3.70462	3.598	31.5929
1399942788.186	n	12.6378	3.70480	3.584	31.5913
1399942788.250	n	12.6413	3.70496	3.572	31.5899
1399942788.312	n	12.6445	3.70510	3.563	31.5886
1399942788.376	n	12.6476	3.70526	3.551	31.5875
1399942788.436	n	12.6512	3.70549	3.539	31.5866
1399942788.500	n	12.6565	3.70584	3.527	31.5856
1399942788.563	n	12.6640	3.70631	3.513	31.5838
1399942788.627	n	12.6738	3.70688	3.501	31.5809
1399942788.687	n	12.6866	3.70753	3.491	31.5763
1399942788.749	n	12.7045	3.70842	3.476	31.5699
1399942788.812	n	12.7284	3.70957	3.461	31.5608
1399942788.876	n	12.7570	3.71092	3.448	31.5496
1399942788.937	n	12.7866	3.71231	3.440	31.5379
1399942789.000	n	12.8132	3.71355	3.427	31.5275
1399942789.063	n	12.8340	3.71456	3.407	31.5197
1399942789.125	n	12.8497	3.71544	3.394	31.5149
1399942789.187	n	12.8619	3.71620	3.378	31.5119
1399942789.250	n	12.8716	3.71681	3.366	31.5095
1399942789.314	n	12.8798	3.71729	3.350	31.5073
1399942789.374	n	12.8900	3.71804	3.335	31.5059
1399942789.437	n	12.9050	3.71926	3.322	31.5049
1399942789.500	n	12.9251	3.72084	3.310	31.5030
1399942789.562	n	12.9478	3.72248	3.295	31.4996
1399942789.625	n	12.9691	3.72381	3.274	31.4944
1399942789.688	n	12.9851	3.72453	3.261	31.4879
1399942789.749	n	12.9955	3.72485	3.246	31.4823
1399942789.812	n	13.0017	3.72501	3.230	31.4786
1399942789.874	n	13.0058	3.72510	3.215	31.4760
1399942789.938	n	13.0085	3.72515	3.199	31.4742
1399942790.000	n	13.0093	3.72513	3.186	31.4734
1399942790.061	n	13.0082	3.72500	3.171	31.4731
1399942790.125	n	13.0059	3.72479	3.154	31.4731
1399942790.187	n	13.0027	3.72449	3.142	31.4729
1399942790.250	n	12.9991	3.72415	3.124	31.4727
1399942790.312	n	12.9947	3.72385	3.115	31.4735
1399942790.374	n	12.9882	3.72362	3.104	31.4767
1399942790.438	n	12.9816	3.72358	3.092	31.4818
1399942790.501	n	12.9779	3.72383	3.081	31.4873
1399942790.563	n	12.9799	3.72433	3.070	31.4903
1399942790.624	n	12.9877	3.72492	3.055	31.4895
1399942790.687	n	12.9987	3.72550	3.042	31.4858
1399942790.750	n	13.0092	3.72593	3.030	31.4811
1399942790.813	n	13.0172	3.72619	3.016	31.4769
1399942790.876	n	13.0222	3.72633	3.007	31.4741
1399942790.937	n	13.0253	3.72641	2.992	31.4723
1399942791.126	y	13.0271	3.72645	2.981	31.4711
1399942791.132	n	13.0286	3.72653	2.968	31.4706
1399942791.138	n	13.0306	3.72668	2.956	31.4704
1399942791.187	n	13.0336	3.72692	2.946	31.4702
1399942791.250	n	13.0372	3.72720	2.932	31.4699
1399942791.312	n	13.0410	3.72762	2.921	31.4706
1399942791.375	n	13.0461	3.72827	2.911	31.4724
1399942791.438	n	13.0533	3.72912	2.899	31.4745
1399942791.500	n	13.0623	3.73002	2.887	31.4754
1399942791.562	n	13.0712	3.73074	2.874	31.4748
1399942791.624	n	13.0774	3.73114	2.863	31.4735
1399942791.689	n	13.0796	3.73128	2.851	31.4729
1399942791.762	y	13.0788	3.73125	2.838	31.4733
1399942791.813	n	13.0768	3.73116	2.828	31.4741
1399942791.874	n	13.0754	3.73107	2.815	31.4744
1399942791.938	n	13.0757	3.73102	2.805	31.4738
1399942792.000	n	13.0779	3.73105	2.793	31.4722
1399942792.063	n	13.0812	3.73110	2.781	31.4699
1399942792.125	n	13.0848	3.73112	2.770	31.4672
1399942792.187	n	13.0884	3.73117	2.756	31.4647
1399942792.249	n	13.0921	3.73133	2.741	31.4631
1399942792.313	n	13.0954	3.73149	2.730	31.4619
1399942792.376	n	13.0971	3.73152	2.717	31.4608
1399942792.437	n	13.0967	3.73140	2.707	31.4599
1399942792.500	n	13.0948	3.73119	2.693	31.4596
1399942792.562	n	13.0922	3.73096	2.681	31.4596
1399942792.625	n	13.0891	3.73070	2.667	31.4597
1399942792.688	n	13.0852	3.73035	2.654	31.4596
1399942792.751	n	13.0809	3.72998	2.641	31.4597
1399942792.812	n	13.0766	3.72972	2.628	31.4609
1399942792.875	n	13.0727	3.72964	2.613	31.4634
1399942792.938	n	13.0689	3.72962	2.603	31.4663
1399942793.000	n	13.0657	3.72954	2.590	31.4683
1399942793.061	n	13.0639	3.72944	2.578	31.4688
1399942793.125	n	13.0647	3.72940	2.567	31.4678
1399942793.187	n	13.0678	3.72941	2.554	31.4653
1399942793.249	n	13.0711	3.72941	2.545	31.4625
1399942793.312	n	13.0726	3.72937	2.532	31.4609
1399942793.376	n	13.0718	3.72935	2.525	31.4614
1399942793.437	n	13.0698	3.72944	2.513	31.4639
1399942793.500	n	13.0675	3.72959	2.502	31.4672
1399942793.563	n	13.0659	3.72969	2.493	31.4695
1399942793.625	n	13.0652	3.72969	2.482	31.4701
1399942793.688	n	13.0650	3.72966	2.471	31.4699
1399942793.749	n	13.0653	3.72966	2.465	31.4698
1399942793.813	n	13.0658	3.72974	2.455	31.4700
1399942793.876	n	13.0664	3.72983	2.448	31.4705
1399942793.938	n	13.0672	3.72990	2.438	31.4704
1399942794.000	n	13.0686	3.72995	2.424	31.4698
1399942794.063	n	13.0704	3.73005	2.415	31.4692
1399942794.126	n	13.0725	3.73024	2.408	31.4693
1399942794.187	n	13.0749	3.73063	2.393	31.4709
1399942794.250	n	13.0784	3.73122	2.381	31.4736
1399942794.313	n	13.0836	3.73191	2.374	31.4757
1399942794.375	n	13.0906	3.73254	2.360	31.4758
1399942794.438	n	13.0982	3.73295	2.348	31.4734
1399942794.499	n	13.1046	3.73308	2.337	31.4693
1399942794.562	n	13.1090	3.73302	2.325	31.4651
1399942794.626	n	13.1120	3.73303	2.315	31.4627
1399942794.688	n	13.1150	3.73322	2.300	31.4620
1399942794.750	n	13.1194	3.73358	2.281	31.4617
1399942794.812	n	13.1254	3.73405	2.268	31.4612
1399942794.874	n	13.1317	3.73448	2.252	31.4600
1399942794.938	n	13.1373	3.73478	2.238	31.4582
1399942794.999	n	13.1416	3.73498	2.221	31.4565
1399942795.062	n	13.1444	3.73510	2.207	31.4552
1399942795.127	n	13.1458	3.73510	2.190	31.4541
1399942795.189	n	13.1455	3.73500	2.175	31.4535
1399942795.439	y	13.1443	3.73497	2.155	31.4542
1399942795.461	y	13.1436	3.73511	2.138	31.4560
1399942795.467	n	13.1451	3.73545	2.124	31.4580
1399942795.472	n	13.1493	3.73592	2.108	31.4590
1399942795.500	n	13.1549	3.73634	2.091	31.4583
1399942795.562	n	13.1599	3.73660	2.078	31.4565
1399942795.624	n	13.1636	3.73675	2.061	31.4550
1399942795.687	n	13.1656	3.73686	2.047	31.4543
1399942795.749	n	13.1665	3.73695	2.033	31.4543
1399942795.812	n	13.1671	3.73700	2.020	31.4543
1399942795.874	n	13.1675	3.73700	2.007	31.4541
1399942795.938	n	13.1676	3.73698	1.993	31.4537
1399942795.999	n	13.1674	3.73694	1.979	31.4535
1399942796.062	n	13.1671	3.73694	1.966	31.4538
1399942796.126	n	13.1669	3.73701	1.952	31.4546
1399942796.188	n	13.1673	3.73714	1.936	31.4556
1399942796.250	n	13.1679	3.73726	1.924	31.4562
1399942796.313	n	13.1685	3.73731	1.912	31.4561
1399942796.375	n	13.1689	3.73729	1.898	31.4556
1399942796.437	n	13.1689	3.73723	1.881	31.4551
1399942796.500	n	13.1689	3.73723	1.870	31.4550
1399942796.562	n	13.1692	3.73728	1.860	31.4553
1399942796.625	n	13.1699	3.73736	1.843	31.4555
1399942796.686	n	13.1709	3.73745	1.824	31.4555
1399942796.750	n	13.1722	3.73750	1.814	31.4549
1399942796.812	n	13.1733	3.73753	1.802	31.4543
1399942796.876	n	13.1738	3.73752	1.785	31.4538
1399942796.937	n	13.1739	3.73748	1.770	31.4533
1399942796.999	n	13.1738	3.73743	1.756	31.4529
1399942797.063	n	13.1736	3.73738	1.737	31.4526
1399942797.125	n	13.1736	3.73738	1.719	31.4526
1399942797.187	n	13.1737	3.73742	1.705	31.4529
1399942797.250	n	13.1739	3.73746	1.688	31.4531
1399942797.312	n	13.1741	3.73746	1.673	31.4530
1399942797.374	n	13.1741	3.73743	1.656	31.4527
1399942797.438	n	13.1742	3.73740	1.635	31.4524
1399942797.501	n	13.1744	3.73741	1.619	31.4523
1399942797.563	n	13.1745	3.73744	1.605	31.4525
1399942797.625	n	13.1747	3.73747	1.586	31.4527
1399942797.689	n	13.1748	3.73749	1.567	31.4527
1399942797.750	n	13.1750	3.73750	1.553	31.4527
1399942797.813	n	13.1751	3.73749	1.535	31.4525
1399942797.875	n	13.1753	3.73750	1.520	31.4524
1399942797.939	n	13.1755	3.73752	1.506	31.4525
1399942798.000	n	13.1757	3.73755	1.488	31.4526
1399942798.062	n	13.1758	3.73757	1.472	31.4527
1399942798.125	n	13.1758	3.73757	1.460	31.4528
1399942798.188	n	13.1757	3.73755	1.450	31.4526
1399942798.249	n	13.1756	3.73752	1.437	31.4525
1399942798.313	n	13.1754	3.73749	1.422	31.4523
1399942798.376	n	13.1754	3.73747	1.412	31.4522
1399942798.437	n	13.1753	3.73746	1.403	31.4521
1399942798.499	n	13.1752	3.73746	1.392	31.4522
1399942798.563	n	13.1752	3.73744	1.380	31.4520
1399942798.625	n	13.1751	3.73738	1.369	31.4516
1399942798.741	y	13.1750	3.73734	1.359	31.4512
1399942798.749	n	13.1749	3.73732	1.350	31.4511
1399942798.813	n	13.1749	3.73733	1.342	31.4513
1399942798.875	n	13.1748	3.73736	1.337	31.4516
1399942798.939	n	13.1748	3.73741	1.329	31.4521
1399942799.000	n	13.1747	3.73743	1.319	31.4523
1399942799.114	y	13.1747	3.73745	1.309	31.4526
1399942799.124	n	13.1746	3.73747	1.300	31.4528
1399942799.188	n	13.1746	3.73748	1.293	31.4529
1399942799.250	n	13.1748	3.73748	1.278	31.4528
1399942799.312	n	13.1749	3.73749	1.267	31.4527
1399942799.375	n	13.1752	3.73750	1.259	31.4526
1399942799.439	n	13.1754	3.73751	1.246	31.4526
1399942799.597	y	13.1757	3.73753	1.238	31.4526
1399942799.602	n	13.1759	3.73754	1.221	31.4524
1399942799.626	n	13.1761	3.73756	1.209	31.4524
1399942799.689	n	13.1763	3.73757	1.192	31.4524
1399942799.751	n	13.1764	3.73758	1.178	31.4524
1399942799.813	n	13.1763	3.73757	1.168	31.4525
1399942799.875	n	13.1762	3.73757	1.156	31.4525
1399942799.939	n	13.1761	3.73755	1.138	31.4524
1399942800.000	n	13.1761	3.73754	1.123	31.4523
1399942800.063	n	13.1761	3.73752	1.114	31.4522
1399942800.126	n	13.1761	3.73750	1.101	31.4520
1399942800.187	n	13.1761	3.73749	1.087	31.4519
1399942800.250	n	13.1761	3.73749	1.074	31.4518
1399942800.313	n	13.1762	3.73749	1.064	31.4518
1399942800.374	n	13.1762	3.73750	1.058	31.4519
1399942800.438	n	13.1762	3.73751	1.045	31.4520
1399942800.500	n	13.1762	3.73751	1.033	31.4520
1399942800.563	n	13.1761	3.73751	1.026	31.4521
1399942800.625	n	13.1759	3.73750	1.014	31.4522
1399942800.688	n	13.1757	3.73749	1.002	31.4522
1399942800.751	n	13.1755	3.73746	0.991	31.4521
1399942800.813	n	13.1754	3.73745	0.982	31.4521
1399942800.876	n	13.1754	3.73743	0.969	31.4520
1399942800.938	n	13.1754	3.73743	0.959	31.4519
1399942801.001	n	13.1754	3.73743	0.944	31.4519
1399942801.063	n	13.1754	3.73742	0.932	31.4518
1399942801.124	n	13.1753	3.73739	0.918	31.4516
1399942801.188	n	13.1752	3.73737	0.906	31.4515
1399942801.251	n	13.1752	3.73736	0.891	31.4515
1399942801.313	n	13.1753	3.73736	0.877	31.4514
1399942801.375	n	13.1754	3.73738	0.862	31.4515
1399942801.438	n	13.1755	3.73739	0.849	31.4516
1399942801.500	n	13.1755	3.73740	0.834	31.4515
1399942801.562	n	13.1756	3.73740	0.822	31.4515
1399942801.624	n	13.1758	3.73741	0.810	31.4514
1399942801.688	n	13.1760	3.73741	0.799	31.4513
1399942801.750	n	13.1761	3.73740	0.783	31.4511
1399942801.813	n	13.1761	3.73738	0.776	31.4510
1399942801.874	n	13.1759	3.73736	0.763	31.4509
1399942801.938	n	13.1756	3.73735	0.752	31.4510
1399942801.999	n	13.1754	3.73735	0.742	31.4512
1399942802.062	n	13.1754	3.73734	0.732	31.4512
1399942802.124	n	13.1754	3.73734	0.724	31.4512
1399942802.189	n	13.1753	3.73733	0.715	31.4512
1399942802.250	n	13.1751	3.73732	0.704	31.4513
1399942802.312	n	13.1749	3.73732	0.694	31.4515
1399942802.374	n	13.1747	3.73734	0.687	31.4518
1399942802.438	n	13.1743	3.73735	0.679	31.4522
1399942802.499	n	13.1734	3.73732	0.675	31.4526
1399942802.561	n	13.1722	3.73724	0.667	31.4529
1399942802.632	n	13.1710	3.73714	0.665	31.4530
1399942802.687	y	13.1698	3.73703	0.662	31.4529
1399942802.775	n	13.1690	3.73693	0.654	31.4527
1399942802.813	n	13.1683	3.73685	0.653	31.4526
1399942802.877	n	13.1679	3.73681	0.653	31.4524
1399942802.938	n	13.1683	3.73680	0.652	31.4520
1399942802.999	n	13.1693	3.73686	0.653	31.4517
1399942803.062	n	13.1704	3.73694	0.654	31.4515
1399942803.124	n	13.1714	3.73702	0.653	31.4515
1399942803.189	n	13.1720	3.73708	0.651	31.4516
