Source File: D:\Storage\Programs\OOI\Group 5\Correspondence\07_18_14 sample files\files\11335408.PPB
Processed: 07/18/2014 12:28:16
Using Version: 1.11
Device: CTD
Start Date: 05/13/2014
Timestamp (s)	Suspect Timestamp	Temperature	Conductivity	Pressure	Salinity
1399985916.682	y	10.8786	3.62146	20.272	32.2887
1399985916.746	n	10.8785	3.62147	20.277	32.2889
1399985916.807	n	10.8787	3.62143	20.275	32.2883
1399985916.870	n	10.8785	3.62146	20.272	32.2887
1399985916.934	n	10.8787	3.62147	20.277	32.2887
1399985916.996	n	10.8788	3.62147	20.273	32.2886
1399985917.057	n	10.8787	3.62150	20.272	32.2889
1399985917.123	n	10.8787	3.62146	20.275	32.2885
1399985917.187	n	10.8788	3.62147	20.276	32.2886
1399985917.248	n	10.8788	3.62148	20.275	32.2887
1399985917.309	n	10.8788	3.62149	20.273	32.2888
1399985917.372	n	10.8788	3.62148	20.272	32.2887
1399985917.434	n	10.8788	3.62147	20.276	32.2886
1399985917.499	n	10.8788	3.62145	20.276	32.2884
1399985917.561	n	10.8789	3.62144	20.275	32.2882
1399985917.622	n	10.8789	3.62144	20.277	32.2882
1399985917.685	n	10.8789	3.62144	20.280	32.2882
1399985917.747	n	10.8789	3.62145	20.278	32.2883
1399985917.810	n	10.8789	3.62146	20.278	32.2883
1399985917.874	n	10.8790	3.62146	20.279	32.2883
1399985917.937	n	10.8790	3.62145	20.278	32.2882
1399985917.998	n	10.8790	3.62145	20.278	32.2881
1399985918.059	n	10.8791	3.62144	20.279	32.2880
1399985918.123	n	10.8791	3.62143	20.279	32.2879
1399985918.186	n	10.8791	3.62143	20.279	32.2878
1399985919.893	n	10.8792	3.62143	20.278	32.2879
1399985919.926	n	10.8792	3.62143	20.279	32.2879
1399985919.950	n	10.8792	3.62145	20.281	32.2880
1399985919.969	n	10.8792	3.62145	20.282	32.2880
1399985919.976	n	10.8792	3.62145	20.285	32.2880
1399985919.983	n	10.8792	3.62143	20.285	32.2878
1399985919.990	n	10.8793	3.62142	20.284	32.2877
1399985919.998	n	10.8793	3.62141	20.283	32.2876
1399985920.006	n	10.8793	3.62142	20.286	32.2877
1399985920.013	n	10.8793	3.62143	20.284	32.2877
1399985920.020	n	10.8793	3.62143	20.285	32.2877
1399985920.027	n	10.8794	3.62144	20.284	32.2877
1399985920.034	n	10.8794	3.62143	20.287	32.2876
1399985920.041	n	10.8793	3.62142	20.289	32.2876
1399985920.047	n	10.8793	3.62141	20.286	32.2875
1399985920.053	n	10.8793	3.62141	20.285	32.2875
1399985920.059	n	10.8793	3.62141	20.288	32.2875
1399985920.065	n	10.8794	3.62141	20.287	32.2874
1399985920.071	n	10.8795	3.62141	20.289	32.2873
1399985920.077	n	10.8795	3.62140	20.290	32.2872
1399985920.083	n	10.8795	3.62139	20.292	32.2871
1399985920.091	n	10.8795	3.62140	20.293	32.2872
1399985920.098	n	10.8794	3.62140	20.297	32.2873
1399985920.105	n	10.8794	3.62140	20.289	32.2874
1399985920.113	n	10.8794	3.62140	20.294	32.2874
1399985920.119	n	10.8794	3.62139	20.299	32.2873
1399985920.126	n	10.8794	3.62139	20.299	32.2872
1399985920.137	n	10.8794	3.62138	20.300	32.2872
1399985920.144	n	10.8794	3.62137	20.301	32.2871
1399985920.152	n	10.8794	3.62138	20.301	32.2872
1399985920.159	n	10.8793	3.62139	20.303	32.2873
1399985920.185	n	10.8792	3.62139	20.301	32.2874
1399985920.249	n	10.8791	3.62139	20.304	32.2875
1399985920.310	n	10.8791	3.62139	20.304	32.2875
1399985920.374	n	10.8791	3.62138	20.304	32.2875
1399985920.437	n	10.8791	3.62138	20.303	32.2874
1399985920.502	n	10.8791	3.62138	20.309	32.2874
1399985920.561	n	10.8790	3.62138	20.309	32.2874
1399985920.623	n	10.8790	3.62137	20.311	32.2874
1399985920.687	n	10.8789	3.62137	20.310	32.2874
1399985920.747	n	10.8789	3.62137	20.309	32.2874
1399985920.810	n	10.8789	3.62136	20.310	32.2873
1399985920.874	n	10.8790	3.62135	20.309	32.2873
1399985920.936	n	10.8789	3.62135	20.309	32.2873
1399985920.998	n	10.8789	3.62135	20.312	32.2872
1399985921.061	n	10.8789	3.62135	20.313	32.2872
1399985921.122	n	10.8789	3.62134	20.312	32.2872
1399985921.185	n	10.8789	3.62134	20.309	32.2872
1399985921.247	n	10.8790	3.62135	20.309	32.2872
1399985921.310	n	10.8790	3.62136	20.311	32.2873
1399985921.372	n	10.8790	3.62136	20.312	32.2873
1399985921.437	n	10.8790	3.62136	20.313	32.2873
1399985921.498	n	10.8789	3.62136	20.309	32.2873
1399985921.559	n	10.8788	3.62135	20.310	32.2874
1399985921.622	n	10.8788	3.62136	20.309	32.2874
1399985921.686	n	10.8788	3.62136	20.311	32.2874
1399985921.749	n	10.8788	3.62135	20.315	32.2874
1399985921.812	n	10.8789	3.62135	20.315	32.2873
1399985921.874	n	10.8789	3.62134	20.312	32.2872
1399985921.936	n	10.8789	3.62134	20.310	32.2872
1399985921.997	n	10.8789	3.62134	20.308	32.2871
1399985922.060	n	10.8790	3.62134	20.306	32.2871
1399985922.123	n	10.8789	3.62134	20.306	32.2871
1399985922.186	n	10.8789	3.62133	20.305	32.2871
1399985922.248	n	10.8789	3.62133	20.303	32.2871
1399985922.310	n	10.8788	3.62134	20.304	32.2872
1399985922.379	y	10.8788	3.62134	20.301	32.2873
1399985922.437	n	10.8789	3.62135	20.299	32.2874
1399985922.499	n	10.8789	3.62136	20.295	32.2874
1399985922.562	n	10.8789	3.62135	20.299	32.2874
1399985922.624	n	10.8788	3.62136	20.298	32.2874
1399985922.685	n	10.8788	3.62137	20.294	32.2875
1399985922.749	n	10.8788	3.62138	20.289	32.2876
1399985922.812	n	10.8788	3.62138	20.289	32.2877
1399985922.874	n	10.8788	3.62138	20.291	32.2877
1399985922.936	n	10.8788	3.62138	20.288	32.2876
1399985923.000	n	10.8788	3.62137	20.283	32.2876
1399985923.060	n	10.8788	3.62137	20.286	32.2875
1399985923.122	n	10.8788	3.62136	20.281	32.2875
1399985923.188	n	10.8787	3.62135	20.279	32.2874
1399985923.249	n	10.8787	3.62135	20.272	32.2875
1399985923.312	n	10.8787	3.62135	20.270	32.2875
1399985923.375	n	10.8786	3.62135	20.272	32.2875
1399985923.437	n	10.8786	3.62135	20.267	32.2875
1399985923.553	y	10.8786	3.62134	20.263	32.2875
1399985923.561	n	10.8786	3.62134	20.262	32.2874
1399985923.624	n	10.8786	3.62134	20.259	32.2874
1399985923.687	n	10.8786	3.62134	20.255	32.2874
1399985923.747	n	10.8786	3.62134	20.253	32.2874
1399985923.810	n	10.8786	3.62134	20.252	32.2875
1399985923.873	n	10.8786	3.62134	20.247	32.2875
1399985923.934	n	10.8786	3.62134	20.242	32.2875
1399985923.997	n	10.8786	3.62132	20.239	32.2873
1399985924.060	n	10.8786	3.62131	20.238	32.2871
1399985924.126	n	10.8787	3.62130	20.237	32.2870
1399985924.186	n	10.8787	3.62129	20.233	32.2870
1399985924.247	n	10.8787	3.62129	20.227	32.2869
1399985924.310	n	10.8787	3.62130	20.227	32.2870
1399985924.372	n	10.8787	3.62130	20.226	32.2870
1399985924.438	n	10.8787	3.62131	20.222	32.2871
1399985924.497	n	10.8786	3.62131	20.218	32.2872
1399985924.559	n	10.8786	3.62131	20.217	32.2872
1399985924.622	n	10.8786	3.62131	20.214	32.2872
1399985924.686	n	10.8786	3.62131	20.211	32.2871
1399985924.749	n	10.8787	3.62130	20.206	32.2870
1399985924.811	n	10.8787	3.62129	20.202	32.2870
1399985924.874	n	10.8787	3.62129	20.198	32.2869
1399985924.944	n	10.8787	3.62129	20.194	32.2869
1399985924.997	n	10.8786	3.62129	20.193	32.2869
1399985925.065	n	10.8787	3.62129	20.191	32.2869
1399985925.122	n	10.8787	3.62129	20.191	32.2869
1399985925.186	n	10.8786	3.62129	20.183	32.2870
1399985925.247	n	10.8786	3.62129	20.183	32.2870
1399985925.311	n	10.8786	3.62129	20.181	32.2870
1399985925.373	n	10.8785	3.62128	20.182	32.2870
1399985925.436	n	10.8785	3.62127	20.174	32.2869
1399985925.498	n	10.8785	3.62126	20.175	32.2868
1399985925.559	n	10.8786	3.62126	20.171	32.2868
1399985925.623	n	10.8785	3.62127	20.169	32.2869
1399985925.686	n	10.8785	3.62128	20.165	32.2870
1399985925.747	n	10.8786	3.62129	20.162	32.2870
1399985925.826	n	10.8786	3.62129	20.157	32.2870
1399985925.872	n	10.8785	3.62128	20.155	32.2870
1399985925.942	n	10.8785	3.62127	20.154	32.2869
1399985925.996	n	10.8785	3.62126	20.151	32.2868
1399985926.082	y	10.8784	3.62124	20.151	32.2867
1399985926.122	n	10.8785	3.62124	20.145	32.2866
1399985926.186	n	10.8785	3.62124	20.145	32.2866
1399985926.247	n	10.8785	3.62124	20.139	32.2867
1399985926.309	n	10.8785	3.62125	20.138	32.2868
1399985926.379	y	10.8784	3.62126	20.131	32.2869
1399985926.435	n	10.8784	3.62127	20.128	32.2870
1399985926.499	n	10.8784	3.62127	20.123	32.2870
1399985926.561	n	10.8784	3.62126	20.117	32.2869
1399985926.621	n	10.8784	3.62125	20.113	32.2869
1399985926.688	n	10.8784	3.62125	20.113	32.2869
1399985926.746	n	10.8784	3.62125	20.105	32.2869
1399985926.809	n	10.8784	3.62125	20.102	32.2868
1399985926.873	n	10.8784	3.62124	20.097	32.2868
1399985926.938	n	10.8784	3.62124	20.096	32.2868
1399985926.997	n	10.8784	3.62125	20.091	32.2868
1399985927.060	n	10.8784	3.62125	20.088	32.2868
1399985927.126	n	10.8784	3.62125	20.084	32.2868
1399985927.185	n	10.8784	3.62124	20.080	32.2868
1399985927.248	n	10.8784	3.62124	20.073	32.2867
1399985927.309	n	10.8784	3.62124	20.067	32.2867
1399985927.374	n	10.8784	3.62124	20.064	32.2867
1399985927.436	n	10.8784	3.62124	20.060	32.2867
1399985927.497	n	10.8784	3.62123	20.053	32.2866
1399985927.561	n	10.8784	3.62123	20.049	32.2866
1399985928.014	n	10.8784	3.62122	20.040	32.2865
1399985928.026	n	10.8784	3.62122	20.033	32.2865
1399985928.031	n	10.8784	3.62122	20.028	32.2865
1399985928.039	n	10.8784	3.62123	20.023	32.2867
1399985928.180	y	10.8784	3.62122	20.015	32.2866
1399985928.187	n	10.8784	3.62122	20.010	32.2866
1399985928.193	n	10.8784	3.62121	20.004	32.2865
1399985928.199	n	10.8784	3.62121	19.998	32.2865
1399985928.205	n	10.8783	3.62120	19.992	32.2865
1399985928.210	n	10.8783	3.62120	19.989	32.2865
1399985928.247	n	10.8783	3.62120	19.987	32.2864
1399985928.309	n	10.8783	3.62119	19.978	32.2863
1399985928.374	n	10.8783	3.62119	19.971	32.2863
1399985928.436	n	10.8783	3.62119	19.962	32.2863
1399985928.497	n	10.8784	3.62119	19.958	32.2863
1399985928.560	n	10.8784	3.62119	19.951	32.2863
1399985928.623	n	10.8784	3.62119	19.941	32.2863
1399985928.686	n	10.8785	3.62119	19.937	32.2862
1399985928.747	n	10.8785	3.62118	19.928	32.2861
1399985928.810	n	10.8786	3.62118	19.922	32.2860
1399985928.872	n	10.8785	3.62118	19.913	32.2860
1399985928.935	n	10.8785	3.62118	19.905	32.2861
1399985928.997	n	10.8785	3.62118	19.901	32.2861
1399985929.059	n	10.8785	3.62118	19.895	32.2861
1399985929.122	n	10.8785	3.62117	19.884	32.2860
1399985929.186	n	10.8786	3.62117	19.875	32.2859
1399985929.246	n	10.8786	3.62116	19.871	32.2859
1399985929.309	n	10.8786	3.62117	19.859	32.2859
1399985929.371	n	10.8786	3.62117	19.852	32.2859
1399985929.434	n	10.8787	3.62118	19.844	32.2860
1399985929.498	n	10.8787	3.62118	19.835	32.2860
1399985929.559	n	10.8787	3.62119	19.822	32.2861
1399985929.625	y	10.8787	3.62119	19.816	32.2861
1399985929.685	n	10.8787	3.62120	19.807	32.2862
1399985929.747	n	10.8786	3.62120	19.802	32.2863
1399985929.809	n	10.8786	3.62120	19.790	32.2863
1399985929.872	n	10.8786	3.62120	19.778	32.2863
1399985929.936	n	10.8787	3.62120	19.766	32.2862
1399985929.998	n	10.8786	3.62118	19.755	32.2861
1399985930.060	n	10.8786	3.62118	19.742	32.2861
1399985930.123	n	10.8786	3.62118	19.736	32.2861
1399985930.185	n	10.8786	3.62117	19.725	32.2860
1399985930.248	n	10.8787	3.62117	19.710	32.2859
1399985930.310	n	10.8787	3.62117	19.705	32.2859
1399985930.373	n	10.8788	3.62116	19.692	32.2858
1399985930.436	n	10.8788	3.62116	19.678	32.2858
1399985930.497	n	10.8787	3.62117	19.668	32.2859
1399985930.560	n	10.8787	3.62117	19.657	32.2860
1399985930.622	n	10.8786	3.62117	19.646	32.2860
1399985930.685	n	10.8786	3.62118	19.634	32.2861
1399985930.747	n	10.8786	3.62118	19.619	32.2862
1399985930.811	n	10.8786	3.62118	19.607	32.2862
1399985930.873	n	10.8785	3.62119	19.593	32.2863
1399985930.936	n	10.8785	3.62119	19.580	32.2864
1399985930.997	n	10.8785	3.62119	19.566	32.2864
1399985931.059	n	10.8785	3.62119	19.552	32.2863
1399985931.121	n	10.8785	3.62119	19.539	32.2863
1399985931.186	n	10.8785	3.62118	19.529	32.2863
1399985931.247	n	10.8785	3.62118	19.509	32.2863
1399985931.309	n	10.8784	3.62118	19.497	32.2863
1399985931.372	n	10.8784	3.62117	19.482	32.2863
1399985931.435	n	10.8784	3.62117	19.468	32.2863
1399985931.497	n	10.8784	3.62117	19.454	32.2863
1399985931.559	n	10.8784	3.62117	19.437	32.2863
1399985931.623	n	10.8784	3.62117	19.422	32.2863
1399985931.685	n	10.8784	3.62117	19.410	32.2863
1399985931.747	n	10.8784	3.62117	19.393	32.2863
1399985931.810	n	10.8784	3.62118	19.378	32.2864
1399985931.873	n	10.8785	3.62118	19.361	32.2864
1399985931.936	y	10.8786	3.62118	19.342	32.2863
1399985932.175	n	10.8786	3.62118	19.328	32.2863
1399985932.188	n	10.8786	3.62118	19.311	32.2863
1399985932.193	n	10.8787	3.62118	19.295	32.2862
1399985932.198	n	10.8788	3.62118	19.277	32.2861
1399985932.252	n	10.8789	3.62118	19.258	32.2860
1399985932.311	n	10.8790	3.62117	19.243	32.2859
1399985932.372	n	10.8792	3.62117	19.227	32.2857
1399985932.435	n	10.8793	3.62117	19.210	32.2856
1399985932.498	n	10.8795	3.62117	19.190	32.2855
1399985932.560	n	10.8797	3.62118	19.171	32.2854
1399985932.623	n	10.8799	3.62118	19.154	32.2852
1399985932.684	n	10.8801	3.62117	19.133	32.2849
1399985932.747	n	10.8803	3.62117	19.114	32.2848
1399985932.809	n	10.8805	3.62118	19.100	32.2847
1399985932.874	n	10.8808	3.62119	19.078	32.2846
1399985932.935	n	10.8811	3.62120	19.058	32.2844
1399985932.996	n	10.8814	3.62120	19.041	32.2841
1399985933.059	n	10.8818	3.62120	19.019	32.2838
1399985933.121	n	10.8822	3.62120	18.999	32.2834
1399985933.187	n	10.8827	3.62120	18.983	32.2830
1399985933.248	n	10.8831	3.62120	18.960	32.2827
1399985933.310	y	10.8836	3.62120	18.939	32.2823
1399985933.373	n	10.8841	3.62120	18.920	32.2818
1399985933.434	n	10.8846	3.62119	18.897	32.2812
1399985933.497	n	10.8852	3.62118	18.877	32.2807
1399985933.560	n	10.8858	3.62118	18.854	32.2801
1399985933.623	n	10.8864	3.62117	18.838	32.2795
1399985933.685	n	10.8870	3.62117	18.817	32.2790
1399985933.748	n	10.8878	3.62117	18.793	32.2783
1399985933.810	n	10.8885	3.62116	18.773	32.2776
1399985933.873	n	10.8893	3.62116	18.751	32.2769
1399985933.934	n	10.8901	3.62116	18.734	32.2762
1399985933.997	n	10.8909	3.62116	18.709	32.2755
1399985934.060	n	10.8917	3.62118	18.688	32.2749
1399985934.122	n	10.8926	3.62119	18.665	32.2743
1399985934.186	n	10.8934	3.62119	18.645	32.2736
1399985934.249	n	10.8943	3.62119	18.623	32.2728
1399985934.310	n	10.8952	3.62118	18.601	32.2720
1399985934.373	n	10.8961	3.62117	18.576	32.2711
1399985934.435	n	10.8971	3.62118	18.554	32.2702
1399985934.497	n	10.8981	3.62118	18.533	32.2694
1399985934.561	n	10.8992	3.62119	18.509	32.2686
1399985934.622	n	10.9002	3.62121	18.489	32.2679
1399985934.685	n	10.9013	3.62121	18.468	32.2670
1399985934.747	n	10.9023	3.62121	18.446	32.2660
1399985934.811	n	10.9035	3.62121	18.424	32.2650
1399985934.873	n	10.9046	3.62120	18.401	32.2640
1399985934.934	n	10.9057	3.62121	18.380	32.2631
1399985934.996	n	10.9068	3.62121	18.358	32.2622
1399985935.059	n	10.9079	3.62121	18.336	32.2612
1399985935.122	n	10.9090	3.62122	18.313	32.2603
1399985935.189	n	10.9102	3.62123	18.293	32.2593
1399985935.247	n	10.9115	3.62123	18.270	32.2583
1399985935.309	n	10.9128	3.62124	18.245	32.2572
1399985935.372	n	10.9140	3.62123	18.219	32.2561
1399985935.435	n	10.9153	3.62123	18.200	32.2549
1399985935.498	n	10.9165	3.62123	18.178	32.2539
1399985935.559	n	10.9178	3.62124	18.159	32.2528
1399985935.623	n	10.9190	3.62124	18.134	32.2518
1399985935.685	n	10.9203	3.62123	18.112	32.2506
1399985935.748	n	10.9215	3.62122	18.090	32.2494
1399985935.810	n	10.9228	3.62120	18.068	32.2481
1399985935.872	n	10.9242	3.62120	18.046	32.2469
1399985935.934	n	10.9255	3.62120	18.024	32.2457
1399985935.998	n	10.9268	3.62120	18.004	32.2447
1399985936.061	n	10.9281	3.62121	17.983	32.2436
1399985936.122	n	10.9294	3.62122	17.960	32.2426
1399985936.187	y	10.9307	3.62123	17.939	32.2415
1399985936.343	n	10.9320	3.62123	17.921	32.2404
1399985936.348	n	10.9333	3.62123	17.896	32.2393
1399985936.373	n	10.9347	3.62123	17.877	32.2380
1399985936.435	n	10.9361	3.62123	17.855	32.2368
1399985936.496	n	10.9375	3.62123	17.835	32.2356
1399985936.561	n	10.9388	3.62123	17.813	32.2344
1399985936.622	n	10.9402	3.62123	17.794	32.2332
1399985936.685	n	10.9415	3.62123	17.771	32.2321
1399985936.747	n	10.9429	3.62124	17.751	32.2310
1399985936.809	n	10.9442	3.62125	17.732	32.2299
1399985936.873	n	10.9456	3.62125	17.712	32.2288
1399985936.934	n	10.9470	3.62127	17.693	32.2277
1399985936.998	y	10.9484	3.62127	17.672	32.2265
1399985937.060	n	10.9498	3.62127	17.653	32.2253
1399985937.122	n	10.9511	3.62126	17.634	32.2240
1399985937.186	n	10.9525	3.62126	17.615	32.2228
1399985937.247	n	10.9539	3.62126	17.595	32.2215
1399985937.310	n	10.9553	3.62126	17.578	32.2203
1399985937.371	n	10.9567	3.62126	17.559	32.2191
1399985937.434	n	10.9581	3.62126	17.540	32.2179
1399985937.498	n	10.9594	3.62125	17.523	32.2167
1399985937.560	n	10.9608	3.62125	17.504	32.2154
1399985937.622	n	10.9622	3.62125	17.485	32.2142
1399985937.684	n	10.9635	3.62125	17.465	32.2131
1399985937.749	n	10.9648	3.62125	17.445	32.2119
1399985937.811	n	10.9662	3.62125	17.430	32.2107
1399985937.871	n	10.9676	3.62126	17.414	32.2095
1399985937.935	n	10.9691	3.62126	17.395	32.2083
1399985937.997	n	10.9705	3.62127	17.381	32.2071
1399985938.060	n	10.9719	3.62127	17.362	32.2060
1399985938.124	n	10.9734	3.62128	17.345	32.2048
1399985938.187	n	10.9748	3.62128	17.328	32.2036
1399985938.246	n	10.9762	3.62129	17.311	32.2023
1399985938.311	n	10.9777	3.62128	17.294	32.2010
1399985938.373	n	10.9793	3.62128	17.278	32.1996
1399985938.435	n	10.9809	3.62127	17.261	32.1982
1399985938.496	n	10.9825	3.62127	17.245	32.1967
1399985938.561	n	10.9842	3.62128	17.230	32.1953
1399985938.623	n	10.9858	3.62127	17.212	32.1939
1399985938.684	n	10.9874	3.62127	17.196	32.1924
1399985938.747	n	10.9891	3.62127	17.178	32.1909
1399985938.810	n	10.9909	3.62126	17.161	32.1893
1399985938.873	n	10.9928	3.62126	17.146	32.1876
1399985938.934	n	10.9947	3.62126	17.133	32.1859
1399985939.065	y	10.9966	3.62126	17.114	32.1843
1399985939.071	n	10.9986	3.62128	17.097	32.1827
1399985939.122	n	11.0007	3.62129	17.082	32.1810
1399985939.189	n	11.0028	3.62129	17.068	32.1792
1399985939.247	n	11.0049	3.62129	17.052	32.1774
1399985939.310	n	11.0071	3.62129	17.033	32.1754
1399985939.372	n	11.0093	3.62128	17.019	32.1734
1399985939.435	n	11.0116	3.62129	17.003	32.1715
1399985939.497	n	11.0138	3.62129	16.988	32.1695
1399985939.560	n	11.0162	3.62130	16.971	32.1676
1399985939.621	n	11.0185	3.62130	16.954	32.1656
1399985939.684	n	11.0209	3.62131	16.943	32.1636
1399985939.748	n	11.0232	3.62132	16.928	32.1616
1399985939.810	n	11.0256	3.62132	16.909	32.1595
1399985939.871	n	11.0280	3.62131	16.892	32.1573
1399985939.934	n	11.0304	3.62130	16.876	32.1551
1399985939.996	n	11.0328	3.62129	16.860	32.1530
1399985940.059	n	11.0352	3.62130	16.846	32.1510
1399985940.121	n	11.0376	3.62131	16.832	32.1490
1399985940.185	n	11.0400	3.62132	16.816	32.1470
1399985940.247	n	11.0423	3.62132	16.800	32.1450
1399985940.310	n	11.0446	3.62131	16.782	32.1429
1399985940.372	n	11.0469	3.62131	16.766	32.1409
1399985940.557	y	11.0492	3.62131	16.752	32.1389
1399985940.564	n	11.0514	3.62131	16.734	32.1369
1399985940.569	n	11.0537	3.62131	16.714	32.1350
1399985940.623	y	11.0559	3.62132	16.699	32.1332
1399985940.685	n	11.0580	3.62133	16.683	32.1314
1399985940.748	n	11.0601	3.62134	16.667	32.1296
1399985940.810	n	11.0622	3.62134	16.649	32.1278
1399985940.873	n	11.0643	3.62134	16.630	32.1260
1399985940.936	n	11.0664	3.62134	16.613	32.1242
1399985940.998	n	11.0685	3.62133	16.598	32.1223
1399985941.060	n	11.0705	3.62132	16.581	32.1205
1399985941.123	n	11.0726	3.62133	16.563	32.1187
1399985941.188	n	11.0746	3.62133	16.547	32.1170
1399985941.247	n	11.0765	3.62133	16.530	32.1153
1399985941.310	n	11.0785	3.62134	16.511	32.1136
1399985941.372	n	11.0804	3.62133	16.493	32.1119
1399985941.434	n	11.0823	3.62133	16.473	32.1103
1399985941.497	n	11.0842	3.62134	16.456	32.1087
1399985941.560	n	11.0861	3.62134	16.437	32.1071
1399985941.622	n	11.0879	3.62133	16.418	32.1054
1399985941.685	n	11.0897	3.62134	16.402	32.1039
1399985941.748	n	11.0915	3.62133	16.382	32.1023
1399985941.810	n	11.0932	3.62133	16.366	32.1008
1399985941.872	n	11.0949	3.62133	16.346	32.0993
1399985941.935	n	11.0966	3.62132	16.324	32.0977
1399985941.998	n	11.0983	3.62131	16.304	32.0962
1399985942.060	n	11.0999	3.62131	16.283	32.0947
1399985942.122	n	11.1016	3.62132	16.267	32.0934
1399985942.184	n	11.1032	3.62133	16.251	32.0921
1399985942.247	n	11.1047	3.62133	16.228	32.0908
1399985942.310	n	11.1063	3.62134	16.209	32.0895
1399985942.371	n	11.1079	3.62134	16.188	32.0882
1399985942.435	n	11.1095	3.62134	16.171	32.0868
1399985942.497	n	11.1110	3.62134	16.150	32.0854
1399985942.559	n	11.1126	3.62133	16.125	32.0840
1399985942.621	n	11.1141	3.62132	16.109	32.0825
1399985942.685	n	11.1157	3.62131	16.087	32.0811
1399985942.747	n	11.1172	3.62131	16.066	32.0798
1399985942.809	n	11.1188	3.62131	16.046	32.0784
1399985942.872	n	11.1203	3.62131	16.027	32.0771
1399985942.935	n	11.1218	3.62130	16.004	32.0757
1399985942.998	n	11.1232	3.62129	15.984	32.0743
1399985943.059	n	11.1247	3.62129	15.960	32.0731
1399985943.121	n	11.1262	3.62129	15.941	32.0718
1399985943.184	n	11.1278	3.62129	15.916	32.0704
1399985943.247	n	11.1294	3.62129	15.898	32.0690
1399985943.310	n	11.1310	3.62127	15.875	32.0675
1399985943.372	n	11.1326	3.62127	15.851	32.0660
1399985943.436	n	11.1342	3.62127	15.836	32.0647
1399985943.497	n	11.1357	3.62127	15.811	32.0634
1399985943.559	n	11.1372	3.62127	15.790	32.0621
1399985943.624	n	11.1387	3.62128	15.769	32.0608
1399985943.685	n	11.1403	3.62128	15.748	32.0596
1399985943.747	n	11.1418	3.62129	15.721	32.0583
1399985943.809	n	11.1433	3.62129	15.697	32.0569
1399985943.872	n	11.1448	3.62128	15.673	32.0556
1399985943.935	n	11.1464	3.62128	15.652	32.0542
1399985943.997	n	11.1480	3.62128	15.630	32.0528
1399985944.060	n	11.1496	3.62128	15.607	32.0515
1399985944.123	n	11.1511	3.62128	15.584	32.0501
1399985944.186	n	11.1527	3.62128	15.564	32.0488
1399985944.247	n	11.1542	3.62128	15.543	32.0474
1399985944.310	y	11.1558	3.62127	15.517	32.0460
1399985944.395	n	11.1575	3.62126	15.496	32.0445
1399985944.435	n	11.1592	3.62125	15.472	32.0429
1399985944.498	n	11.1608	3.62124	15.449	32.0413
1399985944.560	n	11.1624	3.62124	15.426	32.0399
1399985944.622	n	11.1640	3.62124	15.403	32.0386
1399985944.821	y	11.1656	3.62125	15.380	32.0373
1399985944.827	n	11.1673	3.62125	15.355	32.0359
1399985944.832	n	11.1689	3.62125	15.332	32.0344
1399985944.871	n	11.1706	3.62125	15.313	32.0329
1399985944.934	n	11.1723	3.62124	15.289	32.0314
1399985944.998	n	11.1740	3.62124	15.270	32.0300
1399985945.059	n	11.1756	3.62124	15.246	32.0286
1399985945.123	n	11.1773	3.62124	15.226	32.0270
1399985945.185	n	11.1790	3.62123	15.203	32.0255
1399985945.248	n	11.1808	3.62123	15.180	32.0240
1399985945.310	n	11.1825	3.62122	15.154	32.0224
1399985945.373	n	11.1842	3.62121	15.130	32.0208
1399985945.434	n	11.1859	3.62121	15.108	32.0193
1399985945.497	n	11.1877	3.62120	15.085	32.0177
1399985945.559	n	11.1895	3.62120	15.064	32.0162
1399985945.624	n	11.1913	3.62120	15.042	32.0146
1399985945.685	n	11.1931	3.62119	15.014	32.0130
1399985945.747	n	11.1948	3.62119	14.994	32.0115
1399985945.810	n	11.1965	3.62120	14.972	32.0101
1399985945.873	n	11.1982	3.62119	14.951	32.0086
1399985945.934	n	11.2000	3.62120	14.933	32.0071
1399985945.998	n	11.2018	3.62119	14.910	32.0055
1399985946.059	n	11.2035	3.62118	14.885	32.0039
1399985946.124	n	11.2053	3.62117	14.861	32.0023
1399985946.186	n	11.2070	3.62117	14.843	32.0007
1399985946.248	n	11.2087	3.62116	14.824	31.9992
1399985946.311	n	11.2105	3.62117	14.806	31.9977
1399985946.372	n	11.2122	3.62116	14.782	31.9961
1399985946.435	n	11.2139	3.62115	14.757	31.9946
1399985946.496	n	11.2157	3.62115	14.738	31.9930
1399985946.559	n	11.2174	3.62115	14.716	31.9915
1399985946.623	n	11.2192	3.62114	14.695	31.9900
1399985946.686	n	11.2210	3.62114	14.677	31.9884
1399985946.748	n	11.2227	3.62114	14.657	31.9869
1399985946.810	n	11.2244	3.62114	14.634	31.9854
1399985946.874	n	11.2262	3.62114	14.616	31.9839
1399985946.935	n	11.2279	3.62114	14.595	31.9824
1399985946.998	n	11.2296	3.62113	14.578	31.9809
1399985947.060	n	11.2313	3.62113	14.557	31.9793
1399985947.124	n	11.2331	3.62113	14.536	31.9778
1399985947.184	n	11.2349	3.62113	14.516	31.9763
1399985947.246	n	11.2366	3.62113	14.500	31.9748
1399985947.310	n	11.2384	3.62113	14.480	31.9732
1399985947.373	n	11.2402	3.62114	14.460	31.9718
1399985947.436	n	11.2420	3.62114	14.438	31.9703
1399985947.497	n	11.2437	3.62115	14.423	31.9688
1399985947.560	n	11.2455	3.62114	14.403	31.9673
1399985947.623	n	11.2473	3.62114	14.383	31.9657
1399985947.685	n	11.2491	3.62113	14.364	31.9640
1399985947.748	n	11.2509	3.62113	14.348	31.9624
1399985947.810	n	11.2527	3.62113	14.329	31.9609
1399985947.873	n	11.2545	3.62113	14.312	31.9594
1399985947.989	y	11.2563	3.62113	14.294	31.9578
1399985947.997	n	11.2582	3.62114	14.272	31.9563
1399985948.060	n	11.2600	3.62114	14.257	31.9547
1399985948.123	n	11.2618	3.62114	14.238	31.9531
1399985948.186	n	11.2636	3.62114	14.222	31.9515
1399985948.247	n	11.2654	3.62113	14.203	31.9499
1399985948.309	n	11.2673	3.62111	14.184	31.9481
1399985948.373	n	11.2691	3.62110	14.164	31.9465
1399985948.436	n	11.2709	3.62110	14.144	31.9449
1399985948.497	n	11.2727	3.62110	14.132	31.9434
1399985948.560	n	11.2745	3.62110	14.115	31.9419
1399985948.622	n	11.2763	3.62110	14.096	31.9403
1399985948.686	n	11.2781	3.62109	14.078	31.9386
1399985948.747	n	11.2799	3.62109	14.065	31.9371
1399985948.811	n	11.2817	3.62109	14.045	31.9355
1399985948.873	n	11.2835	3.62110	14.027	31.9341
1399985949.109	y	11.2853	3.62110	14.009	31.9326
1399985949.116	n	11.2870	3.62111	13.994	31.9311
1399985949.122	n	11.2888	3.62111	13.977	31.9295
1399985949.127	n	11.2906	3.62110	13.958	31.9280
1399985949.186	n	11.2923	3.62111	13.943	31.9265
1399985949.247	n	11.2941	3.62111	13.927	31.9250
1399985949.310	n	11.2958	3.62111	13.912	31.9235
1399985949.374	n	11.2975	3.62111	13.893	31.9221
1399985949.435	n	11.2992	3.62111	13.874	31.9206
1399985949.497	n	11.3009	3.62111	13.858	31.9191
1399985949.560	n	11.3026	3.62111	13.845	31.9177
1399985949.623	n	11.3043	3.62112	13.830	31.9163
1399985949.685	n	11.3059	3.62112	13.810	31.9149
1399985949.748	n	11.3076	3.62111	13.795	31.9134
1399985949.811	n	11.3093	3.62110	13.779	31.9119
1399985949.872	n	11.3110	3.62110	13.761	31.9103
1399985949.935	n	11.3127	3.62109	13.743	31.9089
1399985949.997	n	11.3143	3.62110	13.727	31.9075
1399985950.059	n	11.3159	3.62109	13.708	31.9061
1399985950.122	n	11.3175	3.62109	13.694	31.9047
1399985950.187	n	11.3191	3.62108	13.678	31.9032
1399985950.248	n	11.3208	3.62108	13.659	31.9018
1399985950.311	n	11.3224	3.62109	13.646	31.9004
1399985950.372	n	11.3241	3.62108	13.630	31.8989
1399985950.435	n	11.3257	3.62108	13.608	31.8975
1399985950.498	n	11.3274	3.62107	13.593	31.8960
1399985950.560	n	11.3290	3.62107	13.579	31.8946
1399985950.622	n	11.3306	3.62108	13.559	31.8933
1399985950.684	n	11.3321	3.62108	13.542	31.8920
1399985950.747	n	11.3337	3.62108	13.528	31.8906
1399985950.810	n	11.3353	3.62107	13.512	31.8891
1399985950.872	n	11.3369	3.62106	13.491	31.8877
1399985950.935	n	11.3385	3.62106	13.472	31.8864
1399985950.998	n	11.3401	3.62106	13.457	31.8850
1399985951.060	n	11.3417	3.62107	13.441	31.8836
1399985951.124	n	11.3433	3.62107	13.419	31.8823
1399985951.187	n	11.3450	3.62107	13.405	31.8809
1399985951.247	n	11.3466	3.62108	13.391	31.8795
1399985951.309	n	11.3482	3.62108	13.370	31.8782
1399985951.373	n	11.3498	3.62108	13.351	31.8768
1399985951.435	n	11.3514	3.62107	13.332	31.8754
1399985951.498	n	11.3530	3.62107	13.317	31.8739
1399985951.561	n	11.3546	3.62106	13.298	31.8725
1399985951.623	y	11.3562	3.62105	13.280	31.8710
1399985951.685	n	11.3578	3.62106	13.260	31.8697
1399985951.747	n	11.3594	3.62106	13.241	31.8683
1399985951.809	n	11.3611	3.62106	13.225	31.8669
1399985951.872	n	11.3628	3.62105	13.208	31.8654
1399985951.934	n	11.3644	3.62104	13.188	31.8639
1399985951.998	n	11.3661	3.62104	13.170	31.8625
1399985952.060	n	11.3677	3.62105	13.149	31.8612
1399985952.123	n	11.3692	3.62105	13.131	31.8598
1399985952.184	n	11.3708	3.62105	13.115	31.8585
1399985952.248	n	11.3725	3.62105	13.090	31.8571
1399985952.310	n	11.3741	3.62105	13.073	31.8557
1399985952.373	n	11.3757	3.62104	13.057	31.8542
1399985952.435	n	11.3773	3.62103	13.038	31.8527
1399985952.496	n	11.3789	3.62103	13.016	31.8513
1399985952.561	n	11.3805	3.62103	12.997	31.8500
1399985952.623	n	11.3820	3.62104	12.978	31.8488
1399985952.685	n	11.3835	3.62105	12.957	31.8476
1399985952.747	n	11.3851	3.62105	12.935	31.8462
1399985952.809	n	11.3866	3.62104	12.919	31.8449
1399985952.873	n	11.3881	3.62104	12.901	31.8436
1399985952.936	n	11.3896	3.62105	12.881	31.8424
1399985952.997	n	11.3911	3.62105	12.854	31.8411
1399985953.060	n	11.3926	3.62105	12.837	31.8399
1399985953.122	n	11.3940	3.62105	12.815	31.8387
1399985953.336	y	11.3954	3.62105	12.797	31.8374
1399985953.343	n	11.3968	3.62105	12.777	31.8362
1399985953.354	n	11.3982	3.62105	12.757	31.8350
1399985953.373	n	11.3996	3.62104	12.735	31.8337
1399985953.435	n	11.4010	3.62103	12.715	31.8325
1399985953.496	n	11.4023	3.62103	12.693	31.8313
1399985953.559	n	11.4037	3.62102	12.673	31.8301
1399985953.623	n	11.4050	3.62103	12.651	31.8290
1399985953.686	n	11.4063	3.62103	12.631	31.8279
1399985953.747	n	11.4077	3.62103	12.613	31.8267
1399985953.809	n	11.4090	3.62102	12.593	31.8255
1399985953.873	n	11.4103	3.62101	12.571	31.8243
1399985953.935	n	11.4115	3.62100	12.550	31.8232
1399985953.998	n	11.4127	3.62101	12.528	31.8222
1399985954.060	n	11.4140	3.62102	12.505	31.8213
1399985954.122	n	11.4152	3.62104	12.483	31.8204
1399985954.185	n	11.4164	3.62104	12.464	31.8194
1399985954.248	n	11.4176	3.62104	12.442	31.8184
1399985954.310	n	11.4188	3.62104	12.420	31.8173
1399985954.374	n	11.4200	3.62104	12.399	31.8163
1399985954.435	y	11.4211	3.62103	12.378	31.8153
1399985954.527	n	11.4223	3.62103	12.359	31.8142
1399985954.561	n	11.4234	3.62103	12.337	31.8133
1399985954.622	n	11.4245	3.62104	12.316	31.8124
1399985954.685	n	11.4256	3.62103	12.292	31.8114
1399985954.747	n	11.4268	3.62103	12.273	31.8105
1399985954.809	n	11.4279	3.62103	12.252	31.8095
1399985954.873	n	11.4291	3.62103	12.232	31.8085
1399985954.934	n	11.4302	3.62103	12.209	31.8075
1399985954.998	n	11.4313	3.62103	12.190	31.8066
1399985955.061	n	11.4325	3.62103	12.167	31.8055
1399985955.122	n	11.4337	3.62103	12.148	31.8046
1399985955.186	n	11.4349	3.62105	12.131	31.8037
1399985955.247	y	11.4361	3.62106	12.106	31.8028
1399985955.310	n	11.4373	3.62107	12.085	31.8018
1399985955.373	n	11.4386	3.62107	12.065	31.8007
1399985955.435	n	11.4399	3.62107	12.042	31.7996
1399985955.498	n	11.4411	3.62107	12.019	31.7986
1399985955.559	n	11.4423	3.62106	12.001	31.7975
1399985955.624	n	11.4436	3.62106	11.982	31.7964
1399985955.685	n	11.4449	3.62106	11.956	31.7952
1399985955.747	n	11.4463	3.62105	11.941	31.7939
1399985955.809	n	11.4478	3.62104	11.921	31.7926
1399985955.873	n	11.4493	3.62104	11.899	31.7913
1399985955.935	n	11.4508	3.62103	11.881	31.7900
1399985955.997	n	11.4522	3.62104	11.860	31.7888
1399985956.061	n	11.4537	3.62104	11.841	31.7876
1399985956.122	n	11.4552	3.62105	11.819	31.7864
1399985956.185	n	11.4567	3.62106	11.796	31.7851
1399985956.248	n	11.4582	3.62105	11.777	31.7838
1399985956.311	n	11.4598	3.62105	11.763	31.7825
1399985956.372	n	11.4613	3.62105	11.738	31.7812
1399985956.436	n	11.4629	3.62105	11.720	31.7798
1399985956.497	n	11.4645	3.62105	11.700	31.7784
1399985956.561	n	11.4661	3.62106	11.682	31.7771
1399985956.624	n	11.4677	3.62106	11.668	31.7758
1399985956.685	n	11.4693	3.62107	11.643	31.7746
1399985956.748	n	11.4708	3.62108	11.623	31.7733
1399985956.809	n	11.4724	3.62109	11.604	31.7720
1399985956.874	n	11.4741	3.62109	11.584	31.7706
1399985956.936	n	11.4757	3.62110	11.566	31.7693
1399985956.998	n	11.4774	3.62110	11.549	31.7679
1399985957.061	n	11.4791	3.62111	11.529	31.7666
1399985957.123	n	11.4807	3.62111	11.514	31.7652
1399985957.186	n	11.4823	3.62111	11.493	31.7638
1399985957.247	n	11.4839	3.62111	11.477	31.7625
1399985957.312	n	11.4854	3.62112	11.458	31.7612
1399985957.373	n	11.4871	3.62112	11.440	31.7598
1399985957.558	y	11.4888	3.62112	11.416	31.7583
1399985957.566	n	11.4906	3.62111	11.400	31.7567
1399985957.574	n	11.4923	3.62110	11.384	31.7552
1399985957.623	n	11.4940	3.62109	11.368	31.7536
1399985957.685	n	11.4957	3.62110	11.349	31.7522
1399985957.747	n	11.4975	3.62111	11.329	31.7509
1399985957.810	n	11.4993	3.62112	11.313	31.7494
1399985957.874	n	11.5011	3.62113	11.296	31.7480
1399985957.934	n	11.5029	3.62114	11.277	31.7465
1399985957.997	n	11.5049	3.62115	11.259	31.7449
1399985958.060	n	11.5068	3.62115	11.245	31.7432
1399985958.122	n	11.5088	3.62115	11.229	31.7415
1399985958.185	n	11.5108	3.62115	11.210	31.7399
1399985958.247	n	11.5128	3.62116	11.193	31.7382
1399985958.310	n	11.5148	3.62117	11.178	31.7366
1399985958.374	n	11.5169	3.62118	11.160	31.7350
1399985958.434	n	11.5190	3.62119	11.142	31.7333
1399985958.496	n	11.5211	3.62119	11.126	31.7314
1399985958.562	n	11.5233	3.62118	11.106	31.7294
1399985958.623	n	11.5255	3.62117	11.094	31.7275
1399985958.685	n	11.5278	3.62118	11.076	31.7256
1399985958.747	n	11.5301	3.62119	11.059	31.7238
1399985958.810	n	11.5324	3.62120	11.043	31.7219
1399985958.873	n	11.5348	3.62120	11.027	31.7199
1399985958.935	y	11.5372	3.62121	11.010	31.7179
1399985958.997	n	11.5396	3.62122	10.991	31.7159
1399985959.062	n	11.5420	3.62124	10.973	31.7140
1399985959.123	n	11.5445	3.62124	10.957	31.7120
1399985959.184	n	11.5470	3.62125	10.942	31.7099
1399985959.247	n	11.5495	3.62125	10.924	31.7078
1399985959.310	n	11.5521	3.62125	10.909	31.7056
1399985959.374	n	11.5546	3.62125	10.891	31.7035
1399985959.434	n	11.5572	3.62126	10.874	31.7013
1399985959.498	n	11.5597	3.62126	10.859	31.6992
1399985959.561	n	11.5623	3.62127	10.842	31.6971
1399985959.623	n	11.5650	3.62128	10.824	31.6949
1399985959.684	n	11.5676	3.62128	10.807	31.6927
1399985959.747	n	11.5703	3.62129	10.787	31.6904
1399985959.809	n	11.5731	3.62129	10.776	31.6881
1399985959.873	n	11.5758	3.62129	10.759	31.6858
1399985959.935	n	11.5785	3.62130	10.741	31.6836
1399985959.998	n	11.5813	3.62132	10.725	31.6814
1399985960.061	n	11.5840	3.62133	10.710	31.6792
1399985960.123	n	11.5868	3.62134	10.692	31.6769
1399985960.184	n	11.5896	3.62135	10.677	31.6746
1399985960.246	n	11.5925	3.62136	10.659	31.6722
1399985960.310	n	11.5953	3.62136	10.644	31.6699
1399985960.372	n	11.5981	3.62137	10.626	31.6675
1399985960.434	n	11.6009	3.62138	10.610	31.6652
1399985960.497	n	11.6037	3.62138	10.593	31.6629
1399985960.560	n	11.6065	3.62139	10.576	31.6606
1399985960.623	n	11.6093	3.62140	10.560	31.6582
1399985960.685	n	11.6122	3.62140	10.542	31.6559
1399985960.747	n	11.6150	3.62141	10.523	31.6535
1399985960.811	n	11.6177	3.62141	10.506	31.6512
1399985960.873	n	11.6204	3.62142	10.493	31.6490
1399985960.935	n	11.6231	3.62143	10.478	31.6468
1399985960.997	n	11.6258	3.62143	10.459	31.6445
1399985961.061	n	11.6285	3.62144	10.440	31.6423
1399985961.122	n	11.6313	3.62145	10.423	31.6400
1399985961.185	n	11.6339	3.62145	10.404	31.6378
1399985961.248	n	11.6366	3.62145	10.386	31.6356
1399985961.312	n	11.6391	3.62145	10.371	31.6334
1399985961.373	n	11.6417	3.62145	10.357	31.6313
1399985961.434	n	11.6442	3.62146	10.339	31.6292
1399985961.497	n	11.6467	3.62147	10.319	31.6272
1399985961.561	n	11.6491	3.62147	10.303	31.6251
1399985961.622	n	11.6515	3.62148	10.288	31.6231
1399985961.823	y	11.6539	3.62149	10.274	31.6212
1399985961.830	n	11.6563	3.62151	10.255	31.6193
1399985961.836	n	11.6587	3.62151	10.237	31.6174
1399985961.873	n	11.6610	3.62151	10.222	31.6154
1399985961.935	n	11.6633	3.62150	10.207	31.6134
1399985961.997	n	11.6656	3.62151	10.188	31.6115
1399985962.061	n	11.6679	3.62153	10.169	31.6097
1399985962.122	n	11.6702	3.62155	10.147	31.6079
1399985962.185	n	11.6725	3.62156	10.134	31.6061
1399985962.247	n	11.6748	3.62156	10.115	31.6042
1399985962.311	n	11.6771	3.62155	10.101	31.6021
1399985962.374	n	11.6794	3.62155	10.081	31.6002
1399985962.434	n	11.6817	3.62156	10.061	31.5983
1399985962.578	y	11.6839	3.62156	10.046	31.5964
1399985962.584	n	11.6862	3.62158	10.027	31.5946
1399985962.623	n	11.6886	3.62159	10.010	31.5928
1399985962.684	n	11.6909	3.62160	9.992	31.5909
1399985962.747	n	11.6932	3.62161	9.975	31.5890
1399985962.810	n	11.6956	3.62162	9.955	31.5871
1399985962.872	n	11.6979	3.62162	9.933	31.5851
1399985962.936	n	11.7003	3.62162	9.918	31.5832
1399985962.999	n	11.7026	3.62163	9.902	31.5812
1399985963.060	n	11.7050	3.62164	9.881	31.5793
1399985963.124	n	11.7074	3.62165	9.866	31.5774
1399985963.186	n	11.7098	3.62166	9.847	31.5755
1399985963.247	n	11.7122	3.62167	9.826	31.5735
1399985963.310	n	11.7145	3.62167	9.807	31.5716
1399985963.373	n	11.7169	3.62168	9.788	31.5696
1399985963.434	n	11.7193	3.62169	9.766	31.5677
1399985963.497	n	11.7217	3.62169	9.747	31.5657
1399985963.561	n	11.7241	3.62169	9.728	31.5637
1399985963.624	n	11.7265	3.62169	9.709	31.5616
1399985963.686	n	11.7289	3.62170	9.692	31.5596
1399985963.747	n	11.7313	3.62172	9.674	31.5578
1399985963.811	n	11.7336	3.62174	9.654	31.5560
1399985963.872	n	11.7360	3.62174	9.633	31.5541
1399985963.936	n	11.7385	3.62175	9.615	31.5521
1399985963.997	n	11.7409	3.62175	9.597	31.5500
1399985964.060	n	11.7433	3.62175	9.574	31.5480
1399985964.122	n	11.7457	3.62177	9.553	31.5461
1399985964.184	n	11.7480	3.62178	9.537	31.5442
1399985964.247	n	11.7503	3.62178	9.517	31.5423
1399985964.311	n	11.7527	3.62179	9.498	31.5405
1399985964.373	n	11.7550	3.62180	9.478	31.5385
1399985964.435	n	11.7573	3.62181	9.455	31.5366
1399985964.498	n	11.7597	3.62182	9.438	31.5348
1399985964.562	n	11.7620	3.62183	9.417	31.5329
1399985964.623	n	11.7643	3.62183	9.398	31.5310
1399985964.684	n	11.7666	3.62185	9.379	31.5292
1399985964.747	n	11.7689	3.62185	9.360	31.5273
1399985964.812	n	11.7713	3.62185	9.339	31.5253
1399985964.873	n	11.7736	3.62186	9.319	31.5234
1399985964.935	n	11.7759	3.62187	9.300	31.5215
1399985964.997	n	11.7782	3.62187	9.282	31.5196
1399985965.060	n	11.7805	3.62189	9.264	31.5178
1399985965.124	n	11.7828	3.62190	9.242	31.5160
1399985965.185	n	11.7851	3.62190	9.224	31.5141
1399985965.248	n	11.7874	3.62191	9.205	31.5122
1399985965.309	n	11.7897	3.62191	9.187	31.5102
1399985965.372	n	11.7921	3.62191	9.166	31.5083
1399985965.435	n	11.7944	3.62191	9.147	31.5064
1399985965.497	n	11.7967	3.62193	9.129	31.5046
1399985965.560	n	11.7990	3.62194	9.110	31.5027
1399985965.624	n	11.8013	3.62195	9.089	31.5009
1399985965.685	n	11.8036	3.62195	9.071	31.4990
1399985965.747	n	11.8059	3.62195	9.054	31.4971
1399985965.811	n	11.8081	3.62197	9.034	31.4953
1399985965.875	n	11.8103	3.62198	9.015	31.4936
1399985966.021	y	11.8126	3.62198	8.995	31.4917
1399985966.026	n	11.8148	3.62198	8.975	31.4899
1399985966.061	n	11.8170	3.62198	8.959	31.4880
1399985966.122	n	11.8193	3.62199	8.943	31.4862
1399985966.184	y	11.8215	3.62201	8.919	31.4844
1399985966.247	n	11.8238	3.62203	8.905	31.4827
1399985966.310	n	11.8261	3.62204	8.886	31.4809
1399985966.377	n	11.8284	3.62205	8.866	31.4790
1399985966.435	n	11.8306	3.62205	8.849	31.4771
1399985966.498	n	11.8329	3.62205	8.831	31.4753
1399985966.560	n	11.8352	3.62206	8.811	31.4734
1399985966.623	n	11.8375	3.62207	8.796	31.4716
1399985966.686	n	11.8397	3.62208	8.781	31.4698
1399985966.748	n	11.8420	3.62209	8.755	31.4679
1399985966.810	n	11.8443	3.62210	8.738	31.4660
1399985966.874	n	11.8467	3.62210	8.723	31.4641
1399985966.935	n	11.8491	3.62211	8.704	31.4621
1399985966.998	n	11.8515	3.62212	8.686	31.4603
1399985967.060	n	11.8539	3.62214	8.672	31.4584
1399985967.122	n	11.8563	3.62216	8.654	31.4565
1399985967.186	n	11.8587	3.62217	8.634	31.4546
1399985967.247	n	11.8612	3.62217	8.618	31.4526
1399985967.310	n	11.8636	3.62218	8.597	31.4506
1399985967.373	n	11.8661	3.62220	8.581	31.4487
1399985967.436	n	11.8685	3.62221	8.560	31.4468
1399985967.498	n	11.8710	3.62223	8.546	31.4449
1399985967.562	n	11.8734	3.62224	8.528	31.4430
1399985967.624	n	11.8758	3.62224	8.510	31.4409
1399985967.685	n	11.8783	3.62224	8.494	31.4388
1399985967.747	n	11.8807	3.62224	8.477	31.4368
1399985967.811	n	11.8831	3.62226	8.457	31.4349
1399985967.872	n	11.8855	3.62227	8.442	31.4330
1399985967.935	n	11.8879	3.62228	8.424	31.4312
1399985967.998	n	11.8902	3.62229	8.410	31.4293
1399985968.059	n	11.8926	3.62230	8.392	31.4273
1399985968.124	n	11.8949	3.62231	8.371	31.4256
1399985968.184	n	11.8972	3.62234	8.356	31.4239
1399985968.247	n	11.8995	3.62236	8.341	31.4222
1399985968.311	n	11.9017	3.62238	8.322	31.4205
1399985968.374	n	11.9038	3.62239	8.306	31.4188
1399985968.434	n	11.9059	3.62239	8.285	31.4171
1399985968.498	n	11.9079	3.62239	8.270	31.4154
1399985968.559	n	11.9100	3.62240	8.253	31.4137
1399985968.624	n	11.9120	3.62240	8.240	31.4121
1399985968.686	n	11.9139	3.62241	8.226	31.4106
1399985968.748	n	11.9159	3.62243	8.212	31.4090
1399985968.810	n	11.9178	3.62244	8.192	31.4076
1399985968.874	n	11.9197	3.62246	8.175	31.4062
1399985968.934	n	11.9215	3.62247	8.161	31.4048
1399985968.997	n	11.9232	3.62248	8.145	31.4035
1399985969.059	n	11.9249	3.62250	8.126	31.4022
1399985969.123	n	11.9265	3.62251	8.105	31.4009
1399985969.185	n	11.9282	3.62252	8.091	31.3995
1399985969.247	n	11.9299	3.62252	8.076	31.3982
1399985969.310	n	11.9315	3.62252	8.062	31.3969
1399985969.373	n	11.9331	3.62252	8.045	31.3955
1399985969.436	n	11.9347	3.62254	8.030	31.3943
1399985969.497	n	11.9363	3.62254	8.015	31.3931
1399985969.561	n	11.9378	3.62255	7.999	31.3919
1399985969.622	n	11.9392	3.62256	7.983	31.3908
1399985969.685	n	11.9407	3.62258	7.967	31.3897
1399985969.748	n	11.9422	3.62259	7.952	31.3885
1399985969.811	n	11.9436	3.62259	7.933	31.3874
1399985969.956	y	11.9451	3.62260	7.920	31.3862
1399985969.962	n	11.9466	3.62262	7.904	31.3851
1399985970.062	y	11.9480	3.62263	7.890	31.3841
1399985970.072	n	11.9494	3.62265	7.872	31.3830
1399985970.197	y	11.9509	3.62266	7.857	31.3820
1399985970.202	n	11.9523	3.62266	7.845	31.3807
1399985970.248	n	11.9538	3.62266	7.826	31.3794
1399985970.311	n	11.9553	3.62267	7.810	31.3783
1399985970.372	n	11.9568	3.62268	7.797	31.3772
1399985970.435	n	11.9583	3.62270	7.781	31.3761
1399985970.498	n	11.9597	3.62272	7.770	31.3751
1399985970.561	n	11.9612	3.62273	7.755	31.3740
1399985970.624	n	11.9627	3.62275	7.738	31.3729
1399985970.685	n	11.9641	3.62277	7.719	31.3719
1399985970.747	n	11.9655	3.62279	7.702	31.3709
1399985970.810	n	11.9670	3.62279	7.693	31.3698
1399985970.872	n	11.9684	3.62280	7.674	31.3686
1399985970.935	n	11.9698	3.62280	7.660	31.3675
1399985970.997	n	11.9711	3.62280	7.646	31.3664
1399985971.061	n	11.9725	3.62281	7.633	31.3653
1399985971.123	n	11.9739	3.62282	7.616	31.3642
1399985971.184	n	11.9752	3.62283	7.598	31.3632
1399985971.247	n	11.9766	3.62285	7.583	31.3623
1399985971.311	n	11.9780	3.62288	7.572	31.3614
1399985971.377	n	11.9793	3.62289	7.556	31.3604
1399985971.434	n	11.9807	3.62291	7.540	31.3593
1399985971.497	n	11.9821	3.62291	7.525	31.3583
1399985971.560	n	11.9833	3.62292	7.511	31.3573
1399985971.622	n	11.9846	3.62294	7.496	31.3564
1399985971.685	n	11.9858	3.62295	7.481	31.3555
1399985971.747	n	11.9870	3.62297	7.468	31.3547
1399985971.811	n	11.9882	3.62298	7.451	31.3538
1399985971.872	n	11.9893	3.62298	7.435	31.3529
1399985971.936	n	11.9905	3.62299	7.421	31.3520
1399985971.998	n	11.9916	3.62300	7.408	31.3511
1399985972.060	n	11.9928	3.62300	7.394	31.3502
1399985972.124	n	11.9939	3.62302	7.376	31.3494
1399985972.185	n	11.9950	3.62304	7.362	31.3487
1399985972.248	n	11.9960	3.62306	7.349	31.3480
1399985972.310	n	11.9971	3.62308	7.334	31.3474
1399985972.376	n	11.9981	3.62310	7.316	31.3466
1399985972.436	n	11.9991	3.62311	7.304	31.3459
1399985972.497	n	12.0002	3.62312	7.292	31.3451
1399985972.561	n	12.0012	3.62313	7.277	31.3444
1399985972.623	n	12.0022	3.62314	7.260	31.3437
1399985972.685	n	12.0033	3.62314	7.243	31.3428
1399985972.747	n	12.0043	3.62314	7.229	31.3420
1399985972.811	n	12.0052	3.62315	7.216	31.3412
1399985972.874	n	12.0062	3.62316	7.204	31.3405
1399985972.936	n	12.0072	3.62317	7.186	31.3398
1399985972.998	n	12.0082	3.62320	7.172	31.3391
1399985973.061	n	12.0093	3.62321	7.157	31.3384
1399985973.122	n	12.0104	3.62322	7.143	31.3376
1399985973.186	n	12.0114	3.62322	7.127	31.3367
1399985973.248	n	12.0125	3.62323	7.116	31.3359
1399985973.311	n	12.0136	3.62324	7.100	31.3352
1399985973.376	n	12.0147	3.62326	7.085	31.3344
1399985973.435	n	12.0158	3.62328	7.067	31.3336
1399985973.498	n	12.0170	3.62329	7.056	31.3327
1399985973.566	y	12.0182	3.62329	7.043	31.3317
1399985973.623	n	12.0194	3.62330	7.025	31.3308
1399985973.684	n	12.0207	3.62332	7.012	31.3300
1399985973.748	n	12.0220	3.62334	6.999	31.3291
1399985973.811	n	12.0232	3.62336	6.980	31.3282
1399985973.874	n	12.0245	3.62337	6.966	31.3272
1399985973.935	n	12.0258	3.62336	6.948	31.3261
1399985973.997	n	12.0271	3.62337	6.936	31.3251
1399985974.061	n	12.0284	3.62337	6.919	31.3241
1399985974.123	n	12.0297	3.62339	6.906	31.3231
1399985974.184	n	12.0310	3.62340	6.891	31.3221
1399985974.247	n	12.0323	3.62342	6.876	31.3213
1399985974.311	n	12.0336	3.62345	6.862	31.3204
1399985974.378	n	12.0348	3.62347	6.847	31.3196
1399985974.499	y	12.0361	3.62348	6.830	31.3186
1399985974.504	n	12.0374	3.62348	6.819	31.3176
1399985974.561	n	12.0387	3.62349	6.802	31.3166
1399985974.623	n	12.0399	3.62350	6.789	31.3156
1399985974.685	n	12.0411	3.62352	6.770	31.3148
1399985974.747	n	12.0422	3.62354	6.754	31.3141
1399985974.810	n	12.0434	3.62355	6.738	31.3133
1399985974.873	n	12.0445	3.62356	6.722	31.3124
1399985974.935	n	12.0458	3.62357	6.707	31.3114
1399985974.997	n	12.0470	3.62357	6.694	31.3105
1399985975.062	n	12.0482	3.62359	6.677	31.3096
1399985975.123	n	12.0493	3.62360	6.659	31.3088
1399985975.185	n	12.0504	3.62363	6.644	31.3081
1399985975.248	n	12.0515	3.62365	6.627	31.3075
1399985975.310	n	12.0526	3.62366	6.611	31.3067
1399985975.372	n	12.0536	3.62368	6.595	31.3059
1399985975.435	n	12.0547	3.62368	6.578	31.3051
1399985975.497	n	12.0557	3.62369	6.563	31.3043
1399985975.561	n	12.0567	3.62371	6.547	31.3037
1399985975.622	n	12.0577	3.62373	6.528	31.3030
1399985975.685	n	12.0588	3.62374	6.513	31.3022
1399985975.750	n	12.0599	3.62374	6.496	31.3014
1399985975.810	n	12.0610	3.62374	6.479	31.3004
1399985975.874	n	12.0622	3.62374	6.462	31.2994
1399985975.935	n	12.0634	3.62375	6.450	31.2985
1399985975.997	n	12.0647	3.62376	6.431	31.2975
1399985976.059	n	12.0659	3.62377	6.415	31.2966
1399985976.123	y	12.0672	3.62378	6.401	31.2956
1399985976.185	n	12.0684	3.62378	6.385	31.2946
1399985976.247	n	12.0698	3.62379	6.366	31.2935
1399985976.310	n	12.0712	3.62379	6.352	31.2924
1399985976.379	n	12.0727	3.62379	6.333	31.2912
1399985976.434	n	12.0742	3.62380	6.318	31.2899
1399985976.498	n	12.0758	3.62380	6.301	31.2886
1399985976.560	n	12.0774	3.62380	6.286	31.2873
1399985976.624	n	12.0791	3.62380	6.269	31.2859
1399985976.686	n	12.0807	3.62380	6.252	31.2846
1399985976.748	n	12.0823	3.62381	6.237	31.2833
1399985976.810	n	12.0839	3.62382	6.219	31.2821
1399985976.873	n	12.0855	3.62384	6.204	31.2809
1399985976.935	n	12.0877	3.62391	6.185	31.2798
1399985976.998	n	12.0965	3.62632	6.168	31.2955
1399985977.060	n	12.1223	3.63478	6.151	31.3550
1399985977.188	y	12.1678	3.64851	6.135	31.4485
1399985977.194	n	12.2257	3.66429	6.121	31.5509
1399985977.248	n	12.2830	3.67811	6.102	31.6347
1399985977.310	n	12.3261	3.68637	6.086	31.6772
1399985977.372	n	12.3505	3.68923	6.066	31.6840
1399985977.435	n	12.3631	3.69035	6.048	31.6841
1399985977.498	n	12.3712	3.69097	6.032	31.6831
1399985977.561	n	12.3782	3.69137	6.020	31.6811
1399985977.624	n	12.3854	3.69170	6.002	31.6781
1399985977.684	n	12.3922	3.69198	5.982	31.6750
1399985977.747	n	12.3975	3.69220	5.968	31.6727
1399985977.811	n	12.4009	3.69239	5.948	31.6716
1399985977.872	n	12.4028	3.69257	5.929	31.6718
1399985977.934	n	12.4037	3.69272	5.912	31.6725
1399985977.998	n	12.4043	3.69284	5.897	31.6731
1399985978.062	n	12.4052	3.69287	5.876	31.6726
1399985978.122	n	12.4071	3.69280	5.858	31.6704
1399985978.185	n	12.4101	3.69263	5.842	31.6662
1399985978.248	n	12.4144	3.69246	5.821	31.6609
1399985978.310	n	12.4200	3.69249	5.802	31.6565
1399985978.375	n	12.4268	3.69282	5.786	31.6540
1399985978.435	n	12.4342	3.69339	5.768	31.6532
1399985978.498	n	12.4417	3.69406	5.748	31.6532
1399985978.560	n	12.4488	3.69466	5.731	31.6530
1399985978.623	n	12.4551	3.69512	5.713	31.6521
1399985978.775	y	12.4614	3.69557	5.695	31.6511
1399985978.780	n	12.4684	3.69609	5.680	31.6501
1399985978.810	n	12.4764	3.69669	5.662	31.6491
1399985978.873	n	12.4851	3.69734	5.642	31.6480
1399985978.934	n	12.4943	3.69801	5.623	31.6466
1399985978.998	n	12.5045	3.69876	5.606	31.6451
1399985979.061	n	12.5168	3.69971	5.589	31.6439
1399985979.122	n	12.5322	3.70092	5.569	31.6424
1399985979.185	n	12.5511	3.70226	5.548	31.6393
1399985979.249	n	12.5716	3.70367	5.530	31.6353
1399985979.309	n	12.5916	3.70495	5.513	31.6308
1399985979.372	n	12.6100	3.70608	5.497	31.6261
1399985979.435	n	12.6279	3.70720	5.476	31.6216
1399985979.498	n	12.6463	3.70841	5.460	31.6177
1399985979.560	n	12.6668	3.70971	5.444	31.6129
1399985979.623	n	12.6892	3.71120	5.426	31.6082
1399985979.685	n	12.7121	3.71277	5.406	31.6039
1399985979.748	n	12.7352	3.71454	5.389	31.6013
1399985979.811	n	12.7600	3.71663	5.372	31.6002
1399985979.872	n	12.7878	3.71892	5.357	31.5987
1399985979.935	n	12.8178	3.72117	5.337	31.5948
1399985979.997	n	12.8468	3.72299	5.319	31.5878
1399985980.059	n	12.8708	3.72407	5.302	31.5779
1399985980.124	n	12.8871	3.72445	5.281	31.5680
1399985980.185	n	12.8944	3.72440	5.266	31.5614
1399985980.247	n	12.8947	3.72414	5.245	31.5587
1399985980.313	n	12.8927	3.72403	5.230	31.5593
1399985980.374	n	12.8925	3.72422	5.210	31.5613
1399985980.435	n	12.8957	3.72466	5.194	31.5627
1399985980.498	n	12.9029	3.72520	5.176	31.5619
1399985980.559	n	12.9114	3.72581	5.158	31.5605
1399985980.622	n	12.9181	3.72629	5.138	31.5595
1399985980.685	n	12.9212	3.72663	5.122	31.5600
1399985980.783	y	12.9217	3.72690	5.103	31.5622
1399985980.812	n	12.9216	3.72717	5.083	31.5649
1399985980.872	n	12.9229	3.72747	5.063	31.5666
1399985980.935	n	12.9271	3.72790	5.043	31.5671
1399985980.997	n	12.9340	3.72835	5.026	31.5656
1399985981.059	n	12.9409	3.72871	5.007	31.5633
1399985981.123	n	12.9463	3.72894	4.989	31.5610
1399985981.185	n	12.9500	3.72904	4.969	31.5588
1399985981.247	n	12.9526	3.72908	4.951	31.5570
1399985981.310	n	12.9544	3.72906	4.933	31.5554
1399985981.375	n	12.9557	3.72898	4.916	31.5535
1399985981.436	n	12.9567	3.72884	4.895	31.5515
1399985981.498	n	12.9573	3.72873	4.877	31.5499
1399985981.562	n	12.9576	3.72867	4.857	31.5491
1399985981.624	n	12.9578	3.72869	4.840	31.5491
1399985981.686	n	12.9577	3.72874	4.819	31.5497
1399985981.748	n	12.9571	3.72872	4.802	31.5499
1399985981.809	n	12.9562	3.72860	4.785	31.5496
1399985981.873	n	12.9555	3.72849	4.765	31.5492
1399985981.936	n	12.9553	3.72846	4.746	31.5491
1399985981.998	n	12.9556	3.72849	4.725	31.5491
1399985982.061	n	12.9564	3.72857	4.708	31.5492
1399985982.122	n	12.9573	3.72867	4.691	31.5493
1399985982.185	n	12.9582	3.72877	4.674	31.5496
1399985982.248	n	12.9591	3.72887	4.653	31.5498
1399985982.310	n	12.9598	3.72896	4.639	31.5500
1399985982.375	n	12.9603	3.72898	4.618	31.5499
1399985982.435	n	12.9603	3.72895	4.602	31.5495
1399985982.497	n	12.9600	3.72889	4.586	31.5492
1399985982.561	n	12.9596	3.72884	4.569	31.5491
1399985982.625	n	12.9591	3.72877	4.551	31.5489
1399985982.685	n	12.9587	3.72872	4.533	31.5487
1399985982.748	n	12.9585	3.72868	4.516	31.5485
1399985982.810	n	12.9585	3.72866	4.501	31.5484
1399985982.874	n	12.9586	3.72865	4.485	31.5482
1399985983.091	y	12.9586	3.72865	4.469	31.5482
1399985983.097	n	12.9583	3.72860	4.450	31.5480
1399985983.103	n	12.9580	3.72853	4.433	31.5476
1399985983.123	n	12.9577	3.72844	4.418	31.5470
1399985983.184	n	12.9576	3.72837	4.404	31.5464
1399985983.248	n	12.9578	3.72830	4.388	31.5456
1399985983.309	n	12.9580	3.72825	4.373	31.5450
1399985983.376	n	12.9583	3.72822	4.358	31.5444
1399985983.435	n	12.9588	3.72824	4.344	31.5442
1399985983.498	n	12.9598	3.72828	4.327	31.5438
1399985983.560	n	12.9613	3.72837	4.311	31.5434
1399985983.622	n	12.9630	3.72846	4.295	31.5428
1399985983.686	n	12.9648	3.72856	4.281	31.5422
1399985983.748	n	12.9663	3.72863	4.265	31.5417
1399985983.809	n	12.9673	3.72871	4.245	31.5416
1399985983.872	n	12.9679	3.72877	4.230	31.5416
1399985983.935	n	12.9684	3.72881	4.215	31.5417
1399985983.998	n	12.9689	3.72889	4.204	31.5419
1399985984.061	n	12.9698	3.72898	4.186	31.5421
1399985984.123	n	12.9707	3.72909	4.166	31.5423
1399985984.185	n	12.9713	3.72917	4.155	31.5426
1399985984.248	n	12.9715	3.72920	4.138	31.5427
1399985984.311	n	12.9716	3.72918	4.121	31.5424
1399985984.374	n	12.9719	3.72917	4.108	31.5421
1399985984.436	n	12.9725	3.72918	4.092	31.5417
1399985984.498	y	12.9734	3.72920	4.077	31.5413
1399985984.561	n	12.9740	3.72923	4.061	31.5410
1399985984.622	n	12.9745	3.72925	4.043	31.5408
1399985984.685	n	12.9749	3.72925	4.029	31.5405
1399985984.747	n	12.9753	3.72926	4.011	31.5403
1399985984.809	n	12.9758	3.72929	3.997	31.5401
1399985984.873	n	12.9765	3.72936	3.982	31.5402
1399985984.936	n	12.9773	3.72946	3.970	31.5404
1399985984.997	n	12.9782	3.72956	3.951	31.5407
1399985985.122	y	12.9791	3.72965	3.939	31.5407
1399985985.128	n	12.9799	3.72970	3.924	31.5406
1399985985.185	n	12.9805	3.72975	3.909	31.5405
1399985985.248	n	12.9811	3.72978	3.894	31.5404
1399985985.311	n	12.9816	3.72982	3.879	31.5403
1399985985.373	n	12.9821	3.72987	3.864	31.5404
1399985985.436	n	12.9827	3.72992	3.850	31.5403
1399985985.497	n	12.9834	3.72997	3.837	31.5402
1399985985.559	n	12.9840	3.73002	3.825	31.5402
1399985985.623	n	12.9844	3.73006	3.810	31.5402
1399985985.685	n	12.9847	3.73011	3.797	31.5404
1399985985.749	n	12.9849	3.73017	3.785	31.5408
1399985985.810	n	12.9853	3.73025	3.772	31.5413
1399985985.873	n	12.9859	3.73034	3.758	31.5417
1399985985.934	n	12.9866	3.73044	3.748	31.5420
1399985985.998	n	12.9874	3.73052	3.734	31.5421
1399985986.061	n	12.9881	3.73057	3.720	31.5420
1399985986.124	n	12.9887	3.73058	3.708	31.5416
1399985986.186	n	12.9890	3.73056	3.693	31.5411
1399985986.248	n	12.9892	3.73053	3.682	31.5407
1399985986.311	n	12.9894	3.73052	3.669	31.5404
1399985986.372	n	12.9896	3.73053	3.653	31.5403
1399985986.435	n	12.9898	3.73053	3.639	31.5401
1399985986.498	n	12.9899	3.73050	3.628	31.5399
1399985986.561	n	12.9897	3.73048	3.612	31.5398
1399985986.622	n	12.9897	3.73046	3.604	31.5397
1399985986.684	n	12.9898	3.73045	3.587	31.5395
1399985986.747	n	12.9900	3.73045	3.574	31.5394
1399985986.809	n	12.9902	3.73045	3.561	31.5391
1399985986.873	n	12.9903	3.73042	3.548	31.5388
1399985986.936	n	12.9901	3.73037	3.533	31.5385
1399985986.998	n	12.9899	3.73031	3.519	31.5382
1399985987.061	n	12.9896	3.73025	3.504	31.5378
1399985987.123	n	12.9894	3.73019	3.493	31.5374
1399985987.304	y	12.9894	3.73015	3.481	31.5371
1399985987.310	n	12.9895	3.73011	3.465	31.5366
1399985987.316	n	12.9894	3.73009	3.454	31.5364
1399985987.372	n	12.9891	3.73006	3.434	31.5364
1399985987.434	n	12.9887	3.73003	3.421	31.5366
1399985987.498	n	12.9880	3.73000	3.410	31.5368
1399985987.561	n	12.9875	3.72996	3.396	31.5369
1399985987.622	n	12.9870	3.72992	3.379	31.5368
1399985987.684	n	12.9866	3.72989	3.367	31.5369
1399985987.748	n	12.9862	3.72987	3.355	31.5371
1399985987.811	n	12.9859	3.72985	3.343	31.5372
1399985987.872	n	12.9856	3.72985	3.330	31.5375
1399985987.935	n	12.9856	3.72986	3.317	31.5375
1399985987.999	n	12.9858	3.72987	3.301	31.5375
1399985988.061	n	12.9860	3.72988	3.290	31.5374
1399985988.161	y	12.9863	3.72989	3.276	31.5373
1399985988.185	n	12.9864	3.72989	3.259	31.5372
1399985988.248	n	12.9864	3.72920	3.248	31.5307
1399985988.310	n	12.9863	3.72801	3.233	31.5196
1399985988.372	n	12.9861	3.72666	3.220	31.5071
1399985988.435	n	12.9860	3.72552	3.206	31.4965
1399985988.497	n	12.9859	3.72488	3.194	31.4906
1399985988.561	n	12.9859	3.72493	3.182	31.4910
1399985988.623	n	12.9859	3.72494	3.169	31.4910
1399985988.686	n	12.9859	3.72492	3.157	31.4910
1399985988.748	n	12.9858	3.72492	3.142	31.4910
1399985988.811	n	12.9859	3.72494	3.128	31.4910
1399985988.872	n	12.9862	3.72496	3.118	31.4910
1399985988.936	n	12.9866	3.72499	3.103	31.4910
1399985988.997	n	12.9870	3.72502	3.085	31.4909
1399985989.062	n	12.9873	3.72504	3.072	31.4909
1399985989.123	n	12.9873	3.72503	3.058	31.4908
1399985989.185	n	12.9871	3.72504	3.042	31.4910
1399985989.247	n	12.9869	3.72505	3.031	31.4914
1399985989.311	n	12.9867	3.72505	3.018	31.4916
1399985989.374	n	12.9865	3.72507	3.003	31.4918
1399985989.435	n	12.9865	3.72507	2.988	31.4919
1399985989.498	n	12.9866	3.72506	2.975	31.4917
1399985989.561	n	12.9867	3.72504	2.961	31.4915
1399985989.622	n	12.9868	3.72502	2.945	31.4912
1399985989.684	n	12.9869	3.72500	2.933	31.4909
1399985989.748	n	12.9870	3.72497	2.920	31.4906
1399985989.811	n	12.9869	3.72495	2.906	31.4904
1399985989.872	n	12.9868	3.72492	2.893	31.4903
1399985989.934	n	12.9867	3.72489	2.878	31.4901
1399985989.998	n	12.9866	3.72487	2.863	31.4900
1399985990.061	n	12.9864	3.72486	2.850	31.4900
1399985990.122	n	12.9864	3.72485	2.832	31.4899
1399985990.186	n	12.9863	3.72483	2.821	31.4899
1399985990.248	n	12.9861	3.72480	2.809	31.4898
1399985990.311	n	12.9858	3.72476	2.792	31.4897
1399985990.373	n	12.9855	3.72472	2.781	31.4895
1399985990.434	n	12.9853	3.72469	2.770	31.4894
1399985990.497	n	12.9852	3.72466	2.753	31.4891
1399985990.560	n	12.9851	3.72464	2.735	31.4891
1399985990.624	n	12.9849	3.72462	2.724	31.4891
1399985990.686	n	12.9846	3.72462	2.710	31.4893
1399985990.748	n	12.9843	3.72463	2.693	31.4896
1399985990.811	n	12.9841	3.72464	2.680	31.4899
1399985990.874	n	12.9840	3.72463	2.665	31.4899
1399985990.936	n	12.9841	3.72462	2.652	31.4898
1399985990.998	n	12.9843	3.72461	2.639	31.4895
1399985991.061	n	12.9845	3.72461	2.626	31.4893
1399985991.123	n	12.9846	3.72461	2.612	31.4893
1399985991.185	n	12.9846	3.72463	2.597	31.4895
1399985991.248	n	12.9845	3.72465	2.582	31.4897
1399985991.311	n	12.9846	3.72465	2.568	31.4897
1399985991.373	n	12.9851	3.72466	2.557	31.4894
1399985991.507	y	12.9855	3.72467	2.542	31.4891
1399985991.512	n	12.9858	3.72468	2.525	31.4890
1399985991.561	n	12.9859	3.72469	2.512	31.4890
1399985991.622	n	12.9859	3.72471	2.500	31.4892
1399985991.685	n	12.9859	3.72471	2.482	31.4892
1399985991.790	y	12.9859	3.72470	2.467	31.4891
1399985991.811	n	12.9858	3.72466	2.450	31.4888
1399985991.874	n	12.9855	3.72462	2.441	31.4886
1399985991.935	n	12.9852	3.72460	2.425	31.4887
1399985991.999	n	12.9852	3.72463	2.407	31.4891
1399985992.061	n	12.9856	3.72469	2.392	31.4893
1399985992.124	n	12.9863	3.72474	2.379	31.4892
1399985992.185	n	12.9868	3.72475	2.361	31.4889
1399985992.248	n	12.9869	3.72473	2.352	31.4886
1399985992.311	n	12.9865	3.72469	2.334	31.4886
1399985992.373	n	12.9860	3.72465	2.319	31.4886
1399985992.436	n	12.9855	3.72461	2.299	31.4886
1399985992.497	n	12.9851	3.72457	2.285	31.4886
1399985992.560	n	12.9849	3.72458	2.269	31.4889
1399985992.624	n	12.9847	3.72462	2.253	31.4894
1399985992.686	n	12.9846	3.72468	2.236	31.4900
1399985992.748	n	12.9849	3.72472	2.219	31.4902
1399985992.811	n	12.9852	3.72472	2.204	31.4900
1399985992.875	n	12.9856	3.72470	2.188	31.4894
1399985992.935	n	12.9859	3.72468	2.172	31.4890
1399985992.997	n	12.9861	3.72466	2.157	31.4887
1399985993.060	n	12.9861	3.72463	2.142	31.4885
1399985993.124	n	12.9858	3.72460	2.124	31.4883
1399985993.186	n	12.9854	3.72456	2.107	31.4884
1399985993.248	n	12.9849	3.72453	2.092	31.4885
1399985993.311	n	12.9845	3.72454	2.077	31.4889
1399985993.374	n	12.9844	3.72455	2.059	31.4891
1399985993.435	n	12.9846	3.72457	2.045	31.4892
1399985993.498	n	12.9850	3.72460	2.027	31.4891
1399985993.561	n	12.9853	3.72462	2.011	31.4890
1399985993.622	n	12.9855	3.72464	1.999	31.4890
1399985993.687	n	12.9857	3.72464	1.985	31.4889
1399985993.747	n	12.9859	3.72464	1.971	31.4886
1399985993.811	n	12.9862	3.72463	1.957	31.4884
1399985993.873	n	12.9864	3.72463	1.946	31.4882
1399985993.936	n	12.9862	3.72463	1.933	31.4884
1399985993.998	n	12.9858	3.72465	1.922	31.4889
1399985994.061	n	12.9853	3.72468	1.908	31.4896
1399985994.122	n	12.9849	3.72470	1.896	31.4901
1399985994.185	n	12.9850	3.72472	1.886	31.4903
1399985994.247	n	12.9856	3.72472	1.873	31.4898
1399985994.310	n	12.9865	3.72471	1.860	31.4889
1399985994.374	n	12.9873	3.72467	1.849	31.4880
1399985994.435	n	12.9875	3.72464	1.841	31.4875
1399985994.498	n	12.9870	3.72463	1.828	31.4878
1399985994.559	n	12.9863	3.72463	1.815	31.4883
1399985994.623	n	12.9860	3.72464	1.804	31.4888
1399985994.685	n	12.9861	3.72467	1.794	31.4889
1399985994.747	n	12.9867	3.72470	1.779	31.4887
1399985994.810	n	12.9877	3.72475	1.763	31.4883
1399985994.873	n	12.9886	3.72481	1.753	31.4881
1399985994.934	n	12.9895	3.72487	1.741	31.4880
1399985994.998	n	12.9902	3.72491	1.727	31.4878
1399985995.060	n	12.9904	3.72492	1.712	31.4878
1399985995.123	n	12.9903	3.72490	1.695	31.4876
1399985995.186	n	12.9899	3.72485	1.679	31.4874
1399985995.248	n	12.9895	3.72477	1.664	31.4871
1399985995.311	n	12.9891	3.72470	1.651	31.4868
1399985995.374	n	12.9888	3.72464	1.634	31.4865
1399985995.436	y	12.9887	3.72461	1.618	31.4863
1399985995.498	n	12.9886	3.72461	1.602	31.4863
1399985995.560	n	12.9884	3.72460	1.587	31.4864
1399985995.624	n	12.9882	3.72460	1.569	31.4866
1399985995.803	y	12.9880	3.72460	1.552	31.4868
1399985995.811	n	12.9879	3.72459	1.537	31.4868
1399985995.816	n	12.9879	3.72457	1.518	31.4866
1399985995.873	n	12.9879	3.72455	1.503	31.4864
1399985995.936	n	12.9877	3.72451	1.489	31.4863
1399985995.998	n	12.9872	3.72447	1.472	31.4862
1399985996.061	n	12.9866	3.72442	1.459	31.4863
1399985996.123	n	12.9859	3.72438	1.445	31.4865
1399985996.186	n	12.9854	3.72436	1.428	31.4867
1399985996.248	n	12.9850	3.72434	1.416	31.4870
1399985996.312	n	12.9845	3.72433	1.403	31.4872
1399985996.373	n	12.9841	3.72432	1.389	31.4874
1399985996.436	n	12.9837	3.72431	1.374	31.4876
1399985996.498	n	12.9836	3.72430	1.363	31.4877
1399985996.561	n	12.9838	3.72429	1.350	31.4875
1399985996.623	n	12.9841	3.72426	1.339	31.4869
1399985996.684	n	12.9843	3.72422	1.326	31.4864
1399985996.747	n	12.9841	3.72420	1.314	31.4863
1399985996.812	n	12.9836	3.72418	1.305	31.4866
1399985996.874	n	12.9831	3.72419	1.292	31.4871
1399985996.936	n	12.9831	3.72421	1.279	31.4873
1399985996.998	n	12.9834	3.72424	1.269	31.4873
1399985997.059	n	12.9840	3.72428	1.259	31.4872
1399985997.123	n	12.9845	3.72431	1.248	31.4871
1399985997.186	n	12.9848	3.72435	1.242	31.4872
1399985997.248	n	12.9850	3.72437	1.230	31.4873
1399985997.310	n	12.9851	3.72437	1.214	31.4872
1399985997.373	n	12.9852	3.72436	1.203	31.4869
1399985997.435	n	12.9853	3.72435	1.194	31.4867
1399985997.498	n	12.9855	3.72433	1.184	31.4865
1399985997.562	n	12.9857	3.72434	1.173	31.4864
1399985997.623	n	12.9861	3.72439	1.162	31.4865
1399985997.686	n	12.9867	3.72446	1.154	31.4866
1399985997.748	n	12.9875	3.72454	1.143	31.4868
1399985997.812	n	12.9882	3.72462	1.133	31.4869
1399985997.873	n	12.9887	3.72466	1.120	31.4870
1399985997.937	n	12.9889	3.72468	1.111	31.4870
1399985997.998	n	12.9889	3.72469	1.099	31.4870
1399985998.061	n	12.9888	3.72469	1.086	31.4872
1399985998.123	n	12.9886	3.72469	1.074	31.4873
1399985998.185	n	12.9882	3.72466	1.063	31.4874
1399985998.248	n	12.9873	3.72458	1.051	31.4874
1399985998.311	n	12.9860	3.72446	1.034	31.4873
1399985998.373	n	12.9849	3.72434	1.020	31.4871
1399985998.434	n	12.9841	3.72426	1.008	31.4871
1399985998.498	n	12.9834	3.72422	0.998	31.4872
1399985998.561	n	12.9830	3.72419	0.982	31.4873
1399985998.623	n	12.9827	3.72417	0.970	31.4874
1399985998.686	n	12.9823	3.72415	0.955	31.4875
1399985998.748	n	12.9820	3.72412	0.940	31.4875
1399985998.812	n	12.9817	3.72409	0.927	31.4875
1399985998.874	n	12.9814	3.72408	0.912	31.4876
1399985998.935	n	12.9814	3.72409	0.899	31.4877
1399985998.998	n	12.9816	3.72411	0.886	31.4878
1399985999.119	y	12.9818	3.72414	0.874	31.4878
1399985999.127	n	12.9819	3.72415	0.863	31.4879
1399985999.287	y	12.9817	3.72414	0.846	31.4879
1399985999.292	n	12.9816	3.72413	0.835	31.4880
1399985999.312	n	12.9816	3.72412	0.825	31.4879
1399985999.372	n	12.9817	3.72412	0.816	31.4878
1399985999.436	n	12.9818	3.72411	0.809	31.4876
1399985999.497	n	12.9818	3.72409	0.797	31.4874
1399985999.562	n	12.9817	3.72408	0.787	31.4874
1399985999.623	n	12.9817	3.72408	0.781	31.4874
1399985999.800	y	12.9816	3.72407	0.771	31.4874
1399985999.807	n	12.9814	3.72405	0.761	31.4874
1399985999.813	n	12.9809	3.72399	0.752	31.4872
1399985999.872	n	12.9803	3.72393	0.746	31.4871
1399985999.936	n	12.9798	3.72387	0.739	31.4871
1399985999.997	n	12.9795	3.72384	0.731	31.4870
1399986000.061	n	12.9792	3.72381	0.724	31.4869
1399986000.122	n	12.9788	3.72377	0.715	31.4870
1399986000.184	n	12.9782	3.72375	0.711	31.4873
1399986000.249	n	12.9778	3.72375	0.699	31.4876
1399986000.310	n	12.9776	3.72376	0.693	31.4879
1399986000.374	n	12.9776	3.72378	0.687	31.4881
1399986000.435	n	12.9775	3.72377	0.675	31.4880
1399986000.498	n	12.9768	3.72369	0.668	31.4879
1399986000.561	n	12.9755	3.72355	0.664	31.4876
1399986000.622	n	12.9742	3.72342	0.654	31.4875
1399986000.690	n	12.9730	3.72333	0.645	31.4876
1399986000.748	n	12.9723	3.72329	0.637	31.4878
1399986000.810	n	12.9719	3.71094	0.629	31.3721
1399986000.874	n	12.9712	3.69135	0.620	31.1886
1399986000.936	n	12.9703	3.67409	0.609	31.0272
1399986000.999	n	12.9694	3.66477	0.600	30.9405
1399986001.061	n	12.9688	3.67102	0.591	30.9997
1399986001.122	n	12.9678	3.69118	0.584	31.1898
1399986001.185	n	12.9639	3.44448	0.569	28.8874
1399986001.248	n	12.9531	2.90205	0.563	23.9113
1399986001.310	n	12.9341	2.21306	0.554	17.7687
1399986001.374	n	12.9089	1.55768	0.542	12.1287
