Source File: D:\Storage\Programs\OOI\Group 5\Correspondence\07_18_14 sample files\files\11332908.PPB
Processed: 07/18/2014 12:28:15
Using Version: 1.11
Device: CTD
Start Date: 05/13/2014
Timestamp (s)	Suspect Timestamp	Temperature	Conductivity	Pressure	Salinity
1399964316.682	y	10.9732	3.62576	23.087	32.2467
1399964316.746	n	10.9735	3.62577	23.086	32.2465
1399964316.809	n	10.9740	3.62573	23.083	32.2458
1399964316.871	n	10.9735	3.62576	23.087	32.2465
1399964316.934	n	10.9740	3.62577	23.086	32.2462
1399964316.997	n	10.9750	3.62578	23.077	32.2454
1399964317.058	n	10.9754	3.62577	23.076	32.2449
1399964317.122	n	10.9743	3.62575	23.083	32.2457
1399964317.185	n	10.9747	3.62575	23.082	32.2455
1399964317.249	n	10.9750	3.62576	23.082	32.2452
1399964317.309	n	10.9754	3.62577	23.077	32.2450
1399964317.372	n	10.9758	3.62577	23.076	32.2447
1399964317.434	n	10.9762	3.62577	23.077	32.2443
1399964317.498	n	10.9766	3.62576	23.077	32.2439
1399964317.560	n	10.9770	3.62576	23.077	32.2435
1399964317.623	n	10.9775	3.62577	23.076	32.2431
1399964317.684	n	10.9778	3.62578	23.074	32.2429
1399964317.749	n	10.9782	3.62578	23.072	32.2426
1399964317.812	n	10.9786	3.62577	23.071	32.2422
1399964317.873	n	10.9789	3.62576	23.068	32.2418
1399964317.936	n	10.9793	3.62576	23.065	32.2415
1399964317.997	n	10.9797	3.62578	23.067	32.2413
1399964318.061	n	10.9801	3.62579	23.067	32.2410
1399964318.122	n	10.9805	3.62580	23.065	32.2408
1399964318.184	n	10.9809	3.62580	23.061	32.2405
1399964319.631	n	10.9813	3.62580	23.064	32.2401
1399964319.654	n	10.9818	3.62580	23.063	32.2397
1399964319.671	n	10.9823	3.62581	23.061	32.2393
1399964319.687	n	10.9828	3.62581	23.062	32.2389
1399964319.693	n	10.9833	3.62581	23.060	32.2384
1399964319.699	n	10.9838	3.62581	23.059	32.2380
1399964319.705	n	10.9844	3.62581	23.057	32.2375
1399964319.711	n	10.9850	3.62581	23.057	32.2370
1399964319.719	n	10.9855	3.62582	23.055	32.2366
1399964319.727	n	10.9861	3.62584	23.056	32.2362
1399964319.734	n	10.9867	3.62585	23.055	32.2358
1399964319.740	n	10.9873	3.62585	23.051	32.2352
1399964319.747	n	10.9880	3.62585	23.051	32.2347
1399964319.753	n	10.9885	3.62585	23.052	32.2342
1399964319.760	n	10.9891	3.62585	23.050	32.2337
1399964319.766	n	10.9897	3.62586	23.049	32.2333
1399964319.772	n	10.9903	3.62586	23.048	32.2328
1399964319.778	n	10.9909	3.62587	23.047	32.2323
1399964319.785	n	10.9916	3.62587	23.048	32.2317
1399964319.791	n	10.9922	3.62587	23.046	32.2313
1399964319.797	n	10.9928	3.62588	23.044	32.2308
1399964319.803	n	10.9935	3.62588	23.045	32.2302
1399964319.810	n	10.9941	3.62589	23.042	32.2298
1399964319.815	n	10.9947	3.62590	23.041	32.2293
1399964319.821	n	10.9952	3.62590	23.040	32.2288
1399964319.825	n	10.9958	3.62590	23.038	32.2283
1399964319.873	n	10.9964	3.62590	23.039	32.2278
1399964319.936	n	10.9971	3.62590	23.038	32.2272
1399964319.997	n	10.9977	3.62590	23.041	32.2267
1399964320.060	n	10.9982	3.62591	23.035	32.2263
1399964320.123	n	10.9988	3.62591	23.037	32.2258
1399964320.198	n	10.9994	3.62592	23.039	32.2254
1399964320.247	n	11.0000	3.62594	23.038	32.2251
1399964320.310	n	11.0005	3.62595	23.038	32.2247
1399964320.372	n	11.0011	3.62595	23.036	32.2242
1399964320.435	n	11.0017	3.62595	23.033	32.2237
1399964320.499	n	11.0023	3.62594	23.032	32.2231
1399964320.562	n	11.0028	3.62595	23.032	32.2227
1399964320.622	n	11.0034	3.62595	23.030	32.2222
1399964320.686	n	11.0039	3.62596	23.033	32.2219
1399964320.747	n	11.0044	3.62597	23.030	32.2214
1399964320.809	n	11.0049	3.62596	23.028	32.2210
1399964320.872	n	11.0054	3.62596	23.028	32.2205
1399964320.936	n	11.0059	3.62597	23.033	32.2201
1399964321.000	n	11.0064	3.62598	23.029	32.2198
1399964321.062	n	11.0069	3.62599	23.030	32.2194
1399964321.123	n	11.0075	3.62599	23.030	32.2190
1399964321.185	n	11.0080	3.62599	23.029	32.2186
1399964321.249	n	11.0085	3.62599	23.029	32.2182
1399964321.311	n	11.0089	3.62600	23.029	32.2178
1399964321.373	n	11.0094	3.62600	23.028	32.2174
1399964321.436	n	11.0098	3.62600	23.028	32.2170
1399964321.499	n	11.0103	3.62600	23.027	32.2167
1399964321.562	n	11.0108	3.62601	23.027	32.2163
1399964321.624	n	11.0113	3.62601	23.030	32.2159
1399964321.685	n	11.0118	3.62602	23.028	32.2155
1399964321.749	n	11.0123	3.62602	23.028	32.2151
1399964321.811	n	11.0127	3.62602	23.025	32.2147
1399964321.873	n	11.0131	3.62602	23.025	32.2144
1399964321.935	n	11.0134	3.62603	23.026	32.2142
1399964321.999	n	11.0138	3.62602	23.030	32.2138
1399964322.061	n	11.0142	3.62603	23.028	32.2135
1399964322.122	n	11.0146	3.62603	23.027	32.2132
1399964322.184	n	11.0150	3.62604	23.026	32.2129
1399964322.249	n	11.0154	3.62605	23.025	32.2126
1399964322.311	n	11.0157	3.62606	23.025	32.2125
1399964322.372	y	11.0160	3.62606	23.023	32.2122
1399964322.435	n	11.0164	3.62606	23.026	32.2120
1399964322.499	n	11.0167	3.62606	23.026	32.2116
1399964322.561	n	11.0171	3.62607	23.022	32.2113
1399964322.622	n	11.0174	3.62607	23.025	32.2111
1399964322.686	n	11.0177	3.62607	23.028	32.2109
1399964322.748	n	11.0179	3.62608	23.030	32.2107
1399964322.810	n	11.0182	3.62608	23.029	32.2105
1399964322.872	n	11.0185	3.62608	23.025	32.2102
1399964322.937	n	11.0188	3.62607	23.030	32.2099
1399964323.000	n	11.0191	3.62606	23.030	32.2096
1399964323.060	y	11.0194	3.62606	23.029	32.2092
1399964323.160	n	11.0197	3.62605	23.027	32.2089
1399964323.186	n	11.0200	3.62606	23.028	32.2087
1399964323.248	n	11.0202	3.62605	23.031	32.2085
1399964323.310	n	11.0204	3.62606	23.032	32.2083
1399964323.372	n	11.0205	3.62605	23.033	32.2082
1399964323.436	n	11.0206	3.62606	23.033	32.2081
1399964323.498	n	11.0208	3.62606	23.033	32.2081
1399964323.560	n	11.0210	3.62606	23.032	32.2079
1399964323.624	n	11.0211	3.62606	23.034	32.2078
1399964323.685	n	11.0212	3.62606	23.035	32.2076
1399964323.750	n	11.0213	3.62606	23.035	32.2076
1399964323.812	n	11.0214	3.62608	23.035	32.2077
1399964323.873	n	11.0214	3.62609	23.035	32.2078
1399964323.936	n	11.0214	3.62610	23.037	32.2079
1399964324.000	n	11.0214	3.62611	23.040	32.2079
1399964324.061	n	11.0215	3.62610	23.044	32.2078
1399964324.123	n	11.0215	3.62610	23.042	32.2079
1399964324.185	n	11.0214	3.62611	23.040	32.2079
1399964324.250	n	11.0214	3.62611	23.041	32.2080
1399964324.311	n	11.0213	3.62611	23.041	32.2080
1399964324.373	n	11.0212	3.62610	23.044	32.2080
1399964324.436	n	11.0211	3.62610	23.045	32.2081
1399964324.500	n	11.0211	3.62610	23.051	32.2082
1399964324.560	n	11.0210	3.62610	23.049	32.2082
1399964324.623	n	11.0211	3.62610	23.046	32.2082
1399964324.685	n	11.0211	3.62610	23.049	32.2081
1399964324.750	n	11.0211	3.62609	23.052	32.2080
1399964324.811	n	11.0211	3.62609	23.051	32.2080
1399964324.873	n	11.0211	3.62609	23.053	32.2081
1399964324.935	n	11.0211	3.62610	23.058	32.2081
1399964324.999	n	11.0211	3.62609	23.053	32.2080
1399964325.060	n	11.0212	3.62608	23.060	32.2079
1399964325.123	n	11.0212	3.62608	23.059	32.2078
1399964325.185	n	11.0213	3.62607	23.061	32.2077
1399964325.249	n	11.0214	3.62608	23.063	32.2077
1399964325.310	n	11.0214	3.62609	23.065	32.2077
1399964325.373	n	11.0215	3.62610	23.067	32.2077
1399964325.435	n	11.0216	3.62610	23.068	32.2077
1399964325.497	n	11.0216	3.62611	23.068	32.2077
1399964325.559	n	11.0217	3.62610	23.073	32.2076
1399964325.623	n	11.0218	3.62610	23.075	32.2075
1399964325.686	n	11.0219	3.62610	23.072	32.2074
1399964325.748	n	11.0220	3.62610	23.078	32.2073
1399964325.842	n	11.0222	3.62610	23.079	32.2072
1399964325.873	n	11.0223	3.62610	23.081	32.2071
1399964325.935	n	11.0224	3.62609	23.080	32.2069
1399964325.999	n	11.0225	3.62609	23.083	32.2067
1399964326.085	y	11.0226	3.62609	23.084	32.2066
1399964326.123	n	11.0228	3.62610	23.084	32.2066
1399964326.186	n	11.0229	3.62611	23.087	32.2066
1399964326.248	n	11.0231	3.62612	23.088	32.2066
1399964326.310	n	11.0232	3.62613	23.089	32.2065
1399964326.373	y	11.0233	3.62613	23.092	32.2065
1399964326.434	n	11.0233	3.62613	23.092	32.2064
1399964326.498	n	11.0235	3.62613	23.090	32.2063
1399964326.559	n	11.0236	3.62613	23.092	32.2061
1399964326.623	n	11.0238	3.62613	23.091	32.2060
1399964326.685	n	11.0240	3.62613	23.091	32.2059
1399964326.748	n	11.0242	3.62613	23.092	32.2058
1399964326.809	n	11.0243	3.62615	23.088	32.2058
1399964326.872	n	11.0244	3.62615	23.088	32.2057
1399964326.934	n	11.0246	3.62616	23.086	32.2056
1399964326.998	n	11.0248	3.62616	23.086	32.2055
1399964327.059	n	11.0250	3.62616	23.083	32.2054
1399964327.123	n	11.0251	3.62617	23.084	32.2053
1399964327.184	n	11.0253	3.62617	23.080	32.2051
1399964327.248	n	11.0255	3.62617	23.075	32.2049
1399964327.439	y	11.0257	3.62616	23.073	32.2047
1399964327.446	n	11.0260	3.62616	23.070	32.2045
1399964327.453	n	11.0262	3.62617	23.066	32.2044
1399964327.498	n	11.0264	3.62617	23.061	32.2042
1399964327.560	n	11.0266	3.62618	23.059	32.2041
1399964327.996	n	11.0268	3.62618	23.055	32.2039
1399964328.011	n	11.0271	3.62617	23.053	32.2036
1399964328.017	n	11.0274	3.62618	23.050	32.2034
1399964328.030	n	11.0277	3.62618	23.042	32.2031
1399964328.036	n	11.0281	3.62618	23.038	32.2028
1399964328.042	n	11.0284	3.62618	23.033	32.2026
1399964328.048	n	11.0287	3.62618	23.028	32.2023
1399964328.059	n	11.0290	3.62618	23.021	32.2019
1399964328.123	n	11.0294	3.62619	23.017	32.2017
1399964328.184	n	11.0298	3.62618	23.011	32.2014
1399964328.248	n	11.0301	3.62619	23.002	32.2011
1399964328.311	n	11.0305	3.62619	22.993	32.2008
1399964328.372	n	11.0309	3.62619	22.988	32.2004
1399964328.435	n	11.0313	3.62619	22.983	32.2001
1399964328.499	n	11.0316	3.62619	22.971	32.1998
1399964328.560	n	11.0320	3.62618	22.962	32.1994
1399964328.623	n	11.0324	3.62617	22.956	32.1990
1399964328.685	n	11.0328	3.62615	22.947	32.1985
1399964328.749	n	11.0332	3.62614	22.936	32.1980
1399964328.810	n	11.0336	3.62614	22.926	32.1975
1399964328.872	n	11.0340	3.62613	22.919	32.1972
1399964328.934	n	11.0344	3.62614	22.909	32.1969
1399964328.997	n	11.0348	3.62614	22.901	32.1965
1399964329.060	n	11.0353	3.62614	22.888	32.1961
1399964329.122	n	11.0357	3.62614	22.874	32.1958
1399964329.185	n	11.0362	3.62614	22.866	32.1953
1399964329.249	n	11.0367	3.62614	22.856	32.1950
1399964329.310	n	11.0371	3.62614	22.843	32.1946
1399964329.372	n	11.0374	3.62614	22.830	32.1943
1399964329.434	n	11.0378	3.62613	22.816	32.1939
1399964329.499	n	11.0382	3.62612	22.805	32.1934
1399964329.559	n	11.0387	3.62611	22.790	32.1929
1399964329.635	y	11.0392	3.62610	22.777	32.1924
1399964329.685	n	11.0397	3.62609	22.767	32.1919
1399964329.747	n	11.0402	3.62609	22.752	32.1915
1399964329.810	n	11.0407	3.62609	22.736	32.1910
1399964329.873	n	11.0411	3.62608	22.723	32.1905
1399964329.934	n	11.0416	3.62606	22.707	32.1899
1399964329.999	n	11.0421	3.62606	22.690	32.1894
1399964330.060	n	11.0427	3.62605	22.677	32.1888
1399964330.123	n	11.0433	3.62606	22.663	32.1884
1399964330.186	n	11.0438	3.62606	22.646	32.1879
1399964330.247	n	11.0444	3.62606	22.630	32.1874
1399964330.311	n	11.0450	3.62605	22.612	32.1868
1399964330.373	n	11.0456	3.62604	22.596	32.1862
1399964330.436	n	11.0462	3.62603	22.580	32.1856
1399964330.498	n	11.0468	3.62603	22.566	32.1851
1399964330.560	n	11.0474	3.62603	22.549	32.1846
1399964330.622	n	11.0480	3.62603	22.532	32.1840
1399964330.684	n	11.0487	3.62602	22.516	32.1834
1399964330.747	n	11.0493	3.62601	22.495	32.1828
1399964330.810	n	11.0500	3.62600	22.478	32.1821
1399964330.873	n	11.0506	3.62600	22.458	32.1815
1399964330.936	n	11.0513	3.62600	22.440	32.1810
1399964330.997	n	11.0520	3.62600	22.422	32.1804
1399964331.060	n	11.0527	3.62600	22.405	32.1797
1399964331.123	n	11.0535	3.62598	22.386	32.1788
1399964331.186	n	11.0543	3.62597	22.365	32.1780
1399964331.248	n	11.0552	3.62596	22.344	32.1772
1399964331.311	n	11.0560	3.62596	22.327	32.1764
1399964331.372	n	11.0569	3.62596	22.309	32.1757
1399964331.436	n	11.0577	3.62596	22.288	32.1749
1399964331.498	n	11.0587	3.62595	22.268	32.1740
1399964331.785	y	11.0597	3.62594	22.250	32.1731
1399964331.793	n	11.0607	3.62594	22.230	32.1722
1399964331.799	n	11.0619	3.62594	22.209	32.1711
1399964331.806	n	11.0630	3.62593	22.184	32.1701
1399964331.811	n	11.0641	3.62593	22.166	32.1691
1399964331.873	n	11.0653	3.62593	22.146	32.1681
1399964331.936	n	11.0666	3.62593	22.125	32.1670
1399964331.999	n	11.0678	3.62593	22.105	32.1659
1399964332.060	n	11.0692	3.62594	22.086	32.1648
1399964332.122	n	11.0705	3.62593	22.067	32.1636
1399964332.184	n	11.0719	3.62593	22.047	32.1624
1399964332.249	n	11.0733	3.62593	22.025	32.1611
1399964332.311	n	11.0747	3.62592	22.003	32.1599
1399964332.372	n	11.0760	3.62591	21.983	32.1586
1399964332.434	n	11.0774	3.62591	21.961	32.1574
1399964332.499	n	11.0788	3.62590	21.941	32.1561
1399964332.560	n	11.0802	3.62589	21.919	32.1547
1399964332.622	n	11.0817	3.62589	21.899	32.1535
1399964332.685	n	11.0831	3.62589	21.878	32.1523
1399964332.747	n	11.0846	3.62589	21.857	32.1510
1399964332.809	n	11.0860	3.62590	21.836	32.1498
1399964332.872	n	11.0876	3.62589	21.816	32.1484
1399964332.934	n	11.0891	3.62588	21.795	32.1470
1399964332.999	n	11.0907	3.62588	21.776	32.1456
1399964333.060	n	11.0923	3.62588	21.753	32.1442
1399964333.123	n	11.0940	3.62588	21.733	32.1427
1399964333.184	n	11.0955	3.62588	21.711	32.1414
1399964333.249	n	11.0971	3.62588	21.691	32.1400
1399964333.310	y	11.0987	3.62588	21.671	32.1386
1399964333.373	n	11.1003	3.62588	21.651	32.1372
1399964333.435	n	11.1018	3.62588	21.632	32.1359
1399964333.498	n	11.1034	3.62588	21.612	32.1346
1399964333.559	n	11.1049	3.62588	21.593	32.1333
1399964333.623	n	11.1064	3.62587	21.569	32.1319
1399964333.686	n	11.1079	3.62586	21.552	32.1304
1399964333.748	n	11.1094	3.62585	21.528	32.1291
1399964333.811	n	11.1109	3.62586	21.511	32.1278
1399964333.873	n	11.1124	3.62586	21.492	32.1265
1399964333.935	n	11.1139	3.62586	21.470	32.1252
1399964333.997	n	11.1154	3.62585	21.451	32.1238
1399964334.060	n	11.1169	3.62584	21.434	32.1224
1399964334.122	n	11.1184	3.62582	21.415	32.1209
1399964334.184	n	11.1199	3.62582	21.398	32.1196
1399964334.248	n	11.1214	3.62582	21.377	32.1182
1399964334.309	n	11.1230	3.62582	21.359	32.1170
1399964334.372	n	11.1245	3.62582	21.340	32.1156
1399964334.435	n	11.1260	3.62582	21.318	32.1143
1399964334.498	n	11.1276	3.62582	21.299	32.1129
1399964334.561	n	11.1291	3.62582	21.282	32.1116
1399964334.623	n	11.1306	3.62582	21.264	32.1103
1399964334.685	n	11.1322	3.62582	21.245	32.1090
1399964334.748	n	11.1337	3.62582	21.231	32.1076
1399964334.810	n	11.1352	3.62581	21.212	32.1062
1399964334.872	n	11.1367	3.62580	21.189	32.1048
1399964334.935	n	11.1382	3.62579	21.174	32.1035
1399964334.999	n	11.1397	3.62579	21.158	32.1022
1399964335.060	n	11.1412	3.62580	21.142	32.1009
1399964335.122	n	11.1427	3.62579	21.124	32.0996
1399964335.186	n	11.1442	3.62578	21.106	32.0982
1399964335.247	n	11.1457	3.62577	21.091	32.0968
1399964335.311	n	11.1472	3.62577	21.071	32.0955
1399964335.373	n	11.1487	3.62578	21.058	32.0942
1399964335.435	n	11.1501	3.62578	21.041	32.0930
1399964335.499	n	11.1516	3.62578	21.027	32.0918
1399964335.560	n	11.1530	3.62579	21.007	32.0905
1399964335.623	n	11.1544	3.62578	20.989	32.0892
1399964335.685	n	11.1558	3.62577	20.970	32.0879
1399964335.748	n	11.1573	3.62576	20.956	32.0867
1399964335.946	y	11.1587	3.62576	20.940	32.0854
1399964335.954	n	11.1600	3.62576	20.925	32.0842
1399964335.959	n	11.1614	3.62577	20.909	32.0830
1399964335.999	n	11.1628	3.62576	20.892	32.0818
1399964336.060	n	11.1642	3.62576	20.878	32.0806
1399964336.122	n	11.1655	3.62576	20.860	32.0794
1399964336.185	n	11.1668	3.62576	20.850	32.0783
1399964336.247	n	11.1682	3.62576	20.833	32.0772
1399964336.310	n	11.1695	3.62576	20.814	32.0760
1399964336.372	n	11.1709	3.62576	20.800	32.0748
1399964336.435	n	11.1723	3.62575	20.785	32.0735
1399964336.498	n	11.1736	3.62574	20.770	32.0723
1399964336.562	n	11.1748	3.62574	20.755	32.0711
1399964336.623	n	11.1761	3.62574	20.741	32.0700
1399964336.685	n	11.1774	3.62573	20.724	32.0689
1399964336.747	n	11.1786	3.62572	20.710	32.0677
1399964336.809	n	11.1798	3.62571	20.699	32.0666
1399964336.872	n	11.1809	3.62571	20.681	32.0656
1399964336.936	n	11.1821	3.62570	20.665	32.0646
1399964337.013	y	11.1832	3.62571	20.650	32.0636
1399964337.060	n	11.1844	3.62572	20.636	32.0626
1399964337.122	n	11.1856	3.62571	20.622	32.0616
1399964337.184	n	11.1868	3.62571	20.610	32.0606
1399964337.247	n	11.1878	3.62572	20.596	32.0597
1399964337.309	n	11.1889	3.62572	20.579	32.0588
1399964337.372	n	11.1899	3.62572	20.561	32.0580
1399964337.434	n	11.1908	3.62571	20.547	32.0571
1399964337.497	n	11.1918	3.62570	20.530	32.0561
1399964337.560	n	11.1929	3.62569	20.520	32.0551
1399964337.622	n	11.1939	3.62569	20.505	32.0542
1399964337.684	n	11.1948	3.62568	20.489	32.0533
1399964337.750	n	11.1958	3.62569	20.476	32.0525
1399964337.810	n	11.1968	3.62569	20.460	32.0517
1399964337.874	n	11.1978	3.62570	20.446	32.0509
1399964337.934	n	11.1987	3.62569	20.430	32.0501
1399964337.999	n	11.1996	3.62569	20.417	32.0492
1399964338.060	n	11.2005	3.62568	20.403	32.0484
1399964338.122	n	11.2014	3.62568	20.387	32.0476
1399964338.184	n	11.2023	3.62567	20.372	32.0468
1399964338.248	n	11.2032	3.62567	20.355	32.0459
1399964338.310	n	11.2040	3.62566	20.340	32.0451
1399964338.372	n	11.2049	3.62565	20.329	32.0443
1399964338.435	n	11.2057	3.62565	20.314	32.0436
1399964338.498	n	11.2065	3.62565	20.298	32.0429
1399964338.561	n	11.2074	3.62564	20.284	32.0421
1399964338.622	n	11.2082	3.62565	20.272	32.0415
1399964338.684	n	11.2089	3.62566	20.255	32.0409
1399964338.748	n	11.2096	3.62566	20.239	32.0403
1399964338.811	n	11.2103	3.62566	20.225	32.0397
1399964338.873	n	11.2110	3.62566	20.211	32.0391
1399964338.936	n	11.2118	3.62566	20.195	32.0384
1399964339.082	y	11.2125	3.62566	20.181	32.0378
1399964339.088	n	11.2133	3.62566	20.165	32.0372
1399964339.123	n	11.2140	3.62566	20.152	32.0366
1399964339.186	n	11.2147	3.62566	20.131	32.0360
1399964339.247	n	11.2153	3.62566	20.117	32.0355
1399964339.309	n	11.2159	3.62566	20.107	32.0350
1399964339.373	n	11.2164	3.62566	20.090	32.0345
1399964339.435	n	11.2170	3.62566	20.074	32.0340
1399964339.497	n	11.2175	3.62565	20.061	32.0335
1399964339.559	n	11.2180	3.62567	20.047	32.0332
1399964339.622	n	11.2185	3.62568	20.029	32.0329
1399964339.684	n	11.2189	3.62570	20.010	32.0327
1399964339.749	n	11.2193	3.62570	19.997	32.0324
1399964339.811	n	11.2197	3.62570	19.982	32.0321
1399964339.873	n	11.2201	3.62569	19.965	32.0317
1399964339.935	n	11.2204	3.62569	19.948	32.0314
1399964339.998	n	11.2207	3.62570	19.937	32.0312
1399964340.185	y	11.2210	3.62570	19.923	32.0309
1399964340.192	n	11.2214	3.62569	19.905	32.0306
1399964340.203	n	11.2217	3.62568	19.887	32.0302
1399964340.247	n	11.2220	3.62566	19.868	32.0298
1399964340.311	n	11.2222	3.62565	19.852	32.0295
1399964340.373	n	11.2224	3.62565	19.839	32.0293
1399964340.436	n	11.2227	3.62566	19.823	32.0291
1399964340.497	n	11.2230	3.62566	19.804	32.0288
1399964340.559	n	11.2232	3.62565	19.790	32.0286
1399964340.623	y	11.2234	3.62564	19.772	32.0284
1399964340.686	n	11.2235	3.62564	19.756	32.0283
1399964340.747	n	11.2237	3.62564	19.740	32.0281
1399964340.811	n	11.2238	3.62564	19.721	32.0280
1399964340.873	n	11.2239	3.62563	19.703	32.0278
1399964340.936	n	11.2240	3.62563	19.687	32.0277
1399964340.997	n	11.2241	3.62563	19.669	32.0277
1399964341.060	n	11.2241	3.62563	19.651	32.0277
1399964341.123	n	11.2241	3.62563	19.638	32.0277
1399964341.186	n	11.2242	3.62563	19.622	32.0277
1399964341.248	n	11.2241	3.62563	19.602	32.0276
1399964341.311	n	11.2240	3.62563	19.584	32.0278
1399964341.372	n	11.2240	3.62564	19.567	32.0279
1399964341.434	n	11.2238	3.62564	19.552	32.0281
1399964341.498	n	11.2237	3.62564	19.534	32.0282
1399964341.560	n	11.2234	3.62563	19.515	32.0283
1399964341.623	n	11.2230	3.62562	19.495	32.0286
1399964341.685	n	11.2224	3.62562	19.476	32.0292
1399964341.748	n	11.2215	3.62561	19.459	32.0299
1399964341.810	n	11.2205	3.62562	19.440	32.0307
1399964341.872	n	11.2195	3.62562	19.421	32.0317
1399964341.935	n	11.2185	3.62561	19.406	32.0325
1399964341.997	n	11.2175	3.62561	19.384	32.0333
1399964342.060	n	11.2166	3.62560	19.367	32.0340
1399964342.123	n	11.2156	3.62559	19.350	32.0348
1399964342.186	n	11.2147	3.62559	19.331	32.0357
1399964342.248	n	11.2136	3.62560	19.309	32.0366
1399964342.311	n	11.2126	3.62560	19.292	32.0375
1399964342.372	n	11.2115	3.62559	19.273	32.0385
1399964342.434	n	11.2104	3.62559	19.249	32.0394
1399964342.498	n	11.2094	3.62559	19.235	32.0403
1399964342.561	n	11.2084	3.62559	19.214	32.0412
1399964342.623	n	11.2074	3.62559	19.195	32.0421
1399964342.685	n	11.2064	3.62559	19.174	32.0429
1399964342.749	n	11.2054	3.62558	19.154	32.0437
1399964342.810	n	11.2045	3.62558	19.139	32.0445
1399964342.872	n	11.2036	3.62558	19.116	32.0452
1399964342.936	n	11.2027	3.62558	19.094	32.0460
1399964342.998	n	11.2017	3.62558	19.071	32.0469
1399964343.060	n	11.2004	3.62558	19.055	32.0480
1399964343.122	n	11.1990	3.62558	19.031	32.0492
1399964343.190	n	11.1976	3.62558	19.014	32.0505
1399964343.248	n	11.1967	3.62559	18.993	32.0513
1399964343.310	n	11.1967	3.62559	18.975	32.0514
1399964343.372	n	11.1981	3.62560	18.951	32.0503
1399964343.435	n	11.2010	3.62562	18.928	32.0479
1399964343.498	n	11.2052	3.62563	18.911	32.0444
1399964343.561	n	11.2102	3.62564	18.890	32.0402
1399964343.623	n	11.2156	3.62565	18.864	32.0356
1399964343.685	n	11.2208	3.62567	18.846	32.0313
1399964343.749	n	11.2254	3.62568	18.825	32.0273
1399964343.809	n	11.2295	3.62569	18.803	32.0239
1399964343.873	n	11.2329	3.62570	18.783	32.0211
1399964343.936	n	11.2355	3.62571	18.760	32.0189
1399964343.997	n	11.2373	3.62571	18.738	32.0174
1399964344.060	n	11.2385	3.62572	18.718	32.0164
1399964344.123	n	11.2391	3.62572	18.697	32.0159
1399964344.185	n	11.2392	3.62571	18.675	32.0158
1399964344.248	n	11.2387	3.62570	18.654	32.0162
1399964344.433	y	11.2377	3.62570	18.630	32.0169
1399964344.516	y	11.2365	3.62570	18.607	32.0181
1399964344.523	n	11.2350	3.62570	18.585	32.0194
1399964344.530	n	11.2334	3.62571	18.565	32.0208
1399964344.559	n	11.2318	3.62571	18.542	32.0223
1399964344.623	n	11.2302	3.62571	18.522	32.0237
1399964344.686	n	11.2286	3.62571	18.500	32.0251
1399964344.747	n	11.2271	3.62570	18.477	32.0263
1399964344.811	n	11.2259	3.62570	18.455	32.0273
1399964344.873	n	11.2249	3.62569	18.435	32.0281
1399964344.936	n	11.2242	3.62569	18.410	32.0287
1399964344.998	n	11.2238	3.62569	18.391	32.0290
1399964345.061	n	11.2237	3.62569	18.366	32.0292
1399964345.123	n	11.2238	3.62569	18.345	32.0290
1399964345.187	n	11.2242	3.62569	18.324	32.0287
1399964345.249	n	11.2248	3.62569	18.301	32.0282
1399964345.309	n	11.2257	3.62570	18.279	32.0275
1399964345.372	n	11.2269	3.62570	18.255	32.0266
1399964345.436	n	11.2283	3.62570	18.235	32.0254
1399964345.498	n	11.2299	3.62570	18.215	32.0240
1399964345.560	n	11.2317	3.62570	18.191	32.0224
1399964345.622	n	11.2337	3.62571	18.169	32.0208
1399964345.684	n	11.2357	3.62572	18.149	32.0191
1399964345.749	n	11.2380	3.62573	18.128	32.0173
1399964345.811	n	11.2403	3.62575	18.110	32.0154
1399964345.872	n	11.2426	3.62576	18.087	32.0135
1399964345.936	n	11.2451	3.62578	18.064	32.0116
1399964345.997	n	11.2476	3.62579	18.044	32.0095
1399964346.060	n	11.2502	3.62579	18.023	32.0073
1399964346.123	n	11.2529	3.62579	18.000	32.0049
1399964346.186	n	11.2556	3.62578	17.981	32.0025
1399964346.249	n	11.2584	3.62577	17.959	32.0000
1399964346.309	n	11.2612	3.62578	17.936	31.9977
1399964346.372	n	11.2641	3.62579	17.917	31.9953
1399964346.434	n	11.2669	3.62580	17.895	31.9929
1399964346.499	n	11.2698	3.62580	17.872	31.9905
1399964346.562	n	11.2727	3.62581	17.854	31.9880
1399964346.622	n	11.2757	3.62583	17.834	31.9856
1399964346.687	n	11.2787	3.62586	17.815	31.9833
1399964346.748	n	11.2817	3.62588	17.792	31.9809
1399964346.811	n	11.2847	3.62589	17.770	31.9784
1399964346.873	n	11.2877	3.62589	17.749	31.9758
1399964346.936	n	11.2907	3.62588	17.729	31.9732
1399964346.997	n	11.2936	3.62589	17.709	31.9707
1399964347.060	n	11.2966	3.62590	17.688	31.9682
1399964347.123	n	11.2996	3.62590	17.667	31.9657
1399964347.186	n	11.3026	3.62591	17.647	31.9632
1399964347.249	n	11.3056	3.62592	17.631	31.9606
1399964347.311	n	11.3085	3.62593	17.606	31.9582
1399964347.373	n	11.3114	3.62594	17.590	31.9558
1399964347.436	n	11.3143	3.62596	17.569	31.9535
1399964347.498	n	11.3172	3.62597	17.549	31.9511
1399964347.560	n	11.3201	3.62597	17.532	31.9487
1399964347.622	n	11.3230	3.62597	17.507	31.9462
1399964347.685	n	11.3258	3.62597	17.483	31.9437
1399964347.748	n	11.3288	3.62598	17.468	31.9413
1399964347.811	n	11.3317	3.62599	17.449	31.9389
1399964347.873	n	11.3345	3.62601	17.430	31.9365
1399964347.935	y	11.3374	3.62602	17.409	31.9342
1399964347.997	n	11.3402	3.62603	17.390	31.9319
1399964348.060	n	11.3429	3.62604	17.370	31.9296
1399964348.122	n	11.3456	3.62605	17.356	31.9274
1399964348.185	n	11.3484	3.62606	17.332	31.9251
1399964348.248	n	11.3512	3.62606	17.314	31.9227
1399964348.311	n	11.3539	3.62607	17.295	31.9205
1399964348.374	n	11.3567	3.62609	17.275	31.9182
1399964348.436	n	11.3594	3.62609	17.254	31.9159
1399964348.497	n	11.3621	3.62609	17.240	31.9136
1399964348.781	y	11.3647	3.62609	17.220	31.9114
1399964348.789	n	11.3673	3.62609	17.198	31.9091
1399964348.794	n	11.3700	3.62610	17.182	31.9069
1399964348.799	n	11.3726	3.62611	17.162	31.9047
1399964348.810	n	11.3752	3.62611	17.144	31.9026
1399964348.873	n	11.3778	3.62612	17.124	31.9004
1399964348.936	n	11.3804	3.62614	17.104	31.8983
1399964348.997	n	11.3830	3.62616	17.083	31.8963
1399964349.060	n	11.3856	3.62617	17.066	31.8941
1399964349.122	n	11.3883	3.62618	17.048	31.8920
1399964349.186	n	11.3908	3.62618	17.031	31.8898
1399964349.248	n	11.3934	3.62619	17.014	31.8877
1399964349.309	n	11.3959	3.62620	16.994	31.8856
1399964349.373	n	11.3984	3.62620	16.976	31.8835
1399964349.435	n	11.4009	3.62621	16.957	31.8813
1399964349.498	n	11.4035	3.62621	16.938	31.8792
1399964349.562	n	11.4061	3.62621	16.920	31.8769
1399964349.622	n	11.4086	3.62622	16.900	31.8748
1399964349.685	n	11.4112	3.62623	16.881	31.8727
1399964349.749	n	11.4137	3.62624	16.860	31.8706
1399964349.811	n	11.4161	3.62625	16.844	31.8687
1399964349.873	n	11.4185	3.62626	16.826	31.8667
1399964349.936	n	11.4209	3.62626	16.808	31.8647
1399964349.998	n	11.4233	3.62626	16.789	31.8627
1399964350.059	n	11.4257	3.62626	16.772	31.8606
1399964350.123	n	11.4281	3.62625	16.754	31.8585
1399964350.185	n	11.4305	3.62626	16.734	31.8565
1399964350.248	n	11.4328	3.62628	16.720	31.8546
1399964350.310	n	11.4352	3.62629	16.703	31.8527
1399964350.373	n	11.4376	3.62631	16.681	31.8508
1399964350.436	n	11.4399	3.62632	16.664	31.8489
1399964350.498	n	11.4422	3.62632	16.646	31.8470
1399964350.560	n	11.4444	3.62633	16.622	31.8452
1399964350.623	n	11.4467	3.62634	16.609	31.8433
1399964350.687	n	11.4489	3.62634	16.591	31.8414
1399964350.748	n	11.4511	3.62633	16.573	31.8395
1399964350.811	n	11.4531	3.62632	16.556	31.8377
1399964350.874	n	11.4551	3.62633	16.538	31.8360
1399964350.937	n	11.4571	3.62633	16.522	31.8343
1399964350.998	n	11.4591	3.62634	16.504	31.8327
1399964351.061	n	11.4611	3.62635	16.487	31.8311
1399964351.123	n	11.4630	3.62636	16.468	31.8295
1399964351.185	n	11.4650	3.62636	16.449	31.8279
1399964351.248	n	11.4670	3.62636	16.428	31.8262
1399964351.311	n	11.4689	3.62636	16.411	31.8245
1399964351.373	n	11.4708	3.62636	16.394	31.8229
1399964351.437	n	11.4727	3.62637	16.377	31.8213
1399964351.498	n	11.4745	3.62637	16.360	31.8197
1399964351.560	n	11.4764	3.62637	16.342	31.8182
1399964351.624	y	11.4782	3.62638	16.325	31.8167
1399964351.685	n	11.4800	3.62638	16.309	31.8152
1399964351.748	n	11.4817	3.62639	16.289	31.8138
1399964351.811	n	11.4834	3.62640	16.270	31.8124
1399964351.872	n	11.4851	3.62641	16.253	31.8111
1399964351.935	n	11.4867	3.62642	16.238	31.8099
1399964351.999	n	11.4884	3.62644	16.222	31.8086
1399964352.061	n	11.4900	3.62644	16.202	31.8073
1399964352.123	n	11.4915	3.62645	16.181	31.8060
1399964352.185	n	11.4930	3.62644	16.168	31.8047
1399964352.249	n	11.4944	3.62643	16.151	31.8034
1399964352.310	n	11.4958	3.62643	16.134	31.8022
1399964352.372	n	11.4971	3.62644	16.114	31.8011
1399964352.435	n	11.4984	3.62644	16.094	31.8000
1399964352.499	n	11.4997	3.62645	16.079	31.7990
1399964352.560	n	11.5010	3.62646	16.063	31.7980
1399964352.622	n	11.5022	3.62647	16.044	31.7971
1399964352.685	n	11.5034	3.62648	16.026	31.7961
1399964352.747	n	11.5046	3.62648	16.008	31.7952
1399964352.947	y	11.5057	3.62647	15.989	31.7941
1399964352.953	n	11.5068	3.62646	15.971	31.7931
1399964352.961	n	11.5079	3.62645	15.957	31.7921
1399964352.998	n	11.5089	3.62645	15.936	31.7911
1399964353.061	n	11.5100	3.62646	15.923	31.7904
1399964353.123	n	11.5110	3.62648	15.904	31.7897
1399964353.185	n	11.5120	3.62649	15.883	31.7889
1399964353.247	n	11.5131	3.62649	15.866	31.7880
1399964353.309	n	11.5140	3.62648	15.849	31.7871
1399964353.372	n	11.5150	3.62648	15.834	31.7862
1399964353.435	n	11.5159	3.62648	15.814	31.7854
1399964353.498	n	11.5169	3.62648	15.796	31.7847
1399964353.560	n	11.5178	3.62649	15.779	31.7840
1399964353.623	n	11.5188	3.62650	15.764	31.7832
1399964353.686	n	11.5198	3.62651	15.744	31.7825
1399964353.748	n	11.5208	3.62651	15.725	31.7816
1399964353.810	n	11.5218	3.62652	15.708	31.7809
1399964353.873	n	11.5227	3.62653	15.694	31.7802
1399964353.936	n	11.5236	3.62654	15.676	31.7796
1399964353.997	n	11.5244	3.62655	15.660	31.7790
1399964354.059	n	11.5252	3.62657	15.640	31.7785
1399964354.123	n	11.5260	3.62658	15.622	31.7779
1399964354.186	n	11.5267	3.62659	15.604	31.7774
1399964354.304	y	11.5274	3.62660	15.585	31.7770
1399964354.310	n	11.5280	3.62661	15.568	31.7765
1399964354.374	n	11.5285	3.62661	15.549	31.7761
1399964354.436	n	11.5290	3.62663	15.529	31.7758
1399964354.497	n	11.5294	3.62664	15.514	31.7755
1399964354.560	n	11.5298	3.62664	15.496	31.7753
1399964354.622	n	11.5301	3.62665	15.479	31.7751
1399964354.686	n	11.5304	3.62666	15.458	31.7750
1399964354.747	n	11.5306	3.62667	15.440	31.7750
1399964354.809	n	11.5307	3.62669	15.422	31.7750
1399964354.873	n	11.5307	3.62670	15.404	31.7751
1399964354.935	n	11.5307	3.62670	15.388	31.7752
1399964354.998	n	11.5304	3.62670	15.367	31.7754
1399964355.061	n	11.5301	3.62670	15.351	31.7757
1399964355.123	n	11.5297	3.62671	15.330	31.7761
1399964355.185	n	11.5292	3.62672	15.310	31.7766
1399964355.247	n	11.5288	3.62673	15.293	31.7771
1399964355.309	n	11.5283	3.62673	15.275	31.7776
1399964355.373	y	11.5277	3.62674	15.256	31.7781
1399964355.436	n	11.5270	3.62674	15.236	31.7788
1399964355.498	n	11.5263	3.62676	15.218	31.7796
1399964355.562	n	11.5254	3.62678	15.201	31.7805
1399964355.623	n	11.5245	3.62680	15.180	31.7814
1399964355.686	n	11.5237	3.62681	15.161	31.7824
1399964355.750	n	11.5227	3.62683	15.145	31.7833
1399964355.811	n	11.5218	3.62683	15.124	31.7841
1399964355.874	n	11.5209	3.62684	15.107	31.7850
1399964355.935	n	11.5199	3.62684	15.085	31.7859
1399964355.998	n	11.5188	3.62685	15.064	31.7869
1399964356.061	n	11.5176	3.62686	15.048	31.7881
1399964356.123	n	11.5160	3.62686	15.029	31.7894
1399964356.185	n	11.5143	3.62685	15.010	31.7909
1399964356.248	n	11.5123	3.62685	14.991	31.7925
1399964356.310	n	11.5102	3.62684	14.973	31.7943
1399964356.372	n	11.5079	3.62684	14.954	31.7963
1399964356.437	n	11.5054	3.62683	14.932	31.7983
1399964356.498	n	11.5027	3.62682	14.914	31.8005
1399964356.561	n	11.4999	3.62681	14.896	31.8028
1399964356.622	n	11.4969	3.62680	14.874	31.8053
1399964356.685	n	11.4940	3.62679	14.858	31.8077
1399964356.747	n	11.4912	3.62678	14.839	31.8101
1399964356.811	n	11.4884	3.62678	14.813	31.8124
1399964356.872	n	11.4856	3.62677	14.796	31.8148
1399964356.936	n	11.4828	3.62677	14.779	31.8172
1399964356.998	n	11.4800	3.62677	14.759	31.8197
1399964357.180	y	11.4771	3.62678	14.735	31.8222
1399964357.186	n	11.4745	3.62680	14.715	31.8247
1399964357.192	n	11.4720	3.62681	14.696	31.8269
1399964357.249	n	11.4698	3.62682	14.679	31.8289
1399964357.309	n	11.4677	3.62682	14.660	31.8307
1399964357.374	n	11.4659	3.62681	14.641	31.8322
1399964357.436	n	11.4642	3.62680	14.619	31.8336
1399964357.499	n	11.4627	3.62680	14.599	31.8349
1399964357.562	n	11.4615	3.62680	14.579	31.8359
1399964357.623	n	11.4605	3.62681	14.565	31.8369
1399964357.684	n	11.4597	3.62682	14.542	31.8376
1399964357.748	n	11.4590	3.62682	14.522	31.8383
1399964357.810	n	11.4582	3.62683	14.500	31.8391
1399964357.872	n	11.4572	3.62685	14.481	31.8401
1399964357.937	n	11.4561	3.62688	14.462	31.8414
1399964357.999	n	11.4550	3.62691	14.441	31.8426
1399964358.060	n	11.4541	3.62693	14.421	31.8436
1399964358.123	n	11.4532	3.62695	14.405	31.8445
1399964358.184	n	11.4523	3.62696	14.384	31.8455
1399964358.247	n	11.4512	3.62698	14.369	31.8466
1399964358.311	n	11.4499	3.62700	14.347	31.8479
1399964358.373	n	11.4484	3.62702	14.326	31.8495
1399964358.437	n	11.4467	3.62706	14.307	31.8513
1399964358.499	n	11.4449	3.62710	14.289	31.8532
1399964358.562	n	11.4430	3.62714	14.269	31.8553
1399964358.624	n	11.4411	3.62719	14.249	31.8574
1399964358.685	n	11.4393	3.62724	14.232	31.8595
1399964358.749	n	11.4375	3.62730	14.208	31.8616
1399964358.810	n	11.4357	3.62737	14.186	31.8638
1399964358.872	n	11.4339	3.62743	14.168	31.8660
1399964358.937	n	11.4320	3.62750	14.152	31.8683
1399964358.998	n	11.4302	3.62756	14.133	31.8705
1399964359.061	y	11.4286	3.62762	14.114	31.8725
1399964359.123	n	11.4272	3.62768	14.096	31.8743
1399964359.185	n	11.4262	3.62774	14.076	31.8757
1399964359.248	n	11.4253	3.62779	14.058	31.8770
1399964359.310	n	11.4244	3.62785	14.038	31.8783
1399964359.374	n	11.4236	3.62790	14.020	31.8796
1399964359.436	n	11.4227	3.62795	14.000	31.8808
1399964359.499	n	11.4218	3.62799	13.981	31.8819
1399964359.560	n	11.4208	3.62801	13.962	31.8831
1399964359.622	n	11.4196	3.62804	13.943	31.8844
1399964359.686	n	11.4181	3.62806	13.924	31.8859
1399964359.748	n	11.4166	3.62809	13.904	31.8875
1399964359.811	n	11.4149	3.62811	13.889	31.8891
1399964359.873	n	11.4133	3.62813	13.872	31.8907
1399964359.935	n	11.4118	3.62816	13.850	31.8923
1399964359.997	n	11.4104	3.62819	13.833	31.8938
1399964360.061	n	11.4090	3.62821	13.814	31.8952
1399964360.124	n	11.4076	3.62823	13.794	31.8966
1399964360.185	n	11.4062	3.62823	13.774	31.8979
1399964360.247	n	11.4048	3.62825	13.753	31.8993
1399964360.311	n	11.4033	3.62827	13.735	31.9008
1399964360.373	n	11.4018	3.62829	13.719	31.9024
1399964360.435	n	11.4001	3.62831	13.698	31.9039
1399964360.498	n	11.3985	3.62832	13.678	31.9054
1399964360.559	n	11.3969	3.62831	13.660	31.9068
1399964360.623	n	11.3954	3.62833	13.644	31.9082
1399964360.685	n	11.3938	3.62834	13.625	31.9097
1399964360.749	n	11.3921	3.62835	13.607	31.9113
1399964360.809	n	11.3904	3.62836	13.587	31.9128
1399964360.873	n	11.3886	3.62835	13.569	31.9143
1399964360.936	n	11.3868	3.62833	13.554	31.9157
1399964360.998	n	11.3849	3.62832	13.536	31.9173
1399964361.059	n	11.3829	3.62832	13.515	31.9189
1399964361.122	n	11.3809	3.62832	13.495	31.9207
1399964361.186	n	11.3790	3.62832	13.476	31.9224
1399964361.249	n	11.3770	3.62832	13.455	31.9241
1399964361.438	y	11.3750	3.62832	13.439	31.9258
1399964361.444	n	11.3732	3.62832	13.418	31.9274
1399964361.450	n	11.3714	3.62832	13.401	31.9290
1399964361.501	n	11.3697	3.62832	13.380	31.9305
1399964361.560	n	11.3681	3.62832	13.364	31.9318
1399964361.622	n	11.3667	3.62831	13.343	31.9329
1399964361.684	n	11.3656	3.62831	13.328	31.9339
1399964361.748	n	11.3649	3.62832	13.309	31.9346
1399964361.809	n	11.3645	3.62833	13.290	31.9351
1399964361.874	n	11.3645	3.62835	13.269	31.9353
1399964361.936	n	11.3649	3.62836	13.253	31.9351
1399964361.997	n	11.3657	3.62836	13.232	31.9343
1399964362.061	n	11.3671	3.62835	13.210	31.9331
1399964362.123	n	11.3690	3.62835	13.194	31.9314
1399964362.186	n	11.3713	3.62836	13.174	31.9295
1399964362.248	n	11.3741	3.62838	13.155	31.9274
1399964362.310	n	11.3773	3.62841	13.136	31.9248
1399964362.372	n	11.3809	3.62842	13.117	31.9218
1399964362.437	n	11.3850	3.62843	13.097	31.9184
1399964362.497	n	11.3894	3.62845	13.079	31.9148
1399964362.560	n	11.3941	3.62846	13.063	31.9109
1399964362.673	y	11.3990	3.62849	13.039	31.9070
1399964362.688	n	11.4041	3.62851	13.017	31.9028
1399964362.747	n	11.4094	3.62853	12.997	31.8984
1399964362.810	n	11.4149	3.62855	12.984	31.8938
1399964362.872	n	11.4206	3.62856	12.962	31.8890
1399964362.937	n	11.4264	3.62858	12.941	31.8843
1399964362.999	n	11.4324	3.62861	12.924	31.8793
1399964363.061	n	11.4384	3.62862	12.905	31.8742
1399964363.123	n	11.4446	3.62864	12.884	31.8692
1399964363.186	n	11.4508	3.62866	12.863	31.8640
1399964363.247	n	11.4570	3.62868	12.844	31.8588
1399964363.310	n	11.4633	3.62871	12.825	31.8537
1399964363.373	n	11.4696	3.62874	12.803	31.8485
1399964363.435	n	11.4760	3.62876	12.781	31.8433
1399964363.499	n	11.4823	3.62879	12.764	31.8382
1399964363.560	n	11.4886	3.62882	12.745	31.8330
1399964363.624	n	11.4950	3.62884	12.725	31.8278
1399964363.686	n	11.5013	3.62886	12.706	31.8225
1399964363.748	n	11.5077	3.62887	12.688	31.8171
1399964363.810	n	11.5141	3.62888	12.666	31.8117
1399964363.872	n	11.5204	3.62890	12.643	31.8066
1399964363.936	n	11.5266	3.62892	12.622	31.8014
1399964363.997	n	11.5329	3.62895	12.604	31.7963
1399964364.061	n	11.5392	3.62898	12.586	31.7912
1399964364.123	n	11.5455	3.62901	12.564	31.7861
1399964364.186	n	11.5517	3.62903	12.543	31.7809
1399964364.249	n	11.5579	3.62906	12.524	31.7759
1399964364.311	n	11.5640	3.62908	12.503	31.7709
1399964364.374	n	11.5700	3.62910	12.480	31.7660
1399964364.435	n	11.5759	3.62912	12.459	31.7611
1399964364.498	n	11.5818	3.62915	12.442	31.7564
1399964364.562	n	11.5876	3.62917	12.424	31.7516
1399964364.623	n	11.5934	3.62920	12.402	31.7469
1399964364.686	n	11.5990	3.62921	12.383	31.7422
1399964364.749	n	11.6046	3.62922	12.362	31.7375
1399964364.811	n	11.6101	3.62924	12.342	31.7331
1399964364.873	n	11.6155	3.62927	12.320	31.7287
1399964364.937	n	11.6208	3.62929	12.303	31.7244
1399964364.999	n	11.6260	3.62931	12.283	31.7202
1399964365.060	n	11.6312	3.62933	12.263	31.7159
1399964365.123	n	11.6363	3.62935	12.245	31.7117
1399964365.186	n	11.6414	3.62937	12.224	31.7075
1399964365.249	n	11.6465	3.62939	12.203	31.7035
1399964365.310	n	11.6514	3.62941	12.185	31.6994
1399964365.372	n	11.6563	3.62943	12.164	31.6955
1399964365.435	n	11.6612	3.62945	12.141	31.6915
1399964365.499	n	11.6659	3.62947	12.122	31.6877
1399964365.669	y	11.6705	3.62949	12.101	31.6839
1399964365.674	n	11.6751	3.62951	12.083	31.6802
1399964365.685	n	11.6797	3.62953	12.062	31.6766
1399964365.748	n	11.6842	3.62956	12.042	31.6729
1399964365.811	n	11.6887	3.62958	12.025	31.6693
1399964365.872	n	11.6931	3.62959	12.004	31.6657
1399964365.935	n	11.6975	3.62961	11.984	31.6622
1399964365.998	n	11.7017	3.62964	11.964	31.6588
1399964366.061	n	11.7059	3.62966	11.946	31.6554
1399964366.122	n	11.7100	3.62967	11.925	31.6521
1399964366.185	n	11.7140	3.62968	11.906	31.6487
1399964366.248	n	11.7181	3.62968	11.885	31.6453
1399964366.333	y	11.7221	3.62969	11.868	31.6420
1399964366.372	n	11.7261	3.62970	11.851	31.6387
1399964366.435	n	11.7300	3.62972	11.831	31.6356
1399964366.499	n	11.7338	3.62974	11.808	31.6325
1399964366.563	n	11.7376	3.62977	11.788	31.6295
1399964366.623	n	11.7414	3.62978	11.771	31.6265
1399964366.685	n	11.7452	3.62980	11.752	31.6234
1399964366.749	n	11.7489	3.62982	11.737	31.6204
1399964366.809	n	11.7526	3.62982	11.715	31.6174
1399964366.872	n	11.7562	3.62984	11.698	31.6144
1399964366.936	n	11.7600	3.62985	11.677	31.6114
1399964366.998	n	11.7637	3.62986	11.657	31.6083
1399964367.060	n	11.7675	3.62988	11.639	31.6053
1399964367.123	n	11.7712	3.62990	11.620	31.6023
1399964367.185	n	11.7749	3.62992	11.601	31.5993
1399964367.253	n	11.7786	3.62993	11.582	31.5963
1399964367.310	n	11.7823	3.62995	11.565	31.5933
1399964367.373	n	11.7861	3.62996	11.546	31.5903
1399964367.437	n	11.7898	3.62998	11.530	31.5873
1399964367.498	n	11.7936	3.63000	11.508	31.5843
1399964367.560	n	11.7973	3.63003	11.490	31.5814
1399964367.622	n	11.8011	3.63005	11.474	31.5784
1399964367.685	n	11.8049	3.63007	11.455	31.5754
1399964367.748	n	11.8086	3.63008	11.433	31.5724
1399964367.811	n	11.8123	3.63010	11.414	31.5694
1399964367.873	n	11.8160	3.63012	11.392	31.5664
1399964367.937	n	11.8196	3.63013	11.379	31.5635
1399964367.999	n	11.8231	3.63013	11.361	31.5605
1399964368.060	n	11.8266	3.63014	11.341	31.5577
1399964368.122	n	11.8300	3.63016	11.323	31.5550
1399964368.186	n	11.8333	3.63018	11.303	31.5524
1399964368.251	n	11.8366	3.63020	11.284	31.5498
1399964368.311	n	11.8400	3.63022	11.266	31.5472
1399964368.372	n	11.8432	3.63023	11.250	31.5446
1399964368.435	n	11.8464	3.63025	11.228	31.5420
1399964368.498	n	11.8496	3.63027	11.212	31.5395
1399964368.560	n	11.8527	3.63029	11.192	31.5370
1399964368.624	n	11.8558	3.63031	11.171	31.5346
1399964368.685	n	11.8589	3.63033	11.153	31.5322
1399964368.748	n	11.8619	3.63035	11.134	31.5299
1399964368.811	n	11.8648	3.63036	11.116	31.5275
1399964368.873	n	11.8678	3.63037	11.099	31.5252
1399964368.936	n	11.8707	3.63038	11.078	31.5228
1399964368.999	n	11.8735	3.63038	11.060	31.5204
1399964369.060	n	11.8762	3.63039	11.043	31.5182
1399964369.122	n	11.8790	3.63040	11.026	31.5160
1399964369.185	n	11.8817	3.63042	11.006	31.5139
1399964369.248	n	11.8844	3.63044	10.989	31.5118
1399964369.311	n	11.8871	3.63046	10.966	31.5097
1399964369.372	n	11.8897	3.63047	10.949	31.5076
1399964369.435	n	11.8923	3.63048	10.932	31.5055
1399964369.499	n	11.8950	3.63049	10.916	31.5033
1399964369.562	n	11.8975	3.63050	10.899	31.5013
1399964369.623	n	11.9001	3.63052	10.880	31.4993
1399964369.777	y	11.9026	3.63054	10.858	31.4974
1399964369.784	n	11.9051	3.63056	10.841	31.4955
1399964369.915	y	11.9077	3.63058	10.822	31.4935
1399964369.920	n	11.9102	3.63060	10.803	31.4916
1399964369.935	n	11.9126	3.63062	10.784	31.4897
1399964370.120	y	11.9151	3.63063	10.767	31.4877
1399964370.129	n	11.9176	3.63063	10.747	31.4856
1399964370.134	n	11.9201	3.63064	10.727	31.4835
1399964370.185	n	11.9227	3.63065	10.707	31.4815
1399964370.248	n	11.9253	3.63067	10.690	31.4795
1399964370.310	n	11.9279	3.63068	10.674	31.4775
1399964370.373	n	11.9304	3.63070	10.653	31.4755
1399964370.436	n	11.9330	3.63071	10.636	31.4734
1399964370.498	n	11.9356	3.63072	10.618	31.4713
1399964370.562	n	11.9382	3.63073	10.600	31.4693
1399964370.623	n	11.9408	3.63076	10.579	31.4674
1399964370.686	n	11.9433	3.63078	10.561	31.4654
1399964370.750	n	11.9459	3.63080	10.540	31.4635
1399964370.810	n	11.9485	3.63082	10.525	31.4615
1399964370.872	n	11.9510	3.63083	10.507	31.4594
1399964370.935	n	11.9536	3.63083	10.491	31.4572
1399964370.998	n	11.9562	3.63085	10.470	31.4552
1399964371.061	n	11.9588	3.63086	10.453	31.4532
1399964371.123	n	11.9614	3.63088	10.434	31.4512
1399964371.184	n	11.9639	3.63089	10.414	31.4492
1399964371.250	n	11.9665	3.63091	10.392	31.4472
1399964371.310	n	11.9691	3.63093	10.375	31.4451
1399964371.373	n	11.9718	3.63095	10.357	31.4431
1399964371.436	n	11.9744	3.63097	10.338	31.4411
1399964371.499	n	11.9770	3.63099	10.322	31.4391
1399964371.560	n	11.9796	3.63101	10.301	31.4371
1399964371.622	n	11.9822	3.63103	10.286	31.4352
1399964371.686	n	11.9848	3.63105	10.265	31.4332
1399964371.749	n	11.9875	3.63107	10.247	31.4311
1399964371.811	n	11.9902	3.63108	10.232	31.4289
1399964371.873	n	11.9929	3.63108	10.213	31.4267
1399964371.936	n	11.9956	3.63109	10.197	31.4245
1399964371.999	n	11.9983	3.63111	10.177	31.4224
1399964372.061	n	12.0011	3.63113	10.159	31.4202
1399964372.123	n	12.0039	3.63115	10.138	31.4181
1399964372.187	n	12.0067	3.63117	10.117	31.4160
1399964372.250	n	12.0095	3.63120	10.101	31.4138
1399964372.310	n	12.0124	3.63123	10.084	31.4117
1399964372.373	n	12.0153	3.63126	10.065	31.4096
1399964372.436	n	12.0180	3.63129	10.047	31.4076
1399964372.498	n	12.0205	3.63133	10.028	31.4058
1399964372.563	n	12.0228	3.63135	10.009	31.4041
1399964372.622	n	12.0252	3.63137	9.991	31.4024
1399964372.686	n	12.0276	3.63140	9.974	31.4006
1399964372.748	n	12.0302	3.63142	9.952	31.3986
1399964372.810	n	12.0330	3.63145	9.937	31.3965
1399964372.872	n	12.0358	3.63147	9.918	31.3944
1399964372.935	n	12.0387	3.63149	9.901	31.3921
1399964372.999	n	12.0416	3.63150	9.884	31.3899
1399964373.061	n	12.0444	3.63152	9.864	31.3877
1399964373.123	n	12.0471	3.63153	9.846	31.3855
1399964373.185	n	12.0498	3.63155	9.832	31.3834
1399964373.250	n	12.0524	3.63157	9.811	31.3814
1399964373.311	n	12.0551	3.63157	9.792	31.3792
1399964373.373	n	12.0578	3.63158	9.777	31.3770
1399964373.437	n	12.0604	3.63159	9.757	31.3749
1399964373.498	n	12.0630	3.63159	9.739	31.3728
1399964373.561	n	12.0655	3.63161	9.719	31.3709
1399964373.646	y	12.0679	3.63164	9.702	31.3691
1399964373.685	n	12.0702	3.63166	9.685	31.3674
1399964373.748	n	12.0724	3.63168	9.668	31.3658
1399964373.812	n	12.0746	3.63169	9.651	31.3640
1399964373.872	n	12.0766	3.63170	9.632	31.3624
1399964373.935	n	12.0787	3.63171	9.612	31.3608
1399964373.999	n	12.0807	3.63173	9.596	31.3593
1399964374.118	y	12.0827	3.63175	9.580	31.3578
1399964374.123	n	12.0846	3.63177	9.559	31.3564
1399964374.185	n	12.0865	3.63179	9.540	31.3550
1399964374.248	n	12.0885	3.63181	9.523	31.3536
1399964374.310	n	12.0905	3.63182	9.507	31.3520
1399964374.374	n	12.0924	3.63183	9.490	31.3505
1399964374.436	n	12.0943	3.63183	9.472	31.3489
1399964374.497	n	12.0962	3.63184	9.457	31.3474
1399964374.562	n	12.0981	3.63186	9.437	31.3460
1399964374.623	n	12.0999	3.63187	9.418	31.3446
1399964374.686	n	12.1017	3.63189	9.402	31.3433
1399964374.749	n	12.1035	3.63192	9.386	31.3421
1399964374.811	n	12.1052	3.63194	9.365	31.3409
1399964374.872	n	12.1068	3.63196	9.346	31.3397
1399964374.936	n	12.1083	3.63197	9.326	31.3386
1399964374.998	n	12.1098	3.63198	9.310	31.3374
1399964375.060	n	12.1112	3.63199	9.290	31.3363
1399964375.123	n	12.1126	3.63200	9.271	31.3353
1399964375.187	n	12.1139	3.63202	9.257	31.3344
1399964375.254	n	12.1152	3.63203	9.244	31.3334
1399964375.310	n	12.1165	3.63205	9.225	31.3325
1399964375.372	n	12.1178	3.63207	9.206	31.3316
1399964375.435	n	12.1190	3.63209	9.187	31.3308
1399964375.497	n	12.1202	3.63212	9.169	31.3300
1399964375.562	n	12.1214	3.63214	9.152	31.3293
1399964375.623	n	12.1226	3.63216	9.136	31.3285
1399964375.686	n	12.1237	3.63218	9.117	31.3278
1399964375.749	n	12.1248	3.63221	9.097	31.3271
1399964375.811	n	12.1260	3.63225	9.081	31.3265
1399964375.872	n	12.1271	3.63229	9.063	31.3259
1399964375.936	n	12.1282	3.63233	9.043	31.3255
1399964375.999	n	12.1292	3.63237	9.025	31.3250
1399964376.060	n	12.1303	3.63242	9.008	31.3245
1399964376.122	y	12.1315	3.63246	8.989	31.3239
1399964376.186	n	12.1330	3.63249	8.975	31.3229
1399964376.253	n	12.1348	3.63251	8.959	31.3217
1399964376.311	n	12.1367	3.63255	8.937	31.3205
1399964376.373	n	12.1386	3.63258	8.917	31.3191
1399964376.436	n	12.1406	3.63260	8.897	31.3177
1399964376.498	n	12.1425	3.63262	8.880	31.3163
1399964376.561	n	12.1444	3.63265	8.865	31.3150
1399964376.624	n	12.1462	3.63267	8.844	31.3137
1399964376.685	n	12.1480	3.63270	8.828	31.3125
1399964376.749	n	12.1497	3.63273	8.812	31.3114
1399964376.810	n	12.1514	3.63276	8.795	31.3102
1399964376.873	n	12.1531	3.63280	8.777	31.3092
1399964376.936	n	12.1553	3.63301	8.757	31.3094
1399964376.999	n	12.1616	3.63439	8.738	31.3173
1399964377.060	n	12.1769	3.64048	8.719	31.3628
1399964377.122	n	12.2015	3.65079	8.704	31.4410
1399964377.186	n	12.2310	3.66297	8.686	31.5326
1399964377.249	n	12.2586	3.67390	8.668	31.6139
1399964377.331	y	12.2779	3.68091	8.654	31.6648
1399964377.372	n	12.2879	3.68325	8.632	31.6787
1399964377.436	n	12.2933	3.68426	8.611	31.6838
1399964377.499	n	12.2973	3.68486	8.598	31.6862
1399964377.562	n	12.3016	3.68529	8.578	31.6866
1399964377.622	n	12.3060	3.68561	8.561	31.6860
1399964377.686	n	12.3098	3.68586	8.546	31.6852
1399964377.747	n	12.3121	3.68606	8.528	31.6852
1399964377.810	n	12.3132	3.68623	8.509	31.6859
1399964377.873	n	12.3136	3.68639	8.493	31.6871
1399964377.937	n	12.3142	3.68651	8.478	31.6877
1399964377.998	n	12.3153	3.68659	8.460	31.6875
1399964378.060	n	12.3167	3.68662	8.441	31.6867
1399964378.123	n	12.3177	3.68664	8.428	31.6860
1399964378.186	n	12.3181	3.68668	8.406	31.6861
1399964378.248	n	12.3182	3.68675	8.388	31.6867
1399964378.391	y	12.3188	3.68685	8.371	31.6871
1399964378.396	n	12.3207	3.68698	8.356	31.6868
1399964378.436	n	12.3237	3.68712	8.337	31.6855
1399964378.497	n	12.3275	3.68727	8.319	31.6837
1399964378.561	n	12.3313	3.68743	8.302	31.6822
1399964378.624	n	12.3343	3.68758	8.285	31.6810
1399964378.686	n	12.3365	3.68770	8.274	31.6803
1399964378.747	n	12.3380	3.68780	8.253	31.6799
1399964378.810	n	12.3391	3.68787	8.236	31.6797
1399964378.874	n	12.3398	3.68791	8.217	31.6795
1399964378.935	n	12.3401	3.68793	8.200	31.6796
1399964378.999	n	12.3399	3.68793	8.182	31.6797
1399964379.061	n	12.3397	3.68792	8.166	31.6797
1399964379.123	n	12.3401	3.68792	8.150	31.6794
1399964379.185	n	12.3412	3.68794	8.129	31.6787
1399964379.249	n	12.3431	3.68802	8.114	31.6778
1399964379.312	n	12.3459	3.68820	8.100	31.6772
1399964379.372	n	12.3495	3.68850	8.083	31.6771
1399964379.436	n	12.3536	3.68889	8.065	31.6773
1399964379.498	n	12.3580	3.68927	8.050	31.6772
1399964379.561	n	12.3618	3.68955	8.033	31.6767
1399964379.622	n	12.3646	3.68967	8.014	31.6756
1399964379.686	n	12.3665	3.68969	7.996	31.6741
1399964379.748	n	12.3681	3.68968	7.978	31.6727
1399964379.811	n	12.3696	3.68971	7.959	31.6717
1399964379.874	n	12.3712	3.68978	7.941	31.6710
1399964379.935	n	12.3729	3.68989	7.928	31.6706
1399964379.998	n	12.3748	3.69002	7.913	31.6702
1399964380.060	n	12.3767	3.69014	7.894	31.6697
1399964380.123	n	12.3786	3.69023	7.875	31.6691
1399964380.185	n	12.3804	3.69033	7.857	31.6685
1399964380.247	n	12.3822	3.69043	7.840	31.6679
1399964380.310	n	12.3840	3.69052	7.824	31.6673
1399964380.372	n	12.3856	3.69057	7.808	31.6664
1399964380.435	n	12.3869	3.69056	7.789	31.6653
1399964380.498	n	12.3874	3.69048	7.771	31.6641
1399964380.562	n	12.3874	3.69037	7.753	31.6630
1399964380.623	n	12.3870	3.69027	7.737	31.6625
1399964380.686	n	12.3866	3.69022	7.720	31.6623
1399964380.747	n	12.3863	3.69018	7.700	31.6622
1399964380.811	n	12.3861	3.69013	7.682	31.6619
1399964380.894	y	12.3858	3.69006	7.665	31.6615
1399964380.937	n	12.3852	3.68996	7.646	31.6610
1399964380.998	n	12.3845	3.68985	7.630	31.6606
1399964381.060	n	12.3834	3.68969	7.614	31.6600
1399964381.123	n	12.3819	3.68946	7.593	31.6590
1399964381.187	n	12.3798	3.68913	7.575	31.6577
1399964381.247	n	12.3774	3.68875	7.555	31.6562
1399964381.310	n	12.3746	3.68833	7.537	31.6544
1399964381.372	n	12.3718	3.68790	7.519	31.6527
1399964381.436	n	12.3692	3.68748	7.504	31.6509
1399964381.498	n	12.3668	3.68709	7.485	31.6492
1399964381.562	n	12.3650	3.68680	7.464	31.6480
1399964381.622	n	12.3636	3.68663	7.448	31.6475
1399964381.686	n	12.3625	3.68650	7.428	31.6473
1399964381.749	n	12.3617	3.68642	7.410	31.6472
1399964381.810	n	12.3610	3.68634	7.391	31.6470
1399964381.872	n	12.3606	3.68625	7.371	31.6465
1399964381.936	n	12.3605	3.68619	7.355	31.6460
1399964381.999	n	12.3608	3.68617	7.335	31.6456
1399964382.061	n	12.3613	3.68619	7.318	31.6453
1399964382.124	n	12.3623	3.68623	7.297	31.6449
1399964382.187	n	12.3635	3.68627	7.279	31.6443
1399964382.248	n	12.3647	3.68633	7.259	31.6438
1399964382.310	n	12.3660	3.68638	7.239	31.6432
1399964382.373	n	12.3674	3.68647	7.222	31.6429
1399964382.437	n	12.3690	3.68660	7.204	31.6428
1399964382.498	n	12.3710	3.68678	7.182	31.6428
1399964382.717	y	12.3733	3.68698	7.161	31.6427
1399964382.725	n	12.3757	3.68719	7.145	31.6428
1399964382.735	n	12.3780	3.68737	7.123	31.6426
1399964382.749	n	12.3798	3.68748	7.105	31.6421
1399964382.810	n	12.3810	3.68749	7.085	31.6412
1399964382.874	n	12.3817	3.68744	7.063	31.6402
1399964382.936	n	12.3820	3.68738	7.043	31.6393
1399964382.998	n	12.3823	3.68736	7.027	31.6389
1399964383.060	n	12.3831	3.68742	7.007	31.6389
1399964383.122	n	12.3842	3.68754	6.988	31.6391
1399964383.186	n	12.3856	3.68770	6.968	31.6394
1399964383.249	n	12.3871	3.68785	6.950	31.6395
1399964383.311	n	12.3886	3.68796	6.933	31.6393
1399964383.373	n	12.3900	3.68802	6.910	31.6388
1399964383.436	n	12.3912	3.68807	6.891	31.6382
1399964383.499	n	12.3923	3.68810	6.873	31.6376
1399964383.561	n	12.3932	3.68814	6.853	31.6372
1399964383.624	n	12.3940	3.68819	6.832	31.6371
1399964383.686	n	12.3948	3.68825	6.812	31.6369
1399964383.747	n	12.3958	3.68832	6.796	31.6369
1399964383.811	n	12.3968	3.68842	6.775	31.6369
1399964383.874	n	12.3978	3.68852	6.753	31.6370
1399964383.937	n	12.3988	3.68860	6.736	31.6370
1399964383.999	n	12.3996	3.68867	6.719	31.6370
1399964384.060	n	12.4003	3.68873	6.705	31.6369
1399964384.122	n	12.4010	3.68878	6.681	31.6368
1399964384.186	n	12.4019	3.68884	6.665	31.6366
1399964384.249	n	12.4028	3.68889	6.647	31.6364
1399964384.311	n	12.4036	3.68892	6.627	31.6360
1399964384.374	n	12.4041	3.68892	6.610	31.6356
1399964384.435	n	12.4036	3.68887	6.596	31.6356
1399964384.499	n	12.4017	3.68878	6.577	31.6362
1399964384.561	n	12.3985	3.68865	6.556	31.6377
1399964384.624	y	12.3948	3.68852	6.538	31.6397
1399964384.686	n	12.3914	3.68842	6.519	31.6415
1399964384.748	n	12.3892	3.68836	6.499	31.6429
1399964384.811	n	12.3882	3.68836	6.485	31.6437
1399964384.873	n	12.3883	3.68838	6.471	31.6438
1399964384.935	n	12.3889	3.68840	6.453	31.6434
1399964384.998	n	12.3898	3.68840	6.433	31.6427
1399964385.062	n	12.3907	3.68838	6.414	31.6418
1399964385.183	y	12.3914	3.68837	6.397	31.6411
1399964385.189	n	12.3926	3.68838	6.384	31.6402
1399964385.249	n	12.3947	3.68841	6.365	31.6387
1399964385.311	n	12.3982	3.68846	6.347	31.6363
1399964385.374	n	12.4028	3.68858	6.332	31.6335
1399964385.435	n	12.4081	3.68880	6.315	31.6312
1399964385.499	n	12.4132	3.68908	6.300	31.6296
1399964385.561	n	12.4176	3.68938	6.284	31.6287
1399964385.622	n	12.4211	3.68962	6.266	31.6281
1399964385.686	n	12.4236	3.68978	6.250	31.6275
1399964385.749	n	12.4255	3.68986	6.235	31.6267
1399964385.811	n	12.4273	3.68996	6.218	31.6261
1399964385.873	n	12.4294	3.69009	6.200	31.6256
1399964385.935	n	12.4318	3.69025	6.184	31.6251
1399964385.998	n	12.4343	3.69042	6.172	31.6246
1399964386.060	n	12.4365	3.69058	6.154	31.6243
1399964386.122	n	12.4383	3.69069	6.137	31.6239
1399964386.186	n	12.4398	3.69078	6.122	31.6234
1399964386.253	n	12.4413	3.69083	6.106	31.6227
1399964386.310	n	12.4424	3.69084	6.088	31.6218
1399964386.373	n	12.4426	3.69078	6.074	31.6211
1399964386.436	n	12.4421	3.69070	6.058	31.6208
1399964386.498	n	12.4415	3.69063	6.046	31.6206
1399964386.561	n	12.4417	3.69062	6.028	31.6204
1399964386.623	n	12.4424	3.69066	6.010	31.6201
1399964386.686	n	12.4434	3.69072	5.994	31.6199
1399964386.748	n	12.4446	3.69077	5.981	31.6194
1399964386.923	y	12.4460	3.69084	5.963	31.6188
1399964386.929	n	12.4484	3.69098	5.945	31.6182
1399964386.935	n	12.4521	3.69123	5.931	31.6174
1399964386.999	n	12.4564	3.69153	5.918	31.6166
1399964387.060	n	12.4607	3.69182	5.902	31.6159
1399964387.122	n	12.4644	3.69206	5.884	31.6150
1399964387.185	n	12.4672	3.69221	5.869	31.6140
1399964387.253	n	12.4692	3.69227	5.855	31.6130
1399964387.311	n	12.4704	3.69228	5.838	31.6121
1399964387.373	n	12.4712	3.69227	5.821	31.6113
1399964387.436	n	12.4717	3.69225	5.807	31.6107
1399964387.499	n	12.4722	3.69224	5.793	31.6103
1399964387.560	n	12.4727	3.69226	5.772	31.6100
1399964387.623	n	12.4733	3.69229	5.755	31.6098
1399964387.686	n	12.4740	3.69233	5.744	31.6095
1399964387.749	n	12.4750	3.69237	5.729	31.6090
1399964387.811	n	12.4764	3.69243	5.713	31.6086
1399964387.873	n	12.4779	3.69250	5.698	31.6079
1399964387.935	n	12.4796	3.69256	5.680	31.6071
1399964387.998	n	12.4811	3.69260	5.666	31.6062
1399964388.060	n	12.4821	3.69262	5.652	31.6055
1399964388.122	n	12.4828	3.69263	5.638	31.6050
1399964388.187	n	12.4833	3.69264	5.619	31.6048
1399964388.302	y	12.4837	3.69267	5.603	31.6047
1399964388.311	n	12.4842	3.69268	5.587	31.6044
1399964388.373	n	12.4849	3.69268	5.573	31.6038
1399964388.435	n	12.4856	3.69267	5.559	31.6031
1399964388.499	n	12.4864	3.69267	5.544	31.6024
1399964388.561	n	12.4871	3.69267	5.526	31.6019
1399964388.624	n	12.4880	3.69270	5.509	31.6015
1399964388.685	n	12.4890	3.69275	5.495	31.6011
1399964388.748	n	12.4902	3.69284	5.481	31.6009
1399964388.810	n	12.4914	3.69294	5.467	31.6009
1399964388.872	n	12.4926	3.69305	5.449	31.6009
1399964388.937	n	12.4936	3.69314	5.435	31.6009
1399964388.997	n	12.4944	3.69321	5.420	31.6009
1399964389.060	n	12.4952	3.69325	5.404	31.6007
1399964389.122	n	12.4962	3.69332	5.387	31.6004
1399964389.185	n	12.4978	3.69341	5.374	31.6000
1399964389.248	n	12.4999	3.69353	5.356	31.5993
1399964389.310	n	12.5024	3.69366	5.342	31.5985
1399964389.372	n	12.5050	3.69379	5.329	31.5976
1399964389.436	n	12.5072	3.69390	5.316	31.5967
1399964389.498	n	12.5090	3.69397	5.299	31.5959
1399964389.561	n	12.5104	3.69403	5.286	31.5953
1399964389.623	n	12.5113	3.69405	5.268	31.5947
1399964389.687	n	12.5120	3.69407	5.253	31.5944
1399964389.749	n	12.5127	3.69412	5.242	31.5942
1399964389.811	n	12.5136	3.69417	5.227	31.5940
1399964389.873	n	12.5149	3.69425	5.213	31.5937
1399964389.935	n	12.5163	3.69435	5.199	31.5934
1399964389.998	n	12.5180	3.69447	5.185	31.5931
1399964390.060	n	12.5203	3.69460	5.172	31.5925
1399964390.124	n	12.5230	3.69475	5.158	31.5917
1399964390.185	n	12.5264	3.69493	5.143	31.5905
1399964390.249	n	12.5307	3.69512	5.129	31.5887
1399964390.310	n	12.5354	3.69530	5.115	31.5865
1399964390.372	n	12.5397	3.69548	5.100	31.5846
1399964390.437	n	12.5434	3.69562	5.088	31.5827
1399964390.498	n	12.5463	3.69573	5.073	31.5814
1399964390.560	n	12.5484	3.69582	5.064	31.5805
1399964390.623	n	12.5498	3.69588	5.050	31.5799
1399964390.687	n	12.5508	3.69592	5.035	31.5794
1399964390.748	n	12.5514	3.69594	5.023	31.5791
1399964390.810	n	12.5519	3.69596	5.013	31.5789
1399964390.874	n	12.5523	3.69598	4.999	31.5788
1399964390.938	n	12.5527	3.69600	4.984	31.5787
1399964390.997	n	12.5533	3.69605	4.969	31.5787
1399964391.121	y	12.5542	3.69611	4.959	31.5785
1399964391.126	n	12.5557	3.69620	4.946	31.5780
1399964391.185	n	12.5577	3.69630	4.934	31.5774
1399964391.249	n	12.5598	3.69640	4.920	31.5765
1399964391.311	n	12.5619	3.69648	4.910	31.5755
1399964391.372	n	12.5636	3.69655	4.897	31.5747
1399964391.437	n	12.5649	3.69660	4.882	31.5742
1399964391.499	n	12.5653	3.69663	4.868	31.5741
1399964391.561	n	12.5646	3.69664	4.855	31.5748
1399964391.623	n	12.5631	3.69665	4.844	31.5761
1399964391.685	n	12.5615	3.69665	4.831	31.5775
1399964391.748	n	12.5604	3.69666	4.821	31.5785
1399964391.810	n	12.5603	3.69668	4.814	31.5788
1399964391.874	n	12.5609	3.69672	4.798	31.5787
1399964391.990	y	12.5619	3.69678	4.787	31.5784
1399964392.000	n	12.5633	3.69684	4.771	31.5779
1399964392.062	n	12.5647	3.69689	4.761	31.5771
1399964392.124	n	12.5663	3.69695	4.749	31.5763
1399964392.186	n	12.5679	3.69699	4.737	31.5754
1399964392.249	n	12.5692	3.69702	4.728	31.5746
1399964392.311	n	12.5702	3.69704	4.716	31.5739
1399964392.372	n	12.5710	3.69706	4.703	31.5735
1399964392.436	n	12.5715	3.69707	4.691	31.5732
1399964392.498	n	12.5719	3.69710	4.679	31.5731
1399964392.562	n	12.5722	3.69712	4.667	31.5730
1399964392.623	n	12.5726	3.69714	4.655	31.5729
1399964392.685	n	12.5730	3.69717	4.645	31.5728
1399964392.749	n	12.5735	3.69720	4.630	31.5727
1399964392.810	n	12.5743	3.69724	4.620	31.5725
1399964392.874	n	12.5750	3.69727	4.610	31.5722
1399964392.936	n	12.5756	3.69730	4.598	31.5719
1399964392.997	n	12.5763	3.69732	4.585	31.5716
1399964393.061	n	12.5770	3.69735	4.569	31.5713
1399964393.123	n	12.5779	3.69739	4.560	31.5708
1399964393.185	n	12.5790	3.69744	4.546	31.5704
1399964393.250	n	12.5801	3.69750	4.535	31.5701
1399964393.311	n	12.5811	3.69755	4.523	31.5697
1399964393.372	n	12.5820	3.69759	4.511	31.5693
1399964393.437	n	12.5828	3.69762	4.498	31.5690
1399964393.498	n	12.5834	3.69763	4.485	31.5686
1399964393.562	n	12.5840	3.69765	4.472	31.5682
1399964393.623	n	12.5847	3.69767	4.461	31.5679
1399964393.685	n	12.5854	3.69770	4.451	31.5675
1399964393.749	n	12.5861	3.69771	4.436	31.5671
1399964393.810	n	12.5866	3.69771	4.425	31.5667
1399964393.872	n	12.5869	3.69772	4.412	31.5666
1399964393.937	n	12.5870	3.69773	4.398	31.5665
1399964393.998	n	12.5870	3.69773	4.384	31.5665
1399964394.061	n	12.5870	3.69773	4.368	31.5665
1399964394.124	n	12.5870	3.69773	4.357	31.5665
1399964394.186	n	12.5872	3.69774	4.344	31.5665
1399964394.247	n	12.5880	3.69780	4.332	31.5664
1399964394.311	n	12.5893	3.69791	4.316	31.5663
1399964394.372	n	12.5914	3.69806	4.302	31.5660
1399964394.435	n	12.5941	3.69823	4.287	31.5654
1399964394.498	n	12.5971	3.69842	4.272	31.5647
1399964394.560	n	12.6003	3.69863	4.257	31.5640
1399964394.623	n	12.6038	3.69888	4.244	31.5634
1399964394.685	n	12.6078	3.69917	4.226	31.5628
1399964394.748	n	12.6128	3.69954	4.213	31.5622
1399964394.810	n	12.6191	3.69999	4.197	31.5611
1399964394.872	n	12.6266	3.70049	4.181	31.5596
1399964394.937	n	12.6344	3.70099	4.167	31.5578
1399964394.997	n	12.6420	3.70148	4.153	31.5561
1399964395.060	n	12.6491	3.70197	4.135	31.5548
1399964395.124	n	12.6569	3.70256	4.121	31.5539
1399964395.186	n	12.6661	3.70324	4.103	31.5527
1399964395.248	n	12.6760	3.70390	4.086	31.5506
1399964395.393	y	12.6849	3.70441	4.071	31.5480
1399964395.398	n	12.6911	3.70467	4.059	31.5454
1399964395.435	n	12.6938	3.70471	4.040	31.5434
1399964395.497	n	12.6952	3.70479	4.024	31.5430
1399964395.562	n	12.6986	3.70515	4.008	31.5436
1399964395.669	y	12.7060	3.70590	3.995	31.5444
1399964395.686	n	12.7178	3.70692	3.977	31.5443
1399964395.748	n	12.7322	3.70802	3.958	31.5427
1399964395.811	n	12.7467	3.70900	3.942	31.5399
1399964395.873	n	12.7596	3.70982	3.925	31.5368
1399964395.936	n	12.7712	3.71058	3.911	31.5343
1399964395.998	n	12.7823	3.71139	3.893	31.5327
1399964396.060	n	12.7945	3.71233	3.873	31.5313
1399964396.122	n	12.8088	3.71342	3.857	31.5297
1399964396.185	n	12.8249	3.71459	3.841	31.5275
1399964396.248	n	12.8407	3.71568	3.826	31.5245
1399964396.310	n	12.8540	3.71652	3.809	31.5213
1399964396.372	n	12.8635	3.71706	3.790	31.5186
1399964396.436	n	12.8691	3.71736	3.772	31.5167
1399964396.498	n	12.8722	3.71750	3.755	31.5155
1399964396.562	n	12.8745	3.71762	3.740	31.5147
1399964396.624	n	12.8773	3.71782	3.725	31.5142
1399964396.686	n	12.8815	3.71816	3.705	31.5139
1399964396.750	n	12.8877	3.71871	3.694	31.5139
1399964396.812	n	12.8957	3.71941	3.678	31.5138
1399964396.873	n	12.9044	3.72013	3.662	31.5134
1399964396.936	n	12.9125	3.72074	3.647	31.5124
1399964396.999	n	12.9190	3.72119	3.633	31.5112
1399964397.060	n	12.9235	3.72145	3.614	31.5099
1399964397.123	n	12.9263	3.72159	3.599	31.5090
1399964397.186	n	12.9282	3.72169	3.584	31.5083
1399964397.249	n	12.9297	3.72175	3.571	31.5077
1399964397.311	n	12.9312	3.72181	3.558	31.5070
1399964397.373	n	12.9328	3.72190	3.541	31.5065
1399964397.435	n	12.9348	3.72202	3.526	31.5060
1399964397.498	n	12.9373	3.72221	3.513	31.5057
1399964397.562	n	12.9405	3.72254	3.496	31.5061
1399964397.623	n	12.9448	3.72302	3.480	31.5070
1399964397.687	n	12.9505	3.72364	3.466	31.5082
1399964397.748	n	12.9571	3.72434	3.452	31.5093
1399964397.811	n	12.9645	3.72508	3.437	31.5101
1399964397.873	n	12.9723	3.72577	3.419	31.5101
1399964397.938	n	12.9798	3.72629	3.407	31.5088
1399964397.998	n	12.9859	3.72657	3.394	31.5063
1399964398.061	n	12.9895	3.72659	3.379	31.5034
1399964398.122	n	12.9899	3.72640	3.367	31.5014
1399964398.186	n	12.9876	3.72615	3.352	31.5009
1399964398.249	n	12.9841	3.72594	3.341	31.5020
1399964398.310	n	12.9807	3.72581	3.326	31.5035
1399964398.373	n	12.9782	3.72573	3.314	31.5049
1399964398.436	n	12.9764	3.72570	3.301	31.5060
1399964398.498	n	12.9751	3.72569	3.283	31.5071
1399964398.562	n	12.9744	3.72573	3.271	31.5081
1399964398.623	n	12.9741	3.72579	3.258	31.5089
1399964398.687	n	12.9743	3.72588	3.241	31.5095
1399964398.748	n	12.9747	3.72597	3.229	31.5101
1399964398.810	n	12.9753	3.72607	3.215	31.5105
1399964398.873	n	12.9760	3.72615	3.204	31.5107
1399964398.935	n	12.9768	3.72623	3.190	31.5108
1399964398.999	n	12.9776	3.72630	3.176	31.5107
1399964399.060	n	12.9783	3.72635	3.166	31.5106
1399964399.245	y	12.9790	3.72637	3.153	31.5103
1399964399.276	y	12.9795	3.72641	3.137	31.5103
1399964399.280	n	12.9800	3.72652	3.126	31.5108
1399964399.310	n	12.9809	3.72667	3.114	31.5116
1399964399.372	n	12.9822	3.72685	3.102	31.5121
1399964399.436	n	12.9840	3.72698	3.090	31.5119
1399964399.498	n	12.9856	3.72703	3.079	31.5111
1399964399.706	y	12.9866	3.72701	3.069	31.5100
1399964399.712	n	12.9867	3.72695	3.059	31.5093
1399964399.718	n	12.9861	3.72687	3.044	31.5091
1399964399.748	n	12.9854	3.72682	3.031	31.5092
1399964399.811	n	12.9849	3.72681	3.021	31.5095
1399964399.873	n	12.9849	3.72689	3.008	31.5103
1399964399.935	n	12.9857	3.72708	2.997	31.5115
1399964399.999	n	12.9876	3.72737	2.987	31.5126
1399964400.061	n	12.9903	3.72772	2.978	31.5137
1399964400.123	n	12.9933	3.72807	2.963	31.5144
1399964400.187	n	12.9964	3.72833	2.953	31.5143
1399964400.247	n	12.9992	3.72854	2.942	31.5140
1399964400.311	n	13.0022	3.72870	2.929	31.5130
1399964400.374	n	13.0052	3.72880	2.920	31.5114
1399964400.436	n	13.0072	3.72878	2.912	31.5095
1399964400.497	n	13.0075	3.72869	2.897	31.5085
1399964400.561	n	13.0063	3.72858	2.885	31.5084
1399964400.622	n	13.0045	3.72853	2.873	31.5095
1399964400.685	n	13.0035	3.72861	2.864	31.5111
1399964400.747	n	13.0038	3.72884	2.852	31.5130
1399964400.811	n	13.0053	3.72912	2.841	31.5144
1399964400.873	n	13.0073	3.72937	2.828	31.5151
1399964400.935	n	13.0093	3.72956	2.817	31.5151
1399964400.999	n	13.0110	3.72964	2.803	31.5145
1399964401.060	n	13.0122	3.72966	2.792	31.5137
1399964401.124	n	13.0130	3.72969	2.778	31.5133
1399964401.186	n	13.0137	3.72976	2.764	31.5134
1399964401.247	n	13.0144	3.72986	2.751	31.5138
1399964401.311	n	13.0150	3.72995	2.741	31.5141
1399964401.373	n	13.0157	3.73004	2.726	31.5144
1399964401.436	n	13.0166	3.73014	2.712	31.5146
1399964401.498	n	13.0175	3.73028	2.702	31.5151
1399964401.561	n	13.0186	3.73048	2.687	31.5162
1399964401.622	n	13.0199	3.73079	2.675	31.5180
1399964401.687	n	13.0217	3.73120	2.660	31.5203
1399964401.748	n	13.0244	3.73167	2.648	31.5225
1399964401.810	n	13.0282	3.73213	2.633	31.5237
1399964401.874	n	13.0327	3.73251	2.619	31.5235
1399964401.936	n	13.0377	3.73280	2.605	31.5221
1399964401.997	n	13.0423	3.73301	2.590	31.5203
1399964402.061	n	13.0462	3.73319	2.577	31.5187
1399964402.123	n	13.0499	3.73339	2.563	31.5174
1399964402.187	n	13.0538	3.73360	2.550	31.5163
1399964402.248	n	13.0577	3.73384	2.537	31.5153
1399964402.310	n	13.0614	3.73407	2.521	31.5144
1399964402.372	n	13.0640	3.73425	2.511	31.5139
1399964402.436	n	13.0657	3.73439	2.498	31.5138
1399964402.498	n	13.0668	3.73447	2.480	31.5137
1399964402.561	n	13.0674	3.73453	2.468	31.5137
1399964402.623	n	13.0677	3.73458	2.456	31.5139
1399964402.687	n	13.0680	3.73465	2.443	31.5144
1399964402.748	n	13.0683	3.73470	2.426	31.5145
1399964402.811	n	13.0686	3.73469	2.415	31.5142
1399964402.873	y	13.0685	3.73463	2.399	31.5137
1399964402.936	n	13.0678	3.73455	2.384	31.5136
1399964402.999	n	13.0667	3.73450	2.371	31.5141
1399964403.060	n	13.0657	3.73450	2.358	31.5150
1399964403.123	n	13.0652	3.73456	2.343	31.5159
1399964403.186	n	13.0653	3.73462	2.327	31.5164
1399964403.248	n	13.0656	3.73467	2.308	31.5166
1399964403.310	n	13.0660	3.73472	2.297	31.5168
1399964403.373	n	13.0663	3.73473	2.281	31.5166
1399964403.436	n	13.0664	3.73471	2.267	31.5163
1399964403.499	n	13.0668	3.73473	2.250	31.5161
1399964403.560	n	13.0677	3.73482	2.233	31.5162
1399964403.624	n	13.0691	3.73498	2.218	31.5166
1399964403.686	n	13.0707	3.73517	2.202	31.5171
1399964403.747	n	13.0718	3.73526	2.186	31.5171
1399964403.933	y	13.0721	3.73525	2.171	31.5167
1399964403.940	n	13.0720	3.73520	2.154	31.5163
1399964403.945	n	13.0722	3.73519	2.136	31.5161
1399964403.999	n	13.0729	3.73527	2.121	31.5162
1399964404.060	n	13.0738	3.73539	2.105	31.5166
1399964404.123	n	13.0743	3.73550	2.086	31.5173
1399964404.186	n	13.0741	3.73556	2.070	31.5179
1399964404.249	n	13.0737	3.73555	2.053	31.5183
1399964404.310	n	13.0733	3.73552	2.037	31.5183
1399964404.373	n	13.0734	3.73550	2.021	31.5180
1399964404.435	n	13.0737	3.73548	2.004	31.5176
1399964404.498	n	13.0742	3.73549	1.988	31.5173
1399964404.560	n	13.0746	3.73551	1.972	31.5171
1399964404.623	n	13.0750	3.73551	1.959	31.5168
1399964404.685	n	13.0752	3.73552	1.941	31.5167
1399964404.748	n	13.0754	3.73554	1.924	31.5168
1399964404.810	n	13.0757	3.73558	1.910	31.5169
1399964404.874	n	13.0763	3.73563	1.895	31.5169
1399964404.937	n	13.0769	3.73566	1.879	31.5167
1399964404.997	n	13.0773	3.73568	1.863	31.5165
1399964405.062	n	13.0777	3.73568	1.848	31.5162
1399964405.124	n	13.0779	3.73568	1.837	31.5160
1399964405.187	n	13.0779	3.73565	1.818	31.5157
1399964405.248	n	13.0777	3.73561	1.806	31.5156
1399964405.311	n	13.0773	3.73557	1.794	31.5155
1399964405.374	n	13.0767	3.73553	1.777	31.5156
1399964405.435	n	13.0760	3.73550	1.766	31.5159
1399964405.497	n	13.0754	3.73548	1.750	31.5163
1399964405.561	n	13.0746	3.73547	1.738	31.5169
1399964405.623	n	13.0740	3.73548	1.723	31.5175
1399964405.685	n	13.0737	3.73551	1.708	31.5179
1399964405.750	n	13.0739	3.73553	1.695	31.5180
1399964405.810	n	13.0744	3.73554	1.679	31.5177
1399964405.872	n	13.0749	3.73554	1.666	31.5173
1399964405.937	n	13.0752	3.73553	1.649	31.5170
1399964405.998	n	13.0754	3.73553	1.638	31.5168
1399964406.060	n	13.0756	3.73555	1.624	31.5168
1399964406.124	n	13.0759	3.73558	1.608	31.5168
1399964406.187	n	13.0763	3.73560	1.594	31.5167
1399964406.248	n	13.0767	3.73562	1.581	31.5166
1399964406.310	n	13.0769	3.73564	1.570	31.5166
1399964406.373	n	13.0772	3.73566	1.554	31.5165
1399964406.436	n	13.0774	3.73569	1.541	31.5167
1399964406.498	n	13.0776	3.73573	1.531	31.5169
1399964406.561	n	13.0773	3.73573	1.516	31.5171
1399964406.624	y	13.0768	3.73570	1.500	31.5173
1399964406.686	n	13.0761	3.73564	1.485	31.5173
1399964406.748	n	13.0755	3.73557	1.471	31.5171
1399964406.810	n	13.0751	3.73550	1.461	31.5169
1399964406.873	n	13.0749	3.73547	1.447	31.5167
1399964406.937	n	13.0750	3.73547	1.433	31.5166
1399964406.998	n	13.0755	3.73550	1.417	31.5165
1399964407.061	n	13.0761	3.73552	1.402	31.5162
1399964407.123	n	13.0763	3.73550	1.383	31.5159
1399964407.186	n	13.0757	3.73543	1.371	31.5157
1399964407.248	n	13.0744	3.73533	1.357	31.5158
1399964407.311	n	13.0732	3.73523	1.341	31.5160
1399964407.374	n	13.0719	3.73513	1.323	31.5161
1399964407.436	n	13.0706	3.73502	1.311	31.5161
1399964407.499	n	13.0694	3.73491	1.296	31.5161
1399964407.560	n	13.0683	3.73485	1.278	31.5165
1399964407.623	n	13.0680	3.73487	1.264	31.5169
1399964407.685	n	13.0687	3.73499	1.253	31.5174
1399964407.749	n	13.0701	3.73515	1.239	31.5178
1399964407.811	n	13.0716	3.73529	1.225	31.5178
1399964407.874	n	13.0729	3.73540	1.211	31.5178
1399964407.938	n	13.0739	3.73548	1.199	31.5177
1399964407.999	n	13.0747	3.73552	1.184	31.5174
1399964408.166	y	13.0752	3.73553	1.175	31.5171
1399964408.172	n	13.0755	3.73554	1.157	31.5170
1399964408.185	n	13.0757	3.73553	1.146	31.5167
1399964408.249	n	13.0758	3.73552	1.135	31.5166
1399964408.310	n	13.0758	3.73551	1.127	31.5165
1399964408.373	n	13.0758	3.73551	1.112	31.5164
1399964408.436	n	13.0759	3.73550	1.103	31.5163
1399964408.498	n	13.0761	3.73551	1.089	31.5162
1399964408.562	n	13.0764	3.73550	1.078	31.5159
1399964408.622	n	13.0766	3.73546	1.067	31.5154
1399964408.686	n	13.0767	3.73542	1.057	31.5149
1399964408.748	n	13.0764	3.73539	1.047	31.5149
1399964408.811	n	13.0754	3.73534	1.035	31.5153
1399964408.873	n	13.0737	3.73525	1.026	31.5158
1399964408.936	n	13.0712	3.73508	1.016	31.5162
1399964408.999	n	13.0684	3.73487	1.001	31.5166
1399964409.061	n	13.0656	3.73467	0.990	31.5171
1399964409.124	n	13.0629	3.73448	0.979	31.5176
1399964409.187	n	13.0606	3.73433	0.966	31.5180
1399964409.248	n	13.0594	3.73422	0.952	31.5181
1399964409.310	n	13.0590	3.73416	0.940	31.5178
1399964409.372	n	13.0595	3.73416	0.924	31.5174
1399964409.435	n	13.0606	3.73424	0.912	31.5173
1399964409.497	n	13.0616	3.73433	0.898	31.5172
1399964409.561	n	13.0619	3.73432	0.882	31.5169
1399964409.623	n	13.0614	3.73422	0.868	31.5165
1399964409.687	n	13.0598	3.73405	0.853	31.5161
1399964409.748	n	13.0575	3.73386	0.840	31.5163
1399964409.812	n	13.0549	3.73376	0.827	31.5174
1399964409.874	n	13.0529	3.73373	0.817	31.5189
1399964409.935	n	13.0517	3.73373	0.803	31.5199
1399964409.997	n	13.0512	3.73372	0.791	31.5202
1399964410.060	n	13.0511	3.73370	0.776	31.5202
1399964410.122	n	13.0509	3.73366	0.768	31.5199
1399964410.187	y	13.0507	3.73358	0.756	31.5194
1399964410.249	n	13.0504	3.73349	0.748	31.5187
1399964410.311	n	13.0504	3.73340	0.736	31.5179
1399964410.373	n	13.0505	3.73333	0.724	31.5172
1399964410.437	n	13.0507	3.73331	0.715	31.5168
1399964410.498	n	13.0511	3.73334	0.706	31.5168
1399964410.560	n	13.0517	3.73336	0.696	31.5165
1399964410.623	n	13.0522	3.73336	0.688	31.5161
1399964410.687	n	13.0518	3.73328	0.679	31.5156
1399964410.748	n	13.0503	3.73312	0.674	31.5154
1399964410.811	n	13.0476	3.73288	0.665	31.5155
1399964410.874	n	13.0440	3.73260	0.658	31.5158
1399964410.936	n	13.0404	3.73229	0.651	31.5158
1399964411.000	n	13.0373	3.73197	0.642	31.5154
1399964411.062	n	13.0341	3.73165	0.634	31.5151
1399964411.124	n	13.0316	3.73144	0.626	31.5152
1399964411.192	n	13.0308	3.73136	0.624	31.5150
1399964411.248	n	13.0320	3.73144	0.617	31.5148
1399964411.311	n	13.0345	3.73166	0.608	31.5149
1399964411.373	n	13.0373	3.73190	0.604	31.5147
1399964411.437	n	13.0386	3.73203	0.602	31.5149
1399964411.499	n	13.0373	3.52965	0.597	29.6231
1399964411.560	n	13.0332	3.06856	0.589	25.3749
1399964411.623	n	13.0257	2.43588	0.585	19.6887
1399964411.685	n	13.0142	1.78434	0.579	14.0197
1399964411.749	n	12.9996	1.28701	0.575	9.8389
1399964411.810	n	12.9844	1.07153	0.571	8.0752
1399964411.874	n	12.9713	0.98483	0.567	7.3757
1399964411.936	n	12.9622	0.92906	0.561	6.9286
1399964411.998	n	12.9580	0.87032	0.554	6.4592
1399964412.061	n	12.9574	0.79651	0.553	5.8725
1399964412.123	n	12.9583	0.72343	0.550	5.2963
1399964412.188	n	12.9594	0.65888	0.549	4.7914
1399964412.251	n	12.9601	0.62252	0.547	4.5088
1399964412.477	y	12.9609	0.59995	0.544	4.3341
