Source File: D:\Storage\Programs\OOI\Group 5\Correspondence\07_18_14 sample files\files\11337908.PPB
Processed: 07/18/2014 12:28:16
Using Version: 1.11
Device: CTD
Start Date: 05/13/2014
Timestamp (s)	Suspect Timestamp	Temperature	Conductivity	Pressure	Salinity
1400007516.683	y	11.4806	3.65702	23.159	32.1108
1400007516.745	n	11.4806	3.65704	23.156	32.1111
1400007516.809	n	11.4806	3.65704	23.160	32.1111
1400007516.872	n	11.4806	3.65702	23.159	32.1109
1400007516.935	n	11.4806	3.65704	23.156	32.1111
1400007516.995	n	11.4803	3.65704	23.154	32.1113
1400007517.057	n	11.4804	3.65705	23.152	32.1113
1400007517.124	n	11.4805	3.65704	23.160	32.1111
1400007517.184	n	11.4805	3.65705	23.155	32.1112
1400007517.248	n	11.4805	3.65705	23.154	32.1112
1400007517.310	n	11.4804	3.65705	23.154	32.1112
1400007517.373	n	11.4804	3.65704	23.152	32.1112
1400007517.437	n	11.4804	3.65705	23.149	32.1113
1400007517.497	n	11.4803	3.65704	23.151	32.1113
1400007517.559	n	11.4802	3.65704	23.148	32.1114
1400007517.624	n	11.4801	3.65703	23.151	32.1114
1400007517.686	n	11.4801	3.65703	23.149	32.1114
1400007517.748	n	11.4800	3.65703	23.151	32.1114
1400007517.808	n	11.4800	3.65704	23.147	32.1115
1400007517.872	n	11.4800	3.65704	23.147	32.1116
1400007517.935	n	11.4800	3.65704	23.149	32.1116
1400007517.997	n	11.4799	3.65704	23.147	32.1116
1400007518.059	n	11.4798	3.65703	23.149	32.1116
1400007518.124	n	11.4797	3.65703	23.148	32.1117
1400007518.184	n	11.4797	3.65703	23.144	32.1117
1400007519.838	n	11.4797	3.65704	23.144	32.1118
1400007519.875	n	11.4797	3.65704	23.146	32.1118
1400007519.898	n	11.4797	3.65704	23.144	32.1118
1400007519.920	n	11.4797	3.65703	23.142	32.1117
1400007519.929	n	11.4796	3.65702	23.145	32.1117
1400007519.937	n	11.4796	3.65701	23.146	32.1116
1400007519.944	n	11.4796	3.65701	23.146	32.1116
1400007519.951	n	11.4795	3.65701	23.144	32.1117
1400007519.958	n	11.4795	3.65701	23.143	32.1117
1400007519.965	n	11.4795	3.65702	23.140	32.1118
1400007519.971	n	11.4795	3.65704	23.141	32.1120
1400007519.979	n	11.4794	3.65705	23.145	32.1121
1400007519.986	n	11.4794	3.65706	23.144	32.1123
1400007519.994	n	11.4794	3.65706	23.142	32.1123
1400007520.002	n	11.4794	3.65706	23.143	32.1122
1400007520.009	n	11.4794	3.65705	23.142	32.1121
1400007520.014	n	11.4794	3.65704	23.141	32.1120
1400007520.020	n	11.4794	3.65704	23.144	32.1120
1400007520.027	n	11.4794	3.65704	23.144	32.1121
1400007520.034	n	11.4793	3.65704	23.144	32.1122
1400007520.040	n	11.4793	3.65705	23.146	32.1122
1400007520.047	n	11.4793	3.65705	23.145	32.1123
1400007520.053	n	11.4792	3.65705	23.144	32.1124
1400007520.059	n	11.4792	3.65705	23.145	32.1123
1400007520.065	n	11.4791	3.65703	23.146	32.1123
1400007520.071	n	11.4790	3.65702	23.140	32.1122
1400007520.077	n	11.4790	3.65701	23.140	32.1122
1400007520.085	n	11.4789	3.65701	23.147	32.1121
1400007520.092	n	11.4789	3.65700	23.145	32.1122
1400007520.099	n	11.4788	3.65701	23.141	32.1122
1400007520.122	n	11.4788	3.65701	23.142	32.1123
1400007520.185	n	11.4787	3.65702	23.142	32.1125
1400007520.247	n	11.4787	3.65703	23.144	32.1126
1400007520.308	n	11.4786	3.65703	23.144	32.1126
1400007520.375	n	11.4786	3.65703	23.144	32.1126
1400007520.438	n	11.4786	3.65702	23.144	32.1126
1400007520.497	n	11.4786	3.65702	23.140	32.1126
1400007520.560	n	11.4786	3.65703	23.140	32.1126
1400007520.622	n	11.4786	3.65704	23.143	32.1127
1400007520.684	n	11.4785	3.65705	23.142	32.1129
1400007520.748	n	11.4785	3.65705	23.142	32.1129
1400007520.809	n	11.4785	3.65703	23.141	32.1127
1400007520.881	n	11.4785	3.65702	23.141	32.1127
1400007520.937	n	11.4784	3.65702	23.136	32.1127
1400007520.998	n	11.4784	3.65702	23.138	32.1128
1400007521.058	n	11.4783	3.65703	23.136	32.1130
1400007521.121	n	11.4783	3.65704	23.137	32.1130
1400007521.185	n	11.4783	3.65704	23.137	32.1130
1400007521.248	n	11.4784	3.65704	23.137	32.1129
1400007521.311	n	11.4784	3.65704	23.136	32.1129
1400007521.372	n	11.4784	3.65703	23.138	32.1129
1400007521.436	n	11.4784	3.65702	23.136	32.1128
1400007521.498	n	11.4784	3.65702	23.135	32.1128
1400007521.561	n	11.4784	3.65701	23.132	32.1127
1400007521.622	n	11.4784	3.65701	23.132	32.1127
1400007521.685	n	11.4784	3.65702	23.133	32.1128
1400007521.748	n	11.4784	3.65703	23.130	32.1128
1400007521.810	n	11.4784	3.65704	23.132	32.1129
1400007521.878	n	11.4784	3.65705	23.128	32.1130
1400007521.933	n	11.4784	3.65706	23.129	32.1131
1400007521.997	n	11.4784	3.65706	23.129	32.1132
1400007522.061	n	11.4784	3.65705	23.129	32.1131
1400007522.122	n	11.4784	3.65705	23.129	32.1130
1400007522.185	n	11.4784	3.65704	23.125	32.1130
1400007522.248	n	11.4783	3.65704	23.128	32.1130
1400007522.310	n	11.4783	3.65705	23.127	32.1131
1400007522.402	y	11.4783	3.65705	23.124	32.1131
1400007522.435	n	11.4783	3.65704	23.123	32.1130
1400007522.497	n	11.4784	3.65705	23.121	32.1130
1400007522.560	n	11.4784	3.65705	23.120	32.1130
1400007522.623	n	11.4784	3.65704	23.118	32.1130
1400007522.686	n	11.4784	3.65704	23.119	32.1129
1400007522.746	n	11.4784	3.65703	23.117	32.1128
1400007522.809	n	11.4784	3.65702	23.118	32.1128
1400007522.880	n	11.4784	3.65702	23.115	32.1128
1400007522.935	n	11.4783	3.65702	23.118	32.1128
1400007522.998	n	11.4783	3.65702	23.115	32.1128
1400007523.059	n	11.4783	3.65702	23.114	32.1129
1400007523.121	n	11.4782	3.65702	23.111	32.1130
1400007523.184	n	11.4782	3.65703	23.110	32.1130
1400007523.247	n	11.4782	3.65702	23.112	32.1129
1400007523.310	n	11.4783	3.65702	23.112	32.1129
1400007523.372	n	11.4784	3.65702	23.109	32.1128
1400007523.560	y	11.4785	3.65702	23.109	32.1127
1400007523.569	n	11.4785	3.65702	23.110	32.1127
1400007523.577	n	11.4785	3.65703	23.106	32.1127
1400007523.623	n	11.4785	3.65703	23.106	32.1127
1400007523.684	n	11.4785	3.65703	23.104	32.1127
1400007523.748	n	11.4786	3.65703	23.104	32.1127
1400007523.811	n	11.4786	3.65703	23.104	32.1126
1400007523.873	n	11.4786	3.65702	23.101	32.1126
1400007523.935	n	11.4786	3.65702	23.104	32.1126
1400007523.998	n	11.4786	3.65702	23.100	32.1126
1400007524.059	n	11.4786	3.65703	23.102	32.1127
1400007524.124	n	11.4787	3.65703	23.099	32.1126
1400007524.186	n	11.4787	3.65703	23.099	32.1125
1400007524.249	n	11.4788	3.65701	23.099	32.1124
1400007524.309	n	11.4788	3.65701	23.097	32.1123
1400007524.374	n	11.4789	3.65701	23.094	32.1122
1400007524.433	n	11.4789	3.65701	23.095	32.1122
1400007524.498	n	11.4789	3.65701	23.095	32.1123
1400007524.562	n	11.4788	3.65701	23.092	32.1123
1400007524.627	n	11.4788	3.65701	23.091	32.1123
1400007524.685	n	11.4789	3.65702	23.090	32.1123
1400007524.747	n	11.4791	3.65702	23.091	32.1122
1400007524.810	n	11.4792	3.65702	23.089	32.1121
1400007524.874	n	11.4793	3.65702	23.087	32.1120
1400007524.933	n	11.4794	3.65702	23.087	32.1119
1400007524.997	n	11.4795	3.65702	23.088	32.1119
1400007525.059	n	11.4795	3.65702	23.089	32.1118
1400007525.121	n	11.4796	3.65702	23.087	32.1117
1400007525.186	n	11.4797	3.65702	23.086	32.1116
1400007525.248	n	11.4798	3.65702	23.088	32.1116
1400007525.310	n	11.4799	3.65702	23.085	32.1114
1400007525.373	n	11.4800	3.65702	23.087	32.1114
1400007525.435	n	11.4801	3.65703	23.090	32.1113
1400007525.497	n	11.4802	3.65703	23.084	32.1113
1400007525.560	n	11.4803	3.65703	23.083	32.1112
1400007525.623	n	11.4804	3.65703	23.084	32.1112
1400007525.685	n	11.4805	3.65703	23.081	32.1111
1400007525.747	n	11.4806	3.65703	23.081	32.1110
1400007525.809	n	11.4807	3.65703	23.081	32.1108
1400007525.872	n	11.4809	3.65702	23.080	32.1106
1400007525.934	n	11.4810	3.65701	23.075	32.1104
1400007525.997	n	11.4812	3.65701	23.075	32.1102
1400007526.059	y	11.4814	3.65700	23.072	32.1100
1400007526.123	n	11.4816	3.65700	23.070	32.1098
1400007526.185	n	11.4817	3.65700	23.073	32.1097
1400007526.247	n	11.4819	3.65701	23.069	32.1096
1400007526.309	n	11.4820	3.65702	23.066	32.1097
1400007526.373	n	11.4820	3.65703	23.062	32.1098
1400007526.434	n	11.4821	3.65705	23.057	32.1099
1400007526.498	n	11.4821	3.65706	23.053	32.1099
1400007526.562	y	11.4822	3.65705	23.051	32.1098
1400007526.622	n	11.4822	3.65705	23.046	32.1097
1400007526.685	n	11.4823	3.65705	23.044	32.1097
1400007526.746	n	11.4823	3.65705	23.038	32.1096
1400007526.813	n	11.4823	3.65705	23.036	32.1097
1400007526.872	n	11.4824	3.65705	23.031	32.1097
1400007526.935	n	11.4824	3.65705	23.025	32.1097
1400007526.997	n	11.4824	3.65706	23.023	32.1097
1400007527.060	n	11.4824	3.65706	23.014	32.1097
1400007527.121	n	11.4825	3.65707	23.011	32.1097
1400007527.185	n	11.4826	3.65706	23.004	32.1096
1400007527.246	n	11.4827	3.65706	23.002	32.1095
1400007527.349	n	11.4828	3.65705	22.993	32.1094
1400007527.374	n	11.4828	3.65705	22.988	32.1093
1400007527.436	n	11.4829	3.65705	22.978	32.1092
1400007527.498	n	11.4829	3.65705	22.969	32.1092
1400007527.560	n	11.4829	3.65705	22.965	32.1092
1400007527.621	n	11.4830	3.65705	22.960	32.1092
1400007527.848	y	11.4830	3.65705	22.952	32.1090
1400007527.855	n	11.4832	3.65704	22.942	32.1089
1400007527.861	n	11.4833	3.65703	22.934	32.1087
1400007527.873	n	11.4834	3.65703	22.926	32.1086
1400007527.942	n	11.4835	3.65703	22.917	32.1084
1400007527.998	n	11.4837	3.65702	22.909	32.1083
1400007528.059	n	11.4838	3.65702	22.900	32.1082
1400007528.122	n	11.4840	3.65702	22.890	32.1080
1400007528.184	n	11.4841	3.65702	22.883	32.1079
1400007528.247	n	11.4843	3.65702	22.874	32.1077
1400007528.309	n	11.4844	3.65701	22.864	32.1076
1400007528.373	n	11.4845	3.65701	22.852	32.1074
1400007528.434	n	11.4847	3.65701	22.842	32.1073
1400007528.498	n	11.4848	3.65701	22.830	32.1072
1400007528.561	n	11.4849	3.65701	22.816	32.1071
1400007528.623	n	11.4850	3.65701	22.806	32.1070
1400007528.685	n	11.4852	3.65701	22.799	32.1069
1400007528.747	n	11.4853	3.65701	22.787	32.1068
1400007528.809	n	11.4855	3.65702	22.775	32.1067
1400007528.874	n	11.4857	3.65702	22.763	32.1066
1400007528.935	n	11.4858	3.65702	22.752	32.1065
1400007528.996	n	11.4859	3.65702	22.736	32.1063
1400007529.475	n	11.4861	3.65701	22.724	32.1061
1400007529.485	y	11.4862	3.65700	22.714	32.1059
1400007529.490	n	11.4863	3.65700	22.705	32.1058
1400007529.497	n	11.4865	3.65700	22.691	32.1058
1400007529.502	n	11.4866	3.65701	22.675	32.1057
1400007529.508	n	11.4868	3.65700	22.666	32.1055
1400007529.513	n	11.4869	3.65699	22.650	32.1053
1400007529.519	n	11.4871	3.65699	22.638	32.1051
1400007529.559	n	11.4873	3.65699	22.624	32.1049
1400007529.622	n	11.4875	3.65698	22.614	32.1047
1400007529.726	y	11.4877	3.65698	22.601	32.1046
1400007529.747	n	11.4879	3.65698	22.590	32.1044
1400007529.811	n	11.4881	3.65698	22.577	32.1042
1400007529.873	n	11.4883	3.65699	22.562	32.1041
1400007529.934	n	11.4885	3.65699	22.550	32.1039
1400007529.996	n	11.4887	3.65699	22.536	32.1038
1400007530.059	n	11.4889	3.65699	22.525	32.1037
1400007530.123	n	11.4890	3.65699	22.508	32.1035
1400007530.184	n	11.4893	3.65699	22.495	32.1033
1400007530.247	n	11.4896	3.65700	22.483	32.1031
1400007530.309	n	11.4898	3.65700	22.472	32.1029
1400007530.373	n	11.4901	3.65700	22.454	32.1027
1400007530.434	n	11.4904	3.65700	22.442	32.1024
1400007530.497	n	11.4907	3.65699	22.426	32.1021
1400007530.560	n	11.4910	3.65698	22.414	32.1018
1400007530.622	n	11.4912	3.65698	22.397	32.1015
1400007530.684	n	11.4915	3.65697	22.386	32.1012
1400007530.747	n	11.4918	3.65697	22.370	32.1010
1400007530.811	n	11.4921	3.65698	22.357	32.1008
1400007530.877	n	11.4924	3.65698	22.345	32.1005
1400007530.933	n	11.4927	3.65698	22.332	32.1003
1400007530.996	n	11.4929	3.65698	22.316	32.1001
1400007531.060	n	11.4931	3.65699	22.298	32.1000
1400007531.122	n	11.4933	3.65699	22.286	32.0998
1400007531.185	n	11.4936	3.65699	22.272	32.0996
1400007531.248	n	11.4939	3.65698	22.254	32.0993
1400007531.311	n	11.4942	3.65698	22.241	32.0990
1400007531.372	n	11.4945	3.65698	22.228	32.0988
1400007531.435	n	11.4948	3.65700	22.212	32.0986
1400007531.496	n	11.4951	3.65701	22.195	32.0986
1400007531.559	n	11.4953	3.65702	22.182	32.0984
1400007531.622	n	11.4956	3.65701	22.168	32.0982
1400007531.684	n	11.4959	3.65700	22.152	32.0978
1400007531.746	n	11.4961	3.65698	22.137	32.0974
1400007531.809	n	11.4964	3.65697	22.123	32.0970
1400007531.872	n	11.4968	3.65697	22.104	32.0967
1400007532.100	y	11.4972	3.65697	22.087	32.0964
1400007532.107	n	11.4976	3.65698	22.074	32.0962
1400007532.113	n	11.4979	3.65698	22.058	32.0959
1400007532.123	n	11.4983	3.65698	22.043	32.0956
1400007532.184	n	11.4988	3.65699	22.027	32.0952
1400007532.246	n	11.4992	3.65699	22.010	32.0948
1400007532.309	n	11.4997	3.65699	21.992	32.0944
1400007532.371	n	11.5002	3.65698	21.980	32.0940
1400007532.433	n	11.5006	3.65698	21.966	32.0936
1400007532.496	n	11.5011	3.65698	21.950	32.0931
1400007532.559	n	11.5017	3.65698	21.929	32.0927
1400007532.622	n	11.5022	3.65699	21.911	32.0923
1400007532.684	n	11.5028	3.65700	21.895	32.0918
1400007532.747	n	11.5034	3.65699	21.878	32.0912
1400007532.811	n	11.5041	3.65699	21.867	32.0906
1400007532.872	n	11.5048	3.65698	21.847	32.0900
1400007532.934	n	11.5055	3.65698	21.830	32.0893
1400007532.997	n	11.5063	3.65698	21.814	32.0887
1400007533.060	n	11.5070	3.65698	21.798	32.0881
1400007533.121	n	11.5077	3.65699	21.778	32.0875
1400007533.185	n	11.5086	3.65700	21.760	32.0869
1400007533.246	n	11.5094	3.65700	21.741	32.0862
1400007533.326	y	11.5103	3.65701	21.724	32.0856
1400007533.373	n	11.5112	3.65701	21.708	32.0848
1400007533.434	n	11.5121	3.65701	21.690	32.0840
1400007533.497	n	11.5130	3.65699	21.672	32.0831
1400007533.559	n	11.5140	3.65698	21.655	32.0821
1400007533.623	n	11.5150	3.65698	21.636	32.0812
1400007533.685	n	11.5161	3.65698	21.614	32.0803
1400007533.748	n	11.5172	3.65698	21.600	32.0794
1400007533.810	n	11.5183	3.65698	21.580	32.0784
1400007533.873	n	11.5195	3.65698	21.563	32.0773
1400007533.935	n	11.5207	3.65697	21.546	32.0762
1400007533.997	n	11.5219	3.65697	21.528	32.0752
1400007534.061	n	11.5232	3.65697	21.508	32.0741
1400007534.123	n	11.5245	3.65697	21.485	32.0730
1400007534.184	n	11.5258	3.65698	21.468	32.0719
1400007534.246	n	11.5272	3.65699	21.450	32.0708
1400007534.310	n	11.5286	3.65700	21.432	32.0697
1400007534.372	n	11.5301	3.65701	21.413	32.0686
1400007534.433	n	11.5316	3.65702	21.391	32.0674
1400007534.497	n	11.5331	3.65703	21.375	32.0661
1400007534.560	n	11.5346	3.65703	21.355	32.0649
1400007534.622	n	11.5362	3.65703	21.333	32.0635
1400007534.684	n	11.5377	3.65703	21.316	32.0621
1400007534.747	n	11.5394	3.65702	21.298	32.0607
1400007534.810	n	11.5410	3.65702	21.276	32.0592
1400007534.872	n	11.5426	3.65701	21.258	32.0578
1400007534.935	n	11.5442	3.65702	21.236	32.0565
1400007534.996	n	11.5458	3.65703	21.217	32.0552
1400007535.060	n	11.5474	3.65703	21.197	32.0539
1400007535.121	n	11.5490	3.65704	21.177	32.0526
1400007535.184	n	11.5506	3.65704	21.158	32.0512
1400007535.246	n	11.5522	3.65703	21.135	32.0497
1400007535.311	n	11.5539	3.65703	21.116	32.0483
1400007535.372	n	11.5555	3.65703	21.098	32.0469
1400007535.434	n	11.5571	3.65703	21.079	32.0455
1400007535.498	n	11.5588	3.65704	21.057	32.0442
1400007535.560	n	11.5604	3.65705	21.039	32.0429
1400007535.622	n	11.5620	3.65705	21.019	32.0415
1400007535.685	n	11.5637	3.65706	20.995	32.0401
1400007535.748	n	11.5653	3.65706	20.974	32.0388
1400007535.810	n	11.5669	3.65707	20.956	32.0375
1400007535.873	n	11.5685	3.65707	20.935	32.0361
1400007535.933	n	11.5701	3.65707	20.913	32.0347
1400007535.996	n	11.5717	3.65708	20.893	32.0334
1400007536.060	n	11.5734	3.65708	20.873	32.0320
1400007536.121	n	11.5750	3.65709	20.852	32.0307
1400007536.253	y	11.5766	3.65709	20.831	32.0293
1400007536.257	n	11.5783	3.65708	20.813	32.0278
1400007536.309	n	11.5799	3.65707	20.791	32.0263
1400007536.371	n	11.5816	3.65706	20.769	32.0248
1400007536.435	n	11.5832	3.65706	20.749	32.0233
1400007536.497	n	11.5849	3.65706	20.728	32.0219
1400007536.560	n	11.5866	3.65706	20.708	32.0205
1400007536.621	n	11.5882	3.65705	20.686	32.0190
1400007536.685	n	11.5898	3.65706	20.671	32.0176
1400007536.746	n	11.5915	3.65707	20.650	32.0163
1400007536.811	n	11.5930	3.65708	20.630	32.0151
1400007536.872	n	11.5946	3.65708	20.609	32.0137
1400007536.934	n	11.5963	3.65708	20.587	32.0123
1400007537.049	y	11.5979	3.65708	20.567	32.0109
1400007537.060	n	11.5995	3.65707	20.546	32.0095
1400007537.122	n	11.6012	3.65708	20.526	32.0081
1400007537.184	n	11.6027	3.65709	20.508	32.0069
1400007537.247	n	11.6043	3.65709	20.489	32.0055
1400007537.311	n	11.6058	3.65708	20.467	32.0042
1400007537.372	n	11.6074	3.65708	20.445	32.0028
1400007537.435	n	11.6089	3.65709	20.429	32.0015
1400007537.497	n	11.6105	3.65709	20.407	32.0003
1400007537.559	n	11.6120	3.65710	20.388	31.9990
1400007537.624	n	11.6135	3.65709	20.365	31.9976
1400007537.684	n	11.6150	3.65707	20.347	31.9962
1400007537.746	n	11.6165	3.65707	20.331	31.9949
1400007537.809	n	11.6180	3.65706	20.312	31.9935
1400007537.871	n	11.6195	3.65706	20.293	31.9922
1400007537.935	n	11.6211	3.65707	20.270	31.9909
1400007537.996	n	11.6226	3.65707	20.251	31.9897
1400007538.061	n	11.6241	3.65709	20.235	31.9885
1400007538.122	n	11.6255	3.65710	20.216	31.9874
1400007538.184	n	11.6269	3.65710	20.198	31.9863
1400007538.247	n	11.6283	3.65710	20.179	31.9850
1400007538.310	n	11.6298	3.65710	20.158	31.9837
1400007538.372	n	11.6312	3.65709	20.139	31.9825
1400007538.434	n	11.6326	3.65708	20.122	31.9812
1400007538.497	n	11.6339	3.65707	20.105	31.9800
1400007538.560	n	11.6352	3.65707	20.086	31.9788
1400007538.623	n	11.6365	3.65707	20.064	31.9777
1400007538.684	n	11.6378	3.65708	20.049	31.9767
1400007538.747	n	11.6391	3.65709	20.030	31.9757
1400007538.810	n	11.6404	3.65710	20.010	31.9747
1400007538.871	n	11.6418	3.65711	19.996	31.9736
1400007538.934	n	11.6431	3.65712	19.979	31.9726
1400007538.997	y	11.6444	3.65712	19.956	31.9715
1400007539.136	n	11.6456	3.65712	19.942	31.9704
1400007539.142	n	11.6469	3.65712	19.925	31.9693
1400007539.185	n	11.6482	3.65712	19.911	31.9682
1400007539.247	n	11.6494	3.65712	19.890	31.9671
1400007539.310	n	11.6507	3.65712	19.872	31.9660
1400007539.373	n	11.6520	3.65711	19.855	31.9648
1400007539.434	n	11.6534	3.65710	19.837	31.9636
1400007539.497	n	11.6547	3.65710	19.819	31.9625
1400007539.559	n	11.6559	3.65710	19.806	31.9614
1400007539.623	n	11.6572	3.65711	19.789	31.9604
1400007539.685	n	11.6585	3.65712	19.772	31.9593
1400007539.747	n	11.6598	3.65712	19.755	31.9583
1400007539.811	n	11.6610	3.65711	19.738	31.9571
1400007539.872	n	11.6623	3.65711	19.718	31.9560
1400007539.935	n	11.6636	3.65710	19.703	31.9548
1400007539.996	n	11.6649	3.65709	19.686	31.9536
1400007540.059	n	11.6662	3.65709	19.668	31.9525
1400007540.124	n	11.6674	3.65709	19.651	31.9515
1400007540.275	y	11.6686	3.65709	19.635	31.9504
1400007540.280	n	11.6699	3.65709	19.617	31.9493
1400007540.311	n	11.6713	3.65709	19.600	31.9481
1400007540.371	n	11.6727	3.65708	19.583	31.9469
1400007540.435	n	11.6740	3.65708	19.566	31.9457
1400007540.496	n	11.6753	3.65708	19.553	31.9446
1400007540.560	n	11.6766	3.65708	19.536	31.9435
1400007540.621	n	11.6780	3.65709	19.521	31.9423
1400007540.684	y	11.6795	3.65709	19.505	31.9412
1400007540.748	n	11.6809	3.65710	19.488	31.9400
1400007540.810	n	11.6824	3.65711	19.470	31.9388
1400007540.872	n	11.6839	3.65711	19.453	31.9375
1400007540.936	n	11.6854	3.65711	19.436	31.9362
1400007540.997	n	11.6869	3.65710	19.418	31.9349
1400007541.060	n	11.6884	3.65710	19.398	31.9336
1400007541.122	n	11.6900	3.65710	19.385	31.9323
1400007541.185	n	11.6915	3.65711	19.368	31.9310
1400007541.248	n	11.6931	3.65710	19.348	31.9296
1400007541.310	n	11.6946	3.65710	19.331	31.9282
1400007541.372	n	11.6962	3.65709	19.317	31.9268
1400007541.435	n	11.6978	3.65709	19.300	31.9254
1400007541.496	n	11.6994	3.65710	19.286	31.9241
1400007541.561	n	11.7011	3.65710	19.266	31.9227
1400007541.624	n	11.7028	3.65709	19.249	31.9212
1400007541.684	n	11.7045	3.65709	19.232	31.9198
1400007541.747	n	11.7063	3.65710	19.212	31.9183
1400007541.809	n	11.7080	3.65710	19.196	31.9168
1400007541.873	n	11.7098	3.65710	19.179	31.9153
1400007541.935	n	11.7115	3.65710	19.160	31.9138
1400007541.997	n	11.7133	3.65710	19.147	31.9123
1400007542.059	n	11.7152	3.65710	19.126	31.9107
1400007542.121	n	11.7170	3.65710	19.104	31.9091
1400007542.185	n	11.7190	3.65711	19.088	31.9076
1400007542.247	n	11.7209	3.65711	19.070	31.9059
1400007542.309	n	11.7228	3.65711	19.052	31.9043
1400007542.372	n	11.7247	3.65711	19.036	31.9026
1400007542.434	n	11.7266	3.65711	19.019	31.9010
1400007542.497	n	11.7286	3.65711	19.000	31.8993
1400007542.560	n	11.7306	3.65712	18.979	31.8977
1400007542.622	n	11.7327	3.65713	18.962	31.8960
1400007542.685	n	11.7347	3.65712	18.944	31.8942
1400007542.748	n	11.7366	3.65711	18.926	31.8925
1400007542.811	n	11.7386	3.65711	18.907	31.8908
1400007542.872	n	11.7405	3.65711	18.886	31.8892
1400007542.933	n	11.7425	3.65712	18.870	31.8875
1400007542.999	n	11.7445	3.65712	18.853	31.8858
1400007543.060	n	11.7466	3.65713	18.833	31.8841
1400007543.121	n	11.7486	3.65713	18.811	31.8825
1400007543.185	n	11.7506	3.65714	18.793	31.8808
1400007543.247	n	11.7526	3.65714	18.774	31.8791
1400007543.309	n	11.7546	3.65715	18.755	31.8775
1400007543.372	n	11.7566	3.65715	18.738	31.8757
1400007543.435	n	11.7586	3.65715	18.718	31.8741
1400007543.497	n	11.7605	3.65715	18.701	31.8724
1400007543.559	n	11.7624	3.65714	18.679	31.8707
1400007543.623	n	11.7642	3.65714	18.659	31.8692
1400007543.684	n	11.7660	3.65715	18.641	31.8677
1400007543.746	n	11.7679	3.65714	18.624	31.8661
1400007543.809	n	11.7698	3.65715	18.606	31.8645
1400007543.873	n	11.7717	3.65715	18.583	31.8628
1400007543.935	n	11.7737	3.65714	18.562	31.8611
1400007543.997	n	11.7755	3.65714	18.546	31.8595
1400007544.061	n	11.7774	3.65714	18.524	31.8580
1400007544.123	n	11.7791	3.65714	18.504	31.8565
1400007544.185	n	11.7808	3.65715	18.486	31.8551
1400007544.248	n	11.7824	3.65716	18.467	31.8538
1400007544.309	n	11.7839	3.65716	18.446	31.8525
1400007544.373	y	11.7853	3.65714	18.427	31.8512
1400007544.553	y	11.7866	3.65713	18.409	31.8500
1400007544.560	n	11.7878	3.65712	18.390	31.8488
1400007544.565	n	11.7890	3.65711	18.368	31.8477
1400007544.622	n	11.7902	3.65710	18.347	31.8466
1400007544.685	n	11.7914	3.65709	18.328	31.8456
1400007544.747	n	11.7925	3.65709	18.308	31.8445
1400007544.811	n	11.7937	3.65709	18.291	31.8436
1400007544.872	n	11.7947	3.65710	18.267	31.8429
1400007544.934	n	11.7957	3.65712	18.249	31.8421
1400007544.997	n	11.7968	3.65712	18.231	31.8413
1400007545.060	n	11.7978	3.65713	18.210	31.8405
1400007545.123	n	11.7988	3.65713	18.191	31.8397
1400007545.184	n	11.7998	3.65712	18.171	31.8387
1400007545.246	n	11.8007	3.65710	18.151	31.8377
1400007545.309	n	11.8016	3.65709	18.134	31.8368
1400007545.371	n	11.8025	3.65707	18.114	31.8359
1400007545.435	n	11.8033	3.65707	18.094	31.8352
1400007545.497	n	11.8042	3.65708	18.074	31.8346
1400007545.559	n	11.8050	3.65708	18.053	31.8340
1400007545.623	n	11.8057	3.65708	18.034	31.8333
1400007545.685	n	11.8065	3.65707	18.013	31.8325
1400007545.746	n	11.8072	3.65706	17.995	31.8318
1400007545.809	n	11.8079	3.65706	17.976	31.8312
1400007545.874	n	11.8085	3.65705	17.959	31.8306
1400007545.934	n	11.8091	3.65705	17.937	31.8301
1400007545.997	n	11.8097	3.65705	17.920	31.8297
1400007546.062	n	11.8102	3.65706	17.901	31.8293
1400007546.121	n	11.8106	3.65706	17.878	31.8290
1400007546.184	n	11.8110	3.65706	17.859	31.8287
1400007546.246	n	11.8112	3.65706	17.841	31.8285
1400007546.311	n	11.8114	3.65705	17.823	31.8282
1400007546.372	n	11.8116	3.65705	17.805	31.8280
1400007546.434	n	11.8117	3.65704	17.787	31.8279
1400007546.496	n	11.8116	3.65704	17.769	31.8280
1400007546.561	n	11.8115	3.65703	17.747	31.8280
1400007546.622	n	11.8113	3.65703	17.728	31.8282
1400007546.684	n	11.8111	3.65703	17.710	31.8284
1400007546.746	n	11.8108	3.65702	17.691	31.8285
1400007546.810	n	11.8105	3.65701	17.672	31.8287
1400007546.872	n	11.8101	3.65700	17.653	31.8290
1400007546.934	n	11.8096	3.65700	17.633	31.8293
1400007546.998	n	11.8091	3.65700	17.617	31.8298
1400007547.059	n	11.8086	3.65700	17.598	31.8302
1400007547.123	n	11.8081	3.65699	17.581	31.8306
1400007547.184	n	11.8075	3.65698	17.562	31.8310
1400007547.247	n	11.8069	3.65698	17.541	31.8315
1400007547.309	n	11.8063	3.65697	17.521	31.8320
1400007547.373	n	11.8057	3.65697	17.503	31.8324
1400007547.435	n	11.8051	3.65696	17.487	31.8329
1400007547.498	n	11.8045	3.65696	17.467	31.8333
1400007547.560	n	11.8040	3.65695	17.451	31.8337
1400007547.622	n	11.8035	3.65694	17.432	31.8341
1400007547.685	n	11.8031	3.65694	17.415	31.8345
1400007547.748	n	11.8028	3.65694	17.396	31.8347
1400007547.810	n	11.8024	3.65693	17.376	31.8349
1400007547.873	n	11.8021	3.65692	17.360	31.8351
1400007547.934	y	11.8019	3.65691	17.340	31.8352
1400007547.997	n	11.8018	3.65691	17.323	31.8353
1400007548.061	n	11.8019	3.65691	17.302	31.8352
1400007548.122	n	11.8021	3.65691	17.284	31.8351
1400007548.185	n	11.8023	3.65692	17.263	31.8349
1400007548.246	n	11.8026	3.65692	17.245	31.8348
1400007548.311	n	11.8030	3.65693	17.231	31.8345
1400007548.373	n	11.8035	3.65693	17.214	31.8341
1400007548.436	n	11.8040	3.65693	17.194	31.8337
1400007548.498	n	11.8045	3.65692	17.176	31.8331
1400007548.560	n	11.8051	3.65692	17.159	31.8326
1400007548.622	n	11.8059	3.65691	17.139	31.8319
1400007548.770	y	11.8066	3.65692	17.123	31.8313
1400007548.775	n	11.8075	3.65693	17.105	31.8307
1400007548.810	n	11.8084	3.65694	17.084	31.8300
1400007548.873	n	11.8093	3.65694	17.067	31.8293
1400007548.935	n	11.8103	3.65693	17.052	31.8284
1400007548.998	n	11.8113	3.65692	17.035	31.8274
1400007549.059	n	11.8123	3.65691	17.013	31.8265
1400007549.123	n	11.8134	3.65691	16.996	31.8256
1400007549.184	n	11.8145	3.65691	16.979	31.8245
1400007549.246	n	11.8157	3.65691	16.958	31.8235
1400007549.310	n	11.8169	3.65691	16.943	31.8225
1400007549.373	n	11.8182	3.65692	16.924	31.8215
1400007549.435	n	11.8195	3.65693	16.906	31.8205
1400007549.497	n	11.8208	3.65694	16.884	31.8194
1400007549.559	n	11.8222	3.65694	16.870	31.8183
1400007549.623	n	11.8237	3.65693	16.854	31.8170
1400007549.684	n	11.8251	3.65693	16.832	31.8157
1400007549.747	n	11.8265	3.65691	16.814	31.8144
1400007549.810	n	11.8280	3.65690	16.794	31.8130
1400007549.873	n	11.8294	3.65690	16.778	31.8117
1400007549.935	n	11.8309	3.65690	16.760	31.8105
1400007549.997	n	11.8325	3.65691	16.741	31.8092
1400007550.059	n	11.8340	3.65692	16.721	31.8081
1400007550.121	n	11.8355	3.65693	16.701	31.8069
1400007550.185	n	11.8369	3.65694	16.685	31.8058
1400007550.248	n	11.8384	3.65694	16.665	31.8045
1400007550.309	n	11.8399	3.65693	16.650	31.8031
1400007550.372	n	11.8414	3.65693	16.629	31.8018
1400007550.434	n	11.8429	3.65694	16.610	31.8006
1400007550.496	n	11.8445	3.65695	16.593	31.7994
1400007550.559	n	11.8461	3.65695	16.577	31.7981
1400007550.621	n	11.8478	3.65695	16.559	31.7967
1400007550.685	n	11.8495	3.65695	16.539	31.7951
1400007550.748	n	11.8513	3.65695	16.519	31.7936
1400007550.809	n	11.8530	3.65696	16.499	31.7923
1400007550.873	n	11.8546	3.65696	16.481	31.7910
1400007550.935	n	11.8562	3.65696	16.464	31.7896
1400007550.996	n	11.8579	3.65696	16.443	31.7882
1400007551.060	n	11.8594	3.65696	16.425	31.7868
1400007551.122	n	11.8611	3.65696	16.408	31.7855
1400007551.184	n	11.8627	3.65696	16.387	31.7841
1400007551.246	n	11.8643	3.65696	16.371	31.7827
1400007551.310	n	11.8659	3.65695	16.353	31.7813
1400007551.371	n	11.8675	3.65695	16.330	31.7800
1400007551.434	n	11.8690	3.65696	16.312	31.7787
1400007551.496	n	11.8706	3.65695	16.292	31.7773
1400007551.560	n	11.8721	3.65695	16.278	31.7760
1400007551.622	n	11.8736	3.65695	16.259	31.7747
1400007551.685	y	11.8752	3.65696	16.240	31.7735
1400007551.747	n	11.8767	3.65696	16.218	31.7723
1400007551.810	n	11.8782	3.65697	16.197	31.7710
1400007551.871	n	11.8797	3.65698	16.182	31.7698
1400007551.935	n	11.8811	3.65698	16.163	31.7687
1400007551.997	n	11.8825	3.65699	16.145	31.7675
1400007552.059	n	11.8839	3.65699	16.124	31.7664
1400007552.123	n	11.8853	3.65699	16.104	31.7652
1400007552.185	n	11.8866	3.65699	16.088	31.7642
1400007552.247	n	11.8879	3.65700	16.069	31.7631
1400007552.311	n	11.8893	3.65701	16.047	31.7620
1400007552.371	n	11.8906	3.65701	16.030	31.7609
1400007552.434	n	11.8919	3.65701	16.013	31.7598
1400007552.497	n	11.8931	3.65701	15.996	31.7588
1400007552.560	n	11.8943	3.65700	15.979	31.7577
1400007552.622	n	11.8956	3.65699	15.958	31.7565
1400007552.685	n	11.8969	3.65698	15.935	31.7553
1400007552.748	n	11.8982	3.65699	15.919	31.7543
1400007552.811	n	11.8994	3.65699	15.898	31.7532
1400007552.872	y	11.9007	3.65699	15.883	31.7522
1400007553.017	n	11.9019	3.65700	15.863	31.7513
1400007553.030	n	11.9031	3.65700	15.844	31.7503
1400007553.062	n	11.9042	3.65701	15.825	31.7493
1400007553.123	n	11.9054	3.65701	15.806	31.7484
1400007553.184	n	11.9066	3.65701	15.783	31.7474
1400007553.246	n	11.9077	3.65701	15.769	31.7464
1400007553.310	n	11.9089	3.65701	15.752	31.7454
1400007553.372	n	11.9101	3.65702	15.733	31.7445
1400007553.435	n	11.9114	3.65702	15.709	31.7435
1400007553.497	n	11.9126	3.65703	15.691	31.7424
1400007553.561	n	11.9139	3.65703	15.673	31.7414
1400007553.622	n	11.9151	3.65703	15.656	31.7404
1400007553.684	n	11.9163	3.65703	15.639	31.7394
1400007553.747	n	11.9174	3.65703	15.617	31.7384
1400007553.811	n	11.9186	3.65702	15.595	31.7373
1400007553.872	n	11.9198	3.65702	15.579	31.7363
1400007553.934	n	11.9210	3.65702	15.561	31.7353
1400007553.998	n	11.9222	3.65702	15.541	31.7342
1400007554.059	n	11.9234	3.65702	15.521	31.7333
1400007554.123	n	11.9246	3.65704	15.502	31.7324
1400007554.184	n	11.9258	3.65705	15.483	31.7315
1400007554.246	n	11.9269	3.65705	15.465	31.7306
1400007554.485	y	11.9281	3.65705	15.444	31.7296
1400007554.491	n	11.9292	3.65705	15.424	31.7286
1400007554.495	n	11.9304	3.65705	15.406	31.7277
1400007554.503	n	11.9316	3.65706	15.388	31.7267
1400007554.559	n	11.9328	3.65706	15.366	31.7257
1400007554.622	n	11.9339	3.65705	15.346	31.7246
1400007554.684	n	11.9351	3.65704	15.331	31.7236
1400007554.748	n	11.9362	3.65704	15.310	31.7226
1400007554.810	n	11.9373	3.65705	15.290	31.7217
1400007554.873	n	11.9384	3.65705	15.267	31.7209
1400007554.935	n	11.9395	3.65705	15.249	31.7199
1400007554.996	n	11.9407	3.65703	15.226	31.7188
1400007555.060	n	11.9418	3.65703	15.209	31.7178
1400007555.121	n	11.9429	3.65703	15.191	31.7168
1400007555.186	n	11.9440	3.65704	15.170	31.7161
1400007555.246	y	11.9451	3.65706	15.151	31.7153
1400007555.311	n	11.9462	3.65707	15.130	31.7145
1400007555.372	n	11.9472	3.65708	15.110	31.7137
1400007555.435	n	11.9483	3.65707	15.088	31.7127
1400007555.497	n	11.9493	3.65706	15.069	31.7117
1400007555.561	n	11.9503	3.65706	15.051	31.7109
1400007555.623	n	11.9513	3.65707	15.029	31.7101
1400007555.684	n	11.9524	3.65707	15.008	31.7093
1400007555.747	n	11.9534	3.65708	14.986	31.7084
1400007555.810	n	11.9545	3.65708	14.964	31.7075
1400007555.872	n	11.9556	3.65708	14.947	31.7067
1400007555.935	n	11.9566	3.65709	14.924	31.7060
1400007555.997	n	11.9575	3.65709	14.904	31.7052
1400007556.059	n	11.9585	3.65709	14.880	31.7044
1400007556.123	n	11.9595	3.65709	14.859	31.7035
1400007556.184	n	11.9605	3.65708	14.838	31.7026
1400007556.247	n	11.9615	3.65707	14.817	31.7016
1400007556.309	n	11.9625	3.65707	14.797	31.7008
1400007556.373	n	11.9635	3.65707	14.773	31.7000
1400007556.435	n	11.9645	3.65708	14.753	31.6992
1400007556.497	n	11.9654	3.65709	14.732	31.6985
1400007556.560	n	11.9663	3.65709	14.708	31.6977
1400007556.624	n	11.9672	3.65709	14.686	31.6970
1400007556.685	n	11.9682	3.65709	14.667	31.6962
1400007556.747	n	11.9692	3.65710	14.642	31.6954
1400007556.811	n	11.9701	3.65711	14.619	31.6947
1400007556.872	n	11.9711	3.65712	14.600	31.6940
1400007556.935	n	11.9720	3.65712	14.573	31.6932
1400007556.997	n	11.9730	3.65712	14.553	31.6925
1400007557.059	n	11.9739	3.65712	14.535	31.6916
1400007557.124	y	11.9749	3.65712	14.512	31.6908
1400007557.261	n	11.9758	3.65712	14.490	31.6901
1400007557.265	n	11.9767	3.65713	14.465	31.6894
1400007557.310	n	11.9776	3.65713	14.444	31.6886
1400007557.371	n	11.9786	3.65714	14.422	31.6879
1400007557.435	n	11.9795	3.65713	14.399	31.6871
1400007557.498	n	11.9804	3.65713	14.376	31.6863
1400007557.560	n	11.9812	3.65713	14.351	31.6856
1400007557.623	n	11.9821	3.65714	14.332	31.6850
1400007557.684	n	11.9830	3.65714	14.312	31.6842
1400007557.747	n	11.9838	3.65714	14.288	31.6835
1400007557.809	n	11.9847	3.65714	14.262	31.6827
1400007557.873	n	11.9856	3.65714	14.239	31.6820
1400007557.935	n	11.9865	3.65715	14.216	31.6814
1400007557.996	n	11.9874	3.65716	14.195	31.6807
1400007558.060	n	11.9882	3.65717	14.174	31.6801
1400007558.122	n	11.9890	3.65717	14.154	31.6794
1400007558.185	n	11.9899	3.65717	14.128	31.6787
1400007558.248	n	11.9908	3.65717	14.105	31.6779
1400007558.310	n	11.9916	3.65716	14.082	31.6772
1400007558.373	n	11.9925	3.65716	14.061	31.6764
1400007558.435	n	11.9934	3.65716	14.038	31.6757
1400007558.498	n	11.9942	3.65716	14.017	31.6750
1400007558.559	n	11.9950	3.65716	13.997	31.6743
1400007558.621	n	11.9958	3.65716	13.972	31.6737
1400007558.684	n	11.9967	3.65717	13.948	31.6731
1400007558.748	n	11.9975	3.65718	13.924	31.6724
1400007558.810	n	11.9984	3.65719	13.903	31.6717
1400007558.871	n	11.9993	3.65718	13.883	31.6709
1400007558.959	y	12.0002	3.65718	13.860	31.6702
1400007558.997	n	12.0010	3.65719	13.838	31.6696
1400007559.060	n	12.0017	3.65720	13.815	31.6691
1400007559.123	n	12.0025	3.65720	13.791	31.6684
1400007559.184	n	12.0034	3.65721	13.770	31.6678
1400007559.246	n	12.0042	3.65720	13.749	31.6671
1400007559.311	n	12.0050	3.65720	13.728	31.6664
1400007559.373	n	12.0058	3.65720	13.707	31.6657
1400007559.435	n	12.0067	3.65720	13.684	31.6650
1400007559.497	n	12.0075	3.65720	13.661	31.6643
1400007559.559	n	12.0083	3.65720	13.638	31.6636
1400007559.621	n	12.0091	3.65721	13.618	31.6630
1400007559.685	n	12.0099	3.65722	13.597	31.6624
1400007559.748	n	12.0107	3.65722	13.575	31.6618
1400007559.810	n	12.0115	3.65723	13.555	31.6612
1400007559.872	n	12.0123	3.65724	13.535	31.6606
1400007559.934	n	12.0132	3.65724	13.513	31.6599
1400007559.996	n	12.0141	3.65724	13.489	31.6591
1400007560.061	n	12.0149	3.65724	13.470	31.6584
1400007560.123	n	12.0157	3.65724	13.449	31.6577
1400007560.184	n	12.0165	3.65723	13.428	31.6570
1400007560.246	n	12.0173	3.65723	13.407	31.6563
1400007560.309	n	12.0181	3.65724	13.391	31.6557
1400007560.373	n	12.0190	3.65724	13.367	31.6551
1400007560.434	n	12.0198	3.65725	13.348	31.6544
1400007560.498	n	12.0207	3.65727	13.328	31.6539
1400007560.560	n	12.0215	3.65728	13.309	31.6533
1400007560.623	n	12.0223	3.65728	13.289	31.6527
1400007560.684	n	12.0231	3.65728	13.268	31.6520
1400007560.746	n	12.0239	3.65727	13.250	31.6512
1400007560.810	n	12.0248	3.65727	13.229	31.6504
1400007560.873	n	12.0256	3.65728	13.209	31.6498
1400007560.935	n	12.0265	3.65730	13.192	31.6493
1400007560.997	n	12.0274	3.65732	13.172	31.6487
1400007561.059	n	12.0282	3.65733	13.153	31.6481
1400007561.122	n	12.0291	3.65733	13.134	31.6474
1400007561.184	n	12.0299	3.65733	13.115	31.6467
1400007561.247	n	12.0308	3.65733	13.096	31.6459
1400007561.309	n	12.0317	3.65733	13.078	31.6452
1400007561.502	y	12.0326	3.65734	13.060	31.6445
1400007561.507	n	12.0334	3.65735	13.045	31.6439
1400007561.512	n	12.0343	3.65736	13.024	31.6433
1400007561.560	n	12.0352	3.65736	13.005	31.6425
1400007561.623	n	12.0361	3.65736	12.987	31.6417
1400007561.684	n	12.0370	3.65736	12.967	31.6410
1400007561.746	n	12.0379	3.65736	12.947	31.6404
1400007561.809	n	12.0387	3.65738	12.932	31.6398
1400007561.873	n	12.0395	3.65739	12.911	31.6392
1400007561.935	n	12.0404	3.65739	12.892	31.6385
1400007561.996	n	12.0413	3.65739	12.878	31.6378
1400007562.060	n	12.0422	3.65739	12.859	31.6370
1400007562.122	n	12.0431	3.65739	12.838	31.6362
1400007562.184	n	12.0440	3.65739	12.822	31.6355
1400007562.247	n	12.0449	3.65739	12.806	31.6347
1400007562.310	n	12.0458	3.65740	12.788	31.6341
1400007562.372	n	12.0467	3.65741	12.770	31.6334
1400007562.434	n	12.0476	3.65742	12.754	31.6328
1400007562.498	n	12.0485	3.65744	12.738	31.6321
1400007562.560	n	12.0495	3.65745	12.722	31.6314
1400007562.622	y	12.0505	3.65746	12.697	31.6307
1400007562.685	n	12.0514	3.65747	12.680	31.6299
1400007562.747	n	12.0523	3.65747	12.666	31.6292
1400007562.811	n	12.0532	3.65747	12.647	31.6285
1400007562.873	n	12.0541	3.65747	12.629	31.6277
1400007562.935	n	12.0550	3.65746	12.612	31.6269
1400007562.996	n	12.0560	3.65747	12.593	31.6261
1400007563.059	n	12.0569	3.65747	12.575	31.6254
1400007563.123	n	12.0579	3.65748	12.558	31.6246
1400007563.184	n	12.0589	3.65749	12.545	31.6239
1400007563.246	n	12.0598	3.65751	12.524	31.6233
1400007563.309	n	12.0608	3.65752	12.507	31.6226
1400007563.371	n	12.0617	3.65753	12.489	31.6219
1400007563.434	n	12.0627	3.65754	12.471	31.6212
1400007563.496	n	12.0636	3.65754	12.451	31.6204
1400007563.559	n	12.0646	3.65754	12.440	31.6196
1400007563.622	n	12.0655	3.65754	12.424	31.6188
1400007563.684	n	12.0664	3.65753	12.400	31.6180
1400007563.748	n	12.0674	3.65753	12.381	31.6172
1400007563.811	n	12.0684	3.65753	12.359	31.6164
1400007563.873	n	12.0694	3.65755	12.346	31.6157
1400007563.935	n	12.0704	3.65756	12.330	31.6150
1400007563.997	n	12.0714	3.65757	12.308	31.6143
1400007564.060	n	12.0723	3.65758	12.294	31.6135
1400007564.122	n	12.0733	3.65759	12.276	31.6128
1400007564.184	n	12.0742	3.65759	12.256	31.6120
1400007564.247	n	12.0751	3.65761	12.235	31.6114
1400007564.310	n	12.0760	3.65762	12.216	31.6108
1400007564.373	n	12.0769	3.65763	12.199	31.6102
1400007564.434	n	12.0777	3.65765	12.182	31.6097
1400007564.496	n	12.0785	3.65766	12.163	31.6090
1400007564.560	n	12.0794	3.65766	12.146	31.6084
1400007564.621	n	12.0802	3.65766	12.127	31.6077
1400007564.685	n	12.0811	3.65766	12.104	31.6070
1400007564.747	n	12.0819	3.65766	12.083	31.6063
1400007564.809	n	12.0827	3.65766	12.067	31.6056
1400007564.872	n	12.0835	3.65766	12.047	31.6050
1400007564.935	n	12.0842	3.65766	12.028	31.6044
1400007564.998	n	12.0849	3.65767	12.010	31.6039
1400007565.062	n	12.0855	3.65768	11.990	31.6034
1400007565.123	n	12.0862	3.65769	11.971	31.6030
1400007565.185	n	12.0869	3.65770	11.952	31.6025
1400007565.248	n	12.0876	3.65771	11.930	31.6020
1400007565.309	n	12.0882	3.65771	11.911	31.6015
1400007565.373	n	12.0888	3.65771	11.893	31.6010
1400007565.435	n	12.0893	3.65772	11.872	31.6006
1400007565.498	n	12.0898	3.65772	11.849	31.6003
1400007565.559	n	12.0902	3.65773	11.829	31.6000
1400007565.767	y	12.0907	3.65773	11.812	31.5996
1400007565.773	n	12.0911	3.65773	11.795	31.5992
1400007565.778	n	12.0916	3.65774	11.774	31.5990
1400007565.810	n	12.0919	3.65776	11.751	31.5989
1400007565.873	n	12.0922	3.65778	11.731	31.5988
1400007565.935	n	12.0924	3.65778	11.707	31.5988
1400007565.998	n	12.0924	3.65779	11.686	31.5987
1400007566.060	n	12.0924	3.65779	11.668	31.5987
1400007566.122	n	12.0923	3.65779	11.650	31.5989
1400007566.194	y	12.0922	3.65780	11.625	31.5991
1400007566.247	n	12.0921	3.65781	11.602	31.5993
1400007566.311	n	12.0919	3.65782	11.581	31.5996
1400007566.372	n	12.0916	3.65784	11.562	31.6000
1400007566.434	n	12.0914	3.65786	11.538	31.6003
1400007566.497	n	12.0911	3.65787	11.517	31.6008
1400007566.560	n	12.0908	3.65789	11.497	31.6012
1400007566.623	n	12.0904	3.65791	11.473	31.6017
1400007566.684	n	12.0900	3.65792	11.454	31.6021
1400007566.748	n	12.0896	3.65793	11.431	31.6026
1400007566.809	n	12.0893	3.65795	11.410	31.6030
1400007566.872	n	12.0889	3.65797	11.387	31.6035
1400007566.934	n	12.0886	3.65799	11.365	31.6041
1400007566.997	n	12.0881	3.65801	11.340	31.6047
1400007567.059	n	12.0876	3.65802	11.320	31.6052
1400007567.122	n	12.0871	3.65803	11.296	31.6057
1400007567.185	n	12.0866	3.65803	11.275	31.6062
1400007567.248	n	12.0861	3.65804	11.254	31.6066
1400007567.311	n	12.0858	3.65805	11.232	31.6071
1400007567.372	n	12.0854	3.65806	11.211	31.6075
1400007567.435	n	12.0850	3.65809	11.183	31.6081
1400007567.497	n	12.0845	3.65811	11.161	31.6088
1400007567.559	n	12.0839	3.65814	11.137	31.6095
1400007567.623	n	12.0833	3.65816	11.117	31.6102
1400007567.684	n	12.0827	3.65818	11.095	31.6110
1400007567.748	n	12.0820	3.65820	11.069	31.6118
1400007567.810	n	12.0813	3.65823	11.047	31.6126
1400007567.873	n	12.0805	3.65825	11.026	31.6135
1400007567.934	n	12.0796	3.65826	11.001	31.6144
1400007567.996	n	12.0786	3.65827	10.979	31.6153
1400007568.060	n	12.0776	3.65829	10.956	31.6164
1400007568.123	n	12.0767	3.65831	10.929	31.6174
1400007568.184	n	12.0756	3.65833	10.908	31.6184
1400007568.247	n	12.0746	3.65834	10.887	31.6195
1400007568.311	n	12.0735	3.65836	10.864	31.6206
1400007568.372	n	12.0724	3.65837	10.841	31.6216
1400007568.434	n	12.0713	3.65839	10.815	31.6228
1400007568.498	n	12.0701	3.65840	10.793	31.6239
1400007568.559	n	12.0689	3.65841	10.772	31.6250
1400007568.621	n	12.0677	3.65841	10.750	31.6260
1400007568.685	n	12.0666	3.65841	10.723	31.6270
1400007568.747	n	12.0656	3.65842	10.701	31.6280
1400007568.811	n	12.0646	3.65843	10.678	31.6289
1400007568.871	n	12.0635	3.65842	10.655	31.6297
1400007568.934	n	12.0623	3.65841	10.632	31.6306
1400007568.997	n	12.0610	3.65840	10.611	31.6316
1400007569.061	n	12.0596	3.65838	10.587	31.6327
1400007569.121	n	12.0579	3.65837	10.567	31.6340
1400007569.184	n	12.0562	3.65836	10.546	31.6353
1400007569.246	n	12.0545	3.65834	10.519	31.6366
1400007569.309	n	12.0528	3.65833	10.494	31.6379
1400007569.372	n	12.0511	3.65832	10.474	31.6394
1400007569.435	n	12.0492	3.65832	10.453	31.6410
1400007569.497	n	12.0471	3.65832	10.431	31.6428
1400007569.559	n	12.0449	3.65833	10.409	31.6447
1400007569.622	n	12.0427	3.65833	10.384	31.6466
1400007569.684	n	12.0404	3.65832	10.365	31.6485
1400007569.748	y	12.0381	3.65832	10.343	31.6503
1400007569.823	n	12.0359	3.65831	10.322	31.6523
1400007569.952	y	12.0336	3.65832	10.301	31.6543
1400007570.107	y	12.0312	3.65832	10.279	31.6563
1400007570.115	n	12.0287	3.65831	10.255	31.6583
1400007570.125	n	12.0263	3.65831	10.236	31.6604
1400007570.132	n	12.0238	3.65832	10.219	31.6625
1400007570.185	n	12.0214	3.65832	10.194	31.6646
1400007570.248	n	12.0191	3.65831	10.173	31.6665
1400007570.310	n	12.0169	3.65831	10.152	31.6684
1400007570.372	n	12.0149	3.65832	10.129	31.6702
1400007570.436	n	12.0130	3.65833	10.110	31.6719
1400007570.496	n	12.0112	3.65834	10.089	31.6736
1400007570.561	n	12.0096	3.65836	10.068	31.6751
1400007570.622	n	12.0081	3.65837	10.046	31.6765
1400007570.685	n	12.0067	3.65838	10.024	31.6777
1400007570.747	n	12.0055	3.65838	10.006	31.6788
1400007570.810	n	12.0042	3.65839	9.989	31.6799
1400007570.873	n	12.0031	3.65839	9.968	31.6809
1400007570.934	n	12.0021	3.65840	9.948	31.6819
1400007570.997	n	12.0011	3.65840	9.927	31.6827
1400007571.060	n	12.0003	3.65842	9.907	31.6836
1400007571.122	n	11.9995	3.65842	9.886	31.6843
1400007571.185	n	11.9986	3.65844	9.867	31.6852
1400007571.247	n	11.9978	3.65845	9.847	31.6861
1400007571.310	n	11.9969	3.65847	9.827	31.6870
1400007571.372	n	11.9961	3.65848	9.809	31.6878
1400007571.435	n	11.9953	3.65849	9.791	31.6886
1400007571.497	n	11.9947	3.65850	9.769	31.6892
1400007571.559	n	11.9942	3.65851	9.747	31.6897
1400007571.622	n	11.9937	3.65852	9.731	31.6902
1400007571.685	n	11.9932	3.65853	9.711	31.6908
1400007571.747	n	11.9924	3.65853	9.691	31.6915
1400007571.809	n	11.9912	3.65852	9.674	31.6924
1400007571.872	n	11.9898	3.65851	9.654	31.6935
1400007571.934	n	11.9882	3.65849	9.634	31.6947
1400007571.998	n	11.9865	3.65848	9.612	31.6960
1400007572.061	n	11.9851	3.65848	9.596	31.6972
1400007572.123	n	11.9838	3.65848	9.576	31.6984
1400007572.185	n	11.9827	3.65847	9.555	31.6992
1400007572.248	n	11.9818	3.65846	9.535	31.6999
1400007572.310	n	11.9809	3.65845	9.516	31.7006
1400007572.371	n	11.9799	3.65844	9.497	31.7013
1400007572.435	n	11.9789	3.65843	9.480	31.7021
1400007572.498	n	11.9777	3.65843	9.462	31.7030
1400007572.560	n	11.9765	3.65842	9.443	31.7041
1400007572.621	n	11.9752	3.65842	9.424	31.7051
1400007572.685	n	11.9739	3.65841	9.402	31.7061
1400007572.748	n	11.9726	3.65838	9.386	31.7071
1400007572.809	n	11.9712	3.65837	9.365	31.7081
1400007572.872	n	11.9696	3.65837	9.344	31.7094
1400007572.934	n	11.9680	3.65838	9.325	31.7109
1400007572.998	n	11.9663	3.65840	9.307	31.7126
1400007573.061	n	11.9646	3.65842	9.291	31.7142
1400007573.123	n	11.9627	3.65844	9.273	31.7160
1400007573.185	n	11.9606	3.65844	9.255	31.7178
1400007573.248	n	11.9582	3.65845	9.233	31.7199
1400007573.309	n	11.9555	3.65845	9.214	31.7222
1400007573.371	n	11.9527	3.65845	9.196	31.7247
1400007573.434	n	11.9498	3.65844	9.175	31.7270
1400007573.497	n	11.9471	3.65845	9.158	31.7294
1400007573.598	y	11.9446	3.65845	9.137	31.7316
1400007573.622	n	11.9422	3.65847	9.118	31.7338
1400007573.685	n	11.9399	3.65848	9.098	31.7359
1400007573.747	n	11.9376	3.65848	9.079	31.7379
1400007573.810	n	11.9352	3.65848	9.061	31.7399
1400007573.874	n	11.9330	3.65847	9.042	31.7417
1400007573.935	n	11.9308	3.65847	9.024	31.7436
1400007573.997	n	11.9288	3.65847	9.005	31.7454
1400007574.060	n	11.9270	3.65850	8.983	31.7471
1400007574.238	y	11.9254	3.65852	8.964	31.7486
1400007574.243	n	11.9242	3.65854	8.945	31.7499
1400007574.248	n	11.9232	3.65855	8.927	31.7508
1400007574.311	n	11.9225	3.65855	8.910	31.7515
1400007574.372	n	11.9220	3.65856	8.889	31.7520
1400007574.435	n	11.9218	3.65858	8.867	31.7524
1400007574.498	n	11.9218	3.65861	8.847	31.7526
1400007574.560	n	11.9219	3.65863	8.829	31.7527
1400007574.623	n	11.9221	3.65864	8.814	31.7527
1400007574.684	n	11.9226	3.65865	8.792	31.7524
1400007574.746	n	11.9232	3.65866	8.771	31.7520
1400007574.811	n	11.9239	3.65867	8.753	31.7515
1400007574.872	n	11.9248	3.65869	8.734	31.7509
1400007574.934	n	11.9259	3.65869	8.714	31.7500
1400007574.998	n	11.9272	3.65871	8.694	31.7491
1400007575.061	n	11.9287	3.65872	8.675	31.7480
1400007575.125	n	11.9304	3.65875	8.656	31.7468
1400007575.185	n	11.9322	3.65879	8.636	31.7456
1400007575.248	n	11.9341	3.65882	8.614	31.7443
1400007575.310	n	11.9361	3.65883	8.594	31.7428
1400007575.373	n	11.9381	3.65885	8.577	31.7412
1400007575.435	n	11.9401	3.65886	8.557	31.7396
1400007575.498	n	11.9422	3.65888	8.538	31.7380
1400007575.560	n	11.9443	3.65890	8.515	31.7364
1400007575.623	n	11.9465	3.65892	8.496	31.7348
1400007575.686	n	11.9487	3.65893	8.478	31.7331
1400007575.748	n	11.9510	3.65895	8.458	31.7312
1400007575.811	n	11.9533	3.65896	8.440	31.7294
1400007575.873	n	11.9558	3.65898	8.421	31.7275
1400007575.935	n	11.9582	3.65900	8.403	31.7256
1400007575.997	n	11.9607	3.65903	8.382	31.7238
1400007576.059	y	11.9631	3.65905	8.364	31.7219
1400007576.124	n	11.9656	3.65906	8.343	31.7199
1400007576.185	n	11.9682	3.65907	8.321	31.7179
1400007576.247	n	11.9707	3.65909	8.300	31.7158
1400007576.310	n	11.9733	3.65912	8.278	31.7139
1400007576.372	n	11.9759	3.65915	8.259	31.7120
1400007576.434	n	11.9785	3.65917	8.239	31.7100
1400007576.497	n	11.9810	3.65920	8.221	31.7082
1400007576.559	n	11.9835	3.65923	8.200	31.7064
1400007576.622	n	11.9858	3.65926	8.180	31.7048
1400007576.684	n	11.9880	3.65929	8.161	31.7032
1400007576.747	n	11.9902	3.65931	8.142	31.7015
1400007576.810	n	11.9922	3.65932	8.119	31.6999
1400007576.872	n	11.9941	3.65935	8.096	31.6985
1400007576.935	n	11.9967	3.65948	8.079	31.6976
1400007576.997	n	12.0110	3.65993	8.058	31.6897
1400007577.059	n	12.0532	3.66250	8.038	31.6787
1400007577.125	y	12.1264	3.66748	8.020	31.6644
1400007577.202	n	12.2190	3.67380	7.996	31.6468
1400007577.248	n	12.3100	3.67991	7.975	31.6284
1400007577.311	n	12.3788	3.68436	7.957	31.6129
1400007577.373	n	12.4202	3.68629	7.937	31.5964
1400007577.435	n	12.4438	3.68712	7.917	31.5844
1400007577.497	n	12.4575	3.68762	7.895	31.5777
1400007577.561	n	12.4653	3.68794	7.873	31.5743
1400007577.623	n	12.4689	3.68815	7.855	31.5732
1400007577.684	n	12.4701	3.68830	7.833	31.5737
1400007577.748	n	12.4705	3.68842	7.812	31.5745
1400007577.809	n	12.4709	3.68853	7.790	31.5752
1400007577.873	n	12.4711	3.68862	7.772	31.5759
1400007577.936	n	12.4712	3.68869	7.749	31.5764
1400007577.998	n	12.4713	3.68872	7.730	31.5767
1400007578.060	n	12.4715	3.68875	7.707	31.5768
1400007578.125	n	12.4717	3.68875	7.684	31.5767
1400007578.185	n	12.4715	3.68876	7.664	31.5769
1400007578.247	n	12.4708	3.68877	7.646	31.5777
1400007578.310	n	12.4697	3.68879	7.626	31.5788
1400007578.519	y	12.4691	3.68883	7.602	31.5797
1400007578.525	n	12.4702	3.68891	7.583	31.5794
1400007578.530	n	12.4736	3.68901	7.559	31.5776
1400007578.560	n	12.4781	3.68910	7.538	31.5747
1400007578.623	n	12.4820	3.68918	7.515	31.5722
1400007578.685	n	12.4844	3.68922	7.499	31.5705
1400007578.747	n	12.4863	3.68924	7.475	31.5692
1400007578.811	n	12.4883	3.68923	7.452	31.5674
1400007578.872	n	12.4901	3.68919	7.430	31.5655
1400007578.934	n	12.4906	3.68912	7.411	31.5644
1400007578.997	n	12.4894	3.68906	7.392	31.5648
1400007579.060	n	12.4870	3.68902	7.370	31.5665
1400007579.126	n	12.4855	3.68902	7.349	31.5678
1400007579.185	n	12.4859	3.68902	7.327	31.5675
1400007579.248	n	12.4885	3.68904	7.302	31.5654
1400007579.311	n	12.4929	3.68905	7.285	31.5619
1400007579.373	n	12.4988	3.68906	7.259	31.5570
1400007579.435	n	12.5059	3.68907	7.235	31.5512
1400007579.496	n	12.5127	3.68902	7.220	31.5449
1400007579.559	n	12.5179	3.68899	7.200	31.5403
1400007579.623	n	12.5214	3.68901	7.178	31.5376
1400007579.684	n	12.5233	3.68906	7.155	31.5365
1400007579.747	n	12.5252	3.68912	7.134	31.5355
1400007579.810	n	12.5280	3.68917	7.114	31.5336
1400007579.873	n	12.5317	3.68914	7.091	31.5302
1400007579.935	n	12.5353	3.68912	7.072	31.5271
1400007579.998	n	12.5380	3.68911	7.051	31.5247
1400007580.061	n	12.5398	3.68911	7.029	31.5231
1400007580.128	n	12.5410	3.68908	7.010	31.5219
1400007580.184	n	12.5415	3.68902	6.986	31.5209
1400007580.248	n	12.5415	3.68897	6.966	31.5205
1400007580.310	n	12.5409	3.68894	6.948	31.5207
1400007580.371	n	12.5400	3.68894	6.927	31.5214
1400007580.434	n	12.5396	3.68894	6.905	31.5219
1400007580.498	n	12.5399	3.68893	6.887	31.5214
1400007580.561	n	12.5406	3.68891	6.870	31.5207
1400007580.622	n	12.5415	3.68890	6.849	31.5199
1400007580.686	n	12.5421	3.68891	6.826	31.5194
1400007580.748	n	12.5420	3.68892	6.809	31.5197
1400007580.810	y	12.5413	3.68894	6.789	31.5205
1400007580.873	n	12.5404	3.68895	6.765	31.5213
1400007580.935	n	12.5397	3.68897	6.746	31.5220
1400007580.996	n	12.5394	3.68898	6.724	31.5224
1400007581.061	n	12.5393	3.68898	6.706	31.5225
1400007581.122	n	12.5394	3.68897	6.688	31.5223
1400007581.184	n	12.5395	3.68895	6.671	31.5220
1400007581.247	n	12.5397	3.68892	6.648	31.5216
1400007581.311	n	12.5401	3.68890	6.629	31.5211
1400007581.372	n	12.5406	3.68889	6.608	31.5206
1400007581.434	n	12.5411	3.68888	6.591	31.5202
1400007581.497	n	12.5415	3.68885	6.577	31.5194
1400007581.560	n	12.5421	3.68880	6.555	31.5184
1400007581.622	n	12.5426	3.68872	6.534	31.5173
1400007581.685	n	12.5425	3.68865	6.518	31.5167
1400007581.747	n	12.5415	3.68858	6.494	31.5170
1400007581.809	n	12.5397	3.68851	6.471	31.5178
1400007581.873	n	12.5378	3.68844	6.454	31.5187
1400007581.935	n	12.5365	3.68838	6.438	31.5193
1400007581.998	n	12.5368	3.68836	6.421	31.5188
1400007582.061	n	12.5392	3.68837	6.401	31.5169
1400007582.123	n	12.5432	3.68836	6.374	31.5135
1400007582.185	n	12.5478	3.68834	6.358	31.5095
1400007582.246	n	12.5516	3.68832	6.341	31.5060
1400007582.310	n	12.5538	3.68830	6.322	31.5040
1400007582.371	n	12.5543	3.68830	6.301	31.5036
1400007582.435	n	12.5541	3.68832	6.282	31.5040
1400007582.496	n	12.5538	3.68834	6.262	31.5044
1400007582.559	n	12.5538	3.68835	6.243	31.5046
1400007582.767	y	12.5538	3.68837	6.225	31.5047
1400007582.775	n	12.5540	3.68838	6.205	31.5047
1400007582.781	n	12.5541	3.68837	6.187	31.5045
1400007582.809	n	12.5540	3.68837	6.168	31.5047
1400007582.874	n	12.5536	3.68836	6.149	31.5048
1400007582.934	n	12.5533	3.68833	6.131	31.5049
1400007582.997	n	12.5531	3.68830	6.114	31.5047
1400007583.061	n	12.5534	3.68830	6.097	31.5045
1400007583.123	n	12.5539	3.68830	6.075	31.5041
1400007583.184	n	12.5545	3.68834	6.055	31.5039
1400007583.246	n	12.5553	3.68840	6.038	31.5038
1400007583.311	n	12.5563	3.68845	6.020	31.5035
1400007583.371	n	12.5575	3.68850	5.999	31.5030
1400007583.434	n	12.5583	3.68853	5.981	31.5026
1400007583.496	n	12.5590	3.68854	5.960	31.5022
1400007583.560	n	12.5594	3.68854	5.941	31.5018
1400007583.622	n	12.5600	3.68856	5.921	31.5015
1400007583.685	n	12.5617	3.68861	5.906	31.5005
1400007583.747	n	12.5648	3.68871	5.891	31.4989
1400007583.811	n	12.5685	3.68882	5.869	31.4969
1400007583.872	n	12.5721	3.68891	5.850	31.4947
1400007583.936	n	12.5744	3.68894	5.835	31.4930
1400007583.999	n	12.5750	3.68892	5.811	31.4924
1400007584.060	n	12.5745	3.68889	5.790	31.4925
1400007584.121	n	12.5735	3.68885	5.772	31.4931
1400007584.184	n	12.5726	3.68884	5.756	31.4936
1400007584.247	n	12.5723	3.68882	5.737	31.4938
1400007584.310	n	12.5725	3.68882	5.715	31.4936
1400007584.372	n	12.5731	3.68884	5.700	31.4933
1400007584.434	n	12.5742	3.68887	5.682	31.4927
1400007584.496	n	12.5754	3.68890	5.663	31.4920
1400007584.582	y	12.5763	3.68893	5.645	31.4915
1400007584.623	n	12.5770	3.68896	5.620	31.4911
1400007584.684	n	12.5776	3.68897	5.603	31.4908
1400007584.748	n	12.5782	3.68898	5.583	31.4904
1400007584.810	n	12.5792	3.68900	5.565	31.4897
1400007584.873	n	12.5803	3.68902	5.544	31.4890
1400007584.935	n	12.5812	3.68903	5.526	31.4883
1400007584.996	n	12.5820	3.68902	5.507	31.4877
1400007585.060	n	12.5827	3.68902	5.485	31.4871
1400007585.121	n	12.5839	3.68905	5.463	31.4863
1400007585.186	n	12.5864	3.68915	5.447	31.4851
1400007585.348	y	12.5900	3.68931	5.426	31.4836
1400007585.355	n	12.5940	3.68949	5.413	31.4821
1400007585.372	n	12.5978	3.68968	5.391	31.4806
1400007585.435	n	12.6011	3.68983	5.369	31.4794
1400007585.497	n	12.6037	3.68994	5.347	31.4783
1400007585.561	n	12.6056	3.69001	5.329	31.4773
1400007585.623	n	12.6069	3.69005	5.308	31.4766
1400007585.685	n	12.6077	3.69008	5.286	31.4762
1400007585.747	n	12.6081	3.69012	5.266	31.4763
1400007585.809	n	12.6084	3.69016	5.244	31.4765
1400007585.872	n	12.6084	3.69016	5.228	31.4765
1400007585.935	n	12.6081	3.69013	5.208	31.4764
1400007585.998	n	12.6073	3.69005	5.189	31.4764
1400007586.061	n	12.6065	3.68996	5.167	31.4762
1400007586.122	n	12.6061	3.68989	5.144	31.4759
1400007586.184	n	12.6061	3.68986	5.126	31.4756
1400007586.249	n	12.6065	3.68986	5.107	31.4753
1400007586.309	n	12.6069	3.68987	5.084	31.4750
1400007586.372	n	12.6072	3.68986	5.064	31.4747
1400007586.435	n	12.6073	3.68985	5.047	31.4745
1400007586.498	n	12.6073	3.68983	5.025	31.4743
1400007586.559	n	12.6071	3.68982	5.006	31.4744
1400007586.623	n	12.6069	3.68981	4.986	31.4745
1400007586.685	n	12.6068	3.68981	4.964	31.4746
1400007586.749	n	12.6067	3.68981	4.944	31.4746
1400007586.810	n	12.6068	3.68981	4.925	31.4746
1400007587.015	y	12.6071	3.68982	4.906	31.4744
1400007587.022	n	12.6075	3.68984	4.884	31.4744
1400007587.027	n	12.6079	3.68987	4.864	31.4742
1400007587.059	n	12.6085	3.68989	4.844	31.4740
1400007587.122	n	12.6089	3.68991	4.827	31.4739
1400007587.185	n	12.6092	3.68992	4.807	31.4737
1400007587.250	n	12.6094	3.68992	4.789	31.4736
1400007587.311	n	12.6101	3.68994	4.769	31.4731
1400007587.373	n	12.6125	3.68996	4.750	31.4713
1400007587.434	n	12.6174	3.69001	4.734	31.4677
1400007587.498	n	12.6237	3.69010	4.712	31.4633
1400007587.560	n	12.6295	3.69017	4.691	31.4592
1400007587.623	n	12.6334	3.69023	4.671	31.4565
1400007587.684	n	12.6349	3.69025	4.654	31.4554
1400007587.749	n	12.6343	3.69023	4.637	31.4557
1400007587.811	n	12.6331	3.69020	4.618	31.4564
1400007587.873	n	12.6318	3.69017	4.600	31.4573
1400007587.935	n	12.6304	3.69016	4.580	31.4583
1400007587.997	n	12.6302	3.69017	4.561	31.4586
1400007588.061	n	12.6334	3.69022	4.545	31.4564
1400007588.124	y	12.6401	3.69027	4.526	31.4513
1400007588.185	n	12.6491	3.69032	4.504	31.4442
1400007588.248	n	12.6584	3.69035	4.488	31.4369
1400007588.310	n	12.6653	3.69037	4.471	31.4312
1400007588.373	n	12.6689	3.69039	4.454	31.4285
1400007588.435	n	12.6705	3.69044	4.433	31.4276
1400007588.498	n	12.6711	3.69050	4.416	31.4276
1400007588.559	n	12.6714	3.69054	4.401	31.4278
1400007588.622	n	12.6716	3.69055	4.381	31.4278
1400007588.685	n	12.6717	3.69047	4.363	31.4270
1400007588.747	n	12.6718	3.69034	4.348	31.4256
1400007588.811	n	12.6719	3.69019	4.329	31.4241
1400007588.871	n	12.6721	3.69008	4.308	31.4228
1400007588.934	n	12.6725	3.69001	4.295	31.4219
1400007588.997	n	12.6731	3.68999	4.274	31.4213
1400007589.060	n	12.6737	3.68995	4.254	31.4204
1400007589.125	n	12.6742	3.68978	4.237	31.4184
1400007589.185	n	12.6745	3.68947	4.220	31.4152
1400007589.248	n	12.6747	3.68909	4.201	31.4114
1400007589.311	n	12.6749	3.68875	4.181	31.4080
1400007589.372	n	12.6751	3.68855	4.161	31.4060
1400007589.436	n	12.6756	3.68852	4.143	31.4052
1400007589.497	n	12.6763	3.68854	4.127	31.4049
1400007589.560	n	12.6772	3.68855	4.104	31.4043
1400007589.622	n	12.6780	3.68852	4.085	31.4033
1400007589.684	n	12.6785	3.68850	4.069	31.4027
1400007589.747	n	12.6787	3.68849	4.051	31.4024
1400007589.810	n	12.6787	3.68850	4.030	31.4026
1400007589.873	n	12.6784	3.68853	4.014	31.4031
1400007589.935	n	12.6780	3.68858	3.991	31.4039
1400007589.999	n	12.6779	3.68864	3.973	31.4046
1400007590.059	n	12.6781	3.68869	3.956	31.4048
1400007590.121	n	12.6788	3.68870	3.937	31.4044
1400007590.186	n	12.6799	3.68870	3.918	31.4035
1400007590.247	n	12.6811	3.68870	3.900	31.4025
1400007590.312	n	12.6820	3.68872	3.879	31.4019
1400007590.373	n	12.6827	3.68877	3.862	31.4019
1400007590.434	n	12.6832	3.68882	3.845	31.4019
1400007590.497	n	12.6836	3.68884	3.827	31.4018
1400007590.561	n	12.6842	3.68886	3.809	31.4015
1400007590.622	n	12.6846	3.68887	3.790	31.4012
1400007590.684	n	12.6848	3.68888	3.771	31.4011
1400007590.748	n	12.6848	3.68887	3.751	31.4012
1400007590.809	n	12.6844	3.68887	3.735	31.4014
1400007590.872	n	12.6842	3.68888	3.717	31.4017
1400007590.934	n	12.6841	3.68888	3.700	31.4018
1400007590.997	n	12.6841	3.68889	3.681	31.4018
1400007591.061	n	12.6843	3.68889	3.662	31.4017
1400007591.250	y	12.6846	3.68890	3.644	31.4016
1400007591.256	n	12.6847	3.68891	3.626	31.4016
1400007591.266	n	12.6848	3.68892	3.611	31.4016
1400007591.311	n	12.6849	3.68893	3.593	31.4016
1400007591.373	n	12.6852	3.68894	3.573	31.4015
1400007591.434	n	12.6860	3.68898	3.555	31.4012
1400007591.497	n	12.6873	3.68902	3.539	31.4005
1400007591.560	n	12.6887	3.68901	3.522	31.3993
1400007591.622	n	12.6900	3.68898	3.502	31.3979
1400007591.686	n	12.6912	3.68894	3.487	31.3965
1400007591.747	n	12.6925	3.68891	3.470	31.3952
1400007591.840	y	12.6940	3.68894	3.454	31.3942
1400007591.872	n	12.6957	3.68899	3.438	31.3933
1400007591.934	n	12.6972	3.68904	3.417	31.3926
1400007591.998	n	12.6979	3.68909	3.400	31.3924
1400007592.061	n	12.6979	3.68910	3.382	31.3925
1400007592.122	n	12.6975	3.68908	3.366	31.3927
1400007592.186	n	12.6970	3.68894	3.346	31.3918
1400007592.250	n	12.6972	3.68888	3.329	31.3911
1400007592.311	n	12.6983	3.68894	3.312	31.3907
1400007592.371	n	12.6999	3.68910	3.294	31.3909
1400007592.435	n	12.7017	3.68930	3.275	31.3913
1400007592.497	n	12.7035	3.68948	3.258	31.3915
1400007592.560	n	12.7049	3.68950	3.240	31.3905
1400007592.621	n	12.7062	3.68951	3.223	31.3895
1400007592.684	n	12.7074	3.68954	3.205	31.3889
1400007592.748	n	12.7086	3.68961	3.188	31.3885
1400007592.811	n	12.7099	3.68969	3.170	31.3882
1400007592.873	n	12.7112	3.68976	3.155	31.3877
1400007592.935	n	12.7125	3.68978	3.138	31.3869
1400007592.997	n	12.7136	3.68982	3.117	31.3863
1400007593.059	n	12.7146	3.68993	3.099	31.3865
1400007593.122	n	12.7155	3.69013	3.080	31.3877
1400007593.185	n	12.7164	3.69039	3.063	31.3895
1400007593.252	n	12.7180	3.69067	3.047	31.3907
1400007593.309	n	12.7217	3.69091	3.034	31.3900
1400007593.371	n	12.7277	3.69113	3.016	31.3871
1400007593.434	n	12.7350	3.69133	2.997	31.3829
1400007593.497	n	12.7420	3.69152	2.982	31.3788
1400007593.561	n	12.7474	3.69169	2.966	31.3760
1400007593.621	n	12.7509	3.69184	2.948	31.3745
1400007593.687	n	12.7533	3.69199	2.932	31.3739
1400007593.747	n	12.7554	3.69213	2.916	31.3735
1400007593.810	n	12.7578	3.69225	2.904	31.3727
1400007593.872	n	12.7604	3.69236	2.884	31.3715
1400007593.934	n	12.7629	3.69245	2.871	31.3704
1400007593.996	n	12.7645	3.69254	2.855	31.3698
1400007594.059	n	12.7656	3.69263	2.839	31.3698
1400007594.122	n	12.7666	3.69272	2.824	31.3698
1400007594.184	n	12.7685	3.69281	2.807	31.3690
1400007594.248	n	12.7727	3.69289	2.791	31.3663
1400007594.309	n	12.7801	3.69300	2.775	31.3612
1400007594.372	n	12.7904	3.69314	2.761	31.3540
1400007594.434	n	12.8033	3.69333	2.745	31.3451
1400007594.497	n	12.8177	3.69352	2.729	31.3349
1400007594.561	n	12.8320	3.69365	2.719	31.3244
1400007594.623	n	12.8439	3.69372	2.701	31.3152
1400007594.684	n	12.8521	3.69373	2.689	31.3084
1400007594.748	n	12.8578	3.69375	2.671	31.3040
1400007594.809	n	12.8638	3.69391	2.659	31.3005
1400007594.873	n	12.8721	3.69423	2.643	31.2967
1400007594.935	n	12.8825	3.69464	2.628	31.2919
1400007594.997	n	12.8926	3.69501	2.613	31.2870
1400007595.060	n	12.8995	3.69525	2.599	31.2836
1400007595.121	n	12.9031	3.69536	2.584	31.2817
1400007595.186	n	12.9049	3.69541	2.568	31.2807
1400007595.248	n	12.9065	3.69548	2.553	31.2800
1400007595.310	n	12.9082	3.69556	2.536	31.2793
1400007595.459	y	12.9102	3.69564	2.521	31.2785
1400007595.541	y	12.9120	3.69574	2.505	31.2779
1400007595.547	n	12.9138	3.69585	2.489	31.2775
1400007595.560	n	12.9151	3.69593	2.476	31.2772
1400007595.623	n	12.9159	3.69599	2.457	31.2771
1400007595.685	n	12.9166	3.69602	2.445	31.2768
1400007595.748	n	12.9172	3.69605	2.426	31.2765
1400007595.810	n	12.9180	3.69608	2.412	31.2762
1400007595.872	n	12.9191	3.69615	2.396	31.2759
1400007595.934	n	12.9206	3.69621	2.378	31.2753
1400007595.997	n	12.9223	3.69628	2.359	31.2745
1400007596.061	n	12.9241	3.69631	2.342	31.2734
1400007596.122	n	12.9256	3.69632	2.326	31.2723
1400007596.185	n	12.9266	3.69632	2.310	31.2714
1400007596.249	n	12.9273	3.69631	2.290	31.2708
1400007596.310	n	12.9277	3.69632	2.273	31.2705
1400007596.373	n	12.9279	3.69634	2.256	31.2705
1400007596.435	n	12.9285	3.69638	2.238	31.2704
1400007596.498	n	12.9320	3.69664	2.219	31.2699
1400007596.561	n	12.9412	3.69721	2.198	31.2677
1400007596.623	n	12.9532	3.69777	2.182	31.2631
1400007596.685	n	12.9642	3.69811	2.162	31.2573
1400007596.748	n	12.9715	3.69816	2.142	31.2517
1400007596.811	n	12.9737	3.69800	2.121	31.2484
1400007596.873	n	12.9757	3.69809	2.102	31.2476
1400007596.935	n	12.9828	3.69867	2.083	31.2472
1400007596.998	n	12.9939	3.69953	2.064	31.2461
1400007597.060	n	13.0063	3.70046	2.047	31.2446
1400007597.121	n	13.0185	3.70129	2.026	31.2424
1400007597.184	n	13.0303	3.70204	2.005	31.2397
1400007597.248	n	13.0426	3.70276	1.986	31.2364
1400007597.309	n	13.0556	3.70336	1.963	31.2312
1400007597.373	n	13.0682	3.70376	1.945	31.2246
1400007597.434	n	13.0778	3.70394	1.927	31.2184
1400007597.498	n	13.0827	3.70392	1.909	31.2142
1400007597.560	n	13.0842	3.70383	1.889	31.2121
1400007597.622	n	13.0843	3.70376	1.869	31.2114
1400007597.685	n	13.0846	3.70372	1.847	31.2108
1400007597.748	n	13.0869	3.70369	1.829	31.2087
1400007597.811	n	13.0909	3.70371	1.811	31.2056
1400007597.873	n	13.0949	3.70376	1.788	31.2028
1400007597.935	n	13.0983	3.70381	1.769	31.2004
1400007597.998	n	13.1013	3.70386	1.752	31.1984
1400007598.060	n	13.1037	3.70388	1.731	31.1966
1400007598.122	n	13.1060	3.70383	1.714	31.1943
1400007598.185	n	13.1082	3.70362	1.695	31.1905
1400007598.247	n	13.1103	3.70319	1.678	31.1848
1400007598.312	n	13.1121	3.70256	1.660	31.1774
1400007598.372	n	13.1136	3.70174	1.641	31.1685
1400007598.434	n	13.1144	3.70084	1.626	31.1594
1400007598.497	n	13.1144	3.70001	1.612	31.1517
1400007598.559	n	13.1136	3.69930	1.590	31.1457
1400007598.624	n	13.1124	3.69873	1.572	31.1414
1400007598.684	n	13.1112	3.69838	1.556	31.1391
1400007598.748	n	13.1105	3.69821	1.537	31.1381
1400007598.809	n	13.1101	3.69814	1.525	31.1378
1400007598.872	n	13.1098	3.69815	1.507	31.1381
1400007598.935	n	13.1098	3.69816	1.489	31.1382
1400007598.998	n	13.1104	3.69815	1.478	31.1376
1400007599.083	y	13.1117	3.69815	1.460	31.1365
1400007599.122	n	13.1136	3.69820	1.446	31.1355
1400007599.185	n	13.1154	3.69828	1.430	31.1348
1400007599.247	n	13.1167	3.69839	1.410	31.1347
1400007599.311	n	13.1177	3.69845	1.395	31.1345
1400007599.371	n	13.1189	3.69842	1.380	31.1332
1400007599.436	n	13.1206	3.69827	1.367	31.1305
1400007599.497	n	13.1229	3.69805	1.350	31.1265
1400007599.560	n	13.1263	3.69788	1.335	31.1221
1400007599.679	y	13.1316	3.69799	1.319	31.1188
1400007599.819	y	13.1386	3.69845	1.303	31.1173
1400007599.827	n	13.1460	3.69910	1.287	31.1174
1400007599.833	n	13.1530	3.69979	1.269	31.1181
1400007599.873	n	13.1594	3.70041	1.255	31.1187
1400007599.936	n	13.1663	3.70089	1.240	31.1175
1400007599.998	n	13.1761	3.70148	1.224	31.1150
1400007600.061	n	13.1895	3.70228	1.205	31.1115
1400007600.122	n	13.2050	3.70320	1.186	31.1075
1400007600.185	n	13.2205	3.70414	1.170	31.1036
1400007600.247	n	13.2341	3.70502	1.154	31.1006
1400007600.310	n	13.2454	3.70575	1.139	31.0982
1400007600.373	n	13.2562	3.70656	1.121	31.0969
1400007600.436	n	13.2677	3.70749	1.105	31.0962
1400007600.498	n	13.2794	3.70832	1.090	31.0944
1400007600.560	n	13.2912	3.70908	1.075	31.0919
1400007600.623	n	13.3010	3.70962	1.057	31.0889
1400007600.685	n	13.3057	3.70970	1.040	31.0858
1400007600.747	n	13.3051	3.70948	1.023	31.0843
1400007600.811	n	13.3021	3.70922	1.007	31.0843
1400007600.872	n	13.2989	3.70899	0.989	31.0847
1400007600.934	n	13.2982	3.70901	0.972	31.0855
1400007600.998	n	13.3009	3.70936	0.959	31.0866
1400007601.060	n	13.3063	3.70999	0.940	31.0881
1400007601.123	n	13.3165	3.71112	0.929	31.0903
1400007601.185	n	13.3346	3.71283	0.911	31.0915
1400007601.248	n	13.3591	3.71499	0.892	31.0916
1400007601.310	n	13.3850	3.71706	0.880	31.0897
1400007601.374	n	13.4068	3.71864	0.865	31.0866
1400007601.434	n	13.4214	3.71977	0.850	31.0852
1400007601.498	n	13.4310	3.72075	0.838	31.0865
1400007601.559	n	13.4398	3.72173	0.825	31.0885
1400007601.623	n	13.4495	3.72274	0.809	31.0899
1400007601.684	n	13.4600	3.72351	0.797	31.0885
1400007601.748	n	13.4690	3.72375	0.781	31.0834
1400007601.812	n	13.4740	3.72359	0.770	31.0779
1400007601.872	n	13.4747	3.72335	0.755	31.0751
1400007601.934	n	13.4726	3.72320	0.742	31.0755
1400007601.999	n	13.4691	3.72317	0.730	31.0781
1400007602.059	n	13.4660	3.72328	0.718	31.0816
1400007602.123	n	13.4652	3.72341	0.705	31.0834
1400007602.186	n	13.4670	3.72350	0.693	31.0828
1400007602.248	n	13.4702	3.72354	0.684	31.0806
1400007602.311	n	13.4733	3.72347	0.673	31.0775
1400007602.373	n	13.4746	3.72324	0.668	31.0742
1400007602.435	n	13.4740	3.72298	0.658	31.0723
1400007602.501	n	13.4733	3.72295	0.645	31.0726
1400007602.560	n	13.4734	3.72314	0.638	31.0743
1400007602.622	n	13.4745	3.59382	0.630	29.8765
1400007602.685	n	13.4764	3.16528	0.622	25.9561
1400007602.777	y	13.4780	2.51622	0.613	20.1617
1400007602.809	n	13.4777	1.82403	0.605	14.1864
1400007602.871	n	13.4744	1.27339	0.598	9.6064
1400007602.935	n	13.4673	1.01166	0.588	7.4947
1400007602.998	n	13.4582	0.93475	0.580	6.8845
1400007603.061	n	13.4499	0.87701	0.573	6.4294
1400007603.121	n	13.4444	0.84040	0.565	6.1423
1400007603.185	n	13.4421	0.83533	0.559	6.1028
1400007603.247	n	13.4421	0.88850	0.550	6.5214
