Source File: D:\Storage\Programs\OOI\Group 5\Correspondence\07_18_14 sample files\files\11342908.PPB
Processed: 07/18/2014 12:28:18
Using Version: 1.11
Device: CTD
Start Date: 05/14/2014
Timestamp (s)	Suspect Timestamp	Temperature	Conductivity	Pressure	Salinity
1400050716.683	y	10.3843	3.59808	23.467	32.4927
1400050716.746	n	10.3846	3.59808	23.467	32.4925
1400050716.808	n	10.3844	3.59810	23.465	32.4928
1400050716.870	n	10.3846	3.59808	23.467	32.4925
1400050716.934	n	10.3844	3.59808	23.467	32.4927
1400050716.996	n	10.3848	3.59813	23.464	32.4928
1400050717.059	n	10.3848	3.59808	23.459	32.4923
1400050717.122	n	10.3845	3.59810	23.465	32.4927
1400050717.185	n	10.3846	3.59811	23.466	32.4928
1400050717.248	n	10.3847	3.59811	23.465	32.4927
1400050717.312	n	10.3847	3.59811	23.464	32.4926
1400050717.372	n	10.3848	3.59810	23.459	32.4925
1400050717.434	n	10.3847	3.59809	23.462	32.4924
1400050717.497	n	10.3847	3.59808	23.456	32.4923
1400050717.561	n	10.3847	3.59807	23.457	32.4922
1400050717.622	n	10.3847	3.59806	23.458	32.4921
1400050717.685	n	10.3847	3.59805	23.457	32.4921
1400050717.746	n	10.3848	3.59804	23.454	32.4919
1400050717.808	n	10.3848	3.59802	23.452	32.4917
1400050717.873	n	10.3848	3.59800	23.453	32.4915
1400050717.933	n	10.3849	3.59799	23.455	32.4913
1400050717.996	n	10.3849	3.59799	23.452	32.4913
1400050718.060	n	10.3849	3.59799	23.451	32.4913
1400050718.123	n	10.3850	3.59800	23.448	32.4914
1400050718.185	n	10.3850	3.59802	23.447	32.4915
1400050719.582	n	10.3850	3.59803	23.445	32.4916
1400050719.609	n	10.3851	3.59803	23.445	32.4916
1400050719.630	n	10.3851	3.59803	23.445	32.4915
1400050719.646	n	10.3852	3.59803	23.446	32.4914
1400050719.652	n	10.3852	3.59803	23.444	32.4914
1400050719.657	n	10.3852	3.59803	23.441	32.4914
1400050719.663	n	10.3852	3.59803	23.443	32.4914
1400050719.669	n	10.3853	3.59804	23.444	32.4914
1400050719.674	n	10.3854	3.59804	23.441	32.4914
1400050719.680	n	10.3855	3.59804	23.441	32.4913
1400050719.686	n	10.3855	3.59803	23.437	32.4912
1400050719.692	n	10.3855	3.59803	23.439	32.4911
1400050719.697	n	10.3855	3.59801	23.439	32.4910
1400050719.702	n	10.3855	3.59801	23.434	32.4909
1400050719.707	n	10.3855	3.59800	23.437	32.4909
1400050719.711	n	10.3855	3.59799	23.437	32.4908
1400050719.717	n	10.3855	3.59798	23.437	32.4906
1400050719.723	n	10.3855	3.59798	23.437	32.4906
1400050719.728	n	10.3855	3.59796	23.435	32.4905
1400050719.733	n	10.3856	3.59796	23.435	32.4904
1400050719.738	n	10.3856	3.59796	23.440	32.4904
1400050719.743	n	10.3856	3.59795	23.436	32.4903
1400050719.748	n	10.3856	3.59795	23.433	32.4902
1400050719.753	n	10.3856	3.59795	23.435	32.4903
1400050719.758	n	10.3855	3.59795	23.433	32.4903
1400050719.809	n	10.3855	3.59794	23.434	32.4903
1400050719.873	n	10.3855	3.59793	23.432	32.4902
1400050719.934	n	10.3855	3.59793	23.431	32.4901
1400050719.998	n	10.3856	3.59793	23.433	32.4901
1400050720.061	n	10.3856	3.59794	23.431	32.4902
1400050720.125	n	10.3856	3.59795	23.432	32.4903
1400050720.185	n	10.3855	3.59795	23.429	32.4904
1400050720.246	n	10.3855	3.59796	23.429	32.4904
1400050720.308	n	10.3855	3.59796	23.430	32.4904
1400050720.371	n	10.3856	3.59796	23.430	32.4903
1400050720.435	n	10.3857	3.59795	23.431	32.4902
1400050720.498	n	10.3857	3.59794	23.430	32.4900
1400050720.558	n	10.3858	3.59793	23.431	32.4900
1400050720.621	n	10.3858	3.59793	23.431	32.4899
1400050720.686	n	10.3858	3.59793	23.431	32.4899
1400050720.748	n	10.3857	3.59793	23.433	32.4899
1400050720.811	n	10.3857	3.59793	23.430	32.4899
1400050720.872	n	10.3857	3.59792	23.428	32.4899
1400050720.935	n	10.3857	3.59793	23.427	32.4900
1400050720.997	n	10.3857	3.59793	23.434	32.4900
1400050721.059	n	10.3856	3.59792	23.432	32.4900
1400050721.123	n	10.3856	3.59791	23.432	32.4899
1400050721.185	n	10.3856	3.59791	23.433	32.4899
1400050721.247	n	10.3856	3.59791	23.431	32.4898
1400050721.309	n	10.3856	3.59791	23.432	32.4899
1400050721.373	n	10.3856	3.59791	23.434	32.4898
1400050721.435	n	10.3856	3.59790	23.437	32.4897
1400050721.496	n	10.3856	3.59788	23.432	32.4896
1400050721.558	n	10.3856	3.59786	23.432	32.4894
1400050721.623	n	10.3856	3.59785	23.433	32.4893
1400050721.684	n	10.3856	3.59785	23.437	32.4893
1400050721.746	n	10.3856	3.59784	23.436	32.4892
1400050721.808	n	10.3856	3.59784	23.435	32.4891
1400050721.874	n	10.3856	3.59783	23.438	32.4891
1400050721.936	n	10.3856	3.59783	23.439	32.4891
1400050721.998	n	10.3856	3.59783	23.437	32.4891
1400050722.060	n	10.3855	3.59783	23.442	32.4891
1400050722.122	n	10.3855	3.59783	23.440	32.4891
1400050722.183	n	10.3855	3.59783	23.440	32.4892
1400050722.246	n	10.3855	3.59783	23.443	32.4892
1400050722.310	n	10.3855	3.59783	23.445	32.4892
1400050722.389	y	10.3855	3.59783	23.445	32.4892
1400050722.434	n	10.3854	3.59784	23.449	32.4893
1400050722.497	n	10.3854	3.59785	23.447	32.4895
1400050722.561	n	10.3853	3.59787	23.447	32.4897
1400050722.625	n	10.3853	3.59787	23.451	32.4898
1400050722.686	n	10.3852	3.59786	23.452	32.4898
1400050722.748	n	10.3852	3.59787	23.451	32.4899
1400050722.811	n	10.3851	3.59788	23.450	32.4900
1400050722.874	n	10.3851	3.59789	23.451	32.4901
1400050722.935	n	10.3850	3.59791	23.453	32.4903
1400050722.999	n	10.3850	3.59791	23.455	32.4904
1400050723.060	n	10.3850	3.59791	23.456	32.4904
1400050723.122	y	10.3850	3.59791	23.456	32.4904
1400050723.240	n	10.3850	3.59790	23.455	32.4903
1400050723.248	n	10.3850	3.59789	23.459	32.4903
1400050723.312	n	10.3850	3.59789	23.464	32.4902
1400050723.373	n	10.3850	3.59788	23.463	32.4901
1400050723.434	n	10.3850	3.59786	23.466	32.4899
1400050723.498	n	10.3849	3.59785	23.469	32.4899
1400050723.561	n	10.3849	3.59784	23.470	32.4898
1400050723.625	n	10.3849	3.59783	23.467	32.4897
1400050723.684	n	10.3849	3.59782	23.475	32.4896
1400050723.746	n	10.3849	3.59782	23.475	32.4896
1400050723.810	n	10.3849	3.59783	23.475	32.4897
1400050723.872	n	10.3849	3.59784	23.480	32.4898
1400050723.934	n	10.3849	3.59785	23.477	32.4899
1400050723.996	n	10.3849	3.59785	23.481	32.4899
1400050724.060	n	10.3849	3.59786	23.481	32.4899
1400050724.121	n	10.3849	3.59786	23.481	32.4900
1400050724.185	n	10.3849	3.59786	23.485	32.4899
1400050724.247	n	10.3849	3.59785	23.486	32.4899
1400050724.311	n	10.3849	3.59785	23.488	32.4898
1400050724.373	n	10.3849	3.59784	23.489	32.4898
1400050724.435	n	10.3849	3.59785	23.491	32.4898
1400050724.496	n	10.3849	3.59785	23.493	32.4899
1400050724.561	n	10.3848	3.59786	23.494	32.4900
1400050724.626	n	10.3848	3.59787	23.499	32.4901
1400050724.686	n	10.3848	3.59787	23.499	32.4901
1400050724.746	n	10.3848	3.59786	23.499	32.4901
1400050724.811	n	10.3848	3.59786	23.499	32.4901
1400050724.874	n	10.3847	3.59785	23.501	32.4901
1400050724.934	n	10.3847	3.59785	23.503	32.4901
1400050724.998	n	10.3846	3.59786	23.504	32.4902
1400050725.060	n	10.3846	3.59785	23.505	32.4902
1400050725.121	n	10.3846	3.59784	23.507	32.4901
1400050725.184	n	10.3845	3.59781	23.505	32.4899
1400050725.247	n	10.3845	3.59779	23.509	32.4897
1400050725.310	n	10.3844	3.59778	23.508	32.4897
1400050725.372	n	10.3843	3.59778	23.510	32.4898
1400050725.434	n	10.3841	3.59779	23.509	32.4899
1400050725.497	n	10.3840	3.59779	23.509	32.4900
1400050725.560	n	10.3839	3.59778	23.512	32.4900
1400050725.622	n	10.3838	3.59776	23.512	32.4900
1400050725.684	n	10.3837	3.59775	23.510	32.4900
1400050725.746	n	10.3837	3.59775	23.509	32.4900
1400050725.842	n	10.3836	3.59777	23.512	32.4902
1400050725.872	n	10.3836	3.59779	23.508	32.4905
1400050725.933	n	10.3835	3.59781	23.511	32.4907
1400050725.996	n	10.3834	3.59782	23.508	32.4909
1400050726.060	y	10.3834	3.59783	23.507	32.4910
1400050726.121	n	10.3833	3.59784	23.501	32.4911
1400050726.184	n	10.3833	3.59785	23.498	32.4912
1400050726.246	n	10.3833	3.59785	23.495	32.4914
1400050726.309	n	10.3832	3.59785	23.489	32.4914
1400050726.371	y	10.3832	3.59785	23.488	32.4914
1400050726.434	n	10.3831	3.59784	23.483	32.4914
1400050726.497	n	10.3831	3.59784	23.475	32.4914
1400050726.560	n	10.3830	3.59784	23.469	32.4915
1400050726.626	n	10.3829	3.59785	23.468	32.4916
1400050726.683	n	10.3829	3.59786	23.463	32.4918
1400050726.746	n	10.3828	3.59786	23.458	32.4919
1400050726.809	n	10.3827	3.59787	23.455	32.4921
1400050726.871	n	10.3826	3.59787	23.447	32.4921
1400050726.934	n	10.3825	3.59786	23.439	32.4921
1400050726.997	n	10.3825	3.59785	23.429	32.4921
1400050727.060	n	10.3824	3.59785	23.422	32.4921
1400050727.122	n	10.3823	3.59784	23.418	32.4921
1400050727.185	n	10.3822	3.59784	23.408	32.4922
1400050727.246	n	10.3822	3.59785	23.400	32.4923
1400050727.308	n	10.3822	3.59785	23.391	32.4923
1400050728.003	y	10.3822	3.59784	23.378	32.4922
1400050728.018	n	10.3823	3.59783	23.371	32.4921
1400050728.025	n	10.3822	3.59783	23.362	32.4921
1400050728.039	n	10.3822	3.59782	23.356	32.4921
1400050728.046	n	10.3822	3.59782	23.344	32.4921
1400050728.052	n	10.3821	3.59782	23.331	32.4922
1400050728.060	n	10.3820	3.59781	23.321	32.4921
1400050728.068	n	10.3820	3.59780	23.309	32.4921
1400050728.074	n	10.3820	3.59780	23.300	32.4921
1400050728.080	n	10.3819	3.59779	23.288	32.4920
1400050728.086	n	10.3820	3.59779	23.277	32.4920
1400050728.091	n	10.3820	3.59779	23.262	32.4919
1400050728.122	n	10.3821	3.59779	23.250	32.4919
1400050728.185	n	10.3821	3.59779	23.234	32.4919
1400050728.246	n	10.3822	3.59779	23.223	32.4918
1400050728.309	n	10.3823	3.59779	23.210	32.4918
1400050728.372	n	10.3824	3.59779	23.200	32.4917
1400050728.433	n	10.3825	3.59779	23.185	32.4915
1400050728.496	n	10.3827	3.59778	23.171	32.4912
1400050728.558	n	10.3828	3.59776	23.156	32.4910
1400050728.621	n	10.3829	3.59775	23.147	32.4908
1400050728.684	n	10.3830	3.59774	23.136	32.4906
1400050728.746	n	10.3831	3.59774	23.122	32.4905
1400050728.808	n	10.3833	3.59774	23.106	32.4904
1400050728.872	n	10.3834	3.59774	23.092	32.4902
1400050728.935	n	10.3835	3.59774	23.079	32.4901
1400050728.997	n	10.3836	3.59773	23.065	32.4900
1400050729.059	n	10.3837	3.59772	23.050	32.4899
1400050729.122	n	10.3837	3.59772	23.035	32.4899
1400050729.184	n	10.3838	3.59772	23.020	32.4897
1400050729.246	n	10.3839	3.59771	23.009	32.4896
1400050729.309	n	10.3840	3.59772	22.994	32.4895
1400050729.371	n	10.3842	3.59772	22.979	32.4894
1400050729.435	n	10.3843	3.59771	22.966	32.4893
1400050729.496	n	10.3844	3.59772	22.952	32.4892
1400050729.560	n	10.3845	3.59772	22.942	32.4892
1400050729.647	y	10.3846	3.59772	22.928	32.4890
1400050729.683	n	10.3847	3.59771	22.910	32.4889
1400050729.748	n	10.3848	3.59771	22.902	32.4888
1400050729.809	n	10.3849	3.59770	22.888	32.4886
1400050729.872	n	10.3850	3.59770	22.874	32.4886
1400050729.935	n	10.3851	3.59770	22.859	32.4885
1400050729.997	n	10.3852	3.59770	22.849	32.4883
1400050730.059	n	10.3854	3.59769	22.834	32.4882
1400050730.122	n	10.3855	3.59769	22.823	32.4880
1400050730.184	n	10.3857	3.59769	22.812	32.4879
1400050730.247	n	10.3858	3.59770	22.798	32.4878
1400050730.310	n	10.3859	3.59770	22.784	32.4878
1400050730.371	n	10.3861	3.59770	22.773	32.4876
1400050730.434	n	10.3862	3.59770	22.764	32.4875
1400050730.496	n	10.3863	3.59769	22.748	32.4874
1400050730.560	n	10.3865	3.59770	22.735	32.4872
1400050730.622	n	10.3867	3.59769	22.725	32.4870
1400050730.685	n	10.3868	3.59769	22.712	32.4869
1400050730.746	n	10.3870	3.59769	22.705	32.4867
1400050730.809	n	10.3872	3.59769	22.695	32.4865
1400050730.871	n	10.3874	3.59769	22.680	32.4863
1400050730.934	n	10.3876	3.59769	22.669	32.4862
1400050730.997	n	10.3877	3.59769	22.657	32.4860
1400050731.060	n	10.3879	3.59768	22.643	32.4859
1400050731.122	n	10.3880	3.59769	22.631	32.4858
1400050731.184	n	10.3882	3.59768	22.620	32.4856
1400050731.247	n	10.3883	3.59767	22.607	32.4855
1400050731.310	n	10.3883	3.59766	22.596	32.4853
1400050731.372	n	10.3884	3.59766	22.585	32.4852
1400050731.434	n	10.3886	3.59766	22.571	32.4851
1400050731.497	n	10.3888	3.59767	22.564	32.4850
1400050731.561	n	10.3889	3.59767	22.553	32.4849
1400050731.786	y	10.3890	3.59767	22.543	32.4848
1400050731.795	n	10.3891	3.59766	22.533	32.4846
1400050731.801	n	10.3892	3.59766	22.521	32.4845
1400050731.810	n	10.3893	3.59766	22.506	32.4845
1400050731.872	n	10.3894	3.59767	22.499	32.4845
1400050731.935	n	10.3896	3.59768	22.489	32.4844
1400050731.997	n	10.3897	3.59768	22.476	32.4843
1400050732.059	n	10.3899	3.59768	22.466	32.4841
1400050732.121	n	10.3901	3.59767	22.454	32.4839
1400050732.184	n	10.3902	3.59766	22.442	32.4837
1400050732.247	n	10.3903	3.59765	22.432	32.4835
1400050732.310	n	10.3905	3.59765	22.422	32.4833
1400050732.371	n	10.3906	3.59765	22.409	32.4832
1400050732.434	n	10.3908	3.59765	22.394	32.4830
1400050732.496	n	10.3910	3.59765	22.384	32.4829
1400050732.558	n	10.3911	3.59766	22.374	32.4829
1400050732.622	n	10.3912	3.59766	22.359	32.4828
1400050732.684	n	10.3914	3.59767	22.346	32.4828
1400050732.746	n	10.3916	3.59767	22.333	32.4826
1400050732.810	n	10.3918	3.59767	22.321	32.4824
1400050732.872	n	10.3920	3.59766	22.309	32.4822
1400050732.933	n	10.3922	3.59766	22.296	32.4820
1400050732.996	n	10.3923	3.59766	22.285	32.4818
1400050733.059	n	10.3925	3.59766	22.271	32.4817
1400050733.122	n	10.3927	3.59766	22.255	32.4815
1400050733.185	n	10.3929	3.59766	22.242	32.4814
1400050733.246	n	10.3931	3.59766	22.229	32.4812
1400050733.340	y	10.3933	3.59765	22.215	32.4809
1400050733.371	n	10.3936	3.59765	22.200	32.4807
1400050733.434	n	10.3938	3.59766	22.184	32.4806
1400050733.498	n	10.3940	3.59766	22.173	32.4804
1400050733.560	n	10.3942	3.59767	22.159	32.4803
1400050733.623	n	10.3944	3.59767	22.144	32.4802
1400050733.685	n	10.3947	3.59766	22.128	32.4799
1400050733.746	n	10.3950	3.59766	22.110	32.4796
1400050733.810	n	10.3953	3.59766	22.098	32.4793
1400050733.872	n	10.3956	3.59766	22.087	32.4790
1400050733.935	n	10.3958	3.59766	22.066	32.4788
1400050733.997	n	10.3961	3.59765	22.050	32.4785
1400050734.059	n	10.3964	3.59765	22.032	32.4782
1400050734.121	n	10.3967	3.59765	22.015	32.4780
1400050734.183	n	10.3970	3.59765	22.001	32.4777
1400050734.247	n	10.3974	3.59765	21.988	32.4774
1400050734.308	n	10.3977	3.59766	21.971	32.4771
1400050734.371	n	10.3981	3.59766	21.952	32.4769
1400050734.435	n	10.3984	3.59766	21.936	32.4765
1400050734.497	n	10.3988	3.59765	21.918	32.4761
1400050734.560	n	10.3992	3.59763	21.897	32.4756
1400050734.622	n	10.3997	3.59762	21.883	32.4751
1400050734.685	n	10.4002	3.59763	21.866	32.4747
1400050734.746	n	10.4007	3.59764	21.848	32.4744
1400050734.810	n	10.4012	3.59765	21.830	32.4740
1400050734.872	n	10.4018	3.59766	21.812	32.4736
1400050734.934	n	10.4023	3.59766	21.791	32.4731
1400050734.997	n	10.4029	3.59766	21.771	32.4726
1400050735.061	n	10.4036	3.59766	21.757	32.4720
1400050735.122	n	10.4042	3.59765	21.735	32.4714
1400050735.186	n	10.4049	3.59764	21.719	32.4706
1400050735.247	n	10.4056	3.59763	21.698	32.4699
1400050735.308	n	10.4063	3.59762	21.676	32.4692
1400050735.372	n	10.4071	3.59763	21.657	32.4686
1400050735.435	n	10.4079	3.59763	21.638	32.4679
1400050735.497	n	10.4089	3.59763	21.617	32.4671
1400050735.559	n	10.4098	3.59763	21.599	32.4662
1400050735.622	n	10.4108	3.59763	21.578	32.4653
1400050735.685	n	10.4119	3.59761	21.556	32.4643
1400050735.747	n	10.4129	3.59760	21.535	32.4632
1400050735.811	n	10.4140	3.59760	21.516	32.4623
1400050735.940	y	10.4151	3.59761	21.492	32.4614
1400050735.947	n	10.4163	3.59763	21.470	32.4605
1400050735.997	n	10.4174	3.59764	21.449	32.4595
1400050736.061	n	10.4187	3.59764	21.431	32.4585
1400050736.122	n	10.4200	3.59764	21.406	32.4573
1400050736.184	n	10.4214	3.59764	21.384	32.4561
1400050736.247	n	10.4228	3.59764	21.366	32.4548
1400050736.308	n	10.4241	3.59764	21.346	32.4536
1400050736.373	n	10.4256	3.59764	21.324	32.4524
1400050736.435	n	10.4270	3.59764	21.301	32.4511
1400050736.497	n	10.4285	3.59764	21.278	32.4498
1400050736.559	n	10.4300	3.59763	21.257	32.4484
1400050736.623	n	10.4314	3.59762	21.236	32.4470
1400050736.685	n	10.4329	3.59762	21.218	32.4457
1400050736.749	n	10.4344	3.59762	21.194	32.4443
1400050736.811	n	10.4360	3.59762	21.172	32.4429
1400050736.871	n	10.4376	3.59761	21.150	32.4414
1400050736.934	n	10.4392	3.59761	21.128	32.4400
1400050737.045	y	10.4409	3.59760	21.110	32.4385
1400050737.066	n	10.4425	3.59760	21.087	32.4370
1400050737.122	n	10.4441	3.59760	21.064	32.4356
1400050737.185	n	10.4458	3.59761	21.044	32.4342
1400050737.248	n	10.4475	3.59761	21.023	32.4327
1400050737.309	n	10.4491	3.59761	21.004	32.4312
1400050737.372	n	10.4509	3.59760	20.981	32.4296
1400050737.434	n	10.4526	3.59760	20.957	32.4281
1400050737.497	n	10.4544	3.59760	20.938	32.4265
1400050737.560	n	10.4562	3.59760	20.916	32.4249
1400050737.621	n	10.4581	3.59760	20.895	32.4232
1400050737.684	n	10.4599	3.59761	20.876	32.4216
1400050737.746	n	10.4618	3.59760	20.855	32.4199
1400050737.810	n	10.4638	3.59760	20.835	32.4182
1400050737.872	n	10.4657	3.59760	20.812	32.4164
1400050737.935	n	10.4677	3.59761	20.790	32.4148
1400050737.996	n	10.4696	3.59762	20.771	32.4131
1400050738.065	n	10.4716	3.59763	20.751	32.4115
1400050738.122	n	10.4736	3.59763	20.729	32.4097
1400050738.184	n	10.4758	3.59763	20.708	32.4078
1400050738.248	n	10.4779	3.59762	20.691	32.4058
1400050738.309	n	10.4801	3.59762	20.668	32.4039
1400050738.372	n	10.4823	3.59763	20.644	32.4020
1400050738.434	n	10.4846	3.59763	20.627	32.4000
1400050738.498	n	10.4868	3.59763	20.607	32.3980
1400050738.559	n	10.4892	3.59763	20.588	32.3959
1400050738.622	n	10.4916	3.59763	20.568	32.3938
1400050738.684	n	10.4940	3.59763	20.551	32.3916
1400050738.749	n	10.4965	3.59763	20.533	32.3895
1400050738.811	n	10.4989	3.59764	20.515	32.3874
1400050738.872	n	10.5014	3.59764	20.495	32.3852
1400050738.935	n	10.5039	3.59764	20.478	32.3830
1400050738.998	n	10.5065	3.59764	20.456	32.3807
1400050739.065	n	10.5092	3.59765	20.440	32.3784
1400050739.122	n	10.5120	3.59766	20.426	32.3760
1400050739.204	y	10.5149	3.59766	20.409	32.3735
1400050739.246	n	10.5177	3.59767	20.394	32.3710
1400050739.311	n	10.5207	3.59766	20.378	32.3684
1400050739.372	n	10.5236	3.59767	20.359	32.3658
1400050739.434	n	10.5267	3.59768	20.339	32.3632
1400050739.498	n	10.5298	3.59768	20.323	32.3605
1400050739.559	n	10.5329	3.59769	20.305	32.3578
1400050739.622	n	10.5361	3.59771	20.290	32.3551
1400050739.684	n	10.5394	3.59771	20.276	32.3523
1400050739.747	n	10.5428	3.59772	20.260	32.3494
1400050739.809	n	10.5462	3.59772	20.245	32.3463
1400050739.872	n	10.5497	3.59772	20.228	32.3433
1400050739.934	n	10.5532	3.59773	20.211	32.3402
1400050739.996	n	10.5568	3.59773	20.194	32.3371
1400050740.064	n	10.5604	3.59774	20.181	32.3339
1400050740.205	y	10.5641	3.59775	20.164	32.3307
1400050740.210	n	10.5679	3.59776	20.150	32.3274
1400050740.247	n	10.5718	3.59776	20.134	32.3241
1400050740.308	n	10.5757	3.59777	20.116	32.3207
1400050740.372	n	10.5797	3.59779	20.101	32.3173
1400050740.434	n	10.5838	3.59780	20.090	32.3139
1400050740.498	n	10.5879	3.59781	20.075	32.3103
1400050740.560	n	10.5921	3.59781	20.061	32.3066
1400050740.622	n	10.5964	3.59781	20.041	32.3028
1400050740.740	y	10.6007	3.59781	20.027	32.2990
1400050740.748	n	10.6051	3.59781	20.011	32.2952
1400050740.809	n	10.6095	3.59782	19.998	32.2913
1400050740.872	n	10.6139	3.59782	19.987	32.2874
1400050740.936	n	10.6185	3.59782	19.973	32.2834
1400050740.999	n	10.6231	3.59782	19.951	32.2793
1400050741.060	n	10.6277	3.59782	19.935	32.2753
1400050741.122	n	10.6323	3.59783	19.924	32.2713
1400050741.185	n	10.6370	3.59784	19.909	32.2672
1400050741.247	n	10.6417	3.59785	19.894	32.2632
1400050741.311	n	10.6465	3.59787	19.880	32.2592
1400050741.372	n	10.6513	3.59789	19.867	32.2552
1400050741.434	n	10.6560	3.59791	19.853	32.2512
1400050741.497	n	10.6607	3.59791	19.835	32.2470
1400050741.561	n	10.6655	3.59791	19.818	32.2428
1400050741.623	n	10.6702	3.59791	19.803	32.2386
1400050741.685	n	10.6750	3.59792	19.790	32.2345
1400050741.746	n	10.6798	3.59794	19.779	32.2305
1400050741.810	n	10.6846	3.59795	19.765	32.2264
1400050741.873	n	10.6893	3.59795	19.748	32.2222
1400050741.936	n	10.6939	3.59795	19.736	32.2181
1400050741.997	n	10.6986	3.59794	19.721	32.2139
1400050742.059	n	10.7032	3.59794	19.705	32.2098
1400050742.122	n	10.7079	3.59794	19.691	32.2057
1400050742.185	n	10.7125	3.59794	19.674	32.2017
1400050742.248	n	10.7171	3.59795	19.659	32.1977
1400050742.311	n	10.7217	3.59796	19.643	32.1939
1400050742.372	n	10.7261	3.59798	19.629	32.1901
1400050742.435	n	10.7306	3.59799	19.612	32.1863
1400050742.497	n	10.7351	3.59800	19.598	32.1824
1400050742.559	n	10.7395	3.59799	19.584	32.1785
1400050742.621	n	10.7439	3.59799	19.568	32.1745
1400050742.685	n	10.7483	3.59798	19.550	32.1707
1400050742.747	n	10.7526	3.59799	19.536	32.1670
1400050742.809	n	10.7568	3.59800	19.515	32.1633
1400050742.871	n	10.7611	3.59800	19.502	32.1597
1400050742.935	n	10.7652	3.59801	19.491	32.1560
1400050742.999	n	10.7694	3.59800	19.472	32.1524
1400050743.059	n	10.7734	3.59800	19.454	32.1489
1400050743.122	n	10.7774	3.59801	19.440	32.1454
1400050743.183	n	10.7813	3.59801	19.422	32.1419
1400050743.246	n	10.7853	3.59801	19.406	32.1385
1400050743.310	n	10.7892	3.59802	19.390	32.1351
1400050743.371	n	10.7930	3.59801	19.372	32.1318
1400050743.433	n	10.7968	3.59802	19.359	32.1284
1400050743.498	n	10.8006	3.59801	19.341	32.1251
1400050743.561	n	10.8043	3.59801	19.322	32.1218
1400050743.621	n	10.8080	3.59801	19.303	32.1186
1400050743.686	n	10.8116	3.59801	19.286	32.1155
1400050743.747	n	10.8152	3.59801	19.272	32.1124
1400050743.810	n	10.8187	3.59801	19.256	32.1092
1400050743.872	n	10.8222	3.59801	19.237	32.1061
1400050743.934	n	10.8256	3.59800	19.220	32.1031
1400050743.997	n	10.8290	3.59800	19.201	32.1001
1400050744.060	n	10.8324	3.59800	19.190	32.0971
1400050744.122	n	10.8357	3.59800	19.177	32.0942
1400050744.184	n	10.8389	3.59799	19.154	32.0914
1400050744.248	n	10.8422	3.59799	19.135	32.0885
1400050744.311	n	10.8454	3.59799	19.120	32.0857
1400050744.523	y	10.8486	3.59798	19.105	32.0828
1400050744.533	n	10.8517	3.59797	19.088	32.0799
1400050744.538	n	10.8549	3.59796	19.073	32.0771
1400050744.560	n	10.8580	3.59795	19.055	32.0743
1400050744.622	n	10.8610	3.59795	19.038	32.0716
1400050744.685	n	10.8640	3.59795	19.021	32.0689
1400050744.748	n	10.8671	3.59795	19.007	32.0663
1400050744.809	n	10.8700	3.59796	18.989	32.0638
1400050744.872	n	10.8730	3.59796	18.973	32.0612
1400050744.934	n	10.8759	3.59794	18.953	32.0586
1400050744.997	n	10.8788	3.59794	18.938	32.0560
1400050745.059	n	10.8817	3.59794	18.921	32.0535
1400050745.122	n	10.8846	3.59794	18.907	32.0510
1400050745.185	n	10.8874	3.59794	18.893	32.0485
1400050745.249	n	10.8903	3.59793	18.877	32.0459
1400050745.309	n	10.8931	3.59791	18.862	32.0432
1400050745.372	n	10.8959	3.59789	18.844	32.0407
1400050745.435	n	10.8987	3.59789	18.827	32.0382
1400050745.497	n	10.9014	3.59788	18.812	32.0358
1400050745.558	n	10.9041	3.59788	18.794	32.0333
1400050745.621	n	10.9069	3.59786	18.780	32.0307
1400050745.684	n	10.9097	3.59785	18.761	32.0282
1400050745.747	n	10.9124	3.59784	18.744	32.0258
1400050745.811	n	10.9152	3.59784	18.733	32.0233
1400050745.872	n	10.9178	3.59784	18.715	32.0210
1400050745.934	n	10.9205	3.59783	18.698	32.0186
1400050745.998	n	10.9232	3.59781	18.683	32.0160
1400050746.061	n	10.9260	3.59780	18.668	32.0136
1400050746.123	n	10.9287	3.59780	18.649	32.0112
1400050746.185	n	10.9314	3.59781	18.636	32.0089
1400050746.247	n	10.9341	3.59781	18.621	32.0066
1400050746.311	n	10.9367	3.59781	18.607	32.0043
1400050746.372	n	10.9394	3.59780	18.592	32.0019
1400050746.435	n	10.9420	3.59779	18.575	31.9994
1400050746.498	n	10.9448	3.59778	18.557	31.9970
1400050746.559	n	10.9475	3.59777	18.540	31.9945
1400050746.622	n	10.9502	3.59776	18.525	31.9921
1400050746.684	n	10.9528	3.59775	18.512	31.9897
1400050746.748	n	10.9554	3.59774	18.496	31.9873
1400050746.811	n	10.9580	3.59772	18.480	31.9849
1400050746.872	n	10.9606	3.59771	18.464	31.9825
1400050746.934	n	10.9633	3.59769	18.450	31.9800
1400050746.996	n	10.9659	3.59768	18.434	31.9777
1400050747.059	n	10.9685	3.59768	18.423	31.9754
1400050747.121	n	10.9712	3.59769	18.405	31.9731
1400050747.184	n	10.9738	3.59768	18.388	31.9707
1400050747.247	n	10.9765	3.59767	18.373	31.9684
1400050747.309	n	10.9791	3.59767	18.357	31.9661
1400050747.373	n	10.9817	3.59766	18.344	31.9637
1400050747.434	n	10.9844	3.59765	18.329	31.9613
1400050747.498	n	10.9870	3.59764	18.311	31.9588
1400050747.560	n	10.9897	3.59763	18.293	31.9564
1400050747.623	n	10.9924	3.59762	18.276	31.9541
1400050747.685	n	10.9950	3.59762	18.263	31.9518
1400050747.748	n	10.9977	3.59761	18.251	31.9494
1400050747.809	n	11.0004	3.59760	18.236	31.9469
1400050747.872	n	11.0031	3.59759	18.222	31.9444
1400050747.934	y	11.0058	3.59758	18.205	31.9420
1400050747.998	n	11.0086	3.59757	18.190	31.9395
1400050748.061	n	11.0114	3.59757	18.169	31.9370
1400050748.123	n	11.0141	3.59756	18.157	31.9346
1400050748.185	n	11.0169	3.59756	18.139	31.9321
1400050748.248	n	11.0197	3.59755	18.126	31.9297
1400050748.309	n	11.0226	3.59754	18.108	31.9271
1400050748.373	n	11.0254	3.59754	18.094	31.9246
1400050748.435	n	11.0283	3.59753	18.077	31.9221
1400050748.497	n	11.0311	3.59753	18.062	31.9195
1400050748.559	n	11.0340	3.59752	18.047	31.9169
1400050748.795	y	11.0369	3.59751	18.028	31.9144
1400050748.804	n	11.0397	3.59751	18.013	31.9119
1400050748.811	n	11.0426	3.59751	17.998	31.9093
1400050748.817	n	11.0456	3.59751	17.983	31.9068
1400050748.872	n	11.0486	3.59751	17.964	31.9041
1400050748.935	n	11.0516	3.59751	17.950	31.9016
1400050748.997	n	11.0546	3.59750	17.932	31.8989
1400050749.060	n	11.0576	3.59750	17.916	31.8963
1400050749.121	n	11.0606	3.59750	17.901	31.8937
1400050749.184	n	11.0635	3.59750	17.883	31.8912
1400050749.246	n	11.0665	3.59749	17.867	31.8885
1400050749.311	n	11.0695	3.59749	17.852	31.8859
1400050749.371	n	11.0726	3.59746	17.839	31.8830
1400050749.434	n	11.0757	3.59744	17.819	31.8800
1400050749.496	n	11.0788	3.59740	17.804	31.8770
1400050749.559	n	11.0819	3.59737	17.784	31.8740
1400050749.621	n	11.0850	3.59734	17.771	31.8710
1400050749.684	n	11.0881	3.59733	17.752	31.8682
1400050749.747	n	11.0912	3.59732	17.734	31.8655
1400050749.810	n	11.0942	3.59732	17.722	31.8628
1400050749.872	n	11.0973	3.59732	17.704	31.8602
1400050749.934	n	11.1004	3.59732	17.685	31.8575
1400050749.997	n	11.1035	3.59730	17.668	31.8547
1400050750.060	n	11.1066	3.59729	17.652	31.8519
1400050750.123	n	11.1096	3.59729	17.634	31.8493
1400050750.184	n	11.1126	3.59729	17.617	31.8467
1400050750.247	n	11.1156	3.59729	17.599	31.8441
1400050750.311	n	11.1187	3.59729	17.583	31.8414
1400050750.371	n	11.1217	3.59728	17.568	31.8387
1400050750.434	n	11.1247	3.59725	17.550	31.8359
1400050750.496	n	11.1277	3.59722	17.531	31.8330
1400050750.559	n	11.1307	3.59720	17.514	31.8303
1400050750.622	n	11.1336	3.59719	17.491	31.8276
1400050750.684	n	11.1366	3.59719	17.478	31.8251
1400050750.747	n	11.1395	3.59719	17.463	31.8225
1400050750.811	n	11.1424	3.59719	17.446	31.8200
1400050750.872	n	11.1453	3.59718	17.431	31.8174
1400050750.935	n	11.1481	3.59717	17.411	31.8149
1400050750.996	n	11.1510	3.59716	17.391	31.8123
1400050751.061	n	11.1538	3.59715	17.372	31.8098
1400050751.123	n	11.1566	3.59715	17.357	31.8074
1400050751.185	n	11.1593	3.59715	17.339	31.8050
1400050751.247	n	11.1621	3.59716	17.320	31.8027
1400050751.311	n	11.1648	3.59716	17.301	31.8004
1400050751.371	n	11.1675	3.59716	17.285	31.7981
1400050751.433	n	11.1702	3.59716	17.271	31.7957
1400050751.497	n	11.1729	3.59716	17.254	31.7935
1400050751.559	n	11.1755	3.59716	17.232	31.7912
1400050751.622	n	11.1781	3.59715	17.212	31.7888
1400050751.684	y	11.1808	3.59713	17.197	31.7864
1400050751.747	n	11.1834	3.59712	17.180	31.7840
1400050751.809	n	11.1860	3.59711	17.162	31.7817
1400050751.872	n	11.1885	3.59710	17.144	31.7794
1400050751.935	n	11.1911	3.59709	17.126	31.7771
1400050751.998	n	11.1935	3.59708	17.103	31.7749
1400050752.063	n	11.1961	3.59708	17.089	31.7728
1400050752.121	n	11.1986	3.59708	17.074	31.7706
1400050752.185	n	11.2010	3.59708	17.056	31.7684
1400050752.246	n	11.2035	3.59706	17.042	31.7662
1400050752.308	n	11.2058	3.59706	17.019	31.7641
1400050752.372	n	11.2082	3.59706	17.001	31.7621
1400050752.435	n	11.2106	3.59706	16.985	31.7600
1400050752.496	n	11.2130	3.59705	16.966	31.7580
1400050752.560	n	11.2153	3.59705	16.949	31.7559
1400050752.621	n	11.2176	3.59703	16.931	31.7538
1400050752.685	n	11.2199	3.59703	16.914	31.7518
1400050752.747	n	11.2221	3.59704	16.898	31.7500
1400050752.810	n	11.2243	3.59704	16.883	31.7481
1400050752.958	y	11.2265	3.59702	16.863	31.7460
1400050752.964	n	11.2287	3.59700	16.845	31.7439
1400050752.996	n	11.2309	3.59697	16.832	31.7418
1400050753.059	n	11.2331	3.59696	16.815	31.7398
1400050753.122	n	11.2352	3.59696	16.796	31.7379
1400050753.185	n	11.2373	3.59697	16.780	31.7362
1400050753.246	n	11.2394	3.59696	16.764	31.7344
1400050753.310	n	11.2414	3.59696	16.747	31.7326
1400050753.374	n	11.2434	3.59695	16.731	31.7308
1400050753.434	n	11.2454	3.59695	16.715	31.7291
1400050753.497	n	11.2473	3.59694	16.698	31.7273
1400050753.559	n	11.2493	3.59694	16.684	31.7256
1400050753.621	n	11.2512	3.59693	16.666	31.7239
1400050753.685	n	11.2531	3.59692	16.647	31.7222
1400050753.747	n	11.2549	3.59692	16.635	31.7206
1400050753.809	n	11.2567	3.59692	16.616	31.7191
1400050753.872	n	11.2585	3.59691	16.604	31.7175
1400050753.934	n	11.2602	3.59690	16.591	31.7159
1400050753.998	n	11.2620	3.59690	16.573	31.7144
1400050754.059	n	11.2637	3.59689	16.557	31.7128
1400050754.123	n	11.2654	3.59689	16.542	31.7113
1400050754.185	n	11.2671	3.59688	16.526	31.7099
1400050754.247	n	11.2687	3.59688	16.511	31.7085
1400050754.309	n	11.2702	3.59688	16.498	31.7072
1400050754.372	n	11.2717	3.59688	16.483	31.7058
1400050754.435	n	11.2733	3.59687	16.466	31.7045
1400050754.498	n	11.2748	3.59686	16.452	31.7030
1400050754.560	n	11.2764	3.59685	16.439	31.7016
1400050754.696	y	11.2779	3.59683	16.420	31.7001
1400050754.701	n	11.2794	3.59682	16.406	31.6987
1400050754.747	n	11.2809	3.59681	16.396	31.6974
1400050754.809	n	11.2823	3.59681	16.384	31.6961
1400050754.872	n	11.2837	3.59682	16.370	31.6950
1400050754.935	n	11.2851	3.59683	16.355	31.6939
1400050754.996	n	11.2865	3.59682	16.343	31.6927
1400050755.061	n	11.2879	3.59682	16.333	31.6915
1400050755.121	n	11.2893	3.59681	16.318	31.6902
1400050755.184	n	11.2907	3.59680	16.301	31.6889
1400050755.248	n	11.2921	3.59680	16.286	31.6876
1400050755.310	n	11.2934	3.59680	16.277	31.6865
1400050755.372	y	11.2948	3.59679	16.264	31.6853
1400050755.435	n	11.2961	3.59679	16.250	31.6842
1400050755.498	n	11.2974	3.59679	16.238	31.6830
1400050755.559	n	11.2988	3.59678	16.224	31.6818
1400050755.621	n	11.3001	3.59679	16.215	31.6807
1400050755.685	n	11.3015	3.59679	16.200	31.6795
1400050755.747	n	11.3029	3.59679	16.184	31.6783
1400050755.811	n	11.3043	3.59679	16.171	31.6771
1400050755.871	n	11.3057	3.59678	16.158	31.6759
1400050755.934	n	11.3070	3.59679	16.148	31.6748
1400050755.998	n	11.3083	3.59680	16.135	31.6738
1400050756.059	n	11.3097	3.59682	16.121	31.6728
1400050756.122	n	11.3110	3.59683	16.111	31.6717
1400050756.185	n	11.3124	3.59684	16.100	31.6707
1400050756.246	n	11.3139	3.59684	16.092	31.6695
1400050756.311	n	11.3153	3.59684	16.077	31.6682
1400050756.373	n	11.3167	3.59684	16.062	31.6670
1400050756.435	n	11.3182	3.59684	16.050	31.6658
1400050756.498	n	11.3196	3.59685	16.040	31.6646
1400050756.561	n	11.3211	3.59687	16.028	31.6636
1400050756.622	n	11.3225	3.59688	16.017	31.6624
1400050756.684	n	11.3240	3.59688	16.004	31.6611
1400050756.746	n	11.3255	3.59689	15.992	31.6601
1400050756.810	n	11.3269	3.59692	15.981	31.6591
1400050756.871	n	11.3284	3.59695	15.968	31.6581
1400050756.934	n	11.3299	3.59697	15.952	31.6571
1400050756.996	n	11.3314	3.59699	15.939	31.6559
1400050757.060	n	11.3330	3.59700	15.926	31.6546
1400050757.216	y	11.3346	3.59702	15.914	31.6534
1400050757.223	n	11.3362	3.59704	15.904	31.6523
1400050757.246	n	11.3377	3.59707	15.892	31.6513
1400050757.309	n	11.3392	3.59710	15.878	31.6503
1400050757.371	n	11.3407	3.59712	15.867	31.6492
1400050757.434	n	11.3423	3.59715	15.856	31.6482
1400050757.497	n	11.3438	3.59718	15.841	31.6472
1400050757.561	n	11.3454	3.59722	15.825	31.6462
1400050757.622	n	11.3469	3.59725	15.813	31.6452
1400050757.684	n	11.3484	3.59726	15.799	31.6440
1400050757.746	n	11.3500	3.59726	15.785	31.6427
1400050757.810	n	11.3516	3.59726	15.771	31.6414
1400050757.872	n	11.3531	3.59729	15.757	31.6403
1400050757.935	n	11.3547	3.59731	15.744	31.6392
1400050757.997	n	11.3562	3.59734	15.728	31.6381
1400050758.060	n	11.3578	3.59737	15.716	31.6371
1400050758.123	n	11.3593	3.59740	15.702	31.6361
1400050758.185	n	11.3607	3.59742	15.686	31.6351
1400050758.248	n	11.3622	3.59744	15.677	31.6341
1400050758.309	n	11.3636	3.59746	15.663	31.6330
1400050758.372	n	11.3651	3.59747	15.645	31.6319
1400050758.436	n	11.3665	3.59749	15.630	31.6309
1400050758.497	n	11.3680	3.59752	15.613	31.6299
1400050758.561	n	11.3694	3.59753	15.600	31.6288
1400050758.622	n	11.3708	3.59755	15.583	31.6277
1400050758.686	n	11.3723	3.59756	15.567	31.6266
1400050758.746	n	11.3737	3.59757	15.553	31.6256
1400050758.810	n	11.3750	3.59759	15.534	31.6246
1400050758.872	n	11.3764	3.59762	15.517	31.6237
1400050758.969	y	11.3777	3.59764	15.504	31.6228
1400050758.997	n	11.3791	3.59766	15.484	31.6218
1400050759.060	n	11.3805	3.59767	15.469	31.6207
1400050759.122	n	11.3818	3.59768	15.452	31.6197
1400050759.185	n	11.3831	3.59769	15.435	31.6187
1400050759.248	n	11.3844	3.59770	15.419	31.6177
1400050759.309	n	11.3856	3.59771	15.402	31.6167
1400050759.372	n	11.3870	3.59772	15.382	31.6157
1400050759.435	n	11.3883	3.59775	15.362	31.6148
1400050759.498	n	11.3896	3.59776	15.342	31.6138
1400050759.561	n	11.3909	3.59775	15.323	31.6126
1400050759.621	n	11.3922	3.59774	15.307	31.6114
1400050759.685	n	11.3935	3.59773	15.290	31.6103
1400050759.748	n	11.3947	3.59774	15.270	31.6093
1400050759.809	n	11.3960	3.59776	15.251	31.6084
1400050759.871	n	11.3973	3.59779	15.231	31.6076
1400050759.934	n	11.3986	3.59782	15.211	31.6068
1400050759.996	n	11.3999	3.59786	15.196	31.6060
1400050760.060	n	11.4012	3.59789	15.174	31.6052
1400050760.123	n	11.4024	3.59791	15.152	31.6044
1400050760.185	n	11.4037	3.59793	15.127	31.6035
1400050760.246	n	11.4049	3.59794	15.108	31.6026
1400050760.311	n	11.4061	3.59797	15.087	31.6019
1400050760.371	n	11.4074	3.59800	15.070	31.6011
1400050760.434	n	11.4087	3.59805	15.049	31.6004
1400050760.496	n	11.4099	3.59809	15.025	31.5998
1400050760.560	n	11.4112	3.59812	15.003	31.5990
1400050760.621	n	11.4124	3.59814	14.984	31.5983
1400050760.685	n	11.4136	3.59817	14.965	31.5975
1400050760.747	n	11.4148	3.59821	14.940	31.5968
1400050760.810	n	11.4160	3.59825	14.917	31.5962
1400050760.872	n	11.4172	3.59830	14.894	31.5957
1400050760.935	n	11.4184	3.59834	14.878	31.5951
1400050760.998	n	11.4196	3.59838	14.852	31.5944
1400050761.059	n	11.4208	3.59842	14.830	31.5938
1400050761.121	n	11.4221	3.59847	14.806	31.5932
1400050761.184	n	11.4233	3.59853	14.783	31.5927
1400050761.247	n	11.4245	3.59857	14.762	31.5922
1400050761.311	y	11.4256	3.59861	14.738	31.5916
1400050761.467	n	11.4267	3.59865	14.715	31.5910
1400050761.473	n	11.4279	3.59868	14.694	31.5903
1400050761.498	n	11.4291	3.59872	14.671	31.5897
1400050761.560	n	11.4302	3.59875	14.646	31.5891
1400050761.623	n	11.4314	3.59878	14.624	31.5884
1400050761.685	n	11.4325	3.59882	14.602	31.5877
1400050761.746	n	11.4336	3.59885	14.579	31.5872
1400050761.810	n	11.4348	3.59889	14.558	31.5866
1400050761.872	n	11.4359	3.59892	14.537	31.5859
1400050761.935	n	11.4371	3.59896	14.516	31.5853
1400050761.996	n	11.4383	3.59898	14.491	31.5845
1400050762.060	n	11.4394	3.59900	14.469	31.5837
1400050762.122	n	11.4406	3.59902	14.447	31.5829
1400050762.185	n	11.4417	3.59903	14.428	31.5821
1400050762.248	n	11.4428	3.59906	14.401	31.5814
1400050762.310	n	11.4440	3.59908	14.380	31.5806
1400050762.372	n	11.4452	3.59911	14.359	31.5799
1400050762.434	n	11.4463	3.59914	14.339	31.5792
1400050762.497	n	11.4473	3.59915	14.316	31.5785
1400050762.561	n	11.4484	3.59915	14.294	31.5777
1400050762.621	y	11.4494	3.59915	14.273	31.5767
1400050762.685	n	11.4505	3.59915	14.247	31.5758
1400050762.747	n	11.4517	3.59916	14.226	31.5749
1400050762.810	n	11.4528	3.59918	14.207	31.5741
1400050762.872	n	11.4539	3.59919	14.192	31.5733
1400050762.934	n	11.4551	3.59919	14.170	31.5724
1400050762.998	n	11.4562	3.59919	14.150	31.5714
1400050763.060	n	11.4573	3.59917	14.129	31.5703
1400050763.122	n	11.4584	3.59916	14.108	31.5692
1400050763.185	n	11.4594	3.59915	14.087	31.5683
1400050763.248	n	11.4605	3.59914	14.071	31.5672
1400050763.309	n	11.4615	3.59913	14.053	31.5663
1400050763.371	n	11.4625	3.59912	14.032	31.5653
1400050763.434	n	11.4636	3.59910	14.016	31.5643
1400050763.498	n	11.4646	3.59910	13.994	31.5634
1400050763.560	n	11.4656	3.59910	13.976	31.5625
1400050763.623	n	11.4667	3.59908	13.959	31.5614
1400050763.684	n	11.4677	3.59906	13.940	31.5603
1400050763.747	n	11.4687	3.59903	13.919	31.5592
1400050763.810	n	11.4697	3.59901	13.906	31.5581
1400050763.872	n	11.4707	3.59899	13.890	31.5572
1400050763.934	n	11.4716	3.59899	13.870	31.5564
1400050763.998	n	11.4726	3.59897	13.856	31.5554
1400050764.059	n	11.4735	3.59896	13.839	31.5544
1400050764.122	n	11.4745	3.59894	13.822	31.5535
1400050764.184	n	11.4754	3.59892	13.807	31.5525
1400050764.246	n	11.4764	3.59891	13.790	31.5515
1400050764.309	n	11.4774	3.59890	13.773	31.5506
1400050764.373	n	11.4783	3.59888	13.764	31.5496
1400050764.434	n	11.4793	3.59885	13.751	31.5486
1400050764.498	n	11.4802	3.59883	13.734	31.5475
1400050764.560	n	11.4812	3.59880	13.718	31.5464
1400050764.622	n	11.4822	3.59879	13.709	31.5455
1400050764.685	n	11.4832	3.59879	13.694	31.5446
1400050764.748	n	11.4842	3.59879	13.681	31.5438
1400050764.810	n	11.4852	3.59880	13.669	31.5430
1400050764.872	n	11.4862	3.59881	13.653	31.5422
1400050764.935	n	11.4872	3.59881	13.635	31.5414
1400050764.997	n	11.4882	3.59882	13.623	31.5406
1400050765.060	n	11.4892	3.59882	13.614	31.5398
1400050765.122	n	11.4903	3.59882	13.605	31.5389
1400050765.184	n	11.4913	3.59883	13.596	31.5382
1400050765.246	n	11.4923	3.59884	13.583	31.5374
1400050765.310	n	11.4934	3.59886	13.570	31.5367
1400050765.372	n	11.4944	3.59887	13.558	31.5359
1400050765.435	n	11.4955	3.59887	13.547	31.5350
1400050765.497	n	11.4967	3.59889	13.534	31.5342
1400050765.561	y	11.4978	3.59891	13.527	31.5334
1400050765.823	n	11.4989	3.59893	13.517	31.5327
1400050765.828	n	11.5001	3.59897	13.503	31.5321
1400050765.834	n	11.5012	3.59900	13.496	31.5314
1400050765.838	n	11.5024	3.59902	13.487	31.5306
1400050765.871	n	11.5036	3.59904	13.473	31.5298
1400050765.935	n	11.5048	3.59907	13.465	31.5290
1400050765.996	n	11.5061	3.59909	13.456	31.5282
1400050766.060	n	11.5073	3.59913	13.444	31.5275
1400050766.121	n	11.5086	3.59917	13.436	31.5268
1400050766.184	n	11.5099	3.59921	13.430	31.5261
1400050766.248	n	11.5112	3.59926	13.418	31.5255
1400050766.335	y	11.5125	3.59931	13.407	31.5248
1400050766.372	n	11.5139	3.59934	13.398	31.5239
1400050766.435	n	11.5153	3.59937	13.394	31.5231
1400050766.497	n	11.5166	3.59940	13.384	31.5222
1400050766.559	n	11.5180	3.59945	13.371	31.5215
1400050766.623	n	11.5194	3.59951	13.364	31.5209
1400050766.685	n	11.5208	3.59958	13.357	31.5204
1400050766.747	n	11.5222	3.59965	13.347	31.5199
1400050766.811	n	11.5237	3.59971	13.339	31.5193
1400050766.872	n	11.5251	3.59977	13.328	31.5186
1400050766.934	n	11.5266	3.59982	13.317	31.5179
1400050766.996	n	11.5281	3.59988	13.307	31.5171
1400050767.059	n	11.5296	3.59993	13.303	31.5164
1400050767.123	n	11.5311	3.59999	13.295	31.5157
1400050767.185	n	11.5325	3.60004	13.284	31.5150
1400050767.248	n	11.5340	3.60010	13.273	31.5143
1400050767.311	n	11.5355	3.60015	13.267	31.5136
1400050767.372	n	11.5370	3.60021	13.258	31.5128
1400050767.435	n	11.5385	3.60027	13.247	31.5121
1400050767.497	n	11.5400	3.60034	13.237	31.5115
1400050767.559	n	11.5414	3.60040	13.229	31.5109
1400050767.621	n	11.5429	3.60047	13.219	31.5103
1400050767.684	n	11.5444	3.60053	13.211	31.5096
1400050767.748	n	11.5459	3.60058	13.203	31.5089
1400050767.810	n	11.5474	3.60063	13.191	31.5081
1400050767.872	n	11.5489	3.60068	13.179	31.5073
1400050767.935	n	11.5504	3.60074	13.168	31.5066
1400050767.998	n	11.5519	3.60079	13.157	31.5058
1400050768.059	n	11.5534	3.60084	13.148	31.5050
1400050768.123	n	11.5548	3.60089	13.135	31.5043
1400050768.184	n	11.5562	3.60094	13.124	31.5036
1400050768.248	n	11.5577	3.60099	13.113	31.5029
1400050768.311	n	11.5591	3.60103	13.106	31.5020
1400050768.372	n	11.5606	3.60105	13.092	31.5009
1400050768.434	n	11.5621	3.60106	13.077	31.4998
1400050768.497	n	11.5636	3.60108	13.067	31.4987
1400050768.559	n	11.5650	3.60111	13.053	31.4978
1400050768.623	n	11.5665	3.60115	13.043	31.4969
1400050768.685	n	11.5680	3.60119	13.030	31.4961
1400050768.747	n	11.5694	3.60123	13.019	31.4952
1400050768.809	n	11.5709	3.60127	13.007	31.4944
1400050768.873	n	11.5723	3.60130	12.994	31.4935
1400050768.934	n	11.5737	3.60133	12.979	31.4926
1400050768.997	n	11.5752	3.60136	12.965	31.4916
1400050769.061	n	11.5767	3.60138	12.948	31.4906
1400050769.123	n	11.5782	3.60141	12.939	31.4896
1400050769.185	n	11.5798	3.60145	12.923	31.4886
1400050769.247	n	11.5812	3.60149	12.907	31.4878
1400050769.309	n	11.5827	3.60153	12.891	31.4870
1400050769.371	n	11.5842	3.60157	12.878	31.4860
1400050769.434	n	11.5857	3.60161	12.861	31.4851
1400050769.498	n	11.5872	3.60164	12.841	31.4841
1400050769.561	n	11.5888	3.60167	12.826	31.4832
1400050769.622	n	11.5903	3.60170	12.809	31.4822
1400050769.684	n	11.5918	3.60173	12.791	31.4812
1400050769.747	n	11.5934	3.60177	12.776	31.4802
1400050769.811	y	11.5950	3.60180	12.758	31.4792
1400050769.978	y	11.5967	3.60184	12.743	31.4782
1400050769.984	n	11.5983	3.60188	12.721	31.4772
1400050769.998	n	11.6000	3.60193	12.704	31.4762
1400050770.062	n	11.6016	3.60198	12.689	31.4753
1400050770.124	n	11.6033	3.60203	12.670	31.4744
1400050770.185	n	11.6049	3.60207	12.652	31.4735
1400050770.314	y	11.6066	3.60212	12.631	31.4725
1400050770.319	n	11.6084	3.60216	12.610	31.4714
1400050770.371	n	11.6102	3.60220	12.590	31.4702
1400050770.434	n	11.6120	3.60224	12.572	31.4691
1400050770.497	n	11.6138	3.60229	12.550	31.4680
1400050770.560	n	11.6155	3.60233	12.526	31.4669
1400050770.623	n	11.6174	3.60236	12.509	31.4657
1400050770.685	n	11.6193	3.60239	12.482	31.4644
1400050770.747	n	11.6212	3.60241	12.461	31.4630
1400050770.810	n	11.6231	3.60244	12.444	31.4617
1400050770.871	n	11.6249	3.60248	12.423	31.4605
1400050770.934	n	11.6268	3.60251	12.400	31.4592
1400050770.996	n	11.6287	3.60254	12.379	31.4579
1400050771.061	n	11.6307	3.60257	12.353	31.4565
1400050771.121	n	11.6328	3.60261	12.328	31.4551
1400050771.185	n	11.6348	3.60264	12.315	31.4538
1400050771.249	n	11.6368	3.60267	12.289	31.4523
1400050771.310	n	11.6388	3.60268	12.267	31.4508
1400050771.371	n	11.6408	3.60270	12.244	31.4492
1400050771.435	n	11.6429	3.60271	12.220	31.4476
1400050771.498	n	11.6450	3.60273	12.196	31.4460
1400050771.560	n	11.6470	3.60276	12.174	31.4446
1400050771.623	n	11.6490	3.60279	12.152	31.4431
1400050771.685	n	11.6511	3.60280	12.131	31.4416
1400050771.748	n	11.6531	3.60281	12.109	31.4399
1400050771.810	n	11.6552	3.60280	12.084	31.4381
1400050771.871	n	11.6573	3.60280	12.060	31.4364
1400050771.935	n	11.6593	3.60281	12.038	31.4347
1400050771.996	n	11.6613	3.60281	12.016	31.4330
1400050772.060	n	11.6633	3.60281	11.994	31.4314
1400050772.121	n	11.6653	3.60280	11.970	31.4296
1400050772.186	n	11.6673	3.60278	11.946	31.4277
1400050772.246	n	11.6693	3.60276	11.923	31.4258
1400050772.310	n	11.6712	3.60273	11.902	31.4239
1400050772.371	n	11.6732	3.60271	11.878	31.4220
1400050772.435	n	11.6752	3.60269	11.854	31.4202
1400050772.496	n	11.6771	3.60267	11.832	31.4184
1400050772.559	n	11.6791	3.60265	11.809	31.4165
1400050772.622	n	11.6810	3.60261	11.791	31.4146
1400050772.685	n	11.6828	3.60257	11.767	31.4126
1400050772.749	n	11.6847	3.60253	11.743	31.4106
1400050772.810	n	11.6866	3.60249	11.723	31.4086
1400050772.872	n	11.6885	3.60246	11.697	31.4067
1400050772.935	n	11.6903	3.60241	11.677	31.4048
1400050773.001	n	11.6921	3.60237	11.661	31.4028
1400050773.060	n	11.6940	3.60232	11.642	31.4008
1400050773.122	n	11.6958	3.60227	11.623	31.3987
1400050773.184	n	11.6976	3.60222	11.599	31.3968
1400050773.247	n	11.6995	3.60218	11.577	31.3948
1400050773.309	n	11.7013	3.60214	11.554	31.3929
1400050773.372	n	11.7031	3.60210	11.536	31.3911
1400050773.434	n	11.7049	3.60206	11.521	31.3891
1400050773.497	n	11.7066	3.60202	11.500	31.3872
1400050773.560	n	11.7083	3.60197	11.478	31.3853
1400050773.655	y	11.7100	3.60192	11.459	31.3834
1400050773.685	n	11.7117	3.60187	11.441	31.3815
1400050773.748	n	11.7135	3.60184	11.424	31.3797
1400050773.809	n	11.7152	3.60180	11.407	31.3780
1400050773.872	n	11.7169	3.60178	11.391	31.3762
1400050773.934	n	11.7187	3.60174	11.376	31.3744
1400050773.999	n	11.7204	3.60170	11.355	31.3726
1400050774.060	y	11.7221	3.60166	11.337	31.3707
1400050774.189	n	11.7238	3.60162	11.321	31.3689
1400050774.197	n	11.7255	3.60159	11.304	31.3673
1400050774.247	n	11.7272	3.60158	11.285	31.3657
1400050774.309	n	11.7290	3.60157	11.273	31.3641
1400050774.372	n	11.7307	3.60156	11.253	31.3625
1400050774.434	n	11.7324	3.60154	11.238	31.3610
1400050774.497	n	11.7340	3.60152	11.222	31.3594
1400050774.559	n	11.7356	3.60151	11.209	31.3579
1400050774.622	n	11.7372	3.60150	11.194	31.3565
1400050774.685	n	11.7388	3.60151	11.179	31.3553
1400050774.747	n	11.7405	3.60152	11.166	31.3540
1400050774.809	n	11.7421	3.60155	11.150	31.3528
1400050774.872	n	11.7438	3.60157	11.135	31.3516
1400050774.934	n	11.7455	3.60158	11.122	31.3503
1400050774.998	n	11.7472	3.60160	11.108	31.3491
1400050775.060	n	11.7488	3.60162	11.092	31.3479
1400050775.123	n	11.7505	3.60165	11.084	31.3468
1400050775.186	n	11.7521	3.60169	11.068	31.3458
1400050775.248	n	11.7537	3.60173	11.053	31.3449
1400050775.309	n	11.7553	3.60177	11.041	31.3439
1400050775.372	n	11.7570	3.60181	11.027	31.3429
1400050775.434	n	11.7586	3.60185	11.015	31.3419
1400050775.498	n	11.7603	3.60189	11.001	31.3409
1400050775.560	n	11.7619	3.60194	10.990	31.3400
1400050775.623	n	11.7636	3.60200	10.972	31.3391
1400050775.685	n	11.7653	3.60205	10.961	31.3383
1400050775.747	n	11.7669	3.60211	10.951	31.3375
1400050775.809	n	11.7685	3.60217	10.937	31.3367
1400050775.872	n	11.7701	3.60223	10.927	31.3359
1400050775.935	n	11.7719	3.60230	10.913	31.3351
1400050775.998	n	11.7736	3.60237	10.902	31.3343
1400050776.060	n	11.7754	3.60245	10.890	31.3336
1400050776.123	y	11.7771	3.60253	10.878	31.3330
1400050776.188	n	11.7787	3.60261	10.864	31.3324
1400050776.248	n	11.7804	3.60269	10.859	31.3318
1400050776.310	n	11.7821	3.60278	10.844	31.3311
1400050776.372	n	11.7839	3.60286	10.833	31.3304
1400050776.435	n	11.7857	3.60294	10.820	31.3297
1400050776.498	n	11.7874	3.60303	10.811	31.3291
1400050776.560	n	11.7892	3.60314	10.798	31.3287
1400050776.621	n	11.7909	3.60326	10.787	31.3283
1400050776.685	n	11.7927	3.60338	10.777	31.3281
1400050776.746	n	11.7945	3.60351	10.765	31.3277
1400050776.811	n	11.7963	3.60363	10.752	31.3275
1400050776.871	n	11.7980	3.60377	10.742	31.3274
1400050776.934	n	11.7999	3.60464	10.730	31.3341
1400050776.997	n	11.8047	3.60920	10.723	31.3742
1400050777.059	n	11.8163	3.61947	10.710	31.4636
1400050777.122	n	11.8358	3.63367	10.697	31.5843
1400050777.184	n	11.8605	3.64829	10.686	31.7045
1400050777.247	n	11.8853	3.65952	10.675	31.7918
1400050777.327	y	11.9047	3.66518	10.665	31.8299
1400050777.372	n	11.9166	3.66696	10.651	31.8369
1400050777.434	n	11.9232	3.66765	10.640	31.8379
1400050777.497	n	11.9269	3.66806	10.628	31.8387
1400050777.560	n	11.9291	3.66834	10.621	31.8395
1400050777.622	n	11.9305	3.66855	10.608	31.8405
1400050777.685	n	11.9314	3.66875	10.596	31.8416
1400050777.747	n	11.9322	3.66894	10.582	31.8428
1400050777.809	n	11.9331	3.66913	10.568	31.8439
1400050777.873	n	11.9341	3.66932	10.554	31.8448
1400050777.935	n	11.9351	3.66946	10.543	31.8453
1400050777.998	n	11.9361	3.66961	10.530	31.8459
1400050778.142	y	11.9374	3.66978	10.516	31.8465
1400050778.147	n	11.9392	3.66999	10.507	31.8470
1400050778.185	n	11.9416	3.67024	10.496	31.8474
1400050778.247	n	11.9445	3.67048	10.482	31.8472
1400050778.309	n	11.9475	3.67068	10.467	31.8466
1400050778.373	n	11.9501	3.67083	10.454	31.8458
1400050778.435	n	11.9522	3.67094	10.442	31.8450
1400050778.498	n	11.9538	3.67103	10.429	31.8446
1400050778.560	n	11.9550	3.67111	10.416	31.8444
1400050778.622	n	11.9560	3.67119	10.403	31.8442
1400050778.685	n	11.9568	3.67124	10.388	31.8440
1400050778.746	n	11.9575	3.67130	10.370	31.8440
1400050778.810	n	11.9580	3.67134	10.356	31.8440
1400050778.871	n	11.9583	3.67138	10.344	31.8441
1400050778.934	n	11.9586	3.67139	10.329	31.8439
1400050778.997	n	11.9589	3.67139	10.315	31.8437
1400050779.059	n	11.9593	3.67138	10.299	31.8433
1400050779.121	n	11.9597	3.67138	10.282	31.8430
1400050779.184	n	11.9602	3.67138	10.270	31.8426
1400050779.246	n	11.9606	3.67137	10.250	31.8421
1400050779.309	n	11.9611	3.67135	10.237	31.8414
1400050779.372	n	11.9615	3.67131	10.221	31.8408
1400050779.435	n	11.9617	3.67126	10.203	31.8401
1400050779.497	n	11.9618	3.67121	10.186	31.8395
1400050779.560	n	11.9619	3.67116	10.166	31.8390
1400050779.622	n	11.9620	3.67112	10.150	31.8385
1400050779.686	n	11.9622	3.67109	10.136	31.8381
1400050779.747	n	11.9625	3.67107	10.116	31.8377
1400050779.810	n	11.9628	3.67106	10.094	31.8373
1400050779.872	n	11.9634	3.67107	10.077	31.8369
1400050779.934	n	11.9643	3.67112	10.063	31.8365
1400050779.997	n	11.9660	3.67121	10.045	31.8360
1400050780.059	n	11.9687	3.67137	10.028	31.8352
1400050780.122	n	11.9722	3.67157	10.011	31.8342
1400050780.185	n	11.9760	3.67179	9.991	31.8331
1400050780.247	n	11.9800	3.67201	9.969	31.8318
1400050780.309	n	11.9839	3.67219	9.953	31.8303
1400050780.371	n	11.9877	3.67238	9.931	31.8288
1400050780.434	n	11.9917	3.67256	9.914	31.8272
1400050780.497	n	11.9962	3.67277	9.898	31.8254
1400050780.559	n	12.0009	3.67297	9.875	31.8232
1400050780.622	n	12.0057	3.67317	9.859	31.8211
1400050780.685	n	12.0100	3.67335	9.838	31.8192
1400050780.748	n	12.0133	3.67352	9.821	31.8180
1400050780.811	n	12.0157	3.67368	9.803	31.8175
1400050780.872	n	12.0174	3.67381	9.783	31.8173
1400050780.945	y	12.0189	3.67389	9.762	31.8168
1400050780.996	n	12.0204	3.67395	9.743	31.8161
1400050781.060	n	12.0218	3.67401	9.727	31.8155
1400050781.123	n	12.0234	3.67409	9.711	31.8149
1400050781.185	n	12.0252	3.67418	9.689	31.8142
1400050781.246	n	12.0270	3.67425	9.673	31.8134
1400050781.310	n	12.0289	3.67431	9.653	31.8124
1400050781.372	n	12.0307	3.67435	9.633	31.8113
1400050781.434	n	12.0324	3.67440	9.618	31.8103
1400050781.497	n	12.0341	3.67445	9.600	31.8093
1400050781.560	n	12.0356	3.67450	9.580	31.8085
1400050781.623	n	12.0370	3.67456	9.561	31.8079
1400050781.685	n	12.0382	3.67464	9.546	31.8077
1400050781.746	n	12.0392	3.67474	9.528	31.8078
1400050781.809	n	12.0402	3.67485	9.509	31.8080
1400050781.872	n	12.0413	3.67496	9.492	31.8081
1400050781.936	n	12.0425	3.67504	9.474	31.8079
1400050781.999	n	12.0437	3.67507	9.456	31.8072
1400050782.060	n	12.0449	3.67506	9.439	31.8060
1400050782.122	n	12.0462	3.67505	9.420	31.8049
1400050782.186	n	12.0477	3.67506	9.404	31.8036
1400050782.247	n	12.0496	3.67511	9.386	31.8026
1400050782.432	y	12.0515	3.67518	9.369	31.8016
1400050782.438	n	12.0532	3.67522	9.351	31.8005
1400050782.442	n	12.0545	3.67520	9.336	31.7992
1400050782.498	n	12.0553	3.67512	9.319	31.7979
1400050782.560	n	12.0555	3.67498	9.305	31.7962
1400050782.623	n	12.0553	3.67476	9.291	31.7944
1400050782.685	n	12.0550	3.67454	9.269	31.7924
1400050782.747	n	12.0552	3.67438	9.256	31.7908
1400050782.810	n	12.0565	3.67437	9.237	31.7896
1400050782.873	n	12.0596	3.67453	9.221	31.7886
1400050782.934	n	12.0643	3.67479	9.204	31.7870
1400050782.996	n	12.0700	3.67505	9.188	31.7846
1400050783.059	n	12.0758	3.67525	9.172	31.7816
1400050783.123	n	12.0808	3.67538	9.157	31.7786
1400050783.184	n	12.0847	3.67547	9.141	31.7762
1400050783.247	n	12.0875	3.67554	9.128	31.7745
1400050783.310	n	12.0895	3.67560	9.114	31.7734
1400050783.372	n	12.0908	3.67566	9.098	31.7729
1400050783.435	n	12.0918	3.67573	9.082	31.7727
1400050783.497	n	12.0928	3.67582	9.067	31.7727
1400050783.561	n	12.0939	3.67591	9.051	31.7726
1400050783.623	n	12.0952	3.67598	9.038	31.7722
1400050783.686	n	12.0963	3.67603	9.021	31.7717
1400050783.748	n	12.0972	3.67605	9.007	31.7713
1400050783.810	n	12.0977	3.67608	8.989	31.7711
1400050783.872	n	12.0982	3.67613	8.976	31.7712
1400050783.934	n	12.0989	3.67623	8.963	31.7715
1400050783.998	n	12.1002	3.67638	8.945	31.7719
1400050784.059	n	12.1022	3.67661	8.930	31.7724
1400050784.121	n	12.1054	3.67694	8.915	31.7728
1400050784.184	n	12.1104	3.67738	8.899	31.7728
1400050784.248	n	12.1177	3.67795	8.885	31.7720
1400050784.310	n	12.1276	3.67860	8.870	31.7699
1400050784.373	n	12.1391	3.67925	8.856	31.7664
1400050784.435	n	12.1509	3.67981	8.843	31.7617
1400050784.496	n	12.1613	3.68023	8.824	31.7570
1400050784.560	n	12.1694	3.68051	8.811	31.7527
1400050784.622	y	12.1754	3.68072	8.798	31.7497
1400050784.685	n	12.1803	3.68094	8.784	31.7477
1400050784.749	n	12.1848	3.68120	8.768	31.7463
1400050784.810	n	12.1896	3.68151	8.754	31.7452
1400050784.873	n	12.1952	3.68189	8.734	31.7442
1400050784.934	n	12.2018	3.68232	8.722	31.7426
1400050784.998	n	12.2094	3.68272	8.705	31.7400
1400050785.060	n	12.2173	3.68303	8.684	31.7364
1400050785.121	n	12.2244	3.68325	8.673	31.7324
1400050785.185	n	12.2300	3.68341	8.655	31.7293
1400050785.248	n	12.2342	3.68358	8.640	31.7273
1400050785.309	n	12.2377	3.68381	8.627	31.7265
1400050785.371	n	12.2411	3.68408	8.614	31.7262
1400050785.435	n	12.2450	3.68440	8.594	31.7260
1400050785.574	y	12.2495	3.68475	8.581	31.7255
1400050785.581	n	12.2548	3.68513	8.567	31.7247
1400050785.621	n	12.2607	3.68551	8.551	31.7234
1400050785.685	n	12.2667	3.68587	8.530	31.7217
1400050785.749	n	12.2726	3.68622	8.515	31.7200
1400050785.810	n	12.2782	3.68657	8.500	31.7187
1400050785.871	n	12.2839	3.68699	8.485	31.7179
1400050785.934	n	12.2906	3.68752	8.468	31.7173
1400050785.998	n	12.2988	3.68818	8.451	31.7167
1400050786.059	n	12.3081	3.68899	8.437	31.7166
1400050786.121	n	12.3180	3.68992	8.423	31.7170
1400050786.184	n	12.3280	3.69088	8.403	31.7178
1400050786.247	n	12.3389	3.69179	8.387	31.7173
1400050786.309	n	12.3521	3.69256	8.370	31.7135
1400050786.372	n	12.3667	3.69309	8.352	31.7063
1400050786.436	n	12.3808	3.69344	8.339	31.6977
1400050786.498	n	12.3924	3.69367	8.321	31.6901
1400050786.702	y	12.4003	3.69384	8.302	31.6851
1400050786.711	n	12.4059	3.69407	8.286	31.6826
1400050786.717	n	12.4115	3.69440	8.269	31.6809
1400050786.749	n	12.4175	3.69474	8.251	31.6791
1400050786.809	n	12.4228	3.69501	8.232	31.6772
1400050786.873	n	12.4265	3.69520	8.218	31.6759
1400050786.935	n	12.4281	3.69522	8.204	31.6748
1400050786.997	n	12.4281	3.69514	8.183	31.6740
1400050787.060	n	12.4274	3.69497	8.165	31.6730
1400050787.122	n	12.4261	3.69473	8.146	31.6718
1400050787.185	n	12.4236	3.69443	8.132	31.6710
1400050787.249	n	12.4198	3.69418	8.116	31.6719
1400050787.309	n	12.4151	3.69399	8.097	31.6740
1400050787.371	n	12.4104	3.69386	8.077	31.6768
1400050787.434	n	12.4065	3.69377	8.059	31.6793
1400050787.497	n	12.4031	3.69367	8.042	31.6812
1400050787.560	n	12.3991	3.69353	8.024	31.6832
1400050787.621	n	12.3944	3.69331	8.008	31.6850
1400050787.684	n	12.3908	3.69304	7.986	31.6856
1400050787.748	n	12.3896	3.69283	7.968	31.6846
1400050787.811	n	12.3906	3.69273	7.951	31.6827
1400050787.872	n	12.3932	3.69275	7.933	31.6808
1400050787.935	n	12.3963	3.69290	7.913	31.6795
1400050787.998	n	12.3990	3.69310	7.896	31.6792
1400050788.059	n	12.4016	3.69330	7.878	31.6790
1400050788.122	n	12.4040	3.69350	7.859	31.6788
1400050788.184	n	12.4051	3.69365	7.841	31.6793
1400050788.248	y	12.4050	3.69371	7.825	31.6800
1400050788.309	n	12.4046	3.69369	7.804	31.6802
1400050788.372	n	12.4044	3.69362	7.783	31.6797
1400050788.434	n	12.4044	3.69356	7.768	31.6791
1400050788.497	n	12.4047	3.69355	7.752	31.6788
1400050788.560	n	12.4057	3.69362	7.731	31.6786
1400050788.622	n	12.4077	3.69380	7.708	31.6787
1400050788.684	n	12.4105	3.69407	7.692	31.6788
1400050788.748	n	12.4132	3.69433	7.677	31.6791
1400050788.809	n	12.4150	3.69455	7.657	31.6797
1400050788.872	n	12.4160	3.69467	7.638	31.6800
1400050788.935	n	12.4170	3.69471	7.620	31.6795
1400050788.997	n	12.4179	3.69468	7.602	31.6784
1400050789.060	n	12.4184	3.69461	7.584	31.6774
1400050789.122	n	12.4180	3.69452	7.563	31.6769
1400050789.185	n	12.4168	3.69448	7.547	31.6775
1400050789.247	n	12.4156	3.69452	7.527	31.6789
1400050789.311	n	12.4156	3.69461	7.511	31.6797
1400050789.371	n	12.4173	3.69476	7.493	31.6798
1400050789.435	n	12.4198	3.69495	7.475	31.6794
1400050789.498	n	12.4228	3.69512	7.454	31.6787
1400050789.559	n	12.4259	3.69530	7.434	31.6777
1400050789.622	n	12.4294	3.69550	7.418	31.6767
1400050789.684	n	12.4346	3.69579	7.402	31.6750
1400050789.749	n	12.4408	3.69617	7.385	31.6735
1400050789.810	n	12.4461	3.69655	7.366	31.6726
1400050789.872	n	12.4515	3.69694	7.348	31.6718
1400050789.935	n	12.4600	3.69737	7.332	31.6687
1400050789.998	n	12.4734	3.69792	7.314	31.6626
1400050790.059	n	12.4884	3.69851	7.299	31.6556
1400050790.122	n	12.4975	3.69795	7.279	31.6427
1400050790.184	n	12.4957	3.69207	7.262	31.5882
1400050790.248	n	12.4845	3.68751	7.245	31.5543
1400050790.311	n	12.4724	3.68578	7.228	31.5479
1400050790.373	n	12.4698	3.68784	7.212	31.5698
1400050790.435	n	12.4796	3.69341	7.194	31.6146
1400050790.498	n	12.4984	3.70011	7.176	31.6625
1400050790.560	n	12.5201	3.70180	7.158	31.6604
1400050790.622	n	12.5383	3.70299	7.140	31.6563
1400050790.684	n	12.5499	3.70355	7.124	31.6519
1400050790.746	n	12.5551	3.70368	7.108	31.6487
1400050790.959	y	12.5555	3.70362	7.093	31.6479
1400050790.966	n	12.5535	3.70364	7.073	31.6497
1400050790.972	n	12.5524	3.70383	7.055	31.6525
1400050790.997	n	12.5539	3.70416	7.041	31.6543
1400050791.059	n	12.5587	3.70455	7.022	31.6541
1400050791.122	n	12.5660	3.70494	7.006	31.6516
1400050791.184	n	12.5740	3.70524	6.991	31.6477
1400050791.248	n	12.5807	3.70549	6.971	31.6445
1400050791.309	n	12.5853	3.70574	6.956	31.6429
1400050791.371	n	12.5879	3.70595	6.936	31.6429
1400050791.436	n	12.5887	3.70610	6.919	31.6436
1400050791.499	n	12.5887	3.70617	6.905	31.6442
1400050791.559	n	12.5886	3.70621	6.890	31.6447
1400050791.621	n	12.5889	3.70631	6.867	31.6455
1400050791.685	n	12.5895	3.70646	6.853	31.6464
1400050791.747	n	12.5907	3.70664	6.837	31.6470
1400050791.810	n	12.5928	3.70680	6.820	31.6468
1400050791.872	n	12.5956	3.70691	6.804	31.6455
1400050791.997	y	12.5990	3.70702	6.786	31.6437
1400050792.004	n	12.6030	3.70720	6.768	31.6421
1400050792.060	n	12.6068	3.70746	6.753	31.6413
1400050792.123	n	12.6098	3.70777	6.735	31.6418
1400050792.184	n	12.6111	3.70802	6.716	31.6431
1400050792.247	n	12.6106	3.70812	6.700	31.6445
1400050792.309	n	12.6088	3.70806	6.683	31.6454
1400050792.372	n	12.6064	3.70790	6.666	31.6459
1400050792.435	n	12.6043	3.70771	6.650	31.6459
1400050792.497	n	12.6029	3.70760	6.636	31.6460
1400050792.560	n	12.6023	3.70755	6.619	31.6460
1400050792.621	n	12.6022	3.70755	6.604	31.6461
1400050792.685	n	12.6025	3.70758	6.589	31.6461
1400050792.748	n	12.6030	3.70762	6.570	31.6461
1400050792.809	n	12.6034	3.70767	6.553	31.6463
1400050792.873	n	12.6037	3.70774	6.537	31.6468
1400050792.934	n	12.6043	3.70785	6.521	31.6473
1400050792.998	n	12.6056	3.70798	6.510	31.6474
1400050793.059	n	12.6075	3.70811	6.490	31.6471
1400050793.121	n	12.6097	3.70829	6.473	31.6469
1400050793.185	n	12.6118	3.70856	6.456	31.6477
1400050793.246	n	12.6145	3.70896	6.441	31.6493
1400050793.310	n	12.6185	3.70945	6.427	31.6506
1400050793.372	n	12.6235	3.70993	6.411	31.6508
1400050793.435	n	12.6286	3.71030	6.398	31.6501
1400050793.498	n	12.6324	3.71051	6.380	31.6489
1400050793.559	n	12.6348	3.71061	6.364	31.6479
1400050793.622	n	12.6363	3.71065	6.349	31.6471
1400050793.684	n	12.6375	3.71062	6.331	31.6458
1400050793.747	n	12.6381	3.71054	6.312	31.6444
1400050793.809	n	12.6378	3.71040	6.301	31.6434
1400050793.872	n	12.6364	3.71025	6.288	31.6432
1400050793.934	n	12.6346	3.71016	6.272	31.6438
1400050793.997	n	12.6333	3.71019	6.256	31.6452
1400050794.060	n	12.6336	3.71039	6.240	31.6469
1400050794.121	n	12.6359	3.71073	6.224	31.6481
1400050794.184	n	12.6398	3.71113	6.209	31.6486
1400050794.247	n	12.6443	3.71149	6.196	31.6483
1400050794.309	n	12.6481	3.71175	6.182	31.6476
1400050794.372	n	12.6507	3.71188	6.168	31.6466
1400050794.436	n	12.6520	3.71189	6.155	31.6457
1400050794.498	n	12.6522	3.71181	6.140	31.6448
1400050794.559	n	12.6519	3.71171	6.126	31.6440
1400050794.622	n	12.6512	3.71162	6.114	31.6437
1400050794.684	n	12.6504	3.71159	6.101	31.6442
1400050794.748	n	12.6495	3.71160	6.087	31.6451
1400050794.809	n	12.6487	3.71162	6.074	31.6459
1400050794.872	n	12.6477	3.71160	6.061	31.6466
1400050794.935	n	12.6466	3.71154	6.051	31.6469
1400050794.996	n	12.6455	3.71145	6.036	31.6469
1400050795.208	y	12.6446	3.71136	6.021	31.6469
1400050795.219	n	12.6442	3.71127	6.008	31.6464
1400050795.226	n	12.6445	3.71122	5.993	31.6456
1400050795.247	n	12.6457	3.71120	5.978	31.6445
1400050795.310	n	12.6472	3.71123	5.965	31.6435
1400050795.372	n	12.6489	3.71133	5.953	31.6430
1400050795.435	n	12.6504	3.71147	5.937	31.6431
1400050795.498	n	12.6514	3.71161	5.925	31.6436
1400050795.561	n	12.6520	3.71174	5.910	31.6443
1400050795.621	y	12.6524	3.71181	5.895	31.6447
1400050795.685	n	12.6527	3.71188	5.883	31.6451
1400050795.746	n	12.6530	3.71194	5.867	31.6454
1400050795.810	n	12.6534	3.71201	5.855	31.6457
1400050795.871	n	12.6540	3.71208	5.838	31.6459
1400050795.934	n	12.6544	3.71213	5.822	31.6460
1400050795.999	n	12.6545	3.71215	5.808	31.6461
1400050796.059	n	12.6543	3.71214	5.791	31.6462
1400050796.123	n	12.6538	3.71210	5.778	31.6462
1400050796.184	n	12.6532	3.71204	5.760	31.6462
1400050796.248	n	12.6526	3.71198	5.749	31.6461
1400050796.309	n	12.6523	3.71196	5.734	31.6462
1400050796.373	n	12.6522	3.71200	5.719	31.6466
1400050796.434	n	12.6525	3.71205	5.700	31.6469
1400050796.498	n	12.6530	3.71208	5.686	31.6469
1400050796.560	n	12.6534	3.71208	5.671	31.6464
1400050796.623	n	12.6537	3.71205	5.653	31.6460
1400050796.685	n	12.6538	3.71204	5.637	31.6457
1400050796.748	n	12.6538	3.71205	5.622	31.6459
1400050796.810	n	12.6536	3.71206	5.600	31.6461
1400050796.871	n	12.6534	3.71207	5.585	31.6464
1400050796.934	n	12.6536	3.71212	5.570	31.6467
1400050796.999	n	12.6543	3.71221	5.554	31.6469
1400050797.059	n	12.6557	3.71235	5.533	31.6472
1400050797.123	n	12.6572	3.71249	5.520	31.6472
1400050797.184	n	12.6582	3.71257	5.501	31.6471
1400050797.249	n	12.6585	3.71258	5.480	31.6470
1400050797.310	n	12.6586	3.71255	5.463	31.6466
1400050797.373	n	12.6587	3.71253	5.446	31.6464
1400050797.435	n	12.6589	3.71256	5.426	31.6466
1400050797.498	n	12.6590	3.71262	5.410	31.6470
1400050797.559	n	12.6592	3.71269	5.392	31.6474
1400050797.622	n	12.6593	3.71274	5.374	31.6479
1400050797.686	n	12.6590	3.71274	5.354	31.6482
1400050797.748	n	12.6588	3.71275	5.339	31.6484
1400050797.810	n	12.6588	3.71275	5.320	31.6485
1400050797.872	n	12.6590	3.71276	5.299	31.6483
1400050797.935	n	12.6594	3.71276	5.284	31.6480
1400050797.997	n	12.6597	3.71273	5.267	31.6476
1400050798.059	n	12.6595	3.71268	5.251	31.6472
1400050798.122	n	12.6593	3.71263	5.233	31.6469
1400050798.184	n	12.6595	3.71261	5.215	31.6465
1400050798.249	n	12.6600	3.71265	5.197	31.6465
1400050798.309	n	12.6606	3.71273	5.184	31.6468
1400050798.372	n	12.6610	3.71281	5.167	31.6472
1400050798.434	n	12.6614	3.71288	5.153	31.6475
1400050798.499	n	12.6618	3.71295	5.138	31.6479
1400050798.561	n	12.6622	3.71306	5.121	31.6486
1400050798.623	n	12.6628	3.71328	5.106	31.6501
1400050798.685	n	12.6639	3.71357	5.094	31.6520
1400050798.748	n	12.6658	3.71389	5.080	31.6534
1400050798.810	n	12.6687	3.71415	5.066	31.6535
1400050798.872	n	12.6722	3.71434	5.053	31.6523
1400050798.935	n	12.6757	3.71445	5.036	31.6504
1400050798.998	n	12.6785	3.71453	5.022	31.6488
1400050799.060	n	12.6803	3.71457	5.007	31.6478
1400050799.122	n	12.6811	3.71459	4.997	31.6472
1400050799.253	y	12.6813	3.71458	4.981	31.6470
1400050799.260	n	12.6811	3.71455	4.968	31.6470
1400050799.433	y	12.6805	3.71451	4.952	31.6471
1400050799.438	n	12.6797	3.71446	4.939	31.6472
1400050799.444	n	12.6789	3.71439	4.926	31.6473
1400050799.498	n	12.6781	3.71432	4.916	31.6473
1400050799.560	n	12.6774	3.71427	4.902	31.6473
1400050799.623	n	12.6770	3.71424	4.886	31.6474
1400050799.686	n	12.6767	3.71423	4.873	31.6475
1400050799.747	n	12.6766	3.71424	4.863	31.6478
1400050799.856	y	12.6765	3.71426	4.848	31.6480
1400050799.872	n	12.6764	3.71426	4.835	31.6482
1400050799.935	n	12.6762	3.71426	4.823	31.6483
1400050799.998	n	12.6761	3.71424	4.808	31.6482
1400050800.060	n	12.6761	3.71424	4.793	31.6482
1400050800.123	n	12.6763	3.71426	4.777	31.6482
1400050800.185	n	12.6766	3.71430	4.763	31.6483
1400050800.247	n	12.6771	3.71435	4.751	31.6484
1400050800.310	n	12.6777	3.71439	4.734	31.6483
1400050800.373	n	12.6782	3.71441	4.718	31.6481
1400050800.435	n	12.6787	3.71441	4.708	31.6477
1400050800.498	n	12.6789	3.71442	4.689	31.6476
1400050800.559	n	12.6791	3.71444	4.676	31.6477
1400050800.622	n	12.6793	3.71447	4.659	31.6478
1400050800.685	n	12.6795	3.71448	4.645	31.6477
1400050800.748	n	12.6796	3.71448	4.632	31.6477
1400050800.810	n	12.6795	3.71446	4.616	31.6475
1400050800.872	n	12.6792	3.71443	4.602	31.6475
1400050800.935	n	12.6789	3.71442	4.583	31.6477
1400050800.998	n	12.6789	3.71442	4.567	31.6477
1400050801.060	n	12.6792	3.71444	4.550	31.6476
1400050801.121	n	12.6796	3.71446	4.535	31.6475
1400050801.184	n	12.6798	3.71446	4.519	31.6473
1400050801.247	n	12.6796	3.71441	4.502	31.6470
1400050801.310	n	12.6790	3.71435	4.485	31.6470
1400050801.373	n	12.6782	3.71431	4.467	31.6473
1400050801.435	n	12.6775	3.71428	4.453	31.6476
1400050801.499	n	12.6771	3.71429	4.434	31.6480
1400050801.559	n	12.6771	3.71429	4.412	31.6480
1400050801.622	n	12.6774	3.71428	4.394	31.6476
1400050801.684	n	12.6778	3.71428	4.377	31.6474
1400050801.746	n	12.6780	3.71429	4.361	31.6473
1400050801.809	n	12.6780	3.71430	4.340	31.6473
1400050801.872	n	12.6780	3.71430	4.320	31.6474
1400050801.935	n	12.6779	3.71429	4.301	31.6474
1400050801.999	n	12.6778	3.71427	4.283	31.6473
1400050802.060	n	12.6775	3.71425	4.268	31.6474
1400050802.122	n	12.6774	3.71425	4.242	31.6474
1400050802.186	n	12.6778	3.71429	4.225	31.6475
1400050802.248	n	12.6786	3.71436	4.208	31.6475
1400050802.310	n	12.6794	3.71443	4.185	31.6474
1400050802.373	n	12.6800	3.71446	4.165	31.6473
1400050802.435	n	12.6802	3.71444	4.149	31.6470
1400050802.498	n	12.6800	3.71441	4.130	31.6468
1400050802.560	n	12.6797	3.71437	4.110	31.6467
1400050802.623	n	12.6792	3.71434	4.089	31.6469
1400050802.685	n	12.6781	3.71428	4.071	31.6472
1400050802.748	n	12.6764	3.71415	4.055	31.6474
1400050802.810	n	12.6748	3.71409	4.039	31.6481
1400050802.872	y	12.6748	3.71425	4.020	31.6497
1400050802.935	n	12.6774	3.71465	4.002	31.6513
1400050802.999	n	12.6826	3.71521	3.987	31.6522
1400050803.060	n	12.6890	3.71576	3.973	31.6521
1400050803.123	n	12.6948	3.71612	3.955	31.6506
1400050803.186	n	12.6988	3.71627	3.941	31.6487
1400050803.249	n	12.7009	3.71632	3.925	31.6474
1400050803.310	n	12.7019	3.71634	3.910	31.6468
1400050803.371	n	12.7023	3.71634	3.899	31.6465
1400050803.434	n	12.7024	3.71635	3.883	31.6465
1400050803.496	n	12.7019	3.71635	3.870	31.6470
1400050803.728	y	12.7008	3.71634	3.858	31.6478
1400050803.735	n	12.6994	3.71633	3.843	31.6488
1400050803.741	n	12.6981	3.71631	3.836	31.6498
1400050803.747	n	12.6972	3.71627	3.821	31.6501
1400050803.810	n	12.6968	3.71621	3.809	31.6499
1400050803.873	n	12.6967	3.71614	3.796	31.6493
1400050803.936	n	12.6967	3.71608	3.786	31.6487
1400050803.997	n	12.6966	3.71605	3.774	31.6485
1400050804.059	n	12.6964	3.71604	3.766	31.6486
1400050804.121	n	12.6961	3.71606	3.755	31.6491
1400050804.184	n	12.6955	3.71608	3.745	31.6499
1400050804.249	n	12.6946	3.71613	3.736	31.6510
1400050804.310	n	12.6938	3.71616	3.730	31.6520
1400050804.373	n	12.6937	3.71619	3.718	31.6524
1400050804.435	n	12.6946	3.71620	3.708	31.6517
1400050804.498	n	12.6963	3.71620	3.699	31.6504
1400050804.560	n	12.6982	3.71622	3.692	31.6489
1400050804.622	n	12.6998	3.71627	3.683	31.6480
1400050804.685	n	12.7009	3.71631	3.674	31.6475
1400050804.747	n	12.7015	3.71634	3.664	31.6473
1400050804.809	n	12.7017	3.71635	3.656	31.6472
1400050804.872	n	12.7017	3.71635	3.649	31.6471
1400050804.935	n	12.7016	3.71633	3.641	31.6471
1400050804.997	n	12.7014	3.71631	3.630	31.6470
1400050805.060	n	12.7013	3.71629	3.620	31.6470
1400050805.122	n	12.7012	3.71628	3.612	31.6470
1400050805.184	n	12.7012	3.71628	3.603	31.6470
1400050805.248	n	12.7012	3.71630	3.594	31.6471
1400050805.310	n	12.7012	3.71632	3.587	31.6473
1400050805.373	n	12.7011	3.71633	3.577	31.6475
1400050805.435	n	12.7008	3.71633	3.565	31.6478
1400050805.496	n	12.7007	3.71634	3.554	31.6480
1400050805.559	n	12.7008	3.71635	3.546	31.6480
1400050805.622	n	12.7011	3.71636	3.532	31.6478
1400050805.685	n	12.7016	3.71637	3.522	31.6475
1400050805.749	n	12.7021	3.71637	3.506	31.6471
1400050805.810	n	12.7024	3.71637	3.493	31.6469
1400050805.872	n	12.7025	3.71637	3.481	31.6468
1400050805.935	n	12.7023	3.71634	3.466	31.6467
1400050805.998	n	12.7017	3.71624	3.452	31.6463
1400050806.060	n	12.7005	3.71610	3.436	31.6459
1400050806.123	n	12.6991	3.71594	3.422	31.6456
1400050806.185	n	12.6977	3.71581	3.406	31.6455
1400050806.248	n	12.6964	3.71572	3.392	31.6457
1400050806.310	n	12.6954	3.71568	3.378	31.6462
1400050806.372	n	12.6945	3.71565	3.362	31.6468
1400050806.436	n	12.6937	3.71564	3.340	31.6473
1400050806.498	n	12.6932	3.71564	3.324	31.6477
1400050806.560	n	12.6932	3.71566	3.305	31.6479
1400050806.622	y	12.6938	3.71569	3.286	31.6477
1400050806.684	n	12.6948	3.71574	3.269	31.6473
1400050806.748	n	12.6962	3.71581	3.245	31.6469
1400050806.811	n	12.6975	3.71591	3.223	31.6467
1400050806.872	n	12.6986	3.71601	3.205	31.6467
1400050806.935	n	12.6993	3.71608	3.185	31.6468
1400050806.998	n	12.6996	3.71611	3.163	31.6468
1400050807.060	n	12.6997	3.71612	3.138	31.6468
1400050807.122	n	12.6998	3.71611	3.116	31.6467
1400050807.185	n	12.6999	3.71613	3.095	31.6467
1400050807.246	n	12.7001	3.71615	3.074	31.6468
1400050807.309	n	12.7002	3.71617	3.054	31.6469
1400050807.372	n	12.7005	3.71620	3.030	31.6471
1400050807.434	n	12.7008	3.71625	3.009	31.6473
1400050807.497	n	12.7013	3.71631	2.989	31.6474
1400050807.560	n	12.7019	3.71636	2.971	31.6474
1400050807.622	n	12.7025	3.71640	2.951	31.6472
1400050807.685	n	12.7028	3.71640	2.932	31.6471
1400050807.748	n	12.7028	3.71639	2.913	31.6469
1400050807.990	y	12.7026	3.71637	2.893	31.6468
1400050807.998	n	12.7024	3.71634	2.874	31.6468
1400050808.003	n	12.7022	3.71633	2.858	31.6469
1400050808.009	n	12.7021	3.71632	2.844	31.6469
1400050808.060	n	12.7019	3.71631	2.831	31.6469
1400050808.123	n	12.7017	3.71629	2.814	31.6469
1400050808.186	n	12.7014	3.71626	2.795	31.6470
1400050808.249	n	12.7010	3.71623	2.780	31.6470
1400050808.310	n	12.7007	3.71619	2.765	31.6469
1400050808.373	n	12.7005	3.71616	2.747	31.6468
1400050808.435	n	12.7004	3.71615	2.737	31.6467
1400050808.499	n	12.7003	3.71615	2.723	31.6468
1400050808.562	n	12.7003	3.71616	2.712	31.6469
1400050808.623	n	12.7003	3.71617	2.697	31.6470
1400050808.685	n	12.7003	3.71618	2.686	31.6471
1400050808.749	n	12.7003	3.71618	2.672	31.6472
1400050808.810	n	12.7003	3.71620	2.658	31.6473
1400050808.873	n	12.7002	3.71622	2.642	31.6475
1400050808.934	n	12.7003	3.71624	2.635	31.6477
1400050808.997	n	12.7004	3.71625	2.622	31.6477
1400050809.060	n	12.7005	3.71625	2.607	31.6476
1400050809.123	n	12.7006	3.71623	2.596	31.6473
1400050809.185	n	12.7008	3.71620	2.585	31.6470
1400050809.249	n	12.7008	3.71617	2.572	31.6467
1400050809.310	n	12.7007	3.71614	2.563	31.6464
1400050809.372	n	12.7005	3.71609	2.553	31.6462
1400050809.435	n	12.7000	3.71604	2.541	31.6461
1400050809.496	n	12.6994	3.71600	2.531	31.6462
1400050809.561	n	12.6989	3.71597	2.519	31.6464
1400050809.621	n	12.6984	3.71596	2.504	31.6467
1400050809.686	n	12.6981	3.71596	2.492	31.6469
1400050809.746	n	12.6980	3.71596	2.483	31.6471
1400050809.810	n	12.6982	3.71599	2.469	31.6471
1400050809.872	n	12.6986	3.71602	2.460	31.6471
1400050809.935	n	12.6991	3.71606	2.448	31.6471
1400050809.999	n	12.6995	3.71610	2.434	31.6471
1400050810.059	n	12.6999	3.71614	2.423	31.6472
1400050810.121	n	12.7001	3.71616	2.412	31.6472
1400050810.213	y	12.7002	3.71615	2.398	31.6471
1400050810.247	n	12.6999	3.71612	2.384	31.6470
1400050810.310	n	12.6996	3.71609	2.368	31.6470
1400050810.372	n	12.6993	3.71607	2.354	31.6471
1400050810.435	n	12.6993	3.71609	2.341	31.6473
1400050810.497	n	12.6993	3.71611	2.328	31.6474
1400050810.560	n	12.6994	3.71612	2.313	31.6475
1400050810.623	n	12.6994	3.71611	2.297	31.6474
1400050810.684	n	12.6994	3.71609	2.281	31.6472
1400050810.749	n	12.6992	3.71606	2.263	31.6470
1400050810.810	n	12.6991	3.71604	2.247	31.6470
1400050810.872	n	12.6989	3.71604	2.229	31.6471
1400050810.934	n	12.6988	3.71604	2.209	31.6472
1400050810.997	n	12.6989	3.71605	2.191	31.6473
1400050811.060	n	12.6991	3.71605	2.172	31.6471
1400050811.123	n	12.6994	3.71607	2.159	31.6470
1400050811.186	n	12.6999	3.71609	2.138	31.6469
1400050811.248	n	12.7003	3.71613	2.122	31.6468
1400050811.310	n	12.7008	3.71616	2.101	31.6468
1400050811.374	n	12.7011	3.71619	2.086	31.6468
1400050811.436	n	12.7012	3.71621	2.072	31.6469
1400050811.498	n	12.7008	3.71618	2.049	31.6470
1400050811.562	n	12.7000	3.71610	2.029	31.6469
1400050811.621	n	12.6991	3.71600	2.011	31.6467
1400050811.684	n	12.6985	3.71593	1.995	31.6465
1400050811.750	n	12.6985	3.71594	1.975	31.6466
1400050811.809	n	12.6990	3.71601	1.957	31.6469
1400050811.872	n	12.6997	3.71610	1.939	31.6472
1400050811.936	n	12.7002	3.71616	1.921	31.6473
1400050811.997	n	12.7005	3.71618	1.905	31.6472
1400050812.184	y	12.7007	3.71618	1.885	31.6472
1400050812.193	n	12.7007	3.71619	1.871	31.6472
1400050812.199	n	12.7006	3.71621	1.856	31.6474
1400050812.248	n	12.7005	3.71622	1.842	31.6476
1400050812.310	n	12.7004	3.71622	1.825	31.6477
1400050812.373	n	12.7004	3.71622	1.811	31.6478
1400050812.435	n	12.7004	3.71622	1.793	31.6477
1400050812.498	n	12.7006	3.71623	1.780	31.6477
1400050812.559	n	12.7007	3.71623	1.768	31.6476
1400050812.623	n	12.7007	3.71622	1.758	31.6476
1400050812.685	n	12.7005	3.71619	1.748	31.6474
1400050812.749	n	12.7001	3.71614	1.734	31.6473
1400050812.810	n	12.6996	3.71608	1.722	31.6472
1400050812.872	n	12.6993	3.71604	1.714	31.6471
1400050812.935	n	12.6992	3.71603	1.702	31.6470
1400050812.998	n	12.6992	3.71602	1.693	31.6470
1400050813.060	n	12.6992	3.71602	1.683	31.6469
1400050813.122	n	12.6991	3.71600	1.670	31.6469
1400050813.185	n	12.6989	3.71599	1.663	31.6469
1400050813.249	n	12.6985	3.71596	1.652	31.6470
1400050813.309	n	12.6980	3.71595	1.643	31.6473
1400050813.371	n	12.6975	3.71592	1.635	31.6474
1400050813.434	n	12.6970	3.71589	1.625	31.6475
1400050813.497	n	12.6964	3.71585	1.618	31.6477
1400050813.562	n	12.6959	3.71581	1.612	31.6478
1400050813.622	n	12.6955	3.71578	1.605	31.6478
1400050813.685	n	12.6954	3.71577	1.594	31.6478
1400050813.747	n	12.6956	3.71578	1.586	31.6477
1400050813.810	n	12.6961	3.71580	1.576	31.6476
1400050813.873	y	12.6965	3.71583	1.570	31.6474
1400050813.935	n	12.6970	3.71585	1.561	31.6472
1400050813.997	n	12.6972	3.71586	1.555	31.6471
1400050814.060	n	12.6974	3.71587	1.543	31.6470
1400050814.122	n	12.6976	3.71589	1.535	31.6471
1400050814.184	n	12.6978	3.71592	1.525	31.6472
1400050814.247	n	12.6979	3.71594	1.514	31.6473
1400050814.310	n	12.6982	3.71595	1.507	31.6472
1400050814.372	n	12.6984	3.71596	1.497	31.6472
1400050814.435	n	12.6987	3.71598	1.487	31.6470
1400050814.499	n	12.6990	3.71600	1.475	31.6470
1400050814.562	n	12.6993	3.71603	1.463	31.6470
1400050814.623	n	12.6997	3.71607	1.453	31.6471
1400050814.684	n	12.6999	3.71610	1.446	31.6471
1400050814.747	n	12.7001	3.71612	1.433	31.6473
1400050814.810	n	12.7001	3.71615	1.420	31.6475
1400050814.871	n	12.7001	3.71615	1.407	31.6475
1400050814.935	n	12.7001	3.71615	1.394	31.6475
1400050814.998	n	12.7002	3.71615	1.380	31.6475
1400050815.059	n	12.7002	3.71615	1.367	31.6474
1400050815.122	n	12.7002	3.71614	1.354	31.6474
1400050815.186	n	12.7001	3.71614	1.342	31.6474
1400050815.337	y	12.7000	3.71612	1.327	31.6474
1400050815.343	n	12.6999	3.71612	1.313	31.6474
1400050815.373	n	12.6999	3.71612	1.303	31.6474
1400050815.435	n	12.7000	3.71611	1.286	31.6473
1400050815.497	n	12.7000	3.71610	1.269	31.6472
1400050815.560	n	12.6998	3.71608	1.256	31.6472
1400050815.623	n	12.6992	3.71604	1.242	31.6473
1400050815.685	n	12.6984	3.71598	1.230	31.6475
1400050815.749	n	12.6973	3.71590	1.214	31.6475
1400050815.810	n	12.6965	3.71579	1.198	31.6472
1400050815.872	n	12.6961	3.71569	1.176	31.6466
1400050815.935	n	12.6960	3.71561	1.163	31.6459
1400050815.999	n	12.6957	3.71553	1.146	31.6454
1400050816.060	n	12.6948	3.71545	1.127	31.6455
1400050816.122	n	12.6930	3.71535	1.108	31.6460
1400050816.185	n	12.6909	3.71524	1.088	31.6468
1400050816.249	n	12.6892	3.71515	1.070	31.6474
1400050816.421	y	12.6882	3.71511	1.047	31.6478
1400050816.426	n	12.6880	3.71513	1.032	31.6482
1400050816.436	n	12.6885	3.71519	1.009	31.6484
1400050816.497	n	12.6890	3.71526	0.991	31.6486
1400050816.561	n	12.6894	3.71532	0.973	31.6488
1400050816.623	n	12.6896	3.71534	0.952	31.6488
1400050816.685	n	12.6894	3.71531	0.930	31.6488
1400050816.747	n	12.6889	3.71525	0.907	31.6486
1400050816.810	n	12.6882	3.71517	0.888	31.6484
1400050816.872	n	12.6876	3.71512	0.867	31.6484
1400050816.934	n	12.6874	3.71510	0.844	31.6484
1400050816.997	n	12.6880	3.71515	0.825	31.6485
1400050817.060	n	12.6892	3.71527	0.804	31.6486
1400050817.123	n	12.6905	3.71536	0.783	31.6484
1400050817.185	n	12.6914	3.71538	0.771	31.6478
1400050817.247	n	12.6913	3.71536	0.754	31.6477
1400050817.310	n	12.6905	3.71531	0.730	31.6479
1400050817.373	n	12.6895	3.71528	0.711	31.6485
1400050817.435	n	12.6886	3.71527	0.692	31.6491
1400050817.497	n	12.6877	3.71449	0.674	31.6426
1400050817.629	y	12.6863	3.45891	0.658	29.2353
1400050817.635	n	12.6843	2.92804	0.646	24.3193
1400050817.686	n	12.6819	2.23554	0.634	18.0859
1400050817.753	n	12.6796	1.57218	0.622	12.3255
1400050817.809	n	12.6777	1.10280	0.610	8.3972
1400050817.873	n	12.6762	0.94667	0.596	7.1234
1400050817.934	n	12.6752	0.88768	0.586	6.6470
1400050817.998	n	12.6746	0.85139	0.575	6.3554
1400050818.061	n	12.6743	0.80298	0.565	5.9680
1400050818.122	n	12.6742	0.76232	0.553	5.6442
1400050818.185	n	12.6742	0.72231	0.544	5.3270
1400050818.247	n	12.6742	0.68386	0.533	5.0237
1400050818.310	n	12.6742	0.64253	0.523	4.6992
1400050818.373	n	12.6743	0.60862	0.511	4.4343
