

 Profile 181

mmho/cm,Celsius,dbars,hz

1.5282,16.3541,0.970, 2724
1.5283,16.3574,0.970, 2739
1.5283,16.3596,0.970, 2745
1.5283,16.3603,0.970, 2749
1.5282,16.3604,0.970, 2752
1.5282,16.3591,0.970, 2754
1.5281,16.3581,0.970, 2753
1.5279,16.3578,0.970, 2754
1.5279,16.3573,0.970, 2754
1.5278,16.3573,0.970, 2753
1.5277,16.3577,0.970, 2752
1.5276,16.3580,0.970, 2750
1.5275,16.3577,0.970, 2749
1.5275,16.3578,0.970, 2747
1.5275,16.3586,0.970, 2746
1.5274,16.3575,0.970, 2744
1.5273,16.3584,0.970, 2742
1.5272,16.3587,0.970, 2741
1.5272,16.3583,0.970, 2738
1.5271,16.3580,0.970, 2737
1.5270,16.3579,0.970, 2736
1.5269,16.3590,0.970, 2733
1.5269,16.3587,0.970, 2731
1.5269,16.3584,0.970, 2729
1.5267,16.3592,0.970, 2727
1.5267,16.3587,0.970, 2725
1.5266,16.3591,0.970, 2724
1.5266,16.3590,0.970, 2722
1.5265,16.3593,0.970, 2720
1.5265,16.3592,0.970, 2718
1.5264,16.3589,0.970, 2718
1.5263,16.3594,0.970, 2715
1.5263,16.3593,0.970, 2713
1.5262,16.3598,0.970, 2711
1.5262,16.3594,0.970, 2710
1.5261,16.3597,0.970, 2708
1.5260,16.3601,0.970, 2706
1.5259,16.3601,0.970, 2705
1.5258,16.3604,0.970, 2703
1.5259,16.3596,0.970, 2701
1.5258,16.3604,0.970, 2699
1.5257,16.3603,0.970, 2698
1.5257,16.3601,0.970, 2697
1.5255,16.3607,0.970, 2694
1.5255,16.3605,0.970, 2693
1.5255,16.3603,0.970, 2691
1.5254,16.3605,0.960, 2690
1.5254,16.3610,0.970, 2688
1.5253,16.3612,0.960, 2686
1.5253,16.3610,0.970, 2685
1.5252,16.3614,0.970, 2684
1.5252,16.3613,0.970, 2682
1.5251,16.3617,0.970, 2680
1.5251,16.3615,0.970, 2679
1.5250,16.3614,0.970, 2677
1.5250,16.3616,0.970, 2675
1.5249,16.3614,0.970, 2674
1.5249,16.3624,0.960, 2673
1.5248,16.3622,0.970, 2672
1.5247,16.3622,0.970, 2671
1.5247,16.3617,0.970, 2669
1.5246,16.3622,0.970, 2668
1.5246,16.3622,0.970, 2666
1.5246,16.3621,0.970, 2664
1.5245,16.3624,0.970, 2663
1.5245,16.3625,0.970, 2661
1.5244,16.3624,0.970, 2660
1.5244,16.3629,0.970, 2659
1.5243,16.3630,0.960, 2657
1.5243,16.3627,0.970, 2657
1.5242,16.3632,0.970, 2655
1.5242,16.3630,0.970, 2653
1.5241,16.3628,0.970, 2652
1.5241,16.3635,0.970, 2652
1.5240,16.3630,0.960, 2650
1.5240,16.3634,0.970, 2648
1.5240,16.3634,0.970, 2648
1.5239,16.3641,0.970, 2646
1.5238,16.3634,0.970, 2645
1.5238,16.3639,0.970, 2643
1.5237,16.3636,0.970, 2643
1.5237,16.3641,0.970, 2641
1.5237,16.3641,0.970, 2640
1.5237,16.3641,0.970, 2639
1.5236,16.3641,0.970, 2637
1.5235,16.3643,0.960, 2636
1.5235,16.3643,0.970, 2636
1.5234,16.3648,0.970, 2635
1.5235,16.3647,0.970, 2634
1.5234,16.3648,0.970, 2633
1.5234,16.3652,0.970, 2631
1.5233,16.3652,0.970, 2631
1.5233,16.3650,0.970, 2629
1.5232,16.3654,0.960, 2628
1.5232,16.3649,0.970, 2627
1.5231,16.3650,0.970, 2626
1.5231,16.3656,0.970, 2625
1.5230,16.3655,0.970, 2624
1.5230,16.3654,0.970, 2622
1.5230,16.3656,0.960, 2621
1.5229,16.3656,0.970, 2621
1.5229,16.3658,0.970, 2619
1.5229,16.3663,0.970, 2619
1.5228,16.3661,0.970, 2617
1.5227,16.3659,0.970, 2618
1.5227,16.3662,0.970, 2616
1.5226,16.3666,0.960, 2614
1.5227,16.3663,0.970, 2615
1.5226,16.3667,0.960, 2613
1.5225,16.3667,0.970, 2611
1.5226,16.3664,0.960, 2611
1.5225,16.3671,0.960, 2610
1.5225,16.3665,0.970, 2610
1.5225,16.3665,0.960, 2609
1.5224,16.3666,0.970, 2608
1.5224,16.3670,0.970, 2607
1.5223,16.3667,0.970, 2606
1.5223,16.3673,0.960, 2605
1.5222,16.3671,0.970, 2605
1.5223,16.3673,0.970, 2605
1.5222,16.3678,0.990, 2603
1.5222,16.3678,1.030, 2602
1.5222,16.3679,1.070, 2601
1.5221,16.3678,1.140, 2601
1.5222,16.3677,1.210, 2600
1.5221,16.3680,1.290, 2599
1.5221,16.3680,1.380, 2598
1.5222,16.3682,1.500, 2597
1.5222,16.3680,1.630, 2595
1.5222,16.3678,1.800, 2596
1.5223,16.3682,1.960, 2595
1.5223,16.3680,2.150, 2595
1.5225,16.3688,2.330, 2595
1.5226,16.3683,2.520, 2594
1.5227,16.3684,2.730, 2594
1.5228,16.3681,2.940, 2594
1.5230,16.3678,3.150, 2595
1.5233,16.3679,3.380, 2595
1.5234,16.3673,3.600, 2595
1.5237,16.3668,3.830, 2597
1.5238,16.3665,4.050, 2598
1.5241,16.3656,4.290, 2599
1.5243,16.3658,4.540, 2601
1.5246,16.3647,4.780, 2602
1.5250,16.3643,5.040, 2604
1.5253,16.3640,5.280, 2606
1.5255,16.3630,5.540, 2609
1.5259,16.3628,5.800, 2611
1.5262,16.3628,6.050, 2614
1.5266,16.3618,6.310, 2618
1.5269,16.3619,6.570, 2620
1.5273,16.3614,6.820, 2625
1.5276,16.3614,7.080, 2629
1.5280,16.3610,7.340, 2633
1.5284,16.3601,7.600, 2637
1.5287,16.3592,7.860, 2641
1.5290,16.3589,8.110, 2646
1.5294,16.3591,8.370, 2651
1.5297,16.3581,8.640, 2656
1.5300,16.3575,8.900, 2661
1.5304,16.3571,9.160, 2667
1.5307,16.3568,9.410, 2672
1.5310,16.3568,9.670, 2679
1.5313,16.3556,9.930, 2684
1.5316,16.3545,10.190, 2690
1.5319,16.3548,10.450, 2697
1.5322,16.3536,10.710, 2703
1.5325,16.3533,10.970, 2709
1.5328,16.3526,11.230, 2715
1.5330,16.3519,11.490, 2723
1.5333,16.3517,11.750, 2729
1.5335,16.3506,12.020, 2737
1.5337,16.3503,12.280, 2744
1.5340,16.3491,12.510, 2752
1.5342,16.3491,12.640, 2760
1.5343,16.3479,12.640, 2768
1.5345,16.3477,12.630, 2777
1.5346,16.3473,12.640, 2786
1.5348,16.3468,12.640, 2795
1.5349,16.3463,12.640, 2801
1.5350,16.3453,12.640, 2809
1.5351,16.3449,12.640, 2819
1.5352,16.3446,12.640, 2825
1.5353,16.3441,12.640, 2833
1.5353,16.3427,12.640, 2841
1.5354,16.3423,12.640, 2850
1.5355,16.3415,12.640, 2858
1.5355,16.3410,12.640, 2865
1.5356,16.3398,12.640, 2872
1.5356,16.3396,12.640, 2881
1.5358,16.3387,12.640, 2888
1.5358,16.3379,12.640, 2896
1.5359,16.3379,12.640, 2904
1.5359,16.3368,12.640, 2910
1.5359,16.3363,12.640, 2917
1.5360,16.3355,12.640, 2924
1.5360,16.3352,12.640, 2931
1.5360,16.3339,12.640, 2938
1.5361,16.3339,12.630, 2946
1.5362,16.3330,12.640, 2953
1.5362,16.3328,12.640, 2959
1.5362,16.3313,12.640, 2966
1.5362,16.3312,12.640, 2971
1.5363,16.3305,12.640, 2979
1.5364,16.3298,12.640, 2984
1.5364,16.3300,12.640, 2991
1.5364,16.3290,12.630, 2998
1.5365,16.3282,12.640, 3004
1.5365,16.3283,12.630, 3011
1.5365,16.3272,12.640, 3016
1.5365,16.3266,12.640, 3023
1.5366,16.3261,12.640, 3029
1.5366,16.3251,12.630, 3035
1.5366,16.3253,12.640, 3040
1.5367,16.3241,12.640, 3047
1.5367,16.3239,12.640, 3052
1.5367,16.3238,12.640, 3058
1.5368,16.3229,12.640, 3063
1.5368,16.3225,12.640, 3069
1.5368,16.3222,12.640, 3076
1.5368,16.3220,12.640, 3081
1.5368,16.3211,12.630, 3086
1.5368,16.3205,12.640, 3091
1.5369,16.3205,12.640, 3097
1.5369,16.3194,12.640, 3102
1.5369,16.3196,12.640, 3107
1.5370,16.3189,12.640, 3112
1.5370,16.3177,12.640, 3117
1.5370,16.3184,12.630, 3122
1.5370,16.3174,12.640, 3127
1.5371,16.3170,12.640, 3132
1.5371,16.3171,12.640, 3137
1.5371,16.3169,12.640, 3141
1.5371,16.3160,12.640, 3146
1.5372,16.3160,12.640, 3151
1.5372,16.3152,12.640, 3157
1.5372,16.3145,12.640, 3161
1.5372,16.3143,12.640, 3165
1.5372,16.3139,12.640, 3170
1.5373,16.3139,12.640, 3175
1.5373,16.3132,12.640, 3180
1.5373,16.3132,12.640, 3184
1.5373,16.3125,12.640, 3187
1.5373,16.3121,12.640, 3192
1.5373,16.3127,12.640, 3196
1.5373,16.3118,12.630, 3200
1.5374,16.3117,12.640, 3205
1.5374,16.3108,12.640, 3209
1.5374,16.3111,12.630, 3213
1.5374,16.3102,12.630, 3217
1.5374,16.3106,12.640, 3221
1.5375,16.3095,12.640, 3226
1.5374,16.3096,12.640, 3229
1.5375,16.3097,12.640, 3234
1.5375,16.3092,12.640, 3237
1.5375,16.3086,12.640, 3242
1.5375,16.3079,12.640, 3246
1.5376,16.3081,12.640, 3249
1.5376,16.3081,12.640, 3253
1.5376,16.3077,12.640, 3256
1.5376,16.3072,12.640, 3260
1.5376,16.3069,12.640, 3264
1.5376,16.3072,12.640, 3268
1.5376,16.3059,12.640, 3272
1.5376,16.3067,12.640, 3275
1.5377,16.3063,12.640, 3279
1.5377,16.3057,12.640, 3282
1.5377,16.3058,12.640, 3286
1.5377,16.3053,12.640, 3289
1.5377,16.3052,12.640, 3294
1.5377,16.3045,12.640, 3297
1.5377,16.3050,12.640, 3301
1.5377,16.3051,12.640, 3303
1.5377,16.3042,12.640, 3307
1.5377,16.3041,12.640, 3310
1.5377,16.3034,12.640, 3313
1.5377,16.3039,12.640, 3317
1.5377,16.3038,12.640, 3319
1.5377,16.3036,12.640, 3322
1.5378,16.3030,12.640, 3326
1.5378,16.3030,12.640, 3329
1.5378,16.3028,12.640, 3332
1.5378,16.3029,12.640, 3336
1.5378,16.3026,12.640, 3340
1.5378,16.3020,12.640, 3343
1.5379,16.3026,12.640, 3345
1.5379,16.3018,12.640, 3349
1.5378,16.3017,12.640, 3352
1.5378,16.3017,12.640, 3355
1.5379,16.3010,12.640, 3358
1.5378,16.3016,12.640, 3361
1.5379,16.3006,12.640, 3363
1.5379,16.3009,12.640, 3367
1.5378,16.3009,12.640, 3369
1.5378,16.3008,12.640, 3372
1.5379,16.3006,12.640, 3374
1.5379,16.3005,12.640, 3377
1.5379,16.3002,12.640, 3379
1.5379,16.3007,12.640, 3382
1.5379,16.2999,12.640, 3383
1.5379,16.2998,12.640, 3385
1.5379,16.2995,12.630, 3388
1.5379,16.3002,12.640, 3391

 Profile 181
  CTD turned on at 04/16/2013 01:00:02
  CTD turned off at 04/16/2013 01:05:16
