Profile 0

 mmho/cm   Celsius      dbars     hz
+00.9930  +23.6250  -0000.420      0
+00.9929  +23.6248  -0000.410      0
+00.9929  +23.6248  -0000.350      0
+00.9929  +23.6240  -0000.140      0
+00.9930  +23.6245  -0000.130      0
+00.9930  +23.6246  -0000.180      0
+00.9929  +23.6243  -0000.270      0
+00.9929  +23.6245  -0000.370      0
+00.9930  +23.6238  -0000.490      0
+00.9929  +23.6244  -0000.390      0
+00.9929  +23.6238  -0000.200      0
+00.9929  +23.6234  -0000.110      0
+00.9929  +23.6241  -0000.150      0
+00.9929  +23.6234  -0000.350      0
+00.9929  +23.6228  -0000.450      0
+00.9929  +23.6228  -0000.360      0
+00.9929  +23.6228  -0000.290      0
+00.9929  +23.6230  -0000.080      0
+00.9929  +23.6231  -0000.110      0
+00.9929  +23.6227  -0000.200      0
+00.9929  +23.6221  -0000.270      0
+00.9929  +23.6219  -0000.360      0
+00.9929  +23.6229  -0000.470      0
+00.9929  +23.6219  -0000.400      0
+00.9929  +23.6219  -0000.190      0
+00.9929  +23.6219  -0000.120      0
+00.9929  +23.6221  -0000.180      0
+00.9928  +23.6216  -0000.300      0
+00.9929  +23.6217  -0000.410      0
+00.9929  +23.6217  -0000.440      0
+00.9928  +23.6213  -0000.460      0
+00.9928  +23.6210  -0000.420      0
+00.9928  +23.6212  -0000.260      0
+00.9928  +23.6214  -0000.150      0
+00.9929  +23.6206  -0000.150      0
+00.9928  +23.6209  -0000.150      0
+00.9929  +23.6206  -0000.300      0
+00.9928  +23.6201  -0000.460      0
+00.9929  +23.6199  -0000.460      0
+00.9928  +23.6203  -0000.400      0
+00.9928  +23.6201  -0000.340      0
+00.9928  +23.6192  -0000.230      0
+00.9928  +23.6195  -0000.170      0
+00.9929  +23.6193  -0000.150      0
+00.9929  +23.6187  -0000.180      0
+00.9928  +23.6195  -0000.330      0
+00.9928  +23.6196  -0000.460      0
+00.9928  +23.6192  -0000.380      0
+00.9928  +23.6186  -0000.180      0
+00.9928  +23.6188  -0000.120      0
+00.9928  +23.6197  -0000.160      0
+00.9928  +23.6184  -0000.260      0
+00.9928  +23.6186  -0000.390      0
+00.9928  +23.6187  -0000.420      0
+00.9928  +23.6185  -0000.420      0
+00.9928  +23.6181  -0000.350      0
+00.9928  +23.6182  -0000.200      0
+00.9928  +23.6192  -0000.110      0
+00.9928  +23.6182  -0000.140      0
+00.9928  +23.6184  -0000.270      0
+00.9928  +23.6174  -0000.360      0
+00.9928  +23.6183  -0000.370      0
+00.9928  +23.6182  -0000.380      0
+00.9928  +23.6178  -0000.450      0
+00.9928  +23.6174  -0000.450      0
+00.9928  +23.6178  -0000.260      0
+00.9928  +23.6176  -0000.230      0
+00.9928  +23.6178  -0000.140      0
+00.9928  +23.6170  -0000.100      0
+00.9928  +23.6175  -0000.130      0
+00.9928  +23.6168  -0000.180      0
+00.9928  +23.6173  -0000.310      0
+00.9928  +23.6167  -0000.410      0
+00.9928  +23.6163  -0000.400      0
+00.9928  +23.6171  -0000.210      0
+00.9928  +23.6172  -0000.230      0
+00.9928  +23.6174  -0000.150      0
+00.9928  +23.6172  -0000.060      0
+00.9927  +23.6162  -0000.230      0
+00.9928  +23.6164  -0000.410      0
+00.9928  +23.6165  -0000.460      0
+00.9928  +23.6166  -0000.430      0
+00.9928  +23.6154  -0000.300      0
+00.9928  +23.6155  -0000.130      0
+00.9928  +23.6162  -0000.130      0
+00.9928  +23.6153  -0000.260      0
+00.9928  +23.6155  -0000.290      0
+00.9927  +23.6156  -0000.430      0
+00.9928  +23.6156  -0000.400      0
+00.9928  +23.6151  -0000.430      0
+00.9928  +23.6148  -0000.420      0
+00.9927  +23.6150  -0000.350      0
+00.9927  +23.6145  -0000.190      0
+00.9928  +23.6147  -0000.130      0
+00.9927  +23.6146  -0000.160      0
+00.9927  +23.6143  -0000.240      0
+00.9927  +23.6141  -0000.240      0
+00.9928  +23.6140  -0000.370      0
+00.9927  +23.6140  -0000.440      0
+00.9928  +23.6142  -0000.420      0
+00.9927  +23.6139  -0000.370      0
+00.9927  +23.6136  -0000.330      0
+00.9927  +23.6130  -0000.210      0
+00.9927  +23.6139  -0000.080      0
+00.9927  +23.6129  -0000.220      0
+00.9927  +23.6133  -0000.300      0
+00.9927  +23.6127  -0000.400      0
+00.9927  +23.6126  -0000.450      0
+00.9927  +23.6125  -0000.450      0
+00.9927  +23.6126  -0000.340      0
+00.9927  +23.6127  -0000.180      0
+00.9927  +23.6124  -0000.110      0
+00.9927  +23.6126  -0000.190      0
+00.9927  +23.6125  -0000.180      0
+00.9927  +23.6119  -0000.400      0
+00.9927  +23.6118  -0000.490      0
+00.9927  +23.6112  -0000.410      0
+00.9927  +23.6116  -0000.380      0
+00.9927  +23.6116  -0000.170      0
+00.9927  +23.6112  -0000.110      0
+00.9927  +23.6111  -0000.210      0
+00.9927  +23.6116  -0000.430      0
+00.9927  +23.6105  -0000.420      0
+00.9926  +23.6104  -0000.450      0
+00.9927  +23.6108  -0000.400      0
+00.9927  +23.6108  -0000.270      0
+00.9927  +23.6104  -0000.130      0
+00.9926  +23.6098  -0000.160      0
+00.9927  +23.6099  -0000.220      0
+00.9927  +23.6108  -0000.270      0
+00.9927  +23.6103  -0000.330      0
+00.9927  +23.6098  -0000.440      0
+00.9927  +23.6102  -0000.420      0
+00.9927  +23.6101  -0000.310      0
+00.9927  +23.6097  -0000.190      0
+00.9927  +23.6095  -0000.110      0
+00.9926  +23.6091  -0000.150      0
+00.9927  +23.6096  -0000.140      0
+00.9926  +23.6098  -0000.240      0
+00.9926  +23.6093  -0000.410      0
+00.9926  +23.6080  -0000.380      0
+00.9926  +23.6086  -0000.450      0
+00.9926  +23.6086  -0000.370      0
+00.9926  +23.6084  -0000.130      0
+00.9926  +23.6089  -0000.140      0
+00.9926  +23.6087  -0000.150      0
+00.9926  +23.6091  -0000.270      0
+00.9926  +23.6090  -0000.340      0
+00.9926  +23.6081  -0000.440      0
+00.9926  +23.6077  -0000.460      0
+00.9926  +23.6086  -0000.420      0
+00.9926  +23.6075  -0000.380      0
+00.9926  +23.6076  -0000.200      0
+00.9926  +23.6084  -0000.180      0
+00.9926  +23.6079  -0000.080      0
+00.9926  +23.6085  -0000.140      0
+00.9926  +23.6078  -0000.190      0
+00.9926  +23.6073  -0000.310      0
+00.9926  +23.6078  -0000.380      0
+00.9926  +23.6069  -0000.460      0
+00.9926  +23.6071  -0000.410      0
+00.9926  +23.6074  -0000.300      0
+00.9926  +23.6066  -0000.290      0
+00.9926  +23.6064  -0000.230      0
+00.9926  +23.6063  -0000.190      0
+00.9926  +23.6069  -0000.060      0
+00.9926  +23.6064  -0000.200      0
+00.9926  +23.6066  -0000.270      0
+00.9926  +23.6069  -0000.420      0
+00.9926  +23.6065  -0000.480      0
+00.9926  +23.6063  -0000.400      0
+00.9926  +23.6068  -0000.260      0
+00.9926  +23.6061  -0000.200      0
+00.9926  +23.6066  -0000.150      0
+00.9926  +23.6058  -0000.090      0
+00.9926  +23.6064  -0000.150      0
+00.9926  +23.6058  -0000.270      0
+00.9926  +23.6060  -0000.410      0
+00.9926  +23.6055  -0000.460      0
+00.9926  +23.6062  -0000.480      0
+00.9926  +23.6058  -0000.410      0
+00.9926  +23.6053  -0000.320      0
+00.9926  +23.6052  -0000.210      0
+00.9926  +23.6053  -0000.120      0
+00.9926  +23.6052  -0000.110      0
+00.9925  +23.6052  -0000.120      0
+00.9926  +23.6049  -0000.290      0
+00.9926  +23.6049  -0000.410      0
+00.9926  +23.6044  -0000.510      0
+00.9925  +23.6047  -0000.410      0
+00.9925  +23.6049  -0000.340      0
+00.9926  +23.6039  -0000.160      0
+00.9926  +23.6037  -0000.140      0
+00.9925  +23.6046  -0000.120      0
+00.9926  +23.6040  -0000.160      0
+00.9925  +23.6043  -0000.320      0
+00.9925  +23.6035  -0000.370      0
+00.9926  +23.6034  -0000.450      0
+00.9925  +23.6038  -0000.410      0
+00.9925  +23.6032  -0000.270      0
+00.9925  +23.6036  -0000.180      0
+00.9925  +23.6033  -0000.100      0
+00.9925  +23.6031  -0000.150      0
+00.9925  +23.6033  -0000.300      0
+00.9925  +23.6026  -0000.440      0
+00.9925  +23.6028  -0000.420      0
+00.9925  +23.6032  -0000.340      0
+00.9925  +23.6027  -0000.320      0
+00.9925  +23.6030  -0000.220      0
+00.9925  +23.6031  -0000.140      0
+00.9925  +23.6021  -0000.130      0
+00.9925  +23.6022  -0000.160      0
+00.9925  +23.6019  -0000.250      0
+00.9925  +23.6021  -0000.340      0
+00.9925  +23.6017  -0000.480      0
+00.9925  +23.6022  -0000.430      0
+00.9925  +23.6017  -0000.360      0
+00.9925  +23.6015  -0000.220      0
+00.9925  +23.6011  -0000.170      0
+00.9925  +23.6013  -0000.080      0
+00.9925  +23.6009  -0000.160      0
+00.9925  +23.6008  -0000.200      0
+00.9925  +23.6011  -0000.320      0
+00.9925  +23.6008  -0000.440      0
+00.9925  +23.6008  -0000.450      0
+00.9925  +23.6006  -0000.330      0
+00.9925  +23.6002  -0000.240      0
+00.9925  +23.6006  -0000.220      0
+00.9925  +23.5997  -0000.160      0
+00.9924  +23.6002  -0000.120      0
+00.9925  +23.6001  -0000.160      0
+00.9925  +23.6000  -0000.250      0
+00.9925  +23.6001  -0000.290      0
+00.9925  +23.6002  -0000.420      0
+00.9924  +23.6000  -0000.430      0
+00.9925  +23.6001  -0000.420      0
+00.9924  +23.5999  -0000.340      0
+00.9924  +23.5998  -0000.290      0
+00.9925  +23.5996  -0000.150      0
+00.9925  +23.6000  -0000.120      0
+00.9924  +23.5991  -0000.140      0
+00.9924  +23.5992  -0000.140      0
+00.9923  +23.5989  -0000.130      0
+00.9925  +23.5989  -0000.170      0
+00.9924  +23.5990  -0000.290      0
+00.9924  +23.5990  -0000.340      0
+00.9924  +23.5984  -0000.460      0
+00.9923  +23.5986  -0000.460      0
+00.9924  +23.5982  -0000.380      0
+00.9924  +23.5982  -0000.300      0
+00.9924  +23.5981  -0000.190      0
+00.9924  +23.5979  -0000.090      0
+00.9924  +23.5973  -0000.110      0
+00.9924  +23.5980  -0000.120      0
+00.9924  +23.5974  -0000.220      0
+00.9924  +23.5976  -0000.410      0
+00.9924  +23.5972  -0000.480      0
+00.9924  +23.5982  -0000.360      0
+00.9924  +23.5975  -0000.270      0
+00.9923  +23.5977  -0000.110      0
+00.9924  +23.5983  -0000.120      0
+00.9923  +23.5979  -0000.130      0
+00.9924  +23.5976  -0000.220      0
+00.9924  +23.5975  -0000.270      0
+00.9924  +23.5971  -0000.340      0
+00.9924  +23.5975  -0000.460      0
+00.9923  +23.5973  -0000.420      0
+00.9924  +23.5964  -0000.340      0
+00.9924  +23.5966  -0000.180      0
+00.9923  +23.5972  -0000.160      0
+00.9923  +23.5964  -0000.160      0
+00.9924  +23.5966  -0000.120      0
+00.9924  +23.5964  -0000.130      0
+00.9924  +23.5959  -0000.260      0
+00.9923  +23.5960  -0000.320      0
+00.9923  +23.5950  -0000.430      0
+00.9923  +23.5952  -0000.480      0
+00.9923  +23.5954  -0000.440      0
+00.9923  +23.5950  -0000.460      0
+00.9923  +23.5952  -0000.430      0
+00.9923  +23.5956  -0000.350      0
+00.9923  +23.5951  -0000.360      0
+00.9923  +23.5948  -0000.290      0
+00.9924  +23.5953  -0000.140      0
+00.9923  +23.5959  -0000.080      0
+00.9923  +23.5956  -0000.170      0
+00.9923  +23.5951  -0000.270      0
+00.9923  +23.5950  -0000.350      0
+00.9923  +23.5947  -0000.450      0
+00.9923  +23.5943  -0000.490      0
+00.9923  +23.5950  -0000.310      0
+00.9923  +23.5937  -0000.180      0
+00.9923  +23.5945  -0000.130      0
+00.9923  +23.5935  -0000.110      0
+00.9923  +23.5946  -0000.200      0
+00.9923  +23.5941  -0000.370      0
+00.9923  +23.5943  -0000.440      0
+00.9923  +23.5937  -0000.450      0
+00.9923  +23.5940  -0000.320      0
+00.9923  +23.5940  -0000.200      0
+00.9923  +23.5940  -0000.130      0
+00.9923  +23.5942  -0000.130      0
+00.9923  +23.5929  -0000.140      0
+00.9923  +23.5932  -0000.300      0
+00.9922  +23.5930  -0000.360      0
+00.9923  +23.5926  -0000.450      0
+00.9923  +23.5919  -0000.480      0
+00.9923  +23.5928  -0000.380      0
+00.9923  +23.5919  -0000.320      0
+00.9922  +23.5915  -0000.210      0
+00.9922  +23.5917  -0000.130      0
+00.9922  +23.5917  -0000.120      0
+00.9922  +23.5922  -0000.160      0
+00.9922  +23.5912  -0000.180      0
+00.9922  +23.5906  -0000.270      0
+00.9922  +23.5908  -0000.420      0
+00.9922  +23.5909  -0000.430      0
+00.9922  +23.5913  -0000.380      0
+00.9922  +23.5905  -0000.310      0
+00.9923  +23.5908  -0000.070      0
+00.9922  +23.5898  -0000.130      0
+00.9922  +23.5898  -0000.160      0
+00.9922  +23.5901  -0000.280      0
+00.9922  +23.5897  -0000.340      0
+00.9922  +23.5898  -0000.390      0
+00.9922  +23.5892  -0000.500      0
+00.9922  +23.5894  -0000.380      0
+00.9922  +23.5889  -0000.250      0
+00.9922  +23.5888  -0000.160      0
+00.9922  +23.5893  -0000.100      0
+00.9922  +23.5885  -0000.270      0
+00.9922  +23.5892  -0000.320      0
+00.9922  +23.5880  -0000.440      0
+00.9922  +23.5878  -0000.450      0
+00.9922  +23.5884  -0000.410      0
+00.9922  +23.5884  -0000.210      0
+00.9922  +23.5878  -0000.120      0
+00.9922  +23.5881  -0000.130      0
+00.9922  +23.5874  -0000.230      0
+00.9922  +23.5879  -0000.390      0
+00.9922  +23.5872  -0000.450      0
+00.9922  +23.5872  -0000.410      0
+00.9922  +23.5875  -0000.390      0
+00.9922  +23.5870  -0000.240      0
+00.9922  +23.5867  -0000.190      0
+00.9922  +23.5865  -0000.160      0
+00.9922  +23.5873  -0000.120      0
+00.9922  +23.5863  -0000.140      0
+00.9922  +23.5860  -0000.270      0
+00.9921  +23.5862  -0000.350      0
+00.9922  +23.5857  -0000.290      0
+00.9922  +23.5856  -0000.450      0
+00.9922  +23.5854  -0000.450      0
+00.9922  +23.5850  -0000.390      0
+00.9922  +23.5858  -0000.300      0
+00.9922  +23.5860  -0000.240      0
+00.9921  +23.5853  -0000.130      0
+00.9921  +23.5853  -0000.160      0
+00.9921  +23.5853  -0000.230      0
+00.9921  +23.5852  -0000.340      0
+00.9922  +23.5854  -0000.460      0
+00.9921  +23.5850  -0000.380      0
+00.9921  +23.5844  -0000.370      0
+00.9921  +23.5847  -0000.290      0
+00.9921  +23.5849  -0000.270      0
+00.9921  +23.5841  -0000.090      0
+00.9921  +23.5848  -0000.120      0
+00.9921  +23.5843  -0000.180      0
+00.9922  +23.5846  -0000.290      0
+00.9921  +23.5839  -0000.430      0
+00.9921  +23.5842  -0000.490      0
+00.9922  +23.5845  -0000.420      0
+00.9921  +23.5842  -0000.330      0
+00.9921  +23.5839  -0000.260      0
+00.9921  +23.5841  -0000.210      0
+00.9921  +23.5835  -0000.090      0
+00.9921  +23.5836  -0000.180      0
+00.9921  +23.5834  -0000.340      0
+00.9921  +23.5836  -0000.480      0
+00.9921  +23.5828  -0000.460      0
+00.9921  +23.5834  -0000.310      0
+00.9921  +23.5831  -0000.150      0
+00.9921  +23.5830  -0000.140      0
+00.9921  +23.5820  -0000.100      0
+00.9921  +23.5824  -0000.250      0
+00.9921  +23.5826  -0000.450      0
+00.9921  +23.5827  -0000.360      0
+00.9921  +23.5825  -0000.230      0
+00.9921  +23.5826  -0000.090      0
+00.9921  +23.5827  -0000.150      0
+00.9921  +23.5824  -0000.340      0
+00.9921  +23.5824  -0000.460      0
+00.9921  +23.5824  -0000.400      0
+00.9921  +23.5823  -0000.270      0
+00.9921  +23.5821  -0000.140      0
+00.9921  +23.5815  -0000.190      0
+00.9921  +23.5820  -0000.360      0
+00.9921  +23.5813  -0000.440      0
+00.9921  +23.5814  -0000.390      0
+00.9921  +23.5814  -0000.210      0
+00.9921  +23.5811  -0000.100      0
+00.9921  +23.5804  -0000.210      0
+00.9921  +23.5807  -0000.340      0
+00.9920  +23.5805  -0000.440      0
+00.9921  +23.5803  -0000.340      0
+00.9920  +23.5801  -0000.120      0
+00.9921  +23.5807  -0000.160      0
+00.9920  +23.5798  -0000.320      0
+00.9920  +23.5797  -0000.460      0
+00.9920  +23.5796  -0000.310      0
+00.9920  +23.5798  -0000.200      0
+00.9920  +23.5794  -0000.130      0
+00.9920  +23.5795  -0000.320      0
+00.9920  +23.5791  -0000.410      0
+00.9920  +23.5788  -0000.430      0
+00.9920  +23.5787  -0000.250      0
+00.9920  +23.5794  -0000.150      0
+00.9920  +23.5786  -0000.440      0
+00.9920  +23.5786  -0000.430      0
+00.9920  +23.5787  -0000.200      0
+00.9920  +23.5786  -0000.100      0
+00.9920  +23.5793  -0000.310      0
+00.9920  +23.5784  -0000.420      0
+00.9920  +23.5781  -0000.330      0
+00.9920  +23.5774  -0000.110      0
+00.9920  +23.5771  -0000.200      0
+00.9920  +23.5779  -0000.390      0
+00.9920  +23.5781  -0000.400      0
+00.9920  +23.5774  -0000.250      0
+00.9920  +23.5776  -0000.090      0
+00.9920  +23.5775  -0000.250      0
+00.9920  +23.5775  -0000.410      0
+00.9920  +23.5770  -0000.430      0
+00.9920  +23.5764  -0000.190      0
+00.9920  +23.5764  -0000.110      0
+00.9920  +23.5764  -0000.370      0
+00.9920  +23.5762  -0000.450      0
+00.9919  +23.5769  -0000.240      0
+00.9920  +23.5766  -0000.110      0
+00.9920  +23.5762  -0000.200      0
+00.9920  +23.5761  -0000.430      0
+00.9919  +23.5754  -0000.270      0
+00.9919  +23.5762  -0000.080      0
+00.9919  +23.5763  -0000.180      0
+00.9919  +23.5758  -0000.480      0
+00.9919  +23.5756  -0000.330      0
+00.9920  +23.5758  -0000.110      0
+00.9919  +23.5744  -0000.250      0
+00.9919  +23.5747  -0000.440      0
+00.9920  +23.5751  -0000.340      0
+00.9919  +23.5751  -0000.130      0
+00.9919  +23.5742  -0000.160      0
+00.9919  +23.5753  -0000.450      0
+00.9919  +23.5745  -0000.370      0
+00.9919  +23.5748  -0000.220      0
+00.9919  +23.5742  -0000.110      0
+00.9919  +23.5738  -0000.280      0
+00.9919  +23.5743  -0000.460      0
+00.9919  +23.5740  -0000.390      0
+00.9919  +23.5741  -0000.170      0
+00.9919  +23.5738  -0000.080      0
+00.9919  +23.5741  -0000.190      0
+00.9919  +23.5740  -0000.410      0
+00.9919  +23.5740  -0000.440      0
+00.9919  +23.5737  -0000.190      0
+00.9919  +23.5736  -0000.110      0
+00.9919  +23.5734  -0000.270      0
+00.9919  +23.5733  -0000.490      0
+00.9919  +23.5736  -0000.320      0
+00.9918  +23.5724  -0000.100      0
+00.9919  +23.5727  -0000.300      0
+00.9919  +23.5725  -0000.440      0
+00.9919  +23.5729  -0000.310      0
+00.9919  +23.5724  -0000.120      0
+00.9919  +23.5721  -0000.230      0
+00.9918  +23.5720  -0000.420      0
+00.9919  +23.5726  -0000.400      0
+00.9919  +23.5721  -0000.160      0
+00.9918  +23.5716  -0000.220      0
+00.9919  +23.5712  -0000.410      0
+00.9919  +23.5713  -0000.460      0
+00.9919  +23.5716  -0000.210      0
+00.9919  +23.5712  -0000.130      0
+00.9919  +23.5707  -0000.270      0
+00.9919  +23.5703  -0000.390      0
+00.9918  +23.5708  -0000.290      0
+00.9918  +23.5707  -0000.060      0
+00.9919  +23.5703  -0000.330      0
+00.9918  +23.5699  -0000.410      0
+00.9919  +23.5702  -0000.170      0
+00.9918  +23.5697  -0000.160      0
+00.9918  +23.5701  -0000.410      0
+00.9918  +23.5701  -0000.260      0
+00.9918  +23.5703  -0000.090      0
+00.9918  +23.5694  -0000.260      0
+00.9918  +23.5693  -0000.440      0
+00.9918  +23.5686  -0000.380      0
+00.9918  +23.5691  -0000.220      0
+00.9918  +23.5689  -0000.080      0
+00.9918  +23.5686  -0000.340      0
+00.9918  +23.5689  -0000.420      0
+00.9918  +23.5682  -0000.210      0
+00.9918  +23.5684  -0000.130      0
+00.9918  +23.5682  -0000.340      0
+00.9918  +23.5675  -0000.460      0
+00.9918  +23.5686  -0000.390      0
+00.9918  +23.5685  -0000.170      0
+00.9918  +23.5678  -0000.080      0
+00.9918  +23.5678  -0000.240      0
+00.9918  +23.5685  -0000.420      0
+00.9918  +23.5680  -0000.390      0
+00.9918  +23.5684  -0000.160      0
+00.9918  +23.5676  -0000.220      0
+00.9918  +23.5674  -0000.450      0
+00.9918  +23.5672  -0000.370      0
+00.9918  +23.5667  -0000.080      0
+00.9917  +23.5662  -0000.280      0
+00.9918  +23.5667  -0000.490      0
+00.9918  +23.5659  -0000.270      0
+00.9918  +23.5664  -0000.090      0
+00.9918  +23.5660  -0000.300      0
+00.9918  +23.5654  -0000.440      0
+00.9918  +23.5661  -0000.470      0
+00.9917  +23.5651  -0000.200      0
+00.9917  +23.5654  -0000.140      0
+00.9918  +23.5648  -0000.320      0
+00.9918  +23.5652  -0000.470      0
+00.9917  +23.5651  -0000.310      0
+00.9917  +23.5651  -0000.080      0
+00.9917  +23.5650  -0000.130      0
+00.9917  +23.5641  -0000.430      0
+00.9917  +23.5643  -0000.330      0
+00.9917  +23.5641  -0000.080      0
+00.9917  +23.5640  -0000.240      0
+00.9917  +23.5638  -0000.460      0
+00.9917  +23.5646  -0000.320      0
+00.9917  +23.5643  -0000.120      0
+00.9917  +23.5643  -0000.300      0
+00.9917  +23.5640  -0000.430      0
+00.9917  +23.5642  -0000.170      0
+00.9917  +23.5634  -0000.190      0
+00.9917  +23.5640  -0000.410      0
+00.9917  +23.5637  -0000.410      0
+00.9917  +23.5632  -0000.220      0
+00.9917  +23.5632  -0000.070      0
+00.9916  +23.5632  -0000.350      0
+00.9917  +23.5624  -0000.460      0
+00.9917  +23.5629  -0000.190      0
+00.9917  +23.5621  -0000.160      0
+00.9917  +23.5626  -0000.420      0
+00.9916  +23.5611  -0000.420      0
+00.9917  +23.5618  -0000.140      0
+00.9917  +23.5615  -0000.200      0
+00.9916  +23.5605  -0000.420      0
+00.9916  +23.5610  -0000.450      0
+00.9917  +23.5596  -0000.240      0
+00.9916  +23.5605  -0000.130      0
+00.9916  +23.5596  -0000.300      0
+00.9916  +23.5595  -0000.450      0
+00.9916  +23.5593  -0000.330      0
+00.9916  +23.5589  -0000.100      0
+00.9916  +23.5590  -0000.210      0
+00.9916  +23.5581  -0000.470      0
+00.9916  +23.5583  -0000.390      0
+00.9916  +23.5576  -0000.100      0
+00.9916  +23.5578  -0000.250      0
+00.9916  +23.5576  -0000.450      0
+00.9916  +23.5572  -0000.430      0
+00.9916  +23.5571  -0000.200      0
+00.9915  +23.5571  -0000.060      0
+00.9916  +23.5569  -0000.340      0
+00.9916  +23.5559  -0000.420      0
+00.9916  +23.5565  -0000.380      0
+00.9915  +23.5561  -0000.180      0
+00.9916  +23.5563  -0000.140      0
+00.9916  +23.5561  -0000.300      0
+00.9916  +23.5559  -0000.460      0
+00.9916  +23.5556  -0000.280      0
+00.9915  +23.5552  -0000.120      0
+00.9915  +23.5551  -0000.370      0
+00.9916  +23.5552  -0000.400      0
+00.9916  +23.5553  -0000.140      0
+00.9915  +23.5555  -0000.090      0
+00.9916  +23.5555  -0000.410      0
+00.9916  +23.5545  -0000.390      0
+00.9915  +23.5547  -0000.120      0
+00.9915  +23.5538  -0000.360      0
+00.9915  +23.5540  -0000.460      0
+00.9915  +23.5542  -0000.230      0
+00.9915  +23.5540  -0000.120      0
+00.9915  +23.5541  -0000.330      0
+00.9915  +23.5543  -0000.440      0
+00.9915  +23.5542  -0000.200      0
+00.9915  +23.5544  -0000.120      0
+00.9915  +23.5539  -0000.260      0
+00.9915  +23.5530  -0000.430      0
+00.9915  +23.5525  -0000.390      0
+00.9915  +23.5535  -0000.170      0
+00.9915  +23.5531  -0000.130      0
+00.9915  +23.5531  -0000.270      0
+00.9915  +23.5526  -0000.430      0
+00.9915  +23.5517  -0000.330      0
+00.9915  +23.5519  -0000.130      0
+00.9914  +23.5524  -0000.190      0
+00.9915  +23.5514  -0000.430      0
+00.9914  +23.5515  -0000.370      0
+00.9914  +23.5513  -0000.140      0
+00.9915  +23.5513  -0000.130      0
+00.9914  +23.5504  -0000.360      0
+00.9915  +23.5503  -0000.400      0
+00.9914  +23.5507  -0000.170      0
+00.9913  +23.5496  -0000.110      0
+00.9914  +23.5497  -0000.220      0
+00.9914  +23.5490  -0000.460      0
+00.9914  +23.5489  -0000.420      0
+00.9914  +23.5490  -0000.150      0
+00.9914  +23.5480  -0000.160      0
+00.9913  +23.5484  -0000.180      0
+00.9913  +23.5477  -0000.400      0
+00.9913  +23.5476  -0000.450      0
+00.9913  +23.5470  -0000.170      0
+00.9913  +23.5474  -0000.160      0
+00.9914  +23.5474  -0000.440      0
+00.9913  +23.5476  -0000.330      0
+00.9913  +23.5470  -0000.100      0
+00.9913  +23.5469  -0000.250      0
+00.9913  +23.5461  -0000.420      0
+00.9913  +23.5454  -0000.280      0
+00.9913  +23.5458  -0000.140      0
+00.9913  +23.5447  -0000.430      0
+00.9913  +23.5455  -0000.380      0
+00.9913  +23.5452  -0000.170      0
+00.9913  +23.5451  -0000.250      0
+00.9913  +23.5452  -0000.440      0
+00.9913  +23.5446  -0000.360      0
+00.9912  +23.5448  -0000.160      0
+00.9913  +23.5449  -0000.180      0
+00.9913  +23.5447  -0000.450      0
+00.9913  +23.5445  -0000.350      0
+00.9913  +23.5445  -0000.100      0
+00.9913  +23.5437  -0000.240      0
+00.9913  +23.5445  -0000.400      0
+00.9912  +23.5445  -0000.480      0
+00.9913  +23.5438  -0000.270      0
+00.9912  +23.5439  -0000.090      0
+00.9913  +23.5437  -0000.230      0
+00.9913  +23.5430  -0000.400      0
+00.9912  +23.5436  -0000.420      0
+00.9913  +23.5427  -0000.180      0
+00.9912  +23.5436  -0000.180      0
+00.9912  +23.5424  -0000.370      0
+00.9912  +23.5428  -0000.410      0
+00.9912  +23.5415  -0000.180      0
+00.9912  +23.5417  -0000.190      0
+00.9912  +23.5415  -0000.340      0
+00.9912  +23.5405  -0000.460      0
+00.9912  +23.5419  -0000.220      0
+00.9912  +23.5416  -0000.130      0
+00.9912  +23.5417  -0000.240      0
+00.9912  +23.5408  -0000.410      0
+00.9912  +23.5403  -0000.400      0
+00.9912  +23.5407  -0000.260      0
+00.9912  +23.5410  -0000.110      0
+00.9912  +23.5406  -0000.140      0
+00.9912  +23.5402  -0000.350      0
+00.9912  +23.5397  -0000.480      0
+00.9912  +23.5395  -0000.290      0
+00.9911  +23.5393  -0000.150      0
+00.9912  +23.5399  -0000.180      0
+00.9911  +23.5387  -0000.440      0
+00.9911  +23.5393  -0000.340      0
+00.9912  +23.5393  -0000.100      0
+00.9911  +23.5386  -0000.200      0
+00.9912  +23.5377  -0000.490      0
+00.9911  +23.5379  -0000.340      0
+00.9911  +23.5372  -0000.090      0
+00.9911  +23.5378  -0000.290      0
+00.9911  +23.5376  -0000.470      0
+00.9911  +23.5371  -0000.310      0
+00.9911  +23.5374  -0000.090      0
+00.9911  +23.5363  -0000.350      0
+00.9911  +23.5365  -0000.400      0
+00.9911  +23.5364  -0000.220      0
+00.9911  +23.5365  -0000.100      0
+00.9911  +23.5365  -0000.440      0
+00.9911  +23.5363  -0000.450      0
+00.9911  +23.5353  -0000.290      0
+00.9911  +23.5354  -0000.180      0
+00.9911  +23.5356  -0000.150      0
+00.9911  +23.5351  -0000.340      0
+00.9911  +23.5352  -0000.430      0
+00.9911  +23.5350  -0000.310      0
+00.9910  +23.5350  -0000.150      0
+00.9911  +23.5339  -0000.110      0
+00.9911  +23.5339  -0000.400      0
+00.9910  +23.5340  -0000.440      0
+00.9911  +23.5345  -0000.140      0
+00.9910  +23.5339  -0000.090      0
+00.9910  +23.5329  -0000.360      0
+00.9910  +23.5328  -0000.520      0
+00.9910  +23.5327  -0000.310      0
+00.9910  +23.5328  -0000.110      0
+00.9911  +23.5324  -0000.230      0
+00.9910  +23.5326  -0000.420      0
+00.9910  +23.5328  -0000.400      0
+00.9910  +23.5327  -0000.160      0
+00.9910  +23.5321  -0000.120      0
+00.9910  +23.5321  -0000.300      0
+00.9910  +23.5318  -0000.450      0
+00.9910  +23.5317  -0000.450      0
+00.9910  +23.5313  -0000.230      0
+00.9910  +23.5310  -0000.130      0
+00.9910  +23.5309  -0000.320      0
+00.9910  +23.5314  -0000.500      0
+00.9910  +23.5305  -0000.240      0
+00.9910  +23.5302  -0000.110      0
+00.9910  +23.5301  -0000.430      0
+00.9910  +23.5311  -0000.390      0
+00.9910  +23.5299  -0000.120      0
+00.9910  +23.5298  -0000.310      0
+00.9909  +23.5296  -0000.440      0
+00.9910  +23.5292  -0000.200      0
+00.9910  +23.5292  -0000.080      0
+00.9910  +23.5300  -0000.370      0
+00.9910  +23.5295  -0000.440      0
+00.9910  +23.5289  -0000.240      0
+00.9910  +23.5286  -0000.130      0
+00.9910  +23.5291  -0000.290      0
+00.9910  +23.5285  -0000.440      0
+00.9909  +23.5282  -0000.270      0
+00.9910  +23.5283  -0000.070      0
+00.9909  +23.5279  -0000.270      0
+00.9909  +23.5274  -0000.480      0
+00.9909  +23.5273  -0000.340      0
+00.9909  +23.5273  -0000.150      0
+00.9909  +23.5269  -0000.130      0
+00.9909  +23.5265  -0000.240      0
+00.9909  +23.5262  -0000.470      0
+00.9909  +23.5262  -0000.370      0
+00.9909  +23.5255  -0000.150      0
+00.9909  +23.5252  -0000.210      0
+00.9909  +23.5254  -0000.390      0
+00.9909  +23.5253  -0000.430      0
+00.9909  +23.5248  -0000.260      0
+00.9908  +23.5238  -0000.100      0
+00.9909  +23.5238  -0000.400      0
+00.9908  +23.5240  -0000.390      0
+00.9908  +23.5241  -0000.190      0
+00.9908  +23.5234  -0000.130      0
+00.9908  +23.5229  -0000.310      0
+00.9908  +23.5228  -0000.420      0
+00.9908  +23.5224  -0000.290      0
+00.9908  +23.5219  -0000.090      0
+00.9908  +23.5218  -0000.210      0
+00.9908  +23.5213  -0000.380      0
+00.9908  +23.5211  -0000.430      0
+00.9908  +23.5207  -0000.290      0
+00.9908  +23.5199  -0000.130      0
+00.9908  +23.5206  -0000.170      0
+00.9908  +23.5202  -0000.380      0
+00.9908  +23.5199  -0000.420      0
+00.9908  +23.5192  -0000.250      0
+00.9907  +23.5195  -0000.080      0
+00.9907  +23.5197  -0000.310      0
+00.9907  +23.5191  -0000.470      0
+00.9907  +23.5187  -0000.320      0
+00.9907  +23.5188  -0000.110      0
+00.9907  +23.5184  -0000.440      0
+00.9907  +23.5182  -0000.330      0
+00.9907  +23.5177  -0000.150      0
+00.9908  +23.5173  -0000.240      0
+00.9907  +23.5171  -0000.430      0
+00.9907  +23.5172  -0000.260      0
+00.9907  +23.5169  -0000.060      0
+00.9907  +23.5171  -0000.320      0
+00.9907  +23.5168  -0000.460      0
+00.9907  +23.5160  -0000.370      0
+00.9907  +23.5157  -0000.180      0
+00.9907  +23.5155  -0000.140      0
+00.9907  +23.5145  -0000.380      0
+00.9907  +23.5151  -0000.440      0
+00.9907  +23.5146  -0000.200      0
+00.9906  +23.5150  -0000.150      0
+00.9907  +23.5148  -0000.350      0
+00.9907  +23.5144  -0000.470      0
+00.9906  +23.5138  -0000.340      0
+00.9906  +23.5137  -0000.130      0
+00.9906  +23.5135  -0000.190      0
+00.9906  +23.5138  -0000.340      0
+00.9907  +23.5129  -0000.430      0
+00.9906  +23.5135  -0000.230      0
+00.9906  +23.5126  -0000.090      0
+00.9906  +23.5121  -0000.230      0
+00.9906  +23.5120  -0000.440      0
+00.9906  +23.5120  -0000.240      0
+00.9906  +23.5115  -0000.140      0
+00.9906  +23.5113  -0000.170      0
+00.9906  +23.5110  -0000.430      0
+00.9906  +23.5111  -0000.360      0
+00.9906  +23.5117  -0000.210      0
+00.9906  +23.5108  -0000.090      0
+00.9906  +23.5097  -0000.320      0
+00.9905  +23.5101  -0000.480      0
+00.9906  +23.5090  -0000.340      0
+00.9906  +23.5098  -0000.150      0
+00.9905  +23.5090  -0000.120      0
+00.9906  +23.5087  -0000.410      0
+00.9905  +23.5089  -0000.410      0
+00.9905  +23.5085  -0000.190      0
+00.9906  +23.5078  -0000.160      0
+00.9905  +23.5076  -0000.380      0
+00.9905  +23.5078  -0000.460      0
+00.9905  +23.5070  -0000.330      0
+00.9905  +23.5072  -0000.150      0
+00.9905  +23.5071  -0000.310      0
+00.9905  +23.5070  -0000.460      0
+00.9905  +23.5065  -0000.260      0
+00.9905  +23.5060  -0000.120      0
+00.9905  +23.5059  -0000.330      0
+00.9905  +23.5058  -0000.450      0
+00.9905  +23.5057  -0000.170      0
+00.9905  +23.5057  -0000.240      0
+00.9905  +23.5057  -0000.460      0
+00.9905  +23.5045  -0000.410      0
+00.9904  +23.5043  -0000.170      0
+00.9905  +23.5043  -0000.230      0
+00.9905  +23.5037  -0000.420      0
+00.9904  +23.5041  -0000.400      0
+00.9904  +23.5032  -0000.140      0
+00.9904  +23.5029  -0000.230      0
+00.9904  +23.5031  -0000.440      0
+00.9904  +23.5028  -0000.370      0
+00.9904  +23.5028  -0000.200      0
+00.9904  +23.5024  -0000.120      0
+00.9904  +23.5014  -0000.370      0
+00.9904  +23.5018  -0000.430      0
+00.9904  +23.5016  -0000.360      0
+00.9904  +23.5016  -0000.160      0
+00.9904  +23.5015  -0000.120      0
+00.9904  +23.5008  -0000.280      0
+00.9904  +23.5008  -0000.500      0
+00.9904  +23.5011  -0000.300      0
+00.9904  +23.5011  -0000.130      0
+00.9904  +23.4998  -0000.220      0
+00.9904  +23.5006  -0000.410      0
+00.9904  +23.5002  -0000.420      0
+00.9903  +23.5000  -0000.110      0
+00.9903  +23.4999  -0000.200      0
+00.9903  +23.4999  -0000.430      0
+00.9903  +23.4996  -0000.440      0
+00.9904  +23.4983  -0000.200      0
+00.9904  +23.4984  -0000.090      0
+00.9903  +23.4973  -0000.240      0
+00.9904  +23.4978  -0000.420      0
+00.9903  +23.4973  -0000.440      0
+00.9903  +23.4971  -0000.230      0
+00.9903  +23.4968  -0000.100      0
+00.9903  +23.4963  -0000.300      0
+00.9902  +23.4971  -0000.480      0
+00.9903  +23.4965  -0000.290      0
+00.9903  +23.4962  -0000.110      0
+00.9902  +23.4958  -0000.220      0
+00.9902  +23.4961  -0000.510      0
+00.9902  +23.4952  -0000.240      0
+00.9903  +23.4952  -0000.140      0
+00.9902  +23.4950  -0000.350      0
+00.9902  +23.4952  -0000.390      0
+00.9902  +23.4941  -0000.140      0
+00.9902  +23.4943  -0000.140      0
+00.9902  +23.4931  -0000.440      0
+00.9902  +23.4929  -0000.380      0
+00.9902  +23.4937  -0000.140      0
+00.9902  +23.4944  -0000.220      0
+00.9902  +23.4930  -0000.420      0
+00.9902  +23.4924  -0000.290      0
+00.9902  +23.4918  -0000.120      0
+00.9902  +23.4918  -0000.140      0
+00.9902  +23.4920  -0000.370      0
+00.9902  +23.4917  -0000.400      0
+00.9902  +23.4920  -0000.210      0
+00.9902  +23.4922  -0000.130      0
+00.9902  +23.4903  -0000.340      0
+00.9901  +23.4910  -0000.460      0
+00.9901  +23.4902  -0000.300      0
+00.9902  +23.4906  -0000.100      0
+00.9901  +23.4904  -0000.140      0
+00.9901  +23.4894  -0000.380      0
+00.9901  +23.4897  -0000.430      0
+00.9901  +23.4887  -0000.380      0
+00.9901  +23.4891  -0000.200      0
+00.9901  +23.4893  -0000.180      0
+00.9901  +23.4892  -0000.360      0
+00.9901  +23.4887  -0000.380      0
+00.9901  +23.4888  -0000.170      0
+00.9901  +23.4886  -0000.170      0
+00.9901  +23.4876  -0000.420      0
+00.9901  +23.4880  -0000.450      0
+00.9901  +23.4871  -0000.280      0
+00.9901  +23.4879  -0000.150      0
+00.9901  +23.4878  -0000.240      0
+00.9901  +23.4872  -0000.370      0
+00.9901  +23.4859  -0000.480      0
+00.9901  +23.4862  -0000.180      0
+00.9900  +23.4852  -0000.130      0
+00.9900  +23.4850  -0000.240      0
+00.9900  +23.4847  -0000.480      0
+00.9900  +23.4855  -0000.290      0
+00.9900  +23.4853  -0000.160      0
+00.9900  +23.4849  -0000.280      0
+00.9900  +23.4844  -0000.430      0
+00.9900  +23.4844  -0000.150      0
+00.9900  +23.4843  -0000.120      0
+00.9900  +23.4839  -0000.430      0
+00.9900  +23.4841  -0000.440      0
+00.9900  +23.4839  -0000.150      0
+00.9900  +23.4838  -0000.140      0
+00.9900  +23.4839  -0000.420      0
+00.9900  +23.4838  -0000.360      0
+00.9900  +23.4827  -0000.140      0
+00.9900  +23.4832  -0000.210      0
+00.9900  +23.4825  -0000.480      0
+00.9900  +23.4826  -0000.350      0
+00.9900  +23.4831  -0000.130      0
+00.9900  +23.4823  -0000.310      0
+00.9900  +23.4822  -0000.480      0
+00.9899  +23.4823  -0000.190      0
+00.9900  +23.4817  -0000.080      0
+00.9900  +23.4819  -0000.390      0
+00.9899  +23.4816  -0000.370      0
+00.9900  +23.4818  -0000.140      0
+00.9899  +23.4808  -0000.230      0
+00.9900  +23.4808  -0000.430      0
+00.9900  +23.4804  -0000.380      0
+00.9899  +23.4806  -0000.140      0
+00.9900  +23.4796  -0000.160      0
+00.9899  +23.4808  -0000.330      0
+00.9899  +23.4798  -0000.440      0
+00.9899  +23.4792  -0000.380      0
+00.9899  +23.4796  -0000.170      0
+00.9899  +23.4799  -0000.210      0
+00.9899  +23.4798  -0000.450      0
+00.9899  +23.4791  -0000.460      0
+00.9899  +23.4789  -0000.210      0
+00.9899  +23.4790  -0000.090      0
+00.9899  +23.4790  -0000.220      0
+00.9899  +23.4779  -0000.410      0
+00.9899  +23.4779  -0000.400      0
+00.9899  +23.4774  -0000.160      0
+00.9899  +23.4779  -0000.160      0
+00.9898  +23.4770  -0000.360      0
+00.9899  +23.4772  -0000.410      0
+00.9899  +23.4766  -0000.350      0
+00.9898  +23.4773  -0000.080      0
+00.9899  +23.4766  -0000.250      0
+00.9899  +23.4765  -0000.430      0
+00.9899  +23.4768  -0000.350      0
+00.9899  +23.4761  -0000.110      0
+00.9898  +23.4757  -0000.280      0
+00.9898  +23.4757  -0000.450      0
+00.9898  +23.4755  -0000.170      0
+00.9898  +23.4750  -0000.200      0
+00.9898  +23.4751  -0000.430      0
+00.9898  +23.4754  -0000.330      0
+00.9898  +23.4750  -0000.100      0
+00.9898  +23.4743  -0000.370      0
+00.9898  +23.4742  -0000.360      0
+00.9898  +23.4750  -0000.150      0
+00.9898  +23.4742  -0000.160      0
+00.9898  +23.4738  -0000.420      0
+00.9898  +23.4740  -0000.420      0
+00.9898  +23.4738  -0000.130      0
+00.9898  +23.4738  -0000.160      0
+00.9898  +23.4745  -0000.440      0
+00.9898  +23.4738  -0000.380      0
+00.9898  +23.4732  -0000.220      0
+00.9898  +23.4732  -0000.160      0
+00.9898  +23.4728  -0000.320      0
+00.9898  +23.4732  -0000.420      0
+00.9897  +23.4726  -0000.170      0
+00.9898  +23.4726  -0000.140      0
+00.9898  +23.4725  -0000.320      0
+00.9898  +23.4718  -0000.460      0
+00.9897  +23.4716  -0000.230      0
+00.9898  +23.4716  -0000.100      0
+00.9898  +23.4714  -0000.270      0
+00.9897  +23.4713  -0000.430      0
+00.9897  +23.4704  -0000.320      0
+00.9898  +23.4711  -0000.130      0
+00.9898  +23.4717  -0000.180      0
+00.9898  +23.4713  -0000.410      0
+00.9897  +23.4705  -0000.460      0
+00.9897  +23.4707  -0000.260      0
+00.9897  +23.4711  -0000.110      0
+00.9897  +23.4711  -0000.110      0
+00.9897  +23.4696  -0000.320      0
+00.9897  +23.4703  -0000.490      0
+00.9897  +23.4699  -0000.260      0
+00.9897  +23.4698  -0000.110      0
+00.9897  +23.4699  -0000.270      0
+00.9897  +23.4694  -0000.400      0
+00.9897  +23.4697  -0000.130      0
+00.9897  +23.4693  -0000.130      0
+00.9897  +23.4692  -0000.390      0
+00.9897  +23.4684  -0000.490      0
+00.9897  +23.4683  -0000.170      0
+00.9897  +23.4687  -0000.140      0
+00.9897  +23.4690  -0000.470      0
+00.9897  +23.4685  -0000.340      0
+00.9897  +23.4681  -0000.140      0
+00.9897  +23.4681  -0000.350      0
+00.9896  +23.4677  -0000.490      0
+00.9897  +23.4676  -0000.220      0
+00.9897  +23.4679  -0000.100      0
+00.9897  +23.4676  -0000.350      0
+00.9896  +23.4674  -0000.460      0
+00.9897  +23.4667  -0000.180      0
+00.9896  +23.4674  -0000.180      0
+00.9896  +23.4673  -0000.370      0
+00.9897  +23.4664  -0000.460      0
+00.9896  +23.4672  -0000.190      0
+00.9896  +23.4666  -0000.130      0
+00.9897  +23.4658  -0000.430      0
+00.9896  +23.4662  -0000.350      0
+00.9897  +23.4661  -0000.090      0
+00.9896  +23.4657  -0000.420      0
+00.9897  +23.4662  -0000.270      0
+00.9897  +23.4659  -0000.220      0
+00.9896  +23.4660  -0000.430      0
+00.9896  +23.4656  -0000.100      0
+00.9896  +23.4656  -0000.490      0
+00.9896  +23.4653  -0000.250      0
+00.9896  +23.4655  -0000.190      0
+00.9896  +23.4655  -0000.450      0
+00.9896  +23.4647  -0000.200      0
+00.9896  +23.4649  -0000.070      0
+00.9896  +23.4650  -0000.430      0
+00.9896  +23.4650  -0000.310      0
+00.9896  +23.4649  -0000.090      0
+00.9896  +23.4650  -0000.430      0
+00.9896  +23.4647  -0000.170      0
+00.9896  +23.4646  -0000.250      0
+00.9896  +23.4644  -0000.410      0
+00.9896  +23.4655  -0000.080      0
+00.9896  +23.4645  -0000.410      0
+00.9896  +23.4632  -0000.300      0
+00.9896  +23.4634  -0000.060      0
+00.9896  +23.4635  -0000.460      0
+00.9896  +23.4641  -0000.190      0
+00.9896  +23.4639  -0000.230      0
+00.9896  +23.4641  -0000.450      0
+00.9896  +23.4633  -0000.120      0
+00.9896  +23.4637  -0000.420      0
+00.9896  +23.4639  -0000.300      0
+00.9896  +23.4633  -0000.160      0
+00.9896  +23.4632  -0000.400      0
+00.9896  +23.4630  -0000.370      0
+00.9896  +23.4630  -0000.110      0
+00.9896  +23.4629  -0000.330      0
+00.9896  +23.4620  -0000.430      0
+00.9896  +23.4623  -0000.220      0
+00.9896  +23.4624  -0000.190      0
+00.9896  +23.4623  -0000.430      0
+00.9896  +23.4618  -0000.350      0
+00.9896  +23.4618  -0000.160      0
+00.9896  +23.4620  -0000.390      0
+00.9896  +23.4612  -0000.460      0
+00.9896  +23.4622  -0000.230      0
+00.9896  +23.4616  -0000.220      0
+00.9896  +23.4615  -0000.390      0
+00.9896  +23.4616  -0000.390      0
+00.9895  +23.4613  -0000.220      0
+00.9896  +23.4618  -0000.180      0
+00.9896  +23.4612  -0000.380      0
+00.9896  +23.4609  -0000.360      0
+00.9895  +23.4610  -0000.150      0
+00.9896  +23.4609  -0000.240      0
+00.9895  +23.4610  -0000.400      0
+00.9895  +23.4609  -0000.210      0
+00.9895  +23.4610  -0000.090      0
+00.9895  +23.4605  -0000.430      0
+00.9895  +23.4605  -0000.370      0
+00.9896  +23.4598  -0000.150      0
+00.9896  +23.4606  -0000.390      0
+00.9895  +23.4599  -0000.330      0
+00.9895  +23.4602  -0000.150      0
+00.9895  +23.4598  -0000.460      0
+00.9895  +23.4597  -0000.380      0
+00.9896  +23.4591  -0000.090      0
+00.9895  +23.4592  -0000.380      0
+00.9895  +23.4590  -0000.420      0
+00.9895  +23.4594  -0000.120      0
+00.9896  +23.4586  -0000.290      0
+00.9896  +23.4590  -0000.440      0
+00.9895  +23.4592  -0000.180      0
+00.9895  +23.4593  -0000.180      0
+00.9896  +23.4591  -0000.450      0
+00.9895  +23.4582  -0000.340      0
+00.9895  +23.4580  -0000.180      0
+00.9895  +23.4591  -0000.200      0
+00.9895  +23.4584  -0000.490      0
+00.9895  +23.4583  -0000.240      0
+00.9895  +23.4581  -0000.160      0
+00.9895  +23.4586  -0000.260      0
+00.9895  +23.4582  -0000.380      0
+00.9895  +23.4581  -0000.160      0
+00.9895  +23.4581  -0000.180      0
+00.9895  +23.4580  -0000.370      0
+00.9895  +23.4574  -0000.380      0
+00.9895  +23.4578  -0000.160      0
+00.9895  +23.4580  -0000.260      0
+00.9895  +23.4580  -0000.360      0
+00.9895  +23.4574  -0000.410      0
+00.9895  +23.4579  -0000.070      0
+00.9895  +23.4576  -0000.160      0
+00.9895  +23.4575  -0000.400      0
+00.9895  +23.4574  -0000.410      0
+00.9895  +23.4577  -0000.230      0
+00.9895  +23.4574  -0000.130      0
+00.9895  +23.4573  -0000.390      0
+00.9895  +23.4570  -0000.420      0
+00.9895  +23.4570  -0000.360      0
+00.9895  +23.4570  -0000.140      0
+00.9895  +23.4572  -0000.330      0
+00.9895  +23.4573  -0000.460      0
+00.9895  +23.4573  -0000.270      0
+00.9895  +23.4572  -0000.140      0
+00.9895  +23.4566  -0000.390      0
+00.9894  +23.4572  -0000.410      0
+00.9895  +23.4567  -0000.130      0
+00.9894  +23.4567  -0000.210      0
+00.9895  +23.4566  -0000.490      0
+00.9894  +23.4563  -0000.270      0
+00.9895  +23.4566  -0000.150      0
+00.9895  +23.4570  -0000.250      0
+00.9895  +23.4567  -0000.450      0
+00.9895  +23.4567  -0000.240      0
+00.9895  +23.4565  -0000.090      0
+00.9895  +23.4568  -0000.140      0
+00.9895  +23.4561  -0000.460      0
+00.9895  +23.4564  -0000.380      0
+00.9895  +23.4564  -0000.150      0
+00.9894  +23.4570  -0000.270      0
+00.9895  +23.4573  -0000.450      0
+00.9894  +23.4564  -0000.300      0
+00.9894  +23.4559  -0000.160      0
+00.9894  +23.4561  -0000.210      0
+00.9895  +23.4566  -0000.360      0
+00.9895  +23.4560  -0000.370      0
+00.9895  +23.4556  -0000.240      0
+00.9894  +23.4557  -0000.100      0
+00.9894  +23.4547  -0000.370      0
+00.9894  +23.4559  -0000.440      0
+00.9894  +23.4556  -0000.260      0
+00.9895  +23.4556  -0000.130      0
+00.9895  +23.4550  -0000.210      0
+00.9894  +23.4550  -0000.390      0
+00.9895  +23.4552  -0000.490      0
+00.9894  +23.4555  -0000.370      0
+00.9894  +23.4552  -0000.120      0
+00.9894  +23.4552  -0000.150      0
+00.9894  +23.4552  -0000.300      0
+00.9894  +23.4550  -0000.430      0
+00.9894  +23.4539  -0000.440      0
+00.9894  +23.4540  -0000.200      0
+00.9894  +23.4539  -0000.130      0
+00.9894  +23.4538  -0000.400      0
+00.9894  +23.4537  -0000.480      0
+00.9894  +23.4534  -0000.240      0
+00.9894  +23.4538  -0000.100      0
+00.9894  +23.4540  -0000.360      0
+00.9894  +23.4540  -0000.430      0
+00.9895  +23.4547  -0000.210      0
+00.9894  +23.4544  -0000.100      0
+00.9894  +23.4531  -0000.360      0
+00.9894  +23.4535  -0000.500      0
+00.9894  +23.4535  -0000.190      0
+00.9894  +23.4530  -0000.150      0
+00.9894  +23.4530  -0000.360      0
+00.9894  +23.4522  -0000.460      0
+00.9894  +23.4530  -0000.190      0
+00.9894  +23.4529  -0000.110      0
+00.9894  +23.4526  -0000.370      0
+00.9894  +23.4528  -0000.410      0
+00.9894  +23.4517  -0000.220      0
+00.9894  +23.4527  -0000.150      0
+00.9894  +23.4518  -0000.330      0
+00.9894  +23.4518  -0000.470      0
+00.9894  +23.4514  -0000.240      0
+00.9894  +23.4520  -0000.120      0
+00.9894  +23.4522  -0000.160      0
+00.9894  +23.4517  -0000.430      0
+00.9894  +23.4522  -0000.380      0

Profile 0

 CTD turned on at 06/24/2013 23:00:04
CTD turned off at 06/25/2013 02:17:00
